0.0;10514432;0
0.0;10514432;0
0.0;10514432;0
0.0;10514432;0
28.7;17412096;0
99.7;26697728;0
99.7;26701824;0
99.4;26759168;0
100.3;26775552;0
116.4;31916032;0
216.1;43257856;0
200.7;43380736;0
199.5;43393024;0
199.5;43429888;0
216.1;51179520;0
258.0;59527168;0
199.5;59592704;0
201.6;59580416;0
198.9;59576320;0
200.7;47030272;0
199.5;43667456;0
201.6;43692032;0
199.5;43765760;0
200.7;43720704;0
199.5;43843584;0
266.0;59846656;0
198.9;59858944;0
200.7;59879424;0
199.5;59834368;0
199.5;59920384;0
258.0;92098560;0
198.9;92098560;0
200.7;92106752;0
199.5;92119040;0
168.0;76083200;0
282.6;92336128;0
200.7;92336128;0
199.5;92336128;0
199.5;92336128;0
199.5;92344320;0
157.7;76312576;0
232.7;71688192;0
216.1;92413952;0
201.6;92413952;0
198.9;92467200;0
200.7;92467200;0
198.9;92467200;0
201.6;92438528;0
199.5;92463104;0
199.5;92459008;0
243.7;68321280;0
227.3;83533824;0
199.5;83410944;0
199.5;83476480;0
201.6;83435520;0
198.9;83382272;0
200.7;83472384;0
199.5;83476480;0
199.5;83476480;0
315.8;95739904;0
344.0;145203200;0
301.0;167043072;0
298.3;186175488;0
301.0;207187968;0
299.2;222085120;0
299.2;241360896;0
282.6;259645440;0
301.0;278556672;0
301.0;280506368;0
326.7;297058304;0
298.3;331190272;0
299.2;351559680;0
302.4;370831360;0
299.2;387964928;0
301.0;406069248;0
298.3;423530496;0
299.2;440958976;0
286.7;442236928;0
255.7;437923840;151
286.7;463196160;596
301.0;463196160;724
298.3;463200256;659
301.0;463200256;685
198.9;463167488;0
215.0;446238720;0
201.6;463953920;0
198.9;463953920;0
200.7;463953920;0
200.7;463953920;0
198.9;463953920;0
199.5;463953920;0
199.5;463949824;0
168.0;445825024;0
255.7;463945728;0
200.7;463937536;0
200.7;463937536;0
199.5;463937536;0
199.5;463937536;0
199.5;463937536;0
200.7;463937536;0
198.9;463937536;0
168.0;463937536;0
199.5;463937536;0
199.5;463937536;0
166.2;447901696;0
229.4;457478144;0
200.7;463970304;0
255.7;464441344;0
201.6;464498688;0
199.5;464498688;0
199.5;464498688;0
199.5;464498688;0
199.5;464498688;0
201.6;464494592;0
199.5;464494592;0
200.7;464494592;0
200.7;464494592;0
198.9;464494592;0
199.5;464490496;0
199.5;455155712;0
201.6;455155712;0
258.0;453464064;0
337.5;521318400;0
299.2;543653888;0
299.2;566689792;0
302.4;582856704;0
301.0;604639232;0
298.3;627798016;0
299.2;649416704;0
301.0;672813056;0
298.3;690425856;0
301.0;715472896;0
301.0;738304000;0
298.3;761831424;0
301.0;784957440;0
299.2;807608320;0
299.2;829685760;0
229.4;799973376;0
358.4;822657024;0
286.7;842924032;0
299.2;603381760;0
232.7;466169856;0
201.6;466182144;0
199.5;466182144;0
199.5;466182144;0
201.6;466182144;0
199.5;466182144;0
199.5;466182144;0
199.5;466210816;0
199.5;466210816;0
201.6;466239488;0
198.9;466251776;0
186.4;450215936;0
258.0;467390464;0
198.9;467390464;0
157.7;459853824;0
266.0;467570688;0
199.5;467570688;0
201.6;467570688;0
199.5;467570688;0
199.5;467570688;0
201.6;467570688;0
199.5;467570688;0
199.5;467570688;0
199.5;467570688;0
199.5;467570688;0
201.6;467570688;0
199.5;467570688;0
182.8;436277248;0
268.8;467656704;0
199.5;467656704;0
199.5;467685376;0
199.5;467697664;0
199.5;467697664;0
201.6;467689472;0
199.5;467718144;0
133.0;451710976;0
268.8;467861504;0
199.5;467861504;0
199.5;467861504;0
199.5;467861504;0
199.5;467861504;0
201.6;467861504;0
182.8;467861504;0
182.8;440537088;0
215.0;458670080;0
186.4;458670080;0
199.5;458670080;0
199.5;458682368;0
199.5;458694656;0
199.5;458706944;0
134.4;442671104;0
344.0;466563072;0
315.4;523104256;0
298.3;547921920;0
301.0;571248640;0
272.4;587071488;0
299.2;614264832;0
299.2;639459328;0
299.2;663912448;0
299.2;683249664;0
300.0;708186112;0
272.4;728879104;0
300.0;735809536;0
299.2;772612096;0
301.0;790142976;0
301.0;806244352;0
299.2;822673408;0
299.2;838537216;0
301.0;842588160;0
301.0;842592256;0
249.3;826560512;0
149.6;573222912;0
382.3;470257664;0
199.5;470257664;0
201.6;470257664;0
199.5;470257664;0
166.2;448901120;0
243.7;471220224;0
186.4;471220224;0
198.9;471220224;0
200.7;471220224;0
198.9;471220224;0
200.7;471220224;0
200.7;471220224;0
199.5;471220224;0
199.5;471220224;0
201.6;471220224;0
166.2;470491136;0
255.7;471326720;0
200.7;471326720;0
184.7;455290880;0
186.4;447176704;0
235.2;471334912;0
199.5;471347200;0
199.5;471347200;0
201.6;471347200;0
199.5;471347200;0
198.9;471347200;0
200.7;471347200;0
198.9;471347200;0
200.7;471347200;0
201.6;471347200;0
199.5;471347200;0
199.5;471347200;0
201.6;471347200;0
199.5;471347200;0
255.7;471388160;0
143.3;455352320;0
241.5;462090240;0
199.5;462090240;0
201.6;462090240;0
199.5;462090240;0
199.5;462090240;0
184.8;462090240;0
199.5;462090240;0
199.5;462090240;0
200.7;462090240;0
198.9;462090240;0
200.7;462090240;0
200.7;462090240;0
166.2;446058496;0
133.0;422785024;0
302.4;471953408;0
344.0;540676096;0
299.2;564248576;0
298.3;585920512;0
299.2;606076928;0
302.4;629489664;0
301.0;652406784;0
299.2;675770368;0
299.2;692584448;0
301.0;716935168;0
275.0;739033088;0
272.4;759001088;0
298.3;783081472;0
255.7;789745664;0
326.7;820441088;0
301.0;837656576;0
302.4;845774848;0
266.0;845778944;0
299.2;816680960;0
299.2;605675520;0
249.3;475017216;0
200.7;475017216;0
201.6;475017216;0
199.5;475017216;0
199.5;475017216;0
200.7;475017216;0
199.5;475017216;0
199.5;475017216;0
201.6;475017216;0
200.7;475017216;0
198.9;475017216;0
200.7;475017216;0
134.4;458985472;0
184.7;476250112;0
114.7;468676608;0
266.0;476336128;0
199.5;476336128;0
