0.0;10493952;0
0.0;10493952;0
0.0;10493952;0
0.0;10493952;0
99.7;26664960;0
100.3;26714112;0
99.7;26734592;0
99.7;26750976;0
99.7;26755072;0
215.0;43040768;0
199.5;43323392;0
199.5;43372544;0
200.7;43380736;0
199.5;43438080;0
282.6;59486208;0
199.5;59502592;0
200.7;59473920;0
199.5;59502592;0
201.6;59613184;0
241.5;75628544;0
133.0;55050240;0
199.5;43606016;0
201.6;43646976;0
198.9;43737088;0
268.8;56483840;0
216.1;59928576;0
199.5;59928576;0
198.9;59928576;0
201.6;59944960;0
216.1;73334784;0
199.5;92127232;0
200.7;92127232;0
198.9;92135424;0
199.5;92123136;0
182.8;92127232;0
151.2;65527808;0
241.5;92266496;0
200.7;92266496;0
182.8;76230656;0
166.2;60289024;0
213.1;66863104;0
243.7;92413952;0
200.7;92413952;0
198.9;92413952;0
200.7;92413952;0
200.7;92418048;0
198.9;92422144;0
199.5;92442624;0
199.5;92585984;0
201.6;92672000;0
133.0;61915136;0
232.7;83386368;0
200.7;83398656;0
199.5;83415040;0
199.5;83529728;0
199.5;83644416;0
200.7;83685376;0
198.9;83705856;0
201.6;83705856;0
166.2;67674112;0
229.4;79368192;0
365.7;145076224;0
299.2;166920192;0
299.2;186867712;0
301.0;207257600;0
298.3;221540352;0
302.4;240996352;0
299.2;260493312;0
299.2;278704128;0
237.5;296038400;0
272.4;310059008;0
299.2;325636096;0
249.3;329326592;0
258.0;360378368;0
282.6;375713792;0
301.0;393621504;0
286.7;409305088;0
298.3;426487808;0
215.0;417136640;0
332.4;463470592;0
298.3;461623296;230
302.4;461623296;763
299.2;461623296;704
299.2;461623296;644
258.0;461594624;474
198.9;461660160;0
199.5;461660160;0
199.5;461795328;0
201.6;461795328;0
249.3;462983168;0
200.7;462983168;0
200.7;462983168;0
198.9;462983168;0
199.5;462983168;0
199.5;462983168;0
201.6;462983168;0
198.9;462983168;0
200.7;462983168;0
199.5;462987264;0
199.5;462987264;0
199.5;462987264;0
216.1;439689216;0
184.8;447012864;0
184.7;441495552;0
215.0;463060992;0
200.7;463060992;0
198.9;463093760;0
199.5;463093760;0
199.5;463093760;0
134.4;447062016;0
249.3;463138816;0
199.5;463138816;0
200.7;463138816;0
198.9;463138816;0
200.7;463138816;0
199.5;463138816;0
201.6;463138816;0
199.5;463138816;0
199.5;463138816;0
201.6;463138816;0
199.5;463138816;0
182.8;447102976;0
216.1;454320128;0
199.5;454320128;0
200.7;454320128;0
198.9;454320128;0
200.7;454320128;0
200.7;454320128;0
199.5;454320128;0
199.5;454320128;0
199.5;454320128;0
151.2;431452160;0
386.4;487866368;0
315.8;532643840;0
299.2;558546944;0
302.4;581902336;0
301.0;599859200;0
299.2;625225728;0
299.2;650354688;0
298.3;674324480;0
286.7;662777856;0
315.8;713580544;0
299.2;731947008;0
302.4;749989888;0
299.2;766898176;0
299.2;784424960;0
302.4;802074624;0
266.0;817152000;0
282.6;832131072;0
282.6;841342976;0
284.1;841347072;0
301.0;841347072;0
215.0;504655872;0
184.7;475541504;0
149.6;459509760;0
252.0;444252160;0
266.0;477241344;0
199.5;477241344;0
199.5;477241344;0
199.5;477241344;0
200.7;477241344;0
198.9;477237248;0
199.5;477237248;0
201.6;477237248;0
199.5;477237248;0
199.5;477237248;0
199.5;477237248;0
199.5;477237248;0
201.6;477237248;0
199.5;477237248;0
199.5;477237248;0
201.6;477237248;0
166.2;451321856;0
232.7;477384704;0
199.5;477384704;0
199.5;477384704;0
252.0;458919936;0
215.0;477548544;0
198.9;477548544;0
200.7;477548544;0
201.6;477548544;0
198.9;477548544;0
200.7;477552640;0
170.5;477552640;0
199.5;477552640;0
201.6;477552640;0
198.9;477552640;0
200.7;477552640;0
201.6;477552640;0
182.8;477552640;0
199.5;477552640;0
199.5;477552640;0
186.4;461516800;0
285.6;477614080;0
199.5;477614080;0
199.5;477614080;0
201.6;477614080;0
199.5;450473984;0
232.7;468414464;0
199.5;468414464;0
199.5;468414464;0
201.6;468414464;0
199.5;468414464;0
199.5;468414464;0
200.7;468414464;0
199.5;468414464;0
198.9;468414464;0
200.7;468414464;0
198.9;468414464;0
229.4;448405504;0
301.0;541536256;0
298.3;565940224;0
301.0;584503296;0
301.0;610922496;0
299.2;635621376;0
299.2;658264064;0
302.4;679800832;0
299.2;683417600;0
349.1;718802944;0
301.0;741027840;0
298.3;764641280;0
299.2;787808256;0
302.4;810541056;0
299.2;831557632;0
299.2;843829248;0
301.0;843829248;0
286.7;843829248;0
182.8;529522688;0
199.5;474419200;0
149.6;443273216;0
241.5;475537408;0
200.7;475537408;0
200.7;475537408;0
198.9;475537408;0
199.5;475537408;0
201.6;475537408;0
199.5;475537408;0
199.5;475537408;0
199.5;475537408;0
213.1;443564032;0
232.7;475619328;0
201.6;475619328;0
199.5;475627520;0
199.5;475627520;0
201.6;475627520;0
199.5;475627520;0
199.5;475627520;0
200.7;475627520;0
184.7;475627520;0
133.0;459698176;0
252.0;475795456;0
199.5;475795456;0
198.9;475795456;0
200.7;475795456;0
200.7;475795456;0
198.9;475795456;0
199.5;475795456;0
186.4;475795456;0
199.5;475795456;0
199.5;475795456;0
134.4;445992960;0
229.4;475795456;0
198.9;475795456;0
199.5;475795456;0
201.6;475795456;0
199.5;475795456;0
199.5;475795456;0
129.0;459763712;0
255.7;475766784;0
199.5;475721728;0
201.6;475750400;0
182.8;475750400;0
199.5;475750400;0
200.7;475750400;0
200.7;475750400;0
199.5;475750400;0
199.5;475750400;0
199.5;475750400;0
99.4;459718656;0
258.0;466452480;0
201.6;466452480;0
199.5;466452480;0
199.5;466452480;0
201.6;466456576;0
200.7;466456576;0
198.9;466456576;0
199.5;466456576;0
315.8;467656704;0
299.2;525148160;0
299.2;546263040;0
299.2;566472704;0
298.3;586493952;0
301.0;599289856;0
302.4;619098112;0
301.0;636915712;0
255.7;644112384;0
349.1;677675008;0
302.4;696225792;0
301.0;722071552;0
298.3;746668032;0
