8.4;36.1;21.7;1.7;4.0;1010.0
7.2;103.1;126.3;11.1;0.0;1010.0
8.3;141.3;146.9;7.8;1.0;1010.0
7.2;174.4;158.3;8.4;0.0;1010.0
7.2;204.1;84.4;6.0;0.0;1010.0
8.4;226.0;105.7;3.5;8.0;1010.0
8.4;283.1;60.5;33.0;4.0;1145.0
8.4;737.1;1.2;0.0;10.0;7911.0
2.8;987.5;0.7;32.9;0.0;7903.0
0.0;987.6;35.6;0.1;0.0;7902.0
0.0;987.6;44.8;0.0;0.0;7910.0
0.0;987.6;44.8;0.0;2.0;7902.0
0.0;987.6;44.8;0.0;1.0;7934.0
0.0;987.6;44.8;0.0;0.0;7934.0
7.1;992.8;37.1;0.0;0.0;7970.0
8.4;1372.6;0.2;0.0;6.0;8046.0
8.3;1524.5;109.9;1.6;63.0;8046.0
9.5;1524.6;202.6;2.7;60.0;8036.0
7.2;1524.6;227.0;2.8;59.0;8042.0
7.3;1524.6;225.7;2.6;42.0;8042.0
7.0;1524.6;234.8;2.7;59.0;8044.0
11.1;1524.6;241.5;2.9;60.0;8044.0
10.8;1524.6;237.5;2.8;61.0;8039.0
7.3;1524.6;245.9;2.7;60.0;8049.0
9.7;1524.6;236.8;2.6;59.0;8048.0
8.4;1524.6;219.1;2.4;61.0;8046.0
8.3;1524.6;231.8;2.4;60.0;8046.0
10.8;1524.6;243.4;2.8;60.0;8046.0
8.3;1524.6;247.8;2.8;61.0;8051.0
7.2;1524.6;250.3;2.8;59.0;8051.0
9.7;1524.6;232.8;2.6;54.0;8050.0
8.4;1524.6;229.4;2.5;58.0;8050.0
8.4;1524.6;235.0;2.7;61.0;8050.0
6.9;1524.6;246.2;2.9;57.0;8050.0
8.3;1524.6;247.2;2.8;60.0;8043.0
5.5;1524.6;216.9;2.3;63.0;8043.0
8.3;1524.6;250.8;2.8;62.0;8043.0
12.6;1524.6;244.9;2.7;61.0;8043.0
2.8;1524.6;223.8;2.4;48.0;8043.0
8.4;1524.6;256.9;3.0;61.0;8043.0
9.6;1524.6;239.0;2.8;59.0;8043.0
8.4;1524.6;245.9;2.7;62.0;8043.0
7.0;1524.6;222.1;2.5;61.0;8043.0
8.3;1524.6;253.7;3.0;59.0;8043.0
7.2;1524.6;247.5;2.8;59.0;8043.0
8.3;1524.6;217.9;2.6;60.0;8044.0
9.7;1524.6;233.4;3.1;63.0;8029.0
8.3;1524.6;248.3;3.2;40.0;8021.0
7.1;1524.6;217.0;2.6;58.0;8021.0
8.4;1524.6;238.1;2.5;56.0;8021.0
9.5;1524.6;220.1;2.5;45.0;8021.0
6.9;1524.6;249.8;3.1;59.0;8021.0
12.5;1524.6;241.0;2.7;53.0;8019.0
9.5;1524.6;207.3;2.5;60.0;8019.0
7.2;1524.6;237.0;3.1;59.0;8002.0
2.4;1532.3;97.9;6.8;0.0;8002.0
5.6;1549.0;203.9;2.3;58.0;8002.0
6.0;1549.0;239.3;2.7;39.0;8002.0
7.2;1549.0;218.1;2.5;58.0;8011.0
8.3;1549.0;236.2;2.8;63.0;8011.0
9.7;1549.0;229.3;2.6;61.0;8011.0
8.4;1549.0;243.1;2.7;63.0;8011.0
5.9;1549.0;242.2;2.7;60.0;8011.0
11.9;1549.0;221.5;2.4;60.0;8011.0
12.5;1549.0;239.5;2.8;59.0;7994.0
11.1;1549.0;248.1;2.8;62.0;7994.0
8.4;1549.0;246.1;2.6;63.0;7983.0
11.8;1549.0;240.4;2.6;60.0;7983.0
7.2;1549.0;221.9;2.5;61.0;7978.0
8.3;1549.0;248.5;2.7;61.0;7978.0
8.3;1549.0;249.0;3.0;59.0;7978.0
9.6;1549.0;250.7;3.0;60.0;7978.0
7.1;1549.0;221.6;2.5;52.0;7978.0
7.0;1549.0;243.0;2.8;59.0;7978.0
9.7;1549.0;253.7;3.1;59.0;7978.0
9.8;1549.0;252.3;3.0;61.0;7972.0
9.6;1549.0;218.7;2.5;57.0;7972.0
11.9;1549.0;243.4;2.9;59.0;7972.0
8.4;1549.0;242.5;2.7;60.0;7972.0
2.8;1549.0;224.7;2.5;40.0;7972.0
8.4;1549.0;250.4;3.1;58.0;7972.0
8.3;1549.0;250.7;3.0;58.0;7972.0
8.3;1549.0;240.6;2.5;61.0;7972.0
8.3;1549.0;227.4;2.6;59.0;7972.0
8.3;1549.0;239.1;2.7;59.0;7972.0
7.2;1549.0;243.9;2.7;59.0;7972.0
7.1;1549.0;220.5;2.6;61.0;7972.0
5.5;1549.0;243.0;2.9;60.0;7972.0
1.4;1549.1;217.4;2.5;37.0;7972.0
8.3;1549.1;248.8;3.1;57.0;7972.0
4.8;1549.1;228.7;2.8;42.0;7972.0
6.9;1552.3;118.7;6.5;58.0;7972.0
7.0;1552.3;248.7;2.9;59.0;7972.0
8.4;1552.3;215.9;2.5;60.0;8008.0
8.4;1552.4;230.4;2.8;63.0;8008.0
11.9;1552.4;249.3;3.0;61.0;8008.0
8.3;1552.4;238.0;2.9;63.0;8008.0
8.4;1552.4;235.5;2.7;61.0;8046.0
9.5;1552.4;235.4;2.7;63.0;8044.0
12.5;1552.4;219.3;2.5;46.0;8044.0
9.7;1552.4;225.8;2.6;60.0;8044.0
6.9;1552.4;241.8;2.8;60.0;8047.0
10.8;1552.4;228.2;2.6;58.0;8038.0
9.5;1552.4;242.3;2.7;62.0;8022.0
8.3;1552.4;208.1;2.3;41.0;8041.0
13.8;1552.4;231.3;2.7;63.0;8041.0
7.2;1552.4;228.0;2.6;57.0;8041.0
12.5;1552.4;217.6;2.5;66.0;8034.0
7.1;1552.4;221.3;2.5;41.0;8034.0
8.4;1552.4;206.1;2.3;60.0;8034.0
11.1;1552.4;222.6;2.6;63.0;8034.0
8.4;1552.4;236.7;2.9;60.0;8017.0
3.6;1552.4;206.4;2.3;39.0;8017.0
6.9;1552.4;242.8;2.7;62.0;8026.0
8.4;1552.4;253.1;2.9;61.0;8026.0
11.1;1552.4;248.0;2.8;60.0;8026.0
11.9;1552.4;222.4;2.4;60.0;8026.0
10.7;1552.4;236.9;2.7;61.0;8060.0
8.3;1552.4;228.3;2.7;63.0;8060.0
15.4;1552.4;203.0;2.1;50.0;8060.0
7.1;1552.4;192.9;2.0;58.0;8054.0
9.6;1552.4;242.0;2.8;61.0;8059.0
8.3;1552.4;241.9;2.8;60.0;8052.0
8.4;1552.4;218.7;2.5;59.0;8049.0
8.3;1552.4;237.6;3.0;59.0;8043.0
9.5;1552.4;244.0;2.8;62.0;8054.0
8.4;1552.4;193.9;2.3;62.0;8054.0
10.7;1552.4;234.8;2.7;66.0;8054.0
8.4;1552.4;213.2;2.5;42.0;8047.0
10.8;1552.4;198.9;2.3;60.0;8047.0
9.6;1552.4;229.3;2.7;61.0;8049.0
8.4;1552.4;219.7;2.5;62.0;8049.0
4.2;1559.8;70.8;6.5;35.0;8052.0
8.4;1559.8;237.3;2.7;61.0;8052.0
7.1;1559.8;244.7;2.8;59.0;8052.0
7.3;1559.8;257.0;3.1;61.0;8035.0
9.7;1559.8;231.7;2.7;59.0;8054.0
11.1;1559.8;245.8;2.9;60.0;8054.0
3.6;1559.8;221.5;2.5;46.0;8054.0
9.5;1559.8;247.4;2.9;61.0;8048.0
9.7;1559.8;242.3;2.8;62.0;8022.0
9.7;1559.8;225.7;2.7;61.0;8027.0
10.7;1559.8;212.9;2.3;64.0;8027.0
8.3;1559.8;236.0;2.7;59.0;8022.0
9.5;1559.8;211.8;2.4;62.0;8022.0
12.6;1559.8;240.7;2.8;59.0;8022.0
8.3;1559.8;248.9;2.9;61.0;8030.0
8.3;1559.8;253.5;3.0;61.0;8044.0
10.8;1559.8;220.4;2.5;62.0;8039.0
5.5;1559.8;235.5;2.8;61.0;8039.0
7.0;1559.8;246.8;2.8;59.0;8039.0
8.3;1559.8;243.5;2.8;61.0;8039.0
8.4;1559.8;217.6;2.4;58.0;8039.0
7.1;1559.8;237.9;2.6;62.0;8039.0
11.1;1559.8;249.5;2.8;60.0;8039.0
2.8;1559.8;212.6;2.3;48.0;8031.0
4.7;1559.8;239.5;2.7;56.0;8031.0
8.4;1559.8;241.2;2.7;61.0;8031.0
8.3;1559.8;243.4;2.7;61.0;8031.0
6.0;1559.8;223.2;2.4;60.0;8031.0
8.4;1559.8;226.7;2.4;60.0;8031.0
7.1;1559.8;239.9;2.6;60.0;8031.0
5.6;1559.8;213.9;2.4;43.0;8031.0
8.3;1559.8;227.4;2.7;56.0;8031.0
7.2;1559.8;236.1;2.5;57.0;8031.0
2.4;1559.8;196.4;1.9;48.0;8031.0
8.4;1559.8;251.8;3.0;60.0;8031.0
8.4;1559.8;253.5;3.0;59.0;8031.0
8.3;1559.8;219.0;2.6;60.0;8031.0
7.2;1559.8;242.4;2.9;62.0;8031.0
9.5;1559.8;248.2;3.0;60.0;8031.0
8.3;1559.8;216.2;2.6;58.0;8031.0
8.3;1559.8;253.5;3.0;60.0;8031.0
7.1;1559.8;221.8;2.6;48.0;8031.0
8.4;1559.8;244.5;3.0;60.0;8031.0
4.7;1559.8;214.3;2.3;38.0;8031.0
8.3;1559.8;238.8;2.9;57.0;8031.0
9.7;1559.8;247.2;2.8;59.0;8031.0
4.7;1568.8;56.0;7.2;12.0;8031.0
8.4;1568.9;220.4;2.4;61.0;8031.0
5.5;1568.9;243.5;2.8;58.0;8031.0
11.2;1568.9;248.4;2.8;61.0;8031.0
8.4;1568.9;245.4;2.8;61.0;8031.0
8.4;1568.9;231.5;2.6;60.0;8031.0
6.0;1568.9;231.3;2.6;41.0;8031.0
8.3;1568.9;237.8;2.7;60.0;8031.0
7.0;1568.9;243.5;2.7;63.0;8031.0
8.4;1568.9;251.3;2.8;59.0;8031.0
8.4;1568.9;236.2;2.6;61.0;8031.0
9.7;1568.9;245.8;2.8;63.0;8031.0
5.5;1568.9;215.2;2.3;39.0;8031.0
5.5;1568.9;245.5;2.7;59.0;8031.0
8.3;1568.9;250.1;2.7;61.0;8031.0
9.6;1568.9;245.0;2.7;61.0;8031.0
8.3;1568.9;236.3;2.6;58.0;8031.0
8.3;1568.9;215.1;2.2;61.0;8031.0
8.4;1568.9;242.5;2.7;58.0;8031.0
7.1;1568.9;244.8;2.8;62.0;8031.0
4.2;1568.9;214.9;2.3;40.0;8031.0
8.3;1568.9;248.5;2.8;61.0;8031.0
8.4;1568.9;242.6;2.6;61.0;8031.0
8.4;1568.9;247.1;2.9;41.0;8031.0
11.9;1568.9;216.7;2.5;60.0;8031.0
11.2;1568.9;238.0;2.6;58.0;8031.0
8.3;1568.9;245.7;2.8;59.0;8031.0
7.2;1568.9;220.5;2.5;39.0;8031.0
8.3;1568.9;250.8;2.9;60.0;8031.0
6.0;1568.9;257.3;3.1;59.0;8031.0
8.3;1568.9;209.6;2.3;60.0;8031.0
10.7;1568.9;241.2;2.9;57.0;8031.0
8.4;1568.9;242.3;2.7;61.0;8031.0
10.7;1568.9;213.9;2.4;58.0;8031.0
9.7;1568.9;235.5;2.6;58.0;8031.0
8.3;1568.9;239.8;2.7;60.0;8031.0
10.7;1568.9;217.7;2.5;57.0;8031.0
8.3;1568.9;250.2;2.8;59.0;8031.0
2.8;1568.9;203.9;2.3;54.0;8031.0
9.8;1568.9;245.7;2.9;57.0;8031.0
7.2;1568.9;241.8;2.9;59.0;8031.0
7.2;1568.9;218.8;2.7;59.0;8031.0
8.4;1568.9;249.5;3.1;61.0;8031.0
6.9;1568.9;220.3;2.7;40.0;8031.0
7.2;1568.9;253.1;3.4;58.0;8031.0
7.1;1568.9;209.8;2.4;55.0;8031.0
7.2;1568.9;235.6;2.7;61.0;8031.0
1.4;1568.9;218.3;2.6;38.0;8031.0
6.9;1568.9;244.0;3.0;57.0;8031.0
11.1;1568.9;238.1;2.9;58.0;8031.0
7.1;1568.9;219.9;2.6;58.0;8031.0
6.9;1568.9;233.9;2.7;57.0;8031.0
4.2;1568.9;213.7;2.4;56.0;8031.0
12.5;1568.9;238.3;2.8;57.0;8031.0
8.4;1568.9;218.0;2.6;57.0;8031.0
7.1;1568.9;241.5;2.8;59.0;8031.0
4.2;1568.9;208.9;2.4;57.0;8031.0
8.3;1568.9;249.2;3.1;59.0;8031.0
6.0;1568.9;207.7;2.5;56.0;8031.0
8.4;1568.9;228.7;2.6;52.0;8031.0
6.9;1568.9;209.8;2.4;61.0;8031.0
8.4;1568.9;238.4;2.7;57.0;8031.0
8.3;1568.9;205.1;2.3;61.0;8031.0
4.8;1568.9;198.5;2.0;33.0;8031.0
10.7;1568.9;226.4;2.1;53.0;8031.0
4.2;1568.9;215.3;2.4;34.0;8031.0
6.9;1568.9;229.6;2.4;59.0;8031.0
9.5;1568.9;225.1;2.4;39.0;8031.0
10.8;1568.9;201.7;2.1;53.0;8031.0
8.3;1568.9;233.4;2.5;62.0;8031.0
6.9;1568.9;178.7;1.8;56.0;8031.0
10.8;1568.9;211.4;2.2;51.0;8031.0
4.7;1568.9;189.6;1.7;53.0;8031.0
3.6;1568.9;179.7;1.3;35.0;8031.0
0.0;1568.9;44.8;0.0;0.0;8031.0
9.8;1591.1;164.8;12.7;61.0;8031.0
8.4;1591.1;217.0;2.4;44.0;8031.0
8.4;1591.1;248.8;2.8;61.0;8031.0
8.4;1591.1;246.0;2.7;60.0;8031.0
8.3;1591.1;241.4;2.8;61.0;8031.0
10.8;1591.1;245.3;2.8;60.0;8031.0
6.0;1591.1;219.0;2.4;39.0;8031.0
8.4;1591.1;234.1;2.5;62.0;8031.0
8.3;1591.1;237.6;2.6;60.0;8031.0
9.7;1591.1;242.3;2.6;63.0;8031.0
8.3;1591.1;253.9;2.7;62.0;8031.0
8.3;1591.1;210.4;2.2;60.0;8031.0
8.3;1591.1;246.0;2.7;61.0;8031.0
12.5;1591.1;242.5;2.5;62.0;8031.0
8.4;1591.1;246.0;2.6;60.0;8031.0
7.2;1591.1;236.3;2.6;60.0;8031.0
8.3;1591.1;216.4;2.2;61.0;8031.0
14.0;1591.1;244.8;2.6;61.0;8031.0
5.5;1591.1;228.5;2.2;58.0;8031.0
8.4;1591.1;239.3;2.5;61.0;8031.0
8.4;1591.1;223.4;2.4;59.0;8031.0
9.7;1591.1;240.1;2.7;61.0;8031.0
7.2;1591.1;255.3;2.9;59.0;8031.0
4.7;1591.1;208.9;2.3;37.0;8031.0
7.2;1591.1;243.1;2.6;59.0;8031.0
9.5;1591.1;241.4;2.7;59.0;8031.0
9.6;1591.1;253.0;2.8;51.0;8031.0
7.2;1591.1;198.7;2.1;59.0;8031.0
8.3;1591.1;242.4;2.7;63.0;8031.0
8.4;1591.1;237.1;2.6;59.0;8031.0
6.9;1591.1;205.5;2.2;56.0;8031.0
6.9;1591.1;241.4;2.8;55.0;8031.0
8.4;1591.1;255.1;3.0;61.0;8031.0
8.3;1591.1;214.0;2.3;60.0;8031.0
9.8;1591.1;243.5;2.7;61.0;8031.0
11.1;1591.1;236.3;2.8;54.0;8031.0
8.4;1591.1;219.7;2.3;56.0;8031.0
9.6;1591.1;243.3;2.9;59.0;8031.0
6.0;1591.1;221.2;2.6;41.0;8031.0
8.4;1591.1;247.4;2.9;60.0;8031.0
5.5;1591.1;225.6;2.5;41.0;8031.0
7.2;1591.1;229.9;2.7;58.0;8031.0
0.0;1591.1;126.5;1.0;2.0;8030.0
6.9;1592.6;152.5;7.8;60.0;8030.0
8.3;1592.6;239.7;2.6;59.0;8030.0
5.9;1592.6;213.4;2.3;59.0;8030.0
11.9;1592.6;242.3;2.7;60.0;8030.0
