7.2;33.5;22.7;2.0;0.0;906.0
7.2;100.0;118.9;10.3;0.0;906.0
5.9;140.8;158.9;8.9;0.0;906.0
8.3;167.9;110.9;6.4;4.0;915.0
1.2;172.3;37.4;1.3;3.0;912.0
8.4;194.6;50.0;4.7;0.0;912.0
7.2;217.1;137.4;4.8;0.0;912.0
8.3;232.5;12.7;0.7;0.0;912.0
8.4;565.5;61.1;33.0;10.0;2103.0
8.3;954.8;0.6;0.0;67.0;7875.0
0.0;988.9;13.8;32.9;0.0;7875.0
0.0;988.9;46.5;0.1;0.0;7868.0
0.0;988.9;43.2;0.0;0.0;7868.0
0.0;988.9;44.8;0.0;0.0;7868.0
0.0;988.9;44.8;0.0;0.0;7862.0
0.0;988.9;46.4;0.0;0.0;7862.0
8.3;1098.5;11.7;0.0;3.0;7964.0
8.3;1523.5;11.4;0.2;38.0;8035.0
11.1;1523.9;174.2;2.7;57.0;8035.0
7.2;1523.9;217.4;2.7;60.0;8035.0
9.6;1523.9;233.8;2.8;57.0;8035.0
13.0;1523.9;209.8;2.1;60.0;8035.0
11.1;1523.9;234.8;2.8;61.0;8035.0
8.3;1524.0;243.6;2.7;60.0;8035.0
11.8;1524.0;242.2;2.6;60.0;8029.0
11.9;1524.0;244.0;2.7;60.0;8029.0
8.3;1524.0;250.1;2.8;62.0;8029.0
7.2;1524.0;218.8;2.4;61.0;8027.0
8.4;1524.0;221.1;2.4;64.0;8027.0
11.9;1524.0;221.1;2.5;63.0;8020.0
8.4;1524.0;230.0;2.5;62.0;8020.0
8.3;1524.0;242.4;2.8;60.0;8020.0
4.8;1524.0;223.2;2.4;48.0;8020.0
8.3;1524.0;241.1;2.6;60.0;8020.0
8.4;1524.0;243.4;2.7;61.0;8020.0
6.9;1524.0;240.7;2.6;59.0;8020.0
6.9;1534.8;142.2;3.6;61.0;8020.0
9.6;1534.8;216.8;2.4;60.0;8014.0
8.3;1534.8;245.5;2.9;59.0;8020.0
6.0;1534.8;236.7;2.6;62.0;8020.0
9.7;1534.8;221.1;2.5;61.0;8020.0
8.3;1534.8;238.5;2.6;61.0;8020.0
9.6;1534.8;244.8;2.7;61.0;8020.0
8.3;1534.9;211.3;2.2;41.0;8024.0
8.4;1535.0;227.9;2.5;61.0;8016.0
9.7;1535.0;230.9;2.5;60.0;8032.0
8.4;1535.0;227.3;2.5;61.0;8023.0
8.3;1535.0;243.9;2.7;57.0;8023.0
12.5;1535.0;231.9;2.5;61.0;8023.0
8.4;1535.0;217.7;2.3;62.0;8023.0
8.3;1535.0;249.5;2.9;61.0;8023.0
10.4;1535.0;246.9;2.7;62.0;8023.0
10.7;1535.0;229.2;2.5;59.0;8023.0
9.7;1535.0;236.8;2.5;64.0;8023.0
8.3;1535.0;209.7;2.4;60.0;8023.0
10.7;1535.0;241.1;2.6;62.0;8018.0
7.2;1535.0;228.0;2.5;59.0;8028.0
6.9;1535.0;225.8;2.5;62.0;8028.0
11.1;1535.0;221.1;2.4;60.0;8028.0
11.1;1535.0;244.7;2.8;56.0;8028.0
8.3;1535.0;238.5;2.8;58.0;8028.0
6.0;1535.0;219.9;2.4;59.0;8028.0
9.7;1535.0;243.4;2.7;60.0;8028.0
7.2;1535.0;247.4;2.8;58.0;8028.0
6.0;1535.0;205.7;2.3;59.0;8028.0
8.4;1535.0;232.0;2.4;57.0;8028.0
7.0;1535.0;231.8;2.6;57.0;8028.0
6.9;1535.0;215.0;2.4;63.0;8028.0
8.4;1535.0;249.4;2.9;59.0;8028.0
9.5;1535.0;239.4;2.8;58.0;8028.0
6.0;1535.0;207.4;2.1;59.0;8028.0
7.1;1535.0;249.8;2.8;60.0;8028.0
6.9;1535.0;216.9;2.2;57.0;8028.0
11.9;1535.0;215.4;2.5;59.0;8028.0
10.7;1535.0;239.5;2.6;59.0;8028.0
8.4;1535.0;228.0;2.3;58.0;8036.0
9.7;1535.0;208.3;2.4;61.0;8036.0
7.1;1535.0;224.5;2.3;58.0;8036.0
8.4;1535.0;231.1;2.5;57.0;8036.0
8.3;1535.0;217.4;2.4;55.0;8036.0
9.8;1535.0;222.3;2.4;56.0;8036.0
5.5;1535.0;230.1;2.3;59.0;8036.0
0.0;1535.0;107.4;0.7;0.0;8033.0
8.3;1553.2;195.1;8.7;57.0;8033.0
8.3;1553.2;229.0;2.5;59.0;8033.0
7.0;1553.2;242.9;2.7;58.0;8033.0
9.5;1553.2;242.9;2.7;60.0;8033.0
8.4;1553.2;247.0;2.7;60.0;8033.0
6.9;1553.2;209.6;2.2;54.0;8033.0
9.7;1553.2;244.5;2.6;60.0;8033.0
8.3;1553.2;237.0;2.5;58.0;8033.0
7.1;1553.2;235.2;2.5;63.0;8033.0
10.8;1553.2;238.6;2.6;59.0;8033.0
5.5;1553.2;216.8;2.3;50.0;8033.0
11.1;1553.2;240.8;2.7;61.0;8033.0
10.8;1553.2;239.6;2.6;62.0;8033.0
7.1;1553.2;241.8;2.7;58.0;8033.0
8.4;1553.2;238.4;2.9;59.0;8033.0
11.1;1553.2;218.1;2.5;59.0;8033.0
11.2;1553.2;243.3;2.9;60.0;8033.0
8.4;1553.2;230.4;2.3;61.0;8033.0
9.6;1553.2;244.0;2.7;61.0;8033.0
11.2;1553.2;214.7;2.4;60.0;8033.0
8.4;1553.2;250.7;2.9;61.0;8033.0
8.4;1553.2;243.4;2.9;60.0;8033.0
3.6;1553.2;225.4;2.4;39.0;8033.0
4.2;1554.3;94.7;4.3;0.0;8033.0
8.3;1554.3;251.6;2.8;61.0;8033.0
8.3;1554.3;225.5;2.4;60.0;8033.0
9.6;1554.3;241.9;2.6;58.0;8036.0
7.1;1554.3;236.7;2.7;54.0;8036.0
7.2;1554.3;251.2;2.9;62.0;8036.0
6.9;1554.3;204.7;2.2;59.0;8036.0
8.3;1554.3;249.8;2.9;61.0;8036.0
7.2;1554.3;241.0;2.7;59.0;8036.0
8.3;1554.3;246.0;2.6;64.0;8036.0
7.0;1554.3;226.0;2.4;58.0;8033.0
5.5;1554.3;215.8;2.2;42.0;8033.0
10.8;1554.3;240.2;2.4;60.0;8033.0
11.9;1554.3;237.5;2.4;62.0;8033.0
8.3;1554.3;225.0;2.1;61.0;8033.0
14.0;1554.3;240.6;2.4;63.0;8033.0
8.3;1554.3;206.1;2.0;63.0;8033.0
8.4;1554.3;242.9;2.5;61.0;8033.0
6.9;1554.3;243.4;2.7;63.0;8033.0
9.7;1554.3;243.2;2.5;60.0;8033.0
10.8;1554.3;215.4;2.2;54.0;8033.0
8.3;1554.3;251.8;2.7;60.0;8033.0
8.4;1554.3;231.7;2.5;61.0;8033.0
5.5;1554.3;242.3;2.7;61.0;8033.0
11.1;1554.3;217.0;2.4;60.0;8033.0
10.8;1554.3;242.5;2.7;60.0;8033.0
8.3;1554.3;242.5;2.7;63.0;8033.0
0.0;1554.3;186.2;1.7;34.0;8033.0
4.2;1555.1;169.6;5.6;39.0;8030.0
7.2;1555.1;232.2;2.5;58.0;8030.0
8.4;1555.1;244.9;2.7;61.0;8030.0
8.4;1555.1;243.6;2.7;60.0;8030.0
9.8;1555.1;240.6;2.7;59.0;8030.0
10.8;1555.1;247.8;2.8;59.0;8030.0
8.4;1555.1;223.7;2.2;61.0;8030.0
9.5;1555.1;217.9;2.4;60.0;8030.0
6.9;1555.1;235.2;2.4;59.0;8030.0
8.3;1555.1;247.1;2.9;60.0;8030.0
9.5;1555.1;242.4;2.7;61.0;8030.0
8.4;1555.1;242.8;2.6;61.0;8030.0
5.5;1555.1;212.3;2.1;38.0;8030.0
8.4;1555.1;258.3;3.0;58.0;8030.0
9.6;1555.1;224.4;2.5;60.0;8030.0
9.5;1555.1;249.1;2.8;62.0;8030.0
9.6;1555.1;247.2;2.9;60.0;8030.0
6.9;1555.1;219.9;2.6;60.0;8030.0
8.4;1555.1;245.9;2.9;61.0;8030.0
8.4;1555.1;246.2;3.0;58.0;8030.0
8.4;1555.1;239.3;2.9;38.0;8030.0
8.4;1555.1;232.7;2.8;61.0;8030.0
11.1;1555.1;243.1;2.8;60.0;8030.0
5.6;1555.1;242.6;2.9;12.0;8030.0
3.6;1556.1;130.9;4.9;38.0;8030.0
8.3;1556.1;251.0;2.9;60.0;8030.0
8.3;1556.1;235.6;2.7;60.0;8030.0
8.3;1556.1;238.7;2.6;62.0;8030.0
10.8;1556.1;243.6;2.7;60.0;8030.0
8.3;1556.1;255.3;3.1;59.0;8030.0
4.2;1556.1;210.7;2.4;48.0;8030.0
8.3;1556.1;240.3;2.6;60.0;8030.0
8.3;1556.1;242.6;2.6;63.0;8030.0
8.4;1556.1;243.9;2.7;60.0;8030.0
7.1;1556.1;240.1;2.6;59.0;8030.0
11.2;1556.1;241.5;2.8;61.0;8030.0
2.8;1556.1;215.3;2.3;38.0;8030.0
8.4;1556.1;249.8;2.8;60.0;8030.0
11.9;1556.1;248.0;2.9;59.0;8030.0
6.9;1556.1;242.5;2.7;60.0;8030.0
4.2;1556.1;218.8;2.4;41.0;8030.0
8.3;1556.1;238.4;2.7;59.0;8030.0
8.4;1556.1;222.1;2.2;61.0;8030.0
7.1;1556.1;242.1;2.7;60.0;8030.0
9.7;1556.8;167.3;4.1;50.0;8030.0
8.3;1556.8;210.9;2.2;62.0;8030.0
10.7;1556.8;241.7;2.6;60.0;8030.0
7.2;1556.8;236.6;2.6;57.0;8030.0
8.3;1556.8;235.8;2.5;61.0;8030.0
9.6;1556.8;243.7;2.7;59.0;8030.0
8.4;1556.8;236.4;2.7;60.0;8030.0
9.5;1556.8;214.3;2.2;61.0;8030.0
9.6;1556.8;237.9;2.6;60.0;8030.0
8.3;1556.8;246.8;2.7;57.0;8030.0
12.6;1556.8;232.4;2.5;59.0;8030.0
8.4;1556.8;244.3;2.8;56.0;8030.0
3.6;1556.8;208.1;2.0;38.0;8030.0
8.4;1556.8;251.0;2.9;61.0;8030.0
11.1;1556.8;237.4;2.6;61.0;8030.0
8.4;1556.8;225.2;2.1;61.0;8030.0
11.8;1556.8;214.8;1.9;57.0;8030.0
6.0;1556.8;240.4;2.7;59.0;8030.0
6.9;1556.8;207.6;1.9;62.0;8030.0
4.2;1556.8;219.4;2.5;45.0;8030.0
7.2;1557.6;196.9;4.4;56.0;8030.0
8.3;1557.6;248.5;2.7;59.0;8030.0
11.1;1557.6;235.7;2.6;61.0;8030.0
9.7;1557.6;216.1;2.3;60.0;8030.0
9.5;1557.6;242.8;2.7;60.0;8030.0
7.2;1557.6;243.3;2.6;60.0;8030.0
8.3;1557.6;232.9;2.5;59.0;8030.0
9.8;1557.6;230.8;2.5;57.0;8030.0
5.5;1557.6;218.6;2.3;42.0;8030.0
8.4;1557.6;225.1;2.5;61.0;8030.0
9.6;1557.6;241.0;2.8;62.0;8030.0
11.1;1557.6;248.6;2.9;61.0;8030.0
12.6;1557.6;247.9;3.0;62.0;8030.0
8.3;1557.6;242.4;2.8;62.0;8030.0
7.2;1557.6;217.1;2.3;41.0;8030.0
8.3;1557.6;247.7;2.7;60.0;8030.0
11.1;1557.6;218.4;2.1;53.0;8030.0
8.3;1557.6;237.5;2.5;61.0;8030.0
7.1;1557.6;244.8;2.7;59.0;8030.0
8.4;1557.6;209.4;2.2;56.0;8030.0
8.3;1557.6;237.9;2.7;58.0;8030.0
10.8;1557.6;246.7;2.7;58.0;8030.0
6.0;1557.6;219.9;2.5;37.0;8030.0
8.3;1557.6;224.1;2.5;63.0;8030.0
5.6;1557.6;245.6;2.9;59.0;8030.0
8.3;1557.6;245.4;2.8;60.0;8030.0
13.1;1557.6;243.9;2.7;62.0;8030.0
8.4;1557.6;208.6;2.3;55.0;8030.0
10.8;1557.6;238.4;2.7;61.0;8030.0
7.2;1557.6;262.6;3.1;61.0;8030.0
6.9;1557.6;204.6;2.3;60.0;8030.0
11.9;1557.6;253.9;3.0;61.0;8030.0
0.0;1557.6;140.9;1.3;4.0;8030.0
8.3;1567.3;214.9;7.2;59.0;8030.0
11.1;1567.3;237.5;2.7;44.0;8030.0
8.3;1567.3;219.8;2.4;59.0;8030.0
10.8;1567.3;242.9;2.7;59.0;8030.0
9.4;1567.3;240.9;2.5;55.0;8030.0
8.3;1567.3;223.0;2.2;61.0;8030.0
8.3;1567.3;234.7;2.4;59.0;8030.0
7.1;1567.3;213.1;2.2;46.0;8030.0
10.8;1567.3;242.1;2.7;60.0;8030.0
11.1;1567.3;222.9;2.3;57.0;8030.0
9.8;1567.3;240.7;2.8;61.0;8030.0
8.4;1567.3;238.5;2.6;61.0;8030.0
8.3;1567.3;254.0;2.7;59.0;8030.0
10.8;1567.3;209.0;2.3;42.0;8030.0
8.3;1567.3;244.6;2.7;61.0;8030.0
8.4;1567.3;240.9;2.7;62.0;8030.0
9.5;1567.3;253.1;3.2;60.0;8030.0
9.6;1567.3;225.2;2.6;39.0;8030.0
8.3;1567.3;244.9;2.8;62.0;8030.0
11.1;1567.3;244.1;2.8;60.0;8030.0
9.5;1567.3;259.5;3.0;62.0;8030.0
5.9;1567.3;192.0;1.8;41.0;8030.0
10.8;1567.3;239.2;2.7;59.0;8030.0
8.3;1567.3;243.6;2.9;60.0;8030.0
9.7;1567.3;238.4;2.7;60.0;8030.0
9.6;1567.3;228.7;2.8;59.0;8030.0
9.5;1567.3;251.0;3.1;55.0;8030.0
7.0;1567.3;245.9;3.0;60.0;8030.0
0.0;1567.3;166.9;1.8;5.0;8030.0
10.8;1570.2;176.1;6.3;59.0;8030.0
9.6;1570.2;237.4;2.6;60.0;8030.0
9.6;1570.2;243.2;2.7;59.0;8030.0
8.4;1570.2;251.3;2.8;61.0;8030.0
8.3;1570.2;232.1;2.5;60.0;8030.0
8.4;1570.2;210.2;2.3;52.0;8030.0
9.5;1570.2;249.4;2.8;62.0;8030.0
9.7;1570.2;242.9;2.7;60.0;8030.0
8.3;1570.2;237.1;2.6;58.0;8030.0
18.9;1570.2;240.9;2.7;60.0;8030.0
7.2;1570.2;228.2;2.4;61.0;8030.0
14.2;1570.2;234.7;2.5;60.0;8030.0
6.9;1570.2;232.0;2.4;61.0;8030.0
9.6;1570.2;234.8;2.4;58.0;8030.0
8.3;1570.2;232.4;2.3;58.0;8030.0
8.3;1570.2;212.4;2.1;36.0;8030.0
11.1;1570.2;220.3;2.2;60.0;8030.0
8.4;1570.2;232.4;2.3;59.0;8030.0
6.0;1570.2;238.3;2.5;60.0;8030.0
3.6;1570.2;211.8;2.2;41.0;8030.0
12.6;1570.2;241.3;2.7;59.0;8030.0
9.7;1570.2;240.6;2.6;61.0;8030.0
9.8;1570.2;242.7;2.7;60.0;8030.0
7.2;1570.2;220.1;2.3;41.0;8030.0
9.6;1570.2;232.0;2.4;60.0;8030.0
8.3;1570.2;237.9;2.6;59.0;8030.0
9.7;1570.2;244.9;2.7;42.0;8030.0
10.7;1570.2;224.3;2.5;60.0;8030.0
5.9;1570.2;227.4;2.4;58.0;8030.0
9.7;1570.2;244.6;2.8;40.0;8030.0
8.3;1570.2;210.8;2.1;59.0;8030.0
15.5;1570.2;252.1;3.0;59.0;8030.0
9.6;1570.2;233.8;2.6;60.0;8030.0
10.7;1570.2;212.1;2.3;60.0;8030.0
7.0;1570.2;231.7;2.5;55.0;8030.0
8.3;1570.2;238.3;2.6;59.0;8030.0
6.0;1570.2;212.9;2.4;61.0;8030.0
8.4;1570.2;236.2;2.5;56.0;8030.0
8.3;1570.2;238.5;2.7;58.0;8030.0
8.4;1570.2;214.6;2.4;38.0;8030.0
