8.4;35.2;19.1;1.5;0.0;902.0
6.0;98.8;113.1;9.8;0.0;902.0
6.0;138.2;148.3;8.5;0.0;902.0
1.2;165.7;88.1;6.5;0.0;902.0
2.4;168.1;29.6;0.6;0.0;902.0
8.3;194.4;94.2;6.0;0.0;902.0
7.2;216.2;125.6;4.4;0.0;902.0
8.3;230.9;25.5;1.1;0.0;902.0
8.4;527.2;61.1;33.0;6.0;1076.0
0.0;737.4;0.6;0.0;0.0;5748.0
13.1;1020.7;0.2;32.9;45.0;7857.0
0.0;988.0;26.5;0.1;0.0;7857.0
0.0;988.0;44.8;0.0;0.0;7857.0
0.0;988.0;46.4;0.0;0.0;7857.0
0.0;988.0;43.2;0.0;0.0;7857.0
0.0;988.0;46.4;0.0;0.0;7857.0
0.0;988.0;43.2;0.0;0.0;7857.0
6.9;1163.3;6.9;0.0;6.0;7979.0
9.8;1522.7;20.6;0.3;41.0;8022.0
8.4;1523.1;195.1;2.7;61.0;8022.0
9.6;1523.1;213.3;2.6;59.0;8022.0
9.8;1523.1;215.0;2.5;44.0;8036.0
11.1;1523.1;216.8;2.3;59.0;8036.0
11.2;1523.1;240.1;2.6;60.0;8032.0
4.7;1523.2;232.0;2.5;60.0;8032.0
8.4;1523.2;239.7;2.6;61.0;8032.0
8.3;1523.2;239.8;2.6;59.0;8032.0
4.8;1523.2;220.2;2.1;53.0;8032.0
9.6;1523.2;227.3;2.5;56.0;8032.0
8.3;1523.2;238.1;2.4;62.0;8032.0
9.6;1523.2;236.6;2.4;55.0;8032.0
2.4;1523.2;204.8;1.8;36.0;8032.0
9.5;1523.2;217.5;2.2;61.0;8032.0
9.6;1523.2;230.8;2.5;39.0;8032.0
8.3;1523.2;214.8;2.2;59.0;8032.0
9.6;1523.2;246.4;2.5;59.0;8024.0
9.7;1523.2;230.0;2.4;61.0;8024.0
13.1;1523.2;239.5;2.4;61.0;8024.0
8.4;1523.2;200.1;2.2;57.0;8042.0
9.6;1523.2;244.8;2.7;60.0;8042.0
7.0;1523.2;239.6;2.9;59.0;8040.0
11.1;1523.2;243.9;2.9;46.0;8040.0
10.8;1523.2;219.2;2.4;61.0;8040.0
8.3;1523.2;249.8;2.8;60.0;8040.0
8.3;1523.2;240.5;2.9;60.0;8040.0
9.7;1523.2;217.8;2.4;43.0;8040.0
7.1;1523.2;238.7;2.8;58.0;8041.0
8.3;1523.2;246.5;2.9;60.0;8041.0
2.8;1523.2;211.6;2.5;40.0;8041.0
0.0;1523.2;129.3;1.2;0.0;8041.0
9.6;1541.0;180.4;6.6;60.0;8038.0
8.3;1541.0;245.1;2.6;61.0;8038.0
8.4;1541.0;232.8;2.6;61.0;8041.0
8.3;1541.0;241.8;2.7;60.0;8041.0
4.8;1541.0;213.9;2.2;38.0;8041.0
8.3;1541.0;260.6;3.0;62.0;8041.0
8.3;1541.0;227.0;2.5;56.0;8041.0
11.2;1541.0;231.1;2.5;60.0;8041.0
11.8;1541.0;249.4;2.9;61.0;8041.0
7.2;1541.0;233.6;2.4;60.0;8041.0
11.1;1541.0;218.1;2.4;60.0;8041.0
8.3;1541.0;230.1;2.3;61.0;8041.0
9.6;1541.0;241.5;2.5;60.0;8041.0
8.3;1541.0;240.5;2.7;62.0;8041.0
8.3;1541.0;237.6;2.6;59.0;8041.0
8.3;1541.0;208.3;2.2;57.0;8041.0
8.3;1541.0;240.4;2.7;59.0;8041.0
7.2;1541.0;238.1;2.5;61.0;8041.0
8.3;1541.0;248.1;3.0;60.0;8041.0
5.6;1541.1;207.0;2.2;42.0;8041.0
8.4;1541.1;242.0;2.7;59.0;8041.0
8.3;1541.1;252.4;2.8;60.0;8041.0
5.6;1541.1;232.5;2.6;61.0;8041.0
8.3;1541.1;213.2;2.4;60.0;8041.0
9.6;1541.1;248.7;2.9;61.0;8041.0
9.5;1541.1;244.5;2.8;60.0;8041.0
9.6;1541.1;212.4;2.4;42.0;8041.0
11.1;1541.1;241.6;2.7;56.0;8041.0
11.1;1541.1;228.3;2.4;59.0;8041.0
7.1;1541.1;243.2;2.8;57.0;8041.0
10.7;1541.1;208.5;2.4;55.0;8041.0
8.3;1541.1;240.1;2.8;59.0;8041.0
6.9;1541.1;242.9;2.8;58.0;8041.0
8.3;1541.1;218.5;2.4;59.0;8041.0
8.4;1541.1;244.0;2.8;56.0;8041.0
9.7;1541.1;233.0;2.6;59.0;8041.0
7.0;1541.1;178.4;1.4;51.0;8041.0
5.9;1541.1;216.8;2.1;50.0;8041.0
8.4;1541.1;196.4;1.8;56.0;8041.0
7.2;1541.1;200.8;1.9;53.0;8041.0
8.3;1541.1;204.1;1.9;58.0;8041.0
8.4;1541.1;248.3;2.8;57.0;8041.0
4.7;1541.1;196.1;2.1;35.0;8041.0
13.1;1541.1;249.0;2.9;60.0;8041.0
8.3;1541.1;234.4;2.6;59.0;8041.0
7.2;1541.1;227.9;2.7;59.0;8041.0
7.2;1541.1;240.0;3.0;61.0;8041.0
9.5;1541.1;218.3;2.5;37.0;8041.0
8.3;1541.1;239.4;2.8;62.0;8041.0
5.9;1541.1;222.1;2.4;36.0;8041.0
8.3;1541.1;213.4;2.2;60.0;8041.0
8.4;1541.1;235.7;2.7;48.0;8041.0
8.3;1541.1;214.8;2.5;58.0;8041.0
10.8;1541.1;246.3;3.0;58.0;8041.0
0.0;1541.1;100.2;0.5;0.0;8041.0
8.4;1559.5;87.3;8.7;35.0;8041.0
8.4;1559.5;237.0;2.6;62.0;8041.0
7.2;1559.5;253.5;2.8;61.0;8041.0
11.2;1559.5;232.6;2.5;59.0;8041.0
8.3;1559.5;217.4;2.4;60.0;8041.0
8.4;1559.5;239.3;2.7;60.0;8041.0
8.3;1559.5;254.0;2.9;61.0;8041.0
8.3;1559.5;234.7;2.6;60.0;8041.0
8.4;1559.5;244.1;2.6;62.0;8041.0
11.8;1559.5;243.2;2.7;62.0;8041.0
10.8;1559.5;220.6;2.3;60.0;8041.0
9.7;1559.5;228.0;2.5;61.0;8041.0
8.3;1559.5;239.1;2.5;63.0;8041.0
7.2;1559.5;237.7;2.5;60.0;8041.0
7.3;1559.5;249.1;2.7;63.0;8041.0
12.6;1559.5;199.3;1.9;62.0;8041.0
8.3;1559.5;214.9;2.0;63.0;8041.0
8.4;1559.5;238.1;2.5;60.0;8041.0
8.4;1559.5;239.5;2.6;63.0;8041.0
11.1;1559.5;240.2;2.6;58.0;8041.0
5.6;1559.5;197.7;1.9;58.0;8041.0
8.3;1559.5;242.0;2.7;61.0;8041.0
8.4;1559.5;238.6;2.6;56.0;8041.0
8.3;1559.5;233.5;2.4;62.0;8041.0
12.5;1559.5;217.8;2.4;61.0;8041.0
8.3;1559.5;244.0;2.8;60.0;8041.0
9.6;1559.5;255.6;3.0;60.0;8041.0
4.8;1559.5;215.2;2.5;39.0;8041.0
5.5;1559.5;245.3;2.9;59.0;8041.0
11.1;1559.5;245.2;3.0;63.0;8041.0
3.6;1559.5;218.7;2.6;36.0;8041.0
11.8;1559.5;247.3;3.0;61.0;8041.0
11.2;1559.5;239.9;2.8;59.0;8041.0
4.2;1559.4;217.6;2.4;38.0;8041.0
11.2;1559.4;251.4;3.0;60.0;8041.0
14.3;1559.4;253.2;3.0;61.0;8041.0
8.4;1559.4;217.5;2.4;42.0;8041.0
8.4;1559.4;236.8;2.9;59.0;8041.0
7.2;1559.4;240.6;2.5;58.0;8041.0
7.2;1559.4;195.5;2.0;61.0;8041.0
7.1;1559.4;237.9;2.8;57.0;8041.0
5.5;1559.4;209.4;2.3;52.0;8041.0
6.9;1559.4;250.3;3.1;58.0;8041.0
8.3;1559.4;237.1;2.7;59.0;8041.0
8.4;1559.4;215.1;2.3;41.0;8041.0
9.5;1559.4;241.1;2.7;57.0;8041.0
8.3;1559.4;199.9;2.2;36.0;8041.0
9.7;1559.4;232.7;2.5;61.0;8041.0
8.3;1559.4;220.8;2.2;62.0;8041.0
7.2;1559.4;191.5;1.6;53.0;8041.0
7.1;1559.4;234.2;2.5;56.0;8041.0
8.4;1559.4;221.3;2.3;58.0;8041.0
11.9;1559.4;209.5;2.5;57.0;8041.0
8.4;1559.4;217.8;2.5;5.0;8041.0
4.2;1565.8;43.1;7.7;4.0;8041.0
5.5;1565.8;236.1;2.8;45.0;8041.0
9.6;1565.8;222.4;2.5;60.0;8041.0
8.3;1565.8;245.2;2.8;61.0;8041.0
8.4;1565.8;247.4;2.8;60.0;8041.0
11.1;1565.8;236.2;2.7;59.0;8041.0
8.3;1565.8;247.8;2.9;60.0;8041.0
10.8;1565.8;243.0;2.8;60.0;8041.0
12.5;1565.8;223.9;2.5;61.0;8041.0
12.5;1565.8;228.8;2.6;60.0;8041.0
8.4;1565.8;245.5;2.9;61.0;8041.0
8.3;1565.8;242.0;2.8;59.0;8041.0
8.3;1565.8;252.5;2.7;61.0;8041.0
11.1;1565.8;208.3;2.3;62.0;8041.0
7.0;1565.8;243.8;2.7;60.0;8041.0
9.6;1565.8;247.9;2.9;58.0;8041.0
8.4;1565.8;246.4;2.8;60.0;8041.0
7.0;1565.8;212.3;2.3;39.0;8041.0
9.7;1565.8;239.6;2.6;63.0;8041.0
8.4;1565.8;245.6;2.6;61.0;8041.0
11.8;1565.8;245.2;2.8;61.0;8041.0
11.1;1565.8;211.3;2.4;60.0;8041.0
6.9;1565.8;242.7;2.8;60.0;8041.0
8.3;1565.8;246.7;2.9;60.0;8041.0
6.2;1565.8;252.7;3.0;59.0;8041.0
8.3;1565.8;210.3;2.3;61.0;8041.0
9.7;1565.8;239.0;2.6;59.0;8041.0
8.3;1565.8;249.1;2.9;60.0;8041.0
6.0;1565.8;222.6;2.4;60.0;8041.0
8.4;1565.8;234.7;2.6;58.0;8041.0
8.3;1565.8;242.5;2.8;58.0;8041.0
8.4;1565.8;204.4;2.1;34.0;8041.0
8.3;1565.8;247.7;2.9;59.0;8041.0
9.6;1565.8;228.4;2.5;60.0;8041.0
8.4;1565.8;218.9;2.4;61.0;8041.0
6.9;1565.8;242.5;2.9;59.0;8041.0
8.4;1565.8;254.1;3.0;58.0;8041.0
10.7;1565.8;209.2;2.4;61.0;8041.0
8.4;1565.8;232.1;2.5;57.0;8041.0
8.3;1565.8;233.5;2.5;59.0;8041.0
6.0;1567.5;67.8;6.3;26.0;8041.0
9.6;1567.5;226.9;2.6;60.0;8041.0
10.7;1567.5;240.0;2.9;61.0;8041.0
8.4;1567.5;238.2;2.7;60.0;8041.0
8.3;1567.5;258.7;3.1;60.0;8041.0
8.3;1567.5;239.6;2.7;61.0;8041.0
7.2;1567.5;238.2;2.6;60.0;8041.0
8.3;1567.5;227.8;2.5;60.0;8041.0
7.0;1567.5;241.4;2.7;61.0;8041.0
8.3;1567.5;248.9;2.8;61.0;8041.0
8.4;1567.5;243.7;2.7;61.0;8041.0
11.8;1567.5;249.2;2.7;59.0;8041.0
8.3;1567.5;216.8;2.3;61.0;8041.0
8.4;1567.5;235.9;2.6;60.0;8041.0
9.7;1567.5;241.1;2.6;60.0;8041.0
8.4;1567.5;239.1;2.7;62.0;8041.0
5.2;1567.5;223.2;2.3;40.0;8041.0
8.3;1567.5;237.0;2.7;60.0;8041.0
8.3;1567.5;242.6;2.6;59.0;8041.0
8.3;1567.5;247.8;2.9;60.0;8041.0
8.3;1567.5;222.9;2.4;59.0;8041.0
11.1;1567.5;218.0;2.2;57.0;8041.0
8.3;1567.5;238.9;2.6;60.0;8041.0
7.2;1567.5;237.8;2.6;61.0;8041.0
5.9;1567.5;231.4;2.8;38.0;8041.0
8.4;1567.5;240.9;2.9;61.0;8041.0
11.1;1567.5;246.6;2.9;58.0;8041.0
8.4;1567.5;225.4;2.3;38.0;8041.0
5.2;1567.5;225.6;2.7;52.0;8041.0
8.3;1567.5;226.2;2.6;61.0;8041.0
8.4;1567.5;247.4;3.0;59.0;8041.0
7.1;1567.5;213.9;2.4;58.0;8041.0
8.4;1567.5;255.5;3.2;59.0;8041.0
9.7;1567.5;232.5;2.7;59.0;8041.0
7.1;1567.5;216.4;2.5;59.0;8041.0
8.4;1567.5;241.8;2.9;57.0;8041.0
8.3;1567.5;252.0;3.0;58.0;8041.0
8.3;1567.5;199.3;2.2;54.0;8041.0
8.3;1567.5;237.9;2.7;60.0;8041.0
5.9;1567.5;235.1;2.8;36.0;8041.0
8.3;1567.5;233.3;2.9;60.0;8041.0
9.7;1567.5;232.9;2.8;60.0;8041.0
8.4;1567.5;214.0;2.5;58.0;8041.0
8.4;1567.5;236.4;2.7;58.0;8041.0
9.6;1567.5;202.4;2.1;56.0;8041.0
8.4;1567.5;226.2;2.5;57.0;8041.0
6.9;1567.5;226.1;2.2;58.0;8041.0
2.4;1567.5;192.7;1.8;49.0;8041.0
8.3;1567.5;228.2;2.3;59.0;8041.0
11.9;1567.5;214.4;2.2;59.0;8041.0
8.3;1567.5;202.8;2.1;57.0;8041.0
8.3;1567.5;243.0;2.8;58.0;8041.0
8.4;1567.5;212.6;2.5;36.0;8041.0
9.5;1567.5;235.9;2.9;55.0;8041.0
2.8;1567.5;208.9;2.4;41.0;8041.0
8.3;1567.5;226.5;2.4;58.0;8041.0
2.4;1567.5;214.7;2.4;28.0;8041.0
8.4;1567.5;210.5;2.5;57.0;8041.0
6.9;1567.5;207.7;2.1;35.0;8041.0
8.4;1567.5;208.7;2.2;54.0;8041.0
11.9;1567.5;225.3;2.3;60.0;8041.0
9.6;1567.5;207.3;2.3;58.0;8041.0
9.8;1567.5;227.7;2.4;57.0;8041.0
6.9;1567.5;215.8;2.5;54.0;8041.0
8.4;1567.5;240.8;2.9;57.0;8041.0
8.3;1567.5;198.1;2.3;55.0;8041.0
8.4;1567.5;222.9;2.5;55.0;8041.0
9.7;1567.5;211.1;2.4;43.0;8041.0
5.5;1567.5;225.9;2.7;55.0;8041.0
7.2;1567.5;215.5;2.6;52.0;8041.0
5.9;1567.5;235.9;2.8;54.0;8041.0
9.7;1567.5;204.3;2.2;57.0;8041.0
9.5;1567.5;240.5;2.7;56.0;8041.0
8.3;1567.5;190.2;2.0;54.0;8041.0
8.4;1567.5;226.1;2.2;60.0;8041.0
9.5;1567.5;185.1;1.6;46.0;8041.0
0.0;1567.5;44.8;0.0;0.0;8041.0
8.3;1591.4;112.4;12.1;61.0;8041.0
10.8;1591.4;242.7;2.6;61.0;8041.0
8.4;1591.4;253.9;3.0;61.0;8041.0
8.4;1591.4;250.4;2.7;61.0;8041.0
4.2;1591.4;203.5;2.2;40.0;8041.0
7.1;1591.4;245.0;2.7;59.0;8041.0
9.6;1591.4;237.8;2.6;59.0;8041.0
9.7;1591.4;221.7;2.2;52.0;8041.0
8.3;1591.4;220.0;2.1;57.0;8041.0
10.8;1591.4;230.0;2.2;62.0;8041.0
11.8;1591.4;230.2;2.4;59.0;8041.0
4.2;1592.1;188.2;3.1;43.0;8041.0
8.3;1592.1;233.9;2.6;60.0;8041.0
6.0;1592.1;243.8;2.8;57.0;8041.0
8.4;1592.1;235.7;2.7;63.0;8041.0
9.5;1592.1;244.3;2.7;61.0;8041.0
8.4;1592.1;243.2;2.7;61.0;8041.0
6.9;1592.1;219.1;2.3;39.0;8041.0
9.6;1592.1;242.9;2.7;62.0;8041.0
11.5;1592.1;249.6;2.7;60.0;8041.0
6.9;1592.1;230.1;2.5;59.0;8041.0
15.4;1592.1;246.6;2.7;61.0;8041.0
4.7;1592.1;211.4;2.1;40.0;8041.0
7.2;1592.1;245.1;2.5;62.0;8041.0
