7.2;55.6;22.7;1.8;0.0;870.0
5.5;100.7;121.8;11.0;0.0;870.0
7.2;140.2;150.1;8.1;0.0;870.0
8.3;176.1;131.2;6.9;0.0;870.0
8.3;204.1;88.6;6.6;0.0;870.0
6.9;226.2;156.9;4.8;0.0;870.0
8.4;226.2;245.4;0.4;0.0;870.0
8.4;226.2;261.3;0.5;0.0;870.0
8.4;226.2;245.1;0.4;0.0;870.0
8.4;226.2;263.1;0.5;0.0;870.0
8.3;230.8;173.7;0.5;0.0;870.0
8.3;240.6;0.0;0.0;0.0;870.0
8.4;251.5;0.0;0.0;0.0;870.0
6.9;263.1;0.8;0.0;0.0;870.0
8.3;275.7;0.0;0.0;0.0;870.0
8.3;286.4;0.0;0.0;0.0;870.0
8.3;298.0;0.0;0.0;0.0;870.0
8.3;310.4;0.0;0.0;0.0;870.0
8.3;322.2;0.0;0.0;0.0;870.0
8.3;331.3;0.0;0.0;0.0;870.0
8.4;379.7;0.0;0.0;0.0;870.0
8.4;413.5;0.6;2.6;0.0;870.0
8.3;353.1;0.3;2.8;0.0;870.0
8.3;426.9;1.2;0.0;1.0;1025.0
8.3;879.7;0.6;0.0;0.0;1045.0
8.3;868.4;0.0;0.0;28.0;7637.0
8.4;2144.1;9.0;504.4;1.0;7825.0
8.3;2427.4;13.7;481.8;0.0;7825.0
11.9;3199.8;8.7;327.0;12.0;7825.0
8.4;3235.4;0.0;0.0;0.0;7825.0
8.4;3311.6;0.0;0.0;0.0;7825.0
8.4;3293.5;0.0;0.0;0.0;7825.0
8.4;3298.2;0.0;0.0;0.0;7825.0
8.3;3297.9;0.0;0.0;0.0;7825.0
8.3;3299.7;0.0;0.0;0.0;7825.0
8.4;3301.1;0.0;0.0;0.0;7825.0
8.3;3305.1;0.1;8.4;0.0;7825.0
8.3;3320.9;0.0;0.0;0.0;7825.0
8.3;3318.8;0.6;6.8;0.0;7825.0
9.5;3375.0;0.6;44.5;43.0;7825.0
8.4;3375.0;8.1;471.7;0.0;7825.0
8.3;3375.0;9.1;437.1;0.0;7825.0
0.0;3372.8;6.1;286.1;0.0;7825.0
8.4;3367.0;1.8;0.1;0.0;7825.0
8.3;3347.0;0.4;3.5;0.0;7825.0
8.4;3356.3;0.0;0.0;0.0;7825.0
8.4;3357.9;0.0;0.0;0.0;7825.0
8.4;3360.4;0.0;0.0;0.0;7825.0
8.4;3370.2;0.0;0.0;0.0;7825.0
8.3;3333.6;0.0;0.0;2.0;7859.0
8.4;3420.8;0.8;0.3;96.0;7859.0
8.3;3486.9;0.0;0.0;0.0;7859.0
8.3;3488.5;0.0;0.0;0.0;7859.0
8.3;3492.5;0.0;0.0;0.0;7859.0
8.3;3510.7;0.0;0.0;0.0;7859.0
9.6;3511.6;0.0;0.0;18.0;7859.0
13.0;3511.6;0.6;0.0;97.0;7859.0
12.5;3511.6;1.2;0.0;98.0;7859.0
6.9;3511.7;1.2;0.0;96.0;7859.0
16.6;3511.7;0.6;0.0;97.0;7859.0
10.4;3511.7;1.2;0.0;96.0;7859.0
10.7;3511.7;0.6;0.0;96.0;7859.0
14.0;3511.7;1.2;0.0;97.0;7859.0
9.7;3511.7;1.2;0.0;96.0;7859.0
14.3;3511.7;0.6;0.0;96.0;7859.0
11.9;3511.7;1.2;0.0;97.0;7859.0
8.3;3511.7;1.2;0.0;97.0;7859.0
15.2;3511.7;0.6;0.0;97.0;7859.0
10.8;3511.7;1.2;0.0;96.0;7859.0
11.9;3511.7;0.6;0.0;95.0;7859.0
11.8;3511.7;1.2;0.0;96.0;7859.0
12.5;3511.7;1.2;0.0;96.0;7859.0
15.2;3511.7;0.6;0.0;97.0;7859.0
10.7;3511.7;1.2;0.0;96.0;7859.0
10.8;3511.7;0.6;0.0;96.0;7859.0
16.6;3511.7;1.2;0.0;97.0;7859.0
9.6;3511.7;1.2;0.0;97.0;7859.0
13.1;3511.7;0.6;0.0;99.0;7859.0
13.0;3511.7;1.2;0.0;97.0;7859.0
9.6;3511.7;1.2;0.0;97.0;7859.0
15.4;3511.7;0.6;0.0;99.0;7859.0
9.8;3511.7;1.3;0.3;97.0;7859.0
10.8;3511.7;0.6;0.0;99.0;7859.0
14.3;3511.7;1.2;0.0;99.0;7859.0
8.4;3511.7;1.2;0.0;98.0;7859.0
15.2;3511.7;0.6;0.0;99.0;7859.0
11.9;3511.7;1.2;0.0;99.0;7859.0
9.5;3511.7;1.2;0.0;97.0;7859.0
15.5;3511.7;0.6;0.0;99.0;7859.0
9.7;3511.7;1.2;0.0;96.0;7859.0
9.7;3511.7;0.6;0.0;96.0;7859.0
13.1;3511.7;1.2;0.0;99.0;7859.0
9.4;3511.7;1.2;0.0;96.0;7859.0
13.8;3511.7;0.6;0.0;97.0;7859.0
11.1;3511.7;1.2;0.0;96.0;7859.0
9.5;3511.7;1.2;0.0;97.0;7859.0
15.5;3511.7;0.6;0.0;97.0;7859.0
9.5;3511.7;1.2;0.0;96.0;7859.0
11.2;3511.7;0.6;0.0;97.0;7859.0
13.8;3511.7;1.2;0.0;97.0;7859.0
10.8;3511.7;1.2;0.0;97.0;7859.0
13.1;3511.7;0.6;0.0;97.0;7859.0
11.1;3511.7;1.2;0.0;96.0;7859.0
8.4;3511.7;1.2;0.0;97.0;7859.0
15.5;3511.7;0.6;0.0;97.0;7859.0
9.6;3511.7;1.2;0.0;97.0;7859.0
10.7;3511.7;0.6;0.0;97.0;7859.0
13.8;3511.7;1.2;0.0;97.0;7859.0
9.7;3511.7;1.2;0.0;97.0;7859.0
13.0;3511.7;0.6;0.0;99.0;7859.0
11.9;3511.7;1.2;0.0;97.0;7859.0
8.3;3511.7;1.2;0.0;99.0;7859.0
15.5;3511.7;0.6;0.0;99.0;7859.0
9.6;3511.7;1.2;0.0;99.0;7859.0
10.7;3511.8;0.6;0.0;99.0;7859.0
12.6;3511.8;1.2;0.0;99.0;7859.0
9.5;3511.8;1.6;0.3;96.0;7859.0
14.3;3511.8;0.6;0.0;99.0;7859.0
11.9;3511.8;1.2;0.0;99.0;7859.0
10.8;3511.8;1.2;0.0;97.0;7859.0
16.8;3511.8;0.6;0.0;99.0;7859.0
9.7;3511.8;1.2;0.0;97.0;7859.0
11.9;3511.8;0.6;0.0;96.0;7859.0
13.0;3511.8;1.2;0.0;99.0;7859.0
9.7;3511.8;1.2;0.0;97.0;7859.0
13.8;3511.8;0.6;0.0;97.0;7859.0
11.8;3511.8;1.2;0.0;97.0;7859.0
8.4;3511.8;1.2;0.0;97.0;7859.0
15.4;3511.8;0.6;0.0;97.0;7859.0
9.7;3511.8;1.2;0.0;97.0;7859.0
11.1;3511.8;0.6;0.0;97.0;7859.0
13.0;3511.8;1.2;0.0;97.0;7859.0
11.9;3511.8;1.2;0.0;97.0;7859.0
15.2;3511.8;0.6;0.0;97.0;7859.0
12.6;3511.8;1.2;0.0;97.0;7859.0
9.6;3511.8;1.2;0.0;97.0;7859.0
14.6;3511.8;0.6;0.0;97.0;7859.0
11.9;3511.8;1.2;0.0;97.0;7859.0
11.1;3511.7;0.6;0.0;99.0;7859.0
14.0;3511.7;1.2;0.0;97.0;7859.0
9.5;3511.7;1.2;0.0;97.0;7859.0
14.3;3511.7;0.6;0.0;99.0;7859.0
12.5;3511.7;1.2;0.0;99.0;7859.0
8.3;3511.7;1.2;0.0;99.0;7859.0
15.4;3511.7;0.6;0.0;99.0;7859.0
8.3;3511.7;1.2;0.0;99.0;7859.0
11.9;3511.7;0.6;0.0;99.0;7859.0
13.8;3511.7;1.2;0.0;99.0;7859.0
9.7;3511.7;1.2;0.0;97.0;7859.0
15.5;3511.7;0.6;0.0;99.0;7859.0
13.0;3511.7;1.2;0.0;99.0;7859.0
8.4;3511.7;1.3;0.3;97.0;7859.0
15.4;3511.7;0.6;0.0;99.0;7859.0
9.6;3511.7;1.2;0.0;97.0;7859.0
11.9;3511.7;0.6;0.0;97.0;7859.0
13.1;3511.7;1.2;0.0;99.0;7859.0
8.3;3511.7;1.2;0.0;97.0;7859.0
13.8;3511.7;0.6;0.0;97.0;7859.0
11.9;3511.7;1.2;0.0;97.0;7859.0
8.3;3511.7;1.2;0.0;96.0;7859.0
16.7;3511.7;0.6;0.0;97.0;7859.0
9.7;3511.7;1.2;0.0;97.0;7859.0
13.1;3511.7;0.6;0.0;97.0;7859.0
13.1;3511.7;1.2;0.0;97.0;7859.0
20.1;3511.7;1.2;0.0;97.0;7859.0
13.8;3511.7;0.6;0.0;97.0;7859.0
12.5;3511.7;1.2;0.0;97.0;7859.0
9.5;3511.7;1.2;0.0;97.0;7859.0
15.5;3511.7;0.6;0.0;98.0;7859.0
11.1;3511.7;1.2;0.0;97.0;7859.0
11.2;3511.7;0.6;0.0;99.0;7859.0
13.1;3511.7;1.2;0.0;99.0;7859.0
9.4;3511.7;1.2;0.0;97.0;7859.0
15.4;3511.7;0.6;0.0;99.0;7859.0
12.5;3511.7;1.2;0.0;99.0;7859.0
8.4;3511.7;1.2;0.0;99.0;7859.0
14.6;3511.7;0.6;0.0;99.0;7859.0
10.8;3511.7;1.5;0.0;99.0;7859.0
11.1;3511.7;0.6;0.0;99.0;7859.0
13.8;3511.7;1.2;0.0;99.0;7859.0
9.6;3511.7;1.2;0.0;97.0;7859.0
14.2;3511.7;0.6;0.0;99.0;7859.0
15.2;3511.7;1.2;0.0;99.0;7859.0
8.3;3511.7;1.2;0.0;97.0;7859.0
16.6;3511.7;0.6;0.0;99.0;7859.0
9.6;3511.7;1.2;0.0;97.0;7859.0
11.8;3511.7;0.6;0.0;97.0;7859.0
12.5;3511.7;1.3;0.3;97.0;7859.0
9.6;3511.7;1.2;0.0;97.0;7859.0
14.3;3511.7;0.6;0.0;97.0;7859.0
10.8;3511.7;1.2;0.0;97.0;7859.0
9.7;3511.7;1.2;0.0;97.0;7859.0
16.8;3511.7;0.6;0.0;97.0;7859.0
9.5;3511.7;1.2;0.0;97.0;7859.0
11.9;3511.7;0.6;0.0;97.0;7859.0
13.1;3511.7;1.2;0.0;97.0;7859.0
9.7;3511.7;1.2;0.0;97.0;7859.0
13.8;3511.7;0.6;0.0;99.0;7859.0
9.6;3511.7;1.2;0.0;97.0;7859.0
9.6;3511.7;1.2;0.0;97.0;7859.0
16.6;3511.7;0.6;0.0;99.0;7859.0
12.5;3511.7;1.2;0.0;97.0;7859.0
11.9;3511.7;0.6;0.0;99.0;7859.0
13.1;3511.7;1.2;0.0;99.0;7859.0
9.6;3511.7;1.2;0.0;97.0;7859.0
15.2;3511.7;0.6;0.0;99.0;7859.0
11.2;3511.7;1.2;0.0;99.0;7859.0
9.6;3511.7;1.2;0.0;99.0;7859.0
15.5;3511.7;0.6;0.0;99.0;7859.0
9.8;3511.7;1.2;0.0;99.0;7859.0
13.8;3511.7;0.6;0.0;99.0;7859.0
11.9;3511.7;1.2;0.0;99.0;7859.0
9.6;3511.7;1.2;0.0;97.0;7859.0
14.3;3511.7;0.6;0.0;99.0;7859.0
12.5;3511.7;1.2;0.0;96.0;7859.0
8.3;3511.7;1.2;0.0;97.0;7859.0
15.5;3511.7;0.6;0.0;99.0;7859.0
9.6;3511.7;1.2;0.0;97.0;7859.0
12.5;3511.7;0.6;0.0;97.0;7859.0
12.5;3511.7;1.2;0.0;97.0;7859.0
11.9;3511.7;1.2;0.0;97.0;7859.0
15.5;3511.7;0.6;0.0;97.0;7859.0
10.7;3511.7;1.3;0.3;97.0;7859.0
11.1;3511.7;0.6;0.0;97.0;7859.0
16.6;3511.7;1.2;0.0;97.0;7859.0
9.6;3511.7;1.2;0.0;97.0;7859.0
11.9;3511.7;0.6;0.0;97.0;7859.0
12.5;3511.7;1.2;0.0;97.0;7859.0
10.8;3511.7;1.2;0.0;97.0;7859.0
15.4;3511.7;0.6;0.0;99.0;7859.0
10.8;3511.7;1.2;0.0;97.0;7859.0
9.5;3511.7;1.2;0.0;99.0;7859.0
15.2;3511.7;0.6;0.0;99.0;7859.0
10.8;3511.7;1.2;0.0;97.0;7859.0
11.8;3511.7;0.6;0.0;99.0;7859.0
11.9;3511.7;1.2;0.0;99.0;7859.0
9.7;3511.7;1.2;0.0;97.0;7859.0
15.2;3511.7;0.6;0.0;99.0;7859.0
9.6;3511.7;1.5;0.0;99.0;7859.0
9.5;3511.7;1.2;0.0;97.0;7859.0
14.0;3511.7;0.6;0.0;99.0;7859.0
9.7;3511.7;1.2;0.0;97.0;7859.0
13.1;3511.7;0.6;0.0;97.0;7859.0
11.9;3511.7;1.2;0.0;96.0;7859.0
8.4;3511.7;1.2;0.0;97.0;7859.0
15.4;3511.7;0.6;0.0;96.0;7859.0
11.1;3511.7;1.2;0.0;97.0;7859.0
10.8;3511.7;1.2;0.0;97.0;7859.0
14.2;3511.7;0.6;0.0;97.0;7859.0
11.1;3511.7;1.2;0.0;97.0;7859.0
12.5;3511.7;0.6;0.0;97.0;7859.0
12.5;3511.7;1.2;0.0;97.0;7859.0
9.4;3511.7;1.2;0.0;97.0;7859.0
14.2;3511.7;0.6;0.0;99.0;7859.0
9.7;3511.7;1.2;0.0;97.0;7859.0
9.7;3511.7;1.2;0.0;97.0;7859.0
14.2;3511.7;0.6;0.0;99.0;7859.0
11.9;3511.7;1.3;0.3;97.0;7859.0
12.5;3511.7;0.6;0.0;99.0;7859.0
12.6;3511.7;1.2;0.0;99.0;7859.0
9.5;3511.7;1.2;0.0;97.0;7859.0
15.4;3511.7;0.6;0.0;99.0;7859.0
10.8;3511.7;1.2;0.0;99.0;7859.0
9.7;3511.7;1.2;0.0;99.0;7859.0
15.4;3511.7;0.6;0.0;99.0;7859.0
9.5;3511.7;1.2;0.0;97.0;7859.0
13.1;3511.7;0.6;0.0;99.0;7859.0
15.2;3511.7;1.2;0.0;99.0;7859.0
9.6;3511.7;1.2;0.0;97.0;7859.0
15.5;3511.7;0.6;0.0;99.0;7859.0
10.7;3511.7;1.2;0.0;97.0;7859.0
9.6;3511.7;0.6;0.0;96.0;7859.0
14.0;3511.7;1.2;0.0;99.0;7859.0
9.7;3511.7;1.2;0.0;96.0;7859.0
13.1;3511.7;0.6;0.0;97.0;7859.0
13.0;3511.7;1.2;0.0;97.0;7859.0
9.6;3511.7;1.2;0.0;97.0;7859.0
15.2;3511.7;0.6;0.0;97.0;7859.0
9.5;3511.7;1.2;0.0;97.0;7859.0
10.8;3511.7;0.6;0.0;97.0;7859.0
14.3;3511.7;1.2;0.0;97.0;7859.0
11.2;3511.7;1.2;0.0;97.0;7859.0
12.5;3511.7;0.6;0.0;97.0;7859.0
11.9;3511.7;1.2;0.0;97.0;7859.0
9.4;3511.7;1.2;0.0;97.0;7859.0
16.6;3511.7;0.6;0.0;99.0;7859.0
9.7;3511.7;1.2;0.0;97.0;7859.0
11.9;3511.7;0.6;0.0;99.0;7859.0
14.3;3511.7;1.2;0.0;99.0;7859.0
9.5;3511.7;1.2;0.0;97.0;7859.0
13.8;3511.7;0.6;0.0;99.0;7859.0
11.1;3511.7;1.2;0.0;99.0;7859.0
9.6;3511.7;1.3;0.3;99.0;7859.0
15.5;3511.7;0.6;0.0;99.0;7859.0
11.1;3511.7;1.2;0.0;99.0;7859.0
9.8;3511.7;0.6;0.0;99.0;7859.0
15.2;3511.7;1.2;0.0;99.0;7859.0
9.6;3511.7;1.2;0.0;96.0;7859.0
14.0;3511.7;0.6;0.0;99.0;7859.0
11.1;3511.7;1.5;0.0;99.0;7859.0
