0.0;10510336;0
0.0;10510336;0
0.0;10510336;0
0.0;10510336;0
33.6;12648448;0
99.7;12697600;0
66.5;14749696;0
99.4;14786560;0
50.4;16830464;0
99.7;16855040;0
57.3;19005440;0
86.0;18989056;0
66.5;21090304;0
99.7;21102592;0
57.3;23187456;0
99.7;23171072;0
66.5;25235456;0
86.0;25239552;0
71.0;27402240;0
83.1;27385856;0
83.1;29405184;0
71.7;29392896;0
85.2;31477760;0
67.2;31465472;0
99.7;33550336;0
57.3;33538048;0
99.4;35692544;0
71.7;35532800;173
99.7;37695488;0
49.9;39653376;0
100.3;39653376;0
56.8;41164800;0
100.3;41791488;0
66.5;43569152;0
100.8;43569152;0
71.0;45744128;0
100.3;45744128;0
33.2;47337472;0
199.5;86532096;0
127.8;121950208;0
200.7;146182144;0
99.7;146874368;723
99.7;146821120;17
16.8;149970944;0
99.7;148897792;0
28.7;150949888;0
85.2;150933504;0
33.6;152981504;0
83.1;152969216;0
33.2;154988544;0
86.0;154976256;0
33.2;156999680;0
83.1;156983296;0
49.9;159002624;0
71.7;158990336;0
49.9;161009664;0
84.0;160997376;0
49.9;163016704;0
49.9;163004416;0
56.8;165027840;0
57.3;165015552;0
83.1;167038976;0
49.9;167026688;0
84.0;169046016;0
33.2;169033728;0
83.1;171057152;0
42.6;171040768;0
99.7;173060096;0
28.7;173047808;0
99.7;175067136;0
14.3;175063040;0
100.8;177074176;0
28.4;179085312;0
99.7;179085312;0
16.6;181092352;0
100.8;181092352;0
0.0;181075968;0
182.8;212471808;0
201.6;245825536;0
232.7;270643200;0
143.3;189091840;0
99.4;189091840;0
71.7;191332352;0
99.7;191332352;0
133.0;193363968;0
100.8;193347584;0
28.4;195424256;0
99.7;195424256;0
133.0;197451776;0
114.7;197439488;0
57.3;199503872;0
99.4;199503872;0
143.3;201564160;0
114.7;201547776;0
49.9;203554816;0
99.7;203554816;0
166.2;205561856;0
100.8;205561856;0
170.5;207585280;0
114.7;207572992;0
129.0;209612800;0
99.7;209616896;0
166.2;211619840;0
99.7;211619840;0
168.0;213663744;0
66.5;217661440;0
99.7;215674880;0
117.6;217743360;0
116.4;217731072;0
133.0;219783168;0
113.6;219766784;0
57.3;221777920;0
100.3;221777920;0
83.1;223784960;0
100.8;223784960;0
99.7;228704256;0
199.5;266072064;0
227.3;296869888;0
200.7;319881216;0
114.7;229318656;0
99.7;229343232;0
117.6;231489536;0
99.7;231489536;0
149.6;233717760;0
83.1;233705472;0
83.1;235868160;0
100.3;235855872;0
85.2;237924352;0
86.0;237940736;0
100.3;240087040;0
85.2;242151424;0
99.7;242180096;0
116.4;244203520;0
134.4;244187136;0
99.7;246194176;0
99.7;246194176;0
84.0;248217600;0
99.7;248217600;0
166.2;250331136;0
99.4;250331136;0
157.7;252506112;0
114.7;252493824;0
113.6;254525440;0
33.6;254513152;0
86.0;256614400;0
99.4;256614400;0
172.0;258670592;0
66.5;260677632;0
100.3;260677632;0
86.0;262705152;0
99.4;262705152;0
84.0;264716288;0
99.7;264699904;0
0.0;265322496;0
199.5;303439872;0
184.7;336031744;0
215.0;361082880;0
143.3;270405632;0
127.8;270393344;0
100.8;272531456;0
99.7;272531456;0
99.7;274595840;0
49.9;274583552;0
83.1;276803584;0
100.3;276807680;0
114.7;278839296;0
83.1;278827008;0
99.7;280846336;0
84.0;282968064;0
99.7;282980352;0
86.0;285024256;0
99.4;285024256;0
114.7;287051776;0
100.3;287051776;0
116.4;289169408;0
83.1;289157120;0
67.2;291180544;0
99.7;291180544;0
83.1;293191680;0
83.1;293175296;0
99.7;295247872;0
100.8;296607744;0
99.7;297250816;0
116.4;299327488;0
100.8;299315200;0
99.7;301318144;0
99.7;301318144;0
83.1;303329280;0
99.7;303329280;0
134.4;305373184;0
49.9;305356800;0
33.2;311009280;0
184.8;344035328;0
133.0;377982976;0
199.5;402198528;0
83.1;310767616;0
99.7;310767616;0
134.4;312856576;0
49.9;312840192;0
85.2;314961920;0
100.3;314961920;0
151.2;316973056;0
16.6;318644224;0
99.7;319066112;0
85.2;321101824;0
99.7;321101824;0
67.2;323121152;0
99.7;323121152;0
149.6;325201920;0
100.8;325189632;0
86.0;327245824;0
43.0;329273344;0
99.4;329273344;0
71.7;331280384;0
100.3;331280384;0
156.2;333303808;0
100.3;333303808;0
149.6;335323136;0
99.7;335323136;0
201.6;337350656;0
99.7;339128320;0
99.7;339509248;0
117.6;341667840;0
133.0;341659648;0
49.9;343666688;0
99.7;343666688;0
71.0;345702400;0
100.3;345702400;0
129.0;348401664;0
198.9;384962560;0
243.7;415801344;0
258.0;438374400;0
127.8;352145408;0
99.7;352145408;0
127.8;355508224;0
33.2;355491840;0
100.8;357605376;0
99.7;357605376;0
142.0;359817216;0
114.7;361885696;0
114.7;361857024;0
28.4;363929600;0
99.7;363929600;0
149.6;365948928;0
99.7;365936640;0
151.2;367947776;0
99.7;367947776;0
116.4;370040832;0
100.8;370040832;0
100.3;372097024;0
71.0;373256192;0
100.3;374116352;0
16.6;376168448;0
99.7;376168448;0
134.4;378191872;0
116.4;378159104;0
49.9;380227584;0
100.3;380227584;0
86.0;382296064;0
99.4;382296064;0
86.0;384323584;0
85.2;384307200;0
99.7;386457600;0
67.2;388497408;0
99.7;388497408;0
49.9;388481024;0
218.4;416026624;0
129.0;452509696;0
198.9;479735808;0
143.3;393928704;0
99.4;393928704;0
66.5;396181504;0
100.8;396193792;0
66.5;398286848;0
56.8;398274560;0
99.7;400359424;0
84.0;401330176;0
100.3;402407424;0
28.4;404418560;0
99.7;404418560;0
133.0;406487040;0
42.6;406470656;0
57.3;408559616;0
71.7;408547328;0
66.5;410591232;0
99.4;410591232;0
86.0;412733440;0
67.2;413667328;0
99.7;414740480;0
116.4;416825344;0
116.4;416796672;0
33.2;418820096;0
100.3;418820096;0
86.0;420958208;0
99.4;420958208;0
49.9;423038976;0
100.8;423038976;0
83.1;425041920;0
85.2;425029632;0
86.0;427053056;0
