0.0;10514432;0
0.0;10514432;0
0.0;10514432;0
0.0;10514432;0
0.0;10514432;0
50.4;14647296;0
99.4;14692352;0
143.3;18964480;0
199.5;19177472;0
235.2;23277568;0
170.5;19230720;0
151.2;23318528;0
199.5;23293952;0
200.7;31432704;0
182.8;23453696;0
218.4;31518720;0
199.5;31559680;0
200.7;31592448;0
172.0;27590656;0
149.6;27709440;0
216.1;31600640;0
200.7;31547392;0
200.7;31686656;0
199.5;31686656;0
134.4;27676672;0
249.3;31825920;0
200.7;29282304;0
198.9;31887360;0
201.6;27996160;0
266.0;32124928;0
200.7;32124928;0
199.5;32124928;0
199.5;32149504;0
198.9;32149504;0
143.3;28184576;0
186.4;28389376;277
232.7;32321536;0
201.6;32317440;0
199.5;32321536;0
200.7;32329728;0
199.5;32452608;0
67.2;22573056;0
216.1;32567296;0
182.8;27279360;0
201.6;32571392;0
198.9;32571392;0
149.6;23388160;0
282.6;64753664;0
285.6;91324416;0
298.3;116142080;0
301.0;142172160;0
301.0;161497088;0
298.3;186224640;0
299.2;211103744;0
315.8;213872640;376
352.8;214437888;632
332.4;218460160;424
301.0;218460160;0
301.0;218460160;0
299.2;218460160;0
301.0;218460160;0
298.3;218468352;0
235.2;214454272;0
232.7;218480640;0
299.2;218480640;0
301.0;218480640;0
299.2;214470656;0
299.2;218476544;0
299.2;218476544;0
301.0;218476544;0
284.1;214495232;0
302.4;218521600;0
266.0;214499328;0
315.8;218525696;0
298.3;218525696;0
286.7;218521600;0
215.0;214495232;0
312.5;218525696;0
266.0;218529792;0
302.4;218529792;0
298.3;218529792;0
301.0;218529792;0
298.3;218529792;0
268.8;214507520;0
266.0;218533888;0
299.2;214507520;0
272.4;218529792;0
255.7;214503424;0
286.7;218529792;0
298.3;218529792;0
302.4;218529792;0
249.3;210481152;0
315.8;218529792;0
301.0;218529792;0
269.9;214503424;0
315.8;218525696;0
299.2;218525696;0
302.4;218525696;0
299.2;218525696;0
301.0;218537984;0
301.0;218537984;0
282.6;218537984;0
282.6;214515712;0
266.0;217866240;0
285.6;231124992;0
387.0;257785856;0
383.5;272478208;0
286.7;296431616;0
387.0;321585152;0
397.7;338956288;0
277.0;362647552;0
319.2;379854848;0
340.9;401772544;0
372.7;401772544;0
369.3;401838080;0
398.9;401838080;0
302.4;401838080;0
398.9;401838080;0
315.8;397815808;0
387.0;402956288;0
375.0;402956288;0
401.4;402956288;0
383.5;402956288;0
382.3;402956288;0
383.5;402956288;0
387.5;402956288;0
372.7;402980864;0
337.5;402980864;0
398.9;402980864;0
382.3;402980864;0
386.4;398958592;0
340.9;402980864;0
401.4;402980864;0
312.5;398954496;0
301.0;398954496;0
372.7;402984960;0
369.3;402984960;0
400.0;402984960;0
387.0;402984960;0
358.4;403030016;0
398.9;403030016;0
365.7;403030016;0
382.3;403030016;0
398.9;403030016;0
387.0;403030016;0
387.0;399007744;0
326.7;403034112;0
401.4;403034112;0
387.0;403034112;0
401.4;403034112;0
398.9;403034112;0
398.9;403034112;0
398.9;403034112;0
340.9;399011840;0
372.7;403038208;0
401.4;403038208;0
403.2;403038208;0
398.9;403038208;0
372.7;403030016;0
372.7;406392832;0
401.4;432463872;0
400.0;462524416;0
350.0;488054784;0
312.5;513335296;0
387.5;532090880;0
383.5;557535232;0
372.7;578199552;0
358.4;585834496;0
383.5;582909952;0
401.4;586977280;0
397.7;586977280;0
355.1;582983680;0
401.4;587014144;0
401.4;587014144;0
400.0;587014144;0
401.4;587014144;0
401.4;587014144;0
375.0;587014144;0
401.4;582987776;0
398.9;587010048;0
400.0;587063296;0
387.5;587063296;0
398.9;583036928;0
387.0;587071488;0
401.4;587071488;0
401.4;587071488;0
383.5;587071488;0
362.5;587071488;0
372.7;587071488;0
337.5;587071488;0
372.7;579018752;0
355.1;583045120;0
401.4;583045120;0
403.2;583045120;0
397.7;583045120;0
397.7;583045120;0
398.9;583041024;0
401.4;583041024;0
397.7;583049216;0
387.0;583049216;0
372.7;583049216;0
397.7;587075584;0
387.5;587075584;0
400.0;587079680;0
400.0;587079680;0
349.1;583053312;0
400.0;587083776;0
387.9;590434304;0
358.4;586412032;0
286.7;586412032;0
400.0;586412032;0
382.3;586412032;0
397.7;601403392;0
400.0;627032064;0
362.5;653082624;0
400.0;672534528;0
375.0;692944896;0
375.0;703528960;0
372.7;726777856;0
401.4;750616576;0
401.4;765755392;0
400.0;771334144;0
329.7;771330048;0
401.4;771366912;0
362.5;771366912;0
400.0;767340544;0
286.7;771358720;0
358.4;771366912;0
358.4;771366912;0
372.7;771366912;0
358.4;771366912;0
400.0;771366912;0
369.3;767340544;0
400.0;771395584;0
340.9;771403776;0
375.0;771403776;0
375.0;771403776;0
387.0;771403776;0
400.0;771403776;0
372.7;771403776;0
401.4;763351040;0
397.7;767377408;0
400.0;767377408;0
400.0;767377408;0
400.0;771420160;0
387.0;771420160;0
401.4;771420160;0
387.5;771420160;0
375.0;771420160;0
398.9;771416064;0
387.5;771416064;0
401.4;767389696;0
401.4;771416064;0
372.7;771416064;0
400.0;771416064;0
358.4;767393792;0
401.4;771420160;0
400.0;771420160;0
401.4;771420160;0
400.0;771399680;0
401.4;767373312;0
401.4;771395584;0
387.5;771395584;0
387.5;767369216;0
387.5;774746112;0
387.9;778768384;0
400.0;800522240;0
387.5;817860608;0
400.0;848510976;0
375.0;865632256;0
383.5;882880512;0
375.0;898772992;0
400.0;915791872;0
346.0;933629952;0
325.0;947924992;0
400.0;953921536;0
387.0;954052608;0
387.5;950026240;0
375.0;955187200;0
357.1;955215872;0
387.5;951189504;0
400.0;955215872;0
387.0;951189504;0
387.5;951189504;0
398.9;951189504;0
400.0;951189504;0
387.5;955211776;0
362.5;955211776;0
362.5;955211776;0
400.0;955211776;0
387.5;951185408;0
375.0;955207680;0
400.0;951185408;0
400.0;951185408;0
401.4;951189504;0
368.3;955219968;0
401.4;955219968;0
400.0;955219968;0
400.0;951193600;0
387.9;955215872;0
