0.0;10498048;0
0.0;10498048;0
0.0;10498048;0
0.0;10498048;0
0.0;10498048;0
0.0;10498048;0
0.0;10498048;0
0.0;10498048;0
0.0;10498048;0
0.0;10498048;0
0.0;10498048;0
0.0;10498048;0
0.0;10498048;0
0.0;10498048;0
0.0;10498048;0
0.0;10498048;0
0.0;10498048;0
0.0;10498048;0
0.0;10498048;0
0.0;10498048;0
0.0;10498048;0
0.0;10498048;0
0.0;10498048;0
0.0;10498048;0
0.0;10498048;0
0.0;10498048;0
0.0;10498048;0
0.0;10498048;0
0.0;10498048;0
0.0;10498048;0
0.0;10498048;0
0.0;10498048;0
0.0;10498048;0
0.0;10498048;0
0.0;10498048;0
0.0;10498048;0
49.9;20525056;113
0.0;20496384;1
0.0;20496384;0
0.0;20496384;0
0.0;20496384;0
0.0;20496384;0
0.0;20496384;0
0.0;20496384;0
0.0;20496384;0
0.0;20496384;0
0.0;20496384;0
0.0;20496384;0
0.0;20496384;0
0.0;20496384;0
0.0;20496384;0
0.0;20496384;0
0.0;20496384;0
0.0;20496384;0
0.0;20496384;0
0.0;20496384;0
0.0;20496384;0
0.0;20496384;0
0.0;20496384;0
0.0;20496384;0
0.0;20496384;0
0.0;20496384;0
0.0;20496384;0
0.0;20496384;0
0.0;20496384;0
0.0;20496384;0
0.0;20496384;0
0.0;20496384;0
0.0;20496384;0
0.0;20496384;0
0.0;20496384;0
0.0;20496384;0
33.2;29528064;0
0.0;20877312;0
0.0;20877312;0
0.0;20877312;0
0.0;20877312;0
0.0;20877312;0
0.0;20877312;0
0.0;20877312;0
0.0;20877312;0
0.0;20877312;0
0.0;20877312;0
0.0;20877312;0
0.0;20877312;0
0.0;20877312;0
0.0;20877312;0
0.0;20877312;0
0.0;20877312;0
0.0;20877312;0
0.0;20877312;0
0.0;20877312;0
0.0;20877312;0
0.0;20877312;0
0.0;20877312;0
0.0;20877312;0
0.0;20877312;0
0.0;20877312;0
0.0;20877312;0
0.0;20877312;0
0.0;20877312;0
0.0;20877312;0
0.0;20877312;0
0.0;20877312;0
0.0;20877312;0
0.0;20877312;0
0.0;20877312;0
0.0;20877312;0
0.0;20877312;0
0.0;20877312;0
33.2;21024768;0
0.0;21024768;0
0.0;21024768;0
0.0;21024768;0
0.0;21024768;0
0.0;21024768;0
0.0;21024768;0
0.0;21024768;0
0.0;21024768;0
0.0;21024768;0
0.0;21024768;0
0.0;21024768;0
0.0;21024768;0
0.0;21024768;0
0.0;21024768;0
0.0;21024768;0
0.0;21024768;0
0.0;21024768;0
0.0;21024768;0
0.0;21024768;0
0.0;21024768;0
0.0;21024768;0
0.0;21024768;0
0.0;21024768;0
0.0;21024768;0
0.0;21024768;0
0.0;21024768;0
0.0;21024768;0
0.0;21024768;0
0.0;21024768;0
0.0;21024768;0
0.0;21024768;0
0.0;21024768;0
0.0;21024768;0
0.0;21024768;0
0.0;21024768;0
33.2;21594112;0
0.0;21594112;0
0.0;21594112;0
0.0;21594112;0
0.0;21594112;0
0.0;21594112;0
0.0;21594112;0
0.0;21594112;0
0.0;21594112;0
0.0;21594112;0
0.0;21594112;0
0.0;21594112;0
0.0;21594112;0
0.0;21594112;0
0.0;21594112;0
0.0;21594112;0
0.0;21594112;0
0.0;21594112;0
0.0;21594112;0
0.0;21594112;0
0.0;21594112;0
0.0;21594112;0
0.0;21594112;0
0.0;21594112;0
0.0;21594112;0
0.0;21594112;0
0.0;21594112;0
0.0;21594112;0
0.0;21594112;0
0.0;21594112;0
0.0;21594112;0
0.0;21594112;0
0.0;21594112;0
0.0;21594112;0
0.0;21594112;0
0.0;22708224;0
16.6;21868544;0
0.0;21868544;0
0.0;21868544;0
0.0;21868544;0
0.0;21868544;0
0.0;21868544;0
0.0;21868544;0
0.0;21868544;0
0.0;21868544;0
0.0;21868544;0
0.0;21868544;0
0.0;21868544;0
0.0;21868544;0
0.0;21868544;0
0.0;21868544;0
0.0;21868544;0
0.0;21868544;0
0.0;21868544;0
0.0;21868544;0
0.0;21868544;0
0.0;21868544;0
0.0;21868544;0
0.0;21868544;0
0.0;21868544;0
0.0;21868544;0
0.0;21868544;0
0.0;21868544;0
0.0;21868544;0
0.0;21868544;0
0.0;21868544;0
0.0;21868544;0
0.0;21868544;0
0.0;21868544;0
0.0;21868544;0
0.0;21868544;0
28.7;29454336;0
0.0;21872640;0
0.0;21872640;0
0.0;21872640;0
0.0;21872640;0
0.0;21872640;0
0.0;21872640;0
0.0;21872640;0
0.0;21872640;0
0.0;21872640;0
0.0;21872640;0
0.0;21872640;0
0.0;21872640;0
0.0;21872640;0
0.0;21872640;0
0.0;21872640;0
0.0;21872640;0
0.0;21872640;0
0.0;21872640;0
0.0;21872640;0
0.0;21872640;0
0.0;21872640;0
0.0;21872640;0
0.0;21872640;0
0.0;21872640;0
0.0;21872640;0
0.0;21872640;0
0.0;21872640;0
0.0;21872640;0
0.0;21872640;0
0.0;21872640;0
0.0;21872640;0
0.0;21872640;0
0.0;21872640;0
0.0;21872640;0
43.0;21921792;0
0.0;21921792;0
0.0;21921792;0
0.0;21921792;0
0.0;21921792;0
0.0;21921792;0
0.0;21921792;0
0.0;21921792;0
0.0;21921792;0
0.0;21954560;0
0.0;21954560;0
0.0;21954560;0
0.0;21954560;0
0.0;21954560;0
0.0;21954560;0
0.0;21954560;0
0.0;21954560;0
0.0;21954560;0
0.0;21954560;0
0.0;21954560;0
0.0;21954560;0
0.0;21954560;0
0.0;21954560;0
0.0;21954560;0
0.0;21954560;0
0.0;21954560;0
0.0;21954560;0
0.0;21954560;0
0.0;21954560;0
0.0;21954560;0
0.0;21954560;0
0.0;21954560;0
0.0;21954560;0
0.0;21954560;0
0.0;21954560;0
43.0;22745088;0
0.0;22745088;0
0.0;22745088;0
0.0;22745088;0
0.0;22745088;0
0.0;22745088;0
0.0;22745088;0
0.0;22745088;0
0.0;22745088;0
0.0;22745088;0
0.0;22745088;0
0.0;22745088;0
0.0;22745088;0
