0.0;10506240;0
0.0;10506240;0
0.0;10506240;0
0.0;10506240;0
0.0;10506240;0
0.0;10506240;0
0.0;10506240;0
0.0;10506240;0
0.0;10506240;0
0.0;10506240;0
0.0;10506240;0
0.0;10506240;0
0.0;10506240;0
0.0;10506240;0
0.0;10506240;0
0.0;10506240;0
0.0;10506240;0
0.0;10506240;0
0.0;10506240;0
0.0;10506240;0
0.0;10506240;0
0.0;10506240;0
0.0;10506240;0
0.0;10506240;0
0.0;10506240;0
0.0;10506240;0
0.0;10506240;0
0.0;10506240;0
0.0;10506240;0
0.0;10506240;0
0.0;10506240;0
0.0;10506240;0
0.0;10506240;0
0.0;10506240;0
0.0;10506240;0
0.0;10506240;0
16.8;14614528;0
0.0;20508672;114
0.0;20508672;0
0.0;20508672;0
0.0;20508672;0
0.0;20508672;0
0.0;20508672;0
0.0;20508672;0
0.0;20508672;0
0.0;20508672;0
0.0;20508672;0
0.0;20508672;0
0.0;20508672;0
0.0;20508672;0
0.0;20508672;0
0.0;20508672;0
0.0;20508672;0
0.0;20508672;0
0.0;20508672;0
0.0;20508672;0
0.0;20508672;0
0.0;20508672;0
0.0;20508672;0
0.0;20508672;0
0.0;20508672;0
0.0;20508672;0
0.0;20508672;0
0.0;20508672;0
0.0;20508672;0
0.0;20508672;0
0.0;20508672;0
0.0;20508672;0
0.0;20508672;0
0.0;20508672;0
0.0;20508672;0
0.0;20508672;0
0.0;20508672;0
33.2;20893696;0
0.0;20893696;0
0.0;20893696;0
0.0;20893696;0
0.0;20893696;0
0.0;20893696;0
0.0;20893696;0
0.0;20893696;0
0.0;20893696;0
0.0;20893696;0
0.0;20893696;0
0.0;20893696;0
0.0;20893696;0
0.0;20893696;0
0.0;20893696;0
0.0;20893696;0
0.0;20893696;0
0.0;20893696;0
0.0;20893696;0
0.0;20893696;0
0.0;20893696;0
0.0;20893696;0
0.0;20893696;0
0.0;20893696;0
0.0;20893696;0
0.0;20893696;0
0.0;20893696;0
0.0;20893696;0
0.0;20893696;0
0.0;20893696;0
0.0;20893696;0
0.0;20893696;0
0.0;20893696;0
0.0;20893696;0
0.0;20893696;0
0.0;20893696;0
0.0;20893696;0
49.9;21020672;0
0.0;21020672;0
0.0;21020672;0
0.0;21020672;0
0.0;21020672;0
0.0;21020672;0
0.0;21020672;0
0.0;21020672;0
0.0;21020672;0
0.0;21020672;0
0.0;21020672;0
0.0;21020672;0
0.0;21020672;0
0.0;21020672;0
0.0;21020672;0
0.0;21020672;0
0.0;21020672;0
0.0;21020672;0
0.0;21020672;0
0.0;21020672;0
0.0;21020672;0
0.0;21020672;0
0.0;21020672;0
0.0;21020672;0
0.0;21020672;0
0.0;21020672;0
0.0;21020672;0
0.0;21020672;0
0.0;21020672;0
0.0;21020672;0
0.0;21020672;0
0.0;21020672;0
0.0;21020672;0
0.0;21020672;0
0.0;21020672;0
0.0;21020672;0
49.9;21602304;0
0.0;21602304;0
0.0;21602304;0
0.0;21602304;0
0.0;21602304;0
0.0;21602304;0
0.0;21602304;0
0.0;21602304;0
0.0;21602304;0
0.0;21602304;0
0.0;21602304;0
0.0;21602304;0
0.0;21602304;0
0.0;21602304;0
0.0;21602304;0
0.0;21602304;0
0.0;21602304;0
0.0;21602304;0
0.0;21602304;0
0.0;21602304;0
0.0;21602304;0
0.0;21602304;0
0.0;21602304;0
0.0;21602304;0
0.0;21602304;0
0.0;21602304;0
0.0;21602304;0
0.0;21602304;0
0.0;21602304;0
0.0;21602304;0
0.0;21602304;0
0.0;21602304;0
0.0;21602304;0
0.0;21602304;0
0.0;21602304;0
0.0;21602304;0
49.9;21852160;0
0.0;21852160;0
0.0;21852160;0
0.0;21852160;0
0.0;21852160;0
0.0;21852160;0
0.0;21852160;0
0.0;21852160;0
0.0;21852160;0
0.0;21852160;0
0.0;21852160;0
0.0;21852160;0
0.0;21852160;0
0.0;21852160;0
0.0;21852160;0
0.0;21852160;0
0.0;21852160;0
0.0;21852160;0
0.0;21852160;0
0.0;21852160;0
0.0;21852160;0
0.0;21852160;0
0.0;21852160;0
0.0;21852160;0
0.0;21852160;0
0.0;21852160;0
0.0;21852160;0
0.0;21852160;0
0.0;21852160;0
0.0;21852160;0
0.0;21852160;0
0.0;21852160;0
0.0;21852160;0
0.0;21852160;0
0.0;21852160;0
42.6;21897216;0
0.0;21897216;0
0.0;21897216;0
0.0;21897216;0
0.0;21897216;0
0.0;21897216;0
0.0;21897216;0
0.0;21897216;0
0.0;21897216;0
0.0;21897216;0
0.0;21897216;0
0.0;21897216;0
0.0;21897216;0
0.0;21897216;0
0.0;21897216;0
0.0;21897216;0
0.0;21897216;0
0.0;21897216;0
0.0;21897216;0
0.0;21897216;0
0.0;21897216;0
0.0;21897216;0
0.0;21897216;0
0.0;21897216;0
0.0;21897216;0
0.0;21897216;0
0.0;21897216;0
0.0;21897216;0
0.0;21897216;0
0.0;21897216;0
0.0;21897216;0
0.0;21897216;0
0.0;21897216;0
0.0;21897216;0
0.0;21897216;0
33.6;28991488;0
0.0;21921792;0
0.0;21921792;0
0.0;21921792;0
0.0;21921792;0
0.0;21921792;0
0.0;21921792;0
0.0;21921792;0
0.0;21921792;0
0.0;21921792;0
0.0;21921792;0
0.0;21950464;0
0.0;21950464;0
0.0;21950464;0
0.0;21950464;0
0.0;21950464;0
0.0;21950464;0
0.0;21950464;0
0.0;21950464;0
0.0;21950464;0
0.0;21950464;0
0.0;21950464;0
0.0;21950464;0
0.0;21950464;0
0.0;21950464;0
0.0;21950464;0
0.0;21950464;0
0.0;21950464;0
0.0;21950464;0
0.0;21950464;0
0.0;21950464;0
0.0;21950464;0
0.0;21950464;0
0.0;21950464;0
0.0;21950464;0
33.2;22753280;0
0.0;22753280;0
0.0;22753280;0
0.0;22753280;0
0.0;22753280;0
0.0;22753280;0
0.0;22753280;0
0.0;22753280;0
0.0;22753280;0
0.0;22753280;0
0.0;22753280;0
0.0;22753280;0
0.0;22753280;0
