0.0;10498048;0
0.0;10498048;0
0.0;10498048;0
0.0;10498048;0
0.0;10498048;0
0.0;10498048;0
0.0;10498048;0
0.0;10498048;0
0.0;10498048;0
0.0;10498048;0
0.0;10498048;0
0.0;10498048;0
0.0;10498048;0
0.0;10498048;0
0.0;10498048;0
0.0;10498048;0
0.0;10498048;0
0.0;10498048;0
0.0;10498048;0
0.0;10498048;0
0.0;10498048;0
0.0;10498048;0
0.0;10498048;0
0.0;10498048;0
0.0;10498048;0
0.0;10498048;0
0.0;10498048;0
0.0;10498048;0
0.0;10498048;0
0.0;10498048;0
0.0;10498048;0
0.0;10498048;0
0.0;10498048;0
0.0;10498048;0
0.0;10498048;0
0.0;10498048;0
43.0;20496384;114
0.0;20496384;0
0.0;20496384;0
0.0;20496384;0
0.0;20496384;0
0.0;20496384;0
0.0;20496384;0
0.0;20496384;0
0.0;20496384;0
0.0;20496384;0
0.0;20496384;0
0.0;20496384;0
0.0;20496384;0
0.0;20496384;0
0.0;20496384;0
0.0;20496384;0
0.0;20496384;0
0.0;20496384;0
0.0;20496384;0
0.0;20496384;0
0.0;20496384;0
0.0;20496384;0
0.0;20496384;0
0.0;20496384;0
0.0;20496384;0
0.0;20496384;0
0.0;20496384;0
0.0;20496384;0
0.0;20496384;0
0.0;20496384;0
0.0;20496384;0
0.0;20496384;0
0.0;20496384;0
0.0;20496384;0
0.0;20496384;0
0.0;20496384;0
16.6;24989696;0
16.8;20905984;0
0.0;20905984;0
0.0;20905984;0
0.0;20905984;0
0.0;20905984;0
0.0;20905984;0
0.0;20905984;0
0.0;20905984;0
0.0;20905984;0
0.0;20905984;0
0.0;20905984;0
0.0;20905984;0
0.0;20905984;0
0.0;20905984;0
0.0;20905984;0
0.0;20905984;0
0.0;20905984;0
0.0;20905984;0
0.0;20905984;0
0.0;20905984;0
0.0;20905984;0
0.0;20905984;0
0.0;20905984;0
0.0;20905984;0
0.0;20905984;0
0.0;20905984;0
0.0;20905984;0
0.0;20905984;0
0.0;20905984;0
0.0;20905984;0
0.0;20905984;0
0.0;20905984;0
0.0;20905984;0
0.0;20905984;0
0.0;20905984;0
0.0;20905984;0
50.4;21049344;0
0.0;21049344;0
0.0;21049344;0
0.0;21049344;0
0.0;21049344;0
0.0;21049344;0
0.0;21049344;0
0.0;21049344;0
0.0;21049344;0
0.0;21049344;0
0.0;21049344;0
0.0;21049344;0
0.0;21049344;0
0.0;21049344;0
0.0;21049344;0
0.0;21049344;0
0.0;21049344;0
0.0;21049344;0
0.0;21049344;0
0.0;21049344;0
0.0;21049344;0
0.0;21049344;0
0.0;21049344;0
0.0;21049344;0
0.0;21049344;0
0.0;21049344;0
0.0;21049344;0
0.0;21049344;0
0.0;21049344;0
0.0;21049344;0
0.0;21049344;0
0.0;21049344;0
0.0;21049344;0
0.0;21049344;0
0.0;21049344;0
0.0;21049344;0
0.0;21049344;0
49.9;21618688;0
0.0;21618688;0
0.0;21618688;0
0.0;21618688;0
0.0;21618688;0
0.0;21618688;0
0.0;21618688;0
0.0;21618688;0
0.0;21618688;0
0.0;21618688;0
0.0;21618688;0
0.0;21618688;0
0.0;21618688;0
0.0;21618688;0
0.0;21618688;0
0.0;21618688;0
0.0;21618688;0
0.0;21618688;0
0.0;21618688;0
0.0;21618688;0
0.0;21618688;0
0.0;21618688;0
0.0;21618688;0
0.0;21618688;0
0.0;21618688;0
0.0;21618688;0
0.0;21618688;0
0.0;21618688;0
0.0;21618688;0
0.0;21618688;0
0.0;21618688;0
0.0;21618688;0
0.0;21618688;0
0.0;21618688;0
0.0;21618688;0
0.0;21618688;0
49.9;21901312;0
0.0;21901312;0
0.0;21901312;0
0.0;21901312;0
0.0;21901312;0
0.0;21901312;0
0.0;21901312;0
0.0;21901312;0
0.0;21901312;0
0.0;21901312;0
0.0;21901312;0
0.0;21901312;0
0.0;21901312;0
0.0;21901312;0
0.0;21901312;0
0.0;21901312;0
0.0;21901312;0
0.0;21901312;0
0.0;21901312;0
0.0;21901312;0
0.0;21901312;0
0.0;21901312;0
0.0;21901312;0
0.0;21901312;0
0.0;21901312;0
0.0;21901312;0
0.0;21901312;0
0.0;21901312;0
0.0;21901312;0
0.0;21901312;0
0.0;21901312;0
0.0;21901312;0
0.0;21901312;0
0.0;21901312;0
0.0;21901312;0
28.4;27791360;0
0.0;21934080;0
0.0;21934080;0
0.0;21934080;0
0.0;21934080;0
0.0;21934080;0
0.0;21934080;0
0.0;21934080;0
0.0;21934080;0
0.0;21934080;0
0.0;21934080;0
0.0;21934080;0
0.0;21934080;0
0.0;21934080;0
0.0;21934080;0
0.0;21934080;0
0.0;21934080;0
0.0;21934080;0
0.0;21934080;0
0.0;21934080;0
0.0;21934080;0
0.0;21934080;0
0.0;21934080;0
0.0;21934080;0
0.0;21934080;0
0.0;21934080;0
0.0;21934080;0
0.0;21934080;0
0.0;21934080;0
0.0;21934080;0
0.0;21934080;0
0.0;21934080;0
0.0;21934080;0
0.0;21934080;0
0.0;21934080;0
0.0;21934080;0
33.2;21905408;0
0.0;21905408;0
0.0;21905408;0
0.0;21905408;0
0.0;21905408;0
0.0;21905408;0
0.0;21905408;0
0.0;21905408;0
0.0;21905408;0
0.0;21942272;0
0.0;21942272;0
0.0;21942272;0
0.0;21942272;0
0.0;21942272;0
0.0;21942272;0
0.0;21942272;0
0.0;21942272;0
0.0;21942272;0
0.0;21942272;0
0.0;21942272;0
0.0;21942272;0
0.0;21942272;0
0.0;21942272;0
0.0;21942272;0
0.0;21942272;0
0.0;21942272;0
0.0;21942272;0
0.0;21942272;0
0.0;21942272;0
0.0;21942272;0
0.0;21942272;0
0.0;21942272;0
0.0;21942272;0
0.0;21942272;0
28.7;26820608;0
0.0;22777856;0
0.0;22777856;0
0.0;22777856;0
0.0;22777856;0
0.0;22777856;0
0.0;22777856;0
0.0;22777856;0
0.0;22777856;0
0.0;22777856;0
0.0;22777856;0
0.0;22777856;0
0.0;22777856;0
