7.2;13.6;1.4;0.0;657.0


8.3;130.0;7.1;0.0;657.0


8.3;102.2;9.0;0.0;657.0


0.0;60.0;5.9;0.0;657.0


0.0;0.3;0.0;0.0;657.0


8.4;27.3;1.1;0.0;657.0


8.3;0.3;0.0;2.0;845.0


8.3;0.0;0.0;5.0;977.0


8.4;0.0;0.0;6.0;1115.0


8.4;0.2;0.0;5.0;1231.0


8.4;0.0;0.0;6.0;1407.0


8.4;70.2;67.7;3.0;1615.0


8.4;84.8;353.6;33.0;2065.0


15.2;0.0;0.0;37.0;2065.0


0.0;0.1;0.0;0.0;2065.0


0.0;0.3;0.0;0.0;2065.0


0.0;13.5;0.2;0.0;2065.0


0.0;0.3;0.0;0.0;2085.0


8.3;16.5;0.7;59.0;2663.0


8.4;0.0;0.0;41.0;3417.0


8.4;0.0;0.0;48.0;4193.0


8.3;0.0;0.0;39.0;4951.0


8.4;0.0;0.0;54.0;5705.0


8.3;0.0;0.0;40.0;7039.0


11.2;0.0;0.0;56.0;6951.0


49.7;0.0;0.0;39.0;7367.0


8.3;0.0;0.0;55.0;7367.0


8.4;0.0;0.0;55.0;7367.0


8.3;0.0;0.0;54.0;7367.0


8.4;0.0;0.0;55.0;7367.0


8.3;0.0;0.0;54.0;7367.0


8.4;0.0;0.0;55.0;7367.0


8.3;0.0;0.0;54.0;7367.0


8.3;0.0;0.0;54.0;7367.0


8.4;0.0;0.0;54.0;7367.0


8.3;0.0;0.0;54.0;7367.0


8.3;0.0;0.0;54.0;7367.0


8.3;0.0;0.0;55.0;7367.0


0.0;10.6;0.8;0.0;7367.0


0.0;0.3;0.0;0.0;7367.0


0.0;13.5;0.2;0.0;7367.0


0.0;0.3;0.0;0.0;7367.0


7.2;15.8;0.7;44.0;7369.0


8.3;0.0;0.0;56.0;7369.0


8.4;0.0;0.0;56.0;7369.0


8.3;0.0;0.0;56.0;7371.0


50.2;0.0;0.0;33.0;7587.0


8.3;0.0;0.0;54.0;7587.0


8.4;0.0;0.0;54.0;7587.0


8.3;0.0;0.0;55.0;7587.0


8.3;0.0;0.0;54.0;7587.0


8.3;0.0;0.0;53.0;7587.0


8.3;0.0;0.0;54.0;7587.0


8.3;0.0;0.0;54.0;7587.0


8.3;0.0;0.0;54.0;7587.0


8.4;0.0;0.0;53.0;7587.0


8.4;0.0;0.0;55.0;7587.0


8.3;0.0;0.0;53.0;7587.0


8.4;0.0;0.0;55.0;7587.0


0.0;10.6;0.8;0.0;7587.0


0.0;0.3;0.0;0.0;7587.0


0.0;15.1;0.2;0.0;7587.0


0.0;0.3;0.0;0.0;7587.0


8.4;16.4;0.7;45.0;7587.0


8.3;0.0;0.0;56.0;7587.0


8.4;0.0;0.0;56.0;7587.0


8.3;0.0;0.0;56.0;7587.0


50.4;0.0;0.0;32.0;7587.0


8.3;0.0;0.0;54.0;7587.0


8.3;0.0;0.0;54.0;7587.0


8.4;0.0;0.0;54.0;7587.0


8.3;0.0;0.0;54.0;7587.0


8.3;0.0;0.0;54.0;7587.0


8.3;0.0;0.0;53.0;7587.0


8.3;0.0;0.0;54.0;7587.0


8.4;0.0;0.0;54.0;7587.0


8.3;0.0;0.0;54.0;7587.0


8.4;0.0;0.0;54.0;7587.0


8.4;0.0;0.0;55.0;7587.0


8.3;0.0;0.0;54.0;7587.0


0.0;10.6;0.8;0.0;7587.0


0.0;0.3;0.0;0.0;7587.0


0.0;14.1;0.2;0.0;7587.0


0.0;0.3;0.0;0.0;7587.0


8.3;15.6;0.7;42.0;7587.0


8.3;0.0;0.0;56.0;7587.0


8.3;0.0;0.0;56.0;7587.0


8.3;0.0;0.0;56.0;7587.0


50.0;0.0;0.0;52.0;7587.0


8.3;0.0;0.0;53.0;7587.0


8.3;0.0;0.0;54.0;7587.0


8.4;0.0;0.0;53.0;7587.0


8.4;0.0;0.0;54.0;7587.0


8.3;0.0;0.0;54.0;7587.0


8.4;0.0;0.0;52.0;7587.0


8.3;0.0;0.0;54.0;7587.0


8.4;0.0;0.0;50.0;7587.0


8.4;0.0;0.0;53.0;7587.0


8.3;0.0;0.0;54.0;7587.0


8.4;0.0;0.0;54.0;7587.0


8.3;0.0;0.0;53.0;7587.0


0.0;10.6;0.8;0.0;7587.0


0.0;0.3;0.0;0.0;7587.0


0.0;13.1;0.2;0.0;7587.0


0.0;0.3;0.0;0.0;7587.0


8.3;15.3;0.7;43.0;7587.0


8.4;0.0;0.0;55.0;7587.0


8.3;0.0;0.0;56.0;7587.0


8.3;0.0;0.0;56.0;7587.0


49.7;0.0;0.0;32.0;7587.0


8.3;0.0;0.0;54.0;7587.0


8.4;0.0;0.0;53.0;7587.0


8.3;0.0;0.0;54.0;7587.0


8.4;0.0;0.0;54.0;7587.0


8.4;0.0;0.0;52.0;7587.0


8.4;0.0;0.0;54.0;7587.0


8.4;0.0;0.0;54.0;7587.0


8.3;0.0;0.0;54.0;7587.0


8.4;0.0;0.0;54.0;7587.0


8.3;0.0;0.0;54.0;7587.0


8.3;0.0;0.0;54.0;7587.0


8.3;0.0;0.0;54.0;7587.0


0.0;10.6;0.8;0.0;7587.0


0.0;0.3;0.0;0.0;7587.0


0.0;14.8;0.2;0.0;7587.0


0.0;0.3;0.0;0.0;7587.0


8.3;15.5;0.7;41.0;7587.0


8.4;0.0;0.0;56.0;7587.0


8.4;0.0;0.0;55.0;7587.0


8.3;0.0;0.0;56.0;7587.0


50.2;0.0;0.0;43.0;7587.0


8.3;0.0;0.0;53.0;7587.0


8.4;0.0;0.0;54.0;7587.0


8.4;0.0;0.0;53.0;7587.0


8.3;0.0;0.0;54.0;7587.0


8.4;0.0;0.0;54.0;7587.0


8.3;0.0;0.0;54.0;7587.0


8.4;0.0;0.0;54.0;7587.0


8.3;0.0;0.0;54.0;7587.0


8.4;0.0;0.0;54.0;7587.0


8.4;0.0;0.0;54.0;7587.0


8.3;0.0;0.0;54.0;7587.0


8.3;0.0;0.0;54.0;7587.0


0.0;10.6;0.8;0.0;7587.0


0.0;0.3;0.0;0.0;7587.0


0.0;13.9;0.2;0.0;7587.0


0.0;0.3;0.0;0.0;7587.0


8.4;15.0;0.7;41.0;7587.0


8.3;0.0;0.0;55.0;7587.0


8.4;0.0;0.0;56.0;7587.0


8.4;0.0;0.0;55.0;7587.0


50.2;0.0;0.0;35.0;7587.0


8.4;0.0;0.0;54.0;7587.0


8.3;0.0;0.0;52.0;7587.0


8.4;0.0;0.0;54.0;7587.0


8.3;0.0;0.0;53.0;7587.0


8.3;0.0;0.0;50.0;7587.0


8.3;0.0;0.0;54.0;7587.0


8.3;0.0;0.0;54.0;7587.0


8.3;0.0;0.0;53.0;7587.0


8.3;0.0;0.0;53.0;7587.0


8.3;0.0;0.0;52.0;7587.0


8.4;0.0;0.0;53.0;7587.0


8.3;0.0;0.0;54.0;7587.0


0.0;10.6;0.8;0.0;7587.0


0.0;0.3;0.0;0.0;7587.0


0.0;14.3;0.2;0.0;7587.0


0.0;0.3;0.0;0.0;7587.0


7.2;16.0;0.7;41.0;7587.0


8.4;0.0;0.0;56.0;7587.0


8.3;0.0;0.0;56.0;7587.0


8.4;0.0;0.0;56.0;7587.0


50.0;0.0;0.0;48.0;7587.0


8.4;0.0;0.0;52.0;7587.0


8.3;0.0;0.0;54.0;7587.0


8.4;0.0;0.0;52.0;7587.0


8.4;0.0;0.0;54.0;7587.0


8.3;0.0;0.0;53.0;7587.0


8.3;0.0;0.0;53.0;7587.0


8.3;0.0;0.0;49.0;7587.0


8.3;0.0;0.0;54.0;7587.0


8.4;0.0;0.0;54.0;7587.0


8.3;0.0;0.0;53.0;7587.0


8.4;0.0;0.0;54.0;7587.0


8.3;0.0;0.0;53.0;7587.0


0.0;10.6;0.8;0.0;7587.0


0.0;0.3;0.0;0.0;7587.0


0.0;13.0;0.2;0.0;7587.0


0.0;0.3;0.0;0.0;7587.0


8.3;15.9;0.7;39.0;7587.0


8.3;0.0;0.0;55.0;7587.0


8.3;0.0;0.0;56.0;7587.0


8.4;0.0;0.0;55.0;7587.0


49.7;0.0;0.0;40.0;7587.0


8.3;0.0;0.0;54.0;7587.0


8.3;0.0;0.0;53.0;7587.0


8.3;0.0;0.0;54.0;7587.0


8.3;0.0;0.0;54.0;7587.0


8.4;0.0;0.0;54.0;7587.0


8.3;0.0;0.0;53.0;7587.0


8.4;0.0;0.0;54.0;7587.0


8.3;0.0;0.0;54.0;7587.0


8.4;0.0;0.0;54.0;7587.0


8.3;0.0;0.0;54.0;7587.0


8.3;0.0;0.0;53.0;7587.0


8.4;0.0;0.0;53.0;7587.0


0.0;10.6;0.8;0.0;7587.0


0.0;0.3;0.0;0.0;7587.0


0.0;14.3;0.2;0.0;7587.0


0.0;0.3;0.0;0.0;7587.0


8.3;15.7;0.7;46.0;7587.0


8.4;0.0;0.0;55.0;7587.0


8.4;0.0;0.0;56.0;7587.0


8.3;0.0;0.0;56.0;7587.0


49.0;0.0;0.0;34.0;7587.0


8.3;0.0;0.0;54.0;7587.0


8.3;0.0;0.0;54.0;7587.0


8.4;0.0;0.0;54.0;7587.0


8.3;0.0;0.0;54.0;7587.0


8.4;0.0;0.0;53.0;7587.0


8.4;0.0;0.0;54.0;7587.0


8.4;0.0;0.0;54.0;7587.0


8.4;0.0;0.0;54.0;7587.0


8.4;0.0;0.0;54.0;7587.0


8.4;0.0;0.0;53.0;7587.0


8.3;0.0;0.0;54.0;7587.0


8.4;0.0;0.0;54.0;7587.0


0.0;10.6;0.8;0.0;7587.0


0.0;0.3;0.0;0.0;7587.0


0.0;14.1;0.2;0.0;7587.0


0.0;0.3;0.0;0.0;7587.0


8.4;16.2;0.7;41.0;7587.0


8.3;0.0;0.0;56.0;7587.0


8.3;0.0;0.0;56.0;7587.0


8.4;0.0;0.0;56.0;7587.0


50.2;0.0;0.0;44.0;7587.0


8.4;0.0;0.0;54.0;7587.0


8.3;0.0;0.0;53.0;7587.0


8.4;0.0;0.0;54.0;7587.0


8.3;0.0;0.0;50.0;7587.0


8.3;0.0;0.0;54.0;7587.0


8.4;0.0;0.0;54.0;7587.0


8.3;0.0;0.0;54.0;7587.0


8.3;0.0;0.0;53.0;7587.0


8.3;0.0;0.0;54.0;7587.0


8.3;0.0;0.0;54.0;7587.0


8.3;0.0;0.0;54.0;7587.0


8.4;0.0;0.0;54.0;7587.0


0.0;10.6;0.8;0.0;7587.0


0.0;0.3;0.0;0.0;7587.0


0.0;14.6;0.2;0.0;7587.0


0.0;0.3;0.0;0.0;7587.0


8.3;15.8;0.7;43.0;7587.0


8.3;0.0;0.0;56.0;7587.0


8.3;0.0;0.0;56.0;7587.0


8.4;0.0;0.0;56.0;7587.0


49.7;0.0;0.0;34.0;7587.0


8.4;0.0;0.0;55.0;7587.0


8.4;0.0;0.0;54.0;7587.0


8.4;0.0;0.0;54.0;7587.0


8.4;0.0;0.0;54.0;7587.0


8.3;0.0;0.0;54.0;7587.0


8.3;0.0;0.0;53.0;7587.0


8.3;0.0;0.0;53.0;7587.0


8.3;0.0;0.0;54.0;7587.0


8.4;0.0;0.0;54.0;7587.0


8.3;0.0;0.0;53.0;7587.0


8.4;0.0;0.0;55.0;7587.0


8.3;0.0;0.0;54.0;7587.0


0.0;10.6;0.8;0.0;7587.0


0.0;0.3;0.0;0.0;7587.0


0.0;13.9;0.2;0.0;7587.0


0.0;0.3;0.0;0.0;7587.0


8.3;16.4;0.7;41.0;7587.0


8.4;0.0;0.0;56.0;7587.0


8.3;0.0;0.0;56.0;7587.0


8.3;0.0;0.0;56.0;7587.0


50.2;0.0;0.0;47.0;7587.0


8.3;0.0;0.0;55.0;7587.0


8.3;0.0;0.0;55.0;7587.0


8.3;0.0;0.0;54.0;7587.0


8.3;0.0;0.0;54.0;7587.0


8.3;0.0;0.0;54.0;7587.0


8.4;0.0;0.0;55.0;7587.0


8.4;0.0;0.0;54.0;7587.0


8.3;0.0;0.0;52.0;7587.0


8.3;0.0;0.0;54.0;7587.0


8.3;0.0;0.0;55.0;7587.0


8.3;0.0;0.0;54.0;7587.0


8.4;0.0;0.0;55.0;7587.0


0.0;10.6;0.8;0.0;7587.0


0.0;0.3;0.0;0.0;7587.0


0.0;12.5;0.2;0.0;7587.0


0.0;0.3;0.0;0.0;7587.0


8.4;16.0;0.7;56.0;7587.0


8.4;0.0;0.0;56.0;7587.0


8.4;0.0;0.0;56.0;7587.0


8.3;0.0;0.0;56.0;7587.0


50.2;0.0;0.0;48.0;7587.0


8.3;0.0;0.0;55.0;7587.0


