0.0;10485760;0
0.0;10485760;0
0.0;10485760;0
0.0;10485760;0
0.0;10485760;0
42.6;14635008;0
100.3;14680064;0
149.6;19128320;0
201.6;19156992;0
142.0;19275776;0
100.8;19275776;0
149.6;23330816;0
200.7;23330816;0
127.8;27320320;0
100.8;27353088;0
127.8;27533312;0
100.3;27533312;0
99.7;27521024;0
116.4;27471872;0
99.4;27537408;0
186.4;31723520;0
199.5;27721728;0
99.7;27750400;0
57.3;23724032;0
113.6;27877376;0
99.7;27865088;0
216.1;31977472;0
200.7;32010240;0
182.8;28016640;0
100.8;28033024;0
116.4;25264128;0
215.0;32256000;0
133.0;28246016;0
100.8;28246016;0
66.5;27115520;0
99.7;28192768;0
168.0;32174080;0
198.9;32223232;0
200.7;32227328;0
199.5;32374784;0
134.4;28364800;0
28.4;28364800;0
86.0;28446720;0
100.3;28454912;0
216.1;32645120;277
199.5;32645120;0
200.7;32649216;0
199.5;32657408;0
182.8;32673792;0
100.8;28684288;0
0.0;24879104;0
114.7;28753920;0
127.8;28061696;0
201.6;32591872;0
199.5;32600064;0
99.7;28590080;0
100.3;28585984;0
142.0;28569600;0
99.7;28569600;0
99.7;28557312;0
168.0;35966976;0
156.2;31956992;0
100.3;31956992;0
49.9;27983872;0
198.9;56573952;0
266.0;88092672;0
299.2;108326912;0
301.0;127279104;0
298.3;149856256;0
252.0;162959360;0
199.5;191000576;0
199.5;217317376;0
249.3;215601152;599
200.7;215601152;617
129.0;215556096;216
213.1;219582464;0
201.6;219582464;0
99.7;215572480;0
66.5;211546112;0
56.8;212533248;0
99.7;215588864;0
216.1;219615232;0
199.5;219615232;0
182.8;215605248;0
67.2;215605248;0
33.2;211300352;0
99.7;215609344;0
143.3;219627520;0
199.5;219627520;0
199.5;219627520;0
133.0;215617536;0
57.3;215617536;0
71.0;215613440;0
100.8;215613440;0
166.2;219627520;0
199.5;219627520;0
113.6;215617536;0
100.3;215605248;0
157.7;215625728;0
99.4;215625728;0
100.8;211599360;0
116.4;215642112;0
116.4;214888448;0
199.5;219652096;0
199.5;219652096;0
100.8;215642112;0
28.4;211615744;0
83.1;215638016;0
100.3;215625728;0
170.5;219648000;0
200.7;219648000;0
199.5;219648000;0
201.6;219660288;0
133.0;215650304;0
66.5;215650304;0
0.0;211628032;0
116.4;215654400;0
133.0;214851584;0
199.5;219664384;0
200.7;219664384;0
200.7;219664384;0
198.9;219664384;0
117.6;215654400;0
0.0;215654400;0
83.1;215654400;0
99.7;215654400;0
182.8;219664384;0
200.7;219664384;0
200.7;219664384;0
116.4;215654400;0
100.8;215654400;0
16.6;210518016;0
99.7;219013120;0
186.4;221941760;0
312.5;257183744;0
301.0;275017728;0
199.5;298586112;0
166.2;319746048;0
151.2;344997888;0
199.5;367747072;0
282.6;390885376;0
299.2;407236608;0
266.0;340127744;0
100.8;216932352;0
99.7;216915968;0
199.5;222093312;0
100.8;218083328;0
99.7;218066944;0
116.4;218144768;0
133.0;216551424;0
182.8;218288128;0
100.3;218288128;0
99.4;218275840;0
157.7;222429184;0
200.7;222429184;0
127.8;218419200;0
86.0;218419200;0
184.7;222560256;0
201.6;222560256;0
99.7;218550272;0
49.9;214528000;0
143.3;218652672;0
99.7;217767936;0
213.1;222740480;0
199.5;222740480;0
199.5;222740480;0
134.4;218742784;0
99.7;218767360;0
149.6;218771456;0
100.8;218771456;0
99.7;218759168;0
99.7;218783744;0
99.7;218783744;0
199.5;222814208;0
201.6;222814208;0
116.4;218804224;0
49.9;218804224;0
33.6;212467712;0
114.7;218824704;0
156.3;223399936;0
200.7;223399936;0
198.9;223399936;0
201.6;223399936;0
182.8;219394048;0
99.7;219394048;0
16.8;215371776;0
114.7;219451392;0
99.7;216494080;0
199.5;223461376;0
182.8;219463680;0
99.7;219475968;0
100.8;219463680;0
116.4;219480064;0
99.7;219480064;0
184.8;223506432;0
149.6;219496448;0
99.7;219496448;0
99.7;219484160;0
232.7;226861056;0
100.8;222851072;0
99.7;218824704;0
49.9;222318592;0
201.6;262328320;0
301.0;296243200;0
299.2;319823872;0
299.2;337608704;0
299.2;364359680;0
298.3;390758400;0
243.7;403673088;0
129.0;217296896;0
0.0;213274624;0
99.7;218513408;0
143.3;222531584;0
186.4;218525696;0
99.4;218525696;0
100.3;218513408;0
170.5;222613504;0
143.3;218611712;0
100.8;218611712;0
16.6;214589440;0
127.8;218644480;0
129.0;217296896;0
200.7;222781440;0
198.9;222781440;0
200.7;222781440;0
85.2;218771456;0
0.0;218771456;0
84.0;218783744;0
99.7;218832896;0
198.9;222941184;0
200.7;222941184;0
186.4;222941184;0
127.8;218931200;0
0.0;218931200;0
49.9;218972160;0
99.7;218972160;0
172.0;223100928;0
200.7;223100928;0
198.9;223100928;0
186.4;219090944;0
100.3;219090944;0
66.5;212258816;0
99.7;219095040;0
149.6;223236096;0
199.5;223236096;0
201.6;223236096;0
199.5;223236096;0
49.9;219226112;0
0.0;215199744;0
134.4;219353088;0
129.0;216064000;0
199.5;223399936;0
99.7;219389952;0
99.7;219373568;0
166.2;223399936;0
168.0;219389952;0
100.3;219389952;0
99.4;219373568;0
114.7;219443200;0
100.8;219443200;0
49.9;212807680;0
99.7;219508736;0
143.3;223522816;0
198.9;223522816;0
200.7;223522816;0
186.4;219512832;0
16.6;219512832;0
0.0;215486464;0
127.8;223027200;0
186.4;224546816;0
301.0;259624960;0
201.6;286822400;0
199.5;315498496;0
266.0;337506304;0
301.0;358256640;0
255.7;374988800;0
199.5;398237696;0
100.8;399699968;0
157.7;217423872;0
127.8;216535040;0
199.5;218591232;0
100.8;218591232;0
99.7;218578944;0
127.8;218673152;0
100.3;218673152;0
99.4;218656768;0
200.7;222748672;0
157.7;218738688;0
99.7;218738688;0
33.2;212811776;0
100.3;219054080;0
84.0;219197440;0
99.7;219181056;0
199.5;223358976;0
116.4;219348992;0
99.4;219348992;0
186.4;223399936;0
201.6;223399936;0
149.6;219406336;0
99.7;219422720;0
