0.0;10506240;0
0.0;10506240;0
0.0;10506240;0
0.0;10506240;0
0.0;10506240;0
0.0;10506240;0
0.0;10506240;0
0.0;10506240;0
0.0;10506240;0
0.0;10506240;0
0.0;10506240;0
0.0;10506240;0
0.0;10506240;0
0.0;10506240;0
0.0;10506240;0
0.0;10506240;0
0.0;10506240;0
0.0;10506240;0
0.0;10506240;0
0.0;10506240;0
0.0;10506240;0
0.0;10506240;0
0.0;10506240;0
0.0;10506240;0
0.0;10506240;0
0.0;10506240;0
0.0;10506240;0
0.0;10506240;0
0.0;10506240;0
0.0;10506240;0
0.0;10506240;0
0.0;10506240;0
0.0;10506240;0
0.0;10506240;0
0.0;10506240;0
0.0;10506240;0
0.0;10506240;0
66.5;33247232;0
100.3;73871360;0
99.4;107810816;0
100.3;131497984;0
99.7;166076416;0
99.7;197812224;0
100.8;195198976;683
99.7;195198976;733
0.0;195170304;16
0.0;195170304;0
0.0;195170304;0
0.0;195170304;0
0.0;195170304;0
0.0;195170304;0
0.0;195170304;0
0.0;195170304;0
0.0;195170304;0
0.0;195170304;0
0.0;195170304;0
0.0;195170304;0
0.0;195170304;0
0.0;195170304;0
0.0;195170304;0
0.0;195170304;0
0.0;195170304;0
0.0;195170304;0
0.0;195170304;0
0.0;195170304;0
0.0;195170304;0
0.0;195170304;0
0.0;195170304;0
0.0;195170304;0
0.0;195170304;0
0.0;195170304;0
0.0;195170304;0
0.0;195170304;0
0.0;195170304;0
0.0;195170304;0
43.0;213045248;0
99.4;256462848;0
100.3;290910208;0
99.7;314388480;0
99.7;347652096;0
99.7;379154432;0
71.0;198512640;0
0.0;198512640;0
0.0;198512640;0
0.0;198512640;0
0.0;198512640;0
0.0;198512640;0
0.0;198512640;0
0.0;198512640;0
0.0;198512640;0
0.0;198512640;0
0.0;198512640;0
0.0;198512640;0
0.0;198512640;0
0.0;198512640;0
0.0;198512640;0
0.0;198512640;0
0.0;198512640;0
0.0;198512640;0
0.0;198512640;0
0.0;198512640;0
0.0;198512640;0
0.0;198512640;0
0.0;198512640;0
0.0;198512640;0
0.0;198512640;0
0.0;198512640;0
0.0;198512640;0
0.0;198512640;0
0.0;198512640;0
0.0;198512640;0
0.0;198512640;0
50.4;210157568;0
99.7;254083072;0
99.7;287285248;0
99.4;311545856;0
100.3;344358912;0
100.3;376238080;0
85.2;385089536;0
50.4;199495680;0
0.0;199495680;0
0.0;199495680;0
0.0;199495680;0
0.0;199495680;0
0.0;199495680;0
0.0;199495680;0
0.0;199495680;0
0.0;199495680;0
0.0;199495680;0
0.0;199495680;0
0.0;199495680;0
0.0;199495680;0
0.0;199495680;0
0.0;199495680;0
0.0;199495680;0
0.0;199495680;0
0.0;199495680;0
0.0;199495680;0
0.0;199495680;0
0.0;199495680;0
0.0;199495680;0
0.0;199495680;0
0.0;199495680;0
0.0;199495680;0
0.0;199495680;0
0.0;199495680;0
0.0;199495680;0
0.0;199495680;0
0.0;199495680;0
49.9;216731648;0
100.8;258138112;0
99.7;291725312;0
99.7;314408960;0
99.7;347131904;0
99.7;377475072;0
100.8;385712128;0
33.2;199319552;0
0.0;199319552;0
0.0;199319552;0
0.0;199319552;0
0.0;199319552;0
0.0;199319552;0
0.0;199319552;0
0.0;199319552;0
0.0;199319552;0
0.0;199319552;0
0.0;199319552;0
0.0;199319552;0
0.0;199319552;0
0.0;199319552;0
0.0;199319552;0
0.0;199319552;0
0.0;199319552;0
0.0;199319552;0
0.0;199319552;0
0.0;199319552;0
0.0;199319552;0
0.0;199319552;0
0.0;199319552;0
0.0;199319552;0
0.0;199319552;0
0.0;199319552;0
0.0;199319552;0
0.0;199319552;0
0.0;199319552;0
0.0;204812288;0
99.7;246136832;0
99.7;280948736;0
99.7;311267328;0
99.7;335994880;0
100.8;366964736;0
99.7;385708032;0
71.0;201326592;0
0.0;201326592;0
0.0;201326592;0
0.0;201326592;0
0.0;201326592;0
0.0;201326592;0
0.0;201326592;0
0.0;201326592;0
0.0;201326592;0
0.0;201326592;0
0.0;201326592;0
0.0;201326592;0
0.0;201326592;0
0.0;201326592;0
0.0;201326592;0
0.0;201326592;0
0.0;201326592;0
0.0;201326592;0
0.0;201326592;0
0.0;201326592;0
0.0;201326592;0
0.0;201326592;0
0.0;201326592;0
0.0;201326592;0
0.0;201326592;0
0.0;201326592;0
0.0;201326592;0
0.0;201326592;0
0.0;201326592;0
33.6;208203776;0
99.7;248496128;0
99.7;283963392;0
99.7;312057856;0
99.7;339746816;0
100.3;372920320;0
100.3;385642496;0
56.8;204148736;0
0.0;204148736;0
0.0;204148736;0
0.0;204148736;0
0.0;204148736;0
0.0;204148736;0
0.0;204148736;0
0.0;204148736;0
0.0;204148736;0
0.0;204148736;0
0.0;204148736;0
0.0;204148736;0
0.0;204148736;0
0.0;204148736;0
0.0;204148736;0
0.0;204148736;0
0.0;204148736;0
0.0;204148736;0
0.0;204148736;0
0.0;204148736;0
0.0;204148736;0
0.0;204148736;0
0.0;204148736;0
0.0;204148736;0
0.0;204148736;0
0.0;204148736;0
0.0;204148736;0
0.0;204148736;0
0.0;204148736;0
0.0;204148736;0
83.1;227328000;0
99.7;267497472;0
100.3;298500096;0
100.3;322363392;0
99.7;357064704;0
99.7;386088960;0
100.8;252026880;0
0.0;215867392;0
0.0;215867392;0
0.0;215867392;0
0.0;215867392;0
0.0;215867392;0
0.0;215867392;0
0.0;215867392;0
0.0;215867392;0
0.0;215867392;0
0.0;215867392;0
0.0;215867392;0
0.0;215867392;0
0.0;215867392;0
0.0;215867392;0
0.0;215867392;0
0.0;215867392;0
0.0;215867392;0
0.0;215867392;0
0.0;215867392;0
0.0;215867392;0
0.0;215867392;0
0.0;215867392;0
0.0;215867392;0
0.0;215867392;0
0.0;215867392;0
0.0;215867392;0
0.0;215867392;0
0.0;215867392;0
0.0;215867392;0
100.8;240742400;0
99.7;276234240;0
99.4;307765248;0
100.3;334925824;0
100.8;366116864;0
99.7;386097152;0
