0.0;10518528;0
0.0;10518528;0
0.0;10518528;0
0.0;10518528;0
0.0;10518528;0
0.0;10518528;0
0.0;10518528;0
0.0;10518528;0
0.0;10518528;0
0.0;10518528;0
0.0;10518528;0
0.0;10518528;0
0.0;10518528;0
0.0;10518528;0
0.0;10518528;0
0.0;10518528;0
0.0;10518528;0
0.0;10518528;0
0.0;10518528;0
0.0;10518528;0
0.0;10518528;0
0.0;10518528;0
0.0;10518528;0
0.0;10518528;0
0.0;10518528;0
0.0;10518528;0
0.0;10518528;0
0.0;10518528;0
0.0;10518528;0
0.0;10518528;0
0.0;10518528;0
0.0;10518528;0
0.0;10518528;0
0.0;10518528;0
0.0;10518528;0
0.0;10518528;0
0.0;10518528;0
0.0;10518528;0
42.6;20336640;0
100.8;65064960;0
99.7;99868672;0
99.7;127295488;0
99.4;154439680;0
100.3;186155008;0
99.7;195411968;396
99.7;195411968;677
57.3;195383296;359
0.0;195383296;0
0.0;195383296;0
0.0;195383296;0
0.0;195383296;0
0.0;195383296;0
0.0;195383296;0
0.0;195383296;0
0.0;195383296;0
0.0;195383296;0
0.0;195383296;0
0.0;195383296;0
0.0;195383296;0
0.0;195383296;0
0.0;195383296;0
0.0;195383296;0
0.0;195383296;0
0.0;195383296;0
0.0;195383296;0
0.0;195383296;0
0.0;195383296;0
0.0;195383296;0
0.0;195383296;0
0.0;195383296;0
0.0;195383296;0
0.0;195383296;0
0.0;195383296;0
0.0;195383296;0
0.0;195383296;0
0.0;195383296;0
33.2;204992512;0
100.8;249032704;0
99.7;283566080;0
100.3;311410688;0
100.3;340508672;0
99.4;369643520;0
100.3;384950272;0
83.1;198983680;0
0.0;198983680;0
0.0;198983680;0
0.0;198983680;0
0.0;198983680;0
0.0;198983680;0
0.0;198983680;0
0.0;198983680;0
0.0;198983680;0
0.0;198983680;0
0.0;198983680;0
0.0;198983680;0
0.0;198983680;0
0.0;198983680;0
0.0;198983680;0
0.0;198983680;0
0.0;198983680;0
0.0;198983680;0
0.0;198983680;0
0.0;198983680;0
0.0;198983680;0
0.0;198983680;0
0.0;198983680;0
0.0;198983680;0
0.0;198983680;0
0.0;198983680;0
0.0;198983680;0
0.0;198983680;0
0.0;198983680;0
0.0;198983680;0
0.0;198983680;0
49.9;217206784;0
99.7;258289664;0
100.3;289939456;0
99.4;313364480;0
100.3;344121344;0
99.4;376487936;0
100.3;385454080;0
43.0;199860224;0
0.0;199860224;0
0.0;199860224;0
0.0;199860224;0
0.0;199860224;0
0.0;199860224;0
0.0;199860224;0
0.0;199860224;0
0.0;199860224;0
0.0;199860224;0
0.0;199860224;0
0.0;199860224;0
0.0;199860224;0
0.0;199860224;0
0.0;199860224;0
0.0;199860224;0
0.0;199860224;0
0.0;199860224;0
0.0;199860224;0
0.0;199860224;0
0.0;199860224;0
0.0;199860224;0
0.0;199860224;0
0.0;199860224;0
0.0;199860224;0
0.0;199860224;0
0.0;199860224;0
0.0;199860224;0
0.0;199860224;0
0.0;199860224;0
57.3;214089728;0
99.4;256700416;0
100.3;290119680;0
100.3;312446976;0
99.4;345440256;0
100.8;376995840;0
99.7;385605632;0
28.4;199639040;0
0.0;199639040;0
0.0;199639040;0
0.0;199639040;0
0.0;199639040;0
0.0;199639040;0
0.0;199639040;0
0.0;199639040;0
0.0;199639040;0
0.0;199639040;0
0.0;199639040;0
0.0;199639040;0
0.0;199639040;0
0.0;199639040;0
0.0;199639040;0
0.0;199639040;0
0.0;199639040;0
0.0;199639040;0
0.0;199639040;0
0.0;199639040;0
0.0;199639040;0
0.0;199639040;0
0.0;199639040;0
0.0;199639040;0
0.0;199639040;0
0.0;199639040;0
0.0;199639040;0
0.0;199639040;0
0.0;199639040;0
14.2;204263424;0
100.3;244363264;0
100.8;281411584;0
99.7;310890496;0
99.7;337285120;0
83.1;368582656;0
99.7;385548288;0
84.0;200478720;0
0.0;200478720;0
0.0;200478720;0
0.0;200478720;0
0.0;200478720;0
0.0;200478720;0
0.0;200478720;0
0.0;200478720;0
0.0;200478720;0
0.0;200478720;0
0.0;200478720;0
0.0;200478720;0
0.0;200478720;0
0.0;200478720;0
0.0;200478720;0
0.0;200478720;0
0.0;200478720;0
0.0;200478720;0
0.0;200478720;0
0.0;200478720;0
0.0;200478720;0
0.0;200478720;0
0.0;200478720;0
0.0;200478720;0
0.0;200478720;0
0.0;200478720;0
0.0;200478720;0
0.0;200478720;0
0.0;200478720;0
0.0;200478720;0
86.0;235413504;0
100.3;273813504;0
99.7;304111616;0
99.7;329879552;0
100.8;362684416;0
99.7;385794048;0
99.7;204296192;0
0.0;204296192;0
0.0;204296192;0
0.0;204296192;0
0.0;204296192;0
0.0;204296192;0
0.0;204296192;0
0.0;204296192;0
0.0;204296192;0
0.0;204296192;0
0.0;204296192;0
0.0;204296192;0
0.0;204296192;0
0.0;204296192;0
0.0;204296192;0
0.0;204296192;0
0.0;204296192;0
0.0;204296192;0
0.0;204296192;0
0.0;204296192;0
0.0;204296192;0
0.0;204296192;0
0.0;204296192;0
0.0;204296192;0
0.0;204296192;0
0.0;204296192;0
0.0;204296192;0
0.0;204296192;0
0.0;204296192;0
33.2;212516864;0
99.4;250695680;0
100.3;285323264;0
100.3;312320000;0
99.4;343699456;0
99.7;375861248;0
99.7;385961984;0
49.9;204333056;0
0.0;204333056;0
0.0;204333056;0
0.0;204333056;0
0.0;204333056;0
0.0;204333056;0
0.0;204333056;0
0.0;204333056;0
0.0;204333056;0
0.0;204333056;0
0.0;204333056;0
0.0;204333056;0
0.0;204333056;0
0.0;204333056;0
0.0;204333056;0
0.0;204333056;0
0.0;204333056;0
0.0;204333056;0
0.0;204333056;0
0.0;204333056;0
0.0;204333056;0
0.0;204333056;0
0.0;204333056;0
0.0;204333056;0
0.0;204333056;0
0.0;204333056;0
0.0;204333056;0
0.0;204333056;0
0.0;204333056;0
0.0;204333056;0
100.8;241655808;0
99.7;279785472;0
99.7;310616064;0
100.3;335556608;0
