0.0;10481664;0
0.0;10481664;0
0.0;10481664;0
0.0;10481664;0
0.0;10481664;0
0.0;10481664;0
0.0;10481664;0
0.0;10481664;0
0.0;10481664;0
0.0;10481664;0
0.0;10481664;0
0.0;10481664;0
0.0;10481664;0
0.0;10481664;0
0.0;10481664;0
0.0;10481664;0
0.0;10481664;0
0.0;10481664;0
0.0;10481664;0
0.0;10481664;0
0.0;10481664;0
0.0;10481664;0
0.0;10481664;0
0.0;10481664;0
0.0;10481664;0
0.0;10481664;0
0.0;10481664;0
0.0;10481664;0
0.0;10481664;0
0.0;10481664;0
0.0;10481664;0
0.0;10481664;0
0.0;10481664;0
0.0;10481664;0
0.0;10481664;0
0.0;10481664;0
0.0;10481664;0
66.5;38391808;0
100.8;78905344;0
99.4;111132672;0
100.8;134959104;0
99.7;165023744;0
99.7;195338240;0
99.4;195153920;623
100.3;195153920;804
0.0;195125248;5
0.0;195125248;0
0.0;195125248;0
0.0;195125248;0
0.0;195125248;0
0.0;195125248;0
0.0;195125248;0
0.0;195125248;0
0.0;195125248;0
0.0;195125248;0
0.0;195125248;0
0.0;195125248;0
0.0;195125248;0
0.0;195125248;0
0.0;195125248;0
0.0;195125248;0
0.0;195125248;0
0.0;195125248;0
0.0;195125248;0
0.0;195125248;0
0.0;195125248;0
0.0;195125248;0
0.0;195125248;0
0.0;195125248;0
0.0;195125248;0
0.0;195125248;0
0.0;195125248;0
0.0;195125248;0
0.0;195125248;0
0.0;195125248;0
71.7;223248384;0
99.4;261509120;0
100.3;294191104;0
99.7;318582784;0
99.7;351604736;0
100.8;383016960;0
66.5;198590464;0
0.0;198590464;0
0.0;198590464;0
0.0;198590464;0
0.0;198590464;0
0.0;198590464;0
0.0;198590464;0
0.0;198590464;0
0.0;198590464;0
0.0;198590464;0
0.0;198590464;0
0.0;198590464;0
0.0;198590464;0
0.0;198590464;0
0.0;198590464;0
0.0;198590464;0
0.0;198590464;0
0.0;198590464;0
0.0;198590464;0
0.0;198590464;0
0.0;198590464;0
0.0;198590464;0
0.0;198590464;0
0.0;198590464;0
0.0;198590464;0
0.0;198590464;0
0.0;198590464;0
0.0;198590464;0
0.0;198590464;0
0.0;198590464;0
0.0;198590464;0
116.4;239218688;0
100.3;275734528;0
100.3;306982912;0
99.4;331878400;0
100.3;363958272;0
99.4;385064960;0
100.3;199704576;0
0.0;199704576;0
0.0;199704576;0
0.0;199704576;0
0.0;199704576;0
0.0;199704576;0
0.0;199704576;0
0.0;199704576;0
0.0;199704576;0
0.0;199704576;0
0.0;199704576;0
0.0;199704576;0
0.0;199704576;0
0.0;199704576;0
0.0;199704576;0
0.0;199704576;0
0.0;199704576;0
0.0;199704576;0
0.0;199704576;0
0.0;199704576;0
0.0;199704576;0
0.0;199704576;0
0.0;199704576;0
0.0;199704576;0
0.0;199704576;0
0.0;199704576;0
0.0;199704576;0
0.0;199704576;0
0.0;199704576;0
0.0;199704576;0
14.3;203317248;0
113.6;242364416;0
100.3;279339008;0
100.3;309088256;0
99.4;333848576;0
100.3;365002752;0
99.7;385609728;0
99.7;199819264;0
0.0;199819264;0
0.0;199819264;0
0.0;199819264;0
0.0;199819264;0
0.0;199819264;0
0.0;199819264;0
0.0;199819264;0
0.0;199819264;0
0.0;199819264;0
0.0;199819264;0
0.0;199819264;0
0.0;199819264;0
0.0;199819264;0
0.0;199819264;0
0.0;199819264;0
0.0;199819264;0
0.0;199819264;0
0.0;199819264;0
0.0;199819264;0
0.0;199819264;0
0.0;199819264;0
0.0;199819264;0
0.0;199819264;0
0.0;199819264;0
0.0;199819264;0
0.0;199819264;0
0.0;199819264;0
0.0;199819264;0
0.0;199819264;0
0.0;199819264;0
84.0;223399936;0
99.7;259420160;0
99.7;292184064;0
100.8;316002304;0
99.7;348520448;0
99.7;378396672;0
99.7;385478656;0
33.2;201293824;0
0.0;201293824;0
0.0;201293824;0
0.0;201293824;0
0.0;201293824;0
0.0;201293824;0
0.0;201293824;0
0.0;201293824;0
0.0;201293824;0
0.0;201293824;0
0.0;201293824;0
0.0;201293824;0
0.0;201293824;0
0.0;201293824;0
0.0;201293824;0
0.0;201293824;0
0.0;201293824;0
0.0;201293824;0
0.0;201293824;0
0.0;201293824;0
0.0;201293824;0
0.0;201293824;0
0.0;201293824;0
0.0;201293824;0
0.0;201293824;0
0.0;201293824;0
0.0;201293824;0
0.0;201293824;0
0.0;201293824;0
86.0;223444992;0
99.4;263700480;0
100.3;297943040;0
100.8;322748416;0
99.7;353980416;0
99.7;385642496;0
100.8;243789824;0
0.0;204431360;0
0.0;204431360;0
0.0;204431360;0
0.0;204431360;0
0.0;204431360;0
0.0;204431360;0
0.0;204431360;0
0.0;204431360;0
0.0;204431360;0
0.0;204431360;0
0.0;204431360;0
0.0;204431360;0
0.0;204431360;0
0.0;204431360;0
0.0;204431360;0
0.0;204431360;0
0.0;204431360;0
0.0;204431360;0
0.0;204431360;0
0.0;204431360;0
0.0;204431360;0
0.0;204431360;0
0.0;204431360;0
0.0;204431360;0
0.0;204431360;0
0.0;204431360;0
0.0;204431360;0
0.0;204431360;0
14.2;209739776;0
100.3;239734784;0
100.8;276692992;0
99.7;307961856;0
83.1;331083776;0
100.8;362102784;0
100.3;385990656;0
99.4;226877440;0
0.0;204390400;0
0.0;204390400;0
0.0;204390400;0
0.0;204390400;0
0.0;204390400;0
0.0;204390400;0
0.0;204390400;0
0.0;204390400;0
0.0;204390400;0
0.0;204390400;0
0.0;204390400;0
0.0;204390400;0
0.0;204390400;0
0.0;204390400;0
0.0;204390400;0
0.0;204390400;0
0.0;204390400;0
0.0;204390400;0
0.0;204390400;0
0.0;204390400;0
0.0;204390400;0
0.0;204390400;0
0.0;204390400;0
0.0;204390400;0
0.0;204390400;0
0.0;204390400;0
0.0;204390400;0
16.6;211562496;0
100.8;245956608;0
100.3;281653248;0
99.7;312315904;0
99.7;342179840;0
100.8;374628352;0
100.3;386166784;0
71.0;215384064;0
