49.7;102.5;79.0;0.0
49.8;118.5;85.5;0.0
84.8;138.8;49.3;0.0
52.9;157.7;39.1;0.0
20.0;159.5;2.0;0.0
0.0;159.5;0.0;0.0
0.0;159.5;0.1;0.0
0.0;159.5;0.0;0.0
0.0;159.5;0.0;0.0
0.0;159.5;1.1;0.0
0.0;159.5;0.0;0.0
0.0;159.5;0.7;0.0
0.0;159.5;0.0;0.0
0.0;159.5;0.5;0.0
0.0;159.5;0.0;0.0
43.8;160.4;0.6;0.0
47.5;160.4;0.0;0.0
50.0;160.8;1.2;0.0
29.8;161.3;0.2;0.0
0.0;161.3;0.0;0.0
0.0;161.3;0.1;0.0
0.0;161.3;0.0;0.0
0.0;161.3;1.3;0.0
0.0;161.3;0.0;0.0
0.0;161.3;0.7;0.0
0.0;161.3;0.0;0.0
0.0;161.5;0.6;0.0
0.0;161.5;0.0;0.0
9.2;161.7;0.5;0.0
44.6;180.0;18.5;4.0
50.3;245.3;1005.7;0.0
48.7;276.7;1425.7;0.0
51.5;277.0;0.4;132.0
49.9;277.0;0.8;256.0
48.0;246.6;0.5;72.0
