8.4;40.0;19.5;1.4;0.0;902.0
7.2;100.4;105.7;9.1;0.0;902.0
8.3;140.9;142.1;8.7;0.0;902.0
7.0;171.2;138.4;7.4;0.0;902.0
8.3;200.4;100.9;6.8;0.0;902.0
8.4;225.3;133.4;4.6;0.0;902.0
8.3;237.0;0.1;0.0;0.0;998.0
8.3;683.9;61.0;33.0;5.0;4788.0
8.3;1023.1;0.8;32.9;22.0;7857.0
0.0;990.4;2.9;0.0;1.0;7857.0
0.0;990.4;0.0;0.0;0.0;7857.0
0.0;990.4;0.0;0.0;0.0;7857.0
0.0;990.4;0.0;0.0;0.0;7857.0
0.0;990.4;0.0;0.0;0.0;7857.0
0.0;990.4;0.0;0.0;0.0;7857.0
0.0;990.4;0.0;0.0;0.0;7857.0
0.0;990.4;0.0;0.0;0.0;7857.0
0.0;990.4;0.0;0.0;0.0;7857.0
7.1;1064.8;0.6;73.4;0.0;7857.0
0.0;1146.1;1.3;80.1;0.0;7857.0
8.4;1301.1;0.1;0.0;0.0;7857.0
8.3;1304.3;0.0;0.0;0.0;7857.0
8.4;1315.0;0.0;0.0;0.0;7857.0
8.3;1326.0;0.3;0.0;0.0;7857.0
8.4;1400.0;0.0;0.0;1.0;7857.0
8.3;1381.3;0.3;0.0;0.0;7857.0
8.3;1391.9;0.9;3.1;0.0;7857.0
21.3;1433.0;0.0;0.0;0.0;7857.0
8.3;1435.2;0.0;0.0;0.0;7857.0
8.4;1447.4;0.0;0.0;0.0;7857.0
8.3;1456.2;0.0;0.0;0.0;7857.0
8.4;1554.4;0.2;0.0;6.0;7973.0
9.6;1927.1;4.9;0.1;28.0;8024.0
9.6;1928.0;16.4;0.3;95.0;8024.0
8.4;1928.1;0.0;0.0;96.0;8024.0
6.9;1928.1;0.0;0.0;99.0;8024.0
8.4;1928.1;0.0;0.0;96.0;8024.0
9.6;1928.2;0.0;0.0;97.0;8024.0
8.4;1928.2;0.0;0.0;97.0;8024.0
9.6;1928.2;0.0;0.0;97.0;8024.0
8.3;1928.2;0.0;0.0;96.0;8024.0
8.4;1928.2;0.0;0.0;97.0;8024.0
8.3;1928.2;0.0;0.0;99.0;8024.0
8.3;1928.2;0.0;0.0;97.0;8024.0
8.3;1928.2;0.0;0.0;97.0;8024.0
9.6;1928.2;0.0;0.0;96.0;8024.0
8.4;1928.2;0.0;0.0;96.0;8024.0
8.3;1928.2;0.0;0.0;96.0;8024.0
8.3;1927.8;19.8;0.3;51.0;8024.0
8.3;1977.6;11.6;0.2;62.0;8024.0
54.4;2645.6;0.0;0.0;19.0;8024.0
93.8;2973.7;0.0;0.0;0.0;8024.0
8.3;2976.6;3.3;2.8;0.0;8024.0
8.4;2980.1;1.3;4.5;0.0;8024.0
8.4;2979.4;1.0;4.5;0.0;8024.0
8.4;2979.4;1.2;6.8;0.0;8024.0
8.3;2979.6;1.3;4.5;0.0;8024.0
8.3;2979.7;1.2;6.8;0.0;8024.0
8.4;2981.5;1.0;2.3;0.0;8024.0
8.3;3013.7;7.6;34.1;0.0;8024.0
8.3;2984.1;0.7;1.5;0.0;8024.0
8.3;2987.5;0.3;1.6;28.0;8024.0
11.1;2987.5;0.0;0.0;96.0;8024.0
8.4;2987.5;0.0;0.0;97.0;8024.0
8.3;2987.5;0.0;0.0;99.0;8024.0
8.4;2987.5;0.0;0.0;97.0;8024.0
8.4;2987.5;0.0;0.0;96.0;8024.0
8.3;2987.5;0.0;0.0;96.0;8024.0
8.4;2987.5;0.0;0.0;97.0;8024.0
8.3;2987.5;0.0;0.0;96.0;8024.0
8.4;2987.5;0.0;0.0;97.0;8024.0
8.3;2987.5;0.0;0.0;99.0;8024.0
9.6;2987.5;0.0;0.0;97.0;8024.0
8.3;2987.5;0.0;0.0;97.0;8024.0
9.5;2987.5;0.0;0.0;96.0;8024.0
7.0;2987.5;0.0;0.0;96.0;8024.0
8.3;2987.1;0.0;0.0;96.0;8024.0
41.7;2994.6;0.0;0.0;45.0;8024.0
100.0;2994.6;0.0;0.0;0.0;8024.0
100.3;2994.6;0.0;0.0;0.0;8024.0
8.3;2989.9;17.9;66.6;1.0;8024.0
8.3;2993.4;0.6;1.6;0.0;8024.0
8.3;2998.2;0.3;1.7;99.0;8024.0
8.3;2998.2;0.0;0.0;96.0;8024.0
8.3;2998.2;0.0;0.0;97.0;8024.0
9.6;2998.2;0.0;0.0;99.0;8024.0
8.4;2998.2;0.0;0.0;96.0;8024.0
9.6;2998.2;0.0;0.0;99.0;8024.0
15.4;2998.2;0.0;0.0;96.0;8024.0
8.4;2998.2;0.0;0.0;97.0;8024.0
8.3;2998.2;0.0;0.0;96.0;8024.0
8.4;2998.2;0.0;0.0;97.0;8024.0
8.4;2998.2;0.0;0.0;97.0;8024.0
9.7;2998.2;0.0;0.0;96.0;8024.0
8.3;2998.2;0.0;0.0;99.0;8024.0
8.3;2998.2;0.0;0.0;96.0;8024.0
8.4;2998.2;0.0;0.0;97.0;8024.0
8.3;3000.8;0.0;0.0;42.0;8024.0
41.8;3013.0;0.0;0.0;14.0;8024.0
100.3;3013.0;0.0;0.0;0.0;8024.0
96.9;3013.0;0.0;0.0;0.0;8024.0
97.0;3013.0;0.0;0.0;0.0;8024.0
8.4;3079.4;17.9;67.0;2.0;8024.0
8.3;3011.0;0.6;1.7;0.0;8024.0
8.4;3016.1;0.3;1.8;5.0;8024.0
11.2;3016.1;0.0;0.0;97.0;8024.0
9.7;3016.1;0.0;0.0;97.0;8024.0
9.8;3016.1;0.0;0.0;97.0;8024.0
8.3;3016.1;0.0;0.0;97.0;8024.0
8.4;3016.1;0.0;0.0;99.0;8024.0
8.3;3016.1;0.0;0.0;96.0;8024.0
8.3;3016.1;0.0;0.0;97.0;8024.0
8.4;3016.1;0.0;0.0;97.0;8024.0
8.4;3016.1;0.0;0.0;97.0;8024.0
8.3;3016.1;0.0;0.0;99.0;8024.0
8.3;3016.1;0.0;0.0;97.0;8024.0
8.3;3016.1;0.0;0.0;97.0;8024.0
10.8;3016.1;0.0;0.0;97.0;8024.0
14.3;3016.1;0.0;0.0;97.0;8024.0
8.4;3015.6;0.0;0.0;97.0;8024.0
8.3;3029.4;0.0;0.0;0.0;8024.0
99.1;3029.4;0.0;0.0;0.0;8024.0
99.4;3029.4;0.0;0.0;0.0;8024.0
99.1;3029.5;0.0;0.0;0.0;8024.0
98.2;3029.5;0.0;0.0;0.0;8024.0
100.8;3029.5;0.0;0.0;0.0;8024.0
8.4;3024.0;17.9;67.4;1.0;8024.0
8.3;3026.0;0.6;1.7;0.0;8024.0
8.3;3033.6;0.3;1.8;40.0;8024.0
11.1;3033.6;0.0;0.0;99.0;8024.0
8.3;3033.6;0.0;0.0;96.0;8024.0
8.3;3033.6;0.0;0.0;97.0;8024.0
8.3;3033.6;0.0;0.0;96.0;8024.0
11.1;3033.6;0.0;0.0;97.0;8024.0
8.4;3033.6;0.0;0.0;96.0;8024.0
10.7;3033.6;0.0;0.0;97.0;8024.0
8.4;3033.6;0.0;0.0;99.0;8024.0
8.3;3033.6;0.0;0.0;96.0;8024.0
8.3;3033.6;0.0;0.0;97.0;8024.0
10.8;3033.6;0.0;0.0;96.0;8024.0
8.4;3033.6;0.0;0.0;97.0;8024.0
8.3;3033.6;0.0;0.0;97.0;8024.0
8.3;3033.6;0.0;0.0;97.0;8024.0
8.4;3036.2;0.0;0.0;98.0;8024.0
8.3;3046.3;0.0;0.0;0.0;8024.0
99.4;3046.4;0.0;0.0;0.0;8024.0
99.1;3046.4;0.0;0.0;0.0;8024.0
95.6;3046.4;0.0;0.0;0.0;8024.0
96.8;3046.4;0.0;0.0;0.0;8024.0
92.7;3046.4;0.0;0.0;0.0;8024.0
97.0;3046.4;0.0;0.0;0.0;8024.0
8.3;3042.7;17.9;67.8;0.0;8024.0
8.4;3043.1;0.6;1.8;0.0;8024.0
8.3;3050.1;0.3;1.9;97.0;8024.0
8.3;3050.1;0.0;0.0;99.0;8024.0
8.3;3050.1;0.0;0.0;96.0;8024.0
9.5;3050.1;0.0;0.0;96.0;8024.0
8.3;3050.1;0.0;0.0;97.0;8024.0
10.7;3050.1;0.0;0.0;97.0;8024.0
8.3;3050.1;0.0;0.0;97.0;8024.0
8.3;3050.1;0.0;0.0;97.0;8024.0
8.3;3053.5;0.0;0.0;99.0;8024.0
8.4;3050.1;0.0;0.0;96.0;8024.0
9.8;3050.1;0.0;0.0;97.0;8024.0
9.7;3050.1;0.0;0.0;97.0;8024.0
8.3;3050.1;0.0;0.0;97.0;8024.0
8.4;3050.1;0.0;0.0;97.0;8024.0
8.4;3050.1;0.0;0.0;97.0;8024.0
8.3;3052.8;0.0;0.0;97.0;8024.0
8.4;3065.0;0.0;0.0;0.0;8024.0
100.0;3065.1;0.0;0.0;0.0;8024.0
99.1;3065.1;0.0;0.0;0.0;8024.0
98.2;3065.1;0.0;0.0;0.0;8024.0
99.7;3065.1;0.0;0.0;0.0;8024.0
99.4;3065.1;0.0;0.0;0.0;8024.0
99.4;3065.1;0.0;0.0;0.0;8024.0
92.8;3065.1;0.0;0.0;0.0;8024.0
8.3;3178.5;17.9;68.2;1.0;8024.0
8.4;3063.2;0.6;1.8;0.0;8024.0
8.3;3070.4;0.3;2.0;0.0;8024.0
8.3;3070.4;0.0;0.0;97.0;8024.0
8.3;3070.4;0.0;0.0;99.0;8024.0
8.3;3070.4;0.0;0.0;96.0;8024.0
8.4;3070.4;0.0;0.0;97.0;8024.0
8.3;3070.4;0.0;0.0;96.0;8024.0
8.3;3070.4;0.0;0.0;97.0;8024.0
8.3;3070.4;0.0;0.0;97.0;8024.0
8.3;3070.4;0.0;0.0;97.0;8024.0
8.4;3070.4;0.0;0.0;98.0;8024.0
8.4;3070.4;0.0;0.0;96.0;8024.0
11.2;3070.4;0.0;0.0;97.0;8024.0
8.3;3070.4;0.0;0.0;96.0;8024.0
8.4;3070.4;0.0;0.0;97.0;8024.0
8.4;3070.4;0.0;0.0;99.0;8024.0
8.3;3069.9;0.0;0.0;96.0;8024.0
8.4;3082.4;0.0;0.0;0.0;8024.0
46.2;3086.2;0.0;0.0;26.0;8024.0
97.9;3086.2;0.0;0.0;0.0;8024.0
95.6;3086.2;0.0;0.0;0.0;8024.0
98.4;3086.2;0.0;0.0;0.0;8024.0
99.4;3086.2;0.0;0.0;0.0;8024.0
100.3;3086.2;0.0;0.0;0.0;8024.0
99.1;3086.2;0.0;0.0;0.0;8024.0
97.0;3086.2;0.0;0.0;0.0;8024.0
97.1;3086.2;0.0;0.0;0.0;8024.0
8.3;3080.3;17.9;68.6;0.0;8024.0
8.4;3084.4;0.6;1.9;0.0;8024.0
8.3;3087.9;0.3;2.0;29.0;8024.0
11.1;3087.9;0.0;0.0;96.0;8024.0
13.1;3087.9;0.0;0.0;97.0;8024.0
11.8;3087.9;0.0;0.0;99.0;8024.0
9.7;3087.9;0.0;0.0;97.0;8024.0
8.3;3087.9;0.0;0.0;97.0;8024.0
8.3;3087.9;0.0;0.0;99.0;8024.0
8.4;3087.9;0.0;0.0;96.0;8024.0
10.8;3087.9;0.0;0.0;99.0;8024.0
8.3;3087.9;0.0;0.0;96.0;8024.0
6.9;3087.9;0.0;0.0;97.0;8024.0
8.4;3087.9;0.0;0.0;97.0;8024.0
10.8;3087.9;0.0;0.0;97.0;8024.0
9.5;3087.9;0.0;0.0;99.0;8024.0
15.4;3087.9;0.0;0.0;97.0;8024.0
9.6;3087.4;0.0;0.0;97.0;8024.0
8.4;3099.0;0.0;0.0;0.0;8024.0
65.1;3104.4;0.0;0.0;19.0;8024.0
97.0;3104.4;0.0;0.0;0.0;8024.0
99.7;3104.5;0.0;0.0;0.0;8024.0
99.4;3104.5;0.0;0.0;0.0;8024.0
99.4;3104.5;0.0;0.0;0.0;8024.0
95.9;3104.5;0.0;0.0;0.0;8024.0
100.3;3104.5;0.0;0.0;0.0;8024.0
100.3;3104.5;0.0;0.0;0.0;8024.0
99.0;3104.5;0.0;0.0;0.0;8024.0
100.3;3104.5;0.0;0.0;0.0;8024.0
6.9;3131.3;17.8;69.0;2.0;8024.0
8.4;3103.1;0.7;2.0;0.0;8024.0
8.3;3106.1;0.3;2.1;0.0;8024.0
11.1;3107.1;0.0;0.0;95.0;8024.0
8.3;3107.1;0.0;0.0;97.0;8024.0
8.3;3107.1;0.0;0.0;99.0;8024.0
8.4;3107.1;0.0;0.0;97.0;8024.0
8.4;3107.1;0.0;0.0;97.0;8024.0
8.4;3107.1;0.0;0.0;97.0;8024.0
9.7;3107.1;0.0;0.0;97.0;8024.0
9.6;3107.1;0.0;0.0;97.0;8024.0
8.4;3107.1;0.0;0.0;97.0;8024.0
8.3;3108.7;0.0;0.0;99.0;8024.0
11.2;3107.1;0.0;0.0;97.0;8024.0
9.7;3107.1;0.0;0.0;97.0;8024.0
11.8;3107.1;0.0;0.0;96.0;8024.0
8.3;3107.1;0.0;0.0;97.0;8024.0
8.3;3107.1;0.0;0.0;98.0;8024.0
8.3;3122.2;0.0;0.0;0.0;8024.0
8.3;3130.6;0.0;0.0;0.0;8024.0
100.3;3130.6;0.0;0.0;0.0;8024.0
99.7;3130.6;0.0;0.0;0.0;8024.0
99.7;3130.7;0.0;0.0;0.0;8024.0
99.4;3130.7;0.0;0.0;0.0;8024.0
96.8;3130.7;0.0;0.0;0.0;8024.0
96.8;3130.7;0.0;0.0;0.0;8024.0
99.7;3130.7;0.0;0.0;0.0;8024.0
99.4;3130.7;0.0;0.0;0.0;8024.0
100.3;3130.7;0.0;0.0;0.0;8024.0
89.6;3130.7;0.0;0.0;0.0;8024.0
99.7;3130.7;0.0;0.0;0.0;8024.0
6.9;3157.4;17.8;69.4;2.0;8024.0
8.4;3127.0;0.1;0.0;0.0;8024.0
8.3;3131.7;0.9;4.2;0.0;8024.0
8.3;3131.7;0.0;0.0;96.0;8024.0
9.7;3131.7;0.0;0.0;97.0;8024.0
11.1;3131.7;0.0;0.0;97.0;8024.0
8.3;3131.7;0.0;0.0;97.0;8024.0
8.4;3131.7;0.0;0.0;99.0;8024.0
8.4;3131.7;0.0;0.0;96.0;8024.0
11.1;3131.7;0.0;0.0;97.0;8024.0
8.4;3131.7;0.0;0.0;96.0;8024.0
10.7;3131.7;0.0;0.0;97.0;8024.0
8.4;3131.7;0.0;0.0;96.0;8024.0
8.3;3131.7;0.0;0.0;97.0;8024.0
9.6;3131.7;0.0;0.0;97.0;8024.0
8.4;3131.7;0.0;0.0;96.0;8024.0
10.7;3131.7;0.0;0.0;96.0;8024.0
8.3;3131.7;0.0;0.0;97.0;8024.0
8.3;3142.2;0.0;0.0;0.0;8024.0
8.4;3154.9;0.0;0.0;0.0;8024.0
99.4;3154.9;0.0;0.0;0.0;8024.0
99.7;3154.9;0.0;0.0;0.0;8024.0
96.6;3154.9;0.0;0.0;0.0;8024.0
99.4;3154.9;0.0;0.0;0.0;8024.0
98.2;3154.9;0.0;0.0;0.0;8024.0
98.4;3154.9;0.0;0.0;0.0;8024.0
99.7;3154.9;0.0;0.0;0.0;8024.0
98.2;3154.9;0.0;0.0;0.0;8024.0
100.3;3154.9;0.0;0.0;0.0;8024.0
95.2;3155.0;0.0;0.0;0.0;8024.0
99.7;3155.0;0.0;0.0;0.0;8024.0
98.4;3155.0;0.0;0.0;0.0;8024.0
9.6;3160.3;17.9;69.8;4.0;8024.0
8.3;3151.5;0.6;2.1;0.0;8024.0
8.4;3156.1;0.3;2.3;0.0;8024.0
