0.0;10493952;0
0.0;10493952;0
0.0;10493952;0
0.0;10493952;0
56.8;12648448;0
100.3;12685312;0
83.1;14749696;0
99.7;14770176;0
71.7;16850944;0
99.7;16834560;0
66.5;18915328;0
86.0;18898944;0
71.7;21073920;0
83.1;21090304;0
84.0;23158784;0
85.2;23212032;0
86.0;25370624;0
66.5;25358336;0
100.8;27303936;0
56.8;27291648;0
100.8;29450240;0
49.9;30646272;0
100.3;31404032;0
42.6;33542144;0
100.8;33542144;0
49.9;35680256;0
99.7;35680256;0
86.0;37691392;173
99.7;37691392;0
49.9;39657472;0
99.7;39657472;0
57.3;41783296;0
99.4;41783296;0
50.4;43794432;0
99.7;43794432;0
49.9;45821952;0
99.4;45821952;0
50.4;47960064;0
99.7;47960064;0
66.5;49721344;0
86.0;49709056;0
49.9;51953664;0
99.7;51941376;0
66.5;53948416;0
84.0;53567488;0
71.0;55775232;0
86.0;55762944;0
83.1;57999360;0
66.5;57982976;0
85.2;59969536;0
57.3;59953152;0
86.0;61812736;0
56.8;61796352;0
100.8;63983616;0
49.9;65896448;0
99.7;65830912;0
49.9;68042752;0
100.3;68042752;0
57.3;70029312;0
99.4;70029312;0
50.4;71835648;0
99.7;71835648;0
33.2;74067968;0
99.4;74067968;0
57.3;76075008;0
99.7;76058624;0
49.9;78077952;0
100.8;78077952;0
71.0;79810560;0
86.0;79798272;0
71.0;82026496;0
84.0;82010112;0
83.1;84029440;0
66.5;84013056;0
86.0;86040576;0
56.8;86024192;0
99.7;87990272;0
49.9;87977984;0
100.8;89792512;0
33.2;90845184;0
83.1;92008448;0
57.3;94064640;0
99.4;94064640;0
33.2;96075776;0
99.7;96075776;0
33.6;98041856;0
99.7;98041856;0
49.9;100032512;0
100.8;100032512;0
56.8;102076416;0
100.3;102076416;0
83.1;104091648;0
100.8;104075264;0
66.5;106049536;0
71.7;106037248;0
71.7;108093440;0
83.1;108077056;0
86.0;110108672;0
66.5;110092288;0
100.8;112111616;0
49.9;112099328;0
99.4;114122752;0
33.6;117882880;0
99.7;116117504;0
49.9;118091776;0
99.7;118091776;0
49.9;120086528;0
100.3;120086528;0
49.9;122150912;0
99.7;122150912;0
50.4;124162048;0
83.1;124145664;0
57.3;126128128;0
85.2;126111744;0
71.7;128155648;0
71.7;128139264;0
83.1;130142208;0
67.2;130125824;0
99.7;132145152;0
49.9;132132864;0
99.7;134193152;0
49.9;136163328;0
100.8;136163328;0
49.9;138006528;0
99.7;138006528;0
50.4;140009472;0
99.7;140009472;0
66.5;142225408;0
99.4;142225408;0
57.3;144191488;0
86.0;144175104;0
56.8;146214912;0
86.0;146202624;0
71.7;148201472;0
66.5;148189184;0
83.1;150028288;0
49.9;150016000;0
100.8;152260608;0
66.5;154210304;0
99.7;154263552;0
50.4;156241920;0
100.3;156241920;0
49.9;158056448;0
99.7;158056448;0
49.9;160079872;0
100.8;160079872;0
66.5;162295808;0
99.7;162295808;0
67.2;164302848;0
83.1;164286464;0
83.1;166289408;0
71.0;166277120;0
99.7;168292352;0
57.3;168280064;0
99.7;170274816;0
49.9;172326912;0
100.3;172326912;0
56.8;174317568;0
100.3;174317568;0
49.9;176091136;0
99.7;176091136;0
67.2;178348032;0
99.7;178348032;0
66.5;180355072;0
84.0;180342784;0
83.1;182366208;0
66.5;182349824;0
83.1;184352768;0
66.5;184336384;0
100.3;186380288;0
57.3;189865984;0
99.7;188366848;0
66.5;190144512;0
100.8;190144512;0
49.9;192196608;0
99.7;192196608;0
49.9;194408448;0
85.2;194392064;0
67.2;196395008;0
83.1;196378624;0
99.7;198402048;0
67.2;198385664;0
100.3;200409088;0
71.0;203173888;0
100.3;202432512;0
71.0;204419072;0
100.8;204419072;0
66.5;206409728;0
99.7;206409728;0
57.3;208433152;0
99.7;208433152;0
71.0;210440192;0
71.7;210427904;0
66.5;212267008;0
67.2;212250624;0
83.1;214458368;0
66.5;214441984;0
99.7;216449024;0
50.4;218443776;0
99.7;218443776;0
33.2;220499968;0
99.7;220499968;0
49.9;222277632;0
100.8;222277632;0
33.2;224505856;0
99.7;224505856;0
57.3;226500608;0
86.0;226484224;0
71.0;228507648;0
66.5;228495360;0
85.2;230535168;0
49.9;230518784;0
100.3;232312832;0
43.0;232300544;0
99.7;234336256;0
49.9;238350336;0
100.8;236343296;0
49.9;238563328;0
99.7;238563328;0
49.9;240545792;0
85.2;240533504;0
71.7;242561024;0
71.7;242548736;0
85.2;244334592;0
57.3;244322304;0
86.0;246566912;0
42.6;247955456;0
99.7;248344576;0
49.9;250400768;0
99.7;250400768;0
57.3;252608512;0
100.3;252608512;0
56.8;254595072;0
86.0;254582784;0
71.7;256380928;0
71.0;256364544;0
86.0;258420736;0
56.8;258408448;0
99.7;260636672;0
50.4;264642560;0
100.3;262643712;0
56.8;264654848;0
100.3;264654848;0
50.4;266653696;0
99.4;266637312;0
57.3;268451840;0
71.0;268439552;0
71.7;270651392;0
67.2;270639104;0
116.4;272658432;0
49.9;272646144;0
100.8;274649088;0
49.9;276697088;0
57.3;278003712;0
100.3;278683648;0
33.2;280485888;0
99.7;280485888;0
33.6;282509312;0
100.3;282509312;0
56.8;284499968;0
86.0;284487680;0
56.8;286711808;0
71.7;286695424;0
86.0;288718848;0
66.5;288702464;0
99.7;290705408;0
33.6;291684352;0
100.8;292749312;0
49.9;294748160;0
99.7;294748160;0
57.3;296747008;0
99.4;296747008;0
66.5;298741760;0
100.8;298729472;0
83.1;300744704;0
66.5;300732416;0
100.8;302718976;0
49.9;305115136;0
99.4;304717824;0
71.7;306757632;0
99.4;306757632;0
66.5;308781056;0
100.8;308781056;0
66.5;310788096;0
85.2;310775808;0
71.7;312590336;0
71.7;312578048;0
85.2;314597376;0
49.9;315392000;0
100.3;316792832;0
71.0;318795776;0
99.7;318795776;0
84.0;320823296;0
99.7;320823296;0
71.0;322629632;0
86.0;322613248;0
86.0;324816896;0
66.5;324804608;0
99.4;326844416;0
57.3;328806400;0
