0.0;10510336;0
0.0;10510336;0
0.0;10510336;0
0.0;10510336;0
33.2;12627968;0
99.7;12763136;0
99.4;14868480;0
100.3;14868480;0
83.1;16879616;0
99.7;16936960;0
86.0;18944000;0
99.4;18976768;0
83.1;21188608;0
99.7;21188608;0
86.0;23216128;0
99.7;23216128;0
100.8;25292800;0
99.4;25292800;0
114.7;27365376;0
99.7;27365376;0
184.8;29523968;0
142.0;29528064;0
134.4;31657984;0
99.7;31657984;0
199.5;33681408;0
142.0;33673216;0
186.4;35729408;0
199.5;36446208;33
216.1;37912576;128
151.2;39886848;0
170.5;39919616;0
199.5;41943040;0
156.2;41811968;0
201.6;44044288;0
166.2;44044288;0
199.5;46063616;0
200.7;45846528;0
198.9;48005120;0
166.2;48041984;0
182.8;50200576;0
201.6;50225152;0
198.9;54067200;0
186.4;52133888;0
216.1;54280192;0
199.5;54280192;0
184.7;58380288;0
200.7;58380288;0
166.2;58363904;0
199.5;58187776;0
201.6;62218240;0
198.9;62218240;0
143.3;62205952;0
166.2;66301952;0
201.6;66347008;0
182.8;66334720;0
143.3;67960832;0
200.7;69943296;0
199.5;69967872;0
33.2;69246976;0
199.5;70275072;0
200.7;74301440;0
142.0;71995392;0
134.4;74227712;0
199.5;74227712;0
149.6;76283904;0
184.7;76308480;0
129.0;78249984;0
143.3;78249984;0
216.1;80003072;0
168.0;80023552;0
199.5;82022400;0
172.0;82018304;0
184.7;84295680;0
186.4;87592960;0
200.7;86265856;0
85.2;88309760;0
100.3;88309760;0
99.7;90296320;0
99.7;90296320;0
133.0;92348416;0
99.7;92332032;0
143.3;94355456;0
142.0;94089216;0
151.2;96350208;0
99.7;96333824;0
166.2;98164736;0
99.7;98164736;0
83.1;100319232;0
100.3;100319232;0
127.8;102154240;0
86.0;102141952;0
83.1;104325120;0
99.7;104312832;0
99.7;106291200;0
100.3;106291200;0
114.7;108142592;0
113.6;110338048;0
114.7;110325760;0
129.0;112361472;0
149.6;112353280;0
116.4;114192384;0
99.7;114192384;0
84.0;116342784;0
99.4;116355072;0
114.7;118165504;0
100.3;118177792;0
99.4;120352768;0
99.7;120369152;0
149.6;122417152;0
0.0;122417152;0
49.9;124424192;0
0.0;124424192;0
57.3;126431232;0
14.3;130088960;0
99.7;128434176;0
83.1;130469888;0
99.7;130469888;0
67.2;132538368;0
0.0;132521984;0
33.2;134377472;0
100.8;134377472;0
71.0;136335360;0
100.3;136335360;0
85.2;138514432;0
100.3;138514432;0
86.0;140509184;0
99.7;140509184;0
84.0;142295040;0
99.7;142311424;0
166.2;144510976;0
99.7;145793024;0
66.5;146452480;0
28.7;148492288;0
14.3;148475904;0
42.6;150487040;0
67.2;150503424;0
49.9;152506368;0
33.2;152526848;0
66.5;154603520;0
99.7;154603520;0
84.0;156577792;0
99.7;156577792;0
71.7;158543872;0
100.3;158560256;0
127.8;160583680;0
0.0;160583680;0
99.4;162729984;0
114.7;164683776;0
100.3;164667392;0
99.4;166653952;0
16.8;166637568;0
43.0;168636416;0
99.4;168636416;0
100.3;170635264;0
99.4;170668032;0
50.4;172650496;0
0.0;172650496;0
66.5;174657536;0
100.3;174657536;0
71.7;176623616;0
0.0;176623616;0
66.5;178663424;0
33.2;180682752;0
99.7;180682752;0
67.2;182657024;0
49.9;182730752;0
33.2;184791040;0
16.6;186834944;0
99.7;186834944;0
67.2;188805120;0
0.0;188788736;0
56.8;190836736;0
86.0;190824448;0
71.7;192983040;0
85.2;192966656;0
83.1;194985984;0
83.1;194969600;0
50.4;196853760;0
0.0;196853760;0
99.7;198938624;0
67.2;200761344;0
66.5;200503296;0
16.6;202706944;0
28.7;202706944;0
49.9;204677120;0
0.0;204677120;0
43.0;206675968;0
0.0;206675968;0
83.1;208695296;0
0.0;208695296;0
67.2;210767872;0
16.6;212840448;0
99.7;212840448;0
49.9;214786048;0
99.7;214786048;0
67.2;216846336;0
16.6;216846336;0
49.9;218820608;0
0.0;218820608;0
33.2;220823552;0
0.0;220823552;0
83.1;222957568;0
56.8;222945280;0
71.7;224919552;0
14.3;226811904;0
99.4;226811904;0
71.7;228913152;0
14.3;228900864;0
49.9;230948864;0
99.7;230981632;0
66.5;232734720;0
0.0;232730624;0
84.0;234885120;0
0.0;234885120;0
49.9;236945408;0
0.0;237592576;0
67.2;238964736;0
0.0;240955392;0
49.9;240951296;0
16.6;242823168;0
99.4;242823168;0
57.3;244973568;0
100.3;244973568;0
66.5;246976512;0
99.7;246976512;0
67.2;248967168;0
0.0;248950784;0
85.2;250982400;0
66.5;251793408;0
99.7;252968960;0
49.9;254984192;0
100.8;254984192;0
100.3;257052672;0
0.0;257040384;0
43.0;258990080;0
0.0;258990080;0
42.6;261038080;0
0.0;261038080;0
83.1;263000064;0
99.7;262803456;0
84.0;264945664;0
0.0;266969088;0
33.2;266952704;0
28.7;268972032;0
14.3;268992512;0
42.6;271044608;0
33.2;271040512;0
66.5;272834560;0
99.4;272834560;0
100.3;274898944;0
0.0;274882560;0
33.2;277045248;0
28.4;279076864;0
100.3;279076864;0
67.2;281075712;0
0.0;281059328;0
66.5;283082752;0
99.7;283082752;0
56.8;285073408;0
0.0;285073408;0
100.3;287096832;0
71.7;289095680;0
56.8;289083392;0
28.7;291115008;0
0.0;291102720;0
43.0;293097472;0
0.0;293097472;0
86.0;295124992;0
83.1;295108608;0
83.1;297127936;0
0.0;297127936;0
33.6;299991040;0
16.6;301178880;0
49.9;301203456;0
33.6;303222784;0
14.3;303210496;0
56.8;305225728;0
0.0;305209344;0
86.0;307245056;0
71.0;307228672;0
66.5;308965376;0
0.0;311971840;0
100.3;311971840;0
56.8;313204736;0
0.0;313188352;0
57.3;315207680;0
84.0;315195392;0
83.1;317235200;0
0.0;317235200;0
99.7;319254528;0
66.5;321241088;0
16.6;321224704;0
28.7;323272704;0
43.0;323256320;0
49.9;325185536;0
14.2;325173248;0
85.2;327245824;0
71.7;327233536;0
33.6;329314304;0
16.6;331321344;0
