0.0;10502144;0
0.0;10502144;0
0.0;10502144;0
0.0;10502144;0
0.0;10502144;0
0.0;10502144;0
0.0;10502144;0
0.0;10502144;0
0.0;10502144;0
0.0;10502144;0
0.0;10502144;0
0.0;10502144;0
0.0;10502144;0
0.0;10502144;0
0.0;10502144;0
0.0;10502144;0
0.0;10502144;0
0.0;10502144;0
0.0;10502144;0
0.0;10502144;0
0.0;10502144;0
0.0;10502144;0
0.0;10502144;0
0.0;10502144;0
0.0;10502144;0
0.0;10502144;0
0.0;10502144;0
0.0;10502144;0
0.0;10502144;0
0.0;10502144;0
0.0;10502144;0
0.0;10502144;0
0.0;10502144;0
0.0;10502144;0
0.0;10502144;0
0.0;10502144;0
0.0;10502144;0
71.7;20553728;114
99.4;20529152;0
99.7;20529152;0
99.7;20529152;0
100.3;20529152;0
99.4;20529152;0
100.8;20529152;0
99.7;20529152;0
99.7;20529152;0
99.4;20529152;0
100.3;20529152;0
99.7;20529152;0
99.7;20529152;0
100.8;20529152;0
99.4;20529152;0
100.3;20529152;0
99.7;20529152;0
100.8;20529152;0
99.7;20529152;0
86.0;20529152;0
100.3;20529152;0
99.7;20529152;0
99.7;20529152;0
99.7;20529152;0
100.3;20529152;0
99.7;20529152;0
100.8;20529152;0
99.4;20529152;0
100.3;20529152;0
99.7;20529152;0
100.8;20529152;0
99.7;20529152;0
100.3;20529152;0
100.3;20529152;0
99.4;20529152;0
99.7;20529152;0
99.7;20529152;0
100.8;20529152;0
156.2;30093312;0
172.0;30093312;0
199.5;30093312;0
199.5;30093312;0
199.5;30093312;0
200.7;30093312;0
199.5;30093312;0
199.5;30093312;0
201.6;30093312;0
198.9;30093312;0
200.7;30093312;0
199.5;30093312;0
201.6;30093312;0
199.5;30093312;0
200.7;30093312;0
199.5;30093312;0
199.5;30093312;0
199.5;30093312;0
200.7;30093312;0
200.7;30093312;0
199.5;30093312;0
201.6;30093312;0
199.5;30093312;0
199.5;30093312;0
198.9;30093312;0
200.7;30093312;0
200.7;30093312;0
199.5;30093312;0
201.6;30093312;0
198.9;30093312;0
200.7;30093312;0
199.5;30093312;0
201.6;30093312;0
199.5;30093312;0
200.7;30093312;0
200.7;30093312;0
199.5;30093312;0
199.5;30093312;0
282.6;39432192;0
302.4;39432192;0
298.3;39432192;0
301.0;39432192;0
299.2;39432192;0
299.2;39432192;0
298.3;39432192;0
272.4;39432192;0
301.0;39432192;0
275.0;39432192;0
299.2;39432192;0
286.7;39432192;0
284.1;39432192;0
302.4;39432192;0
299.2;39432192;0
299.2;39432192;0
301.0;39432192;0
298.3;39432192;0
301.0;39432192;0
299.2;39432192;0
301.0;39432192;0
299.2;39432192;0
299.2;39432192;0
302.4;39432192;0
299.2;39432192;0
301.0;39432192;0
298.3;39432192;0
301.0;39432192;0
301.0;39432192;0
269.9;39432192;0
302.4;39432192;0
299.2;39432192;0
299.2;39432192;0
299.2;39432192;0
299.2;39432192;0
302.4;39432192;0
340.9;48594944;0
332.4;48594944;0
369.3;48594944;0
401.4;48594944;0
401.4;48594944;0
397.7;48594944;0
401.4;48594944;0
383.5;48594944;0
401.4;48594944;0
401.4;48594944;0
400.0;48594944;0
383.5;48594944;0
397.7;48594944;0
401.4;48594944;0
400.0;48594944;0
401.4;48594944;0
400.0;48594944;0
397.7;48594944;0
387.0;48594944;0
349.1;48594944;0
398.9;48594944;0
401.4;48594944;0
403.2;48594944;0
401.4;48594944;0
383.5;48594944;0
387.5;48594944;0
400.0;48594944;0
400.0;48594944;0
400.0;48594944;0
400.0;48594944;0
400.0;48594944;0
400.0;48594944;0
400.0;48594944;0
397.7;48594944;0
400.0;57839616;0
398.9;57839616;0
400.0;57839616;0
400.0;57839616;0
400.0;57839616;0
400.0;57839616;0
401.4;57839616;0
400.0;57839616;0
400.0;57839616;0
386.4;57839616;0
401.4;57839616;0
400.0;57839616;0
372.7;57839616;0
387.5;57839616;0
400.0;57839616;0
400.0;57839616;0
400.0;57839616;0
358.4;57839616;0
400.0;57839616;0
300.0;57839616;0
400.0;57839616;0
397.7;57839616;0
355.1;57839616;0
397.7;57839616;0
382.3;57839616;0
344.0;57839616;0
400.0;57839616;0
400.0;57839616;0
375.0;57839616;0
401.4;57839616;0
401.4;57839616;0
400.0;58478592;0
400.0;67293184;0
390.6;67293184;0
375.0;67293184;0
400.0;67293184;0
400.0;67293184;0
400.0;67293184;0
400.0;67293184;0
400.0;67293184;0
400.0;67293184;0
400.0;67293184;0
387.0;67293184;0
400.0;67293184;0
400.0;67293184;0
400.0;67293184;0
400.0;67293184;0
400.0;67293184;0
400.0;67293184;0
400.0;67293184;0
398.9;67293184;0
398.9;67293184;0
400.0;67293184;0
400.0;67293184;0
387.5;67293184;0
398.9;67293184;0
401.8;67293184;0
400.0;67293184;0
398.9;67293184;0
365.7;67293184;0
400.0;67293184;0
362.5;73064448;0
375.0;76468224;0
400.0;76468224;0
400.0;76468224;0
400.0;76468224;0
387.5;76468224;0
387.9;76468224;0
376.8;76468224;0
387.0;76468224;0
375.0;76468224;0
400.0;76468224;0
400.0;76468224;0
325.0;76484608;0
375.0;76500992;0
400.0;76500992;0
379.5;76500992;0
400.0;76500992;0
376.8;76500992;0
400.0;76500992;0
375.0;76500992;0
400.0;76500992;0
400.0;76500992;0
362.5;76500992;0
350.0;76500992;0
358.4;76500992;0
400.0;76500992;0
400.0;76500992;0
387.5;76500992;0
387.5;76500992;0
400.0;77254656;0
368.2;85602304;0
400.6;85602304;0
400.6;85602304;0
399.7;85602304;0
400.6;85602304;0
350.0;85602304;0
398.9;85602304;0
376.8;85602304;0
401.8;85602304;0
400.0;85602304;0
401.8;85602304;0
332.4;85602304;0
387.9;85602304;0
370.6;85602304;0
400.0;85602304;0
390.6;85602304;0
375.0;85602304;0
387.5;85602304;0
375.0;85602304;0
398.9;85602304;0
357.1;85602304;0
400.6;85602304;0
400.6;85602304;0
398.1;85602304;0
390.6;85602304;0
400.0;85602304;0
