0.0;10498048;0
0.0;10498048;0
0.0;10498048;0
0.0;10498048;0
0.0;10498048;0
33.2;12640256;0
99.7;12677120;0
56.8;12713984;0
100.3;12750848;0
49.9;12890112;0
99.7;12890112;0
71.7;12959744;0
99.7;12959744;0
83.1;13000704;0
99.7;11010048;0
71.7;13099008;0
99.7;11075584;0
84.0;13246464;0
83.1;11223040;0
86.0;13299712;0
83.1;11280384;0
100.8;13303808;0
66.5;11280384;0
100.3;13365248;0
66.5;11345920;0
99.7;13430784;0
49.9;12988416;0
100.3;13598720;0
83.1;13606912;173
99.7;13606912;0
50.4;13594624;0
99.4;13594624;0
66.5;13545472;0
99.7;13545472;0
50.4;13611008;0
99.4;13611008;0
57.3;13578240;0
99.7;13635584;0
16.6;11616256;0
227.3;50397184;0
143.3;80601088;0
199.5;109658112;0
199.5;132513792;0
268.8;152489984;0
198.9;180776960;0
301.0;205758464;0
216.1;202788864;670
272.4;200765440;699
116.4;202821632;63
166.2;198782976;0
33.6;200810496;0
71.0;198791168;0
28.7;200859648;0
99.4;200859648;0
134.4;202883072;0
133.0;200863744;0
143.3;202895360;0
157.7;200876032;0
127.8;200876032;0
33.2;198856704;0
66.5;200880128;0
100.8;200880128;0
116.4;200884224;0
100.3;200884224;0
182.8;200880128;0
99.7;200880128;0
149.6;200884224;0
0.0;198860800;0
100.8;200880128;0
99.7;202305536;0
157.7;200884224;0
114.7;202907648;0
199.5;200884224;0
116.4;202903552;0
114.7;200880128;0
100.3;200884224;0
85.2;200884224;0
100.8;200884224;0
216.1;231432192;0
249.3;259379200;0
299.2;282087424;0
216.1;299827200;0
252.0;321011712;0
227.3;350556160;0
301.0;369594368;0
258.0;387788800;0
255.7;388771840;0
172.0;205828096;0
198.9;205832192;0
117.6;206491648;0
199.5;205922304;0
133.0;205942784;0
201.6;205942784;0
156.2;206008320;0
200.7;206012416;0
156.2;206057472;0
134.4;204034048;0
133.0;204029952;0
99.7;204029952;0
151.2;204034048;0
99.4;204034048;0
143.3;204038144;0
99.4;204038144;0
168.0;204034048;0
49.9;202022912;0
83.1;204107776;0
100.8;204107776;0
127.8;204156928;0
86.0;202133504;0
99.4;204210176;0
86.0;204197888;0
99.7;204214272;0
116.4;206237696;0
100.8;204214272;0
133.0;206241792;0
116.4;204222464;0
99.4;202199040;0
186.4;225914880;0
232.7;254627840;0
302.4;276357120;0
229.4;296480768;0
284.1;314331136;0
243.7;337338368;0
301.0;362446848;0
272.4;383946752;0
284.1;391585792;0
243.7;205520896;0
198.9;205524992;0
143.3;206807040;0
143.3;204816384;0
184.7;206913536;0
172.0;207036416;0
200.7;207036416;0
170.5;207192064;0
149.6;205172736;0
133.0;207216640;0
168.0;205193216;0
149.6;207179776;0
166.2;205090816;0
151.2;207155200;0
116.4;205131776;0
166.2;207179776;0
33.2;203141120;0
85.2;205250560;0
0.0;203231232;0
100.8;205307904;0
85.2;205307904;0
100.3;205307904;0
129.0;205344768;0
71.0;203321344;0
49.9;205377536;0
66.5;203354112;0
50.4;205488128;0
99.7;205492224;0
99.7;205275136;0
285.6;237805568;0
229.4;259506176;0
198.9;285777920;0
243.7;314314752;0
269.9;330412032;0
143.3;363089920;0
200.7;388988928;0
232.7;334413824;0
116.4;204763136;0
184.8;208171008;0
166.2;206106624;0
199.5;207749120;0
71.0;205729792;0
28.7;203706368;0
71.7;205795328;0
85.2;203771904;0
86.0;205799424;0
99.4;205799424;0
114.7;206032896;0
100.3;206045184;0
113.6;206061568;0
0.0;204038144;0
100.8;206114816;0
116.4;208175104;0
133.0;206159872;0
133.0;208240640;0
133.0;204197888;0
33.6;206221312;0
49.9;204197888;0
56.8;206217216;0
43.0;204197888;0
84.0;206258176;0
99.7;206258176;0
99.7;206299136;0
66.5;204279808;0
99.7;204279808;0
0.0;204279808;0
66.5;218361856;0
282.6;250482688;0
252.0;277528576;0
199.5;300945408;0
149.6;322195456;0
129.0;352899072;0
170.5;381636608;0
200.7;389505024;0
268.8;206831616;0
116.4;206884864;0
199.5;208191488;0
84.0;206286848;0
66.5;204267520;0
33.2;206352384;0
99.7;206352384;0
149.6;208539648;0
100.8;204496896;0
66.5;206512128;0
99.7;206512128;0
71.7;206565376;0
14.3;204541952;0
99.7;206561280;0
83.1;208412672;0
99.7;206696448;0
66.5;206721024;0
84.0;204701696;0
49.9;206761984;0
99.7;206761984;0
166.2;208785408;0
134.4;206766080;0
166.2;208863232;0
166.2;206843904;0
182.8;209039360;0
116.4;204996608;0
100.8;207020032;0
0.0;207417344;0
99.7;205004800;0
0.0;205004800;0
168.0;225304576;0
249.3;255848448;0
282.6;281571328;0
258.0;299032576;0
266.0;319483904;0
116.4;352784384;0
200.7;380874752;0
243.7;392024064;0
227.3;213192704;0
129.0;216535040;0
100.8;214532096;0
166.2;216641536;0
99.7;214618112;0
114.7;214695936;0
14.2;212676608;0
99.4;214822912;0
129.0;216887296;0
157.7;214867968;0
142.0;216989696;0
143.3;212951040;0
50.4;215003136;0
99.7;215003136;0
166.2;217030656;0
43.0;212987904;0
99.7;215154688;0
99.7;216834048;0
157.7;215203840;0
28.7;215265280;0
99.4;215265280;0
129.0;217309184;0
100.3;213262336;0
42.6;215285760;0
99.7;215285760;0
166.2;217366528;0
66.5;213319680;0
99.7;215343104;0
84.0;215343104;0
83.1;227856384;0
269.9;253853696;0
243.7;282214400;0
200.7;306888704;0
282.6;329232384;0
232.7;356761600;0
301.0;384061440;0
282.6;392126464;0
216.1;220270592;0
184.8;221450240;0
71.7;219439104;0
156.2;221691904;0
199.5;221691904;0
134.4;221683712;0
133.0;219688960;0
184.7;221835264;0
114.7;220385280;0
182.8;219840512;0
116.4;219889664;0
100.8;219889664;0
129.0;219906048;0
99.4;219906048;0
149.6;222007296;0
100.8;219983872;0
83.1;220033024;0
99.7;220033024;0
166.2;220155904;0
99.4;220155904;0
199.5;222339072;0
117.6;222334976;0
199.5;222334976;0
149.6;222330880;0
200.7;222330880;0
