0.0;10498048;0
0.0;10498048;0
0.0;10498048;0
0.0;10498048;0
16.6;12607488;0
100.8;12664832;0
85.2;12734464;0
100.3;12759040;0
66.5;12922880;0
100.8;12840960;0
71.0;12865536;0
100.8;12898304;0
66.5;13025280;0
99.7;13058048;0
71.0;13185024;0
100.3;13185024;0
66.5;13266944;0
99.7;13266944;0
57.3;13324288;0
85.2;11124736;0
66.5;13246464;0
83.1;11223040;0
57.3;13398016;0
85.2;11374592;0
84.0;13463552;0
83.1;11476992;0
86.0;13484032;0
99.7;11501568;173
117.6;13639680;0
66.5;11423744;0
100.3;13582336;0
71.7;12603392;0
99.4;13746176;0
57.3;13651968;0
99.4;13651968;0
71.7;13684736;0
99.7;13684736;0
16.6;11669504;0
200.7;48947200;0
241.5;76402688;0
232.7;102780928;0
199.5;129093632;0
286.7;143601664;0
227.3;162000896;0
252.0;183603200;0
182.8;199647232;170
216.1;200237056;778
182.8;202297344;484
172.0;200273920;0
100.3;200273920;0
99.7;198254592;0
33.6;200278016;0
99.7;200278016;0
129.0;202346496;0
99.4;200323072;0
100.8;200327168;0
99.7;200327168;0
99.7;198303744;0
0.0;198303744;0
56.8;200327168;0
86.0;200327168;0
166.2;202354688;0
100.8;200331264;0
182.8;202354688;0
149.6;200331264;0
157.7;200327168;0
99.7;200327168;0
182.8;202350592;0
116.4;200331264;0
184.8;202350592;0
113.6;200327168;0
200.7;202346496;0
129.0;202350592;0
198.9;202350592;0
157.7;202354688;0
199.5;202354688;0
100.8;200331264;0
229.4;234881024;0
249.3;258457600;0
282.6;279543808;0
218.4;301731840;0
241.5;315662336;0
215.0;344432640;0
298.3;369254400;0
258.0;390762496;0
266.0;266924032;0
182.8;205357056;0
151.2;203337728;0
83.1;203431936;0
99.7;203431936;0
85.2;203431936;0
100.3;203431936;0
129.0;203501568;0
99.7;203501568;0
84.0;203526144;0
99.7;201502720;0
99.7;203542528;0
83.1;201523200;0
100.3;203542528;0
100.3;205389824;0
113.6;203595776;0
100.8;205639680;0
166.2;203624448;0
99.7;203665408;0
99.7;203665408;0
100.3;203739136;0
100.3;203739136;0
113.6;203821056;0
100.8;203821056;0
66.5;203821056;0
99.7;203821056;0
49.9;203821056;0
100.3;203821056;0
100.3;203825152;0
99.4;203825152;0
100.8;208179200;0
299.2;242937856;0
232.7;272814080;0
299.2;290590720;0
266.0;311001088;0
243.7;329379840;0
241.5;358117376;0
286.7;381140992;0
258.0;391589888;0
213.1;203452416;0
166.2;206778368;0
116.4;204759040;0
184.8;207093760;0
149.6;205074432;0
116.4;205111296;0
50.4;203087872;0
99.7;205373440;0
116.4;207454208;0
116.4;205430784;0
86.0;205484032;0
100.3;205484032;0
142.0;207507456;0
57.3;203460608;0
57.3;205479936;0
99.4;205479936;0
143.3;205631488;0
99.4;205631488;0
71.7;205668352;0
83.1;203644928;0
83.1;205783040;0
67.2;203759616;0
99.7;205778944;0
49.9;204455936;0
100.3;205856768;0
127.8;207904768;0
129.0;205881344;0
129.0;207904768;0
156.2;205881344;0
100.8;205881344;0
216.1;231018496;0
232.7;253612032;0
216.1;280559616;0
199.5;308625408;0
252.0;329043968;0
216.1;358170624;0
266.0;376057856;0
200.7;390258688;0
186.4;235941888;0
149.6;205963264;0
99.7;203943936;0
166.2;206032896;0
133.0;204009472;0
151.2;204140544;0
99.7;204152832;0
166.2;204161024;0
100.8;204161024;0
149.6;204197888;0
116.4;204185600;0
99.7;204185600;0
116.4;204206080;0
100.8;204206080;0
83.1;204206080;0
99.7;204206080;0
168.0;206254080;0
99.7;204234752;0
66.5;204296192;0
83.1;202272768;0
83.1;204292096;0
100.8;204304384;0
99.7;204308480;0
99.7;204308480;0
129.0;204320768;0
114.7;206360576;0
116.4;204341248;0
99.7;204386304;0
99.7;204386304;0
16.8;202366976;0
116.4;223506432;0
249.3;256217088;0
268.8;286900224;0
266.0;309981184;0
282.6;327245824;0
258.0;347152384;0
298.3;372621312;0
215.0;391225344;0
218.4;223813632;0
182.8;207998976;0
199.5;207998976;0
168.0;206106624;0
99.7;206106624;0
149.6;208183296;0
99.7;206163968;0
166.2;208183296;0
100.8;206163968;0
83.1;206209024;0
99.7;206209024;0
134.4;206385152;0
99.7;206385152;0
149.6;206725120;0
83.1;206790656;0
99.7;206790656;0
67.2;206884864;0
100.3;206884864;0
142.0;208941056;0
100.3;206921728;0
143.3;206909440;0
99.4;206913536;0
129.0;206917632;0
99.4;206917632;0
143.3;207065088;0
100.3;207065088;0
199.5;207077376;0
100.3;207077376;0
201.6;209149952;0
83.1;205082624;0
133.0;221577216;0
266.0;247119872;0
182.8;276660224;0
184.8;303136768;0
199.5;322719744;0
184.7;352010240;0
301.0;373784576;0
218.4;392687616;0
199.5;271114240;0
149.6;210341888;0
172.0;208334848;0
156.2;210456576;0
129.0;208437248;0
172.0;210505728;0
99.4;208461824;0
166.2;208588800;0
100.8;208588800;0
199.5;210759680;0
99.7;210808832;0
166.2;208789504;0
127.8;210984960;0
157.7;208961536;0
86.0;209076224;0
99.4;209076224;0
157.7;209281024;0
100.8;209281024;0
83.1;209293312;0
83.1;207269888;0
99.7;209289216;0
83.1;207269888;0
100.3;209334272;0
71.7;209334272;0
99.4;209334272;0
71.7;209330176;0
100.3;209330176;0
49.9;209330176;0
99.7;209330176;0
16.6;209317888;0
282.6;242085888;0
200.7;263725056;0
200.7;287264768;0
198.9;310374400;0
199.5;328753152;0
184.8;356634624;0
199.5;382988288;0
269.9;393347072;0
229.4;212103168;0
199.5;213467136;0
99.7;216588288;0
201.6;213528576;0
116.4;215547904;0
199.5;215547904;0
143.3;215740416;0
186.4;213721088;0
156.2;215805952;0
199.5;215805952;0
166.2;213942272;0
99.7;213942272;0
201.6;215965696;0
99.7;213942272;0
99.4;213938176;0
57.3;213942272;0
100.8;213942272;0
86.0;214040576;0
99.4;214040576;0
66.5;214065152;0
99.7;214065152;0
83.1;214159360;0
100.8;214159360;0
157.7;214290432;0
