0.0;10498048;0
0.0;10498048;0
0.0;10498048;0
42.6;12619776;0
100.8;12632064;0
56.8;12697600;0
100.3;12730368;0
49.9;12750848;0
99.7;12795904;0
71.0;12906496;0
100.3;12906496;0
49.9;12996608;0
99.7;13041664;0
57.3;13168640;0
85.2;11161600;0
66.5;13266944;0
83.1;11243520;0
71.7;13266944;0
71.0;11243520;0
84.0;13316096;0
66.5;11296768;0
99.7;13381632;0
56.8;11362304;0
100.3;13447168;0
49.9;11427840;0
99.7;13447168;0
100.8;13611008;173
99.4;13611008;0
71.7;13533184;0
99.7;13533184;0
50.4;13508608;0
99.7;13508608;0
57.3;13639680;0
100.3;13639680;0
56.8;13434880;0
99.7;13434880;0
0.0;11517952;0
215.0;51580928;0
227.3;80367616;0
268.8;106467328;0
199.5;130932736;0
272.4;148930560;0
255.7;166662144;0
268.8;186007552;0
199.5;201805824;124
199.5;200286208;773
201.6;202276864;535
113.6;200257536;0
116.4;202362880;0
133.0;200339456;0
134.4;202362880;0
142.0;200343552;0
143.3;202366976;0
166.2;200343552;0
166.2;202371072;0
156.2;200347648;0
143.3;202891264;0
99.7;200871936;0
149.6;202895360;0
129.0;200876032;0
127.8;200871936;0
100.3;200871936;0
66.5;200871936;0
100.8;200871936;0
127.8;200876032;0
86.0;198852608;0
83.1;200876032;0
99.7;200876032;0
99.7;200892416;0
99.7;200892416;0
117.6;200888320;0
85.2;200892416;0
100.3;200892416;0
83.1;200888320;0
99.7;200888320;0
83.1;198868992;0
199.5;229679104;0
258.0;258293760;0
269.9;285306880;0
200.7;308740096;0
282.6;329801728;0
216.1;354934784;0
299.2;375922688;0
282.6;393486336;0
268.8;246853632;0
116.4;206004224;0
182.8;204009472;0
28.7;204136448;0
83.1;202141696;0
33.2;204263424;0
99.4;204263424;0
114.7;204419072;0
100.3;204419072;0
133.0;204668928;0
50.4;202649600;0
56.8;204693504;0
100.3;204693504;0
127.8;204677120;0
16.8;202653696;0
86.0;204677120;0
99.4;204677120;0
117.6;204697600;0
99.7;202674176;0
99.7;205254656;0
99.7;208330752;0
86.0;203333632;0
14.3;205594624;0
99.4;205594624;0
86.0;205643776;0
71.7;203624448;0
42.6;205643776;0
71.7;203624448;0
33.2;205647872;0
100.8;205647872;0
66.5;203624448;0
282.6;242618368;0
100.8;274776064;0
199.5;302264320;0
215.0;325681152;0
249.3;347168768;0
249.3;373063680;0
268.8;389607424;0
216.1;317505536;0
182.8;203337728;0
151.2;204697600;0
99.4;204697600;0
129.0;204832768;0
99.4;204832768;0
143.3;204894208;0
14.3;202870784;0
99.7;205082624;0
100.3;205082624;0
114.7;205107200;0
28.4;205107200;0
99.7;205135872;0
113.6;205103104;0
100.3;205103104;0
71.7;205230080;0
49.9;203218944;0
33.2;205242368;0
100.8;205242368;0
66.5;205299712;0
100.3;205299712;0
71.0;205438976;0
100.3;205438976;0
129.0;205516800;0
28.4;203497472;0
86.0;205570048;0
71.7;203546624;0
99.7;205565952;0
83.1;203546624;0
99.7;205586432;0
100.8;203563008;0
116.4;221544448;0
216.1;252866560;0
168.0;287809536;0
149.6;313634816;0
182.8;339644416;0
133.0;367939584;0
182.8;389959680;0
117.6;201617408;0
99.7;204742656;0
99.7;206708736;0
151.2;205213696;0
16.6;205348864;0
99.7;205365248;0
133.0;205434880;0
99.7;205434880;0
84.0;205500416;0
49.9;203481088;0
49.9;205660160;0
100.8;205660160;0
166.2;207376384;0
99.7;205352960;0
116.4;205639680;0
99.7;203620352;0
84.0;205701120;0
83.1;203677696;0
83.1;205725696;0
100.8;205725696;0
149.6;205770752;0
14.3;203751424;0
99.7;205770752;0
83.1;205811712;0
100.8;205811712;0
133.0;207835136;0
99.7;205815808;0
134.4;205946880;0
99.7;205979648;0
166.2;208080896;0
99.7;206057472;0
56.8;207110144;0
282.6;242212864;0
252.0;269447168;0
286.7;296185856;0
156.2;315736064;0
200.7;336302080;0
200.7;358420480;0
199.5;379432960;0
199.5;390324224;0
149.6;205144064;0
99.7;206569472;0
117.6;208646144;0
149.6;205508608;0
33.2;206688256;0
100.8;206688256;0
149.6;208867328;0
116.4;206848000;0
100.3;206917632;0
99.4;206917632;0
114.7;207077376;0
84.0;205058048;0
99.7;207081472;0
99.7;207081472;0
168.0;207081472;0
99.7;207081472;0
99.7;207089664;0
116.4;207130624;0
99.7;207130624;0
67.2;207159296;0
99.7;207159296;0
116.4;207159296;0
100.3;207159296;0
71.7;207163392;0
99.4;207163392;0
114.7;207192064;0
99.4;208424960;0
99.7;207220736;0
67.2;205197312;0
216.1;228577280;0
249.3;259592192;0
268.8;281759744;0
200.7;303493120;0
227.3;326246400;0
216.1;355414016;0
199.5;375144448;0
213.1;390512640;0
186.4;344305664;0
134.4;213557248;0
99.7;213557248;0
116.4;213622784;0
100.8;211603456;0
83.1;211718144;0
14.2;212852736;0
99.7;213798912;0
49.9;213786624;0
99.7;213786624;0
71.7;213803008;0
100.3;213803008;0
56.8;213848064;0
100.3;213856256;0
117.6;213872640;0
99.7;213872640;0
116.4;214020096;0
83.1;215236608;0
99.7;214081536;0
117.6;216281088;0
114.7;214261760;0
85.2;214261760;0
100.3;214261760;0
117.6;214396928;0
99.7;214396928;0
99.7;214540288;0
99.7;214540288;0
127.8;214634496;0
86.0;212615168;0
114.7;227344384;0
266.0;254615552;0
282.6;279236608;0
201.6;301715456;0
243.7;322736128;0
199.5;356773888;0
249.3;379781120;0
133.0;389701632;0
142.0;219955200;0
143.3;223289344;0
100.8;221265920;0
99.7;221433856;0
99.7;219414528;0
100.3;221487104;0
100.3;221487104;0
99.7;221569024;0
66.5;221569024;0
99.7;221569024;0
66.5;221597696;0
100.8;221597696;0
49.9;221655040;0
99.7;221655040;0
57.3;221704192;0
100.3;221704192;0
71.0;221790208;0
99.7;221790208;0
83.1;221822976;0
66.5;219803648;0
100.3;221859840;0
100.3;221855744;0
99.4;221855744;0
66.5;221855744;0
100.8;221855744;0
66.5;221859840;0
