0.0;10489856;0
0.0;10489856;0
0.0;10489856;0
0.0;10489856;0
0.0;10489856;0
33.2;12644352;0
100.8;12673024;0
71.0;12722176;0
100.3;12754944;0
49.9;12865536;0
99.7;10842112;0
56.8;12836864;0
86.0;10850304;0
66.5;12976128;0
83.1;10989568;0
71.7;13033472;0
99.7;11075584;0
83.1;13234176;0
66.5;11214848;0
86.0;13238272;0
66.5;11214848;0
100.8;13303808;0
66.5;11280384;0
71.7;13365248;0
71.0;11345920;0
84.0;13430784;0
66.5;11411456;0
86.0;13430784;0
86.0;11444224;173
99.7;13557760;0
66.5;11366400;0
100.3;13500416;0
71.7;15507456;0
99.7;13639680;0
50.4;14528512;0
99.7;13598720;0
66.5;13611008;0
99.4;13611008;0
28.7;11591680;0
116.4;33579008;0
266.0;67870720;0
218.4;94605312;0
198.9;122413056;0
249.3;139808768;0
199.5;166903808;0
184.8;196894720;0
182.8;198950912;513
286.7;202149888;708
133.0;200097792;211
99.7;200155136;0
49.9;198135808;0
114.7;200175616;0
66.5;198184960;0
99.4;200232960;0
84.0;200232960;0
99.7;200232960;0
71.7;200237056;0
99.4;200237056;0
50.4;200241152;0
99.7;200241152;0
133.0;202264576;0
129.0;200241152;0
142.0;202264576;0
182.8;200241152;0
149.6;202264576;0
201.6;202264576;0
156.2;202289152;0
143.3;200265728;0
83.1;200265728;0
83.1;198242304;0
83.1;200261632;0
71.7;198242304;0
99.7;200265728;0
83.1;198242304;0
100.8;200261632;0
99.7;200261632;0
143.3;200265728;0
99.4;200265728;0
157.7;215592960;0
285.6;248393728;0
241.5;275988480;0
200.7;302813184;0
172.0;325111808;0
199.5;352813056;0
166.2;381616128;0
199.5;388669440;0
218.4;203735040;0
113.6;201719808;0
100.3;203042816;0
99.7;201019392;0
99.7;203251712;0
49.9;201244672;0
99.7;203444224;0
50.4;203390976;0
99.7;203661312;0
49.9;203685888;0
100.8;203685888;0
83.1;203730944;0
100.3;203730944;0
42.6;203726848;0
100.3;203726848;0
49.9;203735040;0
99.7;203735040;0
151.2;203800576;0
99.4;203800576;0
114.7;203804672;0
71.0;201781248;0
67.2;203800576;0
66.5;201781248;0
66.5;203829248;0
100.8;203829248;0
133.0;203833344;0
86.0;201809920;0
85.2;203857920;0
57.3;201834496;0
100.3;203853824;0
42.6;201834496;0
129.0;217931776;0
282.6;250974208;0
232.7;279785472;0
199.5;308068352;0
249.3;328876032;0
218.4;354168832;0
216.1;380354560;0
200.7;388947968;0
172.0;202850304;0
99.4;202850304;0
114.7;202100736;0
14.2;204566528;0
71.7;202543104;0
28.7;204783616;0
99.4;204783616;0
33.6;204816384;0
99.7;204816384;0
49.9;204820480;0
99.7;204820480;0
33.2;204890112;0
50.4;202866688;0
49.9;204890112;0
99.7;204890112;0
100.8;204886016;0
83.1;202801152;0
83.1;204869632;0
66.5;202850304;0
99.7;204873728;0
28.7;202850304;0
83.1;204873728;0
49.9;202850304;0
84.0;204951552;0
49.9;202932224;0
99.7;204959744;0
33.2;202936320;0
85.2;202936320;0
0.0;205389824;0
71.7;202936320;0
0.0;202936320;0
143.3;222294016;0
258.0;246652928;0
184.7;277786624;0
200.7;305807360;0
216.1;327421952;0
114.7;359526400;0
200.7;389541888;0
99.4;255049728;0
86.0;200454144;0
28.7;203649024;0
99.7;203661312;0
83.1;203882496;0
99.7;203882496;0
149.6;206065664;0
43.0;201416704;0
66.5;204001280;0
0.0;201977856;0
86.0;204484608;0
86.0;202481664;0
85.2;204685312;0
100.3;205799424;0
142.0;204722176;0
57.3;204754944;0
50.4;202731520;0
43.0;204795904;0
99.4;204795904;0
84.0;204800000;0
83.1;202776576;0
66.5;204800000;0
99.7;204800000;0
166.2;204800000;0
84.0;202780672;0
99.7;204808192;0
83.1;202784768;0
57.3;202784768;0
0.0;204804096;0
99.7;204804096;0
99.7;204804096;0
166.2;231751680;0
235.2;261943296;0
266.0;289968128;0
99.7;313593856;0
200.7;337780736;0
172.0;364773376;0
198.9;389132288;0
172.0;255434752;0
198.9;204476416;0
100.3;205791232;0
100.8;205791232;0
133.0;205918208;0
99.7;205918208;0
151.2;206516224;0
0.0;204492800;0
99.4;206544896;0
100.3;207155200;0
99.4;206565376;0
114.7;206594048;0
57.3;204570624;0
33.2;206790656;0
99.7;206790656;0
50.4;206811136;0
99.7;206811136;0
116.4;206839808;0
71.7;204816384;0
66.5;206856192;0
0.0;204832768;0
100.8;206860288;0
33.2;204836864;0
99.4;206856192;0
57.3;206888960;0
57.3;204865536;0
33.2;206888960;0
99.7;206888960;0
49.9;206868480;0
85.2;204845056;0
28.7;208117760;0
286.7;247869440;0
213.1;273440768;0
200.7;301223936;0
243.7;319750144;0
241.5;339533824;0
216.1;363958272;0
133.0;386920448;0
166.2;305569792;0
50.4;208465920;0
100.3;211750912;0
113.6;213938176;0
49.9;209895424;0
28.7;211947520;0
99.4;211947520;0
129.0;214167552;0
99.7;212152320;0
133.0;212226048;0
100.8;212226048;0
166.2;214286336;0
99.7;212262912;0
84.0;212328448;0
100.3;212328448;0
85.2;210432000;0
16.6;212488192;0
99.7;212488192;0
133.0;212520960;0
16.8;210497536;0
43.0;212520960;0
0.0;210497536;0
42.6;210509824;0
0.0;210509824;0
67.2;212856832;0
100.3;212856832;0
56.8;210845696;0
0.0;210845696;0
71.7;211116032;0
0.0;211116032;0
99.7;226693120;0
186.4;258916352;0
157.7;291127296;0
99.7;313974784;0
182.8;339894272;0
201.6;362934272;0
199.5;388182016;0
113.6;259923968;0
33.2;208056320;0
57.3;211439616;0
99.4;211451904;0
133.0;209604608;0
0.0;209604608;0
57.3;209637376;0
0.0;209637376;0
99.4;211697664;0
114.7;213811200;0
100.3;211787776;0
113.6;211787776;0
99.7;211787776;0
66.5;211800064;0
0.0;209776640;0
57.3;212496384;0
0.0;210477056;0
86.0;212647936;0
99.4;212647936;0
99.7;212742144;0
117.6;214781952;0
49.9;210743296;0
33.2;212766720;0
49.9;210743296;0
