44.7;99.9;65.2;0.0
49.6;114.5;93.4;0.0
79.8;138.7;55.2;0.0
49.9;157.9;39.1;0.0
24.9;159.7;2.0;0.0
0.0;159.7;0.0;0.0
5.0;159.7;0.1;0.0
0.0;159.7;0.0;0.0
0.0;159.7;1.3;0.0
0.0;159.7;0.0;0.0
0.0;159.7;0.7;0.0
0.0;159.7;0.0;0.0
0.0;159.7;0.5;0.0
0.0;159.7;0.0;0.0
4.8;160.5;0.5;0.0
50.8;160.5;1.2;0.0
24.9;161.0;0.2;0.0
0.0;161.0;0.0;0.0
0.0;161.0;0.1;0.0
0.0;161.0;0.0;0.0
0.0;161.0;0.0;0.0
0.0;161.0;0.0;0.0
0.0;161.0;0.0;0.0
0.0;161.0;0.0;0.0
0.0;161.0;0.0;0.0
0.0;161.0;0.0;0.0
0.0;161.0;0.0;0.0
0.0;161.0;1.3;0.0
0.0;161.0;0.0;0.0
0.0;161.0;0.7;0.0
0.0;161.0;0.0;0.0
0.0;161.0;0.5;0.0
0.0;161.0;0.0;0.0
19.6;161.5;0.5;0.0
49.4;276.8;2448.0;4.0
51.5;277.0;1.5;448.0
