0.0;10493952;0
0.0;10493952;0
0.0;10493952;0
0.0;10493952;0
33.2;12238848;0
151.2;14286848;0
127.8;14393344;0
201.6;16060416;0
199.5;19415040;0
172.0;19423232;0
199.5;19423232;0
168.0;19779584;0
198.9;19709952;0
200.7;19890176;0
199.5;19959808;0
199.5;20000768;0
184.7;19894272;0
201.6;19951616;0
149.6;18403328;0
182.8;19988480;0
200.7;20017152;0
198.9;20049920;0
199.5;18534400;0
199.5;20226048;0
200.7;20377600;0
166.2;18714624;0
218.4;20672512;0
113.6;18972672;0
215.0;21655552;0
199.5;21655552;0
201.6;21655552;0
184.7;21663744;0
129.0;21659648;0
199.5;20029440;0
133.0;21250048;0
198.9;22503424;0
200.7;22503424;0
182.8;22507520;0
218.4;22581248;224
249.3;22552576;278
200.7;22552576;0
216.1;22548480;0
201.6;22544384;0
184.7;21893120;0
200.7;21893120;0
199.5;21921792;0
199.5;21938176;0
156.2;20135936;0
143.3;21938176;0
199.5;21938176;0
216.1;22609920;0
200.7;22626304;0
142.0;21209088;0
186.4;22839296;0
199.5;21229568;0
168.0;21241856;0
199.5;22876160;0
186.4;21254144;0
129.0;24309760;0
170.5;33288192;0
272.4;70045696;0
299.2;95977472;0
302.4;120078336;0
282.6;139153408;0
232.7;165294080;0
272.4;188256256;0
298.3;211767296;0
301.0;206585856;722
299.2;206585856;662
151.2;206041088;48
166.2;207663104;0
199.5;207663104;0
186.4;207667200;0
184.7;206041088;0
166.2;207667200;0
199.5;207667200;0
201.6;207667200;0
198.9;207667200;0
201.6;206209024;0
99.7;205512704;0
149.6;207675392;0
198.9;207675392;0
200.7;207675392;0
200.7;207675392;0
184.7;208138240;0
134.4;208252928;0
199.5;205004800;0
133.0;208252928;0
198.9;208252928;0
186.4;208252928;0
199.5;208252928;0
199.5;208252928;0
168.0;208261120;0
198.9;208261120;0
200.7;208261120;0
198.9;208261120;0
201.6;208265216;0
199.5;208265216;0
199.5;208265216;0
186.4;208265216;0
198.9;208265216;0
99.7;206282752;0
199.5;208265216;0
134.4;208265216;0
198.9;208265216;0
200.7;208265216;0
199.5;208265216;0
199.5;206643200;0
99.7;208281600;0
199.5;208281600;0
200.7;208281600;0
198.9;208281600;0
200.7;208281600;0
116.4;205037568;0
156.2;208281600;0
200.7;208281600;0
199.5;208281600;0
201.6;208281600;0
116.4;206659584;0
199.5;208285696;0
157.7;205070336;0
198.9;208289792;0
200.7;208289792;0
142.0;208285696;0
186.4;206659584;0
129.0;208285696;0
198.9;208285696;0
201.6;208285696;0
199.5;208285696;0
199.5;208285696;0
99.7;205037568;0
182.8;208302080;0
200.7;208302080;0
184.7;208306176;0
200.7;208306176;0
172.0;206680064;0
227.3;216457216;0
116.4;210284544;0
312.5;247992320;0
301.0;276439040;0
299.2;299737088;0
299.2;322383872;0
302.4;344207360;0
282.6;367947776;0
299.2;385855488;0
299.2;397447168;0
249.3;209575936;0
201.6;209575936;0
133.0;207953920;0
199.5;210878464;0
201.6;210878464;0
170.5;210984960;0
200.7;210984960;0
198.9;210984960;0
215.0;211075072;0
215.0;207826944;0
198.9;211181568;0
186.4;211238912;0
200.7;211238912;0
184.7;211333120;0
186.4;211329024;0
184.7;211329024;0
215.0;211365888;0
200.7;211365888;0
199.5;211611648;0
201.6;211611648;0
199.5;211611648;0
198.9;211611648;0
71.7;208363520;0
199.5;210386944;0
199.5;211857408;0
201.6;211857408;0
199.5;211857408;0
149.6;211959808;0
201.6;211980288;0
184.7;211980288;0
200.7;211984384;0
184.7;212037632;0
200.7;212123648;0
200.7;212123648;0
216.1;212123648;0
184.8;208879616;0
216.1;212127744;0
199.5;212131840;0
199.5;212131840;0
199.5;212131840;0
201.6;208883712;0
49.9;212230144;0
199.5;212230144;0
201.6;212234240;0
199.5;212234240;0
199.5;212234240;0
182.8;212250624;0
199.5;212250624;0
201.6;212320256;0
199.5;212320256;0
182.8;212324352;0
100.8;210698240;0
199.5;212369408;0
182.8;212398080;0
133.0;212398080;0
184.7;212398080;0
157.7;210771968;0
143.3;220712960;0
198.9;220712960;0
200.7;220712960;0
201.6;220712960;0
199.5;220712960;0
266.0;241704960;0
232.7;265572352;0
298.3;292241408;0
272.4;313176064;0
229.4;332984320;0
285.6;360562688;0
282.6;383332352;0
284.1;396742656;0
249.3;210165760;0
168.0;209752064;0
199.5;211529728;0
182.8;211533824;0
199.5;211595264;0
127.8;209899520;0
172.0;211910656;0
201.6;211910656;0
199.5;211910656;0
199.5;211910656;0
134.4;210452480;0
166.2;210472960;0
166.2;212221952;0
199.5;212221952;0
199.5;212221952;0
186.4;210911232;0
129.0;210690048;0
99.7;210690048;0
166.2;212500480;0
184.8;212508672;0
199.5;212508672;0
182.8;212553728;0
216.1;212557824;0
127.8;209305600;0
200.7;212611072;0
200.7;212611072;0
199.5;212611072;0
199.5;212611072;0
134.4;212672512;0
199.5;212672512;0
199.5;212672512;0
200.7;212672512;0
156.2;211050496;0
157.7;212746240;0
201.6;212746240;0
199.5;212746240;0
199.5;212746240;0
172.0;212819968;0
200.7;212819968;0
199.5;212819968;0
199.5;212819968;0
199.5;211197952;0
182.8;212828160;0
201.6;212828160;0
186.4;212828160;0
198.9;212828160;0
133.0;209727488;0
201.6;211202048;0
116.4;212832256;0
199.5;212832256;0
172.0;211206144;0
170.5;212828160;0
182.8;211202048;0
184.8;212951040;0
199.5;212951040;0
182.8;212959232;0
200.7;212938752;0
172.0;212054016;0
198.9;212934656;0
172.0;212987904;0
199.5;212987904;0
216.1;213000192;0
200.7;213000192;0
200.7;213000192;0
184.7;213000192;0
199.5;213000192;0
117.6;211378176;0
215.0;221155328;0
156.2;218120192;0
299.2;254189568;0
272.4;279736320;0
255.7;308465664;0
299.2;328761344;0
285.6;355811328;0
301.0;380850176;0
269.9;395603968;0
249.3;211476480;0
168.0;212680704;0
200.7;212680704;0
198.9;212680704;0
166.2;211054592;0
166.2;212938752;0
199.5;212938752;0
200.7;212938752;0
