6.0;56.1;23.5;1.9;0.0;1014.0
8.3;102.7;126.6;11.3;0.0;1014.0
8.3;140.5;145.5;7.7;0.0;1014.0
6.9;176.0;131.2;6.9;0.0;1014.0
8.3;208.8;101.4;7.1;0.0;1014.0
8.4;226.8;165.7;4.4;0.0;1014.0
8.3;226.8;248.4;0.5;0.0;1014.0
8.3;226.8;253.5;0.5;0.0;1014.0
8.4;226.8;255.3;0.5;0.0;1014.0
8.3;226.8;258.0;0.5;0.0;1014.0
8.4;231.3;151.8;0.5;0.0;1014.0
8.3;242.1;0.0;0.0;0.0;1014.0
7.2;252.9;0.8;0.0;0.0;1014.0
8.4;266.5;0.0;0.0;0.0;1014.0
8.3;278.5;0.0;0.0;0.0;1014.0
8.4;288.4;0.0;0.0;0.0;1014.0
8.3;300.5;0.0;0.0;0.0;1014.0
8.4;322.5;0.6;1.8;0.0;1014.0
8.3;315.3;0.3;1.9;0.0;1014.0
5.5;388.5;1.2;0.0;1.0;1169.0
8.3;813.2;0.6;0.0;0.0;1189.0
20.1;1556.9;4.3;330.4;88.0;7969.0
8.4;2084.9;12.0;444.0;0.0;7969.0
8.3;2148.6;5.5;190.8;0.0;7969.0
8.3;2158.4;0.0;0.0;0.0;7969.0
8.4;2172.2;0.0;0.0;0.0;7969.0
8.3;2172.1;0.0;0.0;0.0;7969.0
8.3;2173.3;0.0;0.0;0.0;7969.0
8.3;2171.1;0.1;5.8;0.0;7969.0
8.4;2171.9;0.3;2.3;0.0;7969.0
8.4;2208.2;1.7;107.9;0.0;7969.0
8.4;2208.2;8.2;451.4;0.0;7969.0
0.0;2208.2;7.5;358.2;0.0;7969.0
8.4;2200.0;1.8;0.0;0.0;7969.0
8.4;2184.1;0.4;2.4;0.0;7969.0
8.3;2188.6;0.0;0.0;0.0;7969.0
8.3;2199.0;0.0;0.0;0.0;7969.0
8.3;2258.7;0.2;0.3;48.0;8003.0
8.3;2315.5;0.6;0.0;0.0;8003.0
8.3;2319.3;0.0;0.0;0.0;8003.0
8.3;2334.4;0.0;0.0;0.0;8003.0
15.2;2334.6;0.6;0.0;97.0;8003.0
12.5;2334.6;1.2;0.0;97.0;8003.0
11.5;2334.6;1.8;0.0;97.0;8003.0
16.7;2334.6;1.2;0.0;97.0;8003.0
11.1;2334.6;1.8;0.0;97.0;8003.0
15.4;2334.6;1.2;0.0;97.0;8003.0
15.2;2334.6;1.2;0.0;97.0;8003.0
10.8;2334.6;1.8;0.0;98.0;8003.0
14.3;2334.6;1.2;0.0;97.0;8003.0
12.5;2334.7;1.2;0.0;97.0;8003.0
12.6;2334.7;1.8;0.0;97.0;8003.0
16.6;2334.7;1.2;0.0;97.0;8003.0
9.6;2334.7;1.8;0.0;99.0;8003.0
13.8;2334.7;1.2;0.0;97.0;8003.0
15.2;2334.7;1.2;0.0;97.0;8003.0
11.9;2334.7;1.8;0.0;97.0;8003.0
15.4;2334.7;1.2;0.0;97.0;8003.0
12.5;2334.7;1.2;0.0;97.0;8003.0
12.5;2334.7;1.9;0.3;97.0;8003.0
16.6;2334.7;1.2;0.0;97.0;8003.0
10.8;2334.7;1.8;0.0;97.0;8003.0
14.2;2334.7;1.2;0.0;99.0;8003.0
15.4;2334.7;1.2;0.0;97.0;8003.0
9.7;2334.7;1.8;0.0;97.0;8003.0
15.5;2334.7;1.2;0.0;97.0;8003.0
11.9;2334.7;1.2;0.0;97.0;8003.0
12.5;2334.7;1.8;0.0;97.0;8003.0
16.8;2334.7;1.2;0.0;97.0;8003.0
10.7;2334.7;1.8;0.0;97.0;8003.0
14.3;2334.7;1.2;0.0;97.0;8003.0
14.2;2334.7;1.2;0.0;97.0;8003.0
9.7;2334.7;1.8;0.0;97.0;8003.0
16.6;2334.7;1.2;0.0;97.0;8003.0
13.0;2334.7;1.2;0.0;97.0;8003.0
11.9;2334.7;1.8;0.0;97.0;8003.0
16.6;2334.7;1.2;0.0;99.0;8003.0
9.7;2334.7;1.8;0.0;97.0;8003.0
14.3;2334.7;1.2;0.0;97.0;8003.0
14.2;2334.7;1.2;0.0;97.0;8003.0
10.8;2334.7;1.8;0.0;97.0;8003.0
16.6;2334.7;1.2;0.0;97.0;8003.0
8.4;2334.7;1.2;0.0;97.0;8003.0
11.9;2334.7;2.2;0.3;97.0;8003.0
15.5;2334.7;1.2;0.0;97.0;8003.0
9.8;2334.7;1.8;0.0;98.0;8003.0
23.6;2334.7;1.2;0.0;97.0;8003.0
14.0;2334.7;1.2;0.0;97.0;8003.0
10.7;2334.7;1.8;0.0;97.0;8003.0
16.7;2334.7;1.2;0.0;98.0;8003.0
11.1;2334.7;1.8;0.0;99.0;8003.0
12.5;2334.7;1.2;0.0;97.0;8003.0
15.5;2334.7;1.2;0.0;97.0;8003.0
10.7;2334.7;1.8;0.0;97.0;8003.0
15.2;2334.7;1.2;0.0;97.0;8003.0
13.0;2334.7;1.2;0.0;97.0;8003.0
11.8;2334.7;1.8;0.0;98.0;8003.0
16.7;2334.7;1.2;0.0;97.0;8003.0
10.7;2334.7;1.8;0.0;97.0;8003.0
14.0;2334.7;1.2;0.0;98.0;8003.0
15.5;2334.7;1.2;0.0;97.0;8003.0
10.8;2334.7;1.8;0.0;97.0;8003.0
15.5;2334.7;1.2;0.0;97.0;8003.0
11.9;2334.7;1.8;0.0;98.0;8003.0
12.6;2334.7;1.2;0.0;97.0;8003.0
16.6;2334.7;1.2;0.0;97.0;8003.0
10.8;2334.7;1.9;0.3;97.0;8003.0
13.8;2334.7;1.2;0.0;97.0;8003.0
13.8;2334.7;1.2;0.0;97.0;8003.0
11.9;2334.7;1.8;0.0;99.0;8003.0
15.4;2334.7;1.2;0.0;97.0;8003.0
11.5;2334.7;1.8;0.0;97.0;8003.0
13.8;2334.7;1.2;0.0;97.0;8003.0
16.6;2334.7;1.2;0.0;97.0;8003.0
11.9;2334.7;1.8;0.0;97.0;8003.0
14.2;2334.7;1.2;0.0;97.0;8003.0
14.0;2334.7;1.2;0.0;97.0;8003.0
11.1;2334.7;1.8;0.0;97.0;8003.0
15.5;2334.7;1.2;0.0;99.0;8003.0
11.9;2334.7;1.2;0.0;97.0;8003.0
13.1;2334.7;1.8;0.0;97.0;8003.0
15.4;2334.7;1.2;0.0;97.0;8003.0
11.1;2334.7;1.8;0.0;97.0;8003.0
14.3;2334.7;1.2;0.0;98.0;8003.0
13.0;2334.7;1.5;0.0;97.0;8003.0
11.1;2334.7;1.8;0.0;97.0;8003.0
16.6;2334.7;1.2;0.0;98.0;8003.0
12.5;2334.7;1.8;0.0;98.0;8003.0
13.1;2334.7;1.2;0.0;97.0;8003.0
14.2;2334.7;1.2;0.0;98.0;8003.0
9.7;2334.7;1.9;0.3;97.0;8003.0
16.6;2334.7;1.2;0.0;97.0;8003.0
13.0;2334.7;1.2;0.0;97.0;8003.0
11.9;2334.7;1.8;0.0;97.0;8003.0
16.6;2334.7;1.2;0.0;97.0;8003.0
11.2;2334.7;1.8;0.0;97.0;8003.0
14.3;2334.7;1.2;0.0;97.0;8003.0
14.3;2334.7;1.2;0.0;99.0;8003.0
10.8;2334.7;1.8;0.0;97.0;8003.0
16.6;2334.7;1.2;0.0;97.0;8003.0
11.2;2334.7;1.2;0.0;97.0;8003.0
11.8;2334.7;1.8;0.0;97.0;8003.0
15.5;2334.7;1.2;0.0;99.0;8003.0
12.5;2334.7;1.8;0.0;98.0;8003.0
15.2;2334.7;1.2;0.0;97.0;8003.0
13.1;2334.7;1.2;0.0;97.0;8003.0
11.8;2334.7;1.8;0.0;97.0;8003.0
16.7;2334.7;1.2;0.0;97.0;8003.0
11.1;2334.7;1.8;0.0;97.0;8003.0
13.0;2334.7;1.2;0.0;97.0;8003.0
14.3;2334.7;1.2;0.0;98.0;8003.0
11.8;2334.7;1.8;0.0;97.0;8003.0
15.4;2334.7;1.2;0.0;97.0;8003.0
12.5;2334.7;1.2;0.0;97.0;8003.0
11.9;2334.7;1.8;0.0;97.0;8003.0
15.5;2334.7;1.3;0.3;97.0;8003.0
11.9;2334.7;1.8;0.0;99.0;8003.0
14.0;2334.7;1.2;0.0;97.0;8003.0
14.2;2334.7;1.2;0.0;97.0;8003.0
10.8;2334.7;1.8;0.0;98.0;8004.0
16.6;2334.7;1.2;0.0;97.0;8004.0
12.5;2334.7;1.2;0.0;99.0;8004.0
12.5;2334.7;1.8;0.0;97.0;8004.0
15.2;2334.7;1.2;0.0;97.0;8004.0
13.1;2334.7;1.8;0.0;98.0;8004.0
9.7;2334.7;1.2;0.0;97.0;8004.0
13.8;2334.7;1.5;0.0;97.0;8004.0
11.1;2334.7;1.8;0.0;97.0;8004.0
16.6;2334.7;1.2;0.0;97.0;8004.0
11.9;2334.7;1.8;0.0;98.0;8004.0
12.5;2334.7;1.2;0.0;99.0;8004.0
15.4;2334.7;1.2;0.0;97.0;8004.0
10.8;2334.7;1.8;0.0;97.0;8004.0
15.5;2334.7;1.2;0.0;97.0;8004.0
14.0;2334.7;1.2;0.0;97.0;8004.0
11.1;2334.7;1.8;0.0;98.0;8004.0
16.7;2334.7;1.2;0.0;97.0;8004.0
10.7;2334.7;1.8;0.0;97.0;8004.0
14.3;2334.7;1.2;0.0;97.0;8004.0
15.2;2334.7;1.3;0.3;97.0;8004.0
11.1;2334.7;1.8;0.0;99.0;8004.0
15.5;2334.7;1.2;0.0;97.0;8004.0
11.8;2334.7;1.2;0.0;97.0;8004.0
13.8;2334.7;1.8;0.0;98.0;8004.0
16.6;2334.7;1.2;0.0;97.0;8004.0
11.8;2334.7;1.8;0.0;98.0;8004.0
13.1;2334.7;1.2;0.0;97.0;8004.0
13.0;2334.7;1.2;0.0;97.0;8004.0
12.6;2334.7;1.8;0.0;98.0;8004.0
16.6;2334.7;1.2;0.0;98.0;8004.0
11.9;2334.7;1.8;0.0;99.0;8004.0
13.1;2334.7;1.2;0.0;97.0;8004.0
15.2;2334.7;1.2;0.0;97.0;8004.0
11.2;2334.7;1.8;0.0;97.0;8004.0
15.4;2334.7;1.2;0.0;97.0;8004.0
13.1;2334.7;1.2;0.0;99.0;8004.0
11.8;2334.7;1.8;0.0;97.0;8004.0
16.6;2334.7;1.2;0.0;98.0;8004.0
9.7;2334.7;1.8;0.0;97.0;8004.0
13.0;2334.7;1.2;0.0;97.0;8004.0
14.3;2334.7;1.2;0.0;97.0;8004.0
9.7;2334.7;1.8;0.0;97.0;8004.0
16.6;2334.7;1.2;0.0;97.0;8004.0
10.7;2334.7;1.9;0.3;97.0;8004.0
13.0;2334.7;1.2;0.0;97.0;8004.0
15.5;2334.7;1.2;0.0;97.0;8004.0
9.7;2334.7;1.8;0.0;98.0;8004.0
15.4;2334.7;1.5;0.0;97.0;8004.0
13.1;2334.7;1.2;0.0;97.0;8004.0
10.8;2334.7;1.8;0.0;99.0;8004.0
16.8;2334.7;1.2;0.0;97.0;7995.0
12.5;2334.7;1.2;0.0;97.0;7995.0
11.9;2334.7;1.8;0.0;97.0;7995.0
15.4;2334.7;1.2;0.0;97.0;7995.0
10.8;2334.7;1.8;0.0;97.0;7995.0
15.2;2334.7;1.2;0.0;98.0;7995.0
13.8;2334.7;1.2;0.0;97.0;7995.0
10.8;2334.7;1.8;0.0;97.0;7995.0
16.6;2334.7;1.2;0.0;99.0;7995.0
11.9;2334.7;1.8;0.0;97.0;7995.0
12.5;2334.7;1.2;0.0;97.0;7995.0
15.4;2334.7;1.2;0.0;98.0;7995.0
11.9;2334.7;1.8;0.0;97.0;7995.0
13.8;2334.7;1.2;0.0;97.0;7995.0
14.0;2334.7;1.2;0.0;98.0;7995.0
10.8;2334.7;1.8;0.0;97.0;7995.0
16.7;2334.7;1.2;0.0;98.0;7995.0
12.5;2334.7;2.0;0.2;97.0;7995.0
15.2;2334.7;1.2;0.0;97.0;7995.0
15.4;2334.7;1.2;0.0;97.0;7995.0
10.7;2334.7;1.8;0.0;97.0;7995.0
15.5;2334.7;1.2;0.0;97.0;7995.0
13.8;2334.7;1.2;0.0;98.0;7995.0
11.1;2334.7;1.8;0.0;98.0;7995.0
16.7;2334.7;1.2;0.0;97.0;7995.0
10.8;2334.7;1.8;0.0;97.0;7995.0
14.3;2334.7;1.2;0.0;97.0;7995.0
15.2;2334.7;1.2;0.0;99.0;7995.0
9.7;2334.7;1.8;0.0;97.0;7995.0
16.7;2334.7;1.2;0.0;97.0;7995.0
13.0;2334.7;1.2;0.0;97.0;7995.0
12.6;2334.7;1.8;0.0;97.0;7995.0
16.6;2334.7;1.2;0.0;97.0;7995.0
10.8;2334.7;1.8;0.0;97.0;7995.0
14.3;2334.7;1.2;0.0;97.0;7995.0
14.3;2334.7;1.2;0.0;97.0;7995.0
11.2;2334.7;1.8;0.0;97.0;7995.0
16.6;2334.7;1.2;0.0;97.0;7995.0
11.9;2334.7;1.2;0.0;98.0;7995.0
14.2;2334.7;2.3;0.3;97.0;7995.0
16.6;2334.7;1.2;0.0;97.0;7995.0
10.7;2334.7;1.8;0.0;98.0;7995.0
14.2;2334.7;1.2;0.0;97.0;7995.0
13.1;2334.7;1.2;0.0;97.0;7995.0
11.8;2334.7;1.8;0.0;97.0;7995.0
16.6;2334.7;1.2;0.0;98.0;7995.0
11.1;2334.7;1.8;0.0;99.0;7995.0
13.0;2334.7;1.2;0.0;98.0;7995.0
14.3;2334.7;1.2;0.0;97.0;7995.0
11.1;2334.7;1.8;0.0;97.0;7995.0
15.4;2334.7;1.2;0.0;98.0;7995.0
13.1;2334.7;1.2;0.0;97.0;7995.0
11.9;2334.7;1.8;0.0;97.0;7995.0
15.5;2334.7;1.2;0.0;97.0;7995.0
11.1;2334.7;1.8;0.0;97.0;7995.0
14.0;2334.7;1.2;0.0;99.0;7995.0
14.2;2334.7;1.2;0.0;97.0;7995.0
10.8;2334.7;1.8;0.0;97.0;7995.0
16.6;2334.7;1.2;0.0;97.0;7995.0
12.5;2334.7;1.2;0.0;98.0;7995.0
11.9;2334.7;1.8;0.0;99.0;7995.0
15.4;2334.7;1.2;0.0;97.0;7995.0
10.8;2334.7;1.9;0.3;97.0;7995.0
29.1;2334.7;1.2;0.0;97.0;7995.0
13.8;2334.7;1.2;0.0;97.0;7995.0
10.8;2323.6;1.8;0.0;99.0;7995.0
16.6;2315.7;1.2;0.0;97.0;7995.0
12.6;2315.7;1.8;0.0;98.0;7995.0
13.8;2315.7;1.2;0.0;97.0;7995.0
15.4;2315.7;1.2;0.0;98.0;7995.0
10.8;2315.7;1.8;0.0;97.0;7995.0
15.5;2315.7;1.2;0.0;97.0;7995.0
14.0;2315.7;1.2;0.0;97.0;7995.0
11.1;2315.7;1.8;0.0;97.0;7995.0
16.7;2315.7;1.2;0.0;99.0;7995.0
10.7;2315.7;1.8;0.0;97.0;7995.0
13.8;2315.7;1.2;0.0;97.0;7995.0
15.2;2315.7;1.2;0.0;97.0;7995.0
11.8;2315.7;1.8;0.0;97.0;7995.0
15.5;2315.7;1.2;0.0;98.0;7995.0
8.3;2315.7;1.2;0.0;98.0;7995.0
12.5;2315.7;2.1;0.0;97.0;7995.0
16.7;2315.7;1.2;0.0;98.0;7995.0
11.8;2315.7;1.8;0.0;97.0;7995.0
14.3;2315.7;1.2;0.0;97.0;7995.0
13.8;2315.7;1.2;0.0;97.0;7995.0
11.2;2315.7;1.9;0.3;97.0;7995.0
15.5;2315.7;1.2;0.0;98.0;7995.0
11.9;2315.7;1.2;0.0;97.0;7995.0
12.6;2315.7;1.8;0.0;97.0;7995.0
