8.4;54.2;20.5;2.3;0.0;1001.0
7.2;91.6;109.4;9.6;0.0;1001.0
8.3;133.7;142.3;8.8;0.0;1001.0
6.0;168.4;151.3;7.5;0.0;1001.0
8.3;200.5;73.7;5.8;0.0;1001.0
7.2;226.7;143.9;5.9;0.0;1001.0
8.3;226.8;259.2;0.5;0.0;1001.0
8.4;226.8;266.9;0.5;0.0;1001.0
8.4;226.8;250.6;0.5;0.0;1001.0
8.3;226.8;260.4;0.5;0.0;1001.0
8.4;231.0;186.5;0.5;0.0;1001.0
8.3;240.2;0.4;0.0;0.0;1001.0
7.1;250.4;0.8;0.0;0.0;1001.0
8.4;263.1;0.0;0.0;0.0;1001.0
8.3;275.9;0.0;0.0;0.0;1001.0
8.4;285.8;0.0;0.0;0.0;1001.0
8.3;297.5;0.0;0.0;0.0;1001.0
8.4;334.8;0.0;0.0;0.0;1001.0
8.4;314.7;0.9;3.7;0.0;1001.0
7.3;347.7;1.2;0.0;0.0;1135.0
8.4;811.1;0.6;0.0;2.0;1175.0
18.0;1513.8;1.5;171.0;99.0;7956.0
8.4;2089.2;12.3;498.4;1.0;7956.0
8.3;2148.9;8.0;295.8;0.0;7956.0
8.3;2159.6;0.0;0.0;0.0;7956.0
8.3;2145.7;0.0;0.0;0.0;7956.0
8.3;2148.5;0.0;0.0;0.0;7956.0
8.3;2150.4;0.0;0.0;0.0;7956.0
8.3;2152.7;0.1;5.8;0.0;7956.0
8.3;2167.0;0.0;0.0;0.0;7956.0
8.4;2196.8;0.6;4.7;44.0;7956.0
8.3;2204.9;7.2;441.9;0.0;7956.0
8.4;2204.9;9.2;439.4;0.0;7956.0
6.9;2197.8;2.5;33.8;0.0;7956.0
8.4;2164.3;0.4;2.4;0.0;7956.0
8.4;2186.7;0.0;0.0;0.0;7956.0
8.4;2188.1;0.0;0.0;0.0;7956.0
8.4;2169.1;0.0;0.0;0.0;7990.0
8.3;2309.8;0.8;0.3;8.0;7990.0
8.4;2319.2;0.0;0.0;0.0;7990.0
8.3;2335.9;0.0;0.0;0.0;7990.0
11.1;2336.5;0.0;0.0;30.0;7990.0
12.5;2336.5;1.2;0.0;98.0;7990.0
9.6;2336.6;1.8;0.0;98.0;7990.0
11.9;2336.6;1.2;0.0;97.0;7990.0
9.5;2336.6;1.8;0.0;97.0;7990.0
9.7;2336.6;1.2;0.0;97.0;7990.0
12.5;2336.6;1.2;0.0;98.0;7990.0
9.5;2336.6;1.8;0.0;98.0;7990.0
10.8;2336.6;1.2;0.0;97.0;7990.0
11.1;2336.6;1.8;0.0;97.0;7990.0
9.8;2336.6;1.2;0.0;97.0;7990.0
11.9;2336.7;1.2;0.0;99.0;7990.0
10.8;2336.7;1.8;0.0;97.0;7990.0
10.8;2336.7;1.2;0.0;97.0;7990.0
11.1;2336.7;1.2;0.0;98.0;7990.0
8.4;2336.7;1.8;0.0;98.0;7990.0
10.7;2336.7;1.2;0.0;99.0;7990.0
11.9;2336.7;1.8;0.0;98.0;7990.0
9.7;2336.7;1.3;0.3;97.0;7990.0
11.1;2336.7;1.2;0.0;98.0;7990.0
9.6;2336.7;1.8;0.0;97.0;7990.0
11.8;2336.7;1.2;0.0;98.0;7990.0
13.1;2336.7;1.2;0.0;97.0;7990.0
9.7;2336.7;1.8;0.0;98.0;7990.0
11.1;2336.7;1.2;0.0;98.0;7990.0
9.6;2336.7;1.8;0.0;98.0;7990.0
10.7;2336.7;1.2;0.0;98.0;7990.0
12.6;2336.7;1.2;0.0;98.0;7990.0
9.7;2336.7;1.8;0.0;98.0;7990.0
10.8;2336.7;1.2;0.0;98.0;7990.0
11.5;2336.7;1.8;0.0;98.0;7990.0
9.6;2336.7;1.2;0.0;98.0;7990.0
11.2;2336.7;1.2;0.0;98.0;7990.0
10.7;2336.7;1.8;0.0;97.0;7990.0
11.9;2336.7;1.2;0.0;98.0;7990.0
10.7;2336.7;1.2;0.0;98.0;7990.0
9.7;2336.7;1.8;0.0;98.0;7990.0
11.1;2336.7;1.2;0.0;98.0;7990.0
11.8;2336.7;1.8;0.0;98.0;7990.0
10.8;2336.7;1.2;0.0;97.0;7990.0
11.1;2336.7;1.2;0.0;98.0;7990.0
8.3;2336.7;1.8;0.0;97.0;7990.0
11.1;2336.7;1.6;0.3;98.0;7990.0
13.0;2336.7;1.8;0.0;98.0;7990.0
9.6;2336.7;1.2;0.0;98.0;7990.0
12.5;2336.7;1.2;0.0;98.0;7990.0
9.8;2336.7;1.8;0.0;98.0;7990.0
9.6;2336.7;1.2;0.0;98.0;7990.0
10.8;2336.7;1.2;0.0;98.0;7990.0
9.8;2336.7;1.8;0.0;97.0;7990.0
12.5;2336.7;1.2;0.0;99.0;7990.0
11.9;2336.7;1.8;0.0;98.0;7990.0
8.3;2336.7;1.2;0.0;98.0;7990.0
10.8;2336.7;1.2;0.0;98.0;7990.0
9.7;2336.7;1.8;0.0;98.0;7990.0
11.1;2336.7;1.2;0.0;99.0;7990.0
10.8;2336.7;1.8;0.0;97.0;7990.0
9.5;2336.7;1.2;0.0;98.0;7990.0
11.1;2336.7;1.2;0.0;98.0;7990.0
9.7;2336.7;1.8;0.0;98.0;7990.0
10.7;2336.7;1.2;0.0;98.0;7990.0
11.9;2336.7;1.2;0.0;98.0;7990.0
9.5;2336.7;1.8;0.0;98.0;7990.0
11.2;2336.7;1.2;0.0;98.0;7990.0
9.7;2336.7;1.8;0.0;98.0;7990.0
10.8;2336.7;1.2;0.0;98.0;7990.0
11.9;2336.7;1.3;0.3;98.0;7990.0
9.7;2336.7;1.8;0.0;98.0;7990.0
9.8;2336.7;1.2;0.0;98.0;7990.0
10.7;2336.7;1.8;0.0;98.0;7990.0
8.4;2336.7;1.2;0.0;98.0;7990.0
10.7;2336.7;1.2;0.0;98.0;7990.0
12.5;2336.7;1.8;0.0;98.0;7990.0
11.1;2336.7;1.2;0.0;98.0;7990.0
11.8;2336.7;1.2;0.0;98.0;7990.0
9.6;2336.7;1.8;0.0;98.0;7990.0
11.1;2336.7;1.2;0.0;97.0;7990.0
9.7;2336.7;1.8;0.0;98.0;7990.0
7.2;2336.7;1.2;0.0;98.0;7990.0
14.2;2336.7;1.2;0.0;99.0;7990.0
9.6;2336.7;1.8;0.0;98.0;7990.0
9.7;2336.7;1.2;0.0;98.0;7990.0
11.2;2336.7;1.8;0.0;98.0;7990.0
9.6;2336.7;1.5;0.0;97.0;7990.0
11.9;2336.7;1.2;0.0;98.0;7990.0
9.8;2336.7;1.8;0.0;98.0;7990.0
11.1;2336.7;1.2;0.0;98.0;7990.0
10.8;2336.7;1.2;0.0;98.0;7990.0
8.3;2336.7;1.8;0.0;98.0;7990.0
11.1;2336.7;1.2;0.0;98.0;7990.0
12.5;2336.7;1.9;0.3;98.0;7990.0
9.5;2336.7;1.2;0.0;98.0;7990.0
10.8;2336.7;1.2;0.0;98.0;7990.0
9.5;2336.7;1.8;0.0;97.0;7990.0
13.1;2336.7;1.2;0.0;98.0;7990.0
11.1;2336.7;1.2;0.0;98.0;7990.0
9.5;2336.7;1.8;0.0;98.0;7990.0
10.8;2336.7;1.2;0.0;98.0;7990.0
9.5;2336.7;1.8;0.0;98.0;7990.0
8.4;2336.7;1.2;0.0;98.0;7990.0
10.8;2336.7;1.2;0.0;98.0;7990.0
9.6;2336.7;1.8;0.0;98.0;7990.0
10.8;2336.7;1.2;0.0;98.0;7990.0
11.1;2336.7;1.8;0.0;99.0;7990.0
9.8;2336.7;1.2;0.0;98.0;7990.0
10.7;2336.7;1.2;0.0;97.0;7990.0
8.3;2336.7;1.8;0.0;98.0;7990.0
11.1;2336.7;1.2;0.0;98.0;7990.0
11.1;2336.7;1.5;0.0;99.0;7990.0
9.6;2336.7;1.5;0.0;98.0;7990.0
11.8;2336.7;1.2;0.0;97.0;7990.0
10.8;2336.7;1.8;0.0;98.0;7990.0
8.3;2336.7;1.2;0.0;98.0;7990.0
11.1;2336.7;1.2;0.0;99.0;7990.0
10.7;2336.7;1.9;0.3;98.0;7990.0
11.8;2336.7;1.2;0.0;98.0;7990.0
11.2;2336.7;1.8;0.0;98.0;7990.0
9.7;2336.7;1.2;0.0;98.0;7990.0
11.2;2336.7;1.2;0.0;98.0;7990.0
8.4;2336.7;1.8;0.0;98.0;7990.0
11.9;2336.7;1.2;0.0;98.0;7990.0
12.6;2336.7;1.2;0.0;98.0;7990.0
9.6;2336.7;1.8;0.0;98.0;7990.0
11.9;2336.7;1.2;0.0;98.0;7990.0
10.7;2336.7;1.8;0.0;98.0;7990.0
9.7;2336.7;1.5;0.0;98.0;7990.0
11.1;2336.7;1.2;0.0;97.0;7990.0
9.5;2336.7;1.8;0.0;98.0;7990.0
11.9;2336.7;1.2;0.0;97.0;7990.0
11.8;2336.7;1.8;0.0;98.0;7990.0
8.3;2336.7;1.2;0.0;98.0;7990.0
9.6;2336.7;1.2;0.0;98.0;7990.0
10.7;2336.7;1.8;0.0;99.0;7990.0
11.9;2336.7;1.2;0.0;98.0;7990.0
11.1;2336.7;1.2;0.0;98.0;7990.0
9.8;2336.7;1.8;0.0;98.0;7990.0
10.8;2336.7;1.2;0.0;98.0;7990.0
9.6;2336.7;1.8;0.0;99.0;7990.0
11.5;2336.7;1.3;0.3;98.0;7990.0
12.5;2336.7;1.2;0.0;98.0;7990.0
9.6;2336.7;1.8;0.0;98.0;7990.0
10.7;2336.7;1.2;0.0;98.0;7990.0
11.9;2336.7;1.8;0.0;98.0;7990.0
8.3;2336.7;1.2;0.0;98.0;7990.0
11.1;2336.7;1.2;0.0;98.0;7990.0
13.1;2336.7;1.8;0.0;98.0;7990.0
11.8;2336.7;1.2;0.0;98.0;7990.0
12.5;2336.7;1.2;0.0;98.0;7990.0
8.3;2336.7;1.8;0.0;98.0;7990.0
10.7;2336.7;1.2;0.0;98.0;7990.0
13.1;2336.7;1.8;0.0;98.0;7990.0
10.7;2336.7;1.2;0.0;99.0;7990.0
11.2;2336.7;1.2;0.0;98.0;7990.0
9.7;2336.7;1.8;0.0;98.0;7990.0
10.8;2336.7;1.2;0.0;97.0;7990.0
10.8;2336.7;1.8;0.0;98.0;7990.0
9.7;2336.7;1.2;0.0;99.0;7990.0
12.6;2336.7;1.2;0.0;98.0;7990.0
9.6;2336.7;1.8;0.0;98.0;7990.0
10.8;2336.7;1.2;0.0;98.0;7990.0
10.7;2336.7;1.2;0.0;98.0;7990.0
11.1;2336.7;1.8;0.0;97.0;7990.0
12.5;2336.7;1.3;0.3;98.0;7990.0
11.8;2336.7;1.8;0.0;98.0;7990.0
9.6;2336.7;1.2;0.0;98.0;7990.0
12.5;2336.7;1.2;0.0;98.0;7990.0
8.4;2336.7;2.1;0.0;98.0;7990.0
11.9;2336.7;1.2;0.0;97.0;7990.0
11.8;2336.7;1.8;0.0;98.0;7990.0
9.6;2336.7;1.2;0.0;98.0;7990.0
12.5;2336.7;1.2;0.0;98.0;7990.0
8.4;2336.7;1.8;0.0;98.0;7990.0
11.9;2336.7;1.2;0.0;98.0;7990.0
11.9;2336.7;1.2;0.0;98.0;7990.0
10.8;2336.7;1.8;0.0;98.0;7990.0
11.1;2336.7;1.2;0.0;98.0;7990.0
11.9;2336.7;1.8;0.0;98.0;7990.0
9.5;2336.7;1.2;0.0;98.0;7990.0
10.8;2336.7;1.2;0.0;98.0;7990.0
9.7;2336.7;1.8;0.0;98.0;7990.0
11.1;2336.7;1.2;0.0;99.0;7990.0
10.8;2336.7;1.8;0.0;98.0;7990.0
9.5;2336.7;1.2;0.0;98.0;7990.0
11.1;2336.7;1.2;0.0;98.0;7990.0
9.7;2336.7;1.8;0.0;97.0;7990.0
10.7;2336.7;1.2;0.0;99.0;7990.0
11.9;2336.7;1.4;0.2;98.0;7990.0
9.5;2336.7;1.8;0.0;98.0;7990.0
11.2;2336.7;1.2;0.0;98.0;7990.0
9.7;2336.7;1.8;0.0;98.0;7990.0
9.6;2336.7;1.2;0.0;99.0;7990.0
10.8;2336.7;1.2;0.0;97.0;7990.0
9.7;2336.7;1.8;0.0;98.0;7990.0
9.8;2336.7;1.2;0.0;98.0;7990.0
11.1;2336.7;1.8;0.0;98.0;7990.0
8.4;2336.7;1.2;0.0;99.0;7990.0
10.7;2336.7;1.2;0.0;98.0;7990.0
11.1;2336.7;1.8;0.0;98.0;7990.0
11.1;2336.7;1.2;0.0;98.0;7990.0
10.7;2336.7;1.2;0.0;98.0;7990.0
9.6;2336.7;1.8;0.0;98.0;7990.0
11.1;2336.7;1.2;0.0;97.0;7990.0
9.7;2336.7;1.8;0.0;98.0;7990.0
8.4;2336.7;1.2;0.0;98.0;7990.0
11.8;2336.7;1.2;0.0;98.0;7990.0
9.6;2336.7;1.8;0.0;99.0;7990.0
9.7;2336.7;1.2;0.0;98.0;7990.0
10.8;2336.7;1.8;0.0;97.0;7990.0
10.8;2336.7;1.7;0.3;98.0;7990.0
11.9;2336.7;1.2;0.0;98.0;7990.0
11.2;2336.7;1.8;0.0;99.0;7990.0
9.7;2336.7;1.2;0.0;98.0;7990.0
10.8;2336.7;1.2;0.0;97.0;7990.0
8.3;2336.7;1.8;0.0;98.0;7990.0
10.8;2336.7;1.2;0.0;98.0;7990.0
12.5;2336.7;1.8;0.0;98.0;7990.0
9.5;2336.7;1.2;0.0;98.0;7990.0
10.8;2336.7;1.2;0.0;98.0;7990.0
9.5;2336.7;1.8;0.0;98.0;7990.0
11.1;2336.7;1.2;0.0;98.0;7990.0
11.1;2336.7;1.8;0.0;98.0;7990.0
9.5;2336.7;1.2;0.0;98.0;7990.0
11.5;2336.7;1.2;0.0;98.0;7990.0
11.1;2336.7;1.8;0.0;98.0;7990.0
9.8;2336.7;1.2;0.0;99.0;7990.0
10.8;2336.7;1.2;0.0;98.0;7990.0
8.4;2336.7;1.8;0.0;98.0;7990.0
10.8;2336.7;1.2;0.0;97.0;7990.0
9.7;2336.7;1.8;0.0;98.0;7990.0
9.8;2336.7;1.2;0.0;99.0;7990.0
10.8;2336.7;1.2;0.0;98.0;7990.0
8.4;2336.7;1.9;0.3;98.0;7990.0
11.1;2336.7;1.2;0.0;98.0;7990.0
12.5;2336.7;1.2;0.0;98.0;7990.0
9.7;2336.7;1.8;0.0;98.0;7990.0
10.7;2336.7;1.2;0.0;98.0;7990.0
10.8;2336.7;1.8;0.0;98.0;7990.0
8.3;2336.7;1.2;0.0;98.0;7990.0
10.8;2336.7;1.8;0.0;98.0;7990.0
9.6;2336.7;1.2;0.0;98.0;7990.0
11.8;2336.7;1.2;0.0;98.0;7990.0
11.2;2336.7;1.8;0.0;98.0;7990.0
9.7;2336.7;1.2;0.0;98.0;7990.0
10.8;2336.7;1.2;0.0;98.0;7990.0
8.4;2336.7;1.8;0.0;98.0;7990.0
11.9;2336.7;1.2;0.0;98.0;7990.0
12.6;2336.7;1.2;0.0;98.0;7990.0
9.7;2336.7;1.8;0.0;97.0;7990.0
10.8;2336.7;1.2;0.0;98.0;7990.0
9.5;2336.7;2.1;0.0;97.0;7990.0
9.7;2336.7;1.2;0.0;98.0;7990.0
11.1;2336.7;1.2;0.0;98.0;7990.0
9.5;2336.7;1.8;0.0;98.0;7990.0
14.3;2336.7;1.2;0.0;99.0;7990.0
11.8;2336.7;1.8;0.0;98.0;7990.0
8.3;2336.7;1.3;0.3;98.0;7990.0
10.8;2336.7;1.2;0.0;98.0;7990.0
9.5;2336.7;1.8;0.0;98.0;7990.0
11.9;2336.7;1.2;0.0;99.0;7990.0
