8.3;57.7;24.5;1.8;0.0;1014.0
8.3;103.0;121.6;11.0;0.0;1014.0
8.4;140.4;144.9;7.7;0.0;1014.0
8.3;175.6;131.2;6.9;0.0;1014.0
5.5;208.9;104.4;7.2;0.0;1014.0
8.3;227.2;169.0;4.3;0.0;1014.0
8.3;227.2;258.9;0.5;0.0;1014.0
8.4;227.2;258.9;0.5;0.0;1014.0
8.3;227.2;261.9;0.5;0.0;1014.0
8.3;227.2;260.1;0.5;0.0;1014.0
8.4;231.8;120.9;0.4;0.0;1014.0
8.3;243.6;0.0;0.0;0.0;1014.0
8.4;254.3;0.8;0.0;0.0;1014.0
8.3;267.4;0.0;0.0;0.0;1014.0
8.4;279.8;0.0;0.0;0.0;1014.0
8.4;290.0;0.0;0.0;0.0;1014.0
8.4;302.0;0.0;0.0;0.0;1014.0
8.4;330.4;0.6;1.8;0.0;1014.0
8.3;316.0;0.3;1.9;0.0;1014.0
8.4;488.5;1.2;0.0;5.0;1189.0
8.3;866.7;0.6;0.0;0.0;2597.0
11.9;1560.7;6.4;407.4;86.0;7969.0
8.3;2088.7;12.2;436.0;0.0;7969.0
8.3;2100.9;3.2;121.8;0.0;7969.0
8.4;2131.4;0.0;0.0;0.0;7969.0
8.3;2146.8;0.0;0.0;0.0;7969.0
8.3;2150.5;0.0;0.0;0.0;7969.0
8.3;2152.4;0.0;0.0;0.0;7969.0
8.3;2158.4;0.1;5.8;0.0;7969.0
8.4;2164.8;0.3;2.3;0.0;7969.0
8.3;2205.9;2.0;131.9;0.0;7969.0
8.4;2205.9;8.5;454.4;0.0;7969.0
0.0;2205.9;6.9;331.2;0.0;7969.0
8.4;2200.6;1.8;0.0;0.0;7969.0
8.4;2184.4;0.4;2.4;0.0;7969.0
8.3;2187.1;0.0;0.0;0.0;7969.0
8.4;2200.2;0.0;0.0;0.0;7981.0
13.0;2257.3;0.2;0.3;82.0;8003.0
8.4;2316.6;0.6;0.0;0.0;8003.0
8.3;2318.9;0.0;0.0;0.0;8003.0
8.3;2334.0;0.0;0.0;0.0;8003.0
9.6;2334.0;1.2;0.0;97.0;8003.0
14.2;2334.1;1.2;0.0;97.0;8003.0
11.5;2334.1;1.8;0.0;99.0;8003.0
11.1;2334.1;1.2;0.0;97.0;8003.0
13.8;2334.1;1.2;0.0;98.0;8003.0
10.8;2334.1;1.8;0.0;97.0;8003.0
12.5;2334.1;1.2;0.0;98.0;8003.0
12.6;2334.1;1.2;0.0;99.0;8003.0
11.1;2334.1;1.8;0.0;97.0;8003.0
13.1;2334.1;1.2;0.0;98.0;8003.0
13.1;2334.1;1.8;0.0;98.0;8003.0
10.8;2334.2;1.2;0.0;97.0;8003.0
14.0;2334.2;1.2;0.0;99.0;8003.0
9.7;2334.2;1.8;0.0;97.0;8003.0
13.1;2334.2;1.2;0.0;96.0;8003.0
11.8;2334.2;1.2;0.0;96.0;8003.0
9.7;2334.2;1.8;0.0;97.0;8003.0
13.8;2334.2;1.3;0.3;96.0;8003.0
9.7;2334.2;1.8;0.0;97.0;8003.0
11.9;2334.2;1.2;0.0;97.0;8003.0
13.0;2334.2;1.2;0.0;97.0;8003.0
9.7;2334.2;1.8;0.0;98.0;8003.0
13.8;2334.2;1.2;0.0;97.0;8003.0
11.8;2334.2;1.2;0.0;98.0;8003.0
11.9;2334.2;1.8;0.0;97.0;8003.0
13.8;2334.2;1.2;0.0;98.0;8003.0
11.2;2334.2;1.8;0.0;98.0;8003.0
11.9;2334.2;1.2;0.0;97.0;8003.0
13.1;2334.2;1.2;0.0;97.0;8003.0
8.4;2334.2;1.8;0.0;98.0;8003.0
12.5;2334.2;1.2;0.0;98.0;8003.0
11.2;2334.2;1.8;0.0;99.0;8003.0
10.7;2334.2;1.2;0.0;98.0;8003.0
13.1;2334.2;1.2;0.0;97.0;8003.0
9.7;2334.2;1.8;0.0;97.0;8003.0
11.1;2334.2;1.2;0.0;98.0;8003.0
13.1;2334.2;1.2;0.0;99.0;8003.0
9.5;2334.2;1.8;0.0;98.0;8003.0
12.5;2334.2;1.2;0.0;97.0;8003.0
11.1;2334.2;1.8;0.0;97.0;8003.0
11.1;2334.2;1.2;0.0;97.0;8003.0
13.1;2334.2;1.6;0.3;97.0;8003.0
9.5;2334.2;1.8;0.0;98.0;8003.0
14.0;2334.2;1.2;0.0;97.0;8003.0
12.5;2334.2;1.2;0.0;98.0;8003.0
9.6;2334.2;1.8;0.0;97.0;8003.0
13.1;2334.2;1.2;0.0;98.0;8003.0
9.6;2334.2;1.8;0.0;97.0;8003.0
12.6;2334.2;1.2;0.0;97.0;8003.0
13.8;2334.2;1.2;0.0;98.0;8003.0
9.6;2334.2;1.8;0.0;98.0;8003.0
13.0;2334.2;1.2;0.0;98.0;8003.0
11.1;2334.2;1.8;0.0;98.0;8003.0
11.1;2334.2;1.2;0.0;98.0;8003.0
15.2;2334.2;1.2;0.0;97.0;8003.0
10.8;2334.2;1.8;0.0;97.0;8003.0
11.1;2334.2;1.2;0.0;97.0;8003.0
12.5;2334.2;1.2;0.0;98.0;8003.0
11.1;2334.2;1.8;0.0;97.0;8003.0
13.0;2334.2;1.2;0.0;98.0;8003.0
11.9;2334.2;1.8;0.0;98.0;8003.0
9.7;2334.2;1.2;0.0;97.0;8003.0
14.0;2334.2;1.2;0.0;98.0;8003.0
9.6;2334.2;1.8;0.0;97.0;8003.0
13.1;2334.2;1.2;0.0;97.0;8003.0
12.6;2334.2;1.3;0.3;99.0;8003.0
9.7;2334.2;1.8;0.0;98.0;8003.0
13.1;2334.2;1.2;0.0;97.0;8003.0
10.7;2334.2;1.8;0.0;97.0;8003.0
13.1;2334.2;1.2;0.0;97.0;8003.0
13.8;2334.2;1.2;0.0;99.0;8003.0
9.7;2334.2;1.8;0.0;97.0;8003.0
14.3;2334.2;1.2;0.0;97.0;8003.0
10.7;2334.2;1.8;0.0;98.0;8003.0
11.1;2334.2;1.2;0.0;97.0;8003.0
15.2;2334.2;1.2;0.0;98.0;8003.0
10.7;2334.2;1.8;0.0;97.0;8003.0
11.9;2334.2;1.2;0.0;98.0;8003.0
11.8;2334.2;1.2;0.0;98.0;8003.0
9.8;2334.2;1.8;0.0;97.0;8003.0
13.8;2334.2;1.2;0.0;97.0;8003.0
11.9;2334.2;1.8;0.0;98.0;8003.0
9.6;2334.2;1.2;0.0;97.0;8003.0
13.8;2334.2;1.5;0.0;98.0;8003.0
9.8;2334.2;1.8;0.0;97.0;8003.0
13.0;2334.2;1.2;0.0;98.0;8003.0
13.5;2334.2;1.8;0.0;97.0;8003.0
10.7;2334.2;1.2;0.0;98.0;8003.0
13.8;2334.2;1.2;0.0;97.0;8003.0
9.7;2334.2;1.9;0.3;99.0;8003.0
13.0;2334.2;1.2;0.0;98.0;8003.0
13.1;2334.2;1.2;0.0;97.0;8003.0
9.7;2334.2;1.8;0.0;97.0;8003.0
13.8;2334.2;1.2;0.0;98.0;8003.0
9.7;2334.2;1.8;0.0;99.0;8003.0
11.8;2334.2;1.2;0.0;98.0;8003.0
13.1;2334.2;1.2;0.0;98.0;8003.0
9.7;2334.2;1.8;0.0;97.0;8003.0
12.6;2334.2;1.2;0.0;98.0;8003.0
11.9;2334.2;1.8;0.0;98.0;8003.0
10.8;2334.2;1.2;0.0;98.0;8003.0
12.6;2334.2;1.2;0.0;97.0;8003.0
10.8;2334.2;1.8;0.0;98.0;8003.0
11.9;2334.2;1.2;0.0;98.0;8003.0
13.0;2334.2;1.2;0.0;97.0;8003.0
8.4;2334.2;1.8;0.0;98.0;8003.0
13.8;2334.2;1.2;0.0;98.0;8003.0
12.5;2334.2;1.8;0.0;98.0;8003.0
10.8;2334.2;1.2;0.0;99.0;8003.0
13.0;2334.2;1.2;0.0;97.0;8003.0
8.4;2334.2;1.8;0.0;97.0;8003.0
13.8;2334.2;1.2;0.0;98.0;8003.0
11.8;2334.2;1.2;0.0;97.0;8003.0
8.4;2334.2;1.9;0.3;97.0;8003.0
13.0;2334.2;1.2;0.0;98.0;8003.0
9.8;2334.2;1.8;0.0;98.0;8003.0
12.5;2334.2;1.2;0.0;97.0;8003.0
13.1;2334.2;1.2;0.0;98.0;8003.0
10.4;2334.2;1.8;0.0;97.0;8003.0
12.5;2334.2;1.2;0.0;97.0;8003.0
11.2;2334.2;1.8;0.0;98.0;8003.0
10.7;2334.2;1.2;0.0;98.0;8003.0
12.5;2334.2;1.2;0.0;98.0;8003.0
11.1;2334.2;1.8;0.0;98.0;8003.0
12.5;2334.2;1.5;0.0;97.0;8003.0
13.1;2334.2;1.2;0.0;98.0;8003.0
9.6;2334.2;1.8;0.0;97.0;8003.0
13.1;2334.2;1.2;0.0;98.0;8003.0
9.7;2334.2;1.8;0.0;98.0;8003.0
11.1;2334.2;1.2;0.0;98.0;8003.0
13.1;2334.2;1.2;0.0;97.0;8003.0
8.3;2334.2;1.8;0.0;98.0;8003.0
14.0;2334.2;1.2;0.0;99.0;8003.0
11.1;2334.2;1.8;0.0;98.0;8003.0
11.9;2334.2;1.2;0.0;98.0;8003.0
13.1;2334.2;1.2;0.0;98.0;8003.0
10.8;2334.2;1.8;0.0;98.0;8003.0
11.2;2334.2;1.3;0.3;98.0;8003.0
12.5;2334.2;1.2;0.0;98.0;8003.0
9.6;2334.2;1.8;0.0;98.0;8003.0
11.8;2334.2;1.2;0.0;98.0;8003.0
11.1;2334.2;1.8;0.0;98.0;8003.0
9.7;2334.2;1.2;0.0;97.0;8003.0
13.0;2334.2;1.2;0.0;98.0;8003.0
9.6;2334.2;1.8;0.0;97.0;8003.0
14.2;2334.2;1.2;0.0;97.0;8003.0
12.5;2334.2;1.2;0.0;98.0;8003.0
9.7;2334.2;1.8;0.0;98.0;8003.0
13.0;2334.2;1.2;0.0;98.0;8003.0
10.8;2334.2;1.8;0.0;98.0;8003.0
15.2;2334.2;1.2;0.0;97.0;8003.0
14.0;2334.2;1.2;0.0;98.0;8003.0
9.6;2334.2;1.8;0.0;97.0;8003.0
14.3;2334.2;1.2;0.0;97.0;8003.0
10.8;2334.2;1.8;0.0;98.0;8003.0
11.1;2334.2;1.2;0.0;97.0;8003.0
14.0;2334.2;1.2;0.0;99.0;8003.0
10.7;2334.2;1.8;0.0;98.0;8003.0
11.9;2334.2;1.2;0.0;98.0;8003.0
11.1;2334.2;1.2;0.0;98.0;8003.0
9.7;2334.2;1.8;0.0;98.0;8003.0
11.9;2334.2;1.3;0.3;98.0;8003.0
11.8;2334.2;1.8;0.0;98.0;8003.0
13.1;2334.2;1.2;0.0;98.0;8003.0
13.8;2334.2;1.2;0.0;98.0;8003.0
9.7;2334.2;1.8;0.0;97.0;8003.0
13.1;2334.2;1.5;0.0;97.0;8003.0
11.8;2334.2;1.8;0.0;98.0;8003.0
11.2;2334.2;1.2;0.0;97.0;8003.0
13.8;2334.2;1.2;0.0;98.0;8003.0
8.4;2334.2;1.8;0.0;98.0;8003.0
13.1;2334.2;1.2;0.0;97.0;8003.0
11.9;2334.2;1.2;0.0;98.0;8003.0
8.4;2334.2;1.8;0.0;97.0;8003.0
13.1;2334.2;1.2;0.0;98.0;8003.0
11.9;2334.2;1.8;0.0;98.0;8003.0
11.8;2334.2;1.2;0.0;98.0;8003.0
13.8;2334.2;1.2;0.0;97.0;8003.0
9.7;2334.2;1.8;0.0;97.0;8003.0
13.0;2334.2;1.2;0.0;98.0;8003.0
11.9;2334.2;1.8;0.0;99.0;8003.0
8.3;2334.2;1.2;0.0;98.0;8003.0
13.8;2334.2;1.2;0.0;97.0;8003.0
10.8;2334.2;1.8;0.0;97.0;8003.0
11.8;2334.2;1.2;0.0;97.0;8003.0
13.1;2334.2;1.2;0.0;98.0;8003.0
8.3;2334.2;2.0;0.2;98.0;8003.0
14.0;2334.2;1.2;0.0;98.0;8003.0
10.8;2334.2;1.8;0.0;98.0;8003.0
11.9;2334.2;1.2;0.0;98.0;8003.0
15.4;2334.2;1.2;0.0;98.0;8003.0
9.7;2334.2;1.8;0.0;98.0;8003.0
13.1;2334.2;1.2;0.0;97.0;8003.0
11.8;2334.2;1.2;0.0;98.0;8003.0
11.9;2334.2;1.8;0.0;98.0;8003.0
13.8;2334.2;1.2;0.0;98.0;8003.0
11.1;2334.2;1.8;0.0;98.0;8003.0
10.8;2334.2;1.2;0.0;97.0;8003.0
13.0;2334.2;1.2;0.0;98.0;8003.0
9.7;2334.2;1.8;0.0;98.0;8003.0
12.5;2334.2;1.2;0.0;97.0;8003.0
17.8;2334.2;1.8;0.0;98.0;8003.0
10.8;2334.2;1.2;0.0;97.0;8003.0
13.0;2334.2;1.2;0.0;98.0;8003.0
9.8;2334.2;1.8;0.0;99.0;8003.0
13.8;2334.2;1.2;0.0;97.0;8003.0
13.1;2334.2;1.2;0.0;98.0;8003.0
9.6;2334.2;2.3;0.3;97.0;8003.0
13.8;2334.2;1.2;0.0;97.0;8003.0
9.8;2334.2;1.8;0.0;99.0;8003.0
12.5;2334.2;1.2;0.0;98.0;8003.0
11.9;2334.2;1.2;0.0;98.0;8003.0
13.0;2334.2;1.8;0.0;97.0;8003.0
12.5;2334.2;1.2;0.0;98.0;8003.0
11.1;2334.2;1.8;0.0;98.0;8003.0
9.5;2334.2;1.2;0.0;98.0;8003.0
13.1;2334.2;1.2;0.0;97.0;8003.0
11.1;2334.2;1.8;0.0;98.0;8003.0
12.5;2334.2;1.2;0.0;98.0;8003.0
13.1;2334.2;1.2;0.0;99.0;8003.0
8.3;2334.2;1.8;0.0;97.0;8003.0
13.1;2334.2;1.2;0.0;97.0;8003.0
13.0;2334.2;1.8;0.0;98.0;8003.0
11.9;2334.2;1.2;0.0;98.0;8003.0
13.1;2334.2;1.2;0.0;99.0;8003.0
8.4;2334.2;1.8;0.0;98.0;8003.0
14.0;2334.2;1.2;0.0;97.0;8003.0
11.1;2334.2;1.2;0.0;98.0;8003.0
10.8;2334.2;1.8;0.0;97.0;8003.0
13.0;2334.2;1.2;0.0;97.0;8003.0
9.6;2334.2;1.8;0.0;98.0;8003.0
12.5;2334.2;1.3;0.3;98.0;8003.0
13.0;2334.2;1.2;0.0;97.0;8003.0
9.6;2334.2;1.8;0.0;97.0;8003.0
13.0;2334.2;1.2;0.0;98.0;8003.0
11.1;2334.2;1.8;0.0;98.0;8003.0
11.1;2334.2;1.2;0.0;98.0;8003.0
13.0;2334.2;1.2;0.0;98.0;8003.0
10.8;2334.2;1.8;0.0;98.0;8003.0
13.8;2334.2;1.2;0.0;97.0;8003.0
12.6;2334.2;1.2;0.0;98.0;8003.0
8.4;2334.2;1.8;0.0;97.0;8003.0
11.9;2334.2;1.2;0.0;98.0;8003.0
13.1;2334.2;1.8;0.0;99.0;8003.0
11.1;2334.2;1.2;0.0;98.0;8003.0
14.0;2334.2;1.2;0.0;98.0;8003.0
8.3;2334.2;1.8;0.0;98.0;8003.0
14.3;2334.2;1.2;0.0;97.0;8003.0
12.5;2334.2;1.8;0.0;99.0;8003.0
9.7;2334.2;1.5;0.0;97.0;8003.0
13.8;2334.2;1.2;0.0;97.0;8003.0
9.5;2334.2;1.8;0.0;98.0;8003.0
11.9;2334.2;1.2;0.0;98.0;8003.0
13.8;2334.2;1.2;0.0;97.0;8003.0
9.7;2334.2;1.8;0.0;98.0;8003.0
13.1;2334.2;1.3;0.3;97.0;8003.0
10.7;2334.2;1.8;0.0;98.0;8003.0
11.2;2334.2;1.2;0.0;99.0;8003.0
13.8;2334.2;1.2;0.0;97.0;8003.0
