8.3;57.5;23.6;1.8;0.0;998.0
8.3;100.5;114.2;10.4;0.0;998.0
8.3;138.2;144.9;7.9;0.0;998.0
5.9;174.1;134.1;7.2;0.0;998.0
8.3;200.6;74.1;5.6;0.0;998.0
8.4;226.4;146.7;5.9;0.0;998.0
8.3;226.4;258.0;0.5;0.0;998.0
8.4;226.4;257.4;0.5;0.0;998.0
8.4;226.4;258.0;0.5;0.0;998.0
8.4;226.5;260.1;0.5;0.0;998.0
7.0;231.0;186.8;0.5;0.0;998.0
8.4;240.7;0.1;0.0;0.0;998.0
7.2;250.4;0.8;0.0;0.0;998.0
8.3;264.0;0.0;0.0;0.0;998.0
8.4;276.3;0.0;0.0;0.0;998.0
8.3;286.4;0.0;0.0;0.0;998.0
8.3;297.8;0.0;0.0;0.0;998.0
8.4;323.7;0.0;0.0;0.0;998.0
8.3;315.5;0.9;3.7;0.0;998.0
8.3;348.7;1.2;0.0;1.0;1121.0
8.3;790.3;0.6;0.0;4.0;1173.0
15.4;1360.5;1.5;86.0;80.0;7953.0
8.4;2087.0;11.7;554.4;1.0;7953.0
8.3;2150.1;8.6;324.8;22.0;7953.0
8.4;2158.4;0.0;0.0;0.0;7953.0
8.3;2143.5;0.0;0.0;0.0;7953.0
8.4;2148.3;0.0;0.0;0.0;7953.0
8.4;2150.3;0.0;0.0;0.0;7953.0
8.3;2153.9;0.1;5.8;0.0;7953.0
8.4;2163.5;0.0;0.0;0.0;7953.0
9.5;2198.9;0.6;4.7;44.0;7953.0
8.3;2207.0;7.6;466.7;0.0;7953.0
8.3;2207.0;9.4;441.6;0.0;7953.0
1.2;2207.0;0.1;6.8;0.0;7953.0
8.4;2200.0;1.9;2.4;0.0;7953.0
8.3;2186.2;0.3;0.0;0.0;7953.0
8.3;2186.7;0.0;0.0;0.0;7953.0
8.3;2200.7;0.0;0.0;0.0;7979.0
13.0;2258.8;0.2;0.3;70.0;7987.0
8.4;2317.1;0.6;0.0;0.0;7987.0
8.3;2318.8;0.0;0.0;0.0;7987.0
8.4;2334.4;0.0;0.0;62.0;7987.0
13.1;2334.4;1.2;0.0;97.0;7987.0
14.3;2334.5;1.2;0.0;97.0;7987.0
11.9;2334.5;1.8;0.0;97.0;7987.0
16.6;2334.5;1.2;0.0;97.0;7987.0
12.6;2334.5;1.2;0.0;97.0;7987.0
11.8;2334.5;1.8;0.0;97.0;7987.0
15.5;2334.5;1.2;0.0;98.0;7987.0
15.2;2334.5;1.8;0.0;99.0;7987.0
13.8;2334.5;1.2;0.0;97.0;7987.0
13.8;2334.5;1.2;0.0;97.0;7987.0
10.7;2334.6;1.8;0.0;97.0;7987.0
16.7;2334.6;1.2;0.0;97.0;7987.0
12.5;2334.6;1.2;0.0;97.0;7987.0
13.1;2334.6;1.8;0.0;97.0;7987.0
15.5;2334.6;1.2;0.0;97.0;7987.0
11.8;2334.6;1.8;0.0;97.0;7987.0
14.0;2334.6;1.2;0.0;99.0;7987.0
13.8;2334.6;1.3;0.3;97.0;7987.0
10.8;2334.6;1.8;0.0;97.0;7987.0
16.7;2334.6;1.2;0.0;97.0;7987.0
11.9;2334.6;1.2;0.0;97.0;7987.0
12.6;2334.6;1.8;0.0;97.0;7987.0
15.2;2334.6;1.2;0.0;97.0;7987.0
11.9;2334.6;1.8;0.0;97.0;7987.0
14.2;2334.6;1.2;0.0;97.0;7987.0
13.1;2334.6;1.2;0.0;98.0;7987.0
11.1;2334.6;1.8;0.0;97.0;7987.0
16.6;2334.6;1.2;0.0;97.0;7987.0
11.9;2334.6;1.8;0.0;97.0;7987.0
13.0;2334.6;1.2;0.0;97.0;7987.0
15.2;2334.6;1.2;0.0;99.0;7987.0
11.9;2334.6;1.8;0.0;97.0;7987.0
14.2;2334.6;1.2;0.0;97.0;7987.0
12.5;2334.6;1.2;0.0;97.0;7987.0
11.1;2334.6;1.8;0.0;97.0;7987.0
16.8;2334.6;1.2;0.0;97.0;7987.0
11.9;2334.6;1.8;0.0;97.0;7987.0
13.1;2334.6;1.2;0.0;97.0;7987.0
15.4;2334.6;1.2;0.0;98.0;7987.0
9.7;2334.6;1.8;0.0;97.0;7987.0
15.5;2334.6;1.2;0.0;97.0;7987.0
12.5;2334.6;2.2;0.3;97.0;7987.0
11.9;2334.6;1.2;0.0;97.0;7987.0
16.6;2334.6;1.2;0.0;97.0;7987.0
11.1;2334.6;1.8;0.0;98.0;7987.0
13.1;2334.6;1.2;0.0;97.0;7987.0
14.2;2334.6;1.2;0.0;97.0;7987.0
9.7;2334.6;1.8;0.0;97.0;7987.0
16.6;2334.6;1.2;0.0;98.0;7987.0
12.5;2334.6;1.2;0.0;99.0;7987.0
11.9;2334.6;1.8;0.0;97.0;7987.0
15.4;2334.6;1.2;0.0;97.0;7987.0
9.8;2334.6;1.8;0.0;97.0;7987.0
22.2;2334.6;1.2;0.0;97.0;7987.0
14.3;2334.6;1.2;0.0;98.0;7987.0
10.8;2334.6;1.8;0.0;97.0;7987.0
16.6;2334.6;1.2;0.0;97.0;7987.0
11.2;2334.6;1.8;0.0;97.0;7987.0
13.0;2334.6;1.2;0.0;98.0;7987.0
15.5;2334.6;1.2;0.0;97.0;7987.0
10.7;2334.6;1.8;0.0;98.0;7987.0
15.2;2334.6;1.2;0.0;97.0;7987.0
12.5;2334.6;1.2;0.0;97.0;7987.0
11.8;2334.6;1.8;0.0;97.0;7987.0
16.7;2334.6;1.2;0.0;97.0;7987.0
11.1;2334.6;1.9;0.3;98.0;7987.0
13.8;2334.6;1.2;0.0;97.0;7987.0
14.3;2334.6;1.2;0.0;98.0;7987.0
11.8;2334.6;1.8;0.0;99.0;7987.0
15.5;2334.6;1.2;0.0;98.0;7987.0
12.5;2334.6;1.2;0.0;97.0;7987.0
12.6;2334.6;1.8;0.0;98.0;7987.0
15.5;2334.6;1.2;0.0;98.0;7987.0
19.1;2334.6;1.8;0.0;97.0;7987.0
14.0;2334.6;1.2;0.0;98.0;7987.0
13.8;2334.6;1.2;0.0;97.0;7987.0
10.8;2334.6;1.8;0.0;98.0;7987.0
16.6;2334.6;1.2;0.0;98.0;7987.0
11.9;2334.6;1.8;0.0;98.0;7987.0
12.5;2334.6;1.2;0.0;98.0;7987.0
15.2;2334.6;1.2;0.0;98.0;7987.0
10.8;2334.6;1.8;0.0;97.0;7987.0
8.3;2334.6;1.2;0.0;99.0;7987.0
13.8;2334.6;1.5;0.0;98.0;7987.0
12.5;2334.6;1.8;0.0;97.0;7987.0
16.6;2334.6;1.2;0.0;97.0;7987.0
10.8;2334.6;1.8;0.0;97.0;7987.0
13.8;2334.6;1.2;0.0;97.0;7987.0
15.4;2334.6;1.2;0.0;98.0;7987.0
9.7;2334.6;1.9;0.3;97.0;7987.0
15.5;2334.6;1.2;0.0;97.0;7987.0
11.9;2334.6;1.2;0.0;97.0;7987.0
12.5;2334.6;1.8;0.0;98.0;7987.0
15.4;2334.6;1.2;0.0;98.0;7987.0
11.8;2334.6;1.8;0.0;97.0;7987.0
14.3;2334.6;1.2;0.0;98.0;7987.0
13.8;2334.6;1.2;0.0;97.0;7987.0
11.1;2334.6;1.8;0.0;98.0;7987.0
16.6;2334.6;1.2;0.0;98.0;7987.0
13.0;2334.6;1.8;0.0;98.0;7987.0
16.7;2334.6;1.2;0.0;98.0;7987.0
14.2;2334.6;1.2;0.0;98.0;7987.0
9.7;2334.6;1.8;0.0;98.0;7987.0
14.3;2334.6;1.2;0.0;97.0;7987.0
11.8;2334.6;1.2;0.0;98.0;7987.0
12.6;2334.6;1.8;0.0;98.0;7987.0
16.6;2334.6;1.2;0.0;99.0;7987.0
14.3;2334.6;1.8;0.0;98.0;7987.0
14.3;2334.6;1.2;0.0;98.0;7987.0
12.5;2334.6;1.2;0.0;98.0;7987.0
12.6;2334.6;1.8;0.0;97.0;7987.0
16.6;2334.6;1.2;0.0;98.0;7987.0
11.9;2334.6;1.8;0.0;98.0;7987.0
13.0;2334.6;1.3;0.3;98.0;7987.0
15.2;2334.6;1.2;0.0;97.0;7987.0
9.7;2334.6;1.8;0.0;98.0;7987.0
15.4;2334.6;1.2;0.0;98.0;7987.0
12.5;2334.6;1.8;0.0;98.0;7987.0
11.8;2334.6;1.2;0.0;98.0;7987.0
16.6;2334.6;1.2;0.0;98.0;7987.0
9.7;2334.6;1.8;0.0;98.0;7987.0
15.4;2334.6;1.2;0.0;97.0;7987.0
14.3;2334.6;1.2;0.0;98.0;7987.0
9.7;2334.6;1.8;0.0;98.0;7987.0
16.8;2334.6;1.5;0.0;98.0;7987.0
10.7;2334.6;1.8;0.0;98.0;7987.0
13.1;2334.6;1.2;0.0;98.0;7987.0
14.3;2334.6;1.2;0.0;97.0;7987.0
11.1;2334.6;1.8;0.0;98.0;7987.0
15.4;2334.6;1.2;0.0;97.0;7987.0
13.0;2334.6;1.2;0.0;99.0;7987.0
11.9;2334.6;1.8;0.0;98.0;7987.0
16.6;2334.6;1.2;0.0;97.0;7987.0
11.9;2334.6;1.8;0.0;98.0;7987.0
13.1;2334.6;1.2;0.0;97.0;7987.0
14.2;2334.6;1.2;0.0;99.0;7987.0
10.8;2334.6;1.8;0.0;97.0;7987.0
16.6;2334.6;1.3;0.3;97.0;7987.0
12.5;2334.6;1.2;0.0;97.0;7987.0
11.9;2334.6;1.8;0.0;97.0;7987.0
15.4;2334.6;1.2;0.0;99.0;7987.0
9.8;2334.6;1.8;0.0;98.0;7987.0
15.2;2334.6;1.2;0.0;97.0;7987.0
13.1;2334.6;1.2;0.0;98.0;7987.0
11.9;2334.6;1.8;0.0;97.0;7987.0
16.7;2334.6;1.2;0.0;99.0;7987.0
11.2;2334.6;1.8;0.0;98.0;7987.0
13.0;2334.6;1.2;0.0;97.0;7987.0
14.3;2334.6;1.2;0.0;98.0;7987.0
11.8;2334.6;1.8;0.0;97.0;7987.0
15.2;2334.6;1.2;0.0;99.0;7987.0
12.5;2334.6;1.2;0.0;98.0;7987.0
11.8;2334.6;1.8;0.0;97.0;7987.0
14.6;2334.6;1.2;0.0;98.0;7987.0
11.1;2334.6;1.8;0.0;97.0;7987.0
13.8;2334.6;1.2;0.0;98.0;7987.0
14.3;2334.6;1.2;0.0;97.0;7987.0
10.7;2334.6;1.8;0.0;98.0;7987.0
16.7;2334.6;1.2;0.0;98.0;7987.0
11.1;2334.6;1.8;0.0;97.0;7987.0
14.0;2334.6;1.2;0.0;98.0;7987.0
15.5;2334.6;1.3;0.3;97.0;7987.0
10.8;2334.6;1.8;0.0;98.0;7987.0
15.4;2334.6;1.2;0.0;98.0;7987.0
12.5;2334.6;1.2;0.0;98.0;7987.0
9.8;2334.6;1.8;0.0;97.0;7987.0
16.6;2334.6;1.5;0.0;97.0;7987.0
10.8;2334.6;1.8;0.0;98.0;7987.0
13.8;2334.6;1.2;0.0;98.0;7987.0
13.8;2334.6;1.2;0.0;99.0;7987.0
11.9;2334.6;1.8;0.0;97.0;7987.0
16.6;2334.6;1.2;0.0;97.0;7987.0
12.5;2334.6;1.2;0.0;98.0;7987.0
13.0;2334.6;1.8;0.0;97.0;7987.0
15.4;2334.6;1.2;0.0;99.0;7987.0
11.9;2334.6;1.8;0.0;98.0;7987.0
14.2;2334.6;1.2;0.0;97.0;7987.0
14.0;2334.6;1.2;0.0;97.0;7987.0
11.1;2334.6;1.8;0.0;97.0;7987.0
16.7;2334.6;1.2;0.0;97.0;7987.0
10.8;2334.6;1.8;0.0;98.0;7987.0
14.3;2334.6;1.2;0.0;97.0;7987.0
15.4;2334.6;1.2;0.0;97.0;7987.0
10.7;2334.6;1.8;0.0;97.0;7987.0
15.5;2334.6;1.2;0.0;97.0;7987.0
11.5;2334.6;2.0;0.2;98.0;7987.0
12.5;2334.6;1.2;0.0;97.0;7987.0
16.6;2334.6;1.2;0.0;98.0;7987.0
10.7;2334.6;1.8;0.0;98.0;7987.0
14.6;2334.6;1.2;0.0;97.0;7987.0
13.8;2334.6;1.2;0.0;98.0;7987.0
11.1;2334.6;1.8;0.0;97.0;7987.0
15.5;2334.6;1.2;0.0;98.0;7987.0
11.8;2334.6;1.8;0.0;99.0;7987.0
13.1;2334.6;1.2;0.0;97.0;7987.0
15.2;2334.6;1.2;0.0;97.0;7987.0
11.2;2334.6;1.8;0.0;98.0;7987.0
16.6;2334.6;1.2;0.0;98.0;7987.0
13.1;2334.6;1.2;0.0;99.0;7987.0
11.2;2334.6;1.8;0.0;98.0;7987.0
16.6;2334.6;1.2;0.0;97.0;7987.0
10.8;2334.6;1.8;0.0;97.0;7987.0
14.2;2334.6;1.2;0.0;98.0;7987.0
14.3;2334.6;1.2;0.0;98.0;7987.0
9.7;2334.6;1.8;0.0;97.0;7987.0
16.6;2334.6;1.2;0.0;97.0;7987.0
11.9;2334.6;1.2;0.0;97.0;7987.0
13.0;2334.6;2.3;0.3;97.0;7987.0
16.6;2334.6;1.2;0.0;97.0;7987.0
11.1;2334.6;1.8;0.0;98.0;7987.0
14.2;2334.6;1.2;0.0;97.0;7987.0
13.1;2334.6;1.2;0.0;98.0;7987.0
12.5;2334.6;1.8;0.0;98.0;7987.0
16.8;2334.6;1.2;0.0;98.0;7987.0
11.9;2334.6;1.8;0.0;98.0;7987.0
13.1;2334.6;1.2;0.0;98.0;7987.0
14.3;2334.6;1.2;0.0;98.0;7987.0
9.7;2334.6;1.8;0.0;99.0;7987.0
16.8;2334.6;1.2;0.0;97.0;7987.0
13.0;2334.6;1.2;0.0;97.0;7987.0
11.9;2334.6;1.8;0.0;97.0;7987.0
16.6;2334.6;1.2;0.0;98.0;7987.0
9.7;2334.6;1.8;0.0;99.0;7987.0
14.3;2334.6;1.2;0.0;98.0;7987.0
14.2;2334.6;1.2;0.0;98.0;7987.0
10.8;2334.6;1.8;0.0;98.0;7987.0
16.6;2334.6;1.2;0.0;98.0;7987.0
11.1;2334.6;1.8;0.0;98.0;7987.0
13.1;2334.6;1.2;0.0;98.0;7987.0
15.4;2334.6;1.2;0.0;98.0;7987.0
11.2;2334.6;1.8;0.0;98.0;7987.0
15.2;2334.6;1.3;0.3;99.0;7987.0
13.1;2334.6;1.2;0.0;98.0;7987.0
11.9;2334.6;1.8;0.0;97.0;7987.0
15.5;2334.6;1.2;0.0;97.0;7987.0
11.2;2334.6;1.8;0.0;97.0;7987.0
13.8;2334.6;1.2;0.0;99.0;7987.0
14.3;2334.6;1.2;0.0;98.0;7987.0
10.7;2334.6;1.8;0.0;98.0;7987.0
16.6;2334.6;1.2;0.0;97.0;7987.0
12.5;2334.6;1.2;0.0;97.0;7987.0
12.5;2334.6;1.8;0.0;98.0;7987.0
15.5;2334.6;1.2;0.0;97.0;7987.0
10.7;2334.6;1.8;0.0;98.0;7987.0
15.2;2334.6;1.2;0.0;97.0;7987.0
13.0;2334.6;1.2;0.0;98.0;7987.0
10.7;2334.6;1.8;0.0;98.0;7987.0
16.7;2334.6;1.2;0.0;97.0;7987.0
11.1;2334.6;1.8;0.0;98.0;7987.0
14.0;2334.6;1.5;0.0;98.0;7987.0
15.5;2334.6;1.2;0.0;98.0;7987.0
10.8;2334.6;1.8;0.0;98.0;7987.0
15.5;2334.6;1.2;0.0;97.0;7987.0
12.5;2334.6;1.2;0.0;98.0;7987.0
12.6;2334.6;1.8;0.0;97.0;7987.0
16.6;2334.6;1.3;0.3;99.0;7987.0
10.8;2334.6;1.8;0.0;98.0;7987.0
13.8;2334.6;1.2;0.0;97.0;7987.0
