7.2;26.8;15.2;1.8;1.0;1279.0
8.3;31.3;46.2;3.6;0.0;1279.0
8.4;44.7;24.5;1.9;0.0;1279.0
8.3;57.8;23.8;1.9;0.0;1279.0
8.4;70.7;24.6;1.9;0.0;1279.0
8.4;82.8;21.5;1.7;0.0;1279.0
8.3;94.7;19.6;1.5;0.0;1279.0
8.4;105.5;20.6;1.6;0.0;1279.0
8.3;118.5;22.2;1.7;0.0;1279.0
8.4;130.0;19.6;1.5;0.0;1279.0
8.3;141.1;20.7;1.6;0.0;1279.0
8.3;152.6;21.6;1.7;0.0;1279.0
8.4;167.1;28.2;2.2;0.0;1279.0
8.3;173.8;11.6;0.9;0.0;1279.0
8.4;188.3;24.8;1.9;0.0;1279.0
8.3;203.5;27.9;2.2;0.0;1279.0
8.3;207.2;6.3;0.5;0.0;1279.0
8.4;221.6;25.6;2.0;0.0;1279.0
8.3;234.6;28.0;2.2;0.0;1279.0
8.4;234.9;57.4;4.5;0.0;1279.0
8.3;235.3;58.5;4.6;0.0;1279.0
8.4;235.8;58.4;4.6;0.0;1279.0
8.4;236.1;57.8;4.5;0.0;1279.0
8.3;236.3;56.7;4.4;0.0;1279.0
8.4;236.5;56.5;4.4;0.0;1279.0
8.3;237.0;58.9;4.6;0.0;1279.0
8.4;238.5;53.9;4.2;0.0;1279.0
8.3;252.3;26.7;2.1;0.0;1279.0
8.3;254.3;4.1;0.3;0.0;1279.0
8.3;268.3;26.7;2.1;0.0;1279.0
8.3;282.6;25.4;2.0;0.0;1279.0
8.4;296.8;28.8;2.2;0.0;1279.0
8.3;307.6;21.4;1.7;0.0;1279.0
8.3;309.4;3.9;0.3;0.0;1279.0
8.3;323.5;29.7;2.3;0.0;1279.0
8.3;337.7;27.2;2.1;0.0;1279.0
8.4;352.0;27.4;2.1;0.0;1279.0
8.3;366.2;27.3;2.1;0.0;1279.0
8.4;376.6;20.0;1.6;0.0;1279.0
8.4;376.6;0.0;0.0;0.0;1279.0
8.4;388.8;26.3;2.1;0.0;1279.0
8.4;403.0;29.1;2.3;0.0;1279.0
8.3;417.2;27.4;2.1;0.0;1279.0
8.4;431.4;25.9;2.0;0.0;1279.0
8.3;445.4;27.1;2.1;0.0;1279.0
8.4;459.7;28.9;2.3;0.0;1279.0
8.3;462.8;7.0;0.5;0.0;1279.0
8.3;463.0;0.3;0.0;0.0;1279.0
8.4;476.8;27.9;2.2;0.0;1279.0
8.3;491.1;28.4;2.2;0.0;1279.0
8.3;505.2;27.3;2.1;0.0;1279.0
8.3;519.2;27.1;2.1;0.0;1279.0
8.3;533.5;27.4;2.1;0.0;1279.0
8.4;547.6;30.1;2.4;0.0;1279.0
8.3;561.9;29.1;2.3;0.0;1279.0
8.4;569.8;14.8;1.2;0.0;1279.0
8.3;569.8;0.0;0.0;0.0;1279.0
8.4;573.4;6.3;0.5;0.0;1279.0
8.4;587.5;26.2;2.0;0.0;1279.0
8.4;602.3;29.1;2.3;0.0;1279.0
8.4;615.8;26.4;2.1;0.0;1279.0
8.3;630.1;30.5;2.4;0.0;1279.0
8.4;644.4;27.2;2.1;0.0;1279.0
8.3;658.4;27.4;2.1;0.0;1279.0
8.3;672.8;27.8;2.2;0.0;1279.0
8.4;686.9;27.8;2.2;0.0;1279.0
8.3;700.9;27.2;2.1;0.0;1279.0
8.3;702.7;2.8;0.2;0.0;1279.0
8.3;702.7;0.0;0.0;0.0;1279.0
8.3;704.5;3.9;0.3;0.0;1279.0
8.4;718.8;27.2;2.1;0.0;1279.0
8.3;733.0;28.3;2.2;0.0;1279.0
8.4;746.9;26.5;2.1;0.0;1279.0
8.3;761.2;26.4;2.1;0.0;1279.0
8.4;775.3;28.4;2.2;0.0;1279.0
8.4;789.7;27.5;2.1;0.0;1279.0
8.4;804.1;26.4;2.1;0.0;1279.0
8.4;818.3;27.2;2.1;0.0;1279.0
8.3;832.6;27.8;2.2;0.0;1279.0
8.4;847.1;29.4;2.3;0.0;1279.0
8.3;860.9;26.3;2.1;0.0;1279.0
8.4;867.6;12.8;1.0;0.0;1279.0
8.3;867.6;0.0;0.0;0.0;1279.0
8.3;867.6;0.0;0.0;0.0;1279.0
8.4;869.3;3.3;0.3;0.0;1279.0
8.3;883.5;27.0;2.1;0.0;1279.0
8.3;897.8;28.2;2.2;0.0;1279.0
8.3;911.7;26.5;2.1;0.0;1279.0
8.3;925.9;27.5;2.1;0.0;1279.0
8.4;940.0;28.6;2.2;0.0;1279.0
8.3;954.3;28.9;2.3;0.0;1279.0
8.4;968.7;28.2;2.2;0.0;1279.0
8.4;982.6;25.8;2.0;0.0;1279.0
8.4;996.7;26.7;2.1;0.0;1279.0
8.4;1011.1;29.1;2.3;0.0;1279.0
8.3;1025.1;26.6;2.1;0.0;1279.0
8.4;1039.3;27.4;2.1;0.0;1279.0
8.3;1053.5;28.4;2.2;0.0;1279.0
8.4;1068.3;28.3;2.2;0.0;1279.0
8.3;1074.0;12.1;0.9;2.0;1280.0
8.3;1074.0;0.0;0.0;0.0;1279.0
8.4;1074.0;0.0;0.0;0.0;1279.0
8.3;1074.0;0.0;0.0;0.0;1279.0
8.4;1078.6;9.5;0.7;0.0;1279.0
8.3;1092.9;32.6;2.5;0.0;1279.0
8.3;1107.2;28.3;2.2;0.0;1279.0
8.4;1121.3;27.0;2.1;0.0;1279.0
8.3;1135.5;26.7;2.1;0.0;1279.0
8.4;1149.7;29.1;2.3;0.0;1279.0
8.3;1163.7;30.8;2.4;0.0;1279.0
8.4;1178.0;25.8;2.0;0.0;1279.0
8.4;1192.2;26.1;2.0;0.0;1279.0
8.4;1206.3;26.9;2.1;0.0;1279.0
8.4;1220.5;28.6;2.2;0.0;1279.0
8.3;1234.4;29.1;2.3;0.0;1279.0
8.4;1248.9;28.3;2.2;0.0;1279.0
8.3;1262.8;26.7;2.1;0.0;1279.0
8.3;1276.9;27.3;2.1;0.0;1279.0
8.3;1291.1;28.8;2.2;0.0;1279.0
8.4;1306.0;30.4;2.4;0.0;1279.0
8.4;1319.7;26.5;2.1;0.0;1279.0
8.3;1330.1;19.9;1.6;0.0;1279.0
8.3;1330.1;0.0;0.0;0.0;1279.0
8.3;1330.1;0.0;0.0;0.0;1279.0
8.3;1330.1;0.0;0.0;0.0;1279.0
8.4;1330.1;0.0;0.0;0.0;1279.0
8.3;1330.1;0.0;0.0;0.0;1279.0
8.4;1343.8;27.5;2.1;0.0;1279.0
8.3;1358.1;29.0;2.3;0.0;1279.0
8.4;1372.2;29.3;2.3;0.0;1279.0
8.4;1386.2;28.9;2.3;0.0;1279.0
8.3;1400.4;28.0;2.2;0.0;1279.0
8.4;1414.4;26.1;2.0;0.0;1279.0
8.3;1428.7;29.8;2.3;0.0;1279.0
8.4;1443.1;29.5;2.3;0.0;1279.0
8.3;1457.2;27.5;2.1;0.0;1279.0
8.3;1471.3;27.3;2.1;0.0;1279.0
8.4;1485.5;27.6;2.2;0.0;1279.0
8.3;1499.3;27.9;2.2;0.0;1279.0
8.4;1513.5;28.9;2.3;0.0;1279.0
8.3;1527.5;28.7;2.2;0.0;1279.0
8.3;1541.9;28.6;2.2;0.0;1279.0
8.4;1556.2;28.8;2.2;0.0;1279.0
8.3;1570.4;26.6;2.1;0.0;1279.0
8.4;1584.7;28.5;2.2;0.0;1279.0
8.3;1599.1;30.5;2.4;0.0;1279.0
8.4;1613.2;29.4;2.3;0.0;1279.0
8.4;1627.7;27.7;2.2;0.0;1279.0
8.3;1641.8;28.0;2.2;0.0;1279.0
8.4;1649.4;14.1;1.1;0.0;1279.0
8.3;1649.4;0.0;0.0;0.0;1279.0
8.4;1649.4;0.0;0.0;0.0;1279.0
8.3;1649.4;0.0;0.0;0.0;1279.0
8.3;1649.4;0.0;0.0;0.0;1279.0
8.3;1649.4;0.0;0.0;0.0;1279.0
8.3;1649.4;0.0;0.0;0.0;1279.0
8.4;1660.6;22.4;1.8;12.0;1285.0
8.3;1674.5;26.9;2.1;0.0;1285.0
8.3;1688.4;28.4;2.2;0.0;1285.0
8.3;1702.2;26.4;2.1;0.0;1284.0
7.2;1716.3;27.7;2.2;13.0;1280.0
8.4;1729.9;27.4;2.1;0.0;1280.0
8.3;1744.2;28.7;2.2;2.0;1276.0
8.4;1758.3;28.0;2.2;9.0;1286.0
8.4;1772.2;27.4;2.1;14.0;1284.0
8.4;1786.2;26.5;2.1;11.0;1312.0
7.0;1800.3;30.4;2.4;0.0;1312.0
8.3;1814.3;26.2;2.0;0.0;1312.0
8.4;1828.6;29.2;2.3;5.0;1335.0
8.3;1842.4;28.1;2.2;0.0;1335.0
8.4;1856.9;29.2;2.3;2.0;1288.0
8.3;1871.1;29.0;2.3;36.0;1299.0
8.3;1884.3;28.1;2.2;25.0;1294.0
8.4;1898.1;27.2;2.1;12.0;1285.0
8.3;1911.7;26.5;2.1;2.0;1283.0
8.3;1925.9;25.0;2.0;0.0;1283.0
8.3;1940.1;26.4;2.1;1.0;1283.0
8.3;1954.0;27.4;2.1;0.0;1283.0
8.4;1968.4;26.2;2.0;0.0;1283.0
8.3;1982.9;26.8;2.1;0.0;1283.0
8.4;1996.5;26.9;2.1;0.0;1278.0
8.3;2010.5;25.8;2.0;2.0;1288.0
8.4;2024.4;28.0;2.2;1.0;1288.0
8.4;2038.3;28.6;2.2;1.0;1283.0
8.3;2046.3;16.8;1.3;0.0;1283.0
8.4;2046.3;0.0;0.0;0.0;1283.0
8.3;2046.3;0.0;0.0;2.0;1283.0
8.4;2046.3;0.0;0.0;1.0;1283.0
8.3;2046.3;0.0;0.0;1.0;1283.0
8.3;2046.3;0.0;0.0;0.0;1283.0
8.4;2046.3;0.0;0.0;0.0;1283.0
8.3;2046.3;0.0;0.0;1.0;1283.0
8.4;2048.7;4.0;0.3;1.0;1283.0
8.3;2062.9;28.2;2.2;1.0;1284.0
8.3;2077.2;26.9;2.1;0.0;1284.0
8.3;2091.0;27.8;2.2;0.0;1284.0
8.3;2105.9;27.2;2.1;0.0;1284.0
8.4;2119.7;27.8;2.2;0.0;1175.0
8.3;2133.9;26.8;2.1;0.0;1175.0
8.4;2148.2;26.6;2.1;0.0;1175.0
8.4;2162.1;27.2;2.1;0.0;1175.0
8.4;2176.3;28.6;2.2;0.0;1175.0
8.4;2190.3;28.7;2.2;0.0;1175.0
8.3;2204.5;26.1;2.0;0.0;1175.0
8.4;2219.0;24.9;1.9;0.0;1175.0
8.3;2233.0;27.0;2.1;0.0;1175.0
8.4;2247.5;29.0;2.3;0.0;1175.0
8.3;2261.5;27.3;2.1;0.0;1175.0
8.3;2276.0;26.9;2.1;0.0;1175.0
8.4;2290.5;25.2;2.0;0.0;1175.0
8.3;2304.6;25.7;2.0;0.0;1175.0
8.3;2318.9;26.6;2.1;0.0;1175.0
8.3;2332.8;27.1;2.1;0.0;1175.0
8.3;2347.2;28.5;2.2;0.0;1175.0
8.4;2361.7;27.4;2.1;0.0;1175.0
8.3;2375.8;27.4;2.1;0.0;1175.0
8.4;2390.1;26.9;2.1;0.0;1175.0
8.4;2404.1;27.7;2.2;0.0;1175.0
8.4;2418.3;26.9;2.1;0.0;1175.0
8.4;2432.6;26.8;2.1;0.0;1175.0
8.3;2446.6;26.7;2.1;0.0;1175.0
8.4;2460.8;28.1;2.2;0.0;1175.0
8.3;2475.2;28.5;2.2;0.0;1175.0
8.4;2489.3;27.4;2.1;0.0;1175.0
8.3;2503.5;26.4;2.1;0.0;1175.0
8.3;2517.5;27.0;2.1;0.0;1175.0
8.4;2531.7;27.7;2.2;0.0;1175.0
8.3;2540.4;18.1;1.4;0.0;1175.0
8.4;2540.4;0.0;0.0;0.0;1175.0
8.3;2540.4;0.0;0.0;0.0;1175.0
8.3;2540.4;0.0;0.0;0.0;1175.0
8.3;2540.4;0.0;0.0;0.0;1175.0
8.3;2540.4;0.0;0.0;0.0;1175.0
8.4;2540.4;0.0;0.0;0.0;1175.0
8.3;2540.4;0.0;0.0;0.0;1175.0
8.4;2540.4;0.0;0.0;0.0;1175.0
8.4;2540.4;0.0;0.0;0.0;1175.0
8.4;2541.6;1.9;0.1;0.0;1175.0
9.6;2555.0;519.2;1.7;1.0;1175.0
8.4;2559.8;903.3;0.0;0.0;1175.0
8.4;2594.3;794.4;19.5;0.0;1175.0
8.3;2629.0;821.4;20.8;0.0;1175.0
8.3;2666.9;637.3;26.3;0.0;1175.0
8.3;2704.9;634.9;33.7;0.0;1175.0
8.4;2747.5;708.8;32.4;0.0;1175.0
8.3;2776.8;344.1;32.5;0.0;1175.0
8.3;2781.3;906.8;12.9;0.0;1175.0
8.4;2825.9;477.9;35.3;0.0;1175.0
8.3;2847.1;649.8;26.7;0.0;1175.0
7.2;2902.1;543.8;37.5;0.0;1175.0
9.4;2918.3;791.1;21.9;0.0;1175.0
8.3;2967.5;547.4;35.6;0.0;1175.0
9.6;2977.7;707.0;18.8;0.0;1175.0
8.3;3037.9;223.4;47.0;0.0;1175.0
9.4;3041.2;946.7;11.7;0.0;1175.0
9.4;3076.5;571.7;30.2;0.0;1175.0
8.4;3161.8;395.2;43.1;0.0;1175.0
8.4;3149.9;763.0;18.8;0.0;1175.0
8.4;3161.4;648.3;14.6;0.0;1175.0
8.3;3210.3;517.4;35.9;0.0;1175.0
8.3;3253.1;363.3;36.6;0.0;1175.0
8.3;3268.5;346.3;24.9;2.0;1175.0
5.5;3295.5;5.5;26.4;1.0;1175.0
4.8;3316.8;4.3;30.4;1.0;1175.0
8.4;3362.5;4.2;41.1;1.0;1175.0
8.3;3381.9;2.5;26.9;1.0;1175.0
8.3;3404.9;2.6;27.5;1.0;1175.0
8.3;3444.9;2.4;28.4;1.0;1175.0
2.1;3463.6;1.5;26.5;0.0;1175.0
0.0;3474.5;2.3;21.5;0.0;1175.0
4.7;3519.2;1.7;29.9;0.0;1175.0
8.4;3577.8;2.5;51.1;1.0;1175.0
0.0;3590.7;3.3;34.1;1.0;1175.0
6.0;3626.8;3.2;42.4;1.0;1175.0
6.0;3647.7;3.8;28.4;1.0;1175.0
1.2;3676.2;3.2;24.5;0.0;1175.0
4.8;3697.6;3.8;29.3;1.0;1175.0
3.6;3741.9;3.2;43.5;2.0;1175.0
6.0;3779.1;3.0;27.8;1.0;1175.0
7.1;3799.0;3.8;37.7;1.0;1175.0
7.2;3829.4;3.2;29.7;1.0;1175.0
8.3;3866.7;3.0;34.4;1.0;1175.0
8.3;3870.4;9.2;13.9;0.0;1175.0
9.7;3906.1;8.4;34.6;1.0;1175.0
8.3;3940.3;4.8;40.7;1.0;1175.0
8.3;3979.8;7.7;39.3;1.0;1175.0
9.4;4017.4;7.9;38.1;1.0;1175.0
8.3;4029.7;13.1;14.6;0.0;1175.0
8.4;4056.2;8.0;37.8;2.0;1175.0
9.5;4080.7;13.2;27.6;0.0;1175.0
8.3;4104.2;11.1;26.1;1.0;1175.0
8.4;4142.3;11.2;30.8;1.0;1175.0
8.4;4169.6;8.4;37.8;1.0;1175.0
8.4;4188.4;9.5;23.3;1.0;1175.0
9.4;4241.9;10.2;34.6;1.0;1175.0
8.3;4249.1;7.2;33.4;1.0;1175.0
8.3;4274.4;10.9;26.4;1.0;1175.0
8.3;4312.9;7.1;36.0;1.0;1175.0
8.3;4353.1;11.7;33.1;1.0;1175.0
8.3;4358.6;10.7;24.9;0.0;1175.0
