7.2;29.4;9.4;0.6;1.0;1165.0
8.4;36.0;46.8;3.6;0.0;1165.0
8.4;50.2;26.7;2.1;1.0;1165.0
8.3;63.1;22.1;1.7;0.0;1165.0
8.4;75.2;23.4;1.8;0.0;1165.0
8.3;87.3;21.7;1.7;0.0;1165.0
8.3;100.0;21.2;1.7;0.0;1165.0
8.3;113.3;24.7;1.9;0.0;1165.0
8.3;123.2;16.3;1.3;0.0;1165.0
8.4;138.2;27.7;2.2;0.0;1165.0
8.3;146.5;16.2;1.3;0.0;1165.0
8.3;161.4;26.4;2.1;0.0;1165.0
8.3;170.1;17.2;1.3;0.0;1165.0
8.3;182.9;21.8;1.7;0.0;1165.0
8.4;197.6;28.1;2.2;0.0;1165.0
8.3;205.7;12.4;1.0;1.0;1165.0
8.4;217.1;19.0;1.5;1.0;1165.0
8.4;232.0;25.1;2.0;1.0;1165.0
8.4;234.9;52.5;4.1;0.0;1165.0
8.3;235.2;64.2;5.0;0.0;1165.0
8.3;235.5;55.9;4.4;1.0;1165.0
8.4;235.9;59.8;4.7;1.0;1165.0
8.3;236.2;57.5;4.5;1.0;1165.0
8.4;236.4;58.8;4.6;0.0;1165.0
8.3;236.9;58.0;4.5;0.0;1165.0
8.3;237.1;58.6;4.6;1.0;1165.0
8.4;251.3;29.8;2.3;1.0;1165.0
8.3;253.2;4.0;0.3;1.0;1165.0
8.4;267.7;27.6;2.2;0.0;1165.0
8.3;282.5;26.4;2.1;0.0;1165.0
8.3;297.1;29.8;2.3;1.0;1165.0
8.4;307.7;20.9;1.6;1.0;1165.0
8.3;310.2;6.0;0.5;0.0;1165.0
8.4;325.0;30.7;2.4;0.0;1165.0
8.3;339.7;27.5;2.1;0.0;1165.0
8.4;354.4;28.5;2.2;1.0;1165.0
8.4;369.3;28.4;2.2;1.0;1165.0
8.4;376.7;14.4;1.1;0.0;1165.0
8.4;378.5;4.1;0.3;0.0;1165.0
8.4;393.9;31.6;2.5;0.0;1165.0
8.4;408.0;29.9;2.3;1.0;1165.0
8.3;422.9;28.1;2.2;1.0;1165.0
8.3;437.8;26.7;2.1;0.0;1165.0
8.3;452.5;28.9;2.3;0.0;1165.0
8.3;462.9;22.4;1.8;0.0;1165.0
8.4;462.9;0.0;0.0;1.0;1165.0
8.3;471.4;16.6;1.3;0.0;1165.0
8.3;486.3;31.2;2.4;0.0;1165.0
8.3;500.9;28.1;2.2;0.0;1165.0
8.3;515.8;28.3;2.2;0.0;1165.0
8.4;530.8;28.5;2.2;0.0;1165.0
8.3;545.5;31.4;2.5;0.0;1165.0
8.4;560.4;30.4;2.4;0.0;1165.0
8.4;569.9;17.9;1.4;0.0;1165.0
8.4;569.9;0.0;0.0;1.0;1165.0
8.4;572.9;5.1;0.4;0.0;1165.0
8.3;587.6;27.5;2.1;0.0;1165.0
8.4;602.5;29.3;2.3;0.0;1165.0
8.3;617.2;28.5;2.2;0.0;1165.0
8.4;632.1;31.8;2.5;1.0;1165.0
8.3;647.0;28.3;2.2;0.0;1165.0
8.3;661.7;28.5;2.2;0.0;1165.0
8.4;676.6;28.5;2.2;0.0;1165.0
8.3;691.5;29.7;2.3;0.0;1165.0
8.3;702.7;21.5;1.7;0.0;1165.0
8.3;702.7;0.0;0.0;0.0;1165.0
8.3;702.7;0.0;0.0;0.0;1165.0
8.4;710.9;16.1;1.3;0.0;1165.0
8.3;725.6;28.0;2.2;0.0;1165.0
8.4;740.5;28.3;2.2;0.0;1165.0
8.3;755.2;29.3;2.3;0.0;1165.0
8.4;770.1;28.2;2.2;0.0;1165.0
8.4;784.7;29.5;2.3;0.0;1165.0
8.3;799.2;26.8;2.1;1.0;1165.0
8.4;814.2;27.4;2.1;0.0;1165.0
8.3;829.2;29.0;2.3;0.0;1165.0
8.4;843.9;30.1;2.4;0.0;1165.0
8.3;858.9;29.0;2.3;0.0;1165.0
8.3;867.5;16.4;1.3;1.0;1165.0
8.3;867.5;0.0;0.0;0.0;1165.0
8.3;867.5;0.0;0.0;0.0;1165.0
8.4;868.1;1.0;0.1;0.0;1165.0
8.3;883.0;28.0;2.2;1.0;1165.0
8.3;897.8;29.8;2.3;1.0;1165.0
8.4;912.6;27.8;2.2;0.0;1165.0
8.3;927.6;29.1;2.3;0.0;1165.0
8.4;942.5;29.9;2.3;0.0;1165.0
8.3;957.8;31.6;2.5;1.0;1165.0
8.4;972.3;27.8;2.2;1.0;1165.0
8.4;987.0;28.0;2.2;0.0;1165.0
8.4;1002.1;28.6;2.2;0.0;1165.0
8.4;1017.0;30.4;2.4;1.0;1165.0
8.3;1031.8;27.9;2.2;1.0;1165.0
8.4;1046.7;28.5;2.2;1.0;1165.0
8.3;1062.0;30.1;2.4;0.0;1165.0
8.4;1073.9;24.1;1.9;0.0;1165.0
8.3;1073.9;0.0;0.0;1.0;1165.0
8.3;1073.9;0.0;0.0;1.0;1165.0
8.4;1073.9;0.0;0.0;1.0;1165.0
8.3;1073.9;0.0;0.0;0.0;1165.0
8.3;1089.0;32.9;2.6;0.0;1165.0
8.3;1103.7;30.3;2.4;1.0;1165.0
8.3;1118.3;28.6;2.2;1.0;1165.0
8.4;1133.2;28.4;2.2;1.0;1165.0
8.3;1148.2;29.5;2.3;0.0;1165.0
8.4;1162.7;32.5;2.5;0.0;1165.0
8.3;1177.4;26.6;2.1;1.0;1165.0
8.4;1192.5;27.7;2.2;1.0;1165.0
8.4;1207.1;28.3;2.2;0.0;1165.0
8.3;1221.9;29.4;2.3;0.0;1165.0
8.4;1236.0;29.6;2.3;0.0;1165.0
8.4;1251.4;29.8;2.3;1.0;1165.0
8.4;1265.8;27.6;2.2;1.0;1165.0
8.3;1280.4;29.2;2.3;0.0;1165.0
8.3;1295.3;30.6;2.4;0.0;1165.0
8.3;1310.3;29.7;2.3;0.0;1165.0
8.3;1325.0;28.5;2.2;1.0;1165.0
8.4;1330.0;9.2;0.7;0.0;1165.0
8.3;1330.0;0.0;0.0;0.0;1165.0
8.3;1330.0;0.0;0.0;0.0;1165.0
8.4;1330.0;0.0;0.0;0.0;1165.0
8.3;1330.0;0.0;0.0;0.0;1165.0
8.4;1336.3;13.0;1.0;0.0;1165.0
8.3;1351.2;30.2;2.4;0.0;1165.0
8.4;1365.7;29.2;2.3;0.0;1165.0
8.4;1380.8;31.3;2.4;0.0;1165.0
8.4;1395.7;29.6;2.3;0.0;1165.0
8.4;1410.4;28.3;2.2;0.0;1165.0
8.3;1425.4;29.8;2.3;0.0;1165.0
8.4;1440.3;30.9;2.4;0.0;1165.0
8.3;1454.9;28.8;2.2;1.0;1165.0
8.3;1469.6;27.8;2.2;0.0;1165.0
8.3;1484.2;29.6;2.3;0.0;1165.0
8.3;1499.1;29.5;2.3;0.0;1165.0
8.4;1514.1;30.5;2.4;0.0;1165.0
8.3;1528.8;30.3;2.4;0.0;1165.0
8.3;1543.7;30.0;2.3;0.0;1165.0
8.3;1558.7;30.0;2.3;0.0;1165.0
8.3;1573.5;27.2;2.1;0.0;1165.0
8.3;1588.9;32.3;2.5;1.0;1165.0
8.3;1603.2;30.1;2.4;0.0;1165.0
8.4;1617.9;29.3;2.3;0.0;1165.0
8.4;1632.8;28.9;2.3;0.0;1165.0
8.4;1647.7;28.0;2.2;0.0;1165.0
8.4;1649.3;3.6;0.3;5.0;1165.0
8.3;1649.3;0.0;0.0;19.0;1175.0
8.4;1649.3;0.0;0.0;17.0;1183.0
8.4;1649.3;0.0;0.0;12.0;1194.0
8.4;1649.3;0.0;0.0;2.0;1194.0
8.3;1649.3;0.0;0.0;0.0;1194.0
8.3;1651.9;5.3;0.4;0.0;1203.0
8.3;1667.2;29.4;2.3;17.0;1194.0
8.3;1681.2;30.0;2.3;8.0;1194.0
8.4;1696.0;27.6;2.2;4.0;1194.0
8.3;1711.0;29.3;2.3;9.0;1203.0
8.3;1725.3;28.7;2.2;2.0;1185.0
8.4;1740.0;29.1;2.3;9.0;1176.0
8.3;1754.0;28.9;2.3;3.0;1186.0
8.4;1768.2;26.8;2.1;4.0;1196.0
8.3;1782.9;28.6;2.2;0.0;1196.0
8.4;1797.5;31.3;2.4;0.0;1196.0
8.4;1812.4;27.5;2.1;0.0;1196.0
8.4;1827.3;30.3;2.4;0.0;1196.0
8.4;1841.9;29.9;2.3;0.0;1204.0
8.3;1856.7;29.9;2.3;6.0;1196.0
8.4;1871.4;29.9;2.3;3.0;1187.0
8.3;1885.9;30.7;2.4;4.0;1187.0
8.3;1900.8;29.2;2.3;2.0;1192.0
8.3;1915.8;28.4;2.2;0.0;1192.0
8.3;1929.8;25.5;2.0;0.0;1205.0
8.4;1944.6;27.5;2.1;0.0;1205.0
8.3;1959.3;28.1;2.2;0.0;1205.0
8.3;1974.1;26.9;2.1;0.0;1205.0
8.3;1989.5;30.4;2.4;0.0;1205.0
8.3;2003.7;25.9;2.0;0.0;1205.0
8.3;2019.1;30.4;2.4;0.0;1199.0
8.3;2033.3;29.3;2.3;0.0;1199.0
8.4;2046.3;26.8;2.1;0.0;1199.0
8.4;2046.3;0.0;0.0;0.0;1199.0
8.4;2046.3;0.0;0.0;1.0;1199.0
8.4;2046.3;0.0;0.0;0.0;1199.0
8.3;2046.3;0.0;0.0;0.0;1199.0
8.4;2046.3;0.0;0.0;0.0;1199.0
8.3;2046.3;0.0;0.0;0.0;1199.0
8.4;2046.3;0.0;0.0;0.0;1199.0
8.3;2046.3;0.0;0.0;0.0;1199.0
8.3;2059.6;26.5;2.1;0.0;1199.0
8.3;2074.3;28.1;2.2;0.0;1199.0
8.3;2089.1;28.2;2.2;0.0;1199.0
8.3;2104.4;28.6;2.2;0.0;1199.0
8.3;2119.0;29.3;2.3;0.0;1199.0
8.3;2133.8;27.9;2.2;0.0;1199.0
8.4;2148.6;27.6;2.2;0.0;1199.0
8.3;2163.2;28.5;2.2;0.0;1199.0
8.4;2178.2;30.6;2.4;0.0;1199.0
8.3;2193.0;30.0;2.3;0.0;1199.0
8.4;2207.7;26.5;2.1;0.0;1199.0
8.4;2222.6;25.3;2.0;0.0;1199.0
8.3;2237.3;29.1;2.3;0.0;1199.0
8.4;2252.1;29.6;2.3;0.0;1199.0
8.3;2266.9;28.8;2.2;0.0;1199.0
8.4;2281.9;26.5;2.1;0.0;1199.0
8.3;2296.5;26.0;2.0;0.0;1199.0
8.3;2311.2;27.4;2.1;0.0;1199.0
8.3;2326.0;27.7;2.2;0.0;1199.0
8.3;2340.9;29.5;2.3;0.0;1199.0
8.4;2355.5;27.9;2.2;0.0;1199.0
8.3;2370.3;27.9;2.2;0.0;1199.0
8.3;2385.0;28.9;2.3;0.0;1199.0
8.4;2399.6;28.9;2.3;0.0;1199.0
8.3;2414.5;28.2;2.2;0.0;1199.0
8.4;2429.4;28.2;2.2;0.0;1199.0
8.3;2444.1;27.7;2.2;0.0;1199.0
8.4;2459.0;28.6;2.2;0.0;1199.0
8.4;2473.5;29.4;2.3;0.0;1199.0
8.4;2488.3;28.9;2.3;0.0;1199.0
8.4;2503.2;27.5;2.1;0.0;1199.0
8.3;2517.9;28.3;2.2;0.0;1199.0
8.4;2532.7;28.9;2.3;0.0;1199.0
8.3;2540.3;16.1;1.3;0.0;1199.0
8.4;2540.3;0.0;0.0;0.0;1199.0
8.3;2540.3;0.0;0.0;0.0;1199.0
8.3;2540.3;0.0;0.0;0.0;1199.0
8.4;2540.3;0.0;0.0;0.0;1199.0
8.3;2540.3;0.0;0.0;0.0;1199.0
8.3;2540.3;0.0;0.0;0.0;1199.0
8.3;2540.3;0.0;0.0;0.0;1199.0
8.3;2540.3;0.0;0.0;0.0;1199.0
8.4;2540.3;0.0;0.0;0.0;1199.0
8.3;2543.9;6.1;0.5;0.0;1199.0
8.4;2555.1;571.5;1.4;0.0;1199.0
8.3;2570.1;892.0;4.6;0.0;1199.0
8.4;2627.8;527.3;32.7;0.0;1199.0
8.3;2649.8;543.4;27.3;0.0;1199.0
8.4;2663.0;958.8;2.0;0.0;1199.0
8.4;2707.3;816.2;26.4;0.0;1199.0
8.3;2762.4;3.8;46.3;0.0;1194.0
8.4;2774.1;675.7;30.7;0.0;1194.0
8.3;2796.5;659.0;22.9;0.0;1194.0
7.2;2807.4;950.5;0.0;0.0;1194.0
8.3;2883.8;42.8;58.5;0.0;1194.0
9.6;2893.1;379.8;26.3;0.0;1194.0
8.4;2919.6;659.8;19.7;0.0;1194.0
8.3;2974.4;442.1;34.9;0.0;1194.0
8.3;2973.0;442.8;24.9;0.0;1194.0
9.5;3028.8;254.4;42.7;0.0;1194.0
8.3;3031.9;768.9;12.6;0.0;1194.0
8.4;3077.2;350.4;37.6;0.0;1194.0
8.3;3113.1;464.2;35.7;0.0;1194.0
8.4;3142.2;216.2;26.8;0.0;1194.0
8.4;3162.9;578.9;25.5;0.0;1194.0
8.3;3203.4;855.8;17.0;0.0;1194.0
8.4;3230.8;328.5;32.5;0.0;1194.0
8.3;3257.6;201.5;43.7;0.0;1194.0
8.4;3291.7;765.2;23.6;0.0;1194.0
8.3;3308.9;720.5;16.7;0.0;1194.0
8.4;3353.6;369.2;35.3;0.0;1194.0
8.3;3376.0;334.6;22.4;5.0;1193.0
6.0;3409.1;3.5;39.4;4.0;1193.0
5.9;3424.3;2.0;16.1;4.0;1193.0
4.2;3454.8;1.8;31.6;4.0;1193.0
2.4;3480.1;2.2;28.7;2.0;1193.0
8.3;3537.2;1.0;19.5;2.0;1193.0
8.4;3579.8;2.0;41.5;2.0;1193.0
8.4;3595.4;3.5;47.4;5.0;1193.0
8.3;3605.8;3.0;27.8;1.0;1193.0
8.4;3632.0;3.3;32.0;4.0;1193.0
5.9;3664.0;4.5;34.1;4.0;1193.0
8.3;3697.3;2.7;27.6;6.0;1193.0
8.4;3742.4;2.5;31.2;5.0;1193.0
4.8;3757.4;3.5;33.4;3.0;1193.0
7.2;3783.1;3.5;28.5;4.0;1193.0
3.1;3803.6;2.8;30.1;4.0;1193.0
6.2;3832.4;4.0;29.1;6.0;1193.0
0.0;3865.4;2.2;36.0;3.0;1193.0
8.4;3882.6;11.4;14.8;0.0;1193.0
8.3;3941.6;6.2;51.5;2.0;1193.0
8.3;3939.3;8.9;17.9;3.0;1193.0
8.4;3985.9;6.2;39.2;3.0;1193.0
8.3;4011.5;9.3;38.2;4.0;1193.0
8.3;4031.8;14.5;19.6;5.0;1193.0
8.3;4062.9;10.0;39.4;4.0;1193.0
8.3;4090.6;11.7;25.3;3.0;1193.0
8.4;4107.9;11.9;24.4;5.0;1193.0
8.3;4132.9;9.4;19.0;3.0;1193.0
8.4;4186.8;8.6;37.3;3.0;1193.0
8.3;4189.2;9.8;33.3;5.0;1193.0
9.4;4228.9;10.1;34.6;3.0;1193.0
8.4;4255.1;4.8;33.2;6.0;1212.0
8.3;4279.0;12.0;25.9;5.0;1212.0
8.4;4312.7;6.8;32.6;4.0;1189.0
8.3;4329.3;10.5;24.4;7.0;1189.0
8.3;4357.0;8.9;34.9;3.0;1189.0
8.3;4384.3;11.4;29.5;4.0;1189.0
8.4;4429.6;8.2;34.8;4.0;1189.0
8.3;4436.7;13.6;18.9;3.0;1189.0
8.3;4468.5;7.4;38.2;5.0;1189.0
8.3;4489.2;12.5;23.5;4.0;1189.0
8.3;4511.8;11.4;24.1;3.0;1189.0
8.4;4542.2;7.0;33.5;3.0;1189.0
