0.0;10510336;0
0.0;10510336;0
0.0;10510336;0
0.0;10510336;0
0.0;11182080;0
100.8;26697728;0
99.7;26714112;0
99.7;26763264;0
100.3;26787840;0
99.7;26808320;0
199.5;43130880;0
200.7;43290624;0
200.7;43315200;0
199.5;43397120;0
201.6;43433984;0
255.7;59609088;0
172.0;43515904;0
199.5;43524096;0
201.6;43528192;0
198.9;43544576;0
286.7;59609088;0
200.7;59662336;0
199.5;59691008;0
199.5;59695104;0
200.7;59686912;0
268.8;91963392;0
198.9;91963392;0
200.7;91963392;0
182.8;75927552;0
166.2;59957248;0
249.3;60067840;0
200.7;60108800;0
182.8;60125184;0
199.5;60141568;0
184.8;60141568;0
266.0;92200960;0
200.7;92209152;0
199.5;92237824;0
201.6;92237824;0
199.5;92237824;0
199.5;92262400;0
201.6;92266496;0
198.9;79880192;0
272.4;83267584;0
198.9;92401664;0
201.6;92635136;0
199.5;92635136;0
199.5;92667904;0
200.7;92659712;0
241.5;63643648;206
229.4;83525632;24
198.9;83415040;0
200.7;83619840;0
199.5;83644416;0
199.5;83542016;0
201.6;83550208;0
198.9;83582976;0
200.7;83644416;0
199.5;83656704;0
168.0;67489792;0
315.8;104894464;0
299.2;142413824;0
302.4;165113856;0
284.1;185315328;0
301.0;205496320;0
299.2;221720576;0
302.4;240607232;0
299.2;259952640;0
301.0;279044096;0
301.0;298876928;0
299.2;314552320;0
282.6;330661888;0
349.1;332591104;0
301.0;369221632;0
299.2;387411968;0
299.2;405086208;0
252.0;407183360;0
344.0;424775680;0
299.2;456998912;0
312.5;461303808;141
349.1;461369344;547
329.7;461369344;646
312.5;461369344;557
397.7;461373440;833
287.5;436764672;91
329.7;462606336;0
299.2;462606336;0
299.2;462606336;0
302.4;462606336;0
299.2;462606336;0
301.0;462606336;0
298.3;462606336;0
301.0;462606336;0
299.2;462606336;0
299.2;462606336;0
302.4;462606336;0
298.3;462606336;0
216.1;430534656;0
340.9;437891072;0
315.4;462643200;0
299.2;462643200;0
299.2;462643200;0
302.4;462643200;0
299.2;462643200;0
301.0;462643200;0
298.3;462643200;0
301.0;462643200;0
299.2;462643200;0
299.2;462643200;0
268.8;446607360;0
382.3;462671872;0
299.2;462671872;0
298.3;462671872;0
301.0;462671872;0
301.0;462671872;0
299.2;462671872;0
268.8;462675968;0
329.7;439250944;0
298.3;453345280;0
301.0;453345280;0
298.3;453345280;0
300.0;453345280;0
301.0;453345280;0
286.7;453345280;0
269.9;437313536;0
329.7;462499840;0
372.7;521646080;0
352.8;550768640;0
398.9;570982400;0
398.9;589778944;0
401.4;620748800;0
372.7;645500928;0
397.7;670384128;0
398.9;687017984;0
403.2;711987200;0
401.4;739262464;0
369.3;761180160;0
387.0;768999424;0
272.4;779952128;0
372.7;806105088;0
372.7;828133376;0
401.4;828153856;0
401.4;828153856;0
397.7;828157952;0
398.9;828157952;0
387.0;828157952;0
397.7;828157952;0
397.7;828157952;0
401.4;828157952;0
386.4;828157952;0
365.7;829227008;0
398.9;829231104;0
401.4;829231104;0
401.4;829231104;0
383.5;829231104;0
398.9;829231104;0
332.4;829231104;0
382.3;829263872;0
352.8;813232128;0
301.0;829267968;0
315.8;829267968;0
398.9;829267968;0
401.4;829267968;0
401.4;829267968;0
397.7;829267968;0
383.5;829267968;0
365.7;813232128;0
302.4;813232128;0
299.2;813232128;0
355.1;813846528;0
397.7;829304832;0
401.4;829304832;0
397.7;829304832;0
383.5;829304832;0
387.0;829304832;0
401.4;829304832;0
401.4;829304832;0
400.0;829304832;0
387.0;829304832;0
398.9;829304832;0
401.4;819965952;0
401.4;819965952;0
387.0;819965952;0
386.4;819965952;0
387.0;819965952;0
397.7;819965952;0
383.5;819965952;0
362.5;812478464;0
372.7;857890816;0
401.4;880029696;0
387.5;900456448;0
375.0;914661376;0
387.0;930426880;0
401.4;944992256;0
358.4;964349952;0
387.5;984543232;0
337.5;1004539904;0
362.5;1022435328;0
400.0;1043972096;0
398.9;1035411456;0
375.0;1049075712;0
375.0;1091665920;0
397.7;1106161664;0
398.9;1120387072;0
401.4;1139666944;0
400.0;1157562368;0
369.3;1169027072;0
458.7;1184559104;0
400.0;1198637056;0
398.9;1195089920;0
387.0;1195089920;0
400.0;1195159552;0
401.4;1180221440;0
400.0;1176358912;0
369.3;1196314624;0
401.4;1196318720;0
387.0;1196318720;0
400.0;1196318720;0
401.4;1196318720;0
372.7;1196318720;0
400.0;1196318720;0
401.4;1196318720;0
397.7;1196318720;0
362.5;1192849408;0
400.0;1196318720;0
400.0;1196318720;0
400.0;1196318720;0
372.7;1196318720;0
401.4;1180282880;0
375.0;1196314624;0
401.4;1196314624;0
401.4;1196314624;0
325.0;1196314624;0
344.0;1196314624;0
387.0;1186996224;0
397.7;1186996224;0
398.9;1186996224;0
387.5;1186996224;0
387.5;1186996224;0
401.4;1170964480;0
387.5;1203032064;0
400.0;1231368192;0
350.0;1251057664;0
397.7;1265668096;0
312.5;1285767168;0
375.0;1302147072;0
372.7;1309540352;0
375.0;1329319936;0
401.4;1343844352;0
375.0;1358761984;0
312.5;1381081088;0
369.3;1402413056;0
387.5;1414365184;0
375.0;1429721088;0
375.0;1444933632;0
323.7;1462239232;0
337.5;1482559488;0
400.0;1495334912;0
300.0;1507414016;0
375.0;1524514816;0
400.0;1545687040;0
362.5;1558421504;0
362.5;1569435648;0
400.0;1561550848;0
358.4;1561554944;0
387.5;1561554944;0
275.0;1561554944;0
325.0;1561620480;0
362.5;1561620480;0
400.0;1561620480;0
375.0;1561620480;0
375.0;1561620480;0
397.7;1561649152;0
375.0;1561649152;0
401.8;1545613312;0
397.7;1562898432;0
340.9;1562898432;0
387.5;1562898432;0
400.0;1562898432;0
372.7;1562898432;0
375.0;1562898432;0
401.4;1562898432;0
400.0;1562898432;0
397.7;1562898432;0
387.5;1546866688;0
340.9;1562902528;0
375.0;1562906624;0
387.9;1562906624;0
375.0;1562906624;0
362.5;1562906624;0
400.0;1562906624;0
400.0;1562906624;0
375.0;1562906624;0
400.0;1562906624;0
397.7;1562906624;0
397.7;1562947584;0
375.0;1562947584;0
400.0;1562947584;0
400.0;1562939392;0
387.5;1553604608;0
