0.0;10514432;0
0.0;10514432;0
0.0;10514432;0
0.0;10514432;0
14.3;12308480;0
99.7;26714112;0
100.8;26726400;0
99.4;26763264;0
100.3;26783744;0
99.7;26804224;0
216.1;50958336;0
198.9;43204608;0
200.7;43294720;0
199.5;43331584;0
199.5;43278336;0
243.7;59379712;0
198.9;59428864;0
199.5;59437056;0
199.5;59453440;0
200.7;59518976;0
198.9;75603968;0
151.2;59543552;0
199.5;59559936;0
200.7;59670528;0
198.9;59695104;0
243.7;91721728;0
199.5;91709440;0
199.5;91832320;0
186.4;75771904;0
199.5;59834368;0
299.2;92082176;0
200.7;92082176;0
200.7;92082176;0
182.8;92082176;0
201.6;92082176;0
199.5;92082176;0
200.7;92082176;0
198.9;92082176;0
201.6;92082176;0
199.5;92082176;0
172.0;66428928;0
235.2;92221440;0
198.9;92221440;0
200.7;92221440;0
199.5;92233728;0
201.6;92233728;0
149.6;76201984;0
229.4;71917568;0
215.0;92426240;0
198.9;92426240;0
199.5;92438528;0
199.5;92450816;0
200.7;92450816;0
198.9;92467200;0
201.6;92467200;0
199.5;92471296;0
200.7;92504064;0
184.7;61194240;230
243.7;83177472;0
200.7;83177472;0
199.5;83197952;0
201.6;83210240;0
199.5;83210240;0
200.7;83218432;0
199.5;83292160;0
201.6;83324928;0
166.2;67076096;0
282.6;83099648;0
332.4;149659648;0
301.0;177827840;0
298.3;201515008;0
301.0;219078656;0
299.2;244703232;0
302.4;270315520;0
299.2;293855232;0
329.7;286547968;0
315.4;322232320;0
298.3;347406336;0
301.0;372432896;0
299.2;396443648;0
301.0;420073472;0
286.7;440233984;0
298.3;462344192;0
358.4;461434880;445
401.4;461434880;696
401.4;461504512;612
383.5;461504512;727
299.2;429506560;335
315.8;462467072;0
299.2;462462976;0
286.7;462491648;0
284.1;462491648;0
329.7;435953664;0
344.0;462499840;0
298.3;462499840;0
299.2;462499840;0
299.2;462499840;0
302.4;462499840;0
299.2;462499840;0
301.0;462499840;0
301.0;462499840;0
298.3;462499840;0
299.2;462499840;0
299.2;462495744;0
302.4;462495744;0
299.2;462491648;0
301.0;462491648;0
301.0;462491648;0
241.5;435142656;0
349.1;438657024;0
315.8;462491648;0
299.2;462491648;0
302.4;462491648;0
298.3;462487552;0
287.5;462487552;0
282.6;462487552;0
302.4;462487552;0
258.0;462487552;0
249.3;462487552;0
299.2;462483456;0
258.0;462483456;0
282.6;462483456;0
298.3;462483456;0
285.6;462483456;0
299.2;462483456;0
282.6;462483456;0
302.4;462483456;0
216.1;446447616;0
282.6;446451712;0
332.4;453152768;0
299.2;453152768;0
272.4;453152768;0
298.3;453152768;0
301.0;453152768;0
301.0;453152768;0
298.3;453152768;0
282.6;453152768;0
299.2;453152768;0
272.4;453152768;0
301.0;453152768;0
298.3;453152768;0
300.0;459718656;0
355.1;509399040;0
372.7;535859200;0
387.0;560435200;0
382.3;564068352;0
326.7;576114688;0
369.3;620228608;0
372.7;641359872;0
401.4;664350720;0
312.5;678875136;0
383.5;699019264;0
375.0;724545536;0
397.7;749965312;0
387.0;772202496;0
301.0;771915776;0
386.4;811663360;0
401.4;831090688;0
398.9;828608512;0
337.5;828608512;0
329.7;828608512;0
369.6;828608512;0
397.7;828608512;0
397.7;828608512;0
401.4;828608512;0
262.5;829673472;0
400.0;829673472;0
358.4;829673472;0
397.7;829673472;0
350.0;829673472;0
382.3;829673472;0
401.4;829673472;0
401.4;829673472;0
344.0;806645760;0
387.0;829726720;0
397.7;829726720;0
400.0;829726720;0
401.4;829726720;0
387.0;829726720;0
398.9;829726720;0
315.8;813690880;0
299.2;813690880;0
302.4;813690880;0
299.2;813690880;0
282.6;813690880;0
302.4;813690880;0
299.2;813690880;0
299.2;805806080;0
387.0;829730816;0
398.9;829730816;0
398.9;829730816;0
403.2;829730816;0
387.0;829730816;0
401.4;829730816;0
397.7;829730816;0
400.0;829730816;0
401.4;829730816;0
325.0;829730816;0
325.0;829726720;0
401.4;829726720;0
400.0;829726720;0
400.0;829726720;0
365.7;829726720;0
401.4;829726720;0
403.2;829726720;0
401.4;813694976;0
355.1;804884480;0
369.3;864129024;0
398.9;880545792;0
401.4;898379776;0
400.0;923590656;0
362.5;940019712;0
372.7;960946176;0
401.4;986296320;0
401.4;1008357376;0
387.0;1032245248;0
400.0;1049296896;0
400.0;1066053632;0
401.4;1080311808;0
387.9;1103826944;0
387.0;1093529600;0
358.4;1136910336;0
387.0;1151844352;0
397.7;1167433728;0
362.5;1183432704;0
400.0;1198997504;0
401.4;1194676224;0
397.7;1194676224;0
387.5;1194741760;0
401.4;1194815488;0
387.0;1194815488;0
387.0;1194950656;0
397.7;1194950656;0
325.0;1194950656;0
326.7;1194950656;0
397.7;1194950656;0
400.0;1194950656;0
401.4;1178918912;0
400.0;1196027904;0
386.4;1179992064;0
400.0;1188855808;0
401.4;1196097536;0
400.0;1196097536;0
375.0;1196097536;0
400.0;1196097536;0
387.0;1196097536;0
400.0;1196097536;0
383.5;1196097536;0
400.0;1196097536;0
400.0;1196097536;0
401.4;1180061696;0
355.1;1180061696;0
397.7;1171030016;0
397.7;1196101632;0
400.0;1196101632;0
375.0;1196101632;0
400.0;1196101632;0
400.0;1196101632;0
400.0;1196101632;0
375.0;1196101632;0
403.2;1196048384;0
401.4;1196085248;0
397.7;1196085248;0
397.7;1196085248;0
375.0;1196085248;0
368.3;1196085248;0
400.0;1196085248;0
401.4;1186742272;0
325.0;1186742272;0
337.5;1202778112;0
375.0;1228808192;0
397.7;1253453824;0
397.7;1268768768;0
400.0;1290117120;0
355.1;1301737472;0
400.0;1315119104;0
358.4;1331310592;0
387.5;1348861952;0
387.5;1368248320;0
375.0;1381564416;0
401.4;1399468032;0
326.7;1413779456;0
369.3;1427243008;0
387.5;1441628160;0
401.4;1452535808;0
375.0;1458769920;0
379.5;1493721088;0
398.9;1491333120;0
343.5;1503633408;0
344.0;1536647168;0
375.0;1548386304;0
390.6;1569271808;0
387.0;1560850432;0
362.5;1560850432;0
387.0;1560850432;0
400.0;1560850432;0
400.0;1560850432;0
362.5;1560850432;0
350.0;1560850432;0
397.7;1544814592;0
