8.4;28.1;9.1;0.9;1.0;1171.0
8.3;32.1;46.5;3.6;0.0;1171.0
8.3;44.3;22.2;1.7;0.0;1171.0
8.3;56.7;21.8;1.7;0.0;1171.0
8.4;67.6;20.5;1.6;0.0;1171.0
8.3;79.8;22.7;1.8;0.0;1171.0
8.3;91.4;20.1;1.6;0.0;1171.0
8.3;102.4;19.4;1.5;0.0;1171.0
8.3;116.4;24.8;1.9;0.0;1171.0
8.4;125.9;16.2;1.3;0.0;1171.0
8.3;140.4;26.6;2.1;0.0;1171.0
8.4;148.6;16.3;1.3;0.0;1171.0
8.4;163.2;26.5;2.1;0.0;1171.0
8.4;170.1;13.5;1.1;0.0;1185.0
8.4;184.1;23.3;1.8;9.0;1175.0
8.4;198.8;29.0;2.3;2.0;1175.0
8.4;205.8;10.0;0.8;0.0;1175.0
8.3;217.3;19.0;1.5;0.0;1175.0
8.4;231.8;24.5;1.9;0.0;1171.0
8.3;235.0;52.4;4.1;0.0;1171.0
8.3;235.3;59.2;4.6;0.0;1171.0
8.4;235.9;60.2;4.7;0.0;1171.0
8.3;236.0;58.8;4.6;0.0;1171.0
8.3;236.2;57.2;4.5;0.0;1171.0
8.3;236.6;58.9;4.6;0.0;1171.0
8.3;236.8;58.3;4.6;0.0;1171.0
8.4;237.0;60.6;4.7;1.0;1171.0
8.3;250.6;29.2;2.3;0.0;1171.0
8.4;252.4;3.2;0.2;0.0;1171.0
8.4;266.6;27.3;2.1;0.0;1171.0
8.4;280.9;25.5;2.0;0.0;1171.0
8.4;295.1;29.2;2.3;0.0;1171.0
8.3;307.5;24.4;1.9;0.0;1171.0
8.4;307.9;0.9;0.1;0.0;1171.0
8.3;322.3;30.1;2.4;0.0;1171.0
8.4;336.5;27.8;2.2;0.0;1171.0
8.3;350.7;27.0;2.1;0.0;1185.0
8.3;364.8;27.4;2.1;8.0;1175.0
8.4;376.5;22.3;1.7;0.0;1175.0
8.3;376.5;0.0;0.0;0.0;1175.0
8.4;387.8;24.0;1.9;0.0;1175.0
8.3;402.2;29.7;2.3;0.0;1171.0
8.3;416.6;28.2;2.2;0.0;1171.0
8.3;430.9;25.9;2.0;0.0;1171.0
8.3;445.1;27.7;2.2;0.0;1171.0
8.4;459.6;29.3;2.3;0.0;1171.0
8.3;462.7;6.9;0.5;0.0;1171.0
8.4;463.4;1.4;0.1;0.0;1171.0
8.4;477.6;28.9;2.3;0.0;1171.0
8.4;492.1;28.4;2.2;0.0;1171.0
8.4;506.6;28.2;2.2;0.0;1171.0
8.3;520.7;27.6;2.2;0.0;1171.0
8.4;535.2;27.8;2.2;0.0;1171.0
8.3;549.8;30.1;2.4;0.0;1171.0
8.3;564.0;28.9;2.3;0.0;1171.0
8.3;569.7;11.1;0.9;0.0;1171.0
8.3;569.7;0.0;0.0;0.0;1171.0
8.4;575.9;11.1;0.9;0.0;1171.0
8.3;590.2;26.5;2.1;0.0;1171.0
8.3;604.6;28.2;2.2;0.0;1185.0
8.3;619.1;28.5;2.2;7.0;1175.0
8.3;633.2;30.3;2.4;6.0;1175.0
8.4;647.6;27.8;2.2;0.0;1175.0
8.3;661.8;27.1;2.1;0.0;1175.0
8.4;676.3;27.6;2.2;0.0;1171.0
8.4;690.6;28.6;2.2;0.0;1171.0
8.4;702.5;23.0;1.8;0.0;1171.0
8.3;702.5;0.0;0.0;0.0;1171.0
8.3;702.5;0.0;0.0;0.0;1171.0
8.4;709.1;13.1;1.0;0.0;1171.0
8.3;723.6;27.5;2.1;0.0;1171.0
8.4;738.1;28.2;2.2;0.0;1171.0
8.3;752.4;27.8;2.2;0.0;1171.0
8.3;766.8;26.4;2.1;0.0;1171.0
8.4;781.4;30.2;2.4;0.0;1171.0
8.3;795.7;26.6;2.1;0.0;1171.0
8.4;810.2;26.3;2.1;0.0;1171.0
8.3;824.4;27.9;2.2;0.0;1171.0
8.3;838.9;27.7;2.2;0.0;1171.0
8.4;853.4;29.5;2.3;0.0;1171.0
8.3;867.5;26.9;2.1;0.0;1171.0
8.4;867.5;0.0;0.0;0.0;1171.0
8.3;867.5;0.0;0.0;0.0;1185.0
8.4;867.5;0.0;0.0;9.0;1175.0
8.4;876.6;16.7;1.3;3.0;1175.0
8.4;890.6;28.6;2.2;0.0;1175.0
8.4;905.2;28.2;2.2;0.0;1175.0
8.3;919.5;26.6;2.1;0.0;1171.0
8.4;934.0;29.2;2.3;0.0;1171.0
8.3;948.5;28.2;2.2;0.0;1171.0
8.3;962.7;29.1;2.3;0.0;1171.0
8.3;977.0;26.7;2.1;0.0;1171.0
8.3;991.4;27.6;2.2;0.0;1171.0
8.4;1005.6;28.4;2.2;0.0;1171.0
8.3;1020.1;27.8;2.2;0.0;1171.0
8.3;1034.4;27.3;2.1;0.0;1171.0
8.3;1049.0;28.8;2.2;0.0;1171.0
8.3;1063.9;28.5;2.2;0.0;1171.0
8.4;1074.0;20.9;1.6;0.0;1171.0
8.3;1074.0;0.0;0.0;0.0;1171.0
8.4;1074.0;0.0;0.0;0.0;1171.0
8.4;1074.0;0.0;0.0;0.0;1171.0
8.4;1074.9;2.1;0.2;0.0;1171.0
8.4;1089.4;32.3;2.5;0.0;1171.0
8.3;1104.0;29.3;2.3;0.0;1171.0
8.4;1118.1;27.5;2.1;0.0;1171.0
8.3;1132.5;27.5;2.1;8.0;1175.0
8.3;1147.3;29.5;2.3;8.0;1175.0
8.3;1161.0;29.6;2.3;0.0;1175.0
8.3;1175.5;27.3;2.1;0.0;1175.0
8.4;1189.8;27.1;2.1;0.0;1171.0
8.3;1204.3;27.1;2.1;0.0;1171.0
8.3;1218.9;28.2;2.2;0.0;1171.0
8.3;1233.2;30.5;2.4;0.0;1171.0
8.3;1247.7;28.6;2.2;0.0;1171.0
8.4;1262.3;27.5;2.1;0.0;1171.0
8.3;1276.5;27.4;2.1;0.0;1171.0
8.4;1291.1;30.1;2.4;0.0;1171.0
8.3;1305.4;29.3;2.3;0.0;1171.0
8.4;1319.7;27.9;2.2;0.0;1171.0
8.4;1330.1;19.6;1.5;0.0;1171.0
8.3;1330.1;0.0;0.0;0.0;1171.0
8.4;1330.1;0.0;0.0;0.0;1171.0
8.3;1330.1;0.0;0.0;0.0;1171.0
8.4;1330.1;0.0;0.0;0.0;1171.0
8.3;1330.2;0.4;0.0;0.0;1171.0
8.3;1344.6;28.8;2.2;0.0;1171.0
8.3;1359.1;29.0;2.3;0.0;1171.0
8.3;1373.7;30.7;2.4;0.0;1171.0
8.4;1388.0;29.7;2.3;8.0;1175.0
8.3;1402.4;27.4;2.1;9.0;1175.0
8.3;1416.9;27.8;2.2;0.0;1175.0
8.4;1431.4;29.9;2.3;0.0;1175.0
8.3;1445.9;29.4;2.3;0.0;1171.0
8.4;1460.3;28.5;2.2;0.0;1171.0
8.3;1474.8;28.6;2.2;0.0;1171.0
8.4;1489.2;27.2;2.1;0.0;1171.0
8.4;1503.5;29.5;2.3;0.0;1171.0
8.4;1518.1;29.0;2.3;0.0;1171.0
8.4;1532.3;28.5;2.2;0.0;1171.0
8.3;1546.5;29.4;2.3;0.0;1171.0
8.4;1560.8;28.7;2.2;0.0;1171.0
8.3;1574.7;25.7;2.0;0.0;1171.0
8.4;1588.5;28.3;2.2;0.0;1171.0
8.3;1602.5;29.3;2.3;0.0;1171.0
8.3;1616.6;28.8;2.2;0.0;1171.0
8.4;1630.7;26.8;2.1;0.0;1171.0
8.3;1645.0;27.6;2.2;0.0;1171.0
8.3;1649.5;9.2;0.7;0.0;1171.0
8.3;1649.5;0.0;0.0;0.0;1171.0
8.3;1649.5;0.0;0.0;0.0;1171.0
8.4;1649.5;0.0;0.0;0.0;1171.0
8.3;1649.5;0.0;0.0;8.0;1175.0
8.4;1649.5;0.0;0.0;4.0;1175.0
8.3;1649.5;0.0;0.0;0.0;1175.0
8.3;1663.9;28.4;2.2;0.0;1175.0
8.4;1677.9;27.8;2.2;0.0;1171.0
8.3;1692.2;27.4;2.1;0.0;1171.0
8.4;1706.3;27.1;2.1;0.0;1171.0
8.4;1720.9;29.4;2.3;0.0;1171.0
8.4;1734.8;27.4;2.1;0.0;1171.0
8.3;1748.6;28.6;2.2;0.0;1171.0
8.3;1762.8;28.1;2.2;0.0;1171.0
8.3;1776.9;27.8;2.2;0.0;1171.0
8.3;1791.4;28.3;2.2;0.0;1171.0
8.4;1805.8;29.0;2.3;0.0;1171.0
8.3;1820.0;28.6;2.2;0.0;1171.0
8.3;1834.7;28.7;2.2;0.0;1171.0
8.4;1849.4;30.3;2.4;0.0;1171.0
8.3;1863.7;29.4;2.3;0.0;1171.0
8.4;1878.1;29.4;2.3;0.0;1171.0
8.3;1892.6;30.1;2.4;0.0;1171.0
8.4;1907.0;27.6;2.2;0.0;1171.0
8.4;1921.6;27.0;2.1;0.0;1171.0
8.4;1935.8;26.3;2.1;0.0;1171.0
8.4;1950.8;29.3;2.3;9.0;1175.0
8.3;1964.8;25.4;2.0;8.0;1175.0
8.4;1978.8;25.6;2.0;0.0;1175.0
8.3;1993.3;29.1;2.3;0.0;1175.0
8.3;2007.6;25.8;2.0;0.0;1171.0
8.3;2022.1;28.7;2.2;0.0;1171.0
8.3;2036.5;29.7;2.3;0.0;1171.0
8.4;2046.8;21.3;1.7;0.0;1171.0
8.3;2046.8;0.0;0.0;0.0;1171.0
8.3;2046.8;0.0;0.0;0.0;1171.0
8.3;2046.8;0.0;0.0;0.0;1171.0
8.3;2046.8;0.0;0.0;0.0;1171.0
8.3;2046.8;0.0;0.0;0.0;1171.0
8.3;2046.8;0.0;0.0;0.0;1171.0
8.4;2046.8;0.0;0.0;0.0;1171.0
8.4;2047.7;1.4;0.1;0.0;1171.0
8.4;2062.2;28.8;2.2;0.0;1171.0
8.4;2076.5;27.5;2.1;0.0;1171.0
8.3;2090.9;28.3;2.2;0.0;1171.0
8.4;2106.1;27.6;2.2;0.0;1171.0
8.3;2120.4;29.0;2.3;0.0;1171.0
8.4;2134.9;27.1;2.1;0.0;1171.0
8.3;2149.4;27.2;2.1;0.0;1171.0
8.3;2163.4;27.1;2.1;8.0;1175.0
8.3;2178.4;30.7;2.4;9.0;1175.0
8.3;2192.3;27.8;2.2;0.0;1175.0
8.4;2206.6;26.3;2.1;0.0;1175.0
8.3;2221.2;25.2;2.0;0.0;1171.0
8.3;2235.4;27.9;2.2;0.0;1171.0
8.4;2250.0;28.5;2.2;0.0;1171.0
8.3;2264.6;28.3;2.2;0.0;1171.0
8.4;2278.9;26.8;2.1;0.0;1171.0
8.3;2293.5;24.8;1.9;0.0;1171.0
8.4;2307.8;26.3;2.1;0.0;1171.0
8.4;2322.3;27.3;2.1;0.0;1171.0
8.4;2336.8;28.7;2.2;0.0;1171.0
8.4;2351.1;28.1;2.2;0.0;1171.0
8.3;2365.6;27.3;2.1;0.0;1171.0
8.4;2379.9;27.8;2.2;0.0;1171.0
8.3;2394.4;27.6;2.2;0.0;1171.0
8.3;2408.8;28.0;2.2;0.0;1171.0
8.3;2423.2;28.6;2.2;0.0;1171.0
8.3;2437.7;26.1;2.0;0.0;1171.0
8.4;2452.0;28.0;2.2;0.0;1171.0
8.3;2466.5;28.7;2.2;0.0;1171.0
8.3;2481.0;27.9;2.2;0.0;1171.0
8.3;2495.3;27.6;2.2;9.0;1175.0
8.3;2509.8;27.0;2.1;8.0;1175.0
8.4;2524.4;28.4;2.2;0.0;1175.0
8.3;2538.6;28.5;2.2;0.0;1175.0
8.4;2540.8;4.9;0.4;0.0;1171.0
8.4;2540.8;0.0;0.0;0.0;1171.0
8.3;2540.8;0.0;0.0;0.0;1171.0
8.4;2540.8;0.0;0.0;0.0;1171.0
8.3;2540.8;0.0;0.0;0.0;1171.0
8.4;2540.8;0.0;0.0;0.0;1171.0
8.3;2540.8;0.0;0.0;0.0;1171.0
8.4;2540.8;0.0;0.0;0.0;1171.0
8.3;2540.8;0.0;0.0;0.0;1171.0
8.3;2540.8;0.0;0.0;0.0;1171.0
8.4;2549.7;16.6;1.3;0.0;1171.0
8.3;2558.5;932.5;0.6;0.0;1171.0
9.7;2588.6;673.3;15.2;0.0;1171.0
8.3;2635.8;597.0;27.1;0.0;1171.0
8.4;2657.9;735.2;22.3;0.0;1171.0
8.4;2673.0;738.7;10.0;0.0;1171.0
8.3;2731.6;466.6;36.9;0.0;1171.0
8.4;2761.8;364.5;32.5;0.0;1171.0
9.5;2770.7;538.2;27.6;0.0;1171.0
8.4;2803.8;637.4;21.2;5.0;1175.0
8.4;2829.7;604.8;22.8;8.0;1175.0
8.3;2884.3;133.1;44.8;0.0;1175.0
8.4;2891.0;761.2;21.1;0.0;1175.0
8.3;2944.4;433.8;27.6;0.0;1171.0
8.4;2953.6;402.1;36.0;0.0;1171.0
8.3;2980.4;772.2;16.2;0.0;1171.0
8.4;3029.6;120.7;44.5;0.0;1171.0
7.1;3033.7;926.8;6.7;0.0;1171.0
8.4;3071.3;418.6;37.6;0.0;1171.0
8.4;3133.2;343.4;34.8;0.0;1171.0
8.3;3143.6;728.1;27.7;0.0;1171.0
8.4;3148.8;816.2;6.6;0.0;1171.0
8.3;3201.1;463.4;35.9;0.0;1171.0
8.3;3241.3;368.9;43.3;0.0;1171.0
8.3;3260.8;640.1;21.4;0.0;1171.0
8.3;3272.5;797.5;11.4;0.0;1171.0
8.4;3311.8;341.0;32.6;3.0;1171.0
5.9;3343.3;4.5;32.9;1.0;1171.0
1.0;3363.7;3.0;25.6;0.0;1171.0
0.0;3384.1;2.3;24.5;1.0;1171.0
2.4;3410.2;2.5;27.4;0.0;1171.0
7.2;3449.3;2.5;33.1;1.0;1171.0
8.4;3472.7;2.2;32.6;10.0;1175.0
5.2;3510.4;1.0;18.5;8.0;1175.0
8.3;3567.0;2.0;38.3;1.0;1175.0
5.5;3584.7;2.5;44.0;0.0;1175.0
1.2;3596.2;3.0;26.5;0.0;1171.0
6.2;3616.2;3.3;30.0;1.0;1171.0
3.6;3647.7;3.5;33.8;1.0;1171.0
1.4;3667.4;3.0;20.8;1.0;1171.0
4.8;3711.3;3.7;42.3;0.0;1171.0
1.0;3731.5;2.8;24.8;2.0;1171.0
7.3;3770.1;3.2;34.7;1.0;1171.0
8.4;3799.8;3.0;30.7;1.0;1171.0
4.7;3817.7;3.0;25.9;3.0;1171.0
8.3;3860.0;3.5;38.4;1.0;1171.0
8.3;3877.7;4.2;22.8;1.0;1171.0
8.4;3887.5;13.7;20.0;1.0;1171.0
8.4;3954.9;5.4;42.3;1.0;1171.0
9.6;3952.1;9.9;25.7;1.0;1171.0
8.3;3982.5;7.5;36.7;3.0;1171.0
8.3;4010.5;8.8;29.2;1.0;1171.0
8.4;4039.4;11.8;32.7;1.0;1171.0
8.3;4083.2;9.4;33.2;1.0;1171.0
8.3;4088.0;13.4;22.1;1.0;1171.0
10.4;4132.0;10.9;35.9;7.0;1175.0
8.3;4144.1;10.1;14.9;10.0;1175.0
8.3;4191.2;8.1;35.9;1.0;1175.0
8.4;4199.6;12.0;27.8;1.0;1175.0
8.3;4236.5;8.9;34.4;1.0;1171.0
8.4;4251.9;8.1;31.6;1.0;1171.0
8.3;4274.9;11.1;24.0;1.0;1171.0
8.4;4314.5;7.3;40.5;1.0;1171.0
8.3;4338.0;13.1;27.1;1.0;1171.0
8.3;4358.6;8.2;26.3;1.0;1171.0
