8.3;29.7;11.2;0.8;3.0;1201.0
8.3;35.6;44.4;3.5;0.0;1201.0
8.4;49.1;24.7;1.9;6.0;1189.0
8.3;62.7;23.7;1.9;0.0;1189.0
8.4;73.7;22.0;1.7;0.0;1189.0
8.3;85.5;20.8;1.6;0.0;1193.0
8.3;100.1;24.5;1.9;2.0;1189.0
8.3;110.7;21.0;1.6;4.0;1209.0
8.3;120.3;15.0;1.2;1.0;1209.0
8.4;134.9;26.4;2.1;0.0;1209.0
8.3;143.1;15.6;1.2;1.0;1213.0
8.3;157.8;26.9;2.1;8.0;1200.0
8.4;170.1;23.6;1.8;0.0;1200.0
8.3;178.9;15.5;1.2;0.0;1200.0
8.4;193.3;25.8;2.0;0.0;1200.0
8.3;205.8;21.0;1.6;0.0;1196.0
8.4;212.4;9.6;0.8;0.0;1196.0
8.4;226.7;26.1;2.0;0.0;1196.0
8.4;234.9;39.7;3.1;0.0;1196.0
8.4;235.2;58.2;4.5;0.0;1196.0
8.3;235.5;58.3;4.6;0.0;1196.0
8.4;235.9;58.4;4.6;0.0;1196.0
8.3;236.1;58.7;4.6;0.0;1190.0
8.3;236.6;58.2;4.5;0.0;1190.0
8.3;236.7;57.6;4.5;6.0;1192.0
8.3;236.9;59.3;4.6;0.0;1192.0
8.4;244.5;42.5;3.3;0.0;1192.0
8.3;252.4;14.9;1.2;0.0;1192.0
8.3;260.6;15.4;1.2;0.0;1192.0
8.3;275.1;27.1;2.1;0.0;1192.0
8.3;289.5;27.3;2.1;0.0;1192.0
8.4;303.8;29.2;2.3;0.0;1192.0
8.3;307.7;7.4;0.6;0.0;1192.0
8.4;316.2;18.5;1.4;0.0;1192.0
8.4;330.9;29.9;2.3;0.0;1192.0
8.4;346.0;27.4;2.1;5.0;1199.0
8.4;359.9;27.3;2.1;1.0;1204.0
8.3;374.4;27.5;2.1;1.0;1204.0
8.4;376.7;4.9;0.4;0.0;1204.0
8.3;383.0;13.5;1.1;0.0;1203.0
8.4;397.7;30.8;2.4;0.0;1203.0
8.3;412.1;28.4;2.2;0.0;1203.0
8.3;426.8;28.2;2.2;0.0;1203.0
8.3;441.7;27.1;2.1;0.0;1203.0
8.3;456.0;27.8;2.2;0.0;1203.0
8.4;462.9;15.9;1.2;0.0;1203.0
8.3;462.9;0.0;0.0;0.0;1203.0
8.3;474.2;22.1;1.7;0.0;1203.0
8.4;488.8;30.5;2.4;0.0;1203.0
8.3;503.3;27.7;2.2;0.0;1203.0
8.4;518.0;28.3;2.2;0.0;1203.0
8.3;532.4;27.5;2.1;2.0;1204.0
8.4;546.8;30.5;2.4;0.0;1204.0
8.4;561.0;29.1;2.3;0.0;1204.0
8.4;569.9;16.7;1.3;0.0;1207.0
8.4;569.9;0.0;0.0;2.0;1207.0
8.3;572.6;4.5;0.4;0.0;1207.0
8.4;587.0;26.7;2.1;3.0;1210.0
8.3;601.5;28.7;2.2;1.0;1210.0
8.3;615.9;28.1;2.2;0.0;1206.0
8.3;630.4;30.8;2.4;6.0;1206.0
8.3;645.0;27.9;2.2;0.0;1206.0
8.4;659.5;27.7;2.2;8.0;1206.0
8.3;674.0;28.2;2.2;0.0;1206.0
8.3;688.5;28.9;2.3;0.0;1206.0
8.3;702.7;27.2;2.1;0.0;1206.0
8.3;702.7;0.0;0.0;6.0;1192.0
8.4;702.7;0.0;0.0;0.0;1192.0
8.3;706.6;7.7;0.6;0.0;1192.0
8.4;721.3;27.9;2.2;0.0;1192.0
8.4;735.9;28.9;2.3;1.0;1183.0
8.4;750.3;27.8;2.2;0.0;1183.0
8.4;765.0;27.0;2.1;0.0;1183.0
8.3;779.8;29.4;2.3;0.0;1183.0
8.4;794.2;27.3;2.1;0.0;1183.0
8.3;809.3;27.9;2.2;0.0;1183.0
8.4;823.2;28.0;2.2;0.0;1183.0
8.3;837.8;27.6;2.2;1.0;1183.0
8.3;852.5;29.5;2.3;0.0;1183.0
8.4;866.8;27.8;2.2;0.0;1183.0
8.3;867.6;1.3;0.1;0.0;1183.0
8.3;867.6;0.0;0.0;0.0;1183.0
8.3;867.6;0.0;0.0;0.0;1183.0
8.3;875.8;14.6;1.1;0.0;1183.0
8.4;890.2;29.4;2.3;0.0;1183.0
8.3;905.0;28.7;2.2;0.0;1183.0
8.4;919.7;27.3;2.1;0.0;1183.0
8.3;934.1;29.4;2.3;4.0;1193.0
8.4;948.8;28.8;2.2;5.0;1193.0
8.4;963.3;29.3;2.3;2.0;1190.0
8.3;978.0;27.3;2.1;0.0;1200.0
8.4;993.1;28.8;2.2;20.0;1192.0
8.3;1006.9;28.2;2.2;0.0;1192.0
8.4;1021.5;27.6;2.2;1.0;1192.0
8.3;1036.2;28.1;2.2;1.0;1192.0
8.3;1050.6;29.1;2.3;2.0;1192.0
8.3;1065.8;29.2;2.3;1.0;1192.0
8.3;1074.0;16.8;1.3;8.0;1201.0
8.4;1074.0;0.0;0.0;0.0;1201.0
8.3;1074.0;0.0;0.0;1.0;1201.0
8.3;1074.0;0.0;0.0;0.0;1201.0
8.4;1076.1;4.7;0.4;1.0;1201.0
8.3;1090.7;32.6;2.5;0.0;1201.0
8.4;1105.1;28.4;2.2;1.0;1201.0
8.3;1119.5;28.3;2.2;0.0;1201.0
8.4;1134.2;28.2;2.2;0.0;1201.0
8.4;1148.9;29.0;2.3;0.0;1201.0
8.4;1163.2;32.0;2.5;3.0;1205.0
8.4;1178.0;26.5;2.1;0.0;1205.0
8.3;1192.7;27.0;2.1;0.0;1199.0
8.4;1207.1;28.0;2.2;0.0;1199.0
8.3;1221.8;29.2;2.3;0.0;1182.0
8.4;1236.2;30.1;2.4;0.0;1182.0
8.3;1250.9;28.5;2.2;0.0;1182.0
8.3;1265.6;28.4;2.2;0.0;1178.0
8.4;1280.0;28.8;2.2;0.0;1178.0
8.3;1294.8;30.0;2.3;5.0;1194.0
8.3;1309.5;29.5;2.3;0.0;1194.0
8.3;1323.9;27.5;2.1;0.0;1194.0
8.3;1330.0;11.7;0.9;0.0;1194.0
8.4;1330.0;0.0;0.0;0.0;1193.0
8.3;1330.0;0.0;0.0;0.0;1193.0
8.4;1330.0;0.0;0.0;8.0;1188.0
8.3;1330.0;0.0;0.0;13.0;1195.0
8.4;1333.6;7.7;0.6;0.0;1195.0
8.4;1348.2;29.4;2.3;0.0;1195.0
8.3;1362.6;28.4;2.2;1.0;1195.0
8.4;1377.4;31.5;2.5;0.0;1195.0
8.3;1391.8;29.0;2.3;0.0;1195.0
8.4;1406.5;28.9;2.3;0.0;1191.0
8.3;1421.3;28.1;2.2;0.0;1186.0
8.3;1435.8;29.9;2.3;0.0;1186.0
8.4;1450.6;30.8;2.4;0.0;1186.0
8.3;1465.3;27.3;2.1;0.0;1186.0
8.4;1479.7;29.5;2.3;0.0;1186.0
8.3;1494.3;28.0;2.2;0.0;1186.0
8.3;1509.0;29.4;2.3;0.0;1186.0
8.4;1523.7;29.8;2.3;0.0;1186.0
8.3;1538.3;29.4;2.3;0.0;1186.0
8.4;1552.9;29.2;2.3;0.0;1186.0
8.3;1567.4;28.7;2.2;0.0;1186.0
8.4;1582.2;28.5;2.2;0.0;1186.0
8.4;1596.6;30.8;2.4;0.0;1186.0
8.3;1611.8;31.1;2.4;0.0;1186.0
8.4;1626.0;27.3;2.1;0.0;1186.0
8.3;1640.5;28.9;2.3;0.0;1186.0
8.4;1649.3;16.6;1.3;1.0;1186.0
8.3;1649.3;0.0;0.0;0.0;1186.0
8.3;1649.3;0.0;0.0;0.0;1186.0
8.3;1649.3;0.0;0.0;0.0;1186.0
8.3;1649.3;0.0;0.0;0.0;1186.0
8.4;1649.3;0.0;0.0;1.0;1186.0
8.3;1649.3;0.0;0.0;0.0;1186.0
8.3;1661.0;23.5;1.8;0.0;1186.0
8.3;1675.9;29.3;2.3;0.0;1186.0
8.3;1690.7;28.2;2.2;1.0;1186.0
8.4;1705.2;28.0;2.2;1.0;1186.0
8.3;1719.8;29.1;2.3;0.0;1186.0
8.4;1734.5;29.3;2.3;0.0;1186.0
8.3;1748.9;30.3;2.4;0.0;1186.0
8.4;1763.5;28.2;2.2;1.0;1186.0
8.4;1777.9;28.9;2.3;1.0;1186.0
8.3;1792.5;28.9;2.3;0.0;1186.0
8.4;1807.2;28.3;2.2;0.0;1186.0
8.3;1821.6;29.8;2.3;1.0;1186.0
8.4;1836.3;29.1;2.3;1.0;1186.0
8.3;1851.3;30.3;2.4;1.0;1186.0
8.3;1865.9;30.2;2.4;0.0;1186.0
8.4;1880.7;30.0;2.3;0.0;1186.0
8.3;1895.4;30.2;2.4;1.0;1186.0
8.4;1909.7;27.8;2.2;1.0;1186.0
8.3;1924.5;26.1;2.0;0.0;1186.0
8.3;1939.2;27.5;2.1;0.0;1186.0
8.4;1953.7;28.4;2.2;0.0;1186.0
8.3;1968.5;27.0;2.1;1.0;1186.0
8.4;1982.2;25.8;2.0;1.0;1186.0
8.3;1996.9;28.4;2.2;0.0;1186.0
8.4;2011.5;27.8;2.2;0.0;1186.0
8.4;2026.0;28.9;2.3;0.0;1186.0
8.4;2040.7;30.1;2.4;1.0;1186.0
8.4;2046.6;12.2;1.0;0.0;1186.0
8.3;2046.6;0.0;0.0;0.0;1186.0
8.4;2046.6;0.0;0.0;0.0;1186.0
8.3;2046.6;0.0;0.0;0.0;1186.0
8.3;2046.6;0.0;0.0;1.0;1186.0
8.3;2046.6;0.0;0.0;0.0;1186.0
8.3;2046.6;0.0;0.0;0.0;1186.0
8.4;2046.6;0.0;0.0;0.0;1186.0
8.3;2052.3;10.3;0.8;0.0;1186.0
8.3;2066.8;28.9;2.3;0.0;1186.0
8.3;2081.4;28.1;2.2;0.0;1186.0
8.3;2096.7;29.4;2.3;0.0;1186.0
8.4;2111.3;28.2;2.2;0.0;1186.0
8.3;2126.0;28.9;2.3;1.0;1186.0
8.4;2140.6;26.5;2.1;0.0;1186.0
8.4;2155.3;28.6;2.2;0.0;1186.0
8.4;2169.8;27.6;2.2;0.0;1186.0
8.4;2184.4;31.4;2.5;1.0;1186.0
8.3;2199.3;28.3;2.2;1.0;1186.0
8.4;2214.2;26.0;2.0;0.0;1186.0
8.3;2228.5;26.4;2.1;0.0;1186.0
8.4;2243.3;28.7;2.2;0.0;1186.0
8.3;2257.8;28.6;2.2;1.0;1186.0
8.3;2272.6;28.8;2.2;1.0;1186.0
8.4;2287.4;26.2;2.0;0.0;1186.0
8.3;2302.0;25.6;2.0;0.0;1186.0
8.3;2316.6;27.5;2.1;1.0;1186.0
8.3;2331.7;28.9;2.3;1.0;1186.0
8.3;2346.0;28.6;2.2;0.0;1186.0
8.4;2360.9;28.0;2.2;0.0;1186.0
8.3;2375.3;28.0;2.2;0.0;1186.0
8.4;2390.5;28.8;2.2;1.0;1186.0
8.3;2404.5;27.7;2.2;1.0;1186.0
8.4;2419.2;28.0;2.2;0.0;1186.0
8.4;2433.9;27.5;2.1;0.0;1186.0
8.3;2448.4;27.5;2.1;0.0;1186.0
8.4;2463.1;29.4;2.3;1.0;1186.0
8.3;2478.0;29.6;2.3;1.0;1186.0
8.4;2492.4;27.4;2.1;0.0;1186.0
8.3;2507.2;27.5;2.1;0.0;1186.0
8.3;2521.7;28.6;2.2;0.0;1186.0
8.3;2536.4;29.0;2.3;1.0;1186.0
8.3;2540.6;8.6;0.7;0.0;1186.0
8.4;2540.6;0.0;0.0;0.0;1186.0
8.3;2540.6;0.0;0.0;0.0;1186.0
8.3;2540.6;0.0;0.0;0.0;1186.0
8.4;2540.6;0.0;0.0;1.0;1186.0
8.3;2540.6;0.0;0.0;0.0;1186.0
8.4;2540.6;0.0;0.0;0.0;1186.0
8.3;2540.6;0.0;0.0;0.0;1186.0
8.4;2540.6;0.0;0.0;0.0;1186.0
8.4;2540.6;0.0;0.0;0.0;1186.0
8.4;2547.3;12.2;1.0;0.0;1186.0
8.3;2557.8;863.5;0.9;0.0;1186.0
8.3;2576.5;856.4;6.7;0.0;1186.0
8.4;2618.5;730.1;30.6;1.0;1186.0
8.3;2634.1;817.2;6.9;0.0;1186.0
8.3;2668.3;677.0;22.4;0.0;1186.0
8.3;2720.7;265.9;44.9;0.0;1186.0
8.4;2773.6;202.9;37.2;0.0;1186.0
8.4;2775.5;553.8;19.9;0.0;1186.0
8.3;2779.0;764.2;14.2;0.0;1186.0
8.3;2838.9;93.2;44.9;0.0;1186.0
8.3;2860.0;804.2;31.0;0.0;1186.0
8.4;2900.3;153.6;31.8;1.0;1186.0
8.4;2905.8;806.2;9.0;0.0;1186.0
8.3;2967.1;199.3;48.4;0.0;1186.0
8.4;2966.2;869.5;5.9;0.0;1186.0
8.3;3024.6;28.8;52.1;1.0;1186.0
8.4;3042.2;815.7;13.1;1.0;1186.0
8.4;3065.0;445.8;26.7;0.0;1186.0
8.4;3119.4;373.8;40.3;0.0;1186.0
8.4;3144.6;267.0;33.4;0.0;1186.0
8.3;3162.6;634.6;18.9;1.0;1186.0
8.3;3202.6;645.7;24.4;1.0;1186.0
9.5;3231.3;475.8;30.8;0.0;1186.0
8.3;3258.8;393.7;36.3;0.0;1186.0
8.3;3288.7;837.2;19.9;0.0;1186.0
8.3;3312.4;681.8;22.2;1.0;1186.0
8.3;3345.2;447.1;25.2;4.0;1186.0
7.1;3383.8;63.7;32.5;3.0;1186.0
5.5;3403.9;3.0;30.0;9.0;1186.0
2.4;3422.8;1.5;19.9;4.0;1186.0
8.3;3463.7;2.5;37.2;3.0;1186.0
7.2;3481.2;2.5;28.7;5.0;1186.0
8.3;3520.6;1.0;19.5;2.0;1186.0
8.4;3572.6;2.0;41.5;6.0;1186.0
8.4;3593.9;3.0;43.7;2.0;1186.0
8.3;3609.5;2.5;23.0;3.0;1186.0
7.0;3643.2;3.5;36.4;5.0;1186.0
6.9;3661.1;4.0;31.4;4.0;1186.0
4.7;3685.6;3.5;28.0;6.0;1186.0
8.3;3751.3;2.5;31.2;3.0;1186.0
6.9;3745.0;3.5;31.0;4.0;1186.0
3.6;3776.9;3.0;32.2;7.0;1186.0
3.6;3799.2;3.3;30.8;5.0;1186.0
7.2;3831.1;3.2;29.7;5.0;1186.0
8.3;3865.1;3.0;34.4;3.0;1186.0
8.3;3870.7;11.2;14.0;1.0;1186.0
8.3;3904.8;9.8;30.9;5.0;1186.0
8.4;3948.6;6.7;37.4;4.0;1186.0
9.4;3976.0;7.6;38.4;4.0;1186.0
9.5;4007.4;9.0;36.1;9.0;1186.0
8.4;4016.2;13.0;18.6;3.0;1186.0
8.3;4068.7;9.0;39.9;7.0;1186.0
8.3;4084.2;13.9;26.8;2.0;1186.0
8.4;4108.9;10.6;25.1;6.0;1186.0
8.4;4132.3;10.7;27.4;5.0;1186.0
9.6;4155.5;10.9;24.1;4.0;1186.0
8.3;4193.1;7.5;46.5;7.0;1186.0
8.3;4202.4;12.9;16.0;5.0;1186.0
8.3;4248.5;7.2;40.3;7.0;1186.0
8.3;4260.5;10.4;23.7;6.0;1186.0
8.3;4286.2;9.4;28.5;2.0;1186.0
8.3;4317.4;11.1;33.8;4.0;1186.0
8.3;4357.1;10.2;39.1;4.0;1186.0
8.3;4365.4;11.5;14.9;3.0;1186.0
8.4;4411.6;6.9;42.8;9.0;1186.0
8.3;4426.0;13.7;24.3;2.0;1186.0
9.4;4467.4;11.0;36.4;6.0;1186.0
