8.4;29.3;6.9;0.4;1.0;1126.0
8.4;32.3;42.4;3.3;2.0;1126.0
8.3;45.3;23.9;1.9;1.0;1126.0
8.4;57.6;21.5;1.7;0.0;1126.0
8.3;70.2;24.2;1.9;0.0;1126.0
8.4;82.7;22.9;1.8;1.0;1126.0
8.3;94.6;19.9;1.6;1.0;1126.0
8.3;105.7;21.0;1.6;0.0;1126.0
8.4;118.8;22.2;1.7;0.0;1126.0
8.3;130.2;19.4;1.5;0.0;1126.0
8.3;141.5;20.9;1.6;1.0;1126.0
8.3;152.9;22.1;1.7;1.0;1126.0
8.3;167.7;28.2;2.2;0.0;1126.0
8.4;174.1;11.4;0.9;0.0;1126.0
8.3;188.7;24.7;1.9;0.0;1126.0
8.4;203.7;27.5;2.1;1.0;1126.0
8.3;208.0;7.7;0.6;1.0;1126.0
8.4;222.5;25.1;2.0;0.0;1126.0
8.4;234.8;29.4;2.3;0.0;1126.0
8.3;235.1;57.5;4.5;0.0;1126.0
8.4;235.5;58.2;4.5;1.0;1126.0
8.3;235.7;58.2;4.5;0.0;1126.0
8.4;236.1;58.4;4.6;0.0;1126.0
8.3;236.3;57.4;4.5;0.0;1126.0
8.3;236.8;58.2;4.5;0.0;1126.0
8.4;237.0;57.8;4.5;1.0;1126.0
8.3;240.0;52.9;4.1;2.0;1126.0
8.4;252.5;24.1;1.9;0.0;1126.0
8.3;256.1;7.4;0.6;0.0;1126.0
8.3;270.7;27.1;2.1;0.0;1126.0
8.4;285.2;27.0;2.1;0.0;1126.0
8.3;299.2;28.4;2.2;0.0;1126.0
8.4;307.7;16.5;1.3;0.0;1126.0
8.3;312.1;9.9;0.8;0.0;1126.0
8.4;326.8;30.4;2.4;1.0;1126.0
8.4;341.2;26.5;2.1;0.0;1126.0
8.4;355.9;28.3;2.2;0.0;1126.0
8.4;370.6;28.5;2.2;0.0;1126.0
8.3;376.7;11.9;0.9;0.0;1126.0
8.4;379.3;5.5;0.4;0.0;1126.0
8.3;393.9;30.4;2.4;0.0;1126.0
8.3;408.3;30.5;2.4;0.0;1126.0
8.3;423.0;27.5;2.1;0.0;1126.0
8.4;437.9;27.2;2.1;0.0;1126.0
8.4;452.2;27.4;2.1;0.0;1126.0
8.3;462.9;23.2;1.8;0.0;1126.0
8.3;462.9;0.0;0.0;0.0;1126.0
8.3;470.4;15.1;1.2;0.0;1126.0
8.3;485.2;30.4;2.4;1.0;1126.0
8.4;499.8;28.4;2.2;0.0;1126.0
8.3;514.5;28.2;2.2;0.0;1126.0
8.4;529.0;27.6;2.2;0.0;1126.0
8.4;543.8;29.8;2.3;0.0;1126.0
8.4;558.5;31.0;2.4;1.0;1126.0
8.4;569.9;21.9;1.7;0.0;1126.0
8.4;569.9;0.0;0.0;0.0;1126.0
8.4;570.2;0.7;0.1;0.0;1126.0
8.3;585.0;26.8;2.1;1.0;1126.0
8.4;599.8;29.4;2.3;1.0;1126.0
8.3;614.2;28.0;2.2;0.0;1126.0
8.3;629.1;30.7;2.4;0.0;1126.0
8.4;643.8;28.5;2.2;1.0;1126.0
8.3;658.3;28.2;2.2;1.0;1126.0
8.4;673.1;28.7;2.2;1.0;1126.0
8.3;687.6;29.3;2.3;0.0;1126.0
8.3;702.3;27.9;2.2;0.0;1126.0
8.4;702.8;0.5;0.0;1.0;1126.0
8.3;702.8;0.0;0.0;1.0;1126.0
8.4;706.5;7.3;0.6;1.0;1126.0
8.3;721.2;28.1;2.2;0.0;1126.0
8.4;735.9;28.9;2.3;0.0;1126.0
8.4;750.5;28.1;2.2;1.0;1126.0
8.4;765.3;27.3;2.1;1.0;1126.0
8.4;779.8;29.3;2.3;1.0;1126.0
8.3;794.5;27.8;2.2;0.0;1126.0
8.4;809.3;26.9;2.1;0.0;1126.0
8.3;823.8;29.0;2.3;1.0;1126.0
8.3;838.5;27.9;2.2;1.0;1126.0
8.3;853.3;30.1;2.4;0.0;1126.0
8.3;867.6;27.4;2.1;0.0;1126.0
8.4;867.6;0.0;0.0;0.0;1126.0
8.3;867.6;0.0;0.0;1.0;1126.0
8.3;867.6;0.0;0.0;1.0;1126.0
8.3;876.7;16.7;1.3;0.0;1126.0
8.3;891.1;29.5;2.3;0.0;1126.0
8.4;906.0;28.6;2.2;0.0;1126.0
8.3;920.5;27.3;2.1;1.0;1126.0
8.4;935.2;29.4;2.3;0.0;1126.0
8.4;950.1;29.7;2.3;0.0;1126.0
8.4;964.7;29.0;2.3;0.0;1126.0
8.4;979.5;27.3;2.1;0.0;1126.0
8.3;994.4;28.7;2.2;1.0;1126.0
8.4;1009.1;29.1;2.3;0.0;1126.0
8.3;1023.6;27.8;2.2;0.0;1126.0
8.4;1038.4;28.6;2.2;0.0;1126.0
8.3;1053.4;30.4;2.4;0.0;1126.0
8.3;1068.1;28.1;2.2;0.0;1126.0
8.4;1074.0;12.4;1.0;0.0;1126.0
8.3;1074.0;0.0;0.0;0.0;1126.0
8.4;1074.0;0.0;0.0;0.0;1126.0
8.3;1074.0;0.0;0.0;0.0;1126.0
8.3;1079.0;10.4;0.8;0.0;1126.0
8.4;1093.9;33.9;2.6;0.0;1126.0
8.3;1108.6;29.1;2.3;0.0;1126.0
8.4;1123.3;27.5;2.1;0.0;1126.0
8.3;1138.1;28.1;2.2;1.0;1126.0
8.4;1152.8;31.9;2.5;0.0;1126.0
8.4;1167.3;29.7;2.3;0.0;1126.0
8.3;1182.1;26.9;2.1;0.0;1126.0
8.4;1197.0;27.6;2.2;0.0;1126.0
8.3;1211.5;28.1;2.2;0.0;1126.0
8.4;1226.5;30.4;2.4;0.0;1126.0
8.3;1241.2;29.6;2.3;0.0;1126.0
8.3;1255.8;28.6;2.2;0.0;1126.0
8.3;1270.6;28.5;2.2;1.0;1126.0
8.3;1285.2;29.6;2.3;0.0;1126.0
8.4;1300.0;30.1;2.4;0.0;1126.0
8.3;1314.7;28.7;2.2;0.0;1126.0
8.3;1329.3;28.7;2.2;0.0;1126.0
8.3;1329.8;1.0;0.1;1.0;1126.0
8.3;1329.8;0.0;0.0;0.0;1126.0
8.4;1329.8;0.0;0.0;0.0;1126.0
8.3;1329.8;0.0;0.0;0.0;1126.0
8.4;1329.8;0.0;0.0;1.0;1126.0
8.4;1340.0;19.9;1.6;1.0;1126.0
8.4;1354.6;29.4;2.3;0.0;1126.0
8.4;1368.7;29.5;2.3;0.0;1126.0
8.3;1383.7;30.8;2.4;0.0;1126.0
8.4;1398.6;29.5;2.3;1.0;1126.0
8.3;1413.2;27.9;2.2;1.0;1126.0
8.4;1428.1;30.5;2.4;0.0;1126.0
8.3;1443.0;30.4;2.4;0.0;1126.0
8.3;1457.6;28.6;2.2;1.0;1126.0
8.4;1472.4;28.9;2.3;1.0;1126.0
8.3;1487.1;28.5;2.2;1.0;1126.0
8.3;1502.0;30.0;2.3;0.0;1126.0
8.3;1516.7;29.8;2.3;0.0;1126.0
8.3;1531.3;30.0;2.3;1.0;1126.0
8.4;1546.2;30.1;2.4;1.0;1126.0
8.3;1561.2;29.5;2.3;1.0;1126.0
8.4;1575.7;27.6;2.2;0.0;1126.0
8.3;1590.5;30.5;2.4;0.0;1126.0
8.4;1604.9;30.7;2.4;1.0;1126.0
8.4;1619.5;28.5;2.2;1.0;1126.0
6.9;1634.4;28.9;2.3;1.0;1126.0
8.4;1649.3;28.7;2.2;0.0;1126.0
8.3;1649.3;0.0;0.0;0.0;1126.0
8.3;1649.3;0.0;0.0;1.0;1126.0
8.3;1649.3;0.0;0.0;1.0;1126.0
8.3;1649.3;0.0;0.0;0.0;1126.0
8.3;1649.3;0.0;0.0;0.0;1126.0
8.3;1649.3;0.0;0.0;0.0;1126.0
8.4;1655.4;12.9;1.0;1.0;1126.0
8.3;1670.2;28.2;2.2;1.0;1126.0
8.3;1684.8;30.5;2.4;0.0;1126.0
8.4;1699.7;27.5;2.1;0.0;1126.0
8.3;1714.4;28.4;2.2;0.0;1126.0
8.4;1729.0;29.8;2.3;1.0;1126.0
8.3;1743.7;29.5;2.3;0.0;1126.0
8.4;1758.3;29.7;2.3;0.0;1126.0
8.4;1772.9;28.1;2.2;0.0;1126.0
8.4;1787.4;27.4;2.1;0.0;1126.0
8.4;1802.0;31.6;2.5;1.0;1126.0
8.3;1816.8;28.0;2.2;0.0;1126.0
8.4;1831.8;29.7;2.3;0.0;1126.0
8.3;1846.6;31.2;2.4;0.0;1126.0
8.3;1861.4;30.5;2.4;0.0;1126.0
8.3;1876.3;30.2;2.4;0.0;1126.0
8.3;1890.9;30.1;2.4;0.0;1126.0
8.4;1905.5;27.9;2.2;0.0;1126.0
8.3;1920.3;27.7;2.2;0.0;1126.0
8.3;1934.9;26.8;2.1;0.0;1126.0
8.3;1949.7;29.0;2.3;0.0;1126.0
8.3;1964.5;26.9;2.1;0.0;1126.0
8.4;1979.2;27.3;2.1;0.0;1126.0
8.3;1994.1;29.4;2.3;0.0;1126.0
8.4;2008.6;26.6;2.1;1.0;1126.0
8.4;2023.4;29.3;2.3;0.0;1126.0
8.4;2038.2;30.4;2.4;0.0;1126.0
8.4;2046.3;17.0;1.3;0.0;1126.0
8.3;2046.3;0.0;0.0;0.0;1126.0
8.4;2046.3;0.0;0.0;1.0;1126.0
8.3;2046.3;0.0;0.0;0.0;1126.0
8.3;2046.3;0.0;0.0;0.0;1126.0
8.3;2046.3;0.0;0.0;0.0;1126.0
8.3;2046.3;0.0;0.0;1.0;1126.0
8.4;2046.3;0.0;0.0;0.0;1126.0
8.3;2049.5;5.5;0.4;0.0;1126.0
8.4;2064.1;29.5;2.3;0.0;1126.0
8.3;2078.6;27.2;2.1;0.0;1126.0
8.3;2094.3;30.4;2.4;1.0;1126.0
8.4;2108.9;28.2;2.2;0.0;1126.0
8.3;2123.5;29.4;2.3;0.0;1126.0
8.4;2138.4;26.8;2.1;0.0;1126.0
8.3;2153.3;28.3;2.2;1.0;1126.0
8.4;2167.9;28.3;2.2;1.0;1126.0
8.4;2182.8;31.5;2.5;0.0;1126.0
8.4;2197.7;28.9;2.3;0.0;1126.0
8.4;2212.4;25.3;2.0;0.0;1126.0
8.3;2227.2;26.6;2.1;1.0;1126.0
8.4;2241.9;29.4;2.3;1.0;1126.0
8.3;2256.7;28.8;2.2;0.0;1126.0
8.3;2271.6;28.9;2.3;0.0;1126.0
8.3;2286.5;26.5;2.1;0.0;1126.0
8.3;2301.2;25.8;2.0;1.0;1126.0
8.4;2316.0;28.0;2.2;1.0;1126.0
8.3;2330.5;27.7;2.2;0.0;1126.0
8.3;2345.3;29.7;2.3;0.0;1126.0
8.4;2360.0;28.2;2.2;1.0;1126.0
8.3;2374.8;28.1;2.2;1.0;1126.0
8.4;2389.7;28.3;2.2;1.0;1126.0
8.3;2404.3;28.8;2.2;0.0;1126.0
8.4;2418.9;27.7;2.2;0.0;1126.0
8.4;2433.7;27.7;2.2;1.0;1126.0
8.4;2448.3;27.9;2.2;1.0;1126.0
8.4;2463.2;29.4;2.3;0.0;1126.0
8.3;2477.9;29.5;2.3;0.0;1126.0
8.4;2492.5;27.9;2.2;0.0;1126.0
8.3;2507.3;27.5;2.1;1.0;1126.0
8.3;2522.3;29.7;2.3;1.0;1126.0
8.3;2536.7;28.1;2.2;0.0;1126.0
8.3;2540.3;7.6;0.6;0.0;1126.0
8.4;2540.3;0.0;0.0;0.0;1126.0
8.3;2540.3;0.0;0.0;1.0;1126.0
8.3;2540.3;0.0;0.0;0.0;1126.0
8.3;2540.3;0.0;0.0;0.0;1126.0
8.3;2540.3;0.0;0.0;0.0;1126.0
8.4;2540.3;0.0;0.0;0.0;1126.0
8.3;2540.3;0.0;0.0;0.0;1126.0
8.4;2540.3;0.0;0.0;0.0;1126.0
8.3;2540.3;0.0;0.0;0.0;1126.0
8.4;2548.2;14.6;1.1;0.0;1126.0
8.3;2557.8;862.8;0.7;0.0;1126.0
8.3;2588.1;674.7;15.2;0.0;1126.0
8.4;2630.1;836.4;23.2;0.0;1126.0
8.4;2668.3;519.6;26.2;0.0;1126.0
10.4;2663.5;1064.2;2.0;0.0;1126.0
8.3;2714.7;328.5;42.9;0.0;1126.0
9.6;2767.2;187.4;36.2;0.0;1126.0
8.3;2772.8;440.5;30.7;0.0;1126.0
8.3;2798.2;904.2;16.5;0.0;1126.0
9.4;2831.2;332.8;29.3;0.0;1126.0
8.3;2898.0;290.2;44.1;1.0;1126.0
8.4;2900.0;530.8;19.7;0.0;1126.0
6.9;2924.2;730.6;16.5;0.0;1126.0
8.3;2971.2;3.3;49.2;0.0;1126.0
8.4;2990.9;680.9;22.9;1.0;1126.0
8.3;3018.2;438.0;25.4;1.0;1126.0
9.8;3045.8;491.1;27.3;0.0;1126.0
8.4;3080.9;538.6;28.7;0.0;1126.0
8.4;3123.3;305.7;30.0;0.0;1126.0
9.7;3138.0;451.0;33.4;1.0;1126.0
8.3;3166.3;697.2;18.9;1.0;1126.0
7.2;3199.9;568.1;28.4;0.0;1126.0
9.4;3228.4;307.5;33.5;0.0;1126.0
9.4;3261.1;534.1;31.3;1.0;1126.0
8.3;3288.1;550.6;25.4;1.0;1126.0
8.3;3318.9;615.7;25.7;0.0;1126.0
8.4;3360.2;583.0;22.0;0.0;1126.0
8.3;3380.1;282.5;31.7;4.0;1126.0
2.8;3409.3;18.8;32.7;4.0;1126.0
7.1;3433.7;2.5;28.4;5.0;1126.0
5.9;3457.9;1.3;19.4;2.0;1126.0
4.2;3474.8;2.5;28.7;2.0;1126.0
4.2;3510.5;1.0;19.5;4.0;1126.0
8.4;3574.9;2.2;49.4;6.0;1126.0
8.3;3592.8;4.0;46.2;8.0;1126.0
8.4;3608.0;2.5;26.0;4.0;1126.0
8.3;3636.5;3.0;30.8;6.0;1126.0
6.0;3663.9;4.3;30.3;7.0;1126.0
8.4;3698.1;2.7;27.6;8.0;1126.0
8.4;3739.4;3.0;34.6;7.0;1126.0
4.8;3758.5;3.0;30.0;4.0;1126.0
5.5;3787.4;3.0;25.5;6.0;1126.0
2.8;3803.3;3.3;33.1;4.0;1126.0
8.3;3830.2;3.4;28.2;8.0;1126.0
0.0;3858.3;2.6;31.4;6.0;1126.0
8.3;3880.8;12.3;20.2;0.0;1126.0
8.3;3925.5;6.8;41.4;4.0;1126.0
8.3;3951.3;7.5;27.9;3.0;1126.0
8.3;3985.4;7.2;39.2;5.0;1126.0
8.3;4000.2;9.7;28.1;9.0;1126.0
8.4;4027.2;11.2;24.6;3.0;1126.0
9.7;4058.6;9.5;40.2;7.0;1126.0
8.4;4089.2;12.1;25.3;4.0;1126.0
9.4;4104.6;12.5;26.2;3.0;1126.0
8.3;4132.6;10.9;21.4;4.0;1126.0
8.4;4160.8;9.7;34.0;2.0;1126.0
8.4;4189.1;7.1;36.5;9.0;1126.0
8.4;4214.4;11.1;20.7;6.0;1126.0
8.3;4249.1;6.4;41.4;6.0;1126.0
8.3;4266.6;11.8;19.8;3.0;1126.0
9.5;4293.7;10.5;34.9;6.0;1126.0
8.4;4321.2;11.2;28.0;3.0;1126.0
8.4;4362.3;10.0;36.9;4.0;1126.0
8.3;4381.0;10.9;22.3;0.0;1126.0
8.4;4404.6;7.5;35.4;7.0;1126.0
8.3;4426.5;12.6;24.2;1.0;1126.0
8.3;4462.8;11.4;34.5;6.0;1126.0
8.4;4483.3;8.9;26.5;8.0;1126.0
