7.2;37.9;18.5;1.4;0.0;893.0
6.9;101.2;114.3;9.8;0.0;893.0
7.2;141.6;147.7;8.6;0.0;893.0
8.4;171.0;126.5;7.2;0.0;893.0
8.3;200.3;98.8;6.8;0.0;893.0
6.9;225.3;138.5;4.6;0.0;893.0
8.4;236.4;0.1;0.0;0.0;987.0
8.3;669.1;61.1;33.0;5.0;4395.0
10.7;1023.0;0.8;32.9;4.0;7848.0
0.0;990.3;2.9;0.0;0.0;7848.0
0.0;990.3;0.0;0.0;0.0;7848.0
0.0;990.3;0.0;0.0;0.0;7848.0
0.0;990.3;0.0;0.0;0.0;7848.0
0.0;990.3;0.0;0.0;0.0;7848.0
0.0;990.3;0.0;0.0;0.0;7848.0
0.0;990.3;0.0;0.0;0.0;7848.0
0.0;990.3;0.0;0.0;0.0;7848.0
0.0;990.3;0.0;0.0;0.0;7848.0
4.2;1026.3;0.3;36.1;0.0;7848.0
0.0;1145.9;1.6;117.4;0.0;7848.0
8.3;1300.8;0.1;0.0;0.0;7848.0
8.3;1304.0;0.0;0.0;0.0;7848.0
8.3;1313.8;0.0;0.0;0.0;7848.0
8.3;1324.1;0.3;0.0;0.0;7848.0
8.4;1399.9;0.0;0.0;0.0;7848.0
8.3;1380.7;0.3;0.0;0.0;7848.0
8.4;1380.3;0.9;3.1;0.0;7848.0
8.3;1432.5;0.0;0.0;0.0;7848.0
8.3;1433.7;0.0;0.0;0.0;7848.0
8.4;1434.6;0.0;0.0;0.0;7848.0
8.3;1454.7;0.0;0.0;0.0;7848.0
8.4;1482.3;0.1;0.0;1.0;7934.0
8.3;1905.4;0.1;0.0;6.0;8017.0
8.3;1931.7;19.7;0.3;94.0;8017.0
8.4;1931.8;2.0;0.0;95.0;8017.0
9.4;1931.9;0.0;0.0;95.0;8017.0
9.7;1931.9;0.0;0.0;96.0;8017.0
9.7;1931.9;0.0;0.0;95.0;8017.0
16.7;1931.9;0.0;0.0;97.0;8017.0
8.4;1932.0;0.0;0.0;99.0;8017.0
8.3;1932.0;0.0;0.0;95.0;8017.0
8.3;1932.0;0.0;0.0;95.0;8017.0
9.6;1932.0;0.0;0.0;96.0;8017.0
10.4;1932.0;0.0;0.0;96.0;8017.0
10.7;1932.0;0.0;0.0;96.0;8017.0
8.3;1932.0;0.0;0.0;97.0;8017.0
9.7;1932.0;0.0;0.0;99.0;8017.0
8.4;1932.0;0.0;0.0;96.0;8017.0
7.2;1931.5;18.8;0.3;89.0;8017.0
8.3;1983.0;5.2;0.1;23.0;8017.0
15.5;2233.6;6.4;0.1;28.0;8017.0
98.2;2976.1;0.0;0.0;0.0;8017.0
8.3;2978.4;3.3;2.8;0.0;8017.0
8.3;2979.2;1.3;4.5;0.0;8017.0
8.3;2980.1;1.2;6.8;0.0;8017.0
8.3;2983.6;1.0;4.5;0.0;8017.0
8.3;2982.1;1.3;4.5;0.0;8017.0
8.3;2982.5;1.2;6.8;0.0;8017.0
8.3;2982.9;1.0;2.3;0.0;8017.0
8.3;3048.1;7.6;34.1;0.0;8017.0
8.3;2986.6;0.7;1.5;0.0;8017.0
8.4;2989.9;0.3;1.6;66.0;8017.0
8.4;2989.9;0.0;0.0;96.0;8017.0
8.3;2990.0;0.0;0.0;96.0;8017.0
8.4;2990.0;0.0;0.0;96.0;8017.0
8.3;2990.0;0.0;0.0;99.0;8017.0
8.4;2990.0;0.0;0.0;95.0;8017.0
9.7;2990.0;0.0;0.0;97.0;8017.0
8.3;2990.0;0.0;0.0;96.0;8017.0
9.6;2990.0;0.0;0.0;96.0;8017.0
8.3;2990.0;0.0;0.0;99.0;8017.0
8.3;2990.0;0.0;0.0;96.0;8017.0
9.5;2990.0;0.0;0.0;96.0;8017.0
8.3;2990.0;0.0;0.0;95.0;8017.0
9.6;2990.0;0.0;0.0;96.0;8017.0
8.3;2990.0;0.0;0.0;96.0;8017.0
8.4;2989.5;0.0;0.0;73.0;8017.0
31.9;2994.8;0.0;0.0;9.0;8017.0
90.8;2994.8;0.0;0.0;0.0;8017.0
84.5;2994.8;0.0;0.0;0.0;8017.0
8.3;2991.9;17.9;66.6;0.0;8017.0
8.3;2994.8;0.6;1.6;0.0;8017.0
11.5;2998.4;0.3;1.7;96.0;8017.0
8.3;2998.4;0.0;0.0;96.0;8017.0
8.3;2998.4;0.0;0.0;97.0;8017.0
8.3;2998.4;0.0;0.0;99.0;8017.0
7.1;2998.4;0.0;0.0;96.0;8017.0
9.6;2998.4;0.0;0.0;96.0;8017.0
12.6;2998.4;0.0;0.0;96.0;8017.0
8.3;2998.4;0.0;0.0;96.0;8017.0
8.3;2998.4;0.0;0.0;97.0;8017.0
8.4;2998.4;0.0;0.0;96.0;8017.0
8.4;2998.4;0.0;0.0;96.0;8017.0
8.3;2998.4;0.0;0.0;96.0;8017.0
10.8;2998.4;0.0;0.0;96.0;8017.0
8.3;2998.4;0.0;0.0;96.0;8017.0
8.3;2998.4;0.0;0.0;96.0;8017.0
8.3;3010.7;0.0;0.0;2.0;8017.0
100.3;3011.0;0.0;0.0;8.0;8017.0
97.0;3011.0;0.0;0.0;0.0;8017.0
99.0;3011.0;0.0;0.0;0.0;8017.0
12.6;3005.5;17.6;34.1;2.0;8017.0
8.4;3007.6;0.9;34.5;0.0;8017.0
8.4;3015.0;0.3;1.8;0.0;8017.0
9.5;3015.5;0.0;0.0;95.0;8017.0
8.3;3015.5;0.0;0.0;96.0;8017.0
10.7;3015.5;0.0;0.0;96.0;8017.0
9.7;3015.5;0.0;0.0;96.0;8017.0
8.4;3015.5;0.0;0.0;96.0;8017.0
8.4;3015.5;0.0;0.0;96.0;8017.0
11.1;3015.5;0.0;0.0;99.0;8017.0
8.4;3015.5;0.0;0.0;96.0;8017.0
14.3;3015.5;0.0;0.0;97.0;8017.0
9.6;3015.5;0.0;0.0;95.0;8017.0
9.6;3015.5;0.0;0.0;96.0;8017.0
8.4;3015.5;0.0;0.0;99.0;8017.0
9.8;3015.5;0.0;0.0;95.0;8017.0
9.5;3015.5;0.0;0.0;96.0;8017.0
10.8;3015.1;0.0;0.0;96.0;8017.0
8.3;3027.0;0.0;0.0;0.0;8017.0
96.6;3027.1;0.0;0.0;0.0;8017.0
100.8;3027.1;0.0;0.0;0.0;8017.0
99.4;3027.1;0.0;0.0;0.0;8017.0
100.0;3027.1;0.0;0.0;0.0;8017.0
98.4;3027.1;0.0;0.0;0.0;8017.0
8.4;3023.4;17.9;67.3;0.0;8017.0
8.4;3026.0;0.6;1.7;0.0;8017.0
8.3;3031.8;0.3;1.8;99.0;8017.0
8.4;3031.8;0.0;0.0;96.0;8017.0
8.3;3031.8;0.0;0.0;96.0;8017.0
11.9;3031.8;0.0;0.0;96.0;8017.0
10.8;3031.8;0.0;0.0;96.0;8017.0
11.1;3031.8;0.0;0.0;95.0;8017.0
9.8;3031.8;0.0;0.0;97.0;8017.0
8.3;3031.8;0.0;0.0;99.0;8017.0
8.3;3031.8;0.0;0.0;96.0;8017.0
8.4;3031.8;0.0;0.0;96.0;8017.0
12.5;3031.8;0.0;0.0;95.0;8017.0
9.7;3031.8;0.0;0.0;96.0;8017.0
9.5;3031.8;0.0;0.0;95.0;8017.0
8.4;3031.8;0.0;0.0;96.0;8017.0
8.3;3031.8;0.0;0.0;99.0;8017.0
8.3;3031.3;0.0;0.0;57.0;8017.0
8.3;3044.0;0.0;0.0;38.0;8017.0
96.9;3044.0;0.0;0.0;0.0;8017.0
100.3;3044.0;0.0;0.0;0.0;8017.0
99.7;3044.0;0.0;0.0;0.0;8017.0
94.4;3044.0;0.0;0.0;0.0;8017.0
94.7;3044.0;0.0;0.0;0.0;8017.0
100.3;3044.0;0.0;0.0;0.0;8017.0
8.4;3038.9;17.9;67.7;0.0;8017.0
8.3;3042.1;0.6;1.8;0.0;8017.0
8.4;3047.1;0.3;1.9;26.0;8017.0
9.6;3047.1;0.0;0.0;95.0;8017.0
8.3;3047.1;0.0;0.0;96.0;8017.0
8.3;3047.1;0.0;0.0;99.0;8017.0
8.4;3047.1;0.0;0.0;96.0;8017.0
9.5;3047.1;0.0;0.0;96.0;8017.0
9.4;3047.1;0.0;0.0;96.0;8017.0
11.2;3047.1;0.0;0.0;96.0;8017.0
8.3;3047.1;0.0;0.0;95.0;8017.0
8.4;3047.1;0.0;0.0;96.0;8017.0
8.4;3047.1;0.0;0.0;99.0;8017.0
8.3;3047.1;0.0;0.0;96.0;8017.0
9.7;3047.1;0.0;0.0;96.0;8017.0
8.3;3047.1;0.0;0.0;95.0;8017.0
10.7;3047.1;0.0;0.0;96.0;8017.0
8.4;3046.6;0.0;0.0;96.0;8017.0
8.3;3058.3;0.0;0.0;0.0;8017.0
99.1;3059.7;0.0;0.0;0.0;8017.0
98.0;3059.7;0.0;0.0;0.0;8017.0
100.0;3059.7;0.0;0.0;0.0;8017.0
99.7;3059.7;0.0;0.0;0.0;8017.0
98.4;3059.7;0.0;0.0;0.0;8017.0
99.7;3059.7;0.0;0.0;0.0;8017.0
96.8;3059.7;0.0;0.0;0.0;8017.0
15.4;3090.5;17.8;68.1;2.0;8017.0
8.3;3056.0;0.1;0.0;0.0;8017.0
8.4;3063.6;0.9;3.8;0.0;8017.0
9.5;3065.2;0.0;0.0;97.0;8017.0
8.4;3065.2;0.0;0.0;96.0;8017.0
8.3;3065.2;0.0;0.0;97.0;8017.0
8.3;3065.2;0.0;0.0;96.0;8017.0
8.3;3065.2;0.0;0.0;97.0;8017.0
8.4;3065.2;0.0;0.0;96.0;8017.0
11.1;3065.2;0.0;0.0;97.0;8017.0
8.4;3065.2;0.0;0.0;99.0;8017.0
8.4;3065.2;0.0;0.0;96.0;8017.0
8.4;3065.2;0.0;0.0;96.0;8017.0
8.4;3065.2;0.0;0.0;96.0;8017.0
11.1;3065.2;0.0;0.0;96.0;8017.0
8.4;3065.2;0.0;0.0;96.0;8017.0
8.4;3065.2;0.0;0.0;96.0;8017.0
8.4;3065.2;0.0;0.0;99.0;8017.0
8.3;3076.3;0.0;0.0;0.0;8017.0
8.4;3081.7;0.0;0.0;55.0;8017.0
98.0;3081.7;0.0;0.0;0.0;8017.0
100.3;3081.7;0.0;0.0;0.0;8017.0
99.0;3081.7;0.0;0.0;0.0;8017.0
100.8;3081.7;0.0;0.0;0.0;8017.0
99.7;3081.7;0.0;0.0;0.0;8017.0
100.3;3081.7;0.0;0.0;0.0;8017.0
99.4;3081.7;0.0;0.0;0.0;8017.0
97.1;3081.7;0.0;0.0;0.0;8017.0
8.4;3108.8;17.8;68.5;2.0;8017.0
8.4;3078.5;0.1;0.0;0.0;8017.0
8.4;3083.1;0.9;3.9;0.0;8017.0
15.2;3083.6;0.0;0.0;95.0;8017.0
8.3;3083.6;0.0;0.0;96.0;8017.0
8.3;3083.6;0.0;0.0;97.0;8017.0
9.6;3083.6;0.0;0.0;96.0;8017.0
9.6;3083.6;0.0;0.0;97.0;8017.0
11.1;3083.6;0.0;0.0;96.0;8017.0
9.7;3083.6;0.0;0.0;96.0;8017.0
8.4;3083.6;0.0;0.0;96.0;8017.0
8.4;3083.6;0.0;0.0;97.0;8017.0
8.4;3083.6;0.0;0.0;99.0;8017.0
8.3;3083.6;0.0;0.0;95.0;8017.0
8.4;3083.6;0.0;0.0;99.0;8017.0
10.8;3083.6;0.0;0.0;96.0;8017.0
8.4;3083.6;0.0;0.0;96.0;8017.0
8.4;3083.6;0.0;0.0;96.0;8017.0
8.4;3097.0;0.0;0.0;0.0;8017.0
8.4;3102.4;0.0;0.0;8.0;8017.0
96.9;3102.5;0.0;0.0;0.0;8017.0
99.7;3102.5;0.0;0.0;0.0;8017.0
100.3;3102.5;0.0;0.0;0.0;8017.0
100.8;3102.5;0.0;0.0;0.0;8017.0
99.0;3102.5;0.0;0.0;0.0;8017.0
99.4;3102.5;0.0;0.0;0.0;8017.0
97.0;3102.5;0.0;0.0;0.0;8017.0
95.9;3102.5;0.0;0.0;0.0;8017.0
100.0;3102.5;0.0;0.0;0.0;8017.0
8.3;3213.8;17.9;68.9;3.0;8017.0
8.3;3100.8;0.6;2.0;0.0;8017.0
8.3;3104.6;0.3;2.1;11.0;8017.0
8.3;3106.8;0.0;0.0;98.0;8017.0
8.4;3105.2;0.0;0.0;95.0;8017.0
8.4;3105.2;0.0;0.0;96.0;8017.0
8.3;3105.2;0.0;0.0;96.0;8017.0
9.6;3105.2;0.0;0.0;96.0;8017.0
8.3;3105.2;0.0;0.0;96.0;8017.0
8.4;3105.2;0.0;0.0;96.0;8017.0
8.3;3105.2;0.0;0.0;99.0;8017.0
8.4;3105.2;0.0;0.0;95.0;8017.0
8.4;3105.2;0.0;0.0;96.0;8017.0
7.1;3105.2;0.0;0.0;96.0;8017.0
9.7;3105.2;0.0;0.0;96.0;8017.0
8.4;3105.2;0.0;0.0;96.0;8017.0
8.4;3105.2;0.0;0.0;97.0;8017.0
9.6;3105.2;0.0;0.0;99.0;8017.0
9.7;3104.7;0.0;0.0;59.0;8017.0
8.3;3120.3;0.0;0.0;0.0;8017.0
98.0;3127.1;0.0;0.0;47.0;8017.0
98.0;3127.1;0.0;0.0;0.0;8017.0
99.1;3127.1;0.0;0.0;0.0;8017.0
99.4;3127.1;0.0;0.0;0.0;8017.0
99.7;3127.1;0.0;0.0;0.0;8017.0
95.6;3127.1;0.0;0.0;0.0;8017.0
99.4;3127.1;0.0;0.0;0.0;8017.0
100.3;3127.1;0.0;0.0;0.0;8017.0
98.0;3127.1;0.0;0.0;0.0;8017.0
98.2;3127.1;0.0;0.0;0.0;8017.0
98.0;3127.1;0.0;0.0;0.0;8017.0
8.4;3121.1;17.9;69.2;0.0;8017.0
8.3;3125.2;0.6;2.1;0.0;8017.0
8.4;3133.4;0.3;2.2;9.0;8017.0
8.3;3128.1;0.0;0.0;95.0;8017.0
8.3;3128.1;0.0;0.0;96.0;8017.0
11.2;3128.1;0.0;0.0;96.0;8017.0
8.4;3128.1;0.0;0.0;96.0;8017.0
9.4;3128.1;0.0;0.0;99.0;8017.0
9.5;3128.1;0.0;0.0;96.0;8017.0
8.3;3128.1;0.0;0.0;96.0;8017.0
8.3;3128.1;0.0;0.0;96.0;8017.0
10.8;3128.1;0.0;0.0;96.0;8017.0
9.5;3128.1;0.0;0.0;96.0;8017.0
11.2;3128.1;0.0;0.0;95.0;8017.0
8.3;3128.1;0.0;0.0;99.0;8017.0
8.3;3128.1;0.0;0.0;96.0;8017.0
8.4;3128.1;0.0;0.0;96.0;8017.0
9.6;3127.7;0.0;0.0;96.0;8017.0
8.3;3140.4;0.0;0.0;0.0;8017.0
8.4;3152.1;0.0;0.0;0.0;8017.0
100.3;3152.1;0.0;0.0;0.0;8017.0
99.1;3152.1;0.0;0.0;0.0;8017.0
98.0;3152.1;0.0;0.0;0.0;8017.0
97.0;3152.1;0.0;0.0;0.0;8017.0
100.3;3152.1;0.0;0.0;0.0;8017.0
99.4;3152.1;0.0;0.0;0.0;8017.0
99.1;3152.1;0.0;0.0;0.0;8017.0
99.4;3152.1;0.0;0.0;0.0;8017.0
99.7;3152.1;0.0;0.0;0.0;8017.0
100.3;3152.1;0.0;0.0;0.0;8017.0
97.0;3152.1;0.0;0.0;0.0;8017.0
100.3;3152.2;0.0;0.0;0.0;8017.0
8.3;3146.2;17.9;69.5;0.0;8017.0
8.3;3150.5;0.6;2.1;0.0;8017.0
8.4;3158.7;0.3;2.3;17.0;8017.0
8.3;3153.3;0.0;0.0;96.0;8017.0
