8.4;38.5;18.1;1.3;1.0;883.0
7.3;98.3;101.7;8.9;0.0;883.0
7.2;135.9;131.1;8.7;0.0;883.0
5.9;170.0;133.9;7.5;0.0;883.0
8.3;197.3;107.2;6.3;0.0;883.0
8.4;219.5;137.2;4.8;0.0;883.0
8.3;235.3;13.4;0.7;0.0;883.0
8.4;556.9;61.1;33.0;5.0;1057.0
9.7;957.3;0.6;0.0;99.0;7838.0
0.0;991.5;3.1;32.9;0.0;7838.0
0.0;991.5;0.0;0.0;0.0;7838.0
0.0;991.5;0.0;0.0;0.0;7838.0
0.0;991.5;0.0;0.0;0.0;7838.0
0.0;991.5;0.0;0.0;0.0;7838.0
0.0;991.5;0.0;0.0;0.0;7838.0
0.0;991.5;0.0;0.0;0.0;7838.0
0.0;991.5;0.0;0.0;0.0;7838.0
0.0;991.5;0.0;0.0;0.0;7838.0
2.4;1051.7;0.2;37.3;0.0;7838.0
0.0;1147.1;1.7;116.1;0.0;7838.0
8.3;1302.1;0.1;0.0;0.0;7838.0
8.3;1306.5;0.0;0.0;0.0;7838.0
8.3;1316.1;0.0;0.0;0.0;7838.0
8.3;1327.1;0.3;0.0;0.0;7838.0
8.4;1400.8;0.0;0.0;0.0;7838.0
8.3;1382.4;0.3;0.0;0.0;7838.0
8.4;1389.9;0.9;3.1;0.0;7838.0
8.3;1431.2;0.0;0.0;0.0;7838.0
8.4;1434.8;0.0;0.0;0.0;7838.0
8.4;1453.3;0.0;0.0;0.0;7838.0
8.3;1456.2;0.0;0.0;0.0;7838.0
8.4;1600.0;0.2;0.0;6.0;7971.0
9.5;1930.2;5.7;0.1;80.0;8005.0
8.4;1930.9;15.6;0.2;91.0;8005.0
9.7;1931.0;0.0;0.0;99.0;8005.0
8.4;1931.1;0.0;0.0;95.0;8005.0
8.4;1931.1;0.0;0.0;96.0;8005.0
8.3;1934.9;0.0;0.0;96.0;8005.0
9.7;1931.1;0.0;0.0;95.0;8005.0
11.2;1931.1;0.0;0.0;96.0;8005.0
11.8;1931.1;0.0;0.0;96.0;8005.0
10.8;1931.1;0.0;0.0;96.0;8005.0
8.3;1931.1;0.0;0.0;96.0;8005.0
8.4;1931.1;0.0;0.0;99.0;8005.0
9.7;1931.1;0.0;0.0;96.0;8005.0
8.4;1931.1;0.0;0.0;96.0;8005.0
10.8;1931.2;0.0;0.0;96.0;8005.0
8.3;1931.2;0.0;0.0;97.0;8005.0
8.4;1930.7;19.0;0.3;83.0;8005.0
8.3;1981.2;6.8;0.1;64.0;8005.0
19.1;2228.2;4.8;0.1;4.0;8005.0
99.7;2974.7;0.0;0.0;0.0;8005.0
8.4;2976.4;3.1;0.6;0.0;8005.0
8.3;2980.1;1.2;6.8;0.0;8005.0
8.3;2979.7;1.0;4.5;0.0;8005.0
8.4;2979.7;1.0;4.5;0.0;8005.0
8.3;2980.2;1.3;4.5;0.0;8005.0
8.3;2981.2;1.2;6.8;0.0;8005.0
8.4;2981.2;1.4;4.5;0.0;8005.0
8.3;2981.7;1.3;1.0;0.0;8005.0
8.4;2983.8;6.5;33.0;0.0;8005.0
8.3;2988.5;0.9;3.2;48.0;8005.0
8.3;2988.5;0.0;0.0;96.0;8005.0
8.4;2988.5;0.0;0.0;96.0;8005.0
8.4;2988.5;0.0;0.0;96.0;8005.0
8.4;2988.5;0.0;0.0;95.0;8005.0
8.3;2988.5;0.0;0.0;96.0;8005.0
8.4;2988.5;0.0;0.0;96.0;8005.0
8.3;2988.5;0.0;0.0;97.0;8005.0
8.3;2988.6;0.0;0.0;99.0;8005.0
9.7;2988.6;0.0;0.0;96.0;8005.0
9.5;2988.6;0.0;0.0;99.0;8005.0
10.8;2988.6;0.0;0.0;95.0;8005.0
8.3;2988.6;0.0;0.0;96.0;8005.0
8.3;2988.6;0.0;0.0;96.0;8005.0
13.8;2988.6;0.0;0.0;96.0;8005.0
9.5;2988.1;0.0;0.0;95.0;8005.0
8.4;2994.6;0.0;0.0;0.0;8005.0
98.4;2994.7;0.0;0.0;0.0;8005.0
97.0;2994.7;0.0;0.0;0.0;8005.0
7.1;3022.7;17.7;33.7;2.0;8005.0
8.4;2991.9;0.2;32.9;0.0;8005.0
8.4;3000.0;0.9;3.3;0.0;8005.0
8.3;3000.5;0.0;0.0;95.0;8005.0
8.4;3000.5;0.0;0.0;96.0;8005.0
9.5;3000.5;0.0;0.0;96.0;8005.0
9.6;3000.5;0.0;0.0;96.0;8005.0
8.3;3000.5;0.0;0.0;96.0;8005.0
8.3;3000.5;0.0;0.0;96.0;8005.0
8.3;3000.5;0.0;0.0;99.0;8005.0
8.3;3000.5;0.0;0.0;96.0;8005.0
8.4;3000.5;0.0;0.0;97.0;8005.0
9.8;3000.5;0.0;0.0;96.0;8005.0
9.7;3000.5;0.0;0.0;98.0;8005.0
8.4;3000.5;0.0;0.0;96.0;8005.0
8.3;3000.5;0.0;0.0;96.0;8005.0
8.4;3000.5;0.0;0.0;95.0;8005.0
12.5;3000.0;0.0;0.0;96.0;8005.0
8.4;3012.5;0.0;0.0;0.0;8005.0
99.1;3012.8;0.0;0.0;0.0;8005.0
95.6;3012.8;0.0;0.0;0.0;8005.0
100.8;3012.8;0.0;0.0;0.0;8005.0
9.5;3040.1;17.8;66.9;2.0;8005.0
7.3;3010.9;0.7;1.7;0.0;8005.0
8.3;3017.7;0.3;1.8;0.0;8005.0
9.8;3017.8;0.0;0.0;96.0;8005.0
8.4;3017.8;0.0;0.0;96.0;8005.0
8.4;3017.8;0.0;0.0;96.0;8005.0
8.4;3017.8;0.0;0.0;97.0;8005.0
9.7;3017.8;0.0;0.0;96.0;8005.0
8.4;3017.8;0.0;0.0;99.0;8005.0
8.3;3017.8;0.0;0.0;96.0;8005.0
8.4;3017.8;0.0;0.0;96.0;8005.0
8.4;3017.8;0.0;0.0;96.0;8005.0
8.3;3017.8;0.0;0.0;97.0;8005.0
8.4;3017.8;0.0;0.0;96.0;8005.0
8.3;3017.8;0.0;0.0;96.0;8005.0
8.4;3017.8;0.0;0.0;99.0;8005.0
8.4;3017.8;0.0;0.0;96.0;8005.0
8.3;3017.3;0.0;0.0;96.0;8005.0
8.4;3028.7;0.0;0.0;0.0;8005.0
100.0;3028.8;0.0;0.0;0.0;8005.0
100.8;3028.8;0.0;0.0;0.0;8005.0
97.0;3028.8;0.0;0.0;0.0;8005.0
99.4;3028.8;0.0;0.0;0.0;8005.0
99.1;3028.8;0.0;0.0;0.0;8005.0
8.4;3113.3;17.9;67.3;2.0;8005.0
8.4;3026.8;0.6;1.7;0.0;8005.0
8.4;3033.7;0.3;1.8;68.0;8005.0
9.6;3033.7;0.0;0.0;96.0;8005.0
8.4;3033.7;0.0;0.0;96.0;8005.0
8.3;3033.7;0.0;0.0;96.0;8005.0
9.5;3033.7;0.0;0.0;99.0;8005.0
8.3;3033.7;0.0;0.0;95.0;8005.0
8.4;3033.7;0.0;0.0;96.0;8005.0
8.3;3033.7;0.0;0.0;96.0;8005.0
8.3;3033.7;0.0;0.0;96.0;8005.0
12.6;3033.7;0.0;0.0;96.0;8005.0
8.3;3033.7;0.0;0.0;96.0;8005.0
9.6;3033.7;0.0;0.0;99.0;8005.0
8.3;3033.7;0.0;0.0;96.0;8005.0
12.6;3033.7;0.0;0.0;96.0;8005.0
8.4;3033.7;0.0;0.0;96.0;8005.0
9.5;3033.2;0.0;0.0;97.0;8005.0
8.4;3044.3;0.0;0.0;0.0;8005.0
99.7;3044.9;0.0;0.0;0.0;8005.0
99.1;3044.9;0.0;0.0;0.0;8005.0
99.1;3044.9;0.0;0.0;0.0;8005.0
90.6;3044.9;0.0;0.0;0.0;8005.0
98.2;3044.9;0.0;0.0;0.0;8005.0
99.7;3044.9;0.0;0.0;0.0;8005.0
7.1;3072.1;17.8;67.7;2.0;8005.0
8.4;3041.6;0.1;0.0;0.0;8005.0
8.3;3049.9;0.9;3.7;0.0;8005.0
8.4;3050.5;0.0;0.0;96.0;8005.0
8.3;3050.5;0.0;0.0;98.0;8005.0
8.4;3050.5;0.0;0.0;96.0;8005.0
8.3;3050.5;0.0;0.0;97.0;8005.0
11.1;3050.5;0.0;0.0;96.0;8005.0
8.3;3050.5;0.0;0.0;99.0;8005.0
10.8;3050.5;0.0;0.0;96.0;8005.0
8.4;3050.5;0.0;0.0;96.0;8005.0
8.3;3050.5;0.0;0.0;96.0;8005.0
8.3;3050.5;0.0;0.0;96.0;8005.0
8.4;3050.5;0.0;0.0;96.0;8005.0
8.4;3050.5;0.0;0.0;96.0;8005.0
8.4;3050.5;0.0;0.0;99.0;8005.0
9.7;3050.5;0.0;0.0;96.0;8005.0
8.3;3050.5;0.0;0.0;96.0;8005.0
8.3;3060.9;0.0;0.0;30.0;8005.0
20.3;3063.4;0.0;0.0;26.0;8005.0
98.4;3063.4;0.0;0.0;0.0;8005.0
98.2;3063.4;0.0;0.0;0.0;8005.0
100.3;3063.4;0.0;0.0;0.0;8005.0
98.2;3063.4;0.0;0.0;0.0;8005.0
99.0;3063.4;0.0;0.0;0.0;8005.0
95.6;3063.4;0.0;0.0;0.0;8005.0
95.6;3063.5;0.0;0.0;0.0;8005.0
8.3;3058.2;17.9;68.1;0.0;8005.0
8.4;3060.1;0.6;1.8;0.0;8005.0
9.7;3068.5;0.3;2.0;99.0;8005.0
11.1;3068.5;0.0;0.0;96.0;8005.0
8.4;3068.5;0.0;0.0;99.0;8005.0
8.3;3068.5;0.0;0.0;95.0;8005.0
8.4;3068.5;0.0;0.0;96.0;8005.0
8.3;3068.5;0.0;0.0;95.0;8005.0
9.5;3068.5;0.0;0.0;96.0;8005.0
9.6;3068.5;0.0;0.0;96.0;8005.0
8.4;3068.5;0.0;0.0;96.0;8005.0
8.4;3068.5;0.0;0.0;99.0;8005.0
8.3;3068.5;0.0;0.0;96.0;8005.0
8.4;3068.5;0.0;0.0;96.0;8005.0
10.7;3068.5;0.0;0.0;96.0;8005.0
8.3;3068.5;0.0;0.0;96.0;8005.0
9.7;3068.5;0.0;0.0;96.0;8005.0
12.5;3068.0;0.0;0.0;96.0;8005.0
8.4;3079.4;0.0;0.0;0.0;8005.0
99.0;3083.3;0.0;0.0;45.0;8005.0
99.7;3083.3;0.0;0.0;0.0;8005.0
100.3;3083.3;0.0;0.0;0.0;8005.0
99.1;3083.3;0.0;0.0;0.0;8005.0
96.9;3083.3;0.0;0.0;0.0;8005.0
97.1;3083.4;0.0;0.0;0.0;8005.0
99.4;3083.4;0.0;0.0;0.0;8005.0
97.0;3083.4;0.0;0.0;0.0;8005.0
94.8;3083.4;0.0;0.0;0.0;8005.0
8.3;3079.6;17.9;68.5;0.0;8005.0
8.3;3079.8;0.6;1.9;0.0;8005.0
8.3;3085.5;0.3;2.0;39.0;8005.0
8.3;3085.5;0.0;0.0;97.0;8005.0
8.4;3085.5;0.0;0.0;96.0;8005.0
8.3;3085.5;0.0;0.0;99.0;8005.0
11.2;3085.5;0.0;0.0;95.0;8005.0
11.9;3085.5;0.0;0.0;96.0;8005.0
8.3;3085.5;0.0;0.0;96.0;8005.0
12.5;3085.5;0.0;0.0;96.0;8005.0
8.3;3085.5;0.0;0.0;96.0;8005.0
8.4;3085.5;0.0;0.0;97.0;8005.0
10.7;3085.5;0.0;0.0;99.0;8005.0
9.5;3085.5;0.0;0.0;96.0;8005.0
15.2;3085.5;0.0;0.0;96.0;8005.0
8.3;3085.5;0.0;0.0;96.0;8005.0
11.8;3085.5;0.0;0.0;96.0;8005.0
8.3;3085.0;0.0;0.0;96.0;8005.0
8.3;3102.8;0.0;0.0;0.0;8005.0
96.8;3108.6;0.0;0.0;55.0;8005.0
100.3;3108.6;0.0;0.0;0.0;8005.0
96.9;3108.6;0.0;0.0;0.0;8005.0
96.6;3108.6;0.0;0.0;0.0;8005.0
98.0;3108.6;0.0;0.0;0.0;8005.0
100.3;3108.6;0.0;0.0;0.0;8005.0
88.4;3108.6;0.0;0.0;0.0;8005.0
98.2;3108.6;0.0;0.0;0.0;8005.0
99.7;3108.6;0.0;0.0;0.0;8005.0
10.8;3102.6;9.7;34.7;2.0;8005.0
8.3;3104.0;8.2;34.1;0.0;8005.0
8.3;3107.3;0.8;2.0;0.0;8005.0
9.5;3110.7;0.1;2.1;95.0;8005.0
11.1;3110.7;0.0;0.0;95.0;8005.0
8.4;3110.7;0.0;0.0;96.0;8005.0
8.3;3110.7;0.0;0.0;96.0;8005.0
8.4;3110.7;0.0;0.0;96.0;8005.0
8.3;3110.7;0.0;0.0;96.0;8005.0
9.6;3110.7;0.0;0.0;99.0;8005.0
9.6;3110.7;0.0;0.0;95.0;8005.0
8.3;3110.7;0.0;0.0;99.0;8005.0
9.7;3110.7;0.0;0.0;96.0;8005.0
10.7;3110.7;0.0;0.0;96.0;8005.0
8.4;3110.7;0.0;0.0;96.0;8005.0
8.3;3110.7;0.0;0.0;97.0;8005.0
6.9;3110.7;0.0;0.0;99.0;8005.0
8.3;3110.7;0.0;0.0;96.0;8005.0
8.4;3111.5;0.0;0.0;14.0;8005.0
8.3;3133.0;0.0;0.0;0.0;8005.0
96.8;3133.1;0.0;0.0;14.0;8005.0
99.7;3133.1;0.0;0.0;0.0;8005.0
98.0;3133.1;0.0;0.0;0.0;8005.0
100.3;3133.1;0.0;0.0;0.0;8005.0
98.4;3133.1;0.0;0.0;0.0;8005.0
99.1;3133.1;0.0;0.0;0.0;8005.0
96.8;3133.1;0.0;0.0;0.0;8005.0
99.4;3133.1;0.0;0.0;0.0;8005.0
98.4;3133.1;0.0;0.0;0.0;8005.0
97.0;3133.1;0.0;0.0;0.0;8005.0
9.5;3159.8;17.7;36.3;2.0;8005.0
8.4;3127.3;0.2;32.9;0.0;8005.0
8.3;3130.7;0.6;2.1;0.0;8005.0
9.6;3134.1;0.3;2.2;97.0;8005.0
8.4;3134.1;0.0;0.0;99.0;8005.0
9.5;3134.1;0.0;0.0;95.0;8005.0
8.4;3134.1;0.0;0.0;99.0;8005.0
7.2;3134.1;0.0;0.0;96.0;8005.0
12.6;3134.1;0.0;0.0;96.0;8005.0
8.4;3134.1;0.0;0.0;96.0;8005.0
8.4;3134.1;0.0;0.0;97.0;8005.0
7.0;3134.1;0.0;0.0;96.0;8005.0
9.7;3134.1;0.0;0.0;95.0;8005.0
9.5;3134.1;0.0;0.0;99.0;8005.0
9.5;3134.1;0.0;0.0;96.0;8005.0
8.4;3134.1;0.0;0.0;96.0;8005.0
8.3;3134.1;0.0;0.0;96.0;8005.0
8.3;3134.1;0.0;0.0;96.0;8005.0
8.4;3133.6;0.0;0.0;35.0;8005.0
8.3;3149.1;0.0;0.0;0.0;8005.0
21.5;3158.6;0.0;0.0;2.0;8005.0
98.0;3158.6;0.0;0.0;0.0;8005.0
100.3;3158.6;0.0;0.0;0.0;8005.0
100.0;3158.6;0.0;0.0;0.0;8005.0
96.8;3158.6;0.0;0.0;0.0;8005.0
98.2;3158.6;0.0;0.0;0.0;8005.0
99.4;3158.6;0.0;0.0;0.0;8005.0
87.5;3158.6;0.0;0.0;0.0;8005.0
97.0;3158.6;0.0;0.0;0.0;8005.0
84.0;3158.6;0.0;0.0;0.0;8005.0
100.3;3158.6;0.0;0.0;0.0;8005.0
96.8;3158.6;0.0;0.0;0.0;8005.0
99.4;3158.6;0.0;0.0;0.0;8005.0
8.3;3152.9;17.9;69.5;4.0;8005.0
8.4;3157.0;0.6;2.1;0.0;8005.0
8.4;3159.8;0.3;2.3;1.0;8005.0
