8.3;45.6;18.6;1.2;0.0;893.0
8.3;100.3;105.6;9.1;0.0;893.0
8.3;141.5;147.5;8.8;0.0;893.0
8.3;171.4;129.9;7.2;0.0;893.0
8.3;199.5;92.2;6.3;0.0;893.0
8.4;224.9;145.1;5.1;0.0;893.0
8.4;236.3;0.1;0.0;0.0;905.0
8.4;661.0;61.1;33.0;5.0;3883.0
8.3;1024.1;0.8;32.9;12.0;7848.0
0.0;991.4;2.9;0.0;0.0;7848.0
0.0;991.4;0.0;0.0;0.0;7848.0
0.0;991.4;0.0;0.0;0.0;7848.0
0.0;991.4;0.0;0.0;0.0;7848.0
0.0;991.4;0.0;0.0;0.0;7848.0
0.0;991.4;0.0;0.0;0.0;7848.0
0.0;991.4;0.0;0.0;0.0;7848.0
0.0;991.4;0.0;0.0;0.0;7848.0
0.0;991.4;0.0;0.0;0.0;7848.0
4.2;1064.8;0.6;73.4;0.0;7848.0
0.0;1147.0;1.3;80.1;0.0;7848.0
8.3;1301.9;0.1;0.0;0.0;7848.0
8.3;1305.5;0.0;0.0;0.0;7848.0
8.3;1314.3;0.0;0.0;0.0;7848.0
8.4;1324.8;0.3;0.0;0.0;7848.0
8.3;1398.8;0.0;0.0;0.0;7848.0
8.3;1380.6;0.3;0.0;0.0;7848.0
8.3;1391.7;0.9;3.1;0.0;7848.0
17.9;1432.9;0.0;0.0;0.0;7848.0
8.3;1435.1;0.0;0.0;0.0;7848.0
8.4;1440.9;0.0;0.0;0.0;7848.0
8.3;1455.0;0.0;0.0;0.0;7848.0
8.4;1496.8;0.1;0.0;2.0;7945.0
8.3;1929.6;3.0;0.0;13.0;8015.0
8.3;1931.0;17.6;0.3;94.0;8015.0
12.5;1931.0;0.0;0.0;97.0;8015.0
9.7;1931.1;0.0;0.0;96.0;8015.0
9.5;1931.1;0.0;0.0;96.0;8015.0
8.3;1931.1;0.0;0.0;99.0;8015.0
8.3;1931.1;0.0;0.0;96.0;8015.0
8.3;1931.2;0.0;0.0;96.0;8015.0
7.1;1931.2;0.0;0.0;96.0;8015.0
9.5;1931.2;0.0;0.0;97.0;8015.0
11.9;1931.2;0.0;0.0;96.0;8015.0
8.3;1931.2;0.0;0.0;96.0;8015.0
8.3;1931.2;0.0;0.0;99.0;8015.0
8.4;1931.2;0.0;0.0;96.0;8015.0
8.4;1931.2;0.0;0.0;96.0;8015.0
8.4;1931.2;0.0;0.0;96.0;8015.0
8.4;1930.8;18.8;0.3;88.0;8015.0
8.3;1982.8;7.6;0.1;37.0;8015.0
25.1;2328.7;4.0;0.1;29.0;8015.0
99.7;2976.0;0.0;0.0;0.0;8015.0
8.3;2978.0;3.1;0.6;0.0;8015.0
8.4;2979.9;1.5;6.8;0.0;8015.0
8.3;2980.2;1.0;4.5;0.0;8015.0
8.4;2982.5;1.0;4.5;0.0;8015.0
8.3;2981.4;1.2;6.8;0.0;8015.0
8.4;2981.9;1.3;4.5;0.0;8015.0
8.4;2982.7;1.1;4.5;0.0;8015.0
8.3;2984.5;1.3;1.0;0.0;8015.0
8.3;2984.7;6.5;33.0;0.0;8015.0
9.5;2989.4;0.9;3.2;12.0;8015.0
8.4;2989.4;0.0;0.0;96.0;8015.0
8.4;2989.4;0.0;0.0;96.0;8015.0
9.6;2989.4;0.0;0.0;96.0;8015.0
8.4;2989.4;0.0;0.0;96.0;8015.0
8.4;2989.4;0.0;0.0;99.0;8015.0
8.3;2989.4;0.0;0.0;96.0;8015.0
8.4;2989.4;0.0;0.0;96.0;8015.0
9.7;2989.4;0.0;0.0;96.0;8015.0
8.3;2989.4;0.0;0.0;97.0;8015.0
9.6;2989.4;0.0;0.0;99.0;8015.0
9.6;2989.4;0.0;0.0;96.0;8015.0
9.4;2989.4;0.0;0.0;96.0;8015.0
8.3;2989.4;0.0;0.0;96.0;8015.0
5.5;2989.4;0.0;0.0;96.0;8015.0
10.7;2989.0;0.0;0.0;96.0;8015.0
20.1;2995.3;0.0;0.0;49.0;8015.0
99.1;2995.3;0.0;0.0;0.0;8015.0
97.0;2995.3;0.0;0.0;0.0;8015.0
8.4;3092.4;17.9;66.6;2.0;8015.0
8.3;2993.9;0.6;1.6;0.0;8015.0
7.2;2999.6;0.3;1.7;99.0;8015.0
8.3;2999.7;0.0;0.0;95.0;8015.0
8.4;2999.7;0.0;0.0;96.0;8015.0
9.5;2999.7;0.0;0.0;96.0;8015.0
8.3;2999.7;0.0;0.0;96.0;8015.0
8.3;2999.7;0.0;0.0;96.0;8015.0
8.3;2999.7;0.0;0.0;96.0;8015.0
9.6;2999.7;0.0;0.0;95.0;8015.0
8.3;2999.7;0.0;0.0;96.0;8015.0
9.6;2999.7;0.0;0.0;96.0;8015.0
8.3;2999.7;0.0;0.0;99.0;8015.0
18.0;2999.7;0.0;0.0;96.0;8015.0
8.3;2999.7;0.0;0.0;98.0;8015.0
10.7;2999.7;0.0;0.0;96.0;8015.0
8.4;2999.7;0.0;0.0;97.0;8015.0
8.4;3002.3;0.0;0.0;99.0;8015.0
8.3;3012.0;0.0;0.0;17.0;8015.0
91.7;3012.0;0.0;0.0;0.0;8015.0
91.7;3012.0;0.0;0.0;0.0;8015.0
84.8;3012.0;0.0;0.0;0.0;8015.0
9.7;3006.4;11.3;32.9;2.0;8015.0
8.3;3008.2;6.6;34.0;0.0;8015.0
8.3;3014.0;0.9;3.4;0.0;8015.0
8.3;3014.0;0.0;0.0;96.0;8015.0
8.3;3014.0;0.0;0.0;99.0;8015.0
8.4;3014.0;0.0;0.0;96.0;8015.0
10.8;3014.0;0.0;0.0;96.0;8015.0
8.3;3014.0;0.0;0.0;96.0;8015.0
8.4;3014.0;0.0;0.0;97.0;8015.0
8.4;3014.0;0.0;0.0;99.0;8015.0
9.6;3014.0;0.0;0.0;96.0;8015.0
8.4;3014.0;0.0;0.0;96.0;8015.0
15.2;3014.0;0.0;0.0;95.0;8015.0
8.3;3014.0;0.0;0.0;96.0;8015.0
8.3;3014.0;0.0;0.0;96.0;8015.0
8.4;3014.0;0.0;0.0;96.0;8015.0
11.1;3014.0;0.0;0.0;96.0;8015.0
11.1;3013.5;0.0;0.0;96.0;8015.0
8.3;3024.5;0.0;0.0;0.0;8015.0
99.0;3024.9;0.0;0.0;0.0;8015.0
97.0;3024.9;0.0;0.0;0.0;8015.0
99.7;3024.9;0.0;0.0;0.0;8015.0
100.8;3024.9;0.0;0.0;0.0;8015.0
8.3;3052.1;17.8;67.3;1.0;8015.0
8.4;3021.5;0.7;1.7;0.0;8015.0
8.3;3034.3;0.3;1.8;14.0;8015.0
8.3;3030.4;0.0;0.0;95.0;8015.0
8.4;3030.4;0.0;0.0;96.0;8015.0
8.4;3030.4;0.0;0.0;99.0;8015.0
8.3;3030.4;0.0;0.0;96.0;8015.0
12.6;3030.4;0.0;0.0;97.0;8015.0
8.3;3030.4;0.0;0.0;95.0;8015.0
8.4;3030.4;0.0;0.0;96.0;8015.0
8.3;3030.4;0.0;0.0;96.0;8015.0
9.8;3030.4;0.0;0.0;96.0;8016.0
9.6;3030.4;0.0;0.0;96.0;8012.0
8.3;3030.4;0.0;0.0;96.0;8012.0
8.4;3030.4;0.0;0.0;99.0;8012.0
8.3;3030.4;0.0;0.0;96.0;8012.0
8.3;3030.4;0.0;0.0;96.0;8012.0
8.3;3029.9;0.0;0.0;96.0;8012.0
8.4;3043.0;0.0;0.0;1.0;8012.0
98.2;3043.5;0.0;0.0;52.0;8045.0
100.3;3043.5;0.0;0.0;0.0;8037.0
83.6;3043.5;0.0;0.0;0.0;8037.0
99.4;3043.5;0.0;0.0;0.0;8037.0
81.7;3043.5;0.0;0.0;0.0;8037.0
100.3;3043.5;0.0;0.0;0.0;8037.0
8.3;3038.4;17.9;67.6;0.0;8037.0
8.3;3040.2;0.6;1.8;0.0;8037.0
8.4;3048.0;0.3;1.9;58.0;8046.0
8.3;3048.0;0.0;0.0;99.0;8046.0
8.4;3048.0;0.0;0.0;96.0;8053.0
8.4;3048.0;0.0;0.0;99.0;8053.0
9.6;3048.0;0.0;0.0;95.0;8037.0
7.0;3048.0;0.0;0.0;99.0;8037.0
8.4;3048.0;0.0;0.0;96.0;8037.0
8.4;3048.0;0.0;0.0;99.0;8037.0
8.3;3048.0;0.0;0.0;96.0;8037.0
8.3;3048.0;0.0;0.0;96.0;8037.0
8.3;3048.0;0.0;0.0;96.0;8029.0
7.1;3048.0;0.0;0.0;95.0;8029.0
9.6;3048.0;0.0;0.0;96.0;8042.0
8.3;3048.0;0.0;0.0;95.0;8034.0
9.6;3048.0;0.0;0.0;99.0;8034.0
8.3;3048.0;0.0;0.0;96.0;8035.0
7.1;3050.6;0.0;0.0;60.0;8044.0
8.4;3059.7;0.0;0.0;1.0;8039.0
98.2;3061.0;0.0;0.0;39.0;8039.0
98.4;3061.0;0.0;0.0;0.0;8038.0
95.6;3061.0;0.0;0.0;2.0;8038.0
99.0;3061.0;0.0;0.0;2.0;8030.0
88.4;3061.0;0.0;0.0;2.0;8030.0
88.4;3061.0;0.0;0.0;0.0;8030.0
95.6;3061.0;0.0;0.0;0.0;8025.0
96.9;3061.0;0.0;0.0;2.0;8032.0
8.4;3055.2;17.9;68.0;0.0;8032.0
8.3;3059.1;0.6;1.8;0.0;8032.0
9.6;3068.4;0.3;2.0;55.0;8028.0
8.4;3068.4;0.0;0.0;95.0;8036.0
8.4;3068.4;0.0;0.0;96.0;8044.0
9.8;3068.4;0.0;0.0;95.0;8030.0
10.8;3068.4;0.0;0.0;96.0;8005.0
8.4;3068.4;0.0;0.0;96.0;8005.0
9.5;3068.4;0.0;0.0;96.0;8005.0
12.5;3068.4;0.0;0.0;96.0;8005.0
7.1;3068.4;0.0;0.0;97.0;8005.0
8.3;3068.4;0.0;0.0;99.0;8005.0
10.8;3068.4;0.0;0.0;96.0;8005.0
8.3;3068.4;0.0;0.0;96.0;8005.0
8.3;3068.4;0.0;0.0;96.0;8005.0
8.4;3068.4;0.0;0.0;96.0;8005.0
8.3;3068.4;0.0;0.0;96.0;8005.0
8.4;3068.4;0.0;0.0;97.0;8005.0
8.3;3078.9;0.0;0.0;4.0;8005.0
8.4;3082.8;0.0;0.0;28.0;8005.0
97.1;3082.8;0.0;0.0;0.0;8005.0
98.0;3082.8;0.0;0.0;0.0;8005.0
96.9;3082.8;0.0;0.0;0.0;8005.0
99.4;3082.8;0.0;0.0;0.0;8005.0
99.7;3082.8;0.0;0.0;0.0;8005.0
97.9;3082.8;0.0;0.0;0.0;8005.0
100.3;3082.8;0.0;0.0;0.0;8005.0
99.1;3082.8;0.0;0.0;0.0;8005.0
8.4;3210.1;17.9;68.4;2.0;8005.0
8.4;3081.0;0.6;1.9;0.0;8005.0
8.4;3083.9;0.3;2.0;0.0;8005.0
8.4;3084.7;0.0;0.0;96.0;8005.0
8.4;3084.7;0.0;0.0;99.0;8005.0
8.4;3084.7;0.0;0.0;96.0;8005.0
9.5;3084.7;0.0;0.0;96.0;8005.0
8.3;3084.7;0.0;0.0;96.0;8005.0
8.3;3084.7;0.0;0.0;96.0;8005.0
9.7;3084.7;0.0;0.0;96.0;8005.0
8.3;3084.7;0.0;0.0;96.0;8005.0
8.3;3084.7;0.0;0.0;99.0;8005.0
8.3;3084.7;0.0;0.0;96.0;8005.0
8.3;3084.7;0.0;0.0;96.0;8005.0
15.4;3084.7;0.0;0.0;96.0;8005.0
11.9;3084.7;0.0;0.0;96.0;8005.0
11.9;3084.7;0.0;0.0;95.0;8005.0
12.6;3084.7;0.0;0.0;96.0;8005.0
8.3;3095.8;0.0;0.0;3.0;8005.0
8.4;3103.8;0.0;0.0;0.0;8005.0
100.0;3103.8;0.0;0.0;40.0;8005.0
99.4;3103.8;0.0;0.0;0.0;8005.0
99.4;3103.8;0.0;0.0;0.0;8005.0
97.9;3103.8;0.0;0.0;0.0;8005.0
99.1;3103.8;0.0;0.0;0.0;8005.0
99.7;3103.8;0.0;0.0;0.0;8005.0
99.7;3103.9;0.0;0.0;0.0;8005.0
99.4;3103.9;0.0;0.0;0.0;8005.0
96.9;3103.9;0.0;0.0;0.0;8005.0
17.9;3104.8;2.1;3.0;0.0;8005.0
8.3;3100.2;15.8;65.8;0.0;8005.0
8.4;3100.5;0.6;2.0;0.0;8005.0
10.7;3105.9;0.3;2.1;99.0;8005.0
11.9;3105.9;0.0;0.0;95.0;8005.0
11.1;3105.9;0.0;0.0;96.0;8005.0
8.3;3105.9;0.0;0.0;96.0;8005.0
8.3;3105.9;0.0;0.0;97.0;8005.0
9.5;3105.9;0.0;0.0;96.0;8005.0
9.7;3105.9;0.0;0.0;96.0;8005.0
8.4;3105.9;0.0;0.0;99.0;8005.0
8.3;3105.9;0.0;0.0;96.0;8005.0
8.4;3105.9;0.0;0.0;96.0;8005.0
9.5;3105.9;0.0;0.0;96.0;8005.0
8.4;3105.9;0.0;0.0;97.0;8005.0
8.4;3105.9;0.0;0.0;96.0;8005.0
8.3;3105.9;0.0;0.0;96.0;8005.0
8.4;3105.9;0.0;0.0;99.0;8005.0
9.7;3105.4;0.0;0.0;96.0;8005.0
8.4;3124.4;0.0;0.0;0.0;8005.0
47.4;3132.3;0.0;0.0;58.0;8005.0
100.3;3132.3;0.0;0.0;0.0;8005.0
100.8;3132.3;0.0;0.0;0.0;8005.0
92.0;3132.3;0.0;0.0;0.0;8005.0
99.1;3132.3;0.0;0.0;0.0;8005.0
99.1;3132.3;0.0;0.0;0.0;8005.0
99.1;3132.3;0.0;0.0;0.0;8005.0
100.3;3132.3;0.0;0.0;0.0;8005.0
96.8;3132.3;0.0;0.0;0.0;8005.0
99.4;3132.3;0.0;0.0;0.0;8005.0
99.0;3132.3;0.0;0.0;0.0;8005.0
84.0;3132.3;0.0;0.0;0.0;8005.0
8.4;3128.3;17.9;69.2;0.0;8005.0
8.3;3128.6;0.6;2.1;0.0;8005.0
8.3;3133.3;0.3;2.2;99.0;8005.0
9.5;3133.3;0.0;0.0;96.0;8005.0
11.1;3133.3;0.0;0.0;95.0;8005.0
8.3;3133.3;0.0;0.0;96.0;8005.0
8.4;3133.3;0.0;0.0;96.0;8005.0
8.4;3133.3;0.0;0.0;98.0;8005.0
9.8;3133.3;0.0;0.0;96.0;8005.0
9.6;3133.3;0.0;0.0;97.0;8005.0
9.8;3133.3;0.0;0.0;96.0;8005.0
8.3;3133.3;0.0;0.0;99.0;8005.0
8.4;3133.3;0.0;0.0;96.0;8005.0
8.3;3133.3;0.0;0.0;96.0;8005.0
8.4;3133.3;0.0;0.0;96.0;8005.0
8.4;3133.3;0.0;0.0;96.0;8005.0
11.9;3133.3;0.0;0.0;96.0;8005.0
8.3;3132.8;0.0;0.0;95.0;8005.0
8.3;3146.0;0.0;0.0;0.0;8005.0
8.4;3155.3;0.0;0.0;2.0;8005.0
99.0;3155.3;0.0;0.0;0.0;8005.0
100.3;3155.3;0.0;0.0;0.0;8005.0
99.4;3155.3;0.0;0.0;0.0;8005.0
99.4;3155.3;0.0;0.0;0.0;8005.0
99.4;3155.3;0.0;0.0;0.0;8005.0
98.0;3155.3;0.0;0.0;0.0;8005.0
98.0;3155.3;0.0;0.0;0.0;8005.0
94.7;3155.3;0.0;0.0;0.0;8005.0
100.3;3155.3;0.0;0.0;0.0;8005.0
95.9;3155.4;0.0;0.0;0.0;8005.0
98.2;3155.4;0.0;0.0;0.0;8005.0
6.9;3149.3;10.3;35.6;1.0;8005.0
8.4;3149.7;7.6;34.1;0.0;8005.0
