179.6;230170624;798
99.8;327819264;965
119.8;355475456;1267
99.8;404103168;1268
119.8;482267136;1085
99.9;482660352;1511
99.8;486199296;1499
109.8;486199296;1537
99.8;486199296;1525
89.8;486199296;1546
109.8;486723584;1256
109.8;486854656;8
519.8;492466176;4
750.2;578519040;5
674.9;591233024;3
598.9;594903040;4
588.6;663977984;4
588.9;805142528;2
419.2;805404672;4
99.9;805404672;0
99.9;805404672;0
99.9;805404672;0
99.9;805404672;0
99.9;805404672;0
99.9;805404672;0
99.9;805404672;0
99.9;805404672;0
99.9;805404672;0
99.9;805404672;0
99.9;805404672;0
99.9;805404672;0
99.9;805404672;0
99.9;805404672;0
99.9;805404672;0
99.9;805404672;0
99.9;805404672;0
99.9;805404672;0
99.9;805404672;0
99.9;805404672;0
99.9;805404672;0
99.9;805404672;0
99.9;805404672;0
99.9;805404672;0
99.9;805404672;0
99.9;805404672;0
99.9;805404672;0
99.9;805404672;0
99.9;805404672;0
99.9;803078144;0
99.9;803078144;0
99.9;803078144;0
99.9;803078144;0
99.9;803078144;0
99.9;803078144;0
99.9;803078144;0
99.9;803078144;0
99.9;803078144;0
99.9;803078144;0
99.9;803078144;0
99.9;803078144;0
99.9;803078144;0
99.9;803078144;0
99.9;803078144;0
99.9;803078144;0
99.9;803078144;0
99.9;803078144;0
99.9;803078144;0
99.9;803078144;0
99.9;803078144;0
99.9;803078144;0
99.9;803078144;0
99.9;803078144;0
99.9;803078144;0
99.9;803078144;0
99.9;803078144;0
99.9;803078144;0
99.9;803078144;0
99.9;803078144;0
99.9;803078144;0
99.9;803078144;0
99.9;803078144;0
99.9;803078144;0
99.9;803078144;0
109.9;803078144;0
99.9;803078144;0
99.9;803078144;0
99.9;803078144;0
99.9;803078144;0
99.9;803078144;0
99.9;803078144;0
99.9;803078144;0
99.9;803078144;0
99.9;803078144;0
99.9;803078144;0
99.9;803078144;0
99.9;803078144;0
99.9;803078144;0
99.9;803078144;0
99.9;803078144;0
99.9;803078144;0
99.9;803078144;0
99.9;803078144;0
99.9;803078144;0
99.9;803078144;0
99.9;803078144;0
99.9;803078144;0
99.9;803078144;0
99.9;803078144;0
99.9;803078144;0
99.9;803078144;0
99.9;803078144;0
99.9;803078144;0
99.9;803078144;0
99.9;803078144;0
99.9;803078144;0
99.9;803078144;0
99.9;803078144;0
99.9;803078144;0
99.9;803078144;0
99.9;803078144;0
99.9;803078144;0
99.9;803078144;0
99.9;803078144;0
99.9;803078144;0
99.9;803078144;0
99.9;803078144;0
99.9;803078144;0
99.9;803078144;0
99.9;803078144;0
99.9;803078144;0
99.9;803078144;0
99.9;803078144;0
99.9;803078144;0
99.9;803078144;0
99.9;803078144;0
99.9;803078144;0
99.9;803078144;0
99.9;803078144;0
99.9;803078144;0
99.9;803078144;0
99.9;803078144;0
99.9;803078144;0
99.9;803078144;0
99.9;803078144;0
99.9;803078144;0
99.9;803078144;0
99.9;803078144;0
99.9;803078144;0
99.9;803078144;0
99.9;803078144;0
99.9;803078144;0
99.9;803078144;0
99.9;803078144;0
99.9;803078144;0
99.9;803078144;0
99.9;803078144;0
99.9;803078144;0
99.9;803078144;0
99.9;803078144;0
99.9;803078144;0
99.9;803078144;0
99.9;803078144;0
99.9;803078144;0
99.9;803078144;0
99.9;803078144;0
99.9;803078144;0
99.9;803078144;0
99.9;803078144;0
99.9;803078144;0
99.9;803078144;0
99.9;803078144;0
99.9;803078144;0
99.9;803078144;0
99.9;803078144;0
99.9;803078144;0
99.9;803078144;0
99.9;803078144;0
99.9;803078144;0
99.9;803078144;0
99.9;803078144;0
99.9;803078144;0
99.9;803078144;0
99.9;803078144;0
99.9;803078144;0
99.9;803078144;0
99.9;803078144;0
99.9;803078144;0
99.9;803078144;0
99.9;803078144;0
99.9;803078144;0
99.9;803078144;0
99.9;803078144;0
99.9;803078144;0
99.9;803078144;0
99.9;803078144;0
109.9;803078144;0
99.9;803078144;0
99.9;803078144;0
99.9;803078144;0
99.9;803078144;0
99.9;803078144;0
99.9;803078144;0
99.9;803078144;0
99.9;803078144;0
99.9;803078144;0
99.9;803078144;0
99.9;803078144;0
99.9;803078144;0
99.9;803078144;0
99.9;803078144;0
99.9;803078144;0
99.8;803078144;0
99.9;803078144;0
99.9;803078144;0
99.9;803078144;0
99.9;803078144;0
99.9;803078144;0
99.9;803078144;0
99.9;803078144;0
99.9;803078144;0
99.9;803078144;0
99.9;803078144;0
99.9;803078144;0
99.9;803078144;0
99.9;803078144;0
99.9;803078144;0
99.9;803078144;0
99.9;803078144;0
99.9;803078144;0
99.9;803078144;0
99.9;803078144;0
99.9;803078144;0
99.9;803078144;0
99.8;803078144;0
99.9;803078144;0
99.9;803078144;0
109.9;803078144;0
99.9;803078144;0
99.9;803078144;0
99.9;803078144;0
99.9;803078144;0
99.9;803078144;0
99.9;803078144;0
109.9;803078144;0
99.9;803078144;0
99.9;803078144;0
99.9;803078144;0
99.9;803078144;0
99.9;803078144;0
99.9;803078144;0
99.9;803078144;0
99.9;803078144;0
99.9;803078144;0
99.9;803078144;0
99.9;803078144;0
99.9;803078144;0
99.9;803078144;0
99.9;803078144;0
99.9;803078144;0
99.9;803078144;0
99.9;803078144;0
99.9;803078144;0
99.9;803078144;0
99.9;803078144;0
99.9;803078144;0
99.9;803078144;0
99.9;803078144;0
99.9;803078144;0
99.9;803078144;0
99.9;803078144;0
99.9;803078144;0
99.9;803078144;0
99.9;803078144;0
99.9;803078144;0
99.9;803078144;0
99.9;803078144;0
99.9;803078144;0
99.9;803078144;0
99.9;803078144;0
99.9;803078144;0
99.9;803078144;0
99.9;803078144;0
99.9;803078144;0
99.9;803078144;0
109.9;803078144;0
99.9;803078144;0
99.8;803078144;0
99.9;803078144;0
99.9;803078144;0
99.9;803078144;0
99.9;803078144;0
99.9;803078144;0
99.9;803078144;0
99.9;803078144;0
99.9;803078144;0
99.9;803078144;0
99.9;803078144;0
99.9;803078144;0
99.9;803078144;0
99.9;803078144;0
