179.7;240304128;853
99.8;334807040;937
109.8;357351424;1253
99.9;404799488;1215
109.8;483442688;1033
99.9;483442688;1471
109.8;487374848;1462
99.8;487374848;1480
99.9;487374848;1466
99.9;487374848;1470
89.9;487374848;1480
119.8;488030208;115
426.7;489865216;4
753.7;490573824;3
723.6;582303744;4
698.5;594624512;4
688.5;597639168;4
688.6;837894144;2
658.6;846020608;2
239.7;846151680;2
99.9;846151680;0
99.9;846151680;0
99.9;846151680;0
99.9;846151680;0
99.9;846151680;0
99.9;846151680;0
99.9;846151680;0
99.9;846151680;0
109.9;846151680;0
99.9;846151680;0
99.9;846151680;0
99.9;846151680;0
99.9;846151680;0
99.9;846151680;0
99.9;846151680;0
109.9;846151680;0
99.9;846151680;0
99.9;846151680;0
99.9;846151680;0
99.9;846151680;0
99.9;846151680;0
99.9;846151680;0
99.9;846151680;0
99.9;846151680;0
99.9;846151680;0
99.9;846151680;0
99.9;846151680;0
99.9;846151680;0
99.9;845627392;0
99.9;845627392;0
99.9;845627392;0
99.9;845627392;0
99.9;845627392;0
99.9;845627392;0
99.9;845627392;0
99.9;845627392;0
99.9;845627392;0
99.9;845627392;0
99.9;845627392;0
99.9;845627392;0
99.9;845627392;0
99.9;845627392;0
99.9;845627392;0
99.9;845627392;0
99.9;845627392;0
99.9;845627392;0
99.9;845627392;0
99.9;845627392;0
99.9;845627392;0
99.9;845627392;0
99.9;845627392;0
99.9;845627392;0
99.9;845627392;0
99.9;845627392;0
99.9;845627392;0
99.9;845627392;0
99.9;845627392;0
99.9;845627392;0
99.9;845627392;0
99.9;845627392;0
99.9;845627392;0
99.9;845627392;0
99.9;845627392;0
99.9;845627392;0
99.9;845627392;0
99.9;845627392;0
99.9;845627392;0
99.9;845627392;0
99.9;845627392;0
99.9;845627392;0
99.9;845627392;0
99.9;845627392;0
99.9;845627392;0
99.9;845627392;0
99.9;845627392;0
99.9;845627392;0
99.9;845627392;0
99.9;845627392;0
99.9;845627392;0
99.9;845627392;0
99.9;845627392;0
99.9;845627392;0
99.9;845627392;0
99.9;845627392;0
99.9;845627392;0
99.9;845627392;0
99.9;845627392;0
99.9;845627392;0
99.9;845627392;0
99.9;845627392;0
99.9;845627392;0
99.9;845627392;0
99.9;845627392;0
99.9;845627392;0
99.9;845627392;0
99.9;845627392;0
99.9;845627392;0
99.9;845627392;0
99.9;845627392;0
99.9;845627392;0
99.9;845627392;0
99.9;845627392;0
99.9;845627392;0
99.9;845627392;0
99.9;845627392;0
99.9;845627392;0
99.9;845627392;0
99.9;845627392;0
99.9;845627392;0
99.9;845627392;0
99.9;845627392;0
99.9;845627392;0
99.9;845627392;0
99.9;845627392;0
99.9;845627392;0
99.9;845627392;0
99.9;845627392;0
99.9;845627392;0
99.9;845627392;0
99.9;845627392;0
99.9;845627392;0
99.9;845627392;0
99.9;845627392;0
99.9;845627392;0
99.9;845627392;0
99.9;845627392;0
99.9;845627392;0
99.9;845627392;0
99.9;845627392;0
99.9;845627392;0
99.9;845627392;0
99.9;845627392;0
99.9;845627392;0
99.9;845627392;0
99.9;845627392;0
99.9;845627392;0
99.9;845627392;0
99.9;845627392;0
99.9;845627392;0
99.9;845627392;0
99.9;845627392;0
99.9;845627392;0
109.9;845627392;0
99.9;845627392;0
99.9;845627392;0
99.9;845627392;0
99.9;845627392;0
99.9;845627392;0
99.9;845627392;0
99.9;845627392;0
99.9;845627392;0
99.9;845627392;0
99.9;845627392;0
99.9;845627392;0
99.9;845627392;0
99.9;845627392;0
99.9;845627392;0
99.9;845627392;0
99.9;845627392;0
99.9;845627392;0
99.9;845627392;0
99.9;845627392;0
99.9;845627392;0
109.9;845627392;0
99.9;845627392;0
99.9;845627392;0
99.9;845627392;0
99.9;845627392;0
99.9;845627392;0
99.9;845627392;0
99.9;845627392;0
99.9;845627392;0
99.9;845627392;0
99.9;845627392;0
99.9;845627392;0
99.9;845627392;0
99.9;845627392;0
99.9;845627392;0
99.9;845627392;0
99.9;845627392;0
99.9;845627392;0
99.9;845627392;0
99.9;845627392;0
99.9;845627392;0
99.9;845627392;0
99.9;845627392;0
99.9;845627392;0
99.9;845627392;0
99.9;845627392;0
99.9;845627392;0
99.9;845627392;0
99.9;845627392;0
99.9;845627392;0
99.9;845627392;0
99.9;845627392;0
99.9;845627392;0
99.9;845627392;0
99.9;845627392;0
99.9;845627392;0
99.9;845627392;0
99.9;845627392;0
99.9;845627392;0
99.9;845627392;0
99.9;845627392;0
99.9;845627392;0
99.9;845627392;0
99.9;845627392;0
99.9;845627392;0
99.9;845627392;0
99.9;845627392;0
99.9;845627392;0
99.9;845627392;0
99.9;845627392;0
99.9;845627392;0
99.9;845627392;0
99.9;845627392;0
109.9;845627392;0
99.9;845627392;0
99.9;845627392;0
99.9;845627392;0
99.9;845627392;0
99.9;845627392;0
99.9;845627392;0
99.9;845627392;0
99.9;845627392;0
99.9;845627392;0
99.9;845627392;0
99.9;845627392;0
99.9;845627392;0
99.9;845627392;0
99.9;845627392;0
99.9;845627392;0
99.9;845627392;0
99.9;845627392;0
99.9;845627392;0
99.9;845627392;0
99.9;845627392;0
99.9;845627392;0
99.9;845627392;0
99.9;845627392;0
99.9;845627392;0
99.9;845627392;0
99.9;845627392;0
99.9;845627392;0
99.9;845627392;0
99.9;845627392;0
99.9;845627392;0
99.9;845627392;0
99.9;845627392;0
99.9;845627392;0
99.9;845627392;0
99.9;845627392;0
99.9;845627392;0
99.9;845627392;0
99.9;845627392;0
99.9;845627392;0
99.9;845627392;0
99.9;845627392;0
99.9;845627392;0
99.9;845627392;0
99.9;845627392;0
99.9;845627392;0
99.9;845627392;0
99.9;845627392;0
99.9;845627392;0
99.9;845627392;0
99.9;845627392;0
99.9;845627392;0
99.9;845627392;0
99.9;845627392;0
99.9;845627392;0
99.9;845627392;0
99.9;845627392;0
99.9;845627392;0
99.9;845627392;0
99.9;845627392;0
99.9;845627392;0
99.9;845627392;0
99.9;845627392;0
99.9;845627392;0
