44.9;101.2;69.0;0.0
54.8;114.6;89.0;0.0
84.7;139.1;55.2;0.0
40.0;156.6;40.1;0.0
0.0;156.6;0.0;0.0
0.0;156.6;0.0;0.0
0.0;156.6;0.1;0.0
0.0;156.6;0.0;0.0
0.0;156.6;1.3;0.0
0.0;156.6;0.0;0.0
0.0;156.6;0.7;0.0
0.0;156.6;0.0;0.0
0.0;156.6;0.6;0.0
0.0;156.6;0.0;0.0
0.0;156.6;0.7;0.0
0.0;156.6;0.0;0.0
45.5;160.3;0.3;0.0
10.0;160.8;2.4;0.0
40.0;161.0;4.1;0.0
53.6;161.0;0.0;0.0
48.2;161.0;0.0;0.0
49.0;161.0;0.0;0.0
54.7;161.0;0.0;0.0
49.0;161.0;0.0;0.0
47.4;161.0;1.1;0.0
4.8;161.6;5.7;0.0
24.8;162.0;0.0;0.0
0.0;162.0;0.1;0.0
0.0;162.0;0.0;0.0
0.0;162.0;0.0;0.0
0.0;162.0;1.2;0.0
0.0;162.0;0.0;0.0
0.0;162.0;0.7;0.0
0.0;162.0;0.0;0.0
0.0;162.0;0.7;0.0
0.0;162.0;0.0;0.0
0.0;162.0;0.6;0.0
0.0;162.0;0.0;0.0
45.5;179.2;17.5;4.0
49.3;185.0;36.7;0.0
47.0;216.2;1177.8;0.0
49.8;245.2;935.8;0.0
53.5;247.3;290.5;0.0
49.2;247.3;313.6;0.0
50.5;247.3;345.7;0.0
50.0;247.3;322.3;0.0
49.0;247.3;325.8;0.0
50.0;247.3;341.7;0.0
50.0;247.3;318.7;0.0
49.2;247.6;350.0;0.0
48.9;247.6;353.1;0.0
50.0;247.6;355.5;0.0
50.0;247.6;352.8;0.0
49.5;247.6;340.8;0.0
47.4;279.1;94.5;68.0
54.1;279.1;1.0;320.0
46.5;279.1;0.4;128.0
53.5;186.9;0.3;20.0
