49.9;91.3;40.8;0.0
50.0;107.5;79.2;0.0
66.3;129.8;92.1;0.0
69.8;143.1;27.0;0.0
14.9;156.7;33.8;0.0
0.0;156.7;0.0;0.0
0.0;156.7;0.1;0.0
0.0;156.7;0.0;0.0
0.0;156.7;1.3;0.0
0.0;156.7;0.0;0.0
0.0;156.7;0.7;0.0
0.0;156.7;0.0;0.0
0.0;156.7;0.5;0.0
0.0;156.7;0.0;0.0
0.0;156.7;0.6;0.0
0.0;156.7;0.0;0.0
5.0;158.2;0.4;0.0
54.1;160.2;0.0;0.0
5.0;160.2;2.4;0.0
35.0;160.9;4.2;0.0
53.2;160.9;0.0;0.0
47.7;160.9;0.0;0.0
50.0;160.9;0.0;0.0
50.0;160.9;0.0;0.0
49.0;160.9;0.0;0.0
53.5;160.9;0.0;0.0
10.0;160.9;3.0;0.0
29.9;161.8;3.9;0.0
0.0;161.8;0.1;0.0
0.0;161.8;0.0;0.0
0.0;161.8;1.3;0.0
0.0;161.8;0.0;0.0
0.0;161.8;0.7;0.0
0.0;161.8;0.0;0.0
0.0;161.8;0.6;0.0
0.0;161.8;0.0;0.0
0.0;161.8;0.7;0.0
0.0;161.8;0.0;0.0
19.9;162.3;0.4;0.0
45.0;180.7;39.5;4.0
51.7;212.8;14.7;0.0
49.8;216.2;1369.7;0.0
48.9;247.3;776.4;0.0
50.0;247.3;297.4;0.0
50.0;247.3;311.6;0.0
47.1;247.3;338.4;0.0
53.6;247.3;345.6;0.0
49.1;247.3;346.4;0.0
49.2;247.3;368.9;0.0
48.6;247.6;354.5;0.0
49.5;247.6;307.2;0.0
51.5;247.6;389.6;0.0
49.2;247.6;365.4;0.0
52.9;247.6;357.2;0.0
49.8;278.9;289.5;0.0
50.7;279.1;0.6;196.0
48.6;279.1;0.8;256.0
45.0;248.7;0.5;80.0
49.7;186.4;0.0;0.0
