51.3;101.7;74.1;0.0
49.8;118.7;89.9;0.0
72.8;140.3;50.0;0.0
29.9;156.4;39.4;0.0
0.0;156.4;0.0;0.0
0.0;156.4;0.1;0.0
0.0;156.4;0.0;0.0
0.0;156.4;1.3;0.0
0.0;156.4;0.0;0.0
0.0;156.4;0.7;0.0
0.0;156.4;0.0;0.0
0.0;156.4;0.5;0.0
0.0;156.4;0.0;0.0
0.0;156.4;0.7;0.0
0.0;156.4;0.0;0.0
0.0;156.4;0.0;0.0
44.8;159.3;0.2;0.0
10.0;159.9;1.4;0.0
35.0;160.5;5.1;0.0
49.4;160.5;0.0;0.0
47.9;160.5;0.0;0.0
51.1;160.5;0.0;0.0
50.0;160.5;0.0;0.0
49.8;160.5;0.0;0.0
49.7;160.5;0.0;0.0
14.9;160.5;2.0;0.0
29.9;161.3;5.0;0.0
0.0;161.3;0.1;0.0
0.0;161.3;0.0;0.0
0.0;161.3;1.2;0.0
0.0;161.3;0.0;0.0
0.0;161.3;0.7;0.0
0.0;161.3;0.0;0.0
0.0;161.3;0.6;0.0
0.0;161.3;0.0;0.0
0.0;161.3;0.7;0.0
0.0;161.3;0.0;0.0
28.7;162.0;0.4;0.0
46.6;183.3;53.8;4.0
44.5;215.8;513.3;0.0
49.1;215.8;1449.5;0.0
50.6;247.0;1553.5;0.0
50.0;278.7;2651.5;452.0
