50.0;90.8;40.8;0.0
45.0;107.1;76.8;0.0
67.2;129.2;93.5;0.0
70.0;140.9;23.2;0.0
25.0;156.3;38.6;0.0
0.0;156.3;0.0;0.0
0.0;156.3;0.1;0.0
0.0;156.3;0.0;0.0
0.0;156.3;1.2;0.0
0.0;156.3;0.0;0.0
0.0;156.3;0.7;0.0
0.0;156.3;0.0;0.0
0.0;156.3;0.6;0.0
0.0;156.3;0.0;0.0
0.0;156.3;0.8;0.0
0.0;156.3;0.0;0.0
5.0;159.3;0.3;0.0
49.9;160.1;0.3;0.0
4.9;160.9;6.2;0.0
49.9;160.9;0.0;0.0
48.4;160.9;0.0;0.0
52.0;160.9;0.0;0.0
49.1;160.9;0.0;0.0
48.2;160.9;0.0;0.0
53.0;160.9;0.0;0.0
24.9;160.9;1.1;0.0
0.0;160.9;0.0;0.0
5.0;161.5;6.1;0.0
19.9;161.8;0.0;0.0
0.0;161.8;1.4;0.0
0.0;161.8;0.0;0.0
5.0;161.8;0.7;0.0
0.0;161.8;0.0;0.0
0.0;161.8;0.5;0.0
0.0;161.8;0.0;0.0
0.0;161.8;0.7;0.0
0.0;161.8;0.0;0.0
4.6;162.3;0.3;0.0
49.9;170.7;15.5;4.0
49.9;185.0;38.5;0.0
45.0;216.2;987.1;0.0
53.8;216.8;1076.5;0.0
44.6;247.3;296.9;0.0
55.0;247.3;334.9;0.0
48.3;247.3;316.1;0.0
49.9;247.3;305.7;0.0
55.0;247.3;337.9;0.0
50.0;247.3;333.0;0.0
43.6;247.3;388.0;0.0
53.9;247.3;334.2;0.0
50.0;247.3;367.6;0.0
51.0;247.6;365.6;0.0
49.3;247.6;357.0;0.0
54.8;278.9;270.3;0.0
50.0;279.2;0.6;196.0
48.8;279.2;0.6;192.0
49.9;248.7;0.5;92.0
49.1;183.6;0.0;0.0
