0.0;10526720;0
0.0;10526720;0
0.0;10526720;0
0.0;10526720;0
67.2;14667776;0
99.7;14696448;0
157.7;19107840;0
199.5;19169280;0
168.0;19222528;0
198.9;19234816;0
218.4;23281664;0
199.5;23347200;0
215.0;31428608;0
127.8;19419136;0
168.0;23486464;0
199.5;23519232;0
215.0;31674368;0
199.5;31674368;0
199.5;31674368;0
199.5;31674368;0
200.7;31686656;0
199.5;31760384;0
149.6;27738112;0
186.4;31846400;0
198.9;31854592;0
199.5;31895552;0
199.5;27893760;0
186.4;27951104;0
232.7;32010240;0
201.6;31993856;0
199.5;32018432;0
200.7;32047104;0
198.9;32108544;0
168.0;32190464;0
149.6;32243712;0
200.7;32186368;0
200.7;32239616;0
199.5;32301056;0
199.5;32296960;0
149.6;24256512;0
157.7;32309248;0
182.8;32346112;0
201.6;32423936;0
199.5;32423936;0
200.7;32489472;0
184.7;28454912;277
151.2;28368896;0
182.8;32428032;0
200.7;32432128;0
200.7;32464896;0
199.5;32440320;0
199.5;32497664;0
200.7;32481280;0
157.7;28504064;0
170.5;28368896;0
235.2;35840000;0
199.5;35840000;0
200.7;35840000;0
198.9;35889152;0
201.6;35905536;0
182.8;31928320;0
133.0;39084032;0
302.4;81186816;0
229.4;113414144;0
299.2;132608000;0
299.2;151179264;0
299.2;169832448;0
301.0;183840768;0
255.7;206118912;0
272.4;218566656;373
299.2;218566656;695
249.3;218533888;364
199.5;218533888;0
129.0;214507520;0
200.7;218542080;0
199.5;218542080;0
201.6;218550272;0
199.5;218550272;0
200.7;218550272;0
198.9;218550272;0
100.3;207802368;0
218.4;218566656;0
198.9;218566656;0
200.7;218566656;0
199.5;214540288;0
133.0;218562560;0
198.9;218562560;0
172.0;214536192;0
166.2;218566656;0
199.5;218566656;0
168.0;214544384;0
113.6;214560768;0
157.7;218611712;0
198.9;218611712;0
200.7;218611712;0
182.8;218611712;0
199.5;218611712;0
201.6;218611712;0
127.8;210567168;0
200.7;218632192;0
198.9;218632192;0
201.6;218632192;0
199.5;218632192;0
199.5;218632192;0
200.7;218632192;0
198.9;218632192;0
143.3;207282176;0
216.1;218644480;0
200.7;218644480;0
200.7;218644480;0
199.5;218644480;0
168.0;218681344;0
199.5;218681344;0
199.5;214659072;0
170.5;218681344;0
200.7;218681344;0
166.2;214659072;0
166.2;218681344;0
218.4;222044160;0
199.5;222044160;0
199.5;222044160;0
199.5;222044160;0
199.5;222044160;0
200.7;222044160;0
142.0;218267648;0
329.7;262004736;0
301.0;282472448;0
298.3;302931968;0
301.0;321077248;0
298.3;337575936;0
301.0;357654528;0
272.4;380116992;0
298.3;401375232;0
301.0;407617536;0
186.4;220209152;0
198.9;220213248;0
199.5;220213248;0
199.5;220213248;0
199.5;220213248;0
168.0;212492288;0
216.1;221839360;0
199.5;221839360;0
201.6;221839360;0
199.5;221839360;0
182.8;221880320;0
199.5;221880320;0
166.2;222023680;0
200.7;222023680;0
198.9;222023680;0
200.7;222023680;0
200.7;222023680;0
166.2;218107904;0
186.4;222203904;0
198.9;222203904;0
200.7;222203904;0
200.7;222203904;0
198.9;222203904;0
200.7;222203904;0
149.6;222289920;0
133.0;222429184;0
199.5;222429184;0
199.5;222429184;0
201.6;222429184;0
200.7;222429184;0
198.9;222429184;0
186.4;218406912;0
143.3;218411008;0
198.9;222478336;0
200.7;222478336;0
199.5;222478336;0
199.5;222478336;0
200.7;218583040;0
142.0;222670848;0
200.7;222670848;0
200.7;222670848;0
198.9;222670848;0
200.7;222670848;0
198.9;222793728;0
200.7;222793728;0
200.7;222793728;0
198.9;222793728;0
172.0;218771456;0
215.0;222793728;0
116.4;218767360;0
215.0;226152448;0
198.9;226152448;0
200.7;226152448;0
215.0;233246720;0
298.3;260308992;0
301.0;281739264;0
286.7;310603776;0
241.5;331227136;0
301.0;351842304;0
255.7;367239168;0
301.0;390643712;0
301.0;408125440;0
255.7;289357824;0
157.7;214781952;0
201.6;222633984;0
199.5;222633984;0
199.5;222633984;0
199.5;222760960;0
199.5;222769152;0
201.6;222769152;0
199.5;222920704;0
199.5;222920704;0
201.6;222920704;0
199.5;222920704;0
199.5;222920704;0
99.7;215826432;0
182.8;218140672;0
201.6;223019008;0
199.5;223019008;0
199.5;223019008;0
201.6;223019008;0
199.5;223019008;0
199.5;219041792;0
182.8;223068160;0
198.9;223068160;0
200.7;223068160;0
200.7;223068160;0
198.9;223068160;0
86.0;214847488;0
215.0;223207424;0
198.9;223207424;0
199.5;223207424;0
199.5;223207424;0
182.8;219181056;0
184.8;223330304;0
199.5;223367168;0
199.5;223367168;0
201.6;223367168;0
199.5;223367168;0
198.9;223367168;0
143.3;215179264;0
199.5;223588352;0
182.8;223698944;0
201.6;223698944;0
199.5;223698944;0
199.5;223698944;0
201.6;223698944;0
199.5;223735808;0
198.9;223735808;0
200.7;223735808;0
198.9;223735808;0
186.4;219709440;0
200.7;227086336;0
198.9;227086336;0
157.7;225726464;0
301.0;264810496;0
301.0;293683200;0
299.2;318996480;0
249.3;336560128;0
258.0;381845504;0
282.6;406364160;0
299.2;409337856;0
235.2;222547968;0
199.5;222547968;0
199.5;218521600;0
200.7;223514624;0
199.5;223514624;0
129.0;216784896;0
200.7;219541504;0
149.6;223690752;0
199.5;223690752;0
201.6;223690752;0
199.5;223690752;0
199.5;223690752;0
166.2;223932416;0
199.5;223936512;0
201.6;223936512;0
199.5;223936512;0
199.5;223936512;0
200.7;223924224;0
200.7;223924224;0
116.4;219918336;0
198.9;224059392;0
199.5;224059392;0
199.5;224059392;0
199.5;224059392;0
201.6;224059392;0
199.5;224059392;0
133.0;216006656;0
200.7;224301056;0
200.7;224301056;0
198.9;224301056;0
199.5;224301056;0
182.8;220160000;0
199.5;224403456;0
201.6;224534528;0
199.5;224534528;0
198.9;224534528;0
200.7;224534528;0
71.7;216485888;0
170.5;225075200;0
199.5;225075200;0
199.5;225075200;0
199.5;225075200;0
168.0;221052928;0
200.7;225210368;0
