0.0;10534912;0
0.0;10534912;0
0.0;10534912;0
43.0;14671872;0
99.4;14798848;0
133.0;19148800;0
199.5;19189760;0
172.0;19226624;0
198.9;19230720;0
218.4;23281664;0
199.5;23285760;0
200.7;31363072;0
182.8;31379456;0
235.2;31567872;0
199.5;31567872;0
157.7;27541504;0
182.8;31490048;0
149.6;27541504;0
184.7;31567872;0
200.7;31764480;0
199.5;31768576;0
199.5;31768576;0
200.7;27746304;0
113.6;27799552;0
215.0;31936512;0
198.9;31854592;0
201.6;31993856;0
199.5;31973376;0
172.0;27975680;0
200.7;32043008;0
116.4;28180480;0
216.1;32198656;0
199.5;32210944;0
200.7;32186368;0
199.5;32206848;0
201.6;32333824;0
99.7;28270592;0
157.7;32432128;0
198.9;32448512;0
201.6;32432128;0
199.5;32432128;0
199.5;32501760;0
186.4;28381184;277
182.8;32628736;0
133.0;28651520;0
199.5;32542720;0
200.7;32509952;0
170.5;28495872;0
201.6;32808960;0
199.5;32530432;0
199.5;32575488;0
184.7;28565504;0
229.4;35950592;0
199.5;35962880;0
199.5;36040704;0
168.0;38633472;0
298.3;78004224;0
299.2;108310528;0
284.1;127426560;0
134.4;146305024;0
301.0;175120384;0
299.2;200560640;0
336.0;221966336;0
299.2;217878528;648
301.0;217878528;633
213.1;217845760;151
200.7;217845760;0
166.2;219086848;0
199.5;219086848;0
184.8;215060480;0
184.7;219090944;0
200.7;219090944;0
199.5;219090944;0
117.6;211042304;0
232.7;219131904;0
200.7;219131904;0
200.7;219131904;0
198.9;219131904;0
199.5;219131904;0
199.5;219131904;0
186.4;211255296;0
213.1;214347776;0
200.7;219148288;0
200.7;219148288;0
198.9;219148288;0
182.8;219148288;0
199.5;219148288;0
201.6;215126016;0
170.5;219148288;0
172.0;215121920;0
166.2;219144192;0
199.5;219144192;0
182.8;219148288;0
200.7;219148288;0
143.3;215126016;0
199.5;219148288;0
134.4;215121920;0
216.1;219148288;0
200.7;219148288;0
198.9;219148288;0
200.7;212185088;0
199.5;219152384;0
199.5;219152384;0
201.6;219152384;0
149.6;219152384;0
157.7;219152384;0
198.9;219152384;0
200.7;219152384;0
199.5;219152384;0
199.5;219152384;0
201.6;219152384;0
142.0;211103744;0
229.4;234803200;0
269.9;262402048;0
302.4;284393472;0
299.2;303718400;0
299.2;322457600;0
252.0;339431424;0
299.2;371728384;0
258.0;388091904;0
269.9;407969792;0
269.9;235319296;0
200.7;221908992;0
200.7;221941760;0
127.8;217767936;0
157.7;223158272;0
199.5;223158272;0
199.5;223186944;0
182.8;219160576;0
166.2;223248384;0
200.7;223252480;0
198.9;223252480;0
157.7;219226112;0
157.7;219250688;0
182.8;223358976;0
199.5;223358976;0
199.5;223391744;0
201.6;223391744;0
216.1;223440896;0
116.4;215707648;0
215.0;223813632;0
199.5;223813632;0
200.7;223813632;0
184.7;223879168;0
157.7;224006144;0
199.5;224010240;0
199.5;224010240;0
201.6;224010240;0
199.5;224010240;0
199.5;224010240;0
116.4;220000256;0
149.6;220020736;0
218.4;224100352;0
198.9;224100352;0
200.7;224100352;0
200.7;224100352;0
198.9;224100352;0
182.8;220090368;0
133.0;224157696;0
168.0;224210944;0
199.5;224210944;0
199.5;224210944;0
201.6;224227328;0
199.5;224239616;0
199.5;224239616;0
142.0;216190976;0
200.7;224268288;0
201.6;224268288;0
198.9;224268288;0
186.4;220241920;0
215.0;224403456;0
198.9;224403456;0
200.7;224403456;0
198.9;224550912;0
184.8;233426944;0
299.2;259637248;0
298.3;281387008;0
301.0;300900352;0
286.7;319946752;0
269.9;336551936;0
286.7;371175424;0
232.7;389181440;0
315.8;408117248;0
235.2;243609600;0
200.7;221863936;0
156.2;219009024;0
229.4;223092736;0
200.7;223092736;0
198.9;223092736;0
172.0;215076864;0
127.8;219189248;0
200.7;223563776;0
200.7;223563776;0
198.9;223563776;0
186.4;219537408;0
172.0;223612928;0
198.9;223612928;0
143.3;219586560;0
199.5;223649792;0
99.7;219623424;0
218.4;223772672;0
199.5;223772672;0
199.5;223772672;0
201.6;223772672;0
216.1;223772672;0
199.5;223772672;0
182.8;219746304;0
166.2;223834112;0
201.6;223834112;0
199.5;223834112;0
199.5;223834112;0
67.2;215781376;0
235.2;223932416;0
199.5;223932416;0
199.5;223932416;0
199.5;223932416;0
149.6;223932416;0
201.6;223932416;0
182.8;219910144;0
149.6;223981568;0
200.7;223981568;0
199.5;224043008;0
198.9;224043008;0
200.7;224051200;0
198.9;224055296;0
129.0;216002560;0
201.6;220241920;0
216.1;227815424;0
199.5;227815424;0
201.6;227815424;0
199.5;227815424;0
199.5;227815424;0
166.2;223789056;0
216.1;244281344;0
301.0;276713472;0
286.7;300085248;0
269.9;328863744;0
299.2;344100864;0
302.4;364302336;0
299.2;385048576;0
299.2;404164608;0
258.0;400207872;0
215.0;223154176;0
198.9;223154176;0
200.7;219238400;0
172.0;223432704;0
199.5;223432704;0
199.5;223432704;0
201.6;223432704;0
182.8;219406336;0
199.5;224079872;0
133.0;224215040;0
199.5;224288768;0
166.2;216240128;0
134.4;220270592;0
199.5;224583680;0
198.9;224583680;0
200.7;224583680;0
200.7;224583680;0
199.5;224583680;0
199.5;224583680;0
149.6;216530944;0
232.7;224710656;0
201.6;224710656;0
199.5;224710656;0
99.7;217600000;0
199.5;224727040;0
201.6;224727040;0
166.2;220700672;0
116.4;220835840;0
172.0;224894976;0
198.9;224894976;0
199.5;224886784;0
201.6;224886784;0
199.5;224886784;0
83.1;216686592;0
215.0;225067008;0
201.6;225067008;0
199.5;225067008;0
170.5;221040640;0
172.0;225140736;0
199.5;225153024;0
166.2;217100288;0
302.4;244244480;0
301.0;271491072;0
299.2;293298176;0
298.3;314396672;0
301.0;332636160;0
285.6;352395264;0
229.4;384991232;0
299.2;410112000;0
299.2;321466368;0
215.0;227012608;0
198.9;227012608;0
199.5;227012608;0
200.7;227012608;0
157.7;216190976;0
216.1;227131392;0
198.9;227131392;0
172.0;227205120;0
