229.7;316268544;278
109.8;390717440;949
99.9;485875712;941
129.8;551280640;1112
99.8;551280640;1495
129.8;551366656;1338
109.9;552546304;1487
99.8;555692032;1525
109.8;555692032;1500
109.8;555692032;1549
89.9;634073088;1111
89.9;736702464;1014
99.9;838938624;1009
109.8;941699072;1015
89.9;1001467904;1239
109.8;1001467904;1523
99.9;1001467904;1542
99.8;1001467904;1547
99.8;1001467904;1548
99.8;1001598976;1521
99.8;1001598976;1550
99.8;1001598976;1540
119.8;1031614464;203
99.8;1031614464;0
129.8;1031614464;1
475.7;1035018240;3
788.8;1036943360;4
798.8;1037074432;3
767.4;1041924096;4
787.0;1048739840;2
786.5;1048870912;2
598.9;1048870912;6
518.7;1048870912;2
459.1;1052278784;4
168.3;1127907328;7
99.8;1127907328;0
129.8;1127907328;0
455.8;1199865856;1
714.2;1430683648;1
706.5;1441562624;2
795.7;1443004416;0
791.3;1443004416;0
790.0;1443135488;0
809.4;1443135488;0
721.4;1443135488;0
702.8;1443135488;0
692.6;1443135488;0
357.3;1443397632;9
99.8;1443397632;0
119.8;1443397632;1
475.4;1444184064;2
713.1;1444184064;0
721.7;1444184064;0
787.6;1444184064;1
798.5;1444184064;0
792.5;1444184064;2
772.0;1444184064;0
688.4;1444184064;0
708.3;1444184064;0
618.1;1444184064;0
359.1;1444708352;7
99.8;1444708352;0
119.8;1444839424;0
462.4;1445363712;2
647.0;1445363712;1
619.0;1445363712;0
796.4;1445363712;0
797.5;1445363712;2
798.8;1445363712;0
803.2;1445363712;0
793.5;1445363712;0
790.3;1445363712;0
568.9;1445363712;1
498.9;1445363712;0
139.7;1446150144;9
109.8;1446150144;0
149.8;1446150144;0
489.1;1446805504;1
771.2;1446805504;0
803.1;1446805504;2
782.7;1451261952;0
759.5;1703051264;2
794.1;2085781504;0
806.6;2514124800;0
738.6;2873262080;0
695.6;3206840320;0
688.7;3559555072;0
598.5;3709501440;0
369.1;3709501440;0
399.2;3611029504;4
139.7;2888552448;2
139.8;2126573568;0
189.7;1631719424;0
549.1;1680609280;0
794.1;1783238656;0
708.9;1783238656;0
752.2;1783238656;1
762.6;1783238656;1
548.8;1783238656;0
299.2;1783238656;0
199.6;1783238656;0
199.7;1783238656;0
199.4;1783238656;0
428.8;1783238656;2
389.1;1783238656;2
289.4;1783238656;0
199.6;1783238656;0
129.8;1783369728;7
99.8;1783369728;0
159.7;1783500800;0
517.3;1784287232;0
658.5;1784287232;0
784.3;1784287232;0
801.3;1784287232;0
791.8;1784287232;0
718.4;1784287232;1
439.0;1784287232;0
399.1;1784287232;0
409.1;1784287232;0
399.2;1784287232;0
399.1;1784287232;0
229.5;1784680448;7
99.8;1784680448;0
139.7;1784811520;0
547.3;1785335808;2
698.7;1785335808;0
769.1;1785335808;0
770.2;1785335808;0
760.1;1785335808;0
795.1;1785335808;2
698.4;1785335808;0
707.9;1785335808;0
688.3;1785335808;2
698.8;1785335808;0
327.0;1785466880;10
99.9;1785466880;0
109.8;1785597952;0
397.4;1786122240;0
698.9;1786122240;0
738.8;1786122240;0
786.4;1786122240;2
798.8;1790447616;0
803.3;1790447616;0
792.6;1790447616;0
753.9;1790447616;0
598.9;1790447616;0
588.8;1790447616;0
469.0;1790447616;4
99.8;1790578688;2
99.9;1790578688;0
217.8;1791234048;0
609.4;1791234048;0
712.4;1791234048;1
797.4;1791234048;2
801.3;1791234048;0
792.6;1791234048;0
800.9;1791234048;0
716.4;1791234048;2
608.5;1791234048;0
578.6;1791234048;0
508.8;1791234048;0
229.5;1791365120;7
99.8;1791365120;0
149.7;1791496192;0
541.8;1792151552;0
677.6;1792151552;0
629.0;1792151552;0
795.8;1792151552;0
800.2;1792151552;0
800.6;1792151552;0
637.4;1792151552;2
698.3;1792151552;0
598.5;1792151552;0
528.6;1792151552;0
428.9;1792282624;4
109.8;1792282624;2
99.8;1792282624;0
327.0;1793069056;1
675.8;1793069056;0
665.9;1793200128;0
708.4;1793200128;0
698.3;1793200128;0
698.4;1793200128;0
698.1;1793200128;0
658.3;1793200128;0
598.7;1793200128;0
578.6;1793200128;2
359.2;1793200128;0
209.6;1793200128;0
179.7;1793200128;10
99.8;1793200128;0
139.7;1793200128;0
521.7;1793724416;2
597.8;1793724416;0
707.8;1793724416;0
779.8;1793855488;0
792.4;1798180864;0
807.2;1798180864;0
802.7;1798180864;2
709.2;1798180864;0
692.8;1798180864;0
678.3;1798180864;2
448.8;1798180864;4
98.9;1798443008;2
99.8;1798443008;0
199.7;1798574080;1
674.7;1799098368;1
698.3;1799098368;0
768.5;1799098368;2
777.8;1799098368;0
788.1;1799098368;0
716.3;1799098368;0
603.4;1799098368;2
598.6;1799098368;0
558.6;1799098368;0
498.7;1799098368;0
249.4;1799098368;7
99.8;1799098368;0
129.8;1799229440;0
483.6;1799884800;0
706.8;1799884800;0
755.1;1799884800;0
797.6;1800015872;2
803.1;1800015872;0
805.6;1800015872;0
772.7;1800015872;2
698.2;1800015872;0
698.0;1800015872;0
528.8;1800015872;0
319.2;1800146944;6
99.8;1800146944;0
109.8;1800146944;1
414.6;1800802304;1
708.7;1800802304;1
705.8;1800802304;0
707.5;1800802304;0
698.4;1800802304;0
688.5;1800802304;0
628.7;1800802304;0
508.7;1800802304;2
685.7;1800802304;0
558.8;1800802304;0
498.8;1800802304;0
329.1;1800933376;7
99.7;1800933376;2
109.8;1801195520;0
329.3;1801850880;0
674.8;1801850880;0
706.8;1801850880;0
720.1;1801981952;0
798.1;1801981952;0
798.7;1806176256;0
795.6;1806176256;0
808.7;1806176256;0
777.0;1806176256;2
648.4;1806176256;0
339.2;1806307328;4
99.3;1806307328;2
109.8;1806307328;0
292.9;1807093760;0
717.6;1807093760;0
698.7;1807093760;0
788.8;1807093760;0
797.4;1807093760;0
803.7;1807093760;2
802.7;1807093760;0
747.4;1807093760;0
598.9;1807093760;0
498.9;1807093760;2
436.8;1807093760;0
129.2;1807093760;6
99.8;1807093760;0
189.7;1807224832;0
652.6;1807749120;0
698.6;1807749120;0
759.5;1807749120;2
798.1;1807749120;0
785.6;1807749120;0
802.0;1807749120;0
716.8;1807749120;0
698.7;1807880192;0
598.2;1807880192;0
498.6;1807880192;0
169.4;1808011264;6
99.8;1808011264;0
159.7;1808142336;0
618.4;1808666624;0
698.1;1808666624;0
772.4;1808666624;0
805.4;1808666624;0
792.0;1808666624;0
760.8;1808666624;0
698.3;1808666624;0
628.9;1808666624;0
508.9;1808666624;0
458.9;1808666624;0
249.3;1808797696;7
99.8;1808928768;2
99.8;1808928768;0
179.7;1809190912;0
