0.0;10489856;0
0.0;10489856;0
0.0;10489856;0
0.0;10489856;0
0.0;10489856;0
33.2;14626816;0
99.7;14667776;0
151.2;19079168;0
198.9;19132416;0
182.8;23212032;0
199.5;23400448;0
215.0;27439104;0
199.5;27480064;0
218.4;35581952;0
198.9;35545088;0
199.5;39731200;0
199.5;39735296;0
229.4;43831296;0
198.9;43724800;0
201.6;43790336;0
198.9;43798528;0
200.7;43786240;0
199.5;43864064;0
134.4;43847680;0
156.2;47824896;0
215.0;51904512;0
199.5;52035584;0
199.5;52113408;0
198.9;52133888;0
134.4;52117504;0
232.7;60190720;0
200.7;60211200;0
200.7;60227584;0
199.5;60252160;0
199.5;60260352;0
99.7;56602624;0
229.4;64397312;0
142.0;63647744;0
201.6;68345856;0
199.5;68493312;0
199.5;68534272;0
184.7;72687616;0
201.6;72695808;0
216.1;76701696;277
199.5;76705792;0
200.7;76705792;0
198.9;81428480;0
199.5;81428480;0
199.5;80666624;0
200.7;80683008;0
199.5;80666624;0
201.6;89468928;0
199.5;89489408;0
200.7;89489408;0
199.5;89489408;0
201.6;89489408;0
199.5;89493504;0
186.4;89481216;0
143.3;107491328;0
299.2;133640192;0
299.2;163905536;0
299.2;190201856;0
301.0;215748608;0
298.3;234426368;0
285.6;259674112;0
315.8;281411584;0
299.2;298995712;0
266.0;319528960;0
299.2;334626816;0
301.0;352964608;0
269.9;372928512;0
235.2;401817600;0
282.6;426405888;0
249.3;453951488;0
299.2;476020736;0
286.7;480808960;169
301.0;480808960;636
284.1;480796672;681
285.6;485830656;713
249.3;485793792;616
166.2;485781504;0
127.8;489832448;0
186.4;493875200;0
199.5;493858816;0
216.1;501891072;0
201.6;505896960;0
170.5;509898752;0
186.4;513921024;0
184.7;517959680;0
201.6;517959680;0
199.5;517959680;0
199.5;517959680;0
184.8;517947392;0
127.8;518782976;0
200.7;525979648;0
198.9;525979648;0
201.6;525979648;0
182.8;525967360;0
149.6;534077440;0
184.8;538116096;0
198.9;538116096;0
200.7;538116096;0
198.9;538116096;0
201.6;538116096;0
216.1;556810240;0
149.6;556793856;0
285.6;567283712;0
298.3;599490560;0
301.0;619835392;0
249.3;640585728;0
229.4;659951616;0
286.7;674033664;0
227.3;699019264;0
186.4;722456576;0
200.7;748498944;0
198.9;768286720;0
282.6;795041792;0
299.2;821669888;0
252.0;842829824;0
299.2;865075200;0
299.2;887545856;0
268.8;906166272;0
301.0;926957568;0
298.3;943435776;0
243.7;941547520;0
241.5;947482624;0
272.4;711172096;0
218.4;584896512;0
199.5;584896512;0
199.5;584896512;0
200.7;584896512;0
170.5;584884224;0
172.0;590012416;0
184.7;594210816;0
200.7;598245376;0
199.5;598245376;0
199.5;598245376;0
201.6;598245376;0
199.5;598233088;0
133.0;599384064;0
199.5;606396416;0
198.9;606396416;0
200.7;606396416;0
172.0;610549760;0
156.2;614629376;0
172.0;614612992;0
172.0;618708992;0
198.9;618708992;0
200.7;618708992;0
198.9;618708992;0
201.6;618696704;0
157.7;622727168;0
255.7;641478656;0
200.7;641478656;0
200.7;641478656;0
184.7;638324736;0
282.6;668467200;0
272.4;689684480;0
299.2;708599808;0
227.3;728797184;0
186.4;748990464;0
243.7;780922880;0
284.1;806305792;0
301.0;831320064;0
272.4;852889600;0
315.4;872648704;0
298.3;890220544;0
285.6;927793152;0
266.0;948629504;0
299.2;970395648;0
168.0;995958784;0
349.1;1020596224;0
299.2;1036181504;0
301.0;1036181504;0
298.3;1036193792;0
243.7;895545344;0
215.0;692510720;0
198.9;664649728;0
200.7;664649728;0
200.7;669896704;0
198.9;669896704;0
186.4;674050048;0
198.9;674050048;0
172.0;678182912;0
200.7;682278912;0
184.7;682278912;0
200.7;682278912;0
143.3;680001536;0
182.8;683819008;0
216.1;694517760;0
199.5;694517760;0
133.0;698056704;0
201.6;700325888;0
218.4;721354752;0
199.5;721354752;0
199.5;721354752;0
201.6;721354752;0
282.6;733302784;0
332.4;767889408;0
301.0;801386496;0
299.2;824913920;0
213.1;848728064;0
284.1;873222144;0
301.0;896147456;0
272.4;923205632;0
286.7;940441600;0
227.3;965079040;0
344.0;990367744;0
302.4;1008381952;0
258.0;1022885888;0
282.6;1036222464;0
298.3;1053016064;0
266.0;1079398400;0
286.7;1100046336;0
298.3;1113505792;0
299.2;1118072832;0
286.7;1118072832;0
215.0;884453376;0
166.2;740544512;0
227.3;750452736;0
200.7;750460928;0
184.8;750469120;0
199.5;750477312;0
199.5;750477312;0
199.5;750489600;0
199.5;750489600;0
157.7;750489600;0
129.0;750579712;0
199.5;758673408;0
199.5;758673408;0
201.6;758673408;0
200.7;758673408;0
184.7;762961920;0
166.2;762949632;0
199.5;767115264;0
116.4;767102976;0
215.0;771170304;0
200.7;771170304;0
127.8;775311360;0
182.8;779374592;0
201.6;779374592;0
199.5;779374592;0
199.5;779374592;0
200.7;779374592;0
198.9;779374592;0
129.0;779345920;0
268.8;802177024;0
199.5;802177024;0
199.5;802177024;0
200.7;802177024;0
200.7;802177024;0
198.9;802177024;0
266.0;806232064;0
266.0;838582272;0
299.2;859967488;0
301.0;878870528;0
258.0;897028096;0
282.6;912007168;0
299.2;934776832;0
302.4;954023936;0
302.4;976433152;0
299.2;994570240;0
299.2;1014194176;0
272.4;1038381056;0
299.2;1061687296;0
266.0;1084280832;0
301.0;1108135936;0
272.4;1131950080;0
302.4;1160331264;0
258.0;1178775552;0
198.9;1185030144;0
199.5;1185030144;0
201.6;1185030144;0
186.4;871133184;0
200.7;817111040;0
199.5;817111040;0
199.5;817111040;0
166.2;817094656;0
216.1;822317056;0
129.0;819077120;0
201.6;826404864;0
199.5;826404864;0
182.8;826404864;0
218.4;834719744;0
200.7;834719744;0
198.9;834719744;0
200.7;834719744;0
133.0;834703360;0
182.8;838852608;0
218.4;843010048;0
199.5;843010048;0
198.9;843010048;0
149.6;847069184;0
201.6;847069184;0
199.5;847069184;0
198.9;847069184;0
200.7;851214336;0
199.5;851214336;0
149.6;851202048;0
229.4;855298048;0
