0.0;10502144;0
0.0;10502144;0
0.0;10502144;0
0.0;10502144;0
66.5;14688256;0
100.3;14712832;0
149.6;18927616;0
199.5;18952192;0
200.7;22970368;0
200.7;23007232;0
182.8;31047680;0
151.2;27095040;0
213.1;35246080;0
182.8;35233792;0
166.2;39333888;0
200.7;39333888;0
198.9;39333888;0
201.6;39333888;0
199.5;43692032;0
200.7;43696128;0
199.5;43696128;0
184.8;43679744;0
198.9;47796224;0
200.7;47796224;0
129.0;47915008;0
232.7;52047872;0
199.5;52011008;0
200.7;52166656;0
200.7;48140288;0
216.1;55951360;0
201.6;56016896;0
184.7;56049664;0
200.7;60256256;0
170.5;64184320;0
201.6;64249856;0
199.5;64249856;0
200.7;64249856;0
200.7;64249856;0
199.5;64315392;0
166.2;73457664;0
199.5;73457664;0
184.8;73457664;0
198.9;73461760;0
200.7;72531968;0
199.5;72523776;0
172.0;72687616;277
156.2;77774848;0
184.8;85864448;0
199.5;85864448;0
199.5;85864448;0
200.7;85864448;0
198.9;85864448;0
200.7;85864448;0
199.5;85864448;0
201.6;85864448;0
33.2;84791296;0
266.0;108679168;0
201.6;108679168;0
184.7;108679168;0
200.7;108679168;0
199.5;108679168;0
184.8;98795520;0
299.2;138657792;0
282.6;167260160;0
299.2;199585792;0
302.4;223621120;0
299.2;241659904;0
299.2;265748480;0
298.3;289026048;0
272.4;310689792;0
286.7;328753152;0
255.7;348311552;0
285.6;370814976;0
299.2;387997696;0
282.6;405852160;0
298.3;423002112;0
258.0;442818560;0
301.0;464580608;0
266.0;479608832;0
301.0;480268288;208
286.7;478937088;684
298.3;485523456;645
301.0;485523456;716
282.6;485486592;562
151.2;489500672;0
182.8;489500672;0
200.7;489500672;0
200.7;489484288;0
184.7;497565696;0
199.5;497565696;0
199.5;497565696;0
168.0;501645312;0
199.5;501645312;0
199.5;501645312;0
143.3;501628928;0
184.7;505651200;0
200.7;505651200;0
199.5;505651200;0
201.6;509657088;0
199.5;509644800;0
199.5;513703936;0
134.4;510468096;0
182.8;517726208;0
199.5;517726208;0
184.7;517726208;0
200.7;521732096;0
186.4;521715712;0
149.6;525742080;0
201.6;525742080;0
199.5;525742080;0
182.8;529747968;0
198.9;529747968;0
186.4;533757952;0
149.6;533745664;0
216.1;537767936;0
201.6;537767936;0
156.2;537755648;0
157.7;556445696;0
298.3;572891136;0
299.2;602767360;0
302.4;623124480;0
282.6;643862528;0
299.2;668348416;0
285.6;691195904;0
299.2;728702976;0
302.4;752431104;0
199.5;774885376;0
315.8;797208576;0
229.4;820051968;0
266.0;846565376;0
284.1;868999168;0
301.0;886202368;0
266.0;907591680;0
249.3;927289344;0
285.6;950927360;0
299.2;950927360;0
299.2;950927360;0
235.2;694829056;0
216.1;575172608;0
182.8;573935616;0
200.7;580423680;0
199.5;580411392;0
168.0;584581120;0
182.8;584564736;0
166.2;588722176;0
184.8;588705792;0
156.2;592855040;0
172.0;596873216;0
199.5;596873216;0
201.6;596860928;0
216.1;600907776;0
182.8;600907776;0
201.6;600907776;0
116.4;600891392;0
216.1;605044736;0
199.5;605044736;0
199.5;605102080;0
117.6;605085696;0
99.7;605085696;0
249.3;613199872;0
186.4;613199872;0
166.2;613187584;0
199.5;617263104;0
199.5;617263104;0
199.5;617263104;0
200.7;617291776;0
166.2;617304064;0
199.5;621387776;0
201.6;621387776;0
184.7;621387776;0
172.0;630239232;0
199.5;640081920;0
199.5;640081920;0
201.6;640081920;0
282.6;651608064;0
299.2;682143744;0
302.4;707907584;0
299.2;731770880;0
249.3;747913216;0
299.2;772780032;0
298.3;792432640;0
301.0;810688512;0
272.4;828313600;0
249.3;855916544;0
282.6;878387200;0
286.7;901488640;0
301.0;923074560;0
298.3;944660480;0
299.2;966844416;0
299.2;988909568;0
232.7;1007792128;0
299.2;1019899904;0
252.0;1023930368;0
232.7;1027960832;0
241.5;729395200;0
213.1;652857344;0
186.4;658083840;0
50.4;658051072;0
249.3;666333184;0
199.5;666333184;0
199.5;666333184;0
199.5;666333184;0
201.6;666333184;0
182.8;666333184;0
198.9;666333184;0
143.3;666308608;0
114.7;667852800;0
198.9;674054144;0
186.4;674037760;0
166.2;678084608;0
199.5;678084608;0
201.6;678084608;0
199.5;678084608;0
99.7;678060032;0
218.4;686821376;0
199.5;686821376;0
198.9;686821376;0
186.4;686809088;0
213.1;690880512;0
200.7;690880512;0
200.7;690880512;0
198.9;694960128;0
200.7;694960128;0
186.4;694960128;0
156.2;694947840;0
199.5;703279104;0
199.5;703279104;0
182.8;703262720;0
218.4;721969152;0
199.5;721969152;0
199.5;721997824;0
200.7;722014208;0
243.7;745754624;0
301.0;770322432;0
299.2;790175744;0
282.6;810102784;0
232.7;833613824;0
298.3;851234816;0
301.0;870748160;0
301.0;889241600;0
216.1;910258176;0
198.9;933310464;0
272.4;950837248;0
301.0;975732736;0
332.4;1003417600;0
298.3;1024258048;0
286.7;1046380544;0
282.6;1075122176;0
286.7;1093410816;0
249.3;1118126080;0
298.3;1118126080;0
301.0;1118126080;0
268.8;957272064;0
182.8;741957632;0
213.1;747159552;0
200.7;747159552;0
117.6;747458560;0
215.0;755515392;0
182.8;755515392;0
199.5;755515392;0
216.1;759664640;0
198.9;759664640;0
200.7;759664640;0
200.7;759664640;0
99.7;759648256;0
216.1;763805696;0
184.8;763805696;0
149.6;767877120;0
198.9;767877120;0
200.7;767877120;0
199.5;767868928;0
149.6;771874816;0
168.0;776028160;0
172.0;776028160;0
198.9;780087296;0
199.5;780087296;0
184.8;784236544;0
200.7;784236544;0
166.2;784224256;0
133.0;786804736;0
315.4;819474432;0
298.3;841674752;0
299.2;862253056;0
201.6;892809216;0
301.0;915267584;0
243.7;945893376;0
266.0;973217792;0
266.0;1001435136;0
301.0;1019895808;0
272.4;1045094400;0
282.6;1069789184;0
326.7;1092616192;0
301.0;1110589440;0
299.2;1126453248;0
315.8;1150226432;0
298.3;1171738624;0
301.0;1188392960;0
302.4;1193316352;0
299.2;1197449216;0
284.1;1197449216;0
