0.0;10489856;0
0.0;10489856;0
0.0;10489856;0
0.0;10489856;0
0.0;10489856;0
49.9;14630912;0
99.7;14667776;0
143.3;19144704;0
200.7;19165184;0
216.1;23244800;0
129.0;15245312;0
149.6;19423232;0
199.5;19423232;0
216.1;23465984;0
200.7;23465984;0
216.1;31612928;0
201.6;31637504;0
184.7;27623424;0
172.0;31662080;0
199.5;31584256;0
201.6;31608832;0
198.9;31617024;0
201.6;31657984;0
199.5;31682560;0
199.5;31834112;0
142.0;27832320;0
201.6;32051200;0
199.5;32038912;0
200.7;32026624;0
200.7;32083968;0
199.5;32100352;0
199.5;32206848;0
215.0;32202752;0
200.7;32202752;0
149.6;28180480;0
218.4;32231424;0
199.5;32264192;0
200.7;32296960;0
198.9;32325632;0
201.6;32325632;0
166.2;28884992;0
200.7;33415168;0
200.7;33415168;0
199.5;33415168;0
199.5;33415168;0
200.7;33415168;0
200.7;29487104;251
133.0;32587776;26
201.6;32542720;0
199.5;32542720;0
200.7;32542720;0
184.7;32542720;0
201.6;32542720;0
199.5;32542720;0
200.7;32522240;0
186.4;32460800;0
199.5;32468992;0
199.5;32468992;0
200.7;32514048;0
200.7;32514048;0
182.8;32514048;0
201.6;32514048;0
166.2;28086272;0
133.0;32583680;0
198.9;32583680;0
200.7;32583680;0
199.5;32587776;0
199.5;32509952;0
201.6;32514048;0
199.5;32514048;0
200.7;32641024;0
184.7;28614656;0
117.6;28798976;0
182.8;32903168;0
199.5;32911360;0
200.7;32911360;0
198.9;33665024;0
200.7;33665024;0
199.5;33665024;0
100.8;25620480;0
232.7;33947648;0
200.7;33964032;0
200.7;33984512;0
199.5;33984512;0
199.5;33984512;0
133.0;29089792;0
201.6;34021376;0
170.5;32776192;0
200.7;32796672;0
200.7;32821248;0
199.5;32821248;0
199.5;32862208;0
199.5;32878592;0
184.8;33521664;0
198.9;33521664;0
143.3;29499392;0
186.4;33558528;0
199.5;33558528;0
133.0;29536256;0
216.1;33673216;0
201.6;33673216;0
198.9;33673216;0
200.7;33673216;0
157.7;29540352;0
149.6;33554432;0
199.5;33554432;0
199.5;33554432;0
201.6;33554432;0
184.7;33558528;0
200.7;33558528;0
200.7;33558528;0
199.5;33603584;0
199.5;33603584;0
199.5;33603584;0
201.6;33636352;0
199.5;33636352;0
149.6;28536832;0
172.0;29356032;0
199.5;33460224;0
199.5;33460224;0
199.5;33460224;0
200.7;33460224;0
200.7;33460224;0
182.8;33529856;0
201.6;33529856;0
199.5;33529856;0
199.5;33587200;0
199.5;33587200;0
200.7;33587200;0
200.7;33648640;0
198.9;33648640;0
71.7;24498176;0
252.0;33505280;0
198.9;33509376;0
200.7;33566720;0
182.8;33566720;0
168.0;29544448;0
199.5;33595392;0
199.5;33595392;0
218.4;33660928;0
199.5;33660928;0
199.5;33660928;0
198.9;33660928;0
200.7;33677312;0
182.8;29655040;0
133.0;29724672;0
184.8;33812480;0
199.5;33812480;0
199.5;33812480;0
199.5;33812480;0
199.5;33812480;0
200.7;33812480;0
127.8;29790208;0
143.3;29786112;0
215.0;33808384;0
198.9;33808384;0
200.7;33808384;0
198.9;33808384;0
200.7;29786112;0
149.6;33878016;0
199.5;28778496;0
151.2;32952320;0
199.5;32956416;0
182.8;33026048;0
199.5;33030144;0
199.5;33099776;0
134.4;29134848;0
232.7;33009664;0
199.5;33009664;0
201.6;33009664;0
199.5;33079296;0
172.0;28311552;0
182.8;32710656;0
199.5;32710656;0
201.6;32718848;0
199.5;32768000;0
157.7;33497088;0
200.7;33497088;0
198.9;33554432;0
200.7;33558528;0
184.7;33558528;0
166.2;33574912;0
151.2;29552640;0
199.5;33583104;0
182.8;33583104;0
134.4;26333184;0
199.5;32706560;0
199.5;32706560;0
199.5;32706560;0
166.2;33394688;0
201.6;33394688;0
149.6;29401088;0
182.8;33505280;0
201.6;33505280;0
199.5;33505280;0
216.1;33546240;0
199.5;33546240;0
133.0;27017216;0
201.6;33542144;0
182.8;33542144;0
198.9;33542144;0
186.4;33542144;0
215.0;32841728;0
184.7;28819456;0
186.4;32755712;0
198.9;32759808;0
200.7;32759808;0
200.7;32759808;0
156.2;32153600;0
199.5;33431552;0
201.6;29405184;0
149.6;33464320;0
199.5;33464320;0
199.5;33464320;0
199.5;33464320;0
218.4;33468416;0
199.5;33468416;0
199.5;33468416;0
201.6;33476608;0
199.5;33476608;0
199.5;33492992;0
143.3;28512256;0
170.5;29405184;0
199.5;33689600;0
201.6;33689600;0
199.5;33689600;0
199.5;33689600;0
201.6;33689600;0
199.5;29663232;0
133.0;29663232;0
216.1;33685504;0
199.5;33685504;0
201.6;33685504;0
199.5;33685504;0
182.8;33685504;0
201.6;33697792;0
199.5;33697792;0
199.5;33697792;0
199.5;33705984;0
213.1;33837056;0
172.0;29814784;0
186.4;33902592;0
198.9;33902592;0
200.7;33902592;0
168.0;27287552;0
133.0;33972224;0
199.5;33972224;0
199.5;33972224;0
198.9;33972224;0
200.7;33972224;0
229.4;33976320;0
198.9;33976320;0
133.0;29949952;0
201.6;33972224;0
133.0;32980992;0
199.5;32915456;0
200.7;32915456;0
198.9;32927744;0
157.7;33542144;0
200.7;33558528;0
198.9;33558528;0
182.8;29552640;0
168.0;29593600;0
199.5;33673216;0
199.5;33673216;0
199.5;33673216;0
199.5;33673216;0
201.6;33677312;0
186.4;33677312;0
156.2;33652736;0
200.7;33656832;0
200.7;33656832;0
184.7;33656832;0
199.5;33656832;0
166.2;33734656;0
199.5;33767424;0
184.8;29741056;0
215.0;33808384;0
198.9;33808384;0
129.0;33464320;0
186.4;29843456;0
149.6;33882112;0
199.5;33882112;0
166.2;33882112;0
199.5;33882112;0
200.7;33882112;0
200.7;33882112;0
198.9;33882112;0
199.5;33882112;0
117.6;25120768;0
201.6;33878016;0
186.4;33878016;0
199.5;33878016;0
199.5;33894400;0
199.5;33894400;0
142.0;29872128;0
186.4;28856320;0
218.4;33476608;0
199.5;33476608;0
182.8;33492992;0
