8.4;3.6;0.3;4.0;475.0


8.3;126.2;7.3;3.0;475.0


8.3;105.6;8.8;3.0;475.0


0.0;70.6;6.9;3.0;475.0


0.0;0.3;0.0;5.0;475.0


8.3;28.6;1.1;3.0;475.0


7.3;0.3;0.0;8.0;650.0


8.3;0.0;0.0;7.0;774.0


8.3;0.0;0.0;5.0;912.0


8.3;0.0;0.0;5.0;1024.0


8.4;0.2;0.0;5.0;1178.0


8.4;70.2;67.7;8.0;1280.0


8.4;84.8;353.6;32.0;1862.0


14.2;0.0;0.0;70.0;1862.0


0.0;0.1;0.0;0.0;1862.0


0.0;0.3;0.0;0.0;1862.0


7.2;1198.1;52.3;0.0;1862.0


8.4;295.6;13.2;0.0;1862.0


8.3;0.0;0.0;0.0;1862.0


8.4;0.0;0.0;0.0;1862.0


8.3;0.0;0.0;0.0;1862.0


8.3;0.0;0.0;0.0;1862.0


8.3;0.0;0.0;0.0;1862.0


8.4;0.0;0.0;0.0;1862.0


8.4;0.0;0.0;0.0;1862.0


8.3;0.0;0.0;0.0;1862.0


8.3;0.0;0.0;0.0;1862.0


8.3;0.0;0.0;0.0;1862.0


8.3;0.0;0.0;0.0;1862.0


8.4;0.0;0.0;0.0;1862.0


8.3;0.0;0.0;0.0;1862.0


8.4;0.0;0.0;0.0;1862.0


8.4;0.0;0.0;0.0;1862.0


8.4;0.0;0.0;0.0;1862.0


8.4;0.0;0.0;0.0;1862.0


8.4;0.0;0.0;0.0;1862.0


8.4;0.0;0.0;0.0;1862.0


8.3;0.0;0.0;0.0;1862.0


0.0;0.1;0.0;0.0;1862.0


0.0;0.3;0.0;0.0;1862.0


6.9;868.9;37.9;0.0;1862.0


8.4;622.8;27.6;0.0;1862.0


8.3;0.0;0.0;0.0;1862.0


8.4;0.0;0.0;1.0;1862.0


8.3;0.0;0.0;0.0;1862.0


8.3;0.0;0.0;0.0;1862.0


8.4;0.0;0.0;0.0;1862.0


8.3;0.0;0.0;0.0;1862.0


8.4;0.0;0.0;0.0;1862.0


8.3;0.0;0.0;0.0;1862.0


8.4;0.0;0.0;1.0;1862.0


8.3;0.0;0.0;0.0;1862.0


8.3;0.0;0.0;0.0;1862.0


8.4;0.0;0.0;0.0;1862.0


8.3;0.0;0.0;0.0;1862.0


8.3;0.0;0.0;0.0;1862.0


8.3;0.0;0.0;0.0;1862.0


8.3;0.0;0.0;1.0;1862.0


8.3;0.0;0.0;0.0;1862.0


8.4;0.0;0.0;1.0;1862.0


8.4;0.0;0.0;0.0;1862.0


8.3;0.0;0.0;0.0;1862.0


8.3;1.0;0.3;0.0;1862.0


8.3;0.0;0.0;0.0;1862.0


8.3;0.0;0.0;0.0;1862.0


8.4;0.0;0.0;0.0;1862.0


8.3;0.0;0.0;1.0;1862.0


8.4;0.0;0.0;0.0;1862.0


8.4;0.0;0.0;0.0;1862.0


8.4;0.0;0.0;0.0;1862.0


8.4;0.0;0.0;0.0;1862.0


8.4;0.0;0.0;0.0;1862.0


8.4;0.2;0.0;44.0;2062.0


8.3;0.0;0.0;55.0;2818.0


8.4;0.0;0.0;40.0;3594.0


8.3;0.0;0.0;44.0;4348.0


8.3;0.0;0.0;45.0;5104.0


8.4;0.0;0.0;40.0;5858.0


14.2;0.0;0.0;40.0;6606.0


42.9;0.0;0.0;31.0;7206.0


8.4;0.0;0.0;55.0;7206.0


8.4;0.0;0.0;55.0;7206.0


8.4;0.0;0.0;55.0;7206.0


8.4;0.0;0.0;53.0;7206.0


8.4;0.0;0.0;55.0;7206.0


8.4;0.0;0.0;55.0;7206.0


8.3;0.0;0.0;55.0;7206.0


8.4;0.0;0.0;55.0;7206.0


8.3;0.0;0.0;55.0;7206.0


8.3;0.0;0.0;55.0;7206.0


8.4;0.0;0.0;55.0;7206.0


8.3;0.0;0.0;55.0;7206.0


7.2;10.6;0.8;13.0;7206.0


0.0;0.3;0.0;0.0;7206.0


3.6;172.7;7.4;0.0;7206.0


8.4;1318.1;57.9;0.0;7206.0


8.3;1.0;0.3;0.0;7206.0


8.4;0.0;0.0;0.0;7206.0


8.3;0.0;0.0;0.0;7206.0


8.4;0.0;0.0;0.0;7206.0


8.3;0.0;0.0;0.0;7206.0


8.3;0.0;0.0;0.0;7206.0


8.4;0.0;0.0;0.0;7206.0


8.3;0.0;0.0;0.0;7206.0


8.3;0.0;0.0;0.0;7206.0


8.3;0.0;0.0;0.0;7206.0


8.3;0.0;0.0;0.0;7206.0


8.3;0.0;0.0;0.0;7206.0


8.4;0.0;0.0;0.0;7206.0


8.4;0.0;0.0;0.0;7206.0


8.3;0.0;0.0;0.0;7206.0


8.3;0.0;0.0;0.0;7206.0


8.3;0.0;0.0;0.0;7206.0


8.3;0.0;0.0;0.0;7206.0


8.4;0.0;0.0;1.0;7206.0


8.3;0.0;0.0;0.0;7206.0


4.8;0.1;0.0;0.0;7206.0


0.0;0.3;0.0;1.0;7206.0


4.8;175.1;7.4;1.0;7206.0


5.6;1316.0;57.8;1.0;7206.0


8.4;1.0;0.3;1.0;7206.0


8.4;0.0;0.0;1.0;7206.0


8.3;0.0;0.0;1.0;7206.0


8.4;0.0;0.0;3.0;7206.0


8.3;0.0;0.0;3.0;7206.0


8.4;0.0;0.0;2.0;7206.0


8.3;0.0;0.0;2.0;7206.0


8.3;0.0;0.0;3.0;7206.0


8.4;0.0;0.0;4.0;7206.0


8.3;0.0;0.0;4.0;7206.0


8.3;0.0;0.0;3.0;7206.0


8.4;0.0;0.0;4.0;7206.0


8.3;0.0;0.0;3.0;7206.0


8.4;0.0;0.0;3.0;7206.0


8.4;0.0;0.0;3.0;7206.0


8.4;0.0;0.0;4.0;7206.0


8.4;0.0;0.0;4.0;7206.0


8.3;0.0;0.0;4.0;7206.0


8.4;0.0;0.0;2.0;7206.0


8.3;0.0;0.0;3.0;7206.0


8.3;1.0;0.3;3.0;7206.0


8.3;0.0;0.0;2.0;7206.0


8.4;0.0;0.0;4.0;7206.0


8.3;0.0;0.0;2.0;7206.0


8.3;0.0;0.0;4.0;7206.0


8.3;0.0;0.0;3.0;7206.0


8.3;0.0;0.0;2.0;7206.0


8.4;0.0;0.0;2.0;7206.0


8.3;0.0;0.0;2.0;7206.0


8.3;0.0;0.0;2.0;7206.0


8.4;0.0;0.0;4.0;7208.0


7.1;0.0;0.0;81.0;7208.0


8.4;0.0;0.0;57.0;7208.0


8.4;0.0;0.0;56.0;7208.0


8.3;0.0;0.0;56.0;7208.0


50.2;0.0;0.0;46.0;7424.0


8.4;0.0;0.0;55.0;7424.0


8.4;0.0;0.0;55.0;7424.0


8.3;0.0;0.0;55.0;7424.0


8.3;0.0;0.0;54.0;7424.0


8.3;0.0;0.0;54.0;7424.0


8.3;0.0;0.0;54.0;7424.0


8.4;0.0;0.0;54.0;7424.0


8.3;0.0;0.0;54.0;7424.0


8.4;0.0;0.0;55.0;7424.0


8.3;0.0;0.0;49.0;7424.0


8.3;0.0;0.0;54.0;7424.0


8.4;0.0;0.0;55.0;7424.0


4.7;10.6;0.8;11.0;7424.0


0.0;0.3;0.0;0.0;7424.0


7.2;170.6;7.2;0.0;7424.0


9.6;1321.4;58.0;0.0;7424.0


8.4;1.0;0.3;1.0;7424.0


8.3;0.0;0.0;0.0;7424.0


8.4;0.0;0.0;0.0;7424.0


8.3;0.0;0.0;0.0;7424.0


8.4;0.0;0.0;0.0;7424.0


8.3;0.0;0.0;0.0;7424.0


8.3;0.0;0.0;0.0;7424.0


8.4;0.0;0.0;0.0;7424.0


8.3;0.0;0.0;0.0;7424.0


8.3;0.0;0.0;0.0;7424.0


8.3;0.0;0.0;0.0;7424.0


8.3;0.0;0.0;0.0;7424.0


8.3;0.0;0.0;0.0;7424.0


8.3;0.0;0.0;0.0;7424.0


8.4;0.0;0.0;0.0;7424.0


8.4;0.0;0.0;0.0;7424.0


8.3;0.0;0.0;0.0;7424.0


8.4;0.0;0.0;0.0;7424.0


8.3;0.0;0.0;0.0;7424.0


8.4;0.0;0.0;0.0;7424.0


3.6;0.1;0.0;0.0;7424.0


0.0;0.3;0.0;0.0;7424.0


4.2;174.7;7.5;0.0;7424.0


9.7;1315.1;57.8;0.0;7424.0


8.3;1.0;0.3;0.0;7424.0


8.3;0.0;0.0;0.0;7424.0


8.3;0.0;0.0;0.0;7424.0


8.3;0.0;0.0;0.0;7424.0


8.4;0.0;0.0;0.0;7424.0


8.4;0.0;0.0;0.0;7424.0


8.3;0.0;0.0;0.0;7424.0


8.4;0.0;0.0;0.0;7424.0


8.3;0.0;0.0;0.0;7424.0


8.4;0.0;0.0;0.0;7424.0


8.3;0.0;0.0;0.0;7424.0


8.3;0.0;0.0;0.0;7424.0


8.4;0.0;0.0;0.0;7424.0


8.3;0.0;0.0;0.0;7424.0


8.4;0.0;0.0;0.0;7424.0


8.3;0.0;0.0;1.0;7424.0


8.4;0.0;0.0;0.0;7424.0


8.3;0.0;0.0;1.0;7424.0


8.3;0.0;0.0;1.0;7424.0


8.4;0.0;0.0;0.0;7424.0


8.3;1.0;0.3;0.0;7424.0


8.3;0.0;0.0;0.0;7424.0


8.3;0.0;0.0;1.0;7424.0


8.3;0.0;0.0;0.0;7424.0


8.3;0.0;0.0;0.0;7424.0


8.3;0.0;0.0;0.0;7424.0


8.4;0.0;0.0;0.0;7424.0


8.4;0.0;0.0;0.0;7424.0


8.3;0.0;0.0;0.0;7424.0


8.4;0.0;0.0;0.0;7424.0


8.3;0.0;0.0;0.0;7424.0


8.4;0.0;0.0;56.0;7424.0


8.3;0.0;0.0;56.0;7424.0


8.4;0.0;0.0;55.0;7424.0


8.3;0.0;0.0;56.0;7424.0


32.2;0.0;0.0;51.0;7424.0


8.3;0.0;0.0;55.0;7424.0


8.3;0.0;0.0;54.0;7424.0


8.3;0.0;0.0;55.0;7424.0


8.3;0.0;0.0;55.0;7424.0


8.4;0.0;0.0;54.0;7424.0


8.4;0.0;0.0;55.0;7424.0


8.3;0.0;0.0;54.0;7424.0


8.4;0.0;0.0;55.0;7424.0


8.3;0.0;0.0;53.0;7424.0


8.4;0.0;0.0;55.0;7424.0


8.4;0.0;0.0;55.0;7424.0


8.3;0.0;0.0;47.0;7424.0


0.0;10.9;0.8;1.0;7424.0


4.7;173.4;7.4;0.0;7424.0


9.6;1317.2;57.9;0.0;7424.0


8.3;1.7;0.3;0.0;7424.0


8.4;0.0;0.0;1.0;7424.0


8.3;0.0;0.0;0.0;7424.0


8.3;0.0;0.0;1.0;7424.0


8.3;0.0;0.0;1.0;7424.0


8.3;0.0;0.0;1.0;7424.0


8.3;0.0;0.0;1.0;7424.0


8.4;0.0;0.0;1.0;7424.0


8.3;0.0;0.0;1.0;7424.0


8.4;0.0;0.0;1.0;7424.0


8.3;0.0;0.0;1.0;7424.0


8.4;0.0;0.0;1.0;7424.0


8.4;0.0;0.0;1.0;7424.0


8.3;0.0;0.0;2.0;7424.0


8.4;0.0;0.0;2.0;7424.0


8.3;0.0;0.0;4.0;7424.0


8.4;0.0;0.0;2.0;7424.0


8.3;0.0;0.0;5.0;7424.0


8.3;0.0;0.0;4.0;7424.0


8.3;0.0;0.0;3.0;7424.0


2.8;0.1;0.0;4.0;7424.0


0.0;0.3;0.0;3.0;7424.0


4.2;173.3;7.4;2.0;7424.0


8.3;1317.5;57.9;3.0;7424.0


8.3;1.0;0.3;5.0;7424.0


8.4;0.0;0.0;3.0;7424.0


8.4;0.0;0.0;2.0;7424.0


8.3;0.0;0.0;4.0;7424.0


8.4;0.0;0.0;3.0;7424.0


8.3;0.0;0.0;3.0;7424.0


8.4;0.0;0.0;3.0;7424.0


8.4;0.0;0.0;4.0;7424.0


8.3;0.0;0.0;3.0;7424.0


8.4;0.0;0.0;3.0;7424.0


8.3;0.0;0.0;3.0;7424.0


8.4;0.0;0.0;2.0;7424.0


8.3;0.0;0.0;2.0;7424.0


8.4;0.0;0.0;2.0;7424.0


8.3;0.0;0.0;4.0;7424.0


8.3;0.0;0.0;3.0;7424.0


8.4;0.0;0.0;4.0;7424.0


8.3;0.0;0.0;4.0;7424.0


8.3;0.0;0.0;4.0;7424.0


8.3;0.0;0.0;3.0;7424.0


8.3;1.0;0.3;3.0;7424.0


8.4;0.0;0.0;4.0;7424.0


8.3;0.0;0.0;3.0;7424.0


8.4;0.0;0.0;4.0;7424.0


8.4;0.0;0.0;4.0;7424.0


8.4;0.0;0.0;5.0;7424.0


8.4;0.0;0.0;4.0;7424.0


8.3;0.0;0.0;3.0;7424.0


8.3;0.0;0.0;2.0;7424.0


