8.3;7.4;0.9;3.0;475.0


8.4;128.4;7.6;2.0;475.0


6.0;93.6;7.4;3.0;475.0


4.2;84.0;8.3;5.0;475.0


0.0;0.3;0.0;5.0;475.0


4.8;26.2;1.0;4.0;475.0


9.6;2.3;0.2;3.0;612.0


8.3;0.0;0.0;6.0;750.0


8.3;0.0;0.0;5.0;878.0


8.3;0.0;0.0;7.0;1010.0


8.3;0.2;0.0;6.0;1112.0


8.3;70.2;67.7;12.0;1264.0


8.3;47.1;210.6;20.0;1852.0


49.9;37.7;143.0;48.0;1852.0


0.0;0.1;0.0;0.0;1852.0


0.0;0.3;0.0;0.0;1852.0


8.4;1198.9;52.5;0.0;1852.0


8.3;292.9;13.1;0.0;1852.0


8.4;0.0;0.0;1.0;1852.0


8.3;0.0;0.0;0.0;1852.0


8.4;0.0;0.0;0.0;1852.0


8.4;0.0;0.0;0.0;1852.0


8.3;0.0;0.0;0.0;1852.0


8.4;0.0;0.0;0.0;1852.0


8.3;0.0;0.0;0.0;1852.0


8.4;0.0;0.0;0.0;1852.0


8.3;0.0;0.0;0.0;1852.0


8.4;0.0;0.0;0.0;1852.0


8.3;0.0;0.0;0.0;1852.0


8.3;0.0;0.0;0.0;1852.0


8.3;0.0;0.0;0.0;1852.0


8.3;0.0;0.0;0.0;1852.0


8.3;0.0;0.0;0.0;1852.0


8.4;0.0;0.0;0.0;1852.0


8.3;0.0;0.0;0.0;1852.0


8.4;0.0;0.0;0.0;1852.0


8.3;0.0;0.0;0.0;1852.0


8.4;0.0;0.0;0.0;1852.0


0.0;0.4;0.0;0.0;1852.0


4.8;215.3;9.2;0.0;1852.0


12.6;1275.2;56.0;0.0;1852.0


8.3;1.0;0.3;0.0;1852.0


8.4;0.0;0.0;0.0;1852.0


8.3;0.0;0.0;1.0;1852.0


8.3;0.0;0.0;0.0;1852.0


8.3;0.0;0.0;0.0;1852.0


8.3;0.0;0.0;0.0;1852.0


8.3;0.0;0.0;0.0;1852.0


8.3;0.0;0.0;0.0;1852.0


8.3;0.0;0.0;0.0;1852.0


8.4;0.0;0.0;1.0;1852.0


8.3;0.0;0.0;0.0;1852.0


8.4;0.0;0.0;0.0;1852.0


8.3;0.0;0.0;0.0;1852.0


8.4;0.0;0.0;0.0;1852.0


8.3;0.0;0.0;0.0;1852.0


8.4;0.0;0.0;0.0;1852.0


8.4;0.0;0.0;0.0;1852.0


8.3;0.0;0.0;0.0;1852.0


8.4;0.0;0.0;1.0;1852.0


8.3;0.0;0.0;0.0;1852.0


8.3;1.0;0.3;0.0;1852.0


8.3;0.0;0.0;0.0;1852.0


8.4;0.0;0.0;0.0;1852.0


8.4;0.0;0.0;0.0;1852.0


8.3;0.0;0.0;0.0;1852.0


8.3;0.0;0.0;1.0;1852.0


8.3;0.0;0.0;0.0;1852.0


8.3;0.0;0.0;0.0;1852.0


8.4;0.0;0.0;0.0;1852.0


8.3;0.0;0.0;0.0;1852.0


8.4;0.0;0.0;1.0;1948.0


8.3;0.2;0.0;55.0;2552.0


8.4;0.0;0.0;44.0;3328.0


8.4;0.0;0.0;45.0;4084.0


8.4;0.0;0.0;40.0;4838.0


8.4;0.0;0.0;55.0;5592.0


8.3;0.0;0.0;40.0;6848.0


2.4;0.0;0.0;44.0;6782.0


49.9;0.0;0.0;39.0;7198.0


8.3;0.0;0.0;55.0;7198.0


8.3;0.0;0.0;55.0;7198.0


8.3;0.0;0.0;55.0;7198.0


8.3;0.0;0.0;54.0;7198.0


8.3;0.0;0.0;54.0;7198.0


8.3;0.0;0.0;55.0;7198.0


8.4;0.0;0.0;55.0;7198.0


8.3;0.0;0.0;55.0;7198.0


8.4;0.0;0.0;55.0;7198.0


8.3;0.0;0.0;54.0;7198.0


8.4;0.0;0.0;55.0;7198.0


8.3;0.0;0.0;55.0;7198.0


0.0;10.6;0.8;1.0;7198.0


0.0;0.3;0.0;0.0;7198.0


6.9;501.7;21.8;1.0;7198.0


8.4;988.7;43.4;0.0;7198.0


8.3;1.0;0.3;1.0;7198.0


8.3;0.0;0.0;0.0;7198.0


8.3;0.0;0.0;1.0;7198.0


8.4;0.0;0.0;1.0;7198.0


8.4;0.0;0.0;1.0;7198.0


8.3;0.0;0.0;1.0;7198.0


8.4;0.0;0.0;1.0;7198.0


8.3;0.0;0.0;1.0;7198.0


8.3;0.0;0.0;1.0;7198.0


8.3;0.0;0.0;4.0;7198.0


8.3;0.0;0.0;2.0;7198.0


8.4;0.0;0.0;3.0;7198.0


8.3;0.0;0.0;2.0;7198.0


8.4;0.0;0.0;3.0;7198.0


8.4;0.0;0.0;2.0;7198.0


8.4;0.0;0.0;3.0;7198.0


8.4;0.0;0.0;4.0;7198.0


8.3;0.0;0.0;3.0;7198.0


8.3;0.0;0.0;3.0;7198.0


8.3;0.0;0.0;3.0;7198.0


0.0;0.1;0.0;4.0;7198.0


0.0;0.3;0.0;3.0;7198.0


6.2;564.4;24.6;3.0;7198.0


8.4;926.7;40.7;5.0;7198.0


8.3;1.0;0.3;2.0;7198.0


8.3;0.0;0.0;3.0;7198.0


8.4;0.0;0.0;3.0;7198.0


8.3;0.0;0.0;3.0;7198.0


8.4;0.0;0.0;3.0;7198.0


8.3;0.0;0.0;3.0;7198.0


8.4;0.0;0.0;4.0;7198.0


8.3;0.0;0.0;2.0;7198.0


8.3;0.0;0.0;3.0;7198.0


8.4;0.0;0.0;2.0;7198.0


8.3;0.0;0.0;2.0;7198.0


8.4;0.0;0.0;2.0;7198.0


8.3;0.0;0.0;4.0;7198.0


8.3;0.0;0.0;4.0;7198.0


8.3;0.0;0.0;3.0;7198.0


8.4;0.0;0.0;3.0;7198.0


8.4;0.0;0.0;2.0;7198.0


8.3;0.0;0.0;3.0;7198.0


8.4;0.0;0.0;3.0;7198.0


8.3;0.0;0.0;4.0;7198.0


8.3;1.0;0.3;3.0;7198.0


8.4;0.0;0.0;2.0;7198.0


8.3;0.0;0.0;4.0;7198.0


8.4;0.0;0.0;3.0;7198.0


8.3;0.0;0.0;3.0;7198.0


8.4;0.0;0.0;3.0;7198.0


8.4;0.0;0.0;3.0;7198.0


8.4;0.0;0.0;3.0;7198.0


8.4;0.0;0.0;3.0;7198.0


8.3;0.0;0.0;4.0;7198.0


8.3;0.0;0.0;33.0;7200.0


8.3;0.0;0.0;69.0;7200.0


8.3;0.0;0.0;56.0;7200.0


8.4;0.0;0.0;56.0;7200.0


8.3;0.0;0.0;56.0;7200.0


50.2;0.0;0.0;42.0;7418.0


8.3;0.0;0.0;55.0;7418.0


8.4;0.0;0.0;54.0;7418.0


8.3;0.0;0.0;54.0;7418.0


8.3;0.0;0.0;54.0;7418.0


8.4;0.0;0.0;53.0;7418.0


8.3;0.0;0.0;55.0;7418.0


8.4;0.0;0.0;54.0;7418.0


8.3;0.0;0.0;55.0;7418.0


8.3;0.0;0.0;55.0;7418.0


8.4;0.0;0.0;54.0;7418.0


8.3;0.0;0.0;55.0;7418.0


8.3;0.0;0.0;55.0;7418.0


0.0;10.6;0.8;0.0;7418.0


0.0;0.3;0.0;0.0;7418.0


8.3;514.1;22.3;1.0;7418.0


8.4;976.9;42.9;0.0;7418.0


8.4;1.0;0.3;0.0;7418.0


8.3;0.0;0.0;0.0;7418.0


8.3;0.0;0.0;0.0;7418.0


8.3;0.0;0.0;0.0;7418.0


8.3;0.0;0.0;0.0;7418.0


8.4;0.0;0.0;0.0;7418.0


8.3;0.0;0.0;0.0;7418.0


8.4;0.0;0.0;0.0;7418.0


8.4;0.0;0.0;0.0;7418.0


8.4;0.0;0.0;0.0;7418.0


8.4;0.0;0.0;0.0;7418.0


8.4;0.0;0.0;0.0;7418.0


8.4;0.0;0.0;0.0;7418.0


8.3;0.0;0.0;0.0;7418.0


8.3;0.0;0.0;1.0;7418.0


8.3;0.0;0.0;0.0;7418.0


8.3;0.0;0.0;0.0;7418.0


8.4;0.0;0.0;0.0;7418.0


8.3;0.0;0.0;0.0;7418.0


8.4;0.0;0.0;0.0;7418.0


0.0;0.1;0.0;0.0;7418.0


0.0;0.3;0.0;0.0;7418.0


9.6;518.1;22.5;0.0;7418.0


8.3;973.2;42.7;1.0;7418.0


8.4;1.0;0.3;0.0;7418.0


8.4;0.0;0.0;0.0;7418.0


8.4;0.0;0.0;0.0;7418.0


8.3;0.0;0.0;0.0;7418.0


8.3;0.0;0.0;0.0;7418.0


8.4;0.0;0.0;0.0;7418.0


8.3;0.0;0.0;1.0;7418.0


8.3;0.0;0.0;0.0;7418.0


8.3;0.0;0.0;0.0;7418.0


8.3;0.0;0.0;0.0;7418.0


8.4;0.0;0.0;0.0;7418.0


8.3;0.0;0.0;0.0;7418.0


8.4;0.0;0.0;0.0;7418.0


8.3;0.0;0.0;1.0;7418.0


8.3;0.0;0.0;0.0;7418.0


8.3;0.0;0.0;0.0;7418.0


8.3;0.0;0.0;0.0;7418.0


8.4;0.0;0.0;0.0;7418.0


8.3;0.0;0.0;1.0;7418.0


8.4;0.0;0.0;0.0;7418.0


8.4;1.0;0.3;1.0;7418.0


8.4;0.0;0.0;0.0;7418.0


8.4;0.0;0.0;1.0;7418.0


8.4;0.0;0.0;1.0;7418.0


8.3;0.0;0.0;1.0;7418.0


8.3;0.0;0.0;1.0;7418.0


8.4;0.0;0.0;1.0;7418.0


8.3;0.0;0.0;1.0;7418.0


8.4;0.0;0.0;4.0;7418.0


8.3;0.0;0.0;4.0;7418.0


8.3;0.0;0.0;5.0;7418.0


8.4;0.0;0.0;41.0;7418.0


8.3;0.0;0.0;56.0;7418.0


8.3;0.0;0.0;56.0;7418.0


8.4;0.0;0.0;60.0;7418.0


49.7;0.0;0.0;40.0;7418.0


8.4;0.0;0.0;55.0;7418.0


8.4;0.0;0.0;54.0;7418.0


8.4;0.0;0.0;55.0;7418.0


8.4;0.0;0.0;53.0;7418.0


8.3;0.0;0.0;55.0;7418.0


8.4;0.0;0.0;55.0;7418.0


8.3;0.0;0.0;55.0;7418.0


8.3;0.0;0.0;55.0;7418.0


8.3;0.0;0.0;41.0;7418.0


8.3;0.0;0.0;55.0;7418.0


8.4;0.0;0.0;55.0;7418.0


8.3;0.0;0.0;55.0;7418.0


0.0;10.6;0.8;0.0;7418.0


0.0;0.3;0.0;0.0;7418.0


8.3;843.9;36.8;0.0;7418.0


8.3;648.1;28.7;0.0;7418.0


8.3;0.0;0.0;0.0;7418.0


8.4;0.0;0.0;0.0;7418.0


8.3;0.0;0.0;0.0;7418.0


8.4;0.0;0.0;0.0;7418.0


8.4;0.0;0.0;0.0;7418.0


8.3;0.0;0.0;0.0;7418.0


8.4;0.0;0.0;0.0;7418.0


8.4;0.0;0.0;1.0;7418.0


8.4;0.0;0.0;0.0;7418.0


8.3;0.0;0.0;1.0;7418.0


8.3;0.0;0.0;0.0;7418.0


8.3;0.0;0.0;0.0;7418.0


8.3;0.0;0.0;0.0;7418.0


8.4;0.0;0.0;0.0;7418.0


8.3;0.0;0.0;1.0;7418.0


8.4;0.0;0.0;0.0;7418.0


8.3;0.0;0.0;1.0;7418.0


8.3;0.0;0.0;0.0;7418.0


8.4;0.0;0.0;0.0;7418.0


8.3;0.0;0.0;0.0;7418.0


0.0;0.1;0.0;0.0;7418.0


0.0;0.3;0.0;0.0;7418.0


9.6;1186.8;51.9;0.0;7418.0


8.4;305.2;13.6;1.0;7418.0


8.4;0.0;0.0;0.0;7418.0


8.4;0.0;0.0;0.0;7418.0


8.3;0.0;0.0;0.0;7418.0


8.3;0.0;0.0;0.0;7418.0


8.3;0.0;0.0;0.0;7418.0


8.3;0.0;0.0;0.0;7418.0


8.4;0.0;0.0;1.0;7418.0


8.3;0.0;0.0;0.0;7418.0


8.3;0.0;0.0;0.0;7418.0


8.3;0.0;0.0;0.0;7418.0


8.3;0.0;0.0;0.0;7418.0


8.3;0.0;0.0;0.0;7418.0


8.3;0.0;0.0;0.0;7418.0


8.4;0.0;0.0;1.0;7418.0


8.3;0.0;0.0;0.0;7418.0


8.3;0.0;0.0;0.0;7418.0


8.4;0.0;0.0;0.0;7418.0


8.3;0.0;0.0;0.0;7418.0


8.4;0.0;0.0;0.0;7418.0


8.4;1.0;0.3;0.0;7418.0


8.4;0.0;0.0;1.0;7418.0


8.3;0.0;0.0;1.0;7418.0


8.3;0.0;0.0;0.0;7418.0


8.3;0.0;0.0;0.0;7418.0


8.3;0.0;0.0;0.0;7418.0


8.4;0.0;0.0;0.0;7418.0


8.3;0.0;0.0;0.0;7418.0


8.4;0.0;0.0;1.0;7418.0


