8.3;4.0;0.4;3.0;475.0


8.3;135.8;7.8;3.0;475.0


7.0;102.6;8.9;4.0;475.0


0.0;63.6;6.3;4.0;475.0


0.0;0.3;0.0;3.0;475.0


8.3;27.3;1.1;3.0;475.0


8.4;0.3;0.0;12.0;638.0


8.3;0.0;0.0;6.0;772.0


8.3;0.0;0.0;6.0;914.0


8.3;0.2;0.0;7.0;1032.0


8.3;0.0;0.0;4.0;1178.0


8.4;70.2;67.7;4.0;1280.0


8.4;79.9;344.2;37.0;1852.0


20.1;5.0;9.3;64.0;1852.0


0.0;0.3;0.0;0.0;1852.0


5.9;217.5;9.3;0.0;1852.0


10.8;1273.8;56.0;0.0;1852.0


8.4;1.0;0.3;1.0;1852.0


8.3;0.0;0.0;0.0;1852.0


8.4;0.0;0.0;0.0;1852.0


8.3;0.0;0.0;0.0;1852.0


8.4;0.0;0.0;0.0;1852.0


8.3;0.0;0.0;1.0;1852.0


8.4;0.0;0.0;0.0;1852.0


8.3;0.0;0.0;1.0;1852.0


8.3;0.0;0.0;0.0;1852.0


8.4;0.0;0.0;0.0;1852.0


8.3;0.0;0.0;0.0;1852.0


8.3;0.0;0.0;0.0;1852.0


8.4;0.0;0.0;0.0;1852.0


8.3;0.0;0.0;0.0;1852.0


8.4;0.0;0.0;1.0;1852.0


8.3;0.0;0.0;0.0;1852.0


8.4;0.0;0.0;0.0;1852.0


8.4;0.0;0.0;0.0;1852.0


8.3;0.0;0.0;0.0;1852.0


8.4;0.0;0.0;0.0;1852.0


0.0;0.1;0.0;0.0;1852.0


0.0;0.3;0.0;1.0;1852.0


9.4;564.4;24.5;0.0;1852.0


7.2;927.2;40.7;0.0;1852.0


8.3;1.0;0.3;0.0;1852.0


8.3;0.0;0.0;0.0;1852.0


8.3;0.0;0.0;0.0;1852.0


8.3;0.0;0.0;0.0;1852.0


8.3;0.0;0.0;1.0;1852.0


8.3;0.0;0.0;0.0;1852.0


8.4;0.0;0.0;0.0;1852.0


8.4;0.0;0.0;0.0;1852.0


8.3;0.0;0.0;0.0;1852.0


8.4;0.0;0.0;0.0;1852.0


8.3;0.0;0.0;0.0;1852.0


8.4;0.0;0.0;1.0;1852.0


8.4;0.0;0.0;0.0;1852.0


8.4;0.0;0.0;0.0;1852.0


8.4;0.0;0.0;0.0;1852.0


8.3;0.0;0.0;0.0;1852.0


8.4;0.0;0.0;0.0;1852.0


8.3;0.0;0.0;0.0;1852.0


8.4;0.0;0.0;1.0;1852.0


8.4;0.0;0.0;0.0;1852.0


8.3;1.0;0.3;1.0;1852.0


8.4;0.0;0.0;0.0;1852.0


8.3;0.0;0.0;0.0;1852.0


8.3;0.0;0.0;0.0;1852.0


8.4;0.0;0.0;0.0;1852.0


8.3;0.0;0.0;0.0;1852.0


8.4;0.0;0.0;0.0;1852.0


8.3;0.0;0.0;1.0;1852.0


8.4;0.0;0.0;0.0;1852.0


8.4;0.0;0.0;0.0;1852.0


21.5;0.0;0.0;1.0;1948.0


8.4;0.2;0.0;42.0;2706.0


8.3;0.0;0.0;48.0;3462.0


8.4;0.0;0.0;40.0;4216.0


8.3;0.0;0.0;53.0;4968.0


8.3;0.0;0.0;40.0;5722.0


8.3;0.0;0.0;48.0;6848.0


4.7;0.0;0.0;28.0;6782.0


49.7;0.0;0.0;39.0;7198.0


8.3;0.0;0.0;54.0;7198.0


8.4;0.0;0.0;52.0;7198.0


8.3;0.0;0.0;55.0;7198.0


8.3;0.0;0.0;54.0;7198.0


8.4;0.0;0.0;54.0;7198.0


8.3;0.0;0.0;54.0;7198.0


8.4;0.0;0.0;55.0;7198.0


8.3;0.0;0.0;54.0;7198.0


8.4;0.0;0.0;54.0;7198.0


8.4;0.0;0.0;55.0;7198.0


8.3;0.0;0.0;55.0;7198.0


8.4;0.0;0.0;53.0;7198.0


0.0;10.6;0.8;0.0;7198.0


0.0;0.3;0.0;0.0;7198.0


9.7;836.0;36.5;0.0;7198.0


8.4;655.1;29.0;0.0;7198.0


8.4;0.0;0.0;0.0;7198.0


8.3;0.0;0.0;0.0;7198.0


8.3;0.0;0.0;1.0;7198.0


8.3;0.0;0.0;0.0;7198.0


8.3;0.0;0.0;0.0;7198.0


8.4;0.0;0.0;0.0;7198.0


8.3;0.0;0.0;0.0;7198.0


8.4;0.0;0.0;0.0;7198.0


8.3;0.0;0.0;0.0;7198.0


8.4;0.0;0.0;0.0;7198.0


8.4;0.0;0.0;0.0;7198.0


8.4;0.0;0.0;1.0;7198.0


8.4;0.0;0.0;0.0;7198.0


8.3;0.0;0.0;0.0;7198.0


8.4;0.0;0.0;0.0;7198.0


8.3;0.0;0.0;0.0;7198.0


8.3;0.0;0.0;0.0;7198.0


8.3;0.0;0.0;0.0;7198.0


8.3;0.0;0.0;1.0;7198.0


8.3;0.0;0.0;0.0;7198.0


0.0;0.1;0.0;0.0;7198.0


0.0;0.3;0.0;0.0;7198.0


7.2;845.7;36.9;0.0;7198.0


8.3;645.7;28.6;0.0;7198.0


8.4;0.0;0.0;0.0;7198.0


8.3;0.0;0.0;1.0;7198.0


8.4;0.0;0.0;0.0;7198.0


8.3;0.0;0.0;1.0;7198.0


8.4;0.0;0.0;1.0;7198.0


8.4;0.0;0.0;1.0;7198.0


8.3;0.0;0.0;1.0;7198.0


8.4;0.0;0.0;1.0;7198.0


8.3;0.0;0.0;1.0;7198.0


8.4;0.0;0.0;3.0;7198.0


8.3;0.0;0.0;2.0;7198.0


8.4;0.0;0.0;4.0;7198.0


8.3;0.0;0.0;2.0;7198.0


8.3;0.0;0.0;3.0;7198.0


8.4;0.0;0.0;4.0;7198.0


8.3;0.0;0.0;4.0;7198.0


8.4;0.0;0.0;2.0;7198.0


8.4;0.0;0.0;3.0;7198.0


8.3;0.0;0.0;3.0;7198.0


8.4;0.0;0.0;3.0;7198.0


8.3;1.0;0.3;3.0;7198.0


8.4;0.0;0.0;3.0;7198.0


8.4;0.0;0.0;4.0;7198.0


8.4;0.0;0.0;3.0;7198.0


8.4;0.0;0.0;4.0;7198.0


8.3;0.0;0.0;4.0;7198.0


8.4;0.0;0.0;3.0;7198.0


8.3;0.0;0.0;3.0;7198.0


8.3;0.0;0.0;2.0;7198.0


8.3;0.0;0.0;3.0;7198.0


8.3;0.0;0.0;73.0;7200.0


8.3;0.0;0.0;39.0;7200.0


8.3;0.0;0.0;56.0;7200.0


8.3;0.0;0.0;55.0;7200.0


8.4;0.0;0.0;58.0;7202.0


50.0;0.0;0.0;28.0;7418.0


8.4;0.0;0.0;55.0;7418.0


8.3;0.0;0.0;54.0;7418.0


8.4;0.0;0.0;54.0;7418.0


8.3;0.0;0.0;54.0;7418.0


8.4;0.0;0.0;54.0;7418.0


8.4;0.0;0.0;54.0;7418.0


8.3;0.0;0.0;54.0;7418.0


8.4;0.0;0.0;54.0;7418.0


8.3;0.0;0.0;55.0;7418.0


8.3;0.0;0.0;54.0;7418.0


8.3;0.0;0.0;55.0;7418.0


8.4;0.0;0.0;55.0;7418.0


0.0;10.6;0.8;0.0;7418.0


0.0;0.3;0.0;0.0;7418.0


8.3;849.4;37.1;0.0;7418.0


8.3;642.5;28.4;0.0;7418.0


8.3;0.0;0.0;0.0;7418.0


8.4;0.0;0.0;0.0;7418.0


8.3;0.0;0.0;1.0;7418.0


8.4;0.0;0.0;0.0;7418.0


8.3;0.0;0.0;0.0;7418.0


8.4;0.0;0.0;0.0;7418.0


8.4;0.0;0.0;0.0;7418.0


8.4;0.0;0.0;0.0;7418.0


8.4;0.0;0.0;0.0;7418.0


8.3;0.0;0.0;1.0;7418.0


8.4;0.0;0.0;0.0;7418.0


8.3;0.0;0.0;0.0;7418.0


8.3;0.0;0.0;0.0;7418.0


8.4;0.0;0.0;0.0;7418.0


8.3;0.0;0.0;0.0;7418.0


8.4;0.0;0.0;0.0;7418.0


8.3;0.0;0.0;1.0;7418.0


8.3;0.0;0.0;0.0;7418.0


8.4;0.0;0.0;0.0;7418.0


8.3;0.0;0.0;0.0;7418.0


0.0;0.1;0.0;0.0;7418.0


0.0;0.3;0.0;0.0;7418.0


8.4;1209.9;52.9;1.0;7419.0


8.3;282.3;12.6;0.0;7419.0


8.3;0.0;0.0;0.0;7419.0


8.4;0.0;0.0;0.0;7419.0


8.3;0.0;0.0;0.0;7419.0


8.3;0.0;0.0;0.0;7419.0


8.3;0.0;0.0;0.0;7419.0


8.3;0.0;0.0;0.0;7419.0


8.3;0.0;0.0;0.0;7419.0


8.4;0.0;0.0;0.0;7419.0


8.4;0.0;0.0;0.0;7419.0


8.3;0.0;0.0;0.0;7419.0


8.3;0.0;0.0;0.0;7418.0


8.3;0.0;0.0;0.0;7418.0


8.3;0.0;0.0;0.0;7418.0


8.4;0.0;0.0;0.0;7418.0


8.3;0.0;0.0;0.0;7418.0


8.4;0.0;0.0;0.0;7418.0


8.4;0.0;0.0;0.0;7418.0


8.4;0.0;0.0;0.0;7418.0


8.4;0.0;0.0;0.0;7418.0


8.4;1.0;0.3;0.0;7418.0


8.4;0.0;0.0;0.0;7418.0


8.3;0.0;0.0;0.0;7418.0


8.4;0.0;0.0;0.0;7418.0


8.3;0.0;0.0;0.0;7418.0


8.3;0.0;0.0;1.0;7418.0


8.4;0.0;0.0;0.0;7418.0


8.3;0.0;0.0;0.0;7418.0


8.4;0.0;0.0;0.0;7418.0


8.3;0.0;0.0;0.0;7418.0


8.3;0.0;0.0;0.0;7418.0


8.3;0.0;0.0;56.0;7418.0


8.3;0.0;0.0;56.0;7418.0


8.4;0.0;0.0;56.0;7418.0


8.3;0.0;0.0;55.0;7418.0


50.0;0.0;0.0;42.0;7418.0


8.3;0.0;0.0;54.0;7418.0


8.3;0.0;0.0;54.0;7418.0


8.4;0.0;0.0;54.0;7418.0


8.3;0.0;0.0;54.0;7418.0


8.3;0.0;0.0;54.0;7418.0


8.3;0.0;0.0;54.0;7418.0


8.3;0.0;0.0;55.0;7418.0


8.3;0.0;0.0;54.0;7418.0


8.4;0.0;0.0;55.0;7418.0


8.4;0.0;0.0;55.0;7418.0


8.3;0.0;0.0;54.0;7418.0


8.4;0.0;0.0;55.0;7418.0


0.0;10.6;0.8;1.0;7418.0


0.0;0.3;0.0;0.0;7418.0


8.4;510.0;22.2;0.0;7418.0


8.3;981.0;43.1;0.0;7418.0


8.4;1.0;0.3;0.0;7418.0


8.4;0.0;0.0;1.0;7418.0


8.4;0.0;0.0;1.0;7418.0


8.4;0.0;0.0;1.0;7418.0


8.4;0.0;0.0;1.0;7418.0


8.4;0.0;0.0;1.0;7418.0


8.3;0.0;0.0;1.0;7418.0


8.4;0.0;0.0;1.0;7418.0


8.3;0.0;0.0;1.0;7418.0


8.4;0.0;0.0;1.0;7418.0


8.4;0.0;0.0;1.0;7418.0


8.3;0.0;0.0;1.0;7418.0


8.4;0.0;0.0;1.0;7418.0


8.3;0.0;0.0;1.0;7418.0


8.4;0.0;0.0;2.0;7418.0


8.3;0.0;0.0;3.0;7418.0


8.3;0.0;0.0;3.0;7418.0


8.4;0.0;0.0;3.0;7418.0


8.3;0.0;0.0;3.0;7418.0


8.4;0.0;0.0;4.0;7418.0


1.0;0.1;0.0;3.0;7418.0


0.0;0.3;0.0;3.0;7418.0


9.6;547.2;23.8;3.0;7418.0


8.4;943.2;41.4;3.0;7418.0


8.3;1.0;0.3;2.0;7418.0


8.3;0.0;0.0;3.0;7418.0


8.3;0.0;0.0;4.0;7418.0


8.3;0.0;0.0;4.0;7418.0


8.4;0.0;0.0;3.0;7418.0


8.3;0.0;0.0;3.0;7418.0


8.3;0.0;0.0;3.0;7418.0


8.4;0.0;0.0;3.0;7418.0


8.3;0.0;0.0;3.0;7418.0


8.3;0.0;0.0;5.0;7418.0


8.4;0.0;0.0;4.0;7418.0


8.3;0.0;0.0;3.0;7418.0


8.4;0.0;0.0;2.0;7418.0


8.3;0.0;0.0;3.0;7418.0


8.4;0.0;0.0;2.0;7418.0


8.4;0.0;0.0;2.0;7418.0


8.4;0.0;0.0;3.0;7418.0


8.4;0.0;0.0;3.0;7418.0


8.3;0.0;0.0;4.0;7418.0


8.4;0.0;0.0;3.0;7418.0


8.3;1.0;0.3;3.0;7418.0


8.4;0.0;0.0;2.0;7418.0


8.4;0.0;0.0;3.0;7418.0


8.3;0.0;0.0;4.0;7418.0


8.4;0.0;0.0;4.0;7418.0


8.3;0.0;0.0;4.0;7418.0


8.3;0.0;0.0;3.0;7418.0


8.4;0.0;0.0;3.0;7418.0


8.3;0.0;0.0;3.0;7418.0


