0.0;10518528;0
0.0;10518528;0
0.0;10518528;0
0.0;10518528;0
49.9;12648448;0
100.3;12705792;0
66.5;12738560;0
100.8;12771328;0
71.0;12890112;0
86.0;10870784;0
49.9;12943360;0
99.7;12943360;0
56.8;13033472;0
100.8;13062144;0
66.5;13180928;0
100.3;11198464;0
71.7;13287424;0
99.7;11264000;0
83.1;13287424;0
86.0;11264000;0
66.5;13352960;0
83.1;11329536;0
84.0;13328384;0
71.0;11321344;0
83.1;13479936;0
66.5;11460608;0
86.0;13479936;0
85.2;11493376;173
100.8;13606912;0
49.9;11415552;0
99.7;13426688;0
66.5;13651968;0
100.3;13651968;0
71.7;13631488;0
99.4;13631488;0
50.4;13647872;0
99.7;13647872;0
57.3;13434880;0
99.4;13434880;0
50.4;13828096;0
99.7;13828096;0
49.9;13824000;0
100.3;13824000;0
56.8;13774848;0
99.7;13197312;0
66.5;13697024;0
86.0;11735040;0
71.0;13836288;0
84.0;11812864;0
83.1;13783040;0
86.0;11763712;0
85.2;13586432;0
84.0;11567104;0
99.7;13791232;0
66.5;11767808;0
86.0;13791232;0
56.8;12337152;0
100.3;13832192;0
49.9;13828096;0
100.8;13828096;0
49.9;13623296;0
100.3;13623296;0
49.9;13680640;0
99.7;13680640;0
66.5;13623296;0
99.7;13623296;0
57.3;13635584;0
99.4;13635584;0
57.3;13688832;0
99.7;13688832;0
66.5;13623296;0
99.7;13623296;0
66.5;13660160;0
100.3;11640832;0
42.6;13660160;0
100.8;13660160;0
66.5;13680640;0
99.7;13680640;0
66.5;13680640;0
99.7;13680640;0
71.7;13680640;0
85.2;11661312;0
84.0;13488128;0
83.1;11468800;0
83.1;13537280;0
83.1;11513856;0
99.7;13664256;0
57.3;11640832;0
99.7;13684736;0
71.7;14127104;0
100.8;13627392;0
71.0;13488128;0
100.3;13488128;0
56.8;13627392;0
100.8;13627392;0
49.9;13684736;0
99.7;13684736;0
67.2;13545472;0
99.7;13545472;0
57.3;13664256;0
99.4;13664256;0
67.2;13684736;0
99.7;11661312;0
83.1;13627392;0
84.0;11603968;0
85.2;13627392;0
71.7;11603968;0
99.4;13631488;0
71.7;12472320;0
99.7;13623296;0
49.9;13647872;0
100.8;13664256;0
66.5;13660160;0
99.7;13660160;0
66.5;13680640;0
99.7;13680640;0
84.0;13672448;0
99.4;13672448;0
71.7;13627392;0
100.3;11603968;0
71.0;13664256;0
86.0;11640832;0
83.1;13664256;0
84.0;11640832;0
99.7;13680640;0
66.5;11661312;0
100.8;13664256;0
49.9;13127680;0
99.4;13684736;0
66.5;13627392;0
99.4;13627392;0
57.3;13623296;0
100.3;13623296;0
28.4;13664256;0
99.7;13664256;0
67.2;13639680;0
99.7;13639680;0
49.9;13627392;0
99.7;13627392;0
66.5;13680640;0
100.3;11661312;0
85.2;13631488;0
86.0;11608064;0
86.0;13684736;0
71.0;11661312;0
83.1;13627392;0
66.5;11603968;0
100.8;13627392;0
71.7;14258176;0
99.4;13660160;0
71.7;13680640;0
100.3;13680640;0
85.2;13668352;0
100.3;13668352;0
71.0;13660160;0
100.3;13660160;0
57.3;13623296;0
85.2;11603968;0
67.2;13627392;0
83.1;11603968;0
83.1;13639680;0
66.5;11616256;0
99.7;13676544;0
66.5;13680640;0
100.8;13680640;0
66.5;13660160;0
99.7;13660160;0
71.7;13627392;0
100.3;13627392;0
71.0;13684736;0
86.0;11661312;0
85.2;13545472;0
71.7;11522048;0
86.0;13627392;0
66.5;11603968;0
99.7;13684736;0
67.2;13684736;0
99.7;13684736;0
49.9;13684736;0
99.4;13684736;0
57.3;13623296;0
100.3;13623296;0
56.8;13639680;0
100.3;11616256;0
71.7;13627392;0
85.2;11603968;0
86.0;13676544;0
56.8;11657216;0
114.7;13668352;0
57.3;15654912;0
99.4;13680640;0
86.0;13664256;0
100.3;13664256;0
71.0;13680640;0
100.3;13680640;0
71.0;13623296;0
100.3;13623296;0
57.3;13627392;0
85.2;11608064;0
71.7;13664256;0
71.7;11640832;0
99.7;13680640;0
49.9;12726272;0
99.7;13623296;0
49.9;13488128;0
100.3;13488128;0
71.7;13623296;0
99.7;13623296;0
66.5;13680640;0
100.8;11661312;0
66.5;13623296;0
99.7;11603968;0
83.1;13668352;0
83.1;11649024;0
100.8;13627392;0
49.9;15667200;0
99.7;13680640;0
50.4;13627392;0
99.7;13627392;0
49.9;13688832;0
99.7;13688832;0
49.9;13684736;0
100.3;13684736;0
71.7;13668352;0
85.2;11644928;0
86.0;13672448;0
71.7;11653120;0
99.7;13627392;0
57.3;12824576;0
100.3;13623296;0
66.5;13672448;0
100.3;13672448;0
71.7;13623296;0
99.4;13623296;0
66.5;13623296;0
84.0;11603968;0
83.1;13684736;0
83.1;11661312;0
99.7;13623296;0
66.5;11603968;0
100.8;13684736;0
66.5;13680640;0
99.7;13680640;0
67.2;13676544;0
99.7;13676544;0
56.8;13623296;0
100.3;13623296;0
56.8;13664256;0
83.1;11640832;0
84.0;13627392;0
66.5;11603968;0
99.7;13664256;0
50.4;13680640;0
71.7;11661312;0
86.0;13623296;0
56.8;11603968;0
99.7;13684736;0
71.7;13676544;0
100.3;13676544;0
85.2;13672448;0
99.7;13672448;0
66.5;13627392;0
99.7;13627392;0
67.2;13676544;0
83.1;11657216;0
85.2;13635584;0
57.3;11612160;0
100.3;13684736;0
49.9;15687680;0
99.7;13680640;0
66.5;13680640;0
99.7;13680640;0
50.4;13676544;0
43.0;11657216;0
83.1;13672448;0
16.6;11649024;0
99.7;13529088;0
0.0;13680640;0
84.0;11657216;0
33.2;13639680;0
66.5;11616256;0
57.3;13635584;0
33.2;11616256;0
71.0;13635584;0
14.3;11616256;0
100.8;13635584;0
14.3;13721600;0
83.1;11653120;0
33.2;13668352;0
67.2;11644928;0
43.0;13672448;0
49.9;11649024;0
71.0;13635584;0
14.3;11616256;0
100.3;13676544;0
14.2;13676544;0
85.2;11657216;0
28.7;13676544;0
57.3;11657216;0
57.3;13635584;0
