0.0;10522624;0
0.0;10522624;0
0.0;10522624;0
33.2;12632064;0
99.7;12685312;0
71.7;12742656;0
99.7;12775424;0
83.1;12791808;0
100.3;12857344;0
71.0;12910592;0
99.7;12910592;0
66.5;13062144;0
100.3;13090816;0
66.5;13221888;0
100.8;11202560;0
71.0;13287424;0
86.0;11268096;0
83.1;13352960;0
84.0;11333632;0
71.0;13357056;0
71.7;11333632;0
83.1;13287424;0
66.5;11329536;0
99.7;13488128;0
66.5;11464704;0
100.3;13619200;0
85.2;13312000;173
100.8;13615104;0
83.1;13561856;0
100.3;13561856;0
71.0;13524992;0
100.8;13524992;0
66.5;13713408;0
99.7;13713408;0
71.7;13582336;0
99.7;13582336;0
49.9;13717504;0
99.7;13717504;0
67.2;13746176;0
99.4;13746176;0
57.3;13713408;0
99.7;13713408;0
66.5;13717504;0
99.7;11694080;0
71.7;13713408;0
86.0;11407360;0
83.1;13635584;0
84.0;11612160;0
85.2;13848576;0
71.7;11825152;0
99.7;13639680;0
67.2;11620352;0
113.6;13844480;0
57.3;13025280;0
100.3;13791232;0
49.9;13791232;0
99.7;13791232;0
49.9;13402112;0
100.3;13533184;0
71.0;13684736;0
100.3;13684736;0
83.1;13721600;0
99.7;13721600;0
66.5;13672448;0
100.3;13672448;0
57.3;13672448;0
99.4;13672448;0
50.4;13709312;0
99.7;11685888;0
66.5;13672448;0
85.2;11653120;0
71.7;13676544;0
83.1;11653120;0
83.1;13709312;0
67.2;11685888;0
85.2;13721600;0
71.7;11698176;0
85.2;13676544;0
67.2;12460032;0
99.7;13684736;0
66.5;13778944;0
100.8;13778944;0
56.8;13709312;0
100.3;13709312;0
49.9;13672448;0
100.8;13672448;0
49.9;13672448;0
99.7;13672448;0
57.3;14553088;0
99.4;14553088;0
71.7;14569472;0
99.7;14569472;0
67.2;13688832;0
83.1;11669504;0
71.7;14524416;0
86.0;12500992;0
83.1;13725696;0
83.1;11702272;0
99.7;13709312;0
67.2;11427840;0
99.7;13619200;0
57.3;14192640;0
100.3;13676544;0
71.0;13660160;0
99.7;13660160;0
49.9;14573568;0
100.8;14573568;0
66.5;13651968;0
100.3;13651968;0
71.7;13664256;0
99.4;13664256;0
71.7;14516224;0
99.7;14516224;0
67.2;13664256;0
99.7;11644928;0
83.1;14565376;0
84.0;12546048;0
42.6;13643776;0
100.3;13643776;0
71.0;13623296;0
100.8;13623296;0
66.5;13529088;0
83.1;11505664;0
84.0;13668352;0
66.5;11644928;0
99.7;13668352;0
49.9;11644928;0
99.7;13668352;0
67.2;14573568;0
99.7;14573568;0
66.5;13615104;0
100.3;13615104;0
71.0;13639680;0
100.3;13639680;0
71.0;14647296;0
100.3;14647296;0
66.5;13651968;0
99.7;13651968;0
67.2;13619200;0
99.7;11595776;0
83.1;13619200;0
83.1;11595776;0
83.1;13664256;0
67.2;11640832;0
99.7;13619200;0
57.3;14381056;0
100.3;13619200;0
56.8;14528512;0
100.3;14528512;0
56.8;13619200;0
100.8;13619200;0
49.9;14528512;0
99.7;14528512;0
50.4;13651968;0
99.7;13651968;0
66.5;14639104;0
99.7;14639104;0
66.5;13668352;0
84.0;11644928;0
71.0;13668352;0
71.7;11644928;0
86.0;13619200;0
56.8;11599872;0
100.3;13725696;0
71.0;13619200;0
100.3;13619200;0
71.7;13664256;0
99.4;13664256;0
71.7;13656064;0
100.3;13656064;0
71.0;13619200;0
100.3;13619200;0
83.1;13623296;0
100.8;11599872;0
83.1;13647872;0
83.1;11624448;0
84.0;13615104;0
66.5;11595776;0
99.4;13623296;0
71.7;13668352;0
99.4;13668352;0
71.7;13664256;0
100.3;13664256;0
56.8;14516224;0
100.3;14516224;0
71.7;13643776;0
99.4;11620352;0
86.0;14569472;0
85.2;12550144;0
86.0;13651968;0
71.7;11632640;0
99.4;13627392;0
57.3;11603968;0
100.3;13664256;0
56.8;13651968;0
100.3;13651968;0
66.5;13623296;0
100.8;13623296;0
49.9;14577664;0
99.4;14577664;0
57.3;13672448;0
100.3;13672448;0
49.9;13664256;0
86.0;11644928;0
71.0;14635008;0
84.0;12615680;0
83.1;13656064;0
66.5;11636736;0
100.3;13611008;0
57.3;15900672;0
99.7;14516224;0
66.5;13709312;0
99.7;13709312;0
49.9;13619200;0
100.8;13619200;0
49.9;13651968;0
85.2;11632640;0
67.2;13656064;0
99.7;11636736;0
83.1;13611008;0
83.1;11591680;0
99.7;14589952;0
50.4;13619200;0
99.7;13619200;0
71.0;13668352;0
100.3;13668352;0
57.3;13651968;0
99.4;13651968;0
57.3;13635584;0
85.2;11616256;0
71.7;14540800;0
71.7;12521472;0
85.2;13660160;0
66.5;11640832;0
100.3;13619200;0
57.3;13647872;0
99.7;13647872;0
66.5;13623296;0
99.7;13623296;0
49.9;13635584;0
100.8;13635584;0
66.5;13672448;0
99.7;11653120;0
84.0;13639680;0
71.7;11616256;0
99.4;14569472;0
71.7;12689408;0
99.7;13651968;0
49.9;13611008;0
100.3;13611008;0
57.3;13651968;0
99.4;13651968;0
57.3;13623296;0
86.0;11599872;0
71.0;14524416;0
71.7;12505088;0
99.7;14573568;0
49.9;13496320;0
100.8;13623296;0
49.9;13639680;0
99.7;13639680;0
71.7;13656064;0
100.3;13656064;0
66.5;13664256;0
99.7;11644928;0
83.1;13660160;0
83.1;11636736;0
84.0;13672448;0
66.5;11649024;0
99.4;13619200;0
57.3;13668352;0
100.3;13668352;0
56.8;13619200;0
99.7;11599872;0
49.9;13676544;0
83.1;11657216;0
67.2;13635584;0
49.9;11612160;0
85.2;13676544;0
16.6;11657216;0
100.3;13631488;0
16.8;13631488;0
99.7;11608064;0
33.2;13680640;0
83.1;11657216;0
56.8;14622720;0
71.7;12603392;0
67.2;13668352;0
28.7;11644928;0
99.7;13746176;0
16.6;13709312;0
99.7;13672448;0
33.6;13623296;0
99.7;11603968;0
33.2;13627392;0
71.7;11608064;0
56.8;13676544;0
49.9;11657216;0
86.0;13492224;0
28.7;11468800;0
