7.2;57.4;22.5;1.7;1.0;1044.0
8.3;99.0;112.4;10.3;0.0;1044.0
6.9;137.8;142.9;7.7;0.0;1044.0
7.0;168.2;136.9;7.3;0.0;1044.0
7.1;200.0;73.9;5.8;0.0;1044.0
6.0;222.7;133.8;4.8;0.0;1044.0
8.3;269.9;9.2;17.1;0.0;1044.0
8.3;316.0;3.4;17.0;0.0;1044.0
8.4;358.3;3.1;15.5;0.0;1044.0
8.4;403.1;3.3;16.5;0.0;1044.0
8.3;446.0;0.6;1.8;0.0;1044.0
8.3;490.9;0.0;0.0;0.0;1044.0
8.4;498.7;264.3;0.4;0.0;1044.0
8.3;498.7;389.4;0.7;0.0;1044.0
8.4;498.7;389.7;0.7;0.0;1044.0
8.3;498.7;394.5;0.7;0.0;1044.0
8.3;498.7;386.1;0.6;0.0;1044.0
8.4;498.7;393.0;0.7;0.0;1044.0
8.3;498.7;386.4;0.6;0.0;1044.0
8.3;498.7;390.9;0.7;1.0;1044.0
8.4;498.7;383.1;0.6;0.0;1044.0
8.3;498.7;382.2;0.6;0.0;1044.0
8.3;498.7;390.0;0.7;0.0;1044.0
8.4;498.7;383.4;0.6;0.0;1044.0
8.3;498.7;382.8;0.6;0.0;1044.0
8.3;498.7;388.2;0.7;0.0;1044.0
8.4;498.8;389.7;0.7;0.0;1044.0
8.3;498.8;383.4;0.6;1.0;1044.0
8.4;498.8;390.3;0.7;0.0;1044.0
8.3;498.8;385.5;0.6;0.0;1044.0
8.3;498.8;380.4;0.6;0.0;1044.0
8.4;498.8;390.0;0.7;0.0;1044.0
8.3;498.8;378.6;0.6;0.0;1044.0
8.3;498.8;381.6;0.6;0.0;1044.0
8.4;498.8;388.2;0.7;0.0;1044.0
8.4;498.8;383.7;0.6;0.0;1044.0
8.3;498.8;378.0;0.6;0.0;1044.0
8.4;498.8;383.7;0.6;0.0;1044.0
8.3;498.8;378.9;0.6;0.0;1044.0
8.3;498.8;386.1;0.6;0.0;1044.0
8.4;498.8;384.0;0.6;0.0;1044.0
8.3;498.8;385.5;0.6;0.0;1044.0
8.4;498.8;383.7;0.6;0.0;1044.0
8.3;498.8;367.8;0.6;0.0;1044.0
8.3;498.8;377.4;0.6;0.0;1044.0
8.4;498.8;381.3;0.6;0.0;1044.0
8.3;498.8;384.9;0.6;0.0;1044.0
8.3;498.8;382.5;0.6;0.0;1044.0
8.3;498.8;379.5;0.6;0.0;1044.0
8.4;498.8;377.4;0.6;0.0;1044.0
8.3;498.8;384.3;0.6;0.0;1044.0
8.4;498.8;387.9;0.7;0.0;1044.0
8.3;498.8;384.9;0.6;0.0;1044.0
8.3;498.8;386.1;0.6;0.0;1044.0
8.4;498.8;386.4;0.6;0.0;1044.0
8.3;498.8;380.7;0.6;0.0;1044.0
8.4;498.8;382.2;0.6;0.0;1044.0
8.3;498.8;380.7;0.6;0.0;1044.0
8.3;498.8;382.2;0.6;0.0;1044.0
8.3;498.8;386.4;0.6;0.0;1044.0
8.4;498.8;381.6;0.6;0.0;1044.0
6.9;498.8;378.3;0.6;0.0;1044.0
8.3;498.8;382.2;0.6;0.0;1044.0
8.4;498.8;385.5;0.6;0.0;1044.0
8.3;498.8;375.9;0.6;0.0;1044.0
8.4;498.8;380.4;0.6;0.0;1044.0
8.3;498.8;386.1;0.6;0.0;1044.0
8.3;498.8;381.9;0.6;0.0;1044.0
8.4;498.8;381.9;0.6;0.0;1044.0
8.3;498.8;376.5;0.6;0.0;1044.0
8.3;498.8;380.7;0.6;0.0;1044.0
8.4;498.8;381.9;0.6;0.0;1044.0
8.3;498.8;375.3;0.6;0.0;1044.0
8.3;498.8;381.6;0.6;0.0;1044.0
8.4;498.8;388.2;0.7;1.0;1044.0
8.3;498.8;387.3;0.7;0.0;1044.0
8.3;498.8;379.2;0.6;0.0;1044.0
8.4;498.8;381.0;0.6;0.0;1044.0
8.3;498.8;388.2;0.7;0.0;1044.0
8.4;498.8;388.5;0.7;0.0;1044.0
8.3;498.8;376.5;0.6;0.0;1044.0
8.3;498.8;380.4;0.6;0.0;1044.0
8.4;498.8;379.5;0.6;1.0;1044.0
8.4;498.8;390.9;0.7;0.0;1044.0
8.3;498.8;384.0;0.6;0.0;1044.0
8.4;498.8;385.5;0.6;0.0;1044.0
8.4;498.8;378.3;0.6;0.0;1044.0
8.3;498.8;381.9;0.6;0.0;1044.0
8.4;498.8;385.2;0.6;0.0;1044.0
8.3;498.8;380.1;0.6;0.0;1044.0
8.3;498.8;381.9;0.6;0.0;1044.0
8.4;498.8;386.7;0.6;0.0;1044.0
8.3;498.8;373.8;0.6;0.0;1044.0
8.4;498.8;380.7;0.6;0.0;1044.0
8.3;498.8;376.8;0.6;0.0;1044.0
8.3;498.8;377.7;0.6;0.0;1044.0
8.4;498.8;377.7;0.6;0.0;1044.0
8.3;498.8;388.8;0.7;0.0;1044.0
8.3;498.8;380.5;0.6;0.0;1044.0
8.3;498.8;383.3;0.6;0.0;1044.0
8.4;498.8;385.5;0.6;0.0;1044.0
8.3;498.8;378.0;0.6;0.0;1044.0
8.4;498.8;381.0;0.6;0.0;1044.0
8.4;498.8;388.5;0.7;0.0;1044.0
8.3;498.8;371.4;0.6;0.0;1044.0
8.4;498.8;381.6;0.6;0.0;1044.0
8.3;498.8;385.5;0.6;0.0;1044.0
8.3;498.8;387.6;0.7;0.0;1044.0
8.4;498.8;375.0;0.6;0.0;1044.0
8.3;498.8;389.7;0.7;0.0;1044.0
8.3;498.8;381.3;0.6;0.0;1044.0
8.4;498.8;392.1;0.7;0.0;1044.0
8.3;498.8;373.5;0.6;0.0;1044.0
8.3;498.8;381.9;0.6;0.0;1044.0
8.4;498.8;377.4;0.6;0.0;1044.0
8.3;498.8;381.9;0.6;0.0;1044.0
8.4;498.8;379.2;0.6;0.0;1044.0
8.3;498.8;390.9;0.7;0.0;1044.0
8.3;498.8;384.6;0.6;0.0;1044.0
8.4;498.8;382.2;0.6;0.0;1044.0
8.3;498.8;381.6;0.6;0.0;1044.0
8.3;498.8;378.0;0.6;1.0;1044.0
8.4;498.8;379.8;0.6;0.0;1044.0
8.4;498.8;387.9;0.7;0.0;1044.0
8.3;498.8;380.4;0.6;0.0;1044.0
8.4;498.8;379.2;0.6;0.0;1044.0
8.3;498.8;387.0;0.6;0.0;1044.0
8.3;498.8;381.9;0.6;0.0;1044.0
8.4;498.8;375.6;0.6;0.0;1044.0
8.3;498.8;385.5;0.6;1.0;1044.0
8.4;498.8;377.7;0.6;0.0;1044.0
8.3;498.8;386.1;0.6;0.0;1044.0
8.3;498.8;376.1;0.6;0.0;1044.0
8.4;498.8;374.5;0.6;0.0;1044.0
8.4;498.8;383.1;0.6;0.0;1044.0
8.3;498.8;389.4;0.7;0.0;1044.0
8.3;498.8;380.4;0.6;0.0;1044.0
8.4;498.8;385.5;0.6;1.0;1044.0
8.3;498.8;373.2;0.6;0.0;1044.0
8.4;498.8;385.5;0.6;0.0;1044.0
8.3;498.8;380.7;0.6;0.0;1044.0
8.3;498.8;382.5;0.6;0.0;1044.0
8.4;498.8;379.2;0.6;0.0;1044.0
8.3;498.8;394.8;0.7;0.0;1044.0
8.4;498.8;378.6;0.6;0.0;1044.0
8.4;498.8;384.0;0.6;1.0;1044.0
8.3;498.8;386.7;0.6;0.0;1044.0
8.3;498.8;388.2;0.7;0.0;1044.0
8.4;498.8;379.8;0.6;0.0;1044.0
8.3;498.8;383.4;0.6;0.0;1044.0
8.3;498.8;379.8;0.6;0.0;1044.0
8.4;498.8;381.0;0.6;0.0;1044.0
8.3;498.8;373.8;0.6;0.0;1044.0
8.4;498.8;377.4;0.6;0.0;1044.0
8.3;498.8;387.3;0.7;0.0;1044.0
8.3;498.8;383.7;0.6;0.0;1044.0
8.4;498.8;389.1;0.7;0.0;1044.0
8.3;498.8;392.7;0.7;0.0;1044.0
8.3;498.8;381.9;0.6;0.0;1044.0
8.4;498.8;384.9;0.6;0.0;1044.0
8.3;498.8;377.4;0.6;0.0;1044.0
8.3;498.8;384.6;0.6;0.0;1044.0
8.4;498.8;375.9;0.6;0.0;1044.0
8.3;498.8;387.9;0.7;0.0;1044.0
8.3;498.8;377.6;0.6;0.0;1044.0
8.4;498.8;379.3;0.6;0.0;1044.0
8.3;498.8;379.5;0.6;0.0;1044.0
8.4;498.8;384.6;0.6;0.0;1044.0
8.3;498.8;377.7;0.6;1.0;1044.0
8.3;498.8;381.9;0.6;0.0;1044.0
8.4;498.8;382.8;0.6;0.0;1044.0
8.4;498.8;379.5;0.6;0.0;1044.0
8.3;498.8;379.8;0.6;0.0;1044.0
8.3;498.8;387.9;0.7;0.0;1044.0
8.4;498.8;383.4;0.6;0.0;1044.0
8.3;498.8;385.8;0.6;0.0;1044.0
8.4;498.8;379.2;0.6;1.0;1044.0
8.3;498.8;381.9;0.6;0.0;1044.0
8.3;498.8;385.8;0.6;0.0;1044.0
8.4;498.8;382.8;0.6;0.0;1044.0
8.3;498.8;378.6;0.6;0.0;1044.0
8.4;498.8;378.9;0.6;0.0;1044.0
8.3;498.8;379.8;0.6;0.0;1044.0
8.3;498.8;386.1;0.6;0.0;1044.0
8.4;498.8;378.0;0.6;1.0;1044.0
8.4;498.8;378.6;0.6;0.0;1044.0
8.3;498.8;377.1;0.6;0.0;1044.0
8.3;498.8;383.1;0.6;0.0;1044.0
8.4;498.8;380.1;0.6;0.0;1044.0
8.3;498.8;381.0;0.6;0.0;1044.0
8.4;498.8;382.8;0.6;0.0;1044.0
8.3;498.8;388.8;0.7;0.0;1044.0
8.3;498.8;375.3;0.6;2.0;1044.0
8.4;498.8;379.5;0.6;0.0;1044.0
8.3;498.8;386.1;0.6;0.0;1044.0
8.3;498.8;385.2;0.6;0.0;1044.0
8.4;498.8;385.2;0.6;0.0;1044.0
8.3;498.8;386.1;0.6;0.0;1044.0
8.3;498.8;380.7;0.6;0.0;1044.0
8.4;498.8;388.8;0.7;0.0;1044.0
8.3;498.8;383.7;0.6;0.0;1044.0
8.3;498.8;378.3;0.6;0.0;1044.0
8.4;498.8;384.6;0.6;0.0;1044.0
8.3;498.8;388.5;0.7;0.0;1044.0
8.4;498.8;377.7;0.6;0.0;1044.0
8.3;498.8;384.0;0.6;0.0;1044.0
8.3;498.8;384.3;0.6;0.0;1044.0
8.4;498.8;378.6;0.6;0.0;1044.0
8.3;498.8;380.1;0.6;0.0;1044.0
8.3;498.8;385.2;0.6;0.0;1044.0
8.4;498.8;384.0;0.6;0.0;1044.0
8.4;498.8;392.4;0.7;0.0;1044.0
8.3;498.8;379.8;0.6;0.0;1044.0
8.4;498.8;382.8;0.6;0.0;1044.0
8.3;498.8;383.1;0.6;0.0;1044.0
8.3;498.8;380.7;0.6;0.0;1044.0
8.4;498.8;380.4;0.6;0.0;1044.0
8.3;498.8;379.8;0.6;0.0;1044.0
8.4;498.8;381.3;0.6;0.0;1044.0
8.4;498.8;382.8;0.6;0.0;1044.0
8.3;498.8;380.4;0.6;0.0;1044.0
8.4;498.8;380.4;0.6;0.0;1044.0
8.4;498.8;380.7;0.6;0.0;1044.0
8.3;498.8;386.4;0.6;0.0;1044.0
8.3;498.8;382.2;0.6;0.0;1044.0
8.4;498.8;395.4;0.7;0.0;1044.0
8.3;498.8;390.0;0.7;0.0;1044.0
8.4;498.8;382.5;0.6;0.0;1044.0
8.3;498.8;379.5;0.6;0.0;1044.0
8.3;498.8;379.5;0.6;0.0;1044.0
8.4;498.8;381.3;0.6;0.0;1044.0
8.3;498.8;387.9;0.7;1.0;1044.0
8.3;498.8;377.7;0.6;0.0;1044.0
8.4;498.8;379.5;0.6;0.0;1044.0
8.3;498.8;384.3;0.6;0.0;1044.0
8.3;498.8;381.0;0.6;0.0;1044.0
8.4;498.8;383.4;0.6;0.0;1044.0
8.3;498.8;385.5;0.6;0.0;1044.0
8.3;498.8;377.7;0.6;0.0;1044.0
8.4;498.8;386.7;0.6;0.0;1044.0
8.3;498.8;369.3;0.6;0.0;1044.0
8.4;498.8;384.3;0.6;0.0;1044.0
8.3;498.8;380.1;0.6;0.0;1044.0
8.3;498.8;379.5;0.6;0.0;1044.0
8.4;498.8;378.6;0.6;0.0;1044.0
8.3;498.8;376.5;0.6;0.0;1044.0
8.3;498.8;372.6;0.6;0.0;1044.0
8.3;498.8;383.1;0.6;0.0;1044.0
8.4;498.8;375.3;0.6;0.0;1044.0
8.3;498.8;378.3;0.6;0.0;1044.0
8.4;498.8;372.6;0.6;0.0;1044.0
8.3;498.8;375.3;0.6;0.0;1044.0
8.3;498.8;361.2;0.6;0.0;1044.0
8.4;498.8;369.6;0.6;0.0;1044.0
8.3;498.8;374.7;0.6;0.0;1044.0
8.4;498.8;377.7;0.6;1.0;1044.0
8.3;498.8;378.6;0.6;0.0;1044.0
8.3;498.8;382.2;0.6;0.0;1044.0
8.4;498.8;371.7;0.6;0.0;1044.0
8.4;498.8;381.3;0.6;0.0;1044.0
8.3;498.8;380.1;0.6;0.0;1044.0
8.3;498.8;371.1;0.6;0.0;1044.0
8.4;498.8;377.7;0.6;0.0;1044.0
8.3;498.8;374.4;0.6;1.0;1044.0
8.4;498.8;372.6;0.6;0.0;1044.0
8.3;498.8;381.9;0.6;0.0;1044.0
8.3;498.8;389.7;0.7;0.0;1044.0
8.4;498.8;376.2;0.6;0.0;1044.0
8.3;498.8;376.2;0.6;0.0;1044.0
8.4;498.8;384.3;0.6;0.0;1044.0
8.4;498.8;382.5;0.6;0.0;1044.0
8.3;498.8;384.6;0.6;0.0;1044.0
8.3;498.8;373.5;0.6;0.0;1044.0
8.4;498.8;381.0;0.6;0.0;1044.0
8.3;498.8;375.6;0.6;0.0;1044.0
8.3;498.8;382.5;0.6;0.0;1044.0
8.4;498.8;378.0;0.6;0.0;1044.0
8.3;498.8;384.3;0.6;0.0;1044.0
8.4;498.8;375.9;0.6;0.0;1044.0
8.3;498.8;386.1;0.6;0.0;1044.0
8.3;498.8;379.5;0.6;0.0;1044.0
8.4;498.8;392.7;0.7;0.0;1044.0
8.3;498.8;375.9;0.6;0.0;1044.0
8.3;498.8;387.6;0.7;0.0;1044.0
8.4;498.8;379.5;0.6;0.0;1044.0
8.3;498.8;377.4;0.6;0.0;1044.0
8.3;498.8;376.5;0.6;0.0;1044.0
8.4;498.8;378.9;0.6;0.0;1044.0
8.3;498.8;380.1;0.6;0.0;1044.0
8.3;498.8;379.8;0.6;0.0;1044.0
8.4;498.8;381.0;0.6;0.0;1044.0
8.3;498.8;374.1;0.6;0.0;1044.0
8.4;498.8;381.6;0.6;0.0;1044.0
8.3;498.8;388.2;0.7;0.0;1044.0
8.3;498.8;384.9;0.6;0.0;1044.0
8.4;498.8;383.7;0.6;0.0;1044.0
8.3;498.8;387.0;0.6;0.0;1044.0
8.3;498.8;376.2;0.6;0.0;1044.0
8.4;498.8;381.0;0.6;0.0;1044.0
8.4;498.8;384.3;0.6;0.0;1044.0
