0.0;10526720;0
0.0;10526720;0
0.0;10526720;0
0.0;10526720;0
0.0;10526720;0
16.6;13139968;0
99.7;14811136;0
116.4;18898944;0
200.7;19013632;0
216.1;26976256;0
116.4;19202048;0
215.0;23302144;0
199.5;23334912;0
216.1;31436800;0
186.4;27369472;0
133.0;22597632;0
199.5;23470080;0
215.0;31686656;0
199.5;31567872;0
199.5;31621120;0
199.5;31629312;0
200.7;31657984;0
166.2;31846400;0
201.6;31952896;0
199.5;32083968;0
200.7;32083968;0
199.5;32083968;0
201.6;32083968;0
184.7;28069888;0
168.0;32190464;0
199.5;32194560;0
200.7;32210944;0
199.5;32292864;0
201.6;32292864;0
199.5;32292864;0
186.4;28336128;0
172.0;32419840;0
199.5;32436224;0
199.5;32436224;0
199.5;32567296;0
200.7;32616448;0
199.5;32616448;0
84.0;24522752;277
216.1;32698368;0
200.7;32702464;0
199.5;32702464;0
201.6;32702464;0
199.5;32731136;0
200.7;32747520;0
149.6;28622848;0
166.2;28524544;0
216.1;32636928;0
199.5;32673792;0
200.7;32673792;0
199.5;32673792;0
201.6;32727040;0
83.1;24129536;0
199.5;28745728;0
227.3;32665600;0
200.7;32710656;0
199.5;32731136;0
199.5;32731136;0
201.6;32743424;0
156.3;28770304;0
143.3;28442624;0
198.9;32735232;0
184.8;32755712;0
199.5;32763904;0
199.5;32763904;0
200.7;32763904;0
198.9;32690176;0
186.4;28557312;0
166.2;32722944;0
201.6;32727040;0
198.9;32727040;0
200.7;32739328;0
200.7;32739328;0
199.5;32784384;0
116.4;28803072;0
199.5;32698368;0
201.6;32698368;0
198.9;32698368;0
129.0;25673728;0
186.4;28680192;0
133.0;28463104;0
199.5;32669696;0
199.5;32669696;0
186.4;32673792;0
166.2;32673792;0
200.7;32653312;0
186.4;28569600;0
170.5;32718848;0
200.7;32718848;0
198.9;32718848;0
200.7;32718848;0
143.3;28749824;0
216.1;32813056;0
117.6;28520448;0
199.5;32632832;0
199.5;32645120;0
198.9;32645120;0
200.7;32768000;0
200.7;32768000;0
170.5;32772096;0
184.8;32894976;0
216.1;32858112;0
199.5;32858112;0
199.5;32858112;0
200.7;32858112;0
172.0;28831744;0
156.2;32825344;0
218.4;32772096;0
199.5;32772096;0
199.5;32772096;0
199.5;32833536;0
186.4;28807168;0
186.4;28680192;0
216.1;32854016;0
201.6;32854016;0
199.5;32854016;0
199.5;32854016;0
198.9;32854016;0
200.7;32718848;0
200.7;32718848;0
182.8;32759808;0
201.6;32763904;0
199.5;32763904;0
199.5;32763904;0
216.1;32763904;0
172.0;28737536;0
186.4;32759808;0
198.9;32759808;0
200.7;32759808;0
199.5;32759808;0
16.6;24707072;0
229.4;32866304;0
198.9;32866304;0
200.7;32866304;0
200.7;32927744;0
198.9;32927744;0
151.2;32878592;0
166.2;28868608;0
149.6;32899072;0
199.5;32907264;0
199.5;32907264;0
201.6;32907264;0
184.7;28889088;0
143.3;28680192;0
186.4;32854016;0
198.9;32854016;0
200.7;32854016;0
199.5;32854016;0
151.2;28106752;0
232.7;32825344;0
199.5;32825344;0
201.6;32833536;0
199.5;32833536;0
199.5;32833536;0
198.9;32833536;0
143.3;28631040;0
200.7;32919552;0
198.9;32919552;0
200.7;32919552;0
200.7;32919552;0
184.7;28893184;0
186.4;32878592;0
198.9;32878592;0
200.7;32878592;0
199.5;32882688;0
199.5;32882688;0
151.2;28860416;0
199.5;32956416;0
199.5;32956416;0
199.5;32956416;0
199.5;32956416;0
201.6;32956416;0
83.1;25174016;0
216.1;32755712;0
201.6;32755712;0
199.5;32755712;0
199.5;32755712;0
149.6;28217344;0
199.5;32935936;0
201.6;32935936;0
199.5;32935936;0
199.5;32935936;0
184.8;28913664;0
216.1;32964608;0
199.5;32976896;0
199.5;32985088;0
182.8;33054720;0
201.6;33062912;0
199.5;33079296;0
116.4;24805376;0
235.2;32944128;0
199.5;32960512;0
199.5;32960512;0
182.8;32960512;0
199.5;32960512;0
157.7;27213824;0
172.0;32849920;0
198.9;32858112;0
200.7;32870400;0
200.7;32886784;0
184.7;28872704;0
157.7;28577792;0
199.5;32763904;0
199.5;32825344;0
168.0;32825344;0
199.5;32825344;0
199.5;28819456;0
134.4;32854016;0
166.2;32858112;0
199.5;32706560;0
199.5;32833536;0
199.5;32833536;0
201.6;32833536;0
199.5;32923648;0
182.8;28573696;0
184.8;32808960;0
199.5;32808960;0
199.5;32808960;0
99.7;22781952;0
213.1;32686080;0
200.7;32747520;0
200.7;32747520;0
198.9;32808960;0
200.7;32866304;0
172.0;24817664;0
142.0;32952320;0
200.7;32952320;0
199.5;32952320;0
199.5;32972800;0
201.6;32972800;0
116.4;24928256;0
232.7;32993280;0
201.6;32993280;0
199.5;32993280;0
199.5;32993280;0
199.5;33038336;0
199.5;28925952;0
134.4;32927744;0
199.5;32931840;0
199.5;32931840;0
201.6;32940032;0
199.5;32956416;0
156.3;28946432;0
186.4;32980992;0
198.9;32980992;0
199.5;32980992;0
201.6;32980992;0
199.5;28835840;0
199.5;33038336;0
151.2;33013760;0
199.5;33030144;0
199.5;33042432;0
199.5;33042432;0
198.9;33042432;0
172.0;29020160;0
114.7;28889088;0
198.9;32935936;0
199.5;32935936;0
201.6;32935936;0
199.5;32935936;0
182.8;32956416;0
166.2;28930048;0
166.2;32944128;0
201.6;32944128;0
199.5;32944128;0
170.5;28921856;0
129.0;28995584;0
215.0;33071104;0
198.9;33071104;0
200.7;33071104;0
199.5;33071104;0
199.5;33067008;0
201.6;33079296;0
166.2;32595968;0
199.5;32595968;0
200.7;32595968;0
200.7;32595968;0
198.9;32595968;0
200.7;32595968;0
198.9;32636928;0
143.3;31559680;0
201.6;32784384;0
182.8;32768000;0
199.5;32768000;0
201.6;32772096;0
199.5;32772096;0
198.9;32710656;0
200.7;32710656;0
116.4;28684288;0
216.1;32833536;0
184.8;32927744;0
200.7;32944128;0
198.9;32968704;0
149.6;28958720;0
184.8;28966912;0
182.8;32935936;0
