0.0;10510336;0
0.0;10510336;0
0.0;10510336;0
0.0;10510336;0
0.0;10510336;0
100.8;14688256;0
113.6;15331328;0
201.6;19124224;0
166.2;15966208;0
200.7;19259392;0
199.5;20664320;0
201.6;23392256;0
213.1;24780800;0
218.4;23564288;0
166.2;21487616;0
199.5;23506944;0
213.1;31350784;0
201.6;31629312;0
199.5;31760384;0
157.7;21532672;0
215.0;31948800;0
199.5;31985664;0
199.5;31985664;0
199.5;31985664;0
200.7;31985664;0
116.4;27115520;0
201.6;28172288;0
166.2;28053504;0
200.7;32210944;0
198.9;32219136;0
201.6;32219136;0
199.5;32219136;0
200.7;32219136;0
186.4;32374784;0
199.5;32378880;0
199.5;32399360;0
200.7;32415744;0
200.7;32436224;0
166.2;28418048;0
201.6;32518144;0
199.5;28557312;58
215.0;32485376;219
198.9;32518144;0
201.6;32534528;0
199.5;32550912;0
199.5;32559104;0
114.7;24465408;0
241.5;32632832;0
200.7;32632832;0
199.5;32632832;0
201.6;32727040;0
199.5;32727040;0
129.0;28704768;0
200.7;32796672;0
166.2;25993216;0
199.5;32612352;0
199.5;32616448;0
200.7;32616448;0
198.9;32616448;0
168.0;25640960;0
199.5;32796672;0
199.5;32813056;0
198.9;32829440;0
200.7;32829440;0
199.5;32829440;0
199.5;32829440;0
201.6;32792576;0
156.3;24621056;0
149.6;27639808;0
199.5;32694272;0
201.6;32698368;0
199.5;32649216;0
200.7;32710656;0
143.3;32649216;0
198.9;32690176;0
199.5;32702464;0
216.1;32686080;0
200.7;32735232;0
156.2;28708864;0
184.8;32768000;0
149.6;28741632;0
166.2;32751616;0
198.9;32751616;0
200.7;32759808;0
129.0;28737536;0
216.1;32686080;0
201.6;32727040;0
216.1;27729920;0
199.5;32546816;0
198.9;32546816;0
200.7;32546816;0
199.5;32608256;0
182.8;28643328;0
184.8;32874496;0
199.5;32739328;0
199.5;32817152;0
198.9;32817152;0
186.4;32817152;0
200.7;32817152;0
199.5;28856320;0
134.4;28913664;0
199.5;32686080;0
199.5;32751616;0
199.5;32755712;0
199.5;32886784;0
157.7;22245376;0
227.3;32952320;0
200.7;32952320;0
200.7;32952320;0
199.5;32952320;0
199.5;32968704;0
199.5;33030144;0
151.2;32870400;0
170.5;32653312;0
200.7;32710656;0
200.7;32698368;0
199.5;32710656;0
199.5;32718848;0
199.5;32731136;0
201.6;32808960;0
83.1;24678400;0
232.7;32854016;0
200.7;32854016;0
198.9;32862208;0
200.7;32862208;0
199.5;32919552;0
201.6;32919552;0
133.0;22265856;0
182.8;32882688;0
201.6;32886784;0
182.8;32886784;0
199.5;32886784;0
198.9;32886784;0
200.7;32944128;0
186.4;33095680;0
199.5;33079296;0
201.6;33087488;0
182.8;33087488;0
199.5;33091584;0
166.2;28815360;0
199.5;33009664;0
201.6;33013760;0
199.5;33013760;0
199.5;33013760;0
151.2;28987392;0
216.1;33001472;0
166.2;25853952;0
199.5;32862208;0
149.6;32763904;0
184.8;32718848;0
199.5;32722944;0
199.5;32731136;0
201.6;32731136;0
198.9;32792576;0
200.7;32796672;0
198.9;28774400;0
168.0;32862208;0
199.5;32862208;0
199.5;32866304;0
201.6;32931840;0
116.4;28905472;0
166.2;28954624;0
216.1;32878592;0
199.5;32878592;0
201.6;32878592;0
199.5;32878592;0
199.5;28852224;0
151.2;32874496;0
166.2;28848128;0
166.2;33017856;0
199.5;33017856;0
199.5;33017856;0
201.6;33021952;0
199.5;28999680;0
216.1;32907264;0
100.8;28884992;0
216.1;32858112;0
199.5;32858112;0
199.5;32858112;0
199.5;32952320;0
168.0;32944128;0
199.5;32944128;0
166.2;28921856;0
201.6;32948224;0
199.5;32948224;0
199.5;32948224;0
166.2;28925952;0
216.1;32960512;0
201.6;32960512;0
99.7;25911296;0
199.5;28921856;0
134.4;32964608;0
199.5;32968704;0
199.5;32968704;0
199.5;32968704;0
199.5;32968704;0
151.2;28872704;0
182.8;32903168;0
199.5;32903168;0
184.8;32919552;0
199.5;32919552;0
182.8;28897280;0
216.1;32804864;0
116.4;26423296;0
201.6;32669696;0
199.5;32669696;0
166.2;32813056;0
201.6;32817152;0
166.2;28794880;0
182.8;32825344;0
186.4;32825344;0
198.9;32829440;0
199.5;32624640;0
50.4;23437312;0
232.7;32837632;0
199.5;32837632;0
200.7;32837632;0
200.7;32837632;0
170.5;33042432;0
172.0;33046528;0
127.8;32718848;0
199.5;32722944;0
201.6;32722944;0
99.7;28696576;0
99.7;28696576;0
100.8;28708864;0
249.3;32772096;0
199.5;32772096;0
199.5;32772096;0
199.5;32772096;0
151.2;25464832;0
200.7;32792576;0
199.5;32792576;0
201.6;32923648;0
199.5;28606464;0
170.5;32813056;0
200.7;32813056;0
213.1;32739328;0
199.5;28717056;0
218.4;28721152;0
216.1;32755712;0
199.5;32755712;0
201.6;32755712;0
166.2;32628736;0
198.9;32636928;0
200.7;32636928;0
198.9;32636928;0
200.7;32776192;0
215.0;32804864;0
199.5;32804864;0
199.5;32804864;0
201.6;32866304;0
166.2;27004928;0
198.9;32661504;0
172.0;32751616;0
199.5;32763904;0
199.5;32776192;0
201.6;32817152;0
198.9;32833536;0
129.0;24793088;0
172.0;32882688;0
199.5;32882688;0
199.5;32940032;0
199.5;32940032;0
199.5;32235520;0
199.5;33075200;0
201.6;33079296;0
149.6;29057024;0
166.2;33050624;0
200.7;33054720;0
199.5;33058816;0
184.7;29036544;0
200.7;33087488;0
116.4;29040640;0
199.5;33079296;0
201.6;33099776;0
200.7;33116160;0
198.9;33116160;0
157.7;28848128;0
172.0;33095680;0
198.9;33169408;0
199.5;33177600;0
199.5;33177600;0
199.5;33247232;0
100.8;21716992;0
229.4;33230848;0
198.9;33230848;0
200.7;33230848;0
201.6;33230848;0
199.5;33230848;0
199.5;33239040;0
182.8;32829440;0
182.8;32833536;0
201.6;32849920;0
200.7;32849920;0
142.0;28884992;0
166.2;26021888;0
201.6;32772096;0
200.7;32772096;0
184.7;28868608;0
