8.4;56.9;24.1;1.8;0.0;859.0
8.3;100.7;116.6;10.5;0.0;859.0
7.2;140.2;151.5;8.2;0.0;859.0
7.1;175.7;127.8;6.8;0.0;859.0
8.3;202.9;83.8;6.5;0.0;859.0
8.3;227.2;196.8;4.5;0.0;859.0
8.3;227.2;659.1;1.1;0.0;859.0
8.3;227.2;744.0;1.3;0.0;859.0
8.3;227.2;653.8;1.1;0.0;859.0
8.4;231.4;442.4;1.0;0.0;859.0
8.4;239.6;0.0;0.0;0.0;859.0
8.4;252.3;0.0;0.0;0.0;859.0
8.4;263.2;0.8;0.0;0.0;859.0
8.3;276.7;0.0;0.0;0.0;859.0
8.3;287.1;0.0;0.0;0.0;859.0
8.4;299.1;0.0;0.0;0.0;859.0
8.4;310.9;0.0;0.0;0.0;859.0
8.3;322.0;0.0;0.0;0.0;859.0
8.3;331.6;0.0;0.0;0.0;859.0
8.3;380.4;0.0;0.0;0.0;859.0
8.3;414.0;0.6;2.6;0.0;859.0
8.3;350.9;0.3;2.8;0.0;859.0
5.5;426.9;1.2;0.0;7.0;1009.0
8.4;879.0;0.6;0.0;1.0;1033.0
8.4;877.0;0.0;0.0;11.0;6665.0
8.3;2149.9;8.7;485.4;10.0;7814.0
8.4;2349.3;14.0;500.8;0.0;7814.0
8.3;3205.1;8.7;327.0;60.0;7814.0
8.4;3231.3;0.0;0.0;0.0;7814.0
8.4;3310.9;0.0;0.0;0.0;7814.0
8.4;3292.6;0.0;0.0;0.0;7814.0
8.4;3298.0;0.0;0.0;0.0;7814.0
8.3;3299.0;0.0;0.0;0.0;7814.0
8.4;3300.1;0.0;0.0;0.0;7814.0
8.3;3301.7;0.0;0.0;0.0;7814.0
8.3;3303.5;0.1;8.4;0.0;7814.0
8.3;3321.3;0.0;0.0;0.0;7814.0
8.3;3319.0;0.3;3.3;0.0;7814.0
8.4;3365.5;0.3;3.5;23.0;7814.0
8.3;3373.6;5.7;376.6;0.0;7814.0
8.3;3373.6;9.2;432.6;0.0;7814.0
8.3;3373.6;9.0;430.3;0.0;7814.0
8.3;3368.8;1.8;0.1;0.0;7814.0
8.3;3324.1;0.4;3.5;0.0;7814.0
8.3;3343.4;0.0;0.0;0.0;7814.0
8.4;3350.4;0.0;0.0;0.0;7814.0
8.4;3350.8;0.0;0.0;0.0;7814.0
8.3;3353.5;0.0;0.0;0.0;7814.0
8.4;3371.7;0.0;0.0;0.0;7828.0
11.1;3411.1;0.2;0.3;98.0;7848.0
8.4;3480.4;0.6;0.0;0.0;7848.0
8.3;3487.0;0.0;0.0;0.0;7848.0
8.3;3488.8;0.0;0.0;0.0;7848.0
8.3;3506.7;0.0;0.0;0.0;7848.0
8.3;3512.1;0.0;0.0;0.0;7848.0
9.6;3512.2;0.6;0.0;96.0;7848.0
8.3;3512.2;0.6;0.0;97.0;7848.0
9.7;3512.2;1.2;0.0;97.0;7848.0
8.3;3512.3;1.2;0.0;97.0;7848.0
8.4;3512.3;0.6;0.0;97.0;7848.0
9.6;3512.3;1.2;0.0;97.0;7848.0
8.3;3512.3;0.6;0.0;97.0;7848.0
8.4;3512.3;1.2;0.0;97.0;7848.0
9.7;3512.3;1.2;0.0;97.0;7848.0
8.4;3512.3;0.6;0.0;99.0;7848.0
9.6;3512.3;1.2;0.0;97.0;7848.0
8.3;3512.3;1.2;0.0;98.0;7848.0
8.4;3512.3;0.6;0.0;99.0;7848.0
9.5;3512.3;1.2;0.0;97.0;7848.0
8.4;3512.3;0.6;0.0;99.0;7848.0
8.3;3512.3;1.2;0.0;99.0;7848.0
11.1;3512.3;1.2;0.0;98.0;7848.0
8.4;3512.3;0.6;0.0;99.0;7848.0
9.5;3512.3;1.2;0.0;99.0;7848.0
8.4;3512.3;0.6;0.0;97.0;7848.0
8.3;3512.3;1.2;0.0;98.0;7848.0
11.1;3512.3;1.2;0.0;96.0;7848.0
8.4;3512.3;0.6;0.0;96.0;7848.0
8.3;3512.3;1.2;0.0;96.0;7848.0
9.8;3512.3;1.2;0.0;97.0;7848.0
8.4;3512.3;0.6;0.0;96.0;7848.0
10.8;3512.3;1.2;0.0;96.0;7848.0
8.4;3512.3;0.6;0.0;96.0;7848.0
8.3;3512.3;1.3;0.3;97.0;7848.0
9.8;3512.3;1.2;0.0;96.0;7848.0
8.3;3512.3;0.6;0.0;97.0;7848.0
8.4;3512.3;1.2;0.0;97.0;7848.0
10.4;3512.3;1.2;0.0;97.0;7848.0
8.3;3512.3;0.6;0.0;97.0;7848.0
9.7;3512.3;1.2;0.0;97.0;7848.0
8.3;3512.3;0.6;0.0;97.0;7848.0
8.3;3512.3;1.2;0.0;97.0;7848.0
9.5;3512.3;1.2;0.0;97.0;7848.0
8.3;3512.3;0.6;0.0;99.0;7848.0
8.3;3512.3;1.2;0.0;97.0;7848.0
10.7;3512.3;1.2;0.0;97.0;7848.0
8.4;3512.3;0.6;0.0;99.0;7848.0
9.7;3512.3;1.2;0.0;97.0;7848.0
8.4;3512.3;0.6;0.0;99.0;7848.0
8.3;3512.3;1.2;0.0;99.0;7848.0
9.6;3512.3;1.2;0.0;98.0;7848.0
8.4;3512.3;0.6;0.0;99.0;7848.0
8.3;3512.3;1.2;0.0;99.0;7848.0
9.8;3512.3;1.2;0.0;97.0;7848.0
8.3;3512.3;0.6;0.0;99.0;7848.0
9.6;3512.3;1.2;0.0;97.0;7848.0
8.3;3512.3;0.6;0.0;97.0;7848.0
8.3;3512.3;1.2;0.0;99.0;7848.0
9.5;3512.3;1.2;0.0;97.0;7848.0
8.3;3512.3;0.6;0.0;97.0;7848.0
8.3;3512.3;1.2;0.0;96.0;7848.0
8.3;3512.3;1.2;0.0;97.0;7848.0
8.3;3512.3;0.6;0.0;97.0;7848.0
9.6;3512.3;1.2;0.0;97.0;7848.0
8.3;3512.3;0.6;0.0;97.0;7848.0
8.3;3512.3;1.2;0.0;97.0;7848.0
11.1;3512.3;1.5;0.0;97.0;7848.0
8.4;3512.3;0.6;0.0;97.0;7848.0
8.4;3512.3;1.2;0.0;97.0;7848.0
9.7;3512.3;1.2;0.0;97.0;7848.0
8.4;3512.3;0.6;0.0;98.0;7848.0
9.5;3512.3;1.3;0.3;97.0;7848.0
8.3;3512.3;0.6;0.0;97.0;7848.0
8.3;3512.3;1.2;0.0;99.0;7848.0
9.7;3512.3;1.2;0.0;97.0;7848.0
8.3;3512.3;0.6;0.0;99.0;7848.0
8.3;3512.3;1.2;0.0;99.0;7848.0
9.6;3512.3;1.2;0.0;99.0;7848.0
8.3;3512.3;0.6;0.0;99.0;7848.0
9.7;3512.3;1.2;0.0;99.0;7848.0
8.4;3512.3;1.2;0.0;99.0;7848.0
8.3;3512.3;0.6;0.0;99.0;7848.0
9.6;3512.3;1.2;0.0;97.0;7848.0
8.3;3512.3;0.6;0.0;99.0;7848.0
8.4;3512.3;1.2;0.0;99.0;7848.0
10.8;3512.3;1.2;0.0;97.0;7848.0
8.4;3512.3;0.6;0.0;99.0;7848.0
9.8;3512.3;1.2;0.0;96.0;7848.0
8.3;3512.3;1.2;0.0;97.0;7848.0
8.4;3512.3;0.6;0.0;97.0;7848.0
10.7;3512.3;1.2;0.0;97.0;7848.0
8.4;3512.3;0.6;0.0;97.0;7848.0
8.3;3512.3;1.2;0.0;97.0;7848.0
9.7;3512.3;1.2;0.0;97.0;7848.0
8.4;3512.3;0.6;0.0;97.0;7848.0
9.5;3512.3;1.2;0.0;97.0;7848.0
8.3;3512.3;1.2;0.0;97.0;7848.0
8.3;3512.3;0.6;0.0;97.0;7848.0
10.7;3512.3;1.2;0.0;97.0;7848.0
8.4;3512.3;0.6;0.0;99.0;7848.0
