8.4;55.9;25.1;1.9;0.0;859.0
8.4;102.2;125.1;11.3;0.0;859.0
8.3;140.2;145.8;7.7;0.0;859.0
8.3;176.4;131.2;6.9;0.0;859.0
8.4;204.7;95.2;6.8;0.0;859.0
8.3;226.8;231.2;4.2;0.0;859.0
8.4;226.8;669.3;1.1;0.0;859.0
8.3;226.8;716.7;1.2;0.0;859.0
8.3;226.8;684.6;1.2;0.0;859.0
7.2;231.1;379.5;0.9;0.0;859.0
8.3;240.2;0.0;0.0;0.0;859.0
8.4;252.6;0.8;0.0;0.0;859.0
8.4;264.3;0.0;0.0;0.0;859.0
8.4;277.1;0.0;0.0;0.0;859.0
8.4;287.5;0.0;0.0;0.0;859.0
8.4;299.2;0.0;0.0;0.0;859.0
8.4;310.9;0.0;0.0;0.0;859.0
8.3;321.5;0.0;0.0;0.0;859.0
8.3;331.7;0.0;0.0;0.0;859.0
8.3;379.5;0.0;0.0;0.0;859.0
8.3;413.7;0.6;2.6;0.0;859.0
8.3;354.0;0.3;2.8;0.0;859.0
8.3;433.3;1.2;0.0;5.0;1017.0
8.3;880.3;0.6;0.0;0.0;1033.0
8.3;868.0;0.0;0.0;0.0;7814.0
8.3;2144.2;9.2;522.4;1.0;7814.0
8.3;2530.6;13.5;463.8;0.0;7814.0
8.4;3199.6;8.7;327.0;58.0;7814.0
8.4;3234.4;0.0;0.0;0.0;7814.0
8.3;3311.3;0.0;0.0;0.0;7814.0
8.4;3291.1;0.0;0.0;0.0;7814.0
8.3;3295.5;0.0;0.0;0.0;7814.0
8.4;3296.3;0.0;0.0;0.0;7814.0
8.4;3297.3;0.0;0.0;0.0;7814.0
8.3;3298.0;0.0;0.0;0.0;7814.0
8.4;3300.1;0.1;8.4;0.0;7814.0
8.3;3318.9;0.0;0.0;0.0;7814.0
8.4;3316.9;0.3;3.3;0.0;7814.0
8.3;3364.9;0.3;3.5;59.0;7814.0
8.4;3372.9;5.5;367.6;0.0;7814.0
8.4;3373.0;8.9;423.6;0.0;7814.0
8.3;3373.0;9.4;441.6;0.0;7814.0
8.3;3368.0;1.9;6.8;0.0;7814.0
7.1;3326.6;0.1;3.5;0.0;7814.0
8.3;3336.8;0.3;0.0;0.0;7814.0
8.4;3345.8;0.0;0.0;0.0;7814.0
8.3;3348.9;0.0;0.0;0.0;7814.0
8.4;3349.1;0.0;0.0;0.0;7814.0
8.3;3368.6;0.0;0.0;0.0;7814.0
8.4;3407.5;0.2;0.3;60.0;7848.0
8.4;3481.8;0.6;0.0;0.0;7848.0
8.4;3489.4;0.0;0.0;0.0;7848.0
8.4;3490.2;0.0;0.0;0.0;7848.0
8.3;3495.3;0.0;0.0;0.0;7848.0
8.4;3512.7;0.0;0.0;0.0;7848.0
10.7;3513.2;0.0;0.0;97.0;7848.0
13.8;3513.3;1.2;0.0;97.0;7848.0
9.7;3513.3;1.2;0.0;97.0;7848.0
14.2;3513.3;0.6;0.0;99.0;7848.0
12.5;3513.3;1.2;0.0;97.0;7848.0
9.7;3513.3;1.2;0.0;97.0;7848.0
16.6;3513.3;0.6;0.0;99.0;7848.0
9.6;3513.3;1.2;0.0;97.0;7848.0
11.5;3513.3;0.6;0.0;98.0;7848.0
13.1;3513.3;1.2;0.0;99.0;7848.0
12.5;3513.3;1.2;0.0;97.0;7848.0
14.3;3513.3;0.6;0.0;98.0;7848.0
10.8;3513.3;1.2;0.0;99.0;7848.0
10.7;3513.3;0.6;0.0;98.0;7848.0
15.4;3513.4;1.2;0.0;99.0;7848.0
9.7;3513.4;1.2;0.0;96.0;7848.0
11.9;3513.4;0.6;0.0;98.0;7848.0
11.8;3513.4;1.2;0.0;99.0;7848.0
9.7;3513.4;1.2;0.0;96.0;7848.0
15.2;3513.4;0.6;0.0;98.0;7848.0
11.1;3513.4;1.2;0.0;96.0;7848.0
10.8;3513.4;0.6;0.0;96.0;7848.0
14.2;3513.4;1.2;0.0;98.0;7848.0
12.5;3513.4;1.2;0.0;96.0;7848.0
12.5;3513.4;0.6;0.0;96.0;7848.0
11.8;3513.4;1.2;0.0;97.0;7848.0
9.6;3513.4;1.2;0.0;96.0;7848.0
16.6;3513.4;0.6;0.0;96.0;7848.0
9.8;3513.4;1.3;0.3;97.0;7848.0
10.8;3513.4;0.6;0.0;97.0;7848.0
13.1;3513.4;1.2;0.0;97.0;7848.0
9.6;3513.4;1.2;0.0;97.0;7848.0
13.8;3513.4;0.6;0.0;97.0;7848.0
11.2;3513.4;1.2;0.0;97.0;7848.0
10.7;3513.4;1.2;0.0;97.0;7848.0
14.3;3513.4;0.6;0.0;99.0;7848.0
10.8;3513.4;1.2;0.0;97.0;7848.0
11.1;3513.4;0.6;0.0;99.0;7848.0
13.1;3513.4;1.2;0.0;99.0;7848.0
9.5;3513.4;1.2;0.0;97.0;7848.0
13.1;3513.4;0.6;0.0;99.0;7848.0
12.5;3513.4;1.2;0.0;99.0;7848.0
8.3;3513.4;1.2;0.0;99.0;7848.0
15.5;3513.4;0.6;0.0;99.0;7848.0
9.5;3513.4;1.2;0.0;99.0;7848.0
11.2;3513.4;0.6;0.0;99.0;7848.0
13.8;3513.4;1.2;0.0;99.0;7848.0
11.9;3513.4;1.2;0.0;96.0;7848.0
11.8;3513.4;0.6;0.0;99.0;7848.0
11.9;3513.4;1.2;0.0;99.0;7848.0
8.4;3513.4;1.2;0.0;97.0;7848.0
16.6;3513.4;0.6;0.0;99.0;7848.0
9.6;3513.4;1.2;0.0;97.0;7848.0
10.7;3513.4;0.6;0.0;97.0;7848.0
15.2;3513.4;1.2;0.0;98.0;7848.0
11.1;3513.4;1.2;0.0;97.0;7848.0
11.9;3513.4;0.6;0.0;97.0;7848.0
11.9;3513.4;1.2;0.0;97.0;7848.0
8.3;3513.4;1.2;0.0;97.0;7848.0
16.6;3513.4;0.6;0.0;97.0;7848.0
10.7;3513.4;1.2;0.0;97.0;7848.0
10.7;3513.4;0.9;0.0;97.0;7848.0
14.3;3513.4;1.2;0.0;97.0;7848.0
9.7;3513.4;1.2;0.0;97.0;7848.0
11.9;3513.4;0.6;0.0;99.0;7848.0
11.9;3513.4;1.2;0.0;97.0;7848.0
9.6;3513.4;1.3;0.3;97.0;7848.0
15.2;3513.4;0.6;0.0;99.0;7848.0
10.8;3513.4;1.2;0.0;97.0;7848.0
10.8;3513.4;0.6;0.0;99.0;7848.0
14.2;3513.4;1.2;0.0;99.0;7848.0
9.6;3513.4;1.2;0.0;97.0;7848.0
12.5;3513.4;0.6;0.0;99.0;7848.0
12.5;3513.4;1.2;0.0;99.0;7848.0
9.6;3513.4;1.2;0.0;99.0;7848.0
15.4;3513.4;0.6;0.0;99.0;7848.0
13.8;3513.4;1.2;0.0;99.0;7848.0
9.7;3513.4;1.2;0.0;97.0;7848.0
14.2;3513.4;0.6;0.0;99.0;7848.0
10.8;3513.4;1.2;0.0;97.0;7848.0
11.8;3513.4;0.6;0.0;97.0;7848.0
12.6;3513.4;1.2;0.0;97.0;7848.0
9.7;3513.4;1.2;0.0;97.0;7848.0
15.5;3513.4;0.6;0.0;97.0;7848.0
11.5;3513.4;1.2;0.0;97.0;7848.0
9.7;3513.4;1.2;0.0;97.0;7848.0
15.4;3513.4;0.6;0.0;97.0;7848.0
15.4;3513.4;1.2;0.0;97.0;7848.0
11.5;3513.4;0.6;0.0;97.0;7848.0
11.8;3513.4;1.2;0.0;97.0;7848.0
9.7;3513.4;1.2;0.0;97.0;7848.0
15.2;3513.4;0.6;0.0;97.0;7848.0
10.7;3513.4;1.2;0.0;97.0;7848.0
9.6;3513.4;1.2;0.0;97.0;7848.0
16.6;3513.4;0.6;0.0;99.0;7848.0
