7.2;56.2;24.3;1.9;0.0;927.0
8.3;104.2;136.0;11.8;0.0;927.0
8.4;143.5;138.1;7.3;0.0;927.0
8.3;177.5;133.8;7.0;1.0;927.0
7.2;209.2;100.0;6.9;0.0;927.0
8.3;242.9;101.9;10.6;0.0;927.0
8.3;295.1;3.7;18.5;0.0;927.0
8.4;343.5;3.6;18.0;0.0;927.0
8.4;389.9;3.4;17.0;0.0;927.0
8.4;439.7;1.6;6.8;0.0;927.0
8.3;486.8;0.0;0.0;0.0;927.0
8.4;497.1;180.0;0.3;0.0;927.0
8.3;497.1;426.3;0.7;0.0;927.0
8.4;497.1;428.1;0.7;0.0;927.0
8.3;497.1;430.2;0.7;0.0;927.0
8.3;497.1;423.9;0.7;0.0;927.0
8.4;497.1;388.8;0.7;0.0;927.0
8.3;497.1;418.2;0.7;0.0;927.0
8.4;497.1;419.7;0.7;1.0;927.0
8.3;497.1;407.7;0.7;0.0;927.0
8.3;497.1;405.6;0.7;0.0;927.0
8.4;497.1;404.1;0.7;0.0;927.0
8.3;497.1;412.2;0.7;0.0;927.0
8.3;497.1;412.8;0.7;0.0;927.0
8.4;497.1;419.7;0.7;0.0;927.0
8.4;497.1;411.9;0.7;0.0;927.0
8.4;497.1;420.6;0.7;0.0;927.0
8.4;497.1;418.5;0.7;0.0;927.0
8.3;497.1;412.2;0.7;0.0;927.0
8.3;497.1;414.6;0.7;0.0;927.0
8.4;497.1;411.4;0.7;0.0;927.0
8.4;497.1;397.4;0.7;0.0;927.0
8.3;497.1;429.6;0.7;0.0;927.0
8.4;497.1;403.5;0.7;0.0;927.0
8.3;497.1;407.7;0.7;0.0;927.0
8.4;497.1;402.3;0.7;0.0;927.0
8.3;497.1;407.4;0.7;0.0;927.0
8.3;497.1;411.0;0.7;0.0;927.0
8.4;497.1;393.3;0.7;0.0;927.0
8.3;497.1;421.8;0.7;0.0;927.0
8.4;497.1;406.2;0.7;1.0;927.0
8.3;497.1;398.1;0.7;0.0;927.0
8.4;497.1;410.4;0.7;0.0;927.0
8.4;497.1;409.5;0.7;0.0;927.0
8.4;497.1;409.8;0.7;0.0;927.0
8.3;497.1;415.8;0.7;0.0;927.0
8.3;497.1;407.7;0.7;0.0;927.0
8.4;497.1;415.8;0.7;1.0;927.0
8.3;497.1;417.0;0.7;0.0;927.0
8.4;497.1;416.4;0.7;0.0;927.0
8.3;497.1;411.9;0.7;0.0;927.0
8.3;497.1;412.8;0.7;0.0;927.0
8.4;497.1;412.2;0.7;0.0;927.0
8.3;497.1;406.5;0.7;0.0;927.0
8.4;497.1;411.0;0.7;0.0;927.0
8.3;497.1;401.1;0.7;0.0;927.0
8.3;497.1;406.2;0.7;0.0;927.0
8.4;497.1;407.1;0.7;0.0;927.0
8.3;497.1;402.0;0.7;0.0;927.0
8.3;497.1;402.9;0.7;0.0;927.0
8.4;497.1;401.7;0.7;0.0;927.0
8.4;497.1;381.0;0.6;0.0;927.0
8.4;497.1;410.4;0.7;1.0;927.0
8.4;497.1;405.0;0.7;0.0;927.0
8.3;497.1;401.7;0.7;0.0;927.0
8.3;497.1;408.6;0.7;0.0;927.0
8.4;497.1;404.1;0.7;0.0;927.0
8.3;497.1;409.9;0.7;0.0;927.0
8.3;497.1;404.0;0.7;0.0;927.0
8.4;497.2;421.8;0.7;1.0;927.0
8.3;497.2;411.9;0.7;0.0;927.0
8.4;497.2;411.6;0.7;0.0;927.0
8.3;497.2;396.3;0.7;0.0;927.0
8.3;497.2;428.4;0.7;0.0;927.0
8.4;497.2;396.6;0.7;0.0;927.0
8.3;497.2;422.1;0.7;0.0;927.0
8.4;497.2;404.4;0.7;0.0;927.0
8.3;497.2;403.2;0.7;0.0;927.0
8.4;497.2;411.9;0.7;0.0;927.0
8.4;497.2;414.6;0.7;0.0;927.0
8.4;497.2;407.4;0.7;0.0;927.0
8.3;497.2;405.0;0.7;0.0;927.0
8.3;497.2;409.8;0.7;0.0;927.0
8.4;497.2;411.0;0.7;0.0;927.0
8.3;497.2;401.4;0.7;0.0;927.0
8.4;497.2;403.2;0.7;0.0;927.0
8.3;497.2;416.1;0.7;0.0;927.0
8.3;497.2;409.5;0.7;0.0;927.0
8.4;497.2;413.1;0.7;0.0;927.0
8.3;497.2;403.5;0.7;0.0;927.0
8.3;497.2;412.5;0.7;0.0;927.0
8.4;497.2;419.1;0.7;1.0;927.0
8.3;497.2;399.3;0.7;0.0;927.0
8.4;497.2;416.4;0.7;0.0;927.0
8.3;497.2;407.4;0.7;0.0;927.0
8.3;497.2;407.1;0.7;0.0;927.0
8.4;497.2;408.6;0.7;0.0;927.0
8.4;497.2;407.4;0.7;0.0;927.0
8.4;497.2;400.5;0.7;0.0;927.0
8.4;497.2;404.7;0.7;0.0;927.0
8.4;497.2;409.5;0.7;0.0;927.0
8.3;497.2;395.4;0.7;0.0;927.0
8.4;497.2;409.8;0.7;0.0;927.0
8.3;497.2;406.5;0.7;0.0;927.0
8.3;497.2;405.3;0.7;0.0;927.0
8.4;497.2;398.4;0.7;0.0;927.0
8.3;497.2;405.0;0.7;1.0;927.0
8.4;497.2;379.2;0.6;0.0;927.0
8.3;497.2;401.7;0.7;0.0;927.0
8.3;497.2;414.0;0.7;0.0;927.0
8.4;497.2;414.9;0.7;0.0;927.0
8.4;497.2;401.1;0.7;0.0;927.0
8.3;497.2;429.3;0.7;0.0;927.0
8.3;497.2;402.6;0.7;0.0;927.0
8.4;497.2;406.2;0.7;0.0;927.0
8.4;497.2;416.4;0.7;0.0;927.0
8.4;497.2;411.0;0.7;0.0;927.0
8.3;497.2;415.5;0.7;0.0;927.0
8.3;497.2;410.7;0.7;0.0;927.0
8.4;497.2;408.3;0.7;0.0;927.0
8.3;497.2;402.3;0.7;0.0;927.0
8.3;497.2;410.7;0.7;0.0;927.0
8.3;497.2;405.6;0.7;0.0;927.0
8.3;497.2;405.9;0.7;0.0;927.0
8.4;497.2;394.2;0.7;0.0;927.0
8.3;497.2;396.3;0.7;0.0;927.0
8.3;497.2;414.6;0.7;0.0;927.0
8.4;497.2;406.5;0.7;0.0;927.0
8.3;497.2;407.4;0.7;1.0;927.0
8.4;497.2;399.3;0.7;0.0;927.0
8.3;497.2;405.6;0.7;0.0;927.0
8.3;497.2;418.2;0.7;0.0;927.0
8.4;497.2;409.5;0.7;0.0;927.0
8.4;497.2;407.6;0.7;0.0;927.0
8.4;497.2;420.4;0.7;0.0;927.0
8.3;497.2;409.5;0.7;0.0;927.0
8.4;497.2;410.7;0.7;0.0;927.0
8.4;497.2;395.4;0.7;0.0;927.0
8.4;497.1;427.8;0.7;0.0;927.0
8.3;497.1;412.5;0.7;0.0;927.0
8.3;497.1;410.1;0.7;0.0;927.0
8.4;497.1;402.0;0.7;0.0;927.0
8.3;497.1;402.3;0.7;0.0;927.0
8.4;497.1;405.9;0.7;0.0;927.0
8.3;497.1;400.8;0.7;0.0;927.0
8.3;497.1;403.8;0.7;0.0;927.0
8.4;497.1;417.6;0.7;0.0;927.0
8.3;497.1;405.9;0.7;0.0;927.0
8.3;493.9;408.3;0.7;0.0;927.0
8.4;493.9;400.2;0.7;0.0;927.0
8.4;493.9;402.6;0.7;0.0;927.0
8.4;493.9;414.3;0.7;0.0;927.0
8.3;493.9;393.9;0.7;0.0;927.0
8.3;493.9;403.2;0.7;0.0;927.0
8.3;493.9;408.6;0.7;0.0;927.0
8.4;493.9;411.3;0.7;0.0;927.0
8.3;493.9;412.5;0.7;0.0;927.0
8.3;493.9;407.7;0.7;0.0;927.0
8.4;493.9;409.8;0.7;0.0;927.0
8.3;493.9;406.8;0.7;0.0;927.0
8.4;493.9;407.7;0.7;0.0;927.0
8.3;493.9;408.0;0.7;0.0;927.0
8.3;493.9;408.3;0.7;0.0;927.0
8.4;493.9;408.0;0.7;0.0;927.0
8.3;493.9;403.2;0.7;0.0;927.0
8.4;493.9;405.9;0.7;0.0;927.0
8.3;493.9;406.2;0.7;0.0;927.0
8.4;493.9;409.2;0.7;0.0;927.0
8.4;493.9;401.1;0.7;0.0;927.0
8.4;493.9;401.7;0.7;0.0;927.0
8.3;493.9;405.6;0.7;0.0;927.0
8.3;493.9;405.9;0.7;0.0;927.0
8.4;493.9;410.1;0.7;0.0;927.0
8.3;493.9;409.2;0.7;0.0;927.0
8.4;493.9;405.9;0.7;0.0;927.0
8.3;493.9;407.1;0.7;0.0;927.0
8.3;493.9;411.9;0.7;0.0;927.0
8.3;493.9;396.9;0.7;0.0;927.0
8.3;493.9;427.2;0.7;0.0;927.0
8.4;493.9;415.2;0.7;0.0;927.0
8.3;493.9;414.0;0.7;0.0;927.0
8.3;493.9;405.3;0.7;0.0;927.0
8.4;493.9;416.4;0.7;0.0;927.0
8.3;493.9;413.1;0.7;0.0;927.0
8.3;493.9;414.9;0.7;0.0;927.0
8.4;493.9;396.6;0.7;0.0;927.0
8.4;493.9;409.8;0.7;0.0;927.0
8.4;493.9;412.5;0.7;0.0;927.0
8.3;493.9;402.0;0.7;0.0;927.0
8.3;493.9;411.6;0.7;0.0;927.0
8.3;493.9;402.9;0.7;0.0;927.0
8.4;493.9;402.0;0.7;0.0;927.0
8.3;493.9;405.3;0.7;0.0;927.0
8.3;493.9;409.2;0.7;0.0;927.0
8.4;493.9;402.0;0.7;0.0;927.0
8.3;493.9;407.4;0.7;0.0;927.0
8.4;493.9;413.7;0.7;0.0;927.0
8.3;493.9;417.0;0.7;0.0;927.0
8.3;493.9;391.2;0.7;0.0;927.0
8.4;493.9;407.1;0.7;0.0;927.0
8.3;493.9;416.1;0.7;0.0;927.0
8.3;493.9;412.2;0.7;0.0;927.0
8.3;493.9;402.9;0.7;0.0;927.0
8.4;493.9;410.4;0.7;0.0;927.0
8.4;493.9;409.8;0.7;0.0;927.0
8.4;493.9;408.0;0.7;0.0;927.0
8.3;493.9;404.1;0.7;0.0;927.0
8.3;493.9;402.9;0.7;0.0;927.0
8.4;493.9;406.8;0.7;0.0;927.0
8.3;493.9;407.1;0.7;1.0;927.0
8.4;493.9;405.0;0.7;0.0;927.0
8.3;493.9;414.3;0.7;0.0;927.0
8.3;493.9;414.3;0.7;0.0;927.0
8.4;493.9;410.6;0.7;0.0;927.0
8.3;493.9;409.3;0.7;0.0;927.0
8.3;493.9;405.6;0.7;0.0;927.0
8.4;493.9;419.7;0.7;0.0;927.0
8.3;493.9;407.4;0.7;0.0;927.0
8.4;493.9;415.2;0.7;0.0;927.0
8.3;493.9;414.0;0.7;0.0;927.0
8.3;493.9;402.0;0.7;0.0;927.0
8.4;493.9;419.4;0.7;0.0;927.0
8.4;493.9;417.9;0.7;0.0;927.0
8.4;493.9;410.4;0.7;0.0;927.0
8.3;493.9;415.2;0.7;0.0;927.0
8.4;493.9;402.9;0.7;0.0;927.0
8.3;493.9;420.9;0.7;0.0;927.0
8.4;493.9;405.6;0.7;0.0;927.0
8.3;493.9;409.2;0.7;0.0;927.0
8.3;493.9;406.2;0.7;0.0;927.0
8.4;493.9;406.5;0.7;0.0;927.0
8.3;493.9;408.3;0.7;1.0;927.0
8.4;493.9;402.9;0.7;0.0;927.0
8.3;493.9;405.9;0.7;0.0;927.0
8.3;493.9;397.5;0.7;0.0;927.0
8.4;493.9;410.7;0.7;0.0;927.0
8.3;493.9;397.5;0.7;0.0;927.0
8.3;493.9;402.6;0.7;0.0;927.0
8.3;493.9;409.8;0.7;0.0;927.0
8.4;493.9;406.5;0.7;0.0;927.0
8.4;493.9;418.2;0.7;0.0;927.0
8.4;493.9;411.9;0.7;0.0;927.0
8.3;493.9;414.6;0.7;0.0;927.0
8.3;493.9;415.5;0.7;0.0;927.0
8.4;493.9;380.1;0.6;0.0;927.0
8.3;493.9;406.8;0.7;0.0;927.0
8.3;493.9;402.6;0.7;0.0;927.0
8.3;493.9;408.0;0.7;0.0;927.0
8.3;493.9;407.1;0.7;0.0;927.0
8.4;493.9;407.1;0.7;0.0;927.0
8.3;493.9;402.6;0.7;0.0;927.0
8.3;493.9;401.4;0.7;0.0;927.0
8.4;493.9;405.6;0.7;0.0;927.0
8.3;493.9;406.2;0.7;1.0;927.0
8.4;493.9;394.8;0.7;0.0;927.0
8.3;493.9;409.8;0.7;0.0;927.0
8.3;493.9;396.0;0.7;0.0;927.0
8.4;493.9;407.1;0.7;0.0;927.0
8.4;493.9;407.1;0.7;0.0;927.0
8.4;493.9;414.0;0.7;0.0;927.0
8.3;493.9;402.9;0.7;0.0;927.0
8.4;493.9;410.4;0.7;0.0;927.0
8.3;493.9;408.9;0.7;0.0;927.0
8.4;493.9;418.8;0.7;0.0;927.0
8.3;493.9;408.0;0.7;0.0;927.0
8.3;493.9;417.0;0.7;0.0;927.0
8.4;493.9;419.4;0.7;0.0;927.0
8.3;493.9;405.0;0.7;0.0;927.0
8.3;493.9;404.7;0.7;0.0;927.0
8.3;493.9;411.3;0.7;0.0;927.0
8.3;493.9;401.7;0.7;0.0;927.0
8.4;493.9;401.1;0.7;0.0;927.0
8.3;493.9;389.7;0.7;0.0;927.0
8.3;493.9;405.3;0.7;0.0;927.0
7.1;493.9;340.5;0.6;8.0;934.0
8.3;493.9;333.0;0.6;0.0;934.0
8.4;493.9;378.0;0.6;0.0;934.0
8.3;493.9;407.4;0.7;0.0;934.0
8.3;493.9;411.6;0.7;0.0;934.0
8.4;493.9;461.4;0.8;0.0;934.0
8.3;493.9;438.6;0.7;0.0;934.0
8.4;493.9;396.6;0.7;0.0;934.0
8.3;493.9;397.2;0.7;0.0;934.0
8.3;493.9;341.4;0.6;0.0;934.0
8.4;493.9;330.0;0.6;0.0;934.0
8.3;493.9;354.9;0.6;0.0;934.0
8.4;493.9;381.9;0.6;0.0;934.0
8.3;493.9;395.7;0.7;0.0;934.0
8.4;493.9;407.7;0.7;0.0;934.0
8.4;493.9;376.2;0.6;0.0;934.0
8.4;493.9;408.9;0.7;0.0;934.0
8.3;493.9;403.2;0.7;1.0;934.0
8.3;493.9;402.3;0.7;0.0;934.0
8.4;493.9;408.3;0.7;0.0;934.0
8.3;493.9;402.3;0.7;0.0;934.0
8.3;493.9;399.6;0.7;0.0;934.0
8.4;493.9;405.9;0.7;0.0;934.0
8.3;493.9;400.8;0.7;0.0;934.0
8.4;493.9;399.0;0.7;0.0;934.0
8.3;493.9;401.4;0.7;0.0;934.0
