8.4;57.7;23.9;1.8;0.0;922.0
8.3;103.6;126.0;11.2;0.0;922.0
8.4;140.5;142.1;7.6;0.0;922.0
8.3;176.7;131.2;6.9;3.0;922.0
7.1;204.6;91.2;6.7;0.0;922.0
8.4;237.0;115.6;8.7;0.0;922.0
8.3;288.5;3.7;18.5;0.0;922.0
8.4;336.1;3.6;18.0;0.0;922.0
8.3;382.1;3.4;17.0;0.0;922.0
8.3;429.7;2.1;9.3;0.0;922.0
8.4;482.4;0.0;0.0;2.0;922.0
8.3;497.1;131.1;0.2;2.0;922.0
8.3;497.1;424.5;0.7;1.0;922.0
8.4;497.1;420.6;0.7;1.0;922.0
8.4;497.1;423.6;0.7;2.0;922.0
8.4;497.1;422.4;0.7;0.0;922.0
8.3;497.1;426.3;0.7;1.0;922.0
8.3;497.1;415.8;0.7;0.0;922.0
8.3;497.1;421.5;0.7;0.0;922.0
8.4;497.1;425.7;0.7;2.0;922.0
8.3;497.1;420.3;0.7;1.0;922.0
8.3;497.1;423.6;0.7;1.0;922.0
8.4;497.1;422.7;0.7;1.0;922.0
8.3;497.1;426.3;0.7;3.0;922.0
8.4;497.1;424.8;0.7;1.0;922.0
8.3;497.1;412.8;0.7;3.0;922.0
8.3;497.1;431.1;0.7;1.0;922.0
8.4;497.1;420.0;0.7;2.0;922.0
8.3;497.1;421.5;0.7;0.0;922.0
8.4;497.1;426.3;0.7;0.0;922.0
8.3;497.1;415.8;0.7;2.0;922.0
8.4;497.1;425.1;0.7;2.0;922.0
8.4;497.1;418.8;0.7;2.0;922.0
8.4;497.1;420.9;0.7;0.0;922.0
8.3;497.1;416.4;0.7;0.0;922.0
8.3;497.1;419.3;0.7;0.0;922.0
8.4;497.1;419.2;0.7;1.0;922.0
8.3;497.1;426.9;0.7;2.0;922.0
8.3;497.1;421.2;0.7;2.0;922.0
8.3;497.1;424.5;0.7;1.0;922.0
8.3;497.1;416.1;0.7;0.0;922.0
8.4;497.1;416.4;0.7;1.0;922.0
8.3;497.1;420.0;0.7;2.0;922.0
8.4;497.1;409.2;0.7;2.0;922.0
8.4;497.1;414.9;0.7;2.0;922.0
8.3;497.1;420.9;0.7;0.0;922.0
8.4;497.1;420.9;0.7;2.0;922.0
8.3;497.1;427.8;0.7;2.0;922.0
8.3;497.1;420.0;0.7;0.0;922.0
8.4;497.1;416.7;0.7;0.0;922.0
8.4;497.1;424.5;0.7;1.0;922.0
8.4;497.1;417.0;0.7;0.0;922.0
8.3;497.1;419.4;0.7;0.0;922.0
8.4;497.1;431.1;0.7;0.0;922.0
8.3;497.1;423.6;0.7;0.0;922.0
8.4;497.1;419.4;0.7;0.0;922.0
8.3;497.1;418.8;0.7;0.0;922.0
8.3;497.1;420.3;0.7;0.0;922.0
8.4;497.1;413.4;0.7;0.0;922.0
8.3;497.1;417.0;0.7;0.0;922.0
8.4;497.1;420.9;0.7;0.0;922.0
8.3;497.1;423.6;0.7;0.0;922.0
8.3;497.1;415.2;0.7;0.0;922.0
8.4;497.1;423.3;0.7;0.0;922.0
8.3;497.1;416.4;0.7;1.0;922.0
8.3;497.1;416.4;0.7;0.0;922.0
8.3;497.1;414.0;0.7;0.0;922.0
8.4;497.1;420.0;0.7;0.0;922.0
8.4;497.1;425.7;0.7;1.0;922.0
8.4;497.2;414.0;0.7;0.0;922.0
8.3;497.2;420.3;0.7;0.0;922.0
8.3;497.2;422.7;0.7;0.0;922.0
8.4;497.2;425.4;0.7;0.0;922.0
8.3;497.2;417.9;0.7;2.0;922.0
8.3;497.2;415.5;0.7;3.0;922.0
8.3;497.2;424.8;0.7;3.0;922.0
8.3;497.2;422.1;0.7;1.0;922.0
8.4;497.2;425.1;0.7;0.0;922.0
8.3;497.2;422.7;0.7;0.0;922.0
8.3;497.2;417.3;0.7;0.0;922.0
8.4;497.2;419.4;0.7;2.0;922.0
8.3;497.2;427.8;0.7;1.0;922.0
8.4;497.2;420.9;0.7;2.0;922.0
8.3;497.2;417.9;0.7;1.0;922.0
8.3;497.2;427.2;0.7;2.0;922.0
8.4;497.2;414.9;0.7;1.0;922.0
8.4;497.2;423.3;0.7;0.0;922.0
8.4;497.2;411.9;0.7;0.0;922.0
8.3;497.2;418.8;0.7;1.0;922.0
8.4;497.2;427.8;0.7;1.0;922.0
8.3;497.2;414.3;0.7;1.0;922.0
8.4;497.2;424.2;0.7;0.0;922.0
8.3;497.2;416.1;0.7;0.0;922.0
8.3;497.2;420.9;0.7;1.0;922.0
8.4;497.2;420.6;0.7;3.0;922.0
8.3;497.2;417.0;0.7;0.0;922.0
8.3;497.2;420.0;0.7;0.0;922.0
8.3;497.2;414.9;0.7;2.0;922.0
8.3;497.2;421.8;0.7;1.0;922.0
8.4;497.2;415.2;0.7;0.0;922.0
8.3;497.2;423.9;0.7;1.0;922.0
8.3;497.2;425.1;0.7;2.0;922.0
8.4;497.2;414.3;0.7;1.0;922.0
8.4;497.2;411.9;0.7;1.0;922.0
8.4;497.2;421.8;0.7;0.0;922.0
8.4;497.2;420.0;0.7;2.0;922.0
8.3;497.2;413.4;0.7;2.0;922.0
8.3;497.2;427.5;0.7;0.0;922.0
8.4;497.2;422.7;0.7;0.0;922.0
8.3;497.2;418.8;0.7;1.0;922.0
8.3;497.2;425.7;0.7;0.0;922.0
8.4;497.2;406.5;0.7;0.0;922.0
8.3;497.2;421.2;0.7;1.0;922.0
8.4;497.2;419.7;0.7;0.0;922.0
8.3;497.2;417.0;0.7;4.0;922.0
8.3;497.2;423.9;0.7;0.0;922.0
8.4;497.2;421.8;0.7;0.0;922.0
8.3;497.2;417.0;0.7;1.0;922.0
8.4;497.2;420.9;0.7;4.0;922.0
8.3;497.2;415.7;0.7;1.0;922.0
8.4;497.2;419.2;0.7;0.0;922.0
8.4;497.2;416.4;0.7;2.0;922.0
8.4;497.2;413.4;0.7;2.0;922.0
8.4;497.2;424.5;0.7;2.0;922.0
8.3;497.2;416.7;0.7;2.0;922.0
8.4;497.2;421.8;0.7;2.0;922.0
8.3;497.2;414.0;0.7;0.0;922.0
8.4;497.2;415.2;0.7;2.0;922.0
8.3;497.2;423.9;0.7;0.0;922.0
8.3;497.2;418.8;0.7;2.0;922.0
8.4;497.2;418.2;0.7;2.0;922.0
8.3;497.2;425.1;0.7;0.0;922.0
8.3;497.2;421.2;0.7;1.0;922.0
8.3;497.2;421.5;0.7;1.0;922.0
8.3;497.2;420.3;0.7;0.0;922.0
8.4;497.2;411.9;0.7;1.0;922.0
8.3;497.2;417.3;0.7;2.0;922.0
8.3;497.2;418.8;0.7;2.0;922.0
8.4;497.1;414.9;0.7;0.0;922.0
8.4;497.1;419.1;0.7;0.0;922.0
8.4;497.1;417.0;0.7;1.0;922.0
8.3;497.1;424.2;0.7;0.0;922.0
8.3;497.1;418.5;0.7;0.0;922.0
8.3;497.1;432.9;0.7;0.0;922.0
8.4;497.1;425.4;0.7;0.0;922.0
8.3;497.1;423.0;0.7;1.0;922.0
8.3;497.1;412.8;0.7;0.0;922.0
8.4;497.1;424.8;0.7;0.0;922.0
8.3;497.1;417.9;0.7;0.0;922.0
8.4;497.1;423.6;0.7;1.0;922.0
8.3;497.1;416.1;0.7;1.0;922.0
8.3;497.1;422.1;0.7;0.0;922.0
8.4;497.1;416.4;0.7;0.0;922.0
8.3;497.1;410.7;0.7;2.0;922.0
8.4;497.1;420.3;0.7;1.0;922.0
8.3;497.1;418.8;0.7;0.0;922.0
8.4;497.1;418.2;0.7;0.0;922.0
8.4;497.1;418.8;0.7;1.0;922.0
8.4;497.1;424.2;0.7;0.0;922.0
8.4;497.1;419.7;0.7;0.0;922.0
8.3;497.1;414.0;0.7;1.0;922.0
8.4;497.1;421.8;0.7;2.0;922.0
8.3;497.1;425.4;0.7;2.0;922.0
8.4;497.1;419.1;0.7;2.0;922.0
8.3;497.1;409.8;0.7;0.0;922.0
8.3;497.1;417.6;0.7;0.0;922.0
8.4;497.1;402.3;0.7;1.0;922.0
8.3;497.1;413.7;0.7;2.0;922.0
8.3;497.1;420.9;0.7;3.0;922.0
8.4;497.1;411.0;0.7;1.0;922.0
8.3;497.1;413.7;0.7;2.0;922.0
8.4;497.1;420.3;0.7;1.0;922.0
8.3;497.1;420.3;0.7;2.0;922.0
8.3;497.1;415.5;0.7;0.0;922.0
8.4;497.1;423.9;0.7;1.0;922.0
8.4;497.1;411.6;0.7;2.0;922.0
8.4;497.1;424.5;0.7;1.0;922.0
8.3;497.1;419.1;0.7;2.0;922.0
8.4;497.1;421.8;0.7;0.0;922.0
8.3;497.1;428.4;0.7;1.0;922.0
8.4;497.1;419.1;0.7;2.0;922.0
8.3;497.1;414.3;0.7;2.0;922.0
8.3;497.1;426.0;0.7;3.0;922.0
8.4;497.1;423.0;0.7;2.0;922.0
8.3;497.1;413.1;0.7;3.0;922.0
8.4;497.1;424.5;0.7;2.0;922.0
8.3;497.1;416.1;0.7;3.0;922.0
8.3;497.1;423.9;0.7;1.0;922.0
8.4;497.1;422.4;0.7;1.0;922.0
8.3;497.1;414.6;0.7;2.0;922.0
8.3;497.1;417.9;0.7;1.0;922.0
8.3;497.1;416.7;0.7;2.0;922.0
8.4;497.1;420.9;0.7;2.0;922.0
8.4;497.1;426.6;0.7;0.0;922.0
8.4;497.1;417.9;0.7;1.0;922.0
8.3;497.1;421.5;0.7;1.0;922.0
8.3;497.1;412.5;0.7;3.0;922.0
8.4;497.1;411.6;0.7;1.0;922.0
8.3;497.1;416.1;0.7;2.0;922.0
8.4;497.1;414.9;0.7;2.0;922.0
8.3;497.1;419.1;0.7;0.0;922.0
8.3;497.1;418.5;0.7;1.0;922.0
8.4;497.1;406.8;0.7;1.0;922.0
8.3;497.1;423.0;0.7;0.0;922.0
8.3;497.1;421.7;0.7;1.0;922.0
8.4;497.1;424.6;0.7;0.0;922.0
8.3;497.1;426.3;0.7;5.0;922.0
8.4;497.1;427.8;0.7;1.0;922.0
8.3;497.1;422.1;0.7;1.0;922.0
8.3;497.1;416.4;0.7;2.0;922.0
8.4;497.1;420.9;0.7;0.0;922.0
8.4;497.1;423.9;0.7;4.0;922.0
8.4;497.1;423.0;0.7;2.0;922.0
8.3;497.1;422.4;0.7;0.0;922.0
8.4;497.1;425.1;0.7;0.0;922.0
8.3;497.1;420.0;0.7;2.0;922.0
8.4;497.1;419.1;0.7;1.0;922.0
8.3;497.1;421.2;0.7;3.0;922.0
8.3;497.1;425.4;0.7;2.0;922.0
8.4;497.1;417.6;0.7;1.0;922.0
8.3;497.1;425.1;0.7;0.0;922.0
8.4;497.1;424.5;0.7;3.0;922.0
8.3;497.1;417.3;0.7;0.0;922.0
8.3;497.1;425.7;0.7;0.0;922.0
8.4;497.1;415.8;0.7;1.0;922.0
8.3;497.1;426.3;0.7;2.0;922.0
8.3;497.1;420.0;0.7;4.0;922.0
8.4;497.1;415.5;0.7;1.0;922.0
8.4;497.1;411.0;0.7;1.0;922.0
8.4;497.1;414.3;0.7;2.0;922.0
8.3;497.1;415.2;0.7;1.0;922.0
8.4;497.1;411.9;0.7;0.0;922.0
8.3;497.1;422.4;0.7;1.0;922.0
8.4;497.1;415.8;0.7;1.0;922.0
8.3;497.1;428.4;0.7;1.0;922.0
8.4;497.1;418.8;0.7;1.0;922.0
8.4;497.1;419.7;0.7;0.0;922.0
8.3;497.1;426.9;0.7;0.0;922.0
8.4;497.1;415.8;0.7;2.0;922.0
8.3;497.1;417.6;0.7;2.0;922.0
8.3;497.1;412.2;0.7;0.0;922.0
8.4;497.1;417.6;0.7;1.0;922.0
8.3;497.1;424.8;0.7;2.0;922.0
8.4;497.1;411.9;0.7;2.0;922.0
8.3;497.1;419.7;0.7;0.0;922.0
8.4;497.1;419.4;0.7;0.0;922.0
8.4;497.1;422.1;0.7;0.0;922.0
8.4;497.1;418.2;0.7;1.0;922.0
8.3;497.1;415.2;0.7;7.0;922.0
8.3;497.1;419.1;0.7;4.0;922.0
8.4;497.1;411.6;0.7;0.0;922.0
8.3;497.1;420.3;0.7;1.0;938.0
8.4;497.1;418.8;0.7;1.0;938.0
8.3;497.1;411.9;0.7;1.0;938.0
7.1;497.1;420.9;0.7;3.0;938.0
8.4;497.1;418.5;0.7;0.0;938.0
8.3;497.1;423.0;0.7;2.0;938.0
8.3;497.1;420.3;0.7;1.0;938.0
8.3;497.1;424.5;0.7;2.0;938.0
8.3;497.1;421.5;0.7;1.0;938.0
8.4;497.1;417.9;0.7;0.0;938.0
8.3;497.1;414.9;0.7;1.0;938.0
8.3;497.1;420.3;0.7;1.0;938.0
8.4;497.1;423.0;0.7;0.0;938.0
8.4;497.1;415.2;0.7;0.0;938.0
8.4;497.1;405.0;0.7;0.0;938.0
8.3;497.1;415.5;0.7;0.0;938.0
8.3;497.1;408.9;0.7;0.0;938.0
8.3;497.1;422.1;0.7;4.0;938.0
8.4;497.1;419.7;0.7;0.0;938.0
8.3;497.1;425.4;0.7;2.0;938.0
8.3;497.1;418.5;0.7;2.0;938.0
8.4;497.1;412.9;0.7;2.0;938.0
8.3;497.1;418.4;0.7;0.0;938.0
8.4;497.1;421.8;0.7;2.0;938.0
8.3;497.1;423.3;0.7;1.0;938.0
8.3;497.1;423.6;0.7;1.0;938.0
8.4;497.1;408.3;0.7;0.0;938.0
8.3;497.1;410.4;0.7;2.0;938.0
8.4;497.1;416.1;0.7;1.0;938.0
8.3;497.1;421.2;0.7;2.0;938.0
8.4;497.1;419.4;0.7;1.0;938.0
8.4;497.1;417.6;0.7;2.0;938.0
8.4;497.1;415.8;0.7;2.0;938.0
8.3;497.1;422.4;0.7;2.0;938.0
8.3;497.1;422.4;0.7;0.0;938.0
8.4;497.1;417.0;0.7;0.0;938.0
8.3;497.1;420.3;0.7;1.0;938.0
8.4;497.1;414.6;0.7;2.0;938.0
8.3;497.1;415.2;0.7;3.0;938.0
8.3;497.1;418.8;0.7;2.0;938.0
8.4;497.1;422.4;0.7;0.0;938.0
8.3;499.7;233.7;0.6;10.0;938.0
8.3;507.2;0.0;0.0;1.0;938.0
8.4;515.5;0.8;0.0;2.0;938.0
8.3;523.8;0.0;0.0;3.0;938.0
8.4;535.0;0.0;0.0;0.0;938.0
8.3;546.3;0.0;0.0;0.0;938.0
8.3;558.5;0.0;0.0;0.0;938.0
8.4;569.4;0.0;0.0;0.0;938.0
