8.3;57.4;25.5;1.8;0.0;693.0
8.3;101.9;119.0;10.9;0.0;693.0
8.4;141.0;146.7;7.8;0.0;693.0
8.3;176.4;132.8;6.9;0.0;693.0
8.4;208.6;101.8;7.1;0.0;693.0
8.3;291.8;108.3;32.1;0.0;693.0
8.4;328.3;0.0;0.0;0.0;693.0
8.3;346.2;0.0;0.0;0.0;693.0
8.3;362.9;0.0;0.0;0.0;693.0
8.4;380.1;0.0;0.0;0.0;693.0
8.3;396.5;0.0;0.0;0.0;693.0
8.4;408.2;0.0;0.0;0.0;693.0
8.3;423.6;0.0;0.0;0.0;693.0
8.4;440.2;0.0;0.0;0.0;693.0
8.4;457.2;0.0;0.0;0.0;693.0
8.3;473.5;0.0;0.0;0.0;693.0
4.2;469.0;7.8;0.0;0.0;693.0
8.3;469.1;62.1;0.3;0.0;693.0
8.3;469.2;60.9;0.3;0.0;693.0
8.4;469.2;64.5;0.3;0.0;693.0
8.3;469.2;60.6;0.3;0.0;693.0
8.4;469.2;66.6;0.3;0.0;693.0
8.4;469.2;60.6;0.3;0.0;693.0
8.3;469.2;66.0;0.3;0.0;693.0
8.3;469.2;59.7;0.3;0.0;693.0
8.3;469.2;60.6;0.3;0.0;693.0
8.3;469.2;64.5;0.3;0.0;693.0
8.3;469.2;65.4;0.3;0.0;693.0
8.3;469.2;60.6;0.3;0.0;693.0
8.4;469.2;63.3;0.3;0.0;693.0
8.3;469.2;64.2;0.3;0.0;693.0
8.3;469.2;64.5;0.3;0.0;693.0
8.3;469.2;63.6;0.3;0.0;693.0
8.4;469.2;63.6;0.3;0.0;693.0
8.4;469.2;60.6;0.3;0.0;693.0
8.3;469.2;62.1;0.3;0.0;693.0
8.4;469.2;63.3;0.3;0.0;693.0
8.4;469.2;64.5;0.3;0.0;693.0
8.4;469.2;64.5;0.3;0.0;693.0
8.3;469.2;63.9;0.3;0.0;693.0
8.4;469.2;64.2;0.3;0.0;693.0
8.4;469.2;60.0;0.3;0.0;693.0
8.3;469.2;63.0;0.3;0.0;693.0
8.3;469.2;64.8;0.3;0.0;693.0
7.2;469.2;61.8;0.3;0.0;693.0
8.3;469.2;63.9;0.3;0.0;693.0
8.4;469.2;64.2;0.3;0.0;693.0
8.3;469.2;64.8;0.3;0.0;693.0
8.4;469.2;61.8;0.3;0.0;693.0
8.4;469.2;63.0;0.3;0.0;693.0
8.4;469.2;64.5;0.3;0.0;693.0
8.3;469.2;66.0;0.3;0.0;693.0
8.4;469.2;61.2;0.3;0.0;693.0
8.4;469.2;58.8;0.3;0.0;693.0
8.4;469.2;64.5;0.3;0.0;693.0
8.3;469.2;63.6;0.3;0.0;693.0
8.3;469.2;63.9;0.3;0.0;693.0
8.4;469.2;62.1;0.3;0.0;693.0
8.3;469.2;60.9;0.3;0.0;693.0
8.3;469.2;61.2;0.3;0.0;693.0
8.3;469.2;62.7;0.3;0.0;693.0
8.3;469.2;64.2;0.3;0.0;693.0
8.3;469.2;59.7;0.3;0.0;693.0
8.3;469.2;63.9;0.3;0.0;693.0
8.3;469.2;60.3;0.3;0.0;693.0
8.4;469.2;63.6;0.3;0.0;693.0
8.3;469.2;62.7;0.3;0.0;693.0
8.4;469.2;62.4;0.3;0.0;693.0
8.3;469.2;62.4;0.3;0.0;693.0
8.3;469.2;62.1;0.3;0.0;693.0
8.4;469.2;63.3;0.3;0.0;693.0
8.4;469.2;67.8;0.3;0.0;693.0
8.4;469.2;57.6;0.3;0.0;693.0
8.4;469.2;63.0;0.3;0.0;693.0
8.4;469.2;61.8;0.3;0.0;693.0
8.3;469.2;61.8;0.3;0.0;693.0
8.3;469.2;60.0;0.3;0.0;693.0
8.3;469.2;65.1;0.3;0.0;693.0
8.3;469.2;59.1;0.3;0.0;693.0
8.3;469.2;63.3;0.3;0.0;693.0
8.4;469.2;63.9;0.3;0.0;693.0
8.4;469.2;64.8;0.3;0.0;693.0
8.3;469.2;62.4;0.3;0.0;693.0
8.3;469.2;60.9;0.3;0.0;693.0
8.3;469.2;65.1;0.3;0.0;693.0
8.4;469.2;61.8;0.3;0.0;693.0
8.4;469.2;63.6;0.3;0.0;693.0
8.4;469.2;63.0;0.3;0.0;693.0
8.4;469.2;63.9;0.3;0.0;693.0
8.4;469.2;63.0;0.3;0.0;693.0
8.4;469.2;61.5;0.3;0.0;693.0
8.4;469.2;63.0;0.3;0.0;693.0
8.3;469.2;60.9;0.3;0.0;693.0
8.3;469.2;61.8;0.3;0.0;693.0
8.3;469.2;61.8;0.3;0.0;693.0
8.3;469.2;61.2;0.3;0.0;693.0
8.3;469.2;64.5;0.3;0.0;693.0
8.3;469.2;61.2;0.3;0.0;693.0
8.4;469.2;65.4;0.3;0.0;693.0
8.3;469.2;63.0;0.3;0.0;693.0
8.3;469.2;60.9;0.3;0.0;693.0
8.3;469.2;62.7;0.3;0.0;693.0
8.4;469.2;58.8;0.3;0.0;693.0
8.4;469.2;65.4;0.3;0.0;693.0
8.3;469.2;62.7;0.3;0.0;693.0
8.4;469.2;64.2;0.3;0.0;693.0
8.3;469.2;63.3;0.3;0.0;693.0
8.4;469.2;63.3;0.3;0.0;693.0
8.4;469.2;58.5;0.3;0.0;693.0
8.3;469.2;65.1;0.3;0.0;693.0
8.3;469.2;59.1;0.3;0.0;693.0
8.3;469.2;63.3;0.3;0.0;693.0
8.3;469.2;64.2;0.3;0.0;693.0
8.4;469.2;61.5;0.3;0.0;693.0
8.3;469.2;66.6;0.3;0.0;693.0
8.3;469.2;63.6;0.3;0.0;693.0
8.3;469.2;60.3;0.3;0.0;693.0
8.4;469.2;64.8;0.3;0.0;693.0
8.3;469.2;64.8;0.3;0.0;693.0
8.3;469.2;59.7;0.3;0.0;693.0
8.4;469.2;65.1;0.3;0.0;693.0
8.3;469.2;61.5;0.3;0.0;693.0
8.4;469.2;59.7;0.3;0.0;693.0
8.3;469.2;66.9;0.3;0.0;693.0
8.4;469.2;61.2;0.3;0.0;693.0
8.4;469.2;64.5;0.3;0.0;693.0
8.4;469.2;63.3;0.3;0.0;693.0
8.3;469.2;59.1;0.3;0.0;693.0
8.3;469.2;61.8;0.3;0.0;693.0
8.4;469.2;63.9;0.3;0.0;693.0
8.3;469.2;63.6;0.3;0.0;693.0
8.3;469.2;60.3;0.3;0.0;693.0
8.3;469.2;63.9;0.3;0.0;693.0
8.3;469.2;65.1;0.3;0.0;693.0
8.4;469.2;57.9;0.3;0.0;693.0
8.3;469.2;63.3;0.3;0.0;693.0
8.3;469.2;56.4;0.3;0.0;693.0
8.3;469.2;61.2;0.3;0.0;693.0
8.3;469.2;61.8;0.3;0.0;693.0
8.4;469.2;62.1;0.3;0.0;693.0
8.3;469.2;65.4;0.3;0.0;693.0
8.4;469.2;59.7;0.3;0.0;693.0
8.4;469.2;60.0;0.3;0.0;693.0
8.4;469.2;64.2;0.3;0.0;693.0
8.4;469.2;62.7;0.3;0.0;693.0
8.3;469.2;60.2;0.3;0.0;693.0
8.4;469.2;64.0;0.3;0.0;693.0
8.3;469.2;62.7;0.3;0.0;693.0
8.4;469.2;64.5;0.3;0.0;693.0
8.4;469.2;59.4;0.3;0.0;693.0
