0.0;10485760;0
0.0;10485760;0
0.0;10485760;0
0.0;10485760;0
0.0;10485760;0
0.0;10485760;0
0.0;10485760;0
0.0;10485760;0
0.0;10485760;0
0.0;10485760;0
0.0;10485760;0
0.0;10485760;0
0.0;10485760;0
0.0;10485760;0
0.0;10485760;0
0.0;10485760;0
0.0;10485760;0
0.0;10485760;0
0.0;10485760;0
0.0;10485760;0
0.0;10485760;0
0.0;10485760;0
0.0;10485760;0
0.0;10485760;0
0.0;10485760;0
0.0;10485760;0
0.0;10485760;0
0.0;10485760;0
0.0;10485760;0
0.0;10485760;0
0.0;10485760;0
0.0;10485760;0
0.0;10485760;0
0.0;10485760;0
0.0;10485760;0
0.0;10485760;0
14.3;13578240;0
199.5;64536576;0
100.8;94416896;0
99.7;124243968;0
100.3;150024192;0
100.3;181624832;0
99.7;196804608;243
99.7;196804608;708
57.3;196775936;481
0.0;196775936;0
0.0;196775936;0
0.0;196775936;0
0.0;196775936;0
0.0;196775936;0
0.0;196775936;0
0.0;196775936;0
0.0;196775936;0
0.0;196775936;0
0.0;196775936;0
0.0;196775936;0
0.0;196775936;0
0.0;196775936;0
0.0;196775936;0
0.0;196775936;0
0.0;196775936;0
0.0;196775936;0
0.0;196775936;0
0.0;196775936;0
0.0;196775936;0
0.0;196775936;0
0.0;196775936;0
0.0;196775936;0
0.0;196775936;0
0.0;196775936;0
0.0;196775936;0
0.0;196775936;0
0.0;196775936;0
0.0;196775936;0
57.3;211591168;0
182.8;252399616;0
99.7;287895552;0
99.7;314466304;0
99.7;346140672;0
100.3;376782848;0
99.4;388079616;0
57.3;202121216;0
0.0;202121216;0
0.0;202121216;0
0.0;202121216;0
0.0;202121216;0
0.0;202121216;0
0.0;202121216;0
0.0;202121216;0
0.0;202121216;0
0.0;202121216;0
0.0;202121216;0
0.0;202121216;0
0.0;202121216;0
0.0;202121216;0
0.0;202121216;0
0.0;202121216;0
0.0;202121216;0
0.0;202121216;0
0.0;202121216;0
0.0;202121216;0
0.0;202121216;0
0.0;202121216;0
0.0;202121216;0
0.0;202121216;0
0.0;202121216;0
0.0;202121216;0
0.0;202121216;0
0.0;202121216;0
0.0;202121216;0
0.0;202121216;0
0.0;202121216;0
14.2;206372864;0
182.8;244527104;0
116.4;273883136;0
100.8;304291840;0
99.7;327987200;0
99.7;360390656;0
100.3;389603328;0
99.4;303902720;0
28.7;202334208;0
0.0;202334208;0
0.0;202334208;0
0.0;202334208;0
0.0;202334208;0
0.0;202334208;0
0.0;202334208;0
0.0;202334208;0
0.0;202334208;0
0.0;202334208;0
0.0;202334208;0
0.0;202334208;0
0.0;202334208;0
0.0;202334208;0
0.0;202334208;0
0.0;202334208;0
0.0;202334208;0
0.0;202334208;0
0.0;202334208;0
0.0;202334208;0
0.0;202334208;0
0.0;202334208;0
0.0;202334208;0
0.0;202334208;0
0.0;202334208;0
0.0;202334208;0
0.0;202334208;0
0.0;202334208;0
0.0;202334208;0
133.0;236539904;0
199.5;266952704;565
149.6;298663936;571
100.8;321753088;0
99.7;355368960;0
99.7;386723840;0
100.8;375767040;0
16.6;203706368;0
0.0;203706368;0
0.0;203706368;0
0.0;203706368;0
0.0;203706368;0
0.0;203706368;0
0.0;203706368;0
0.0;203706368;0
0.0;203706368;0
0.0;203706368;0
0.0;203706368;0
0.0;203706368;0
0.0;203706368;0
0.0;203706368;0
0.0;203706368;0
0.0;203706368;0
0.0;203706368;0
0.0;203706368;0
0.0;203706368;0
0.0;203706368;0
0.0;203706368;0
0.0;203706368;0
0.0;203706368;0
0.0;203706368;0
0.0;203706368;0
0.0;203706368;0
0.0;203706368;0
0.0;203706368;0
0.0;203706368;0
100.8;226512896;0
149.6;264089600;0
99.7;297619456;0
100.8;318791680;0
99.7;352153600;0
99.7;382783488;0
100.3;391303168;0
42.6;206516224;0
0.0;206516224;0
0.0;206516224;0
0.0;206516224;0
0.0;206516224;0
0.0;206516224;0
0.0;206516224;0
0.0;206516224;0
0.0;206516224;0
0.0;206516224;0
0.0;206516224;0
0.0;206516224;0
0.0;206516224;0
0.0;206516224;0
0.0;206516224;0
0.0;206516224;0
0.0;206516224;0
0.0;206516224;0
0.0;206516224;0
0.0;206516224;0
0.0;206516224;0
0.0;206516224;0
0.0;206516224;0
0.0;206516224;0
0.0;206516224;0
0.0;206516224;0
0.0;206516224;0
0.0;206516224;0
0.0;206516224;0
83.1;229236736;0
151.2;263426048;0
99.7;297451520;0
99.4;321171456;0
100.3;355524608;0
100.3;387407872;0
99.4;391716864;0
16.6;212766720;0
0.0;212766720;0
0.0;212766720;0
0.0;212766720;0
0.0;212766720;0
0.0;212766720;0
0.0;212766720;0
0.0;212766720;0
0.0;212766720;0
0.0;212766720;0
0.0;212766720;0
0.0;212766720;0
0.0;212766720;0
0.0;212766720;0
0.0;212766720;0
0.0;212766720;0
0.0;212766720;0
0.0;212766720;0
0.0;212766720;0
0.0;212766720;0
0.0;212766720;0
0.0;212766720;0
0.0;212766720;0
0.0;212766720;0
0.0;212766720;0
0.0;212766720;0
0.0;212766720;0
0.0;212766720;0
0.0;212766720;0
149.6;247533568;0
116.4;276885504;0
99.7;307982336;0
99.7;333651968;0
100.3;366854144;0
100.3;392167424;0
99.7;231931904;0
0.0;214482944;0
0.0;214482944;0
0.0;214482944;0
0.0;214482944;0
0.0;214482944;0
0.0;214482944;0
0.0;214482944;0
0.0;214482944;0
0.0;214482944;0
0.0;214482944;0
0.0;214482944;0
0.0;214482944;0
0.0;214482944;0
0.0;214482944;0
0.0;214482944;0
0.0;214482944;0
0.0;214482944;0
0.0;214482944;0
0.0;214482944;0
0.0;214482944;0
0.0;214482944;0
0.0;214482944;0
0.0;214482944;0
0.0;214482944;0
0.0;214482944;0
0.0;214482944;0
0.0;214482944;0
0.0;214482944;0
100.8;240734208;0
143.3;271515648;0
99.7;305766400;0
99.7;330559488;0
99.7;364408832;0
99.4;392433664;0
100.3;253890560;0
0.0;215195648;0
