8.4;3.2;0.3;1.0;671.0


8.3;128.0;7.6;1.0;671.0


8.3;93.2;7.1;1.0;668.0


6.0;84.6;8.6;1.0;666.0


0.0;0.3;0.0;1.0;666.0


4.2;26.0;1.0;1.0;666.0


8.4;2.3;0.2;1.0;805.0


8.3;0.0;0.0;8.0;939.0


8.4;0.0;0.0;7.0;1069.0


8.4;0.0;0.0;7.0;1197.0


8.3;0.2;0.0;5.0;1303.0


8.4;70.2;67.7;13.0;1457.0


8.3;45.7;162.0;23.0;2053.0


50.2;39.1;191.6;71.0;2053.0


0.0;0.1;0.0;1.0;2053.0


0.0;0.3;0.0;1.0;2053.0


0.0;14.5;0.2;1.0;2053.0


0.0;0.3;0.0;1.0;2093.0


8.3;14.8;0.7;63.0;2667.0


8.3;0.0;0.0;50.0;3397.0


8.3;0.0;0.0;38.0;4127.0


8.4;0.0;0.0;41.0;4877.0


8.3;0.0;0.0;49.0;5629.0


7.2;0.0;0.0;40.0;6555.0


15.4;0.0;0.0;14.0;6916.0


50.2;0.0;0.0;41.0;7342.0


8.4;0.0;0.0;55.0;7330.0


8.3;0.0;0.0;54.0;7279.0


8.4;0.0;0.0;50.0;7279.0


8.3;0.0;0.0;53.0;7279.0


8.3;0.0;0.0;53.0;7279.0


8.3;0.0;0.0;54.0;7279.0


8.3;0.0;0.0;54.0;7279.0


8.4;0.0;0.0;54.0;7279.0


8.4;0.0;0.0;54.0;7279.0


8.3;0.0;0.0;53.0;7279.0


8.4;0.0;0.0;54.0;7279.0


8.3;0.0;0.0;54.0;7279.0


0.0;10.6;0.8;0.0;7279.0


0.0;0.3;0.0;0.0;7279.0


0.0;13.5;0.2;0.0;7279.0


0.0;0.3;0.0;0.0;7279.0


8.3;16.1;0.7;16.0;7281.0


8.4;0.0;0.0;56.0;7281.0


8.3;0.0;0.0;56.0;7281.0


8.4;0.0;0.0;56.0;7281.0


49.7;0.0;0.0;39.0;7497.0


8.3;0.0;0.0;55.0;7497.0


8.4;0.0;0.0;54.0;7497.0


8.3;0.0;0.0;53.0;7497.0


8.3;0.0;0.0;53.0;7497.0


8.4;0.0;0.0;53.0;7497.0


8.3;0.0;0.0;54.0;7497.0


8.4;0.0;0.0;54.0;7497.0


8.3;0.0;0.0;54.0;7497.0


8.4;0.0;0.0;54.0;7497.0


8.4;0.0;0.0;53.0;7497.0


8.3;0.0;0.0;53.0;7497.0


8.4;0.0;0.0;54.0;7497.0


0.0;10.6;0.8;0.0;7497.0


0.0;0.3;0.0;0.0;7497.0


0.0;14.3;0.2;0.0;7497.0


0.0;0.3;0.0;0.0;7497.0


8.3;16.6;0.7;41.0;7497.0


8.3;0.0;0.0;56.0;7497.0


8.3;0.0;0.0;56.0;7497.0


8.3;0.0;0.0;56.0;7497.0


50.2;0.0;0.0;38.0;7497.0


8.3;0.0;0.0;54.0;7497.0


8.4;0.0;0.0;54.0;7497.0


8.4;0.0;0.0;54.0;7497.0


8.3;0.0;0.0;53.0;7497.0


8.4;0.0;0.0;54.0;7497.0


8.3;0.0;0.0;54.0;7497.0


8.4;0.0;0.0;53.0;7497.0


8.4;0.0;0.0;54.0;7497.0


8.3;0.0;0.0;54.0;7497.0


8.4;0.0;0.0;54.0;7497.0


8.3;0.0;0.0;54.0;7497.0


8.4;0.0;0.0;54.0;7497.0


0.0;10.6;0.8;0.0;7497.0


0.0;0.3;0.0;0.0;7497.0


0.0;13.4;0.2;0.0;7497.0


0.0;0.3;0.0;0.0;7497.0


8.3;15.5;0.7;21.0;7497.0


8.3;0.0;0.0;56.0;7497.0


8.3;0.0;0.0;55.0;7497.0


8.4;0.0;0.0;56.0;7497.0


50.0;0.0;0.0;50.0;7497.0


8.4;0.0;0.0;54.0;7497.0


8.3;0.0;0.0;54.0;7497.0


8.4;0.0;0.0;54.0;7497.0


8.4;0.0;0.0;54.0;7497.0


8.4;0.0;0.0;53.0;7497.0


8.4;0.0;0.0;54.0;7497.0


8.3;0.0;0.0;54.0;7497.0


8.4;0.0;0.0;54.0;7497.0


8.3;0.0;0.0;54.0;7497.0


8.3;0.0;0.0;54.0;7497.0


8.3;0.0;0.0;54.0;7497.0


8.4;0.0;0.0;34.0;7497.0


0.0;10.6;0.8;0.0;7497.0


0.0;0.3;0.0;0.0;7497.0


0.0;13.7;0.2;0.0;7497.0


0.0;0.3;0.0;0.0;7497.0


8.3;15.5;0.7;0.0;7497.0


8.4;0.0;0.0;56.0;7497.0


8.3;0.0;0.0;56.0;7497.0


8.4;0.0;0.0;56.0;7497.0


49.7;0.0;0.0;32.0;7497.0


8.4;0.0;0.0;55.0;7497.0


8.4;0.0;0.0;54.0;7497.0


8.3;0.0;0.0;55.0;7497.0


8.4;0.0;0.0;54.0;7497.0


8.3;0.0;0.0;54.0;7497.0


8.4;0.0;0.0;54.0;7497.0


8.3;0.0;0.0;53.0;7497.0


8.4;0.0;0.0;54.0;7497.0


8.4;0.0;0.0;54.0;7497.0


8.3;0.0;0.0;55.0;7497.0


8.3;0.0;0.0;54.0;7497.0


8.3;0.0;0.0;55.0;7497.0


0.0;10.6;0.8;0.0;7497.0


0.0;0.3;0.0;0.0;7497.0


0.0;14.2;0.2;0.0;7497.0


0.0;0.3;0.0;0.0;7497.0


8.3;15.3;0.7;45.0;7497.0


8.4;0.0;0.0;56.0;7497.0


8.4;0.0;0.0;56.0;7497.0


8.4;0.0;0.0;56.0;7497.0


50.2;0.0;0.0;33.0;7497.0


8.3;0.0;0.0;55.0;7497.0


8.4;0.0;0.0;54.0;7497.0


8.3;0.0;0.0;55.0;7497.0


8.4;0.0;0.0;54.0;7497.0


8.3;0.0;0.0;54.0;7497.0


8.3;0.0;0.0;55.0;7497.0


8.3;0.0;0.0;53.0;7497.0


8.3;0.0;0.0;55.0;7497.0


8.3;0.0;0.0;54.0;7497.0


8.4;0.0;0.0;54.0;7497.0


8.3;0.0;0.0;55.0;7497.0


8.4;0.0;0.0;55.0;7497.0


0.0;10.6;0.8;0.0;7497.0


0.0;0.3;0.0;0.0;7497.0


0.0;14.7;0.2;0.0;7497.0


0.0;0.3;0.0;0.0;7497.0


8.4;15.6;0.7;39.0;7497.0


8.3;0.0;0.0;56.0;7497.0


8.4;0.0;0.0;56.0;7497.0


8.3;0.0;0.0;58.0;7497.0


49.9;0.0;0.0;53.0;7497.0


8.3;0.0;0.0;54.0;7497.0


8.4;0.0;0.0;54.0;7497.0


8.4;0.0;0.0;54.0;7497.0


8.3;0.0;0.0;54.0;7497.0


8.3;0.0;0.0;55.0;7497.0


8.3;0.0;0.0;55.0;7497.0


8.3;0.0;0.0;55.0;7497.0


8.4;0.0;0.0;54.0;7497.0


8.3;0.0;0.0;54.0;7497.0


8.4;0.0;0.0;55.0;7497.0


8.4;0.0;0.0;54.0;7497.0


8.4;0.0;0.0;27.0;7497.0


0.0;10.9;0.8;0.0;7497.0


0.0;14.4;0.2;0.0;7497.0


1.2;0.3;0.0;0.0;7497.0


4.7;14.4;0.4;0.0;7497.0


8.4;1.0;0.3;56.0;7497.0


8.3;0.0;0.0;56.0;7497.0


8.3;0.0;0.0;56.0;7497.0


26.3;0.0;0.0;57.0;7497.0


8.3;0.0;0.0;53.0;7497.0


8.4;0.0;0.0;54.0;7497.0


8.3;0.0;0.0;54.0;7497.0


8.3;0.0;0.0;54.0;7497.0


8.4;0.0;0.0;53.0;7497.0


8.3;0.0;0.0;54.0;7497.0


8.4;0.0;0.0;54.0;7497.0


8.3;0.0;0.0;54.0;7497.0


8.4;0.0;0.0;55.0;7497.0


8.3;0.0;0.0;54.0;7497.0


8.3;0.0;0.0;54.0;7497.0


8.4;0.0;0.0;54.0;7497.0


3.6;10.6;0.8;18.0;7497.0


0.0;0.3;0.0;0.0;7497.0


0.0;14.1;0.2;0.0;7497.0


0.0;0.3;0.0;0.0;7497.0


4.8;14.2;0.4;0.0;7497.0


8.3;1.0;0.3;56.0;7497.0


8.4;0.0;0.0;55.0;7497.0


8.3;0.0;0.0;56.0;7497.0


22.2;0.0;0.0;56.0;7497.0


8.3;0.0;0.0;51.0;7497.0


8.3;0.0;0.0;54.0;7497.0


8.4;0.0;0.0;54.0;7497.0


8.3;0.0;0.0;54.0;7497.0


8.4;0.0;0.0;53.0;7497.0


8.4;0.0;0.0;54.0;7497.0


8.4;0.0;0.0;53.0;7497.0


8.4;0.0;0.0;54.0;7497.0


8.4;0.0;0.0;54.0;7497.0


8.4;0.0;0.0;54.0;7497.0


8.3;0.0;0.0;54.0;7497.0


8.3;0.0;0.0;54.0;7497.0


4.7;10.6;0.8;0.0;7497.0


0.0;0.3;0.0;0.0;7497.0


1.2;14.5;0.2;0.0;7497.0


0.0;0.3;0.0;0.0;7497.0


4.8;15.7;0.4;0.0;7497.0


8.3;1.0;0.3;48.0;7497.0


8.3;0.0;0.0;56.0;7497.0


8.4;0.0;0.0;55.0;7497.0


26.0;0.0;0.0;58.0;7497.0


8.4;0.0;0.0;54.0;7497.0


8.3;0.0;0.0;54.0;7497.0


8.4;0.0;0.0;53.0;7497.0


8.4;0.0;0.0;55.0;7497.0


8.3;0.0;0.0;54.0;7497.0


8.4;0.0;0.0;55.0;7497.0


8.3;0.0;0.0;54.0;7497.0


8.3;0.0;0.0;54.0;7497.0


8.3;0.0;0.0;55.0;7497.0


8.3;0.0;0.0;55.0;7497.0


8.4;0.0;0.0;55.0;7497.0


8.3;0.0;0.0;55.0;7497.0


1.4;10.6;0.8;6.0;7497.0


0.0;0.3;0.0;0.0;7497.0


1.2;14.0;0.2;0.0;7497.0


0.0;0.3;0.0;0.0;7497.0


4.2;14.6;0.4;0.0;7497.0


8.4;1.0;0.3;56.0;7497.0


8.3;0.0;0.0;56.0;7497.0


8.3;0.0;0.0;56.0;7497.0


26.3;0.0;0.0;45.0;7497.0


8.3;0.0;0.0;52.0;7497.0


8.4;0.0;0.0;54.0;7497.0


8.4;0.0;0.0;54.0;7497.0


8.4;0.0;0.0;54.0;7497.0


8.3;0.0;0.0;54.0;7497.0


8.3;0.0;0.0;53.0;7497.0


8.3;0.0;0.0;55.0;7497.0


8.3;0.0;0.0;54.0;7497.0


8.4;0.0;0.0;54.0;7497.0


8.3;0.0;0.0;54.0;7497.0


8.4;0.0;0.0;54.0;7497.0


8.4;0.0;0.0;55.0;7497.0


3.6;10.6;0.8;31.0;7497.0


0.0;0.3;0.0;0.0;7497.0


0.0;13.4;0.2;0.0;7497.0


0.0;0.3;0.0;0.0;7497.0


4.8;15.0;0.4;0.0;7497.0


8.4;1.0;0.3;56.0;7497.0


8.4;0.0;0.0;56.0;7497.0


8.3;0.0;0.0;56.0;7497.0


32.2;0.0;0.0;57.0;7497.0


8.3;0.0;0.0;55.0;7497.0


8.4;0.0;0.0;54.0;7497.0


8.3;0.0;0.0;54.0;7497.0


8.3;0.0;0.0;54.0;7497.0


8.4;0.0;0.0;53.0;7497.0


8.3;0.0;0.0;54.0;7497.0


8.3;0.0;0.0;54.0;7497.0


8.3;0.0;0.0;54.0;7497.0


8.3;0.0;0.0;54.0;7497.0


8.3;0.0;0.0;52.0;7497.0


8.3;0.0;0.0;54.0;7497.0


8.4;0.0;0.0;54.0;7497.0


4.8;10.6;0.8;6.0;7497.0


0.0;0.3;0.0;0.0;7497.0


0.0;13.2;0.2;0.0;7497.0


0.0;0.3;0.0;0.0;7497.0


4.8;15.1;0.4;0.0;7497.0


8.3;1.0;0.3;56.0;7497.0


8.4;0.0;0.0;55.0;7497.0


8.3;0.0;0.0;56.0;7497.0


29.1;0.0;0.0;42.0;7497.0


8.3;0.0;0.0;53.0;7497.0


8.3;0.0;0.0;54.0;7497.0


8.3;0.0;0.0;54.0;7497.0


8.3;0.0;0.0;53.0;7497.0


8.4;0.0;0.0;54.0;7497.0


8.4;0.0;0.0;54.0;7497.0


8.3;0.0;0.0;54.0;7497.0


8.4;0.0;0.0;53.0;7497.0


8.3;0.0;0.0;54.0;7497.0


8.4;0.0;0.0;54.0;7497.0


8.4;0.0;0.0;54.0;7497.0


8.3;0.0;0.0;54.0;7497.0


2.4;10.6;0.8;27.0;7497.0


0.0;0.3;0.0;0.0;7497.0


1.2;13.9;0.2;0.0;7497.0


0.0;0.3;0.0;0.0;7497.0


4.8;16.1;0.7;10.0;7497.0


8.4;0.0;0.0;56.0;7497.0


8.3;0.0;0.0;56.0;7497.0


8.3;0.0;0.0;56.0;7497.0


37.9;0.0;0.0;57.0;7497.0


8.3;0.0;0.0;54.0;7497.0


8.4;0.0;0.0;54.0;7497.0


