10.8;5.4;0.5;3.0;607.0


6.0;98.6;5.7;3.0;607.0


7.0;81.2;5.2;3.0;607.0


7.2;99.7;10.4;3.0;607.0


0.0;26.3;2.0;3.0;607.0


0.0;0.3;0.0;3.0;607.0


8.3;28.4;1.1;5.0;607.0


8.3;0.1;0.0;9.0;807.0


8.3;0.0;0.0;10.0;937.0


8.4;0.0;0.0;10.0;1074.0


8.3;0.2;0.0;8.0;1180.0


8.4;0.0;0.0;10.0;1354.0


8.3;70.2;67.7;7.0;1816.0


43.8;84.8;353.6;52.0;2004.0


0.0;0.1;0.0;2.0;2004.0


0.0;0.3;0.0;3.0;2004.0


0.0;15.7;0.2;3.0;2004.0


0.0;0.3;0.0;3.0;2004.0


8.4;15.9;0.7;51.0;2116.0


8.4;0.0;0.0;52.0;2622.0


8.4;0.0;0.0;47.0;3120.0


8.3;0.0;0.0;41.0;3610.0


8.3;0.0;0.0;40.0;4082.0


8.3;0.0;0.0;41.0;4598.0


8.3;0.0;0.0;34.0;5116.0


8.4;0.0;0.0;26.0;5614.0


8.4;0.0;0.0;44.0;6130.0


13.8;0.0;0.0;40.0;6996.0


2.4;0.0;0.0;47.0;6910.0


50.0;0.0;0.0;31.0;7326.0


8.4;0.0;0.0;50.0;7326.0


8.3;0.0;0.0;55.0;7326.0


8.4;0.0;0.0;43.0;7326.0


8.3;0.0;0.0;56.0;7326.0


8.3;0.0;0.0;54.0;7326.0


8.3;0.0;0.0;55.0;7326.0


8.3;0.0;0.0;57.0;7326.0


8.3;0.0;0.0;57.0;7326.0


0.0;10.6;0.8;3.0;7326.0


0.0;0.3;0.0;3.0;7326.0


0.0;15.4;0.2;3.0;7326.0


8.3;17.4;0.7;47.0;7328.0


8.3;0.0;0.0;56.0;7328.0


8.4;0.0;0.0;62.0;7546.0


8.3;0.0;0.0;57.0;7546.0


8.4;0.0;0.0;55.0;7546.0


8.4;0.0;0.0;56.0;7546.0


8.3;0.0;0.0;57.0;7546.0


8.4;0.0;0.0;3.0;7546.0


0.0;10.6;0.8;3.0;7546.0


0.0;0.3;0.0;3.0;7546.0


0.0;14.4;0.2;3.0;7546.0


8.4;17.4;0.7;45.0;7546.0


8.4;0.0;0.0;56.0;7546.0


8.4;0.0;0.0;55.0;7546.0


8.4;0.0;0.0;58.0;7546.0


8.3;0.0;0.0;57.0;7546.0


8.4;0.0;0.0;56.0;7546.0


8.4;0.0;0.0;56.0;7546.0


8.3;0.0;0.0;56.0;7546.0


8.3;0.0;0.0;56.0;7546.0


8.3;0.0;0.0;56.0;7546.0


8.3;0.0;0.0;56.0;7546.0


8.3;0.0;0.0;57.0;7546.0


8.4;0.0;0.0;56.0;7546.0


8.3;0.0;0.0;57.0;7546.0


8.4;0.0;0.0;57.0;7546.0


8.4;0.0;0.0;57.0;7546.0


0.0;10.6;0.8;3.0;7546.0


0.0;0.3;0.0;3.0;7546.0


0.0;14.3;0.2;3.0;7546.0


0.0;0.3;0.0;2.0;7546.0


6.0;16.4;0.7;42.0;7546.0


8.4;0.0;0.0;54.0;7546.0


8.4;0.0;0.0;58.0;7546.0


8.3;0.0;0.0;58.0;7546.0


50.2;0.0;0.0;46.0;7546.0


8.3;0.0;0.0;51.0;7546.0


8.4;0.0;0.0;57.0;7546.0


8.3;0.0;0.0;57.0;7546.0


8.3;0.0;0.0;56.0;7546.0


8.4;0.0;0.0;55.0;7546.0


8.3;0.0;0.0;56.0;7546.0


8.3;0.0;0.0;57.0;7546.0


8.3;0.0;0.0;57.0;7546.0


8.3;0.0;0.0;56.0;7546.0


8.3;0.0;0.0;57.0;7546.0


8.3;0.0;0.0;57.0;7546.0


8.4;0.0;0.0;56.0;7546.0


8.4;0.0;0.0;51.0;7546.0


2.1;10.6;0.8;28.0;7546.0


0.0;0.3;0.0;3.0;7546.0


0.0;13.6;0.2;3.0;7546.0


1.2;0.3;0.0;3.0;7546.0


5.2;16.8;0.7;6.0;7546.0


8.3;0.0;0.0;57.0;7546.0


8.3;0.0;0.0;60.0;7546.0


8.4;0.0;0.0;59.0;7546.0


8.3;0.0;0.0;59.0;7546.0


49.7;0.0;0.0;48.0;7546.0


8.4;0.0;0.0;57.0;7546.0


8.3;0.0;0.0;59.0;7546.0


8.4;0.0;0.0;57.0;7546.0


8.3;0.0;0.0;58.0;7546.0


8.3;0.0;0.0;59.0;7546.0


8.4;0.0;0.0;59.0;7546.0


8.3;0.0;0.0;59.0;7546.0


8.4;0.0;0.0;59.0;7546.0


8.4;0.0;0.0;54.0;7546.0


8.3;0.0;0.0;59.0;7546.0


8.4;0.0;0.0;58.0;7546.0


8.3;0.0;0.0;59.0;7546.0


8.4;0.0;0.0;58.0;7546.0


0.0;10.6;0.8;3.0;7546.0


0.0;0.3;0.0;3.0;7546.0


0.0;15.1;0.2;3.0;7546.0


0.0;0.3;0.0;3.0;7546.0


6.9;16.5;0.7;41.0;7546.0


8.3;0.0;0.0;59.0;7546.0


8.3;0.0;0.0;59.0;7546.0


8.3;0.0;0.0;59.0;7546.0


15.2;0.0;0.0;57.0;7546.0


26.3;0.0;0.0;55.0;7546.0


8.3;0.0;0.0;59.0;7546.0


8.3;0.0;0.0;58.0;7546.0


8.4;0.0;0.0;59.0;7546.0


8.4;0.0;0.0;59.0;7546.0


8.4;0.0;0.0;59.0;7546.0


8.3;0.0;0.0;59.0;7546.0


8.3;0.0;0.0;59.0;7546.0


8.3;0.0;0.0;59.0;7546.0


8.4;0.0;0.0;59.0;7546.0


8.3;0.0;0.0;59.0;7546.0


8.3;0.0;0.0;59.0;7546.0


8.3;0.0;0.0;59.0;7546.0


8.3;0.0;0.0;56.0;7546.0


0.0;10.6;0.8;3.0;7546.0


0.0;0.3;0.0;3.0;7546.0


0.0;14.5;0.2;3.0;7546.0


0.0;0.3;0.0;3.0;7546.0


8.3;16.3;0.7;44.0;7546.0


8.4;0.0;0.0;59.0;7546.0


8.3;0.0;0.0;59.0;7546.0


8.3;0.0;0.0;59.0;7546.0


50.2;0.0;0.0;32.0;7546.0


8.3;0.0;0.0;59.0;7546.0


8.4;0.0;0.0;56.0;7546.0


7.1;0.0;0.0;58.0;7546.0


8.3;0.0;0.0;59.0;7546.0


8.3;0.0;0.0;58.0;7546.0


8.4;0.0;0.0;59.0;7546.0


8.4;0.0;0.0;58.0;7546.0


8.3;0.0;0.0;58.0;7546.0


8.3;0.0;0.0;58.0;7546.0


8.3;0.0;0.0;47.0;7546.0


8.3;0.0;0.0;59.0;7546.0


8.4;0.0;0.0;59.0;7546.0


8.3;0.0;0.0;58.0;7546.0


0.0;10.6;0.8;3.0;7546.0


0.0;0.3;0.0;3.0;7546.0


0.0;14.5;0.2;3.0;7546.0


0.0;0.3;0.0;3.0;7546.0


8.4;17.0;0.7;49.0;7546.0


8.4;0.0;0.0;58.0;7546.0


8.3;0.0;0.0;59.0;7546.0


8.4;0.0;0.0;59.0;7546.0


49.7;0.0;0.0;59.0;7546.0


8.3;0.0;0.0;59.0;7546.0


8.4;0.0;0.0;58.0;7546.0


8.3;0.0;0.0;59.0;7546.0


8.4;0.0;0.0;59.0;7546.0


8.3;0.0;0.0;57.0;7546.0


8.3;0.0;0.0;59.0;7546.0


8.4;0.0;0.0;59.0;7546.0


8.3;0.0;0.0;59.0;7546.0


8.4;0.0;0.0;59.0;7546.0


8.3;0.0;0.0;58.0;7546.0


8.4;0.0;0.0;59.0;7546.0


8.3;0.0;0.0;58.0;7546.0


8.3;0.0;0.0;54.0;7546.0


1.4;10.6;0.8;3.0;7546.0


0.0;0.3;0.0;3.0;7546.0


0.0;13.7;0.2;3.0;7546.0


0.0;0.3;0.0;3.0;7546.0


8.3;16.0;0.7;32.0;7546.0


8.3;0.0;0.0;59.0;7546.0


8.4;0.0;0.0;53.0;7546.0


8.4;0.0;0.0;59.0;7546.0


8.3;0.0;0.0;59.0;7546.0


44.2;0.0;0.0;56.0;7546.0


8.3;0.0;0.0;58.0;7546.0


8.3;0.0;0.0;59.0;7546.0


8.4;0.0;0.0;58.0;7546.0


8.3;0.0;0.0;57.0;7546.0


8.4;0.0;0.0;59.0;7546.0


8.3;0.0;0.0;58.0;7546.0


8.4;0.0;0.0;59.0;7546.0


8.4;0.0;0.0;58.0;7546.0


8.4;0.0;0.0;59.0;7546.0


8.4;0.0;0.0;59.0;7546.0


8.3;0.0;0.0;59.0;7546.0


8.4;0.0;0.0;59.0;7546.0


8.3;10.6;0.8;13.0;7546.0


0.0;0.3;0.0;3.0;7546.0


0.0;13.6;0.2;3.0;7546.0


0.0;0.3;0.0;3.0;7546.0


4.8;16.7;0.7;3.0;7546.0


8.3;0.0;0.0;59.0;7546.0


8.3;0.0;0.0;53.0;7546.0


8.3;0.0;0.0;62.0;7546.0


8.3;0.0;0.0;64.0;7546.0


38.2;0.0;0.0;54.0;7546.0


13.5;0.0;0.0;53.0;7546.0


8.4;0.0;0.0;58.0;7546.0


8.4;0.0;0.0;57.0;7546.0


8.3;0.0;0.0;57.0;7546.0


8.4;0.0;0.0;57.0;7546.0


8.3;0.0;0.0;57.0;7546.0


8.4;0.0;0.0;57.0;7546.0


8.3;0.0;0.0;58.0;7546.0


8.3;0.0;0.0;57.0;7546.0


8.4;0.0;0.0;58.0;7546.0


8.3;0.0;0.0;57.0;7546.0


8.4;0.0;0.0;58.0;7546.0


8.3;0.0;0.0;58.0;7546.0


4.7;10.6;0.8;25.0;7546.0


0.0;0.3;0.0;3.0;7546.0


1.4;15.2;0.2;3.0;7546.0


0.0;0.3;0.0;3.0;7546.0


4.2;14.1;0.4;3.0;7546.0


8.3;1.0;0.3;59.0;7546.0


8.4;0.0;0.0;58.0;7546.0


8.4;0.0;0.0;58.0;7546.0


8.4;0.0;0.0;59.0;7546.0


50.2;0.0;0.0;41.0;7546.0


8.4;0.0;0.0;57.0;7546.0


8.3;0.0;0.0;57.0;7546.0


8.3;0.0;0.0;57.0;7546.0


8.3;0.0;0.0;57.0;7546.0


8.3;0.0;0.0;46.0;7546.0


8.3;0.0;0.0;56.0;7546.0


8.3;0.0;0.0;57.0;7546.0


8.4;0.0;0.0;57.0;7546.0


8.4;0.0;0.0;58.0;7546.0


8.3;0.0;0.0;57.0;7546.0


8.4;0.0;0.0;57.0;7546.0


8.3;0.0;0.0;57.0;7546.0


8.4;10.6;0.8;37.0;7546.0


0.0;0.3;0.0;3.0;7546.0


0.0;14.8;0.2;3.0;7546.0


0.0;0.3;0.0;3.0;7546.0


5.5;15.2;0.4;3.0;7546.0


8.4;1.0;0.3;59.0;7546.0


8.3;0.0;0.0;59.0;7546.0


8.4;0.0;0.0;58.0;7546.0


8.3;0.0;0.0;60.0;7546.0


49.0;0.0;0.0;55.0;7546.0


8.3;0.0;0.0;57.0;7546.0


8.4;0.0;0.0;57.0;7546.0


8.3;0.0;0.0;57.0;7546.0


8.4;0.0;0.0;57.0;7546.0


8.3;0.0;0.0;57.0;7546.0


8.3;0.0;0.0;58.0;7546.0


8.4;0.0;0.0;57.0;7546.0


8.3;0.0;0.0;57.0;7546.0


8.4;0.0;0.0;57.0;7546.0


8.3;0.0;0.0;58.0;7546.0


8.4;0.0;0.0;58.0;7546.0


8.3;0.0;0.0;57.0;7546.0


0.0;10.6;0.8;3.0;7546.0


0.0;0.3;0.0;3.0;7546.0


0.0;14.6;0.2;3.0;7546.0


0.0;0.3;0.0;3.0;7546.0


7.2;14.9;0.7;23.0;7546.0


8.3;0.0;0.0;58.0;7546.0


8.4;0.0;0.0;48.0;7546.0


8.3;0.0;0.0;59.0;7546.0


8.4;0.0;0.0;57.0;7546.0


44.8;0.0;0.0;43.0;7546.0


8.3;0.0;0.0;58.0;7546.0


8.4;0.0;0.0;57.0;7546.0


8.3;0.0;0.0;57.0;7546.0


8.4;0.0;0.0;57.0;7546.0


8.3;0.0;0.0;57.0;7546.0


8.3;0.0;0.0;57.0;7546.0


8.3;0.0;0.0;57.0;7546.0


8.3;0.0;0.0;57.0;7546.0


8.3;0.0;0.0;56.0;7546.0


8.3;0.0;0.0;56.0;7546.0


8.3;0.0;0.0;57.0;7546.0


8.3;0.0;0.0;57.0;7546.0


7.2;10.6;0.8;19.0;7546.0


0.0;0.3;0.0;3.0;7546.0


1.4;14.5;0.2;3.0;7546.0


0.0;0.3;0.0;3.0;7546.0


4.7;15.0;0.7;3.0;7546.0


8.4;0.0;0.0;53.0;7546.0


8.4;0.0;0.0;53.0;7546.0


8.3;0.0;0.0;57.0;7546.0


8.4;0.0;0.0;59.0;7546.0


