10.8;0.8;0.0;0.0;544.0


8.3;128.6;7.6;0.0;544.0


7.2;93.4;7.4;0.0;544.0


3.1;83.8;8.3;0.0;544.0


0.0;0.3;0.0;0.0;544.0


4.2;26.8;1.0;0.0;544.0


8.3;2.3;0.2;0.0;695.0


8.3;0.0;0.0;6.0;833.0


8.3;0.0;0.0;5.0;983.0


8.3;0.2;0.0;6.0;1105.0


8.3;0.0;0.0;5.0;1289.0


8.3;70.2;67.7;3.0;1419.0


8.3;84.8;353.6;30.0;1941.0


8.3;0.0;0.0;70.0;1941.0


1.4;0.4;0.0;0.0;1941.0


0.0;14.2;0.2;0.0;1941.0


0.0;0.3;0.0;0.0;1941.0


4.2;14.3;0.4;0.0;1941.0


8.3;1.2;0.3;42.0;1967.0


50.2;0.0;0.0;39.0;2707.0


8.3;0.0;0.0;47.0;2707.0


8.3;0.0;0.0;47.0;2707.0


8.3;0.0;0.0;47.0;2707.0


8.4;0.0;0.0;47.0;2707.0


8.4;0.0;0.0;47.0;2707.0


8.3;0.0;0.0;47.0;2707.0


8.3;0.0;0.0;47.0;2707.0


8.3;0.0;0.0;48.0;2707.0


8.4;0.0;0.0;47.0;2709.0


8.4;0.0;0.0;47.0;2709.0


8.3;0.0;0.0;47.0;2709.0


8.4;0.0;0.0;47.0;2709.0


0.0;4.3;0.3;0.0;2709.0


0.0;0.3;0.0;0.0;2709.0


0.0;14.1;0.2;0.0;2709.0


0.0;0.3;0.0;0.0;2709.0


8.4;16.5;0.7;43.0;2715.0


50.2;0.0;0.0;43.0;2715.0


8.4;0.0;0.0;46.0;2715.0


8.3;0.0;0.0;46.0;2715.0


8.3;0.0;0.0;46.0;2715.0


8.4;0.0;0.0;47.0;2715.0


8.3;0.0;0.0;47.0;2715.0


8.4;0.0;0.0;47.0;2715.0


8.3;0.0;0.0;47.0;2715.0


8.3;0.0;0.0;46.0;2715.0


8.4;0.0;0.0;47.0;2715.0


8.3;0.0;0.0;47.0;2715.0


8.4;0.0;0.0;47.0;2715.0


8.3;0.0;0.0;47.0;2715.0


0.0;3.9;0.3;0.0;2715.0


0.0;0.3;0.0;0.0;2715.0


0.0;14.1;0.2;0.0;2715.0


0.0;0.3;0.0;0.0;2715.0


8.3;16.9;0.7;42.0;2715.0


50.2;0.0;0.0;47.0;3465.0


8.3;0.0;0.0;47.0;3465.0


8.3;0.0;0.0;45.0;3465.0


8.3;0.0;0.0;47.0;3465.0


8.4;0.0;0.0;47.0;3465.0


8.4;0.0;0.0;47.0;3465.0


8.3;0.0;0.0;47.0;3465.0


8.4;0.0;0.0;46.0;3465.0


8.3;0.0;0.0;47.0;3465.0


8.3;0.0;0.0;46.0;3465.0


8.4;0.0;0.0;48.0;3465.0


8.3;0.0;0.0;48.0;3465.0


8.4;0.0;0.0;48.0;3465.0


0.0;4.3;0.3;0.0;3465.0


0.0;0.3;0.0;0.0;3465.0


0.0;15.1;0.2;0.0;3465.0


0.0;0.3;0.0;0.0;3465.0


8.4;16.4;0.7;18.0;3467.0


20.1;0.0;0.0;45.0;3467.0


8.4;0.0;0.0;47.0;3467.0


8.3;0.0;0.0;46.0;3467.0


8.3;0.0;0.0;47.0;3467.0


8.4;0.0;0.0;46.0;3467.0


8.3;0.0;0.0;46.0;3467.0


8.4;0.0;0.0;47.0;3467.0


8.3;0.0;0.0;47.0;3467.0


8.3;0.0;0.0;48.0;3467.0


8.4;0.0;0.0;48.0;3467.0


8.3;0.0;0.0;47.0;3467.0


8.4;0.0;0.0;47.0;3467.0


8.3;0.0;0.0;47.0;3467.0


0.0;4.3;0.3;0.0;3467.0


0.0;0.3;0.0;0.0;3467.0


0.0;14.5;0.2;0.0;3467.0


0.0;0.3;0.0;0.0;3467.0


8.3;15.5;0.7;37.0;3467.0


44.8;0.0;0.0;40.0;3467.0


8.3;0.0;0.0;46.0;3467.0


8.3;0.0;0.0;47.0;3467.0


8.3;0.0;0.0;46.0;3467.0


8.3;0.0;0.0;46.0;3467.0


8.4;0.0;0.0;47.0;3467.0


8.3;0.0;0.0;47.0;3467.0


8.3;0.0;0.0;47.0;3467.0


8.3;0.0;0.0;46.0;3467.0


8.3;0.0;0.0;47.0;3467.0


8.4;0.0;0.0;31.0;3467.0


8.3;0.0;0.0;47.0;3467.0


8.4;0.0;0.0;47.0;3467.0


0.0;4.0;0.3;0.0;3467.0


0.0;0.3;0.0;0.0;3467.0


0.0;14.6;0.2;0.0;3467.0


0.0;0.3;0.0;0.0;3467.0


8.4;16.6;0.7;43.0;3467.0


37.9;0.0;0.0;42.0;3467.0


8.3;0.0;0.0;48.0;3467.0


8.3;0.0;0.0;47.0;3467.0


8.3;0.0;0.0;47.0;3467.0


8.4;0.0;0.0;45.0;3467.0


8.3;0.0;0.0;47.0;3467.0


8.4;0.0;0.0;47.0;3467.0


8.3;0.0;0.0;47.0;3467.0


8.3;0.0;0.0;47.0;3467.0


8.3;0.0;0.0;46.0;3467.0


8.3;0.0;0.0;47.0;3467.0


8.4;0.0;0.0;47.0;3467.0


8.4;0.0;0.0;47.0;3467.0


0.0;4.0;0.3;0.0;3467.0


0.0;0.3;0.0;0.0;3467.0


0.0;15.1;0.2;0.0;3467.0


0.0;0.3;0.0;0.0;3467.0


8.3;15.2;0.7;26.0;3467.0


39.6;0.0;0.0;42.0;3467.0


8.3;0.0;0.0;47.0;3467.0


8.3;0.0;0.0;47.0;3467.0


8.4;0.0;0.0;46.0;3467.0


8.3;0.0;0.0;47.0;3467.0


8.3;0.0;0.0;47.0;3467.0


8.3;0.0;0.0;46.0;3467.0


8.3;0.0;0.0;47.0;3467.0


8.3;0.0;0.0;45.0;3467.0


8.3;0.0;0.0;47.0;3467.0


8.4;0.0;0.0;47.0;3467.0


8.3;0.0;0.0;47.0;3467.0


8.4;0.0;0.0;47.0;3467.0


0.0;4.0;0.3;0.0;3467.0


0.0;0.3;0.0;0.0;3467.0


0.0;14.9;0.2;0.0;3467.0


0.0;0.3;0.0;0.0;3467.0


8.4;16.8;0.7;39.0;3467.0


32.0;0.0;0.0;44.0;3467.0


8.3;0.0;0.0;47.0;3467.0


8.3;0.0;0.0;46.0;3467.0


8.3;0.0;0.0;47.0;3467.0


8.4;0.0;0.0;47.0;3467.0


8.3;0.0;0.0;47.0;3467.0


8.4;0.0;0.0;48.0;3467.0


8.3;0.0;0.0;48.0;3467.0


8.3;0.0;0.0;48.0;3467.0


8.4;0.0;0.0;48.0;3467.0


8.3;0.0;0.0;47.0;3467.0


8.4;0.0;0.0;48.0;3467.0


8.4;0.0;0.0;42.0;3467.0


0.0;4.1;0.3;0.0;3467.0


0.0;0.3;0.0;0.0;3467.0


0.0;14.5;0.2;0.0;3467.0


0.0;0.3;0.0;0.0;3467.0


8.3;16.2;0.7;38.0;3467.0


50.2;0.0;0.0;32.0;3467.0


8.3;0.0;0.0;48.0;3467.0


8.3;0.0;0.0;47.0;3467.0


8.4;0.0;0.0;48.0;3467.0


8.3;0.0;0.0;47.0;3467.0


8.3;0.0;0.0;49.0;3467.0


8.3;0.0;0.0;49.0;3467.0


8.3;0.0;0.0;49.0;3467.0


8.3;0.0;0.0;49.0;3467.0


8.3;0.0;0.0;48.0;3467.0


8.4;0.0;0.0;49.0;3467.0


8.3;0.0;0.0;49.0;3467.0


8.3;0.0;0.0;49.0;3467.0


0.0;4.2;0.3;0.0;3467.0


0.0;0.3;0.0;0.0;3467.0


0.0;12.8;0.2;0.0;3467.0


0.0;0.3;0.0;0.0;3467.0


8.4;16.7;0.7;43.0;3467.0


49.7;0.0;0.0;43.0;3467.0


8.3;0.0;0.0;48.0;3467.0


8.3;0.0;0.0;47.0;3467.0


8.3;0.0;0.0;48.0;3467.0


8.4;0.0;0.0;48.0;3467.0


8.3;0.0;0.0;48.0;3467.0


8.4;0.0;0.0;48.0;3467.0


8.4;0.0;0.0;48.0;3467.0


8.3;0.0;0.0;48.0;3467.0


8.4;0.0;0.0;48.0;3467.0


8.3;0.0;0.0;48.0;3467.0


8.4;0.0;0.0;47.0;3467.0


2.4;4.0;0.3;5.0;3467.0


0.0;0.3;0.0;0.0;3467.0


0.0;13.8;0.2;0.0;3467.0


0.0;0.3;0.0;0.0;3467.0


4.8;15.1;0.4;0.0;3467.0


8.3;1.0;0.3;42.0;3467.0


50.2;0.0;0.0;41.0;3467.0


8.3;0.0;0.0;48.0;3467.0


8.3;0.0;0.0;48.0;3467.0


8.4;0.0;0.0;47.0;3467.0


8.3;0.0;0.0;47.0;3467.0


8.3;0.0;0.0;47.0;3467.0


8.4;0.0;0.0;49.0;3467.0


8.3;0.0;0.0;48.0;3467.0


8.4;0.0;0.0;48.0;3467.0


8.3;0.0;0.0;48.0;3467.0


8.4;0.0;0.0;48.0;3467.0


8.4;0.0;0.0;49.0;3467.0


4.2;4.2;0.3;43.0;3467.0


0.0;0.3;0.0;0.0;3467.0


0.0;13.9;0.2;0.0;3467.0


0.0;0.3;0.0;0.0;3467.0


5.2;14.7;0.4;0.0;3467.0


8.3;1.0;0.3;42.0;3467.0


43.8;0.0;0.0;45.0;3467.0


8.3;0.0;0.0;47.0;3467.0


8.3;0.0;0.0;47.0;3467.0


8.3;0.0;0.0;47.0;3467.0


8.3;0.0;0.0;47.0;3467.0


8.4;0.0;0.0;48.0;3467.0


8.3;0.0;0.0;48.0;3467.0


8.4;0.0;0.0;48.0;3467.0


8.3;0.0;0.0;48.0;3467.0


8.4;0.0;0.0;47.0;3467.0


8.3;0.0;0.0;48.0;3467.0


8.4;0.0;0.0;48.0;3467.0


0.0;4.1;0.3;11.0;3467.0


0.0;0.3;0.0;0.0;3467.0


0.0;15.0;0.2;0.0;3467.0


0.0;0.3;0.0;0.0;3467.0


8.3;16.2;0.7;0.0;3467.0


8.3;0.0;0.0;45.0;3467.0


8.4;0.0;0.0;48.0;3467.0


7.1;0.0;0.0;47.0;3467.0


8.3;0.0;0.0;48.0;3467.0


8.3;0.0;0.0;47.0;3467.0


8.3;0.0;0.0;48.0;3467.0


8.3;0.0;0.0;48.0;3467.0


8.4;0.0;0.0;48.0;3467.0


8.3;0.0;0.0;48.0;3467.0


8.4;0.0;0.0;47.0;3467.0


8.3;0.0;0.0;48.0;3467.0


8.4;0.0;0.0;48.0;3467.0


8.4;0.0;0.0;48.0;3467.0


0.0;4.1;0.3;0.0;3467.0


0.0;0.3;0.0;0.0;3467.0


0.0;14.6;0.2;0.0;3467.0


0.0;0.3;0.0;0.0;3467.0


8.3;17.0;0.7;29.0;3467.0


36.0;0.0;0.0;42.0;3467.0


8.3;0.0;0.0;47.0;3467.0


8.3;0.0;0.0;48.0;3467.0


8.3;0.0;0.0;47.0;3467.0


8.3;0.0;0.0;47.0;3467.0


8.3;0.0;0.0;47.0;3467.0


8.4;0.0;0.0;48.0;3467.0


8.3;0.0;0.0;48.0;3467.0


8.4;0.0;0.0;48.0;3467.0


8.3;0.0;0.0;47.0;3467.0


8.4;0.0;0.0;47.0;3467.0


8.3;0.0;0.0;47.0;3467.0


8.4;0.0;0.0;47.0;3467.0


0.0;4.0;0.3;0.0;3467.0


0.0;0.3;0.0;0.0;3467.0


0.0;13.9;0.2;0.0;3467.0


0.0;0.3;0.0;0.0;3467.0


8.3;16.4;0.7;42.0;3467.0


49.7;0.0;0.0;42.0;3467.0


8.4;0.0;0.0;47.0;3467.0


8.4;0.0;0.0;46.0;3467.0


8.3;0.0;0.0;46.0;3467.0


8.3;0.0;0.0;47.0;3467.0


8.3;0.0;0.0;47.0;3467.0


8.3;0.0;0.0;47.0;3467.0


8.4;0.0;0.0;47.0;3467.0


8.3;0.0;0.0;47.0;3467.0


8.4;0.0;0.0;47.0;3467.0


8.4;0.0;0.0;46.0;3467.0


8.4;0.0;0.0;47.0;3467.0


8.4;0.0;0.0;47.0;3467.0


0.0;4.1;0.3;0.0;3467.0


0.0;0.3;0.0;0.0;3467.0


0.0;14.1;0.2;0.0;3467.0


0.0;0.3;0.0;0.0;3467.0


8.3;15.7;0.7;42.0;3467.0


50.2;0.0;0.0;40.0;3467.0


8.4;0.0;0.0;48.0;3467.0


8.3;0.0;0.0;47.0;3467.0


8.4;0.0;0.0;47.0;3467.0


8.3;0.0;0.0;47.0;3467.0


8.3;0.0;0.0;48.0;3467.0


8.4;0.0;0.0;48.0;3467.0


8.3;0.0;0.0;47.0;3467.0


8.4;0.0;0.0;48.0;3467.0


8.3;0.0;0.0;47.0;3467.0


8.4;0.0;0.0;47.0;3467.0


8.3;0.0;0.0;48.0;3467.0


