8.4;0.0;0.0;0.0;544.0


8.3;129.0;7.6;0.0;544.0


8.4;94.0;7.5;0.0;544.0


1.2;82.8;8.2;0.0;544.0


0.0;0.3;0.0;0.0;544.0


8.3;28.6;1.1;0.0;544.0


7.3;0.3;0.0;7.0;725.0


8.3;0.0;0.0;4.0;857.0


8.3;0.0;0.0;6.0;999.0


8.4;0.2;0.0;5.0;1119.0


8.3;0.0;0.0;4.0;1291.0


8.3;70.2;67.7;2.0;1543.0


8.3;84.8;353.6;20.0;2121.0


44.2;0.0;0.0;74.0;2121.0


0.0;0.1;0.0;0.0;2121.0


0.0;0.3;0.0;0.0;2121.0


0.0;14.9;0.2;0.0;2121.0


0.0;0.3;0.0;0.0;2121.0


8.3;16.6;0.7;42.0;2123.0


39.6;0.0;0.0;44.0;2867.0


8.3;0.0;0.0;47.0;2867.0


8.4;0.0;0.0;46.0;2867.0


8.3;0.0;0.0;47.0;2867.0


8.4;0.0;0.0;48.0;2867.0


8.4;0.0;0.0;47.0;2867.0


8.3;0.0;0.0;47.0;2867.0


8.4;0.0;0.0;48.0;2867.0


8.4;0.0;0.0;48.0;2867.0


8.4;0.0;0.0;48.0;2867.0


8.3;0.0;0.0;47.0;2869.0


8.3;0.0;0.0;48.0;2869.0


8.3;0.0;0.0;47.0;2869.0


0.0;4.3;0.3;0.0;2869.0


0.0;0.3;0.0;0.0;2869.0


0.0;14.1;0.2;0.0;2869.0


0.0;0.3;0.0;0.0;2869.0


8.4;16.8;0.7;41.0;2875.0


50.0;0.0;0.0;32.0;2875.0


8.4;0.0;0.0;47.0;2875.0


8.3;0.0;0.0;46.0;2875.0


8.4;0.0;0.0;47.0;2875.0


8.4;0.0;0.0;47.0;2875.0


8.4;0.0;0.0;47.0;2875.0


8.4;0.0;0.0;48.0;2875.0


8.3;0.0;0.0;47.0;2875.0


8.4;0.0;0.0;48.0;2875.0


8.3;0.0;0.0;47.0;2875.0


8.4;0.0;0.0;48.0;2875.0


8.3;0.0;0.0;48.0;2875.0


8.3;0.0;0.0;48.0;2875.0


0.0;4.1;0.3;0.0;2875.0


0.0;0.3;0.0;0.0;2875.0


0.0;14.0;0.2;0.0;2875.0


0.0;0.3;0.0;0.0;2875.0


8.3;15.0;0.7;42.0;2875.0


49.7;0.0;0.0;42.0;2875.0


8.3;0.0;0.0;47.0;2875.0


8.4;0.0;0.0;46.0;2875.0


8.4;0.0;0.0;47.0;2875.0


8.3;0.0;0.0;47.0;2875.0


8.4;0.0;0.0;47.0;2875.0


8.3;0.0;0.0;47.0;2875.0


8.4;0.0;0.0;47.0;2875.0


8.3;0.0;0.0;48.0;2875.0


8.4;0.0;0.0;47.0;2875.0


8.3;0.0;0.0;47.0;2875.0


8.3;0.0;0.0;48.0;2875.0


4.7;4.1;0.3;19.0;2875.0


0.0;0.3;0.0;0.0;2875.0


0.0;14.4;0.2;0.0;2875.0


0.0;0.3;0.0;0.0;2875.0


4.8;15.6;0.4;0.0;2875.0


8.4;1.0;0.3;42.0;2875.0


49.7;0.0;0.0;42.0;2875.0


8.4;0.0;0.0;47.0;2875.0


8.3;0.0;0.0;46.0;2875.0


8.4;0.0;0.0;46.0;2875.0


8.4;0.0;0.0;47.0;2875.0


8.3;0.0;0.0;47.0;2875.0


8.4;0.0;0.0;48.0;2875.0


8.3;0.0;0.0;48.0;2875.0


8.4;0.0;0.0;47.0;2875.0


8.3;0.0;0.0;48.0;2875.0


8.4;0.0;0.0;47.0;2875.0


8.3;0.0;0.0;46.0;2875.0


8.3;0.0;0.0;14.0;2875.0


0.0;4.5;0.3;0.0;2875.0


0.0;14.7;0.2;0.0;2875.0


0.0;0.3;0.0;0.0;2875.0


4.8;13.5;0.4;0.0;2875.0


8.3;1.0;0.3;42.0;2875.0


50.2;0.0;0.0;42.0;2875.0


8.3;0.0;0.0;48.0;2875.0


8.4;0.0;0.0;47.0;2875.0


8.4;0.0;0.0;47.0;2875.0


8.3;0.0;0.0;47.0;2875.0


8.4;0.0;0.0;48.0;2875.0


8.3;0.0;0.0;48.0;2875.0


8.4;0.0;0.0;48.0;2875.0


8.3;0.0;0.0;47.0;2875.0


8.3;0.0;0.0;46.0;2875.0


8.3;0.0;0.0;48.0;2875.0


8.3;0.0;0.0;46.0;2875.0


8.3;0.0;0.0;47.0;2875.0


0.0;4.2;0.3;0.0;2875.0


0.0;0.3;0.0;0.0;2875.0


0.0;14.2;0.2;0.0;2875.0


0.0;0.3;0.0;0.0;2875.0


8.4;15.7;0.7;42.0;2875.0


49.7;0.0;0.0;40.0;2875.0


8.4;0.0;0.0;47.0;2875.0


8.3;0.0;0.0;46.0;2875.0


8.4;0.0;0.0;45.0;2875.0


8.4;0.0;0.0;46.0;2875.0


8.4;0.0;0.0;46.0;2875.0


8.4;0.0;0.0;47.0;2875.0


8.3;0.0;0.0;48.0;2875.0


8.4;0.0;0.0;46.0;2875.0


8.3;0.0;0.0;48.0;2875.0


8.4;0.0;0.0;47.0;2875.0


8.3;0.0;0.0;47.0;2875.0


8.3;0.0;0.0;46.0;2875.0


0.0;4.1;0.3;0.0;2875.0


0.0;0.3;0.0;0.0;2875.0


0.0;14.9;0.2;0.0;2875.0


0.0;0.3;0.0;0.0;2875.0


8.3;15.5;0.7;42.0;2875.0


50.2;0.0;0.0;35.0;2875.0


8.3;0.0;0.0;47.0;2875.0


8.4;0.0;0.0;46.0;2875.0


8.4;0.0;0.0;46.0;2875.0


8.4;0.0;0.0;46.0;2875.0


8.4;0.0;0.0;46.0;2875.0


8.3;0.0;0.0;47.0;2875.0


8.4;0.0;0.0;47.0;2875.0


8.3;0.0;0.0;36.0;2875.0


8.3;0.0;0.0;47.0;2875.0


8.3;0.0;0.0;46.0;2875.0


8.3;0.0;0.0;46.0;2875.0


8.3;0.0;0.0;47.0;2875.0


0.0;4.2;0.3;0.0;2875.0


0.0;0.3;0.0;0.0;2875.0


0.0;15.2;0.2;0.0;2875.0


0.0;0.3;0.0;0.0;2875.0


8.4;16.3;0.7;18.0;2875.0


29.1;0.0;0.0;45.0;2875.0


8.4;0.0;0.0;45.0;2875.0


8.3;0.0;0.0;46.0;2875.0


8.4;0.0;0.0;46.0;2875.0


8.4;0.0;0.0;46.0;2875.0


8.3;0.0;0.0;47.0;2875.0


8.4;0.0;0.0;46.0;2875.0


8.3;0.0;0.0;47.0;2875.0


8.3;0.0;0.0;47.0;2875.0


8.3;0.0;0.0;47.0;2875.0


8.4;0.0;0.0;46.0;2875.0


8.4;0.0;0.0;46.0;2875.0


8.3;0.0;0.0;46.0;2875.0


0.0;4.1;0.3;0.0;2875.0


0.0;0.3;0.0;0.0;2875.0


0.0;13.3;0.2;0.0;2875.0


0.0;0.3;0.0;0.0;2875.0


8.3;15.4;0.7;31.0;2875.0


26.3;0.0;0.0;41.0;2875.0


8.3;0.0;0.0;47.0;2875.0


8.4;0.0;0.0;46.0;2875.0


8.4;0.0;0.0;46.0;2875.0


8.4;0.0;0.0;47.0;2875.0


8.4;0.0;0.0;47.0;2875.0


8.3;0.0;0.0;47.0;2875.0


8.3;0.0;0.0;46.0;2875.0


8.3;0.0;0.0;46.0;2875.0


8.3;0.0;0.0;47.0;2875.0


8.3;0.0;0.0;47.0;2875.0


8.3;0.0;0.0;47.0;2875.0


8.3;0.0;0.0;46.0;2875.0


0.0;4.1;0.3;0.0;2875.0


0.0;0.3;0.0;0.0;2875.0


0.0;12.9;0.2;0.0;2875.0


0.0;0.3;0.0;0.0;2875.0


8.4;16.1;0.7;41.0;2875.0


36.0;0.0;0.0;44.0;2875.0


8.4;0.0;0.0;46.0;2875.0


8.3;0.0;0.0;46.0;2875.0


8.4;0.0;0.0;46.0;2875.0


8.4;0.0;0.0;46.0;2875.0


8.3;0.0;0.0;46.0;2875.0


8.4;0.0;0.0;46.0;2875.0


8.3;0.0;0.0;47.0;2875.0


8.3;0.0;0.0;46.0;2875.0


8.3;0.0;0.0;46.0;2875.0


8.4;0.0;0.0;46.0;2875.0


8.4;0.0;0.0;46.0;2875.0


8.3;0.0;0.0;45.0;2875.0


0.0;4.0;0.3;0.0;2875.0


0.0;0.3;0.0;0.0;2875.0


0.0;15.3;0.2;0.0;2875.0


0.0;0.3;0.0;0.0;2875.0


8.3;16.5;0.7;18.0;2875.0


32.2;0.0;0.0;42.0;2875.0


8.4;0.0;0.0;47.0;2875.0


8.4;0.0;0.0;46.0;2875.0


8.4;0.0;0.0;47.0;2875.0


8.4;0.0;0.0;46.0;2875.0


8.4;0.0;0.0;46.0;2875.0


8.3;0.0;0.0;46.0;2875.0


8.4;0.0;0.0;47.0;2875.0


8.3;0.0;0.0;47.0;2875.0


8.3;0.0;0.0;46.0;2875.0


8.4;0.0;0.0;47.0;2875.0


8.3;0.0;0.0;47.0;2875.0


8.4;0.0;0.0;46.0;2875.0


0.0;4.1;0.3;0.0;2875.0


0.0;0.3;0.0;0.0;2875.0


0.0;14.1;0.2;0.0;2875.0


0.0;0.3;0.0;0.0;2875.0


8.4;16.6;0.7;33.0;2875.0


22.2;0.0;0.0;42.0;2875.0


8.4;0.0;0.0;47.0;2875.0


8.3;0.0;0.0;46.0;2875.0


8.3;0.0;0.0;46.0;2875.0


8.4;0.0;0.0;47.0;2875.0


8.3;0.0;0.0;46.0;2875.0


8.3;0.0;0.0;46.0;2875.0


8.3;0.0;0.0;47.0;2875.0


8.3;0.0;0.0;47.0;2875.0


8.3;0.0;0.0;47.0;2875.0


8.4;0.0;0.0;47.0;2875.0


8.4;0.0;0.0;47.0;2875.0


8.3;0.0;0.0;47.0;2875.0


0.0;4.2;0.3;0.0;2875.0


0.0;0.3;0.0;0.0;2875.0


0.0;15.0;0.2;0.0;2875.0


0.0;0.3;0.0;0.0;2875.0


8.3;15.7;0.7;42.0;2875.0


26.3;0.0;0.0;45.0;2875.0


8.4;0.0;0.0;47.0;2875.0


8.4;0.0;0.0;46.0;2875.0


8.4;0.0;0.0;46.0;2875.0


8.4;0.0;0.0;47.0;2875.0


8.4;0.0;0.0;46.0;2875.0


8.3;0.0;0.0;47.0;2875.0


8.3;0.0;0.0;46.0;2875.0


8.3;0.0;0.0;47.0;2875.0


8.3;0.0;0.0;46.0;2875.0


8.4;0.0;0.0;48.0;2875.0


8.3;0.0;0.0;47.0;2875.0


8.4;0.0;0.0;47.0;2875.0


0.0;4.2;0.3;0.0;2875.0


0.0;0.3;0.0;0.0;2875.0


0.0;13.2;0.2;0.0;2875.0


0.0;0.3;0.0;0.0;2875.0


8.4;16.1;0.7;23.0;2875.0


38.2;0.0;0.0;41.0;2875.0


8.4;0.0;0.0;46.0;2875.0


8.3;0.0;0.0;46.0;2875.0


8.3;0.0;0.0;46.0;2875.0


8.4;0.0;0.0;46.0;2875.0


8.3;0.0;0.0;46.0;2875.0


8.3;0.0;0.0;47.0;2875.0


8.3;0.0;0.0;47.0;2875.0


8.3;0.0;0.0;47.0;2875.0


8.4;0.0;0.0;47.0;2875.0


8.4;0.0;0.0;48.0;2875.0


8.4;0.0;0.0;47.0;2875.0


8.3;0.0;0.0;48.0;2875.0


0.0;3.9;0.3;0.0;2875.0


0.0;0.3;0.0;0.0;2875.0


0.0;14.1;0.2;0.0;2875.0


0.0;0.3;0.0;0.0;2875.0


8.3;16.8;0.7;42.0;2875.0


50.2;0.0;0.0;43.0;2875.0


8.4;0.0;0.0;48.0;2875.0


8.3;0.0;0.0;47.0;2875.0


8.4;0.0;0.0;47.0;2875.0


8.4;0.0;0.0;48.0;2875.0


8.4;0.0;0.0;48.0;2875.0


8.3;0.0;0.0;48.0;2875.0


8.3;0.0;0.0;47.0;2875.0


8.3;0.0;0.0;47.0;2875.0


8.3;0.0;0.0;48.0;2875.0


8.4;0.0;0.0;47.0;2875.0


8.3;0.0;0.0;47.0;2875.0


7.2;4.1;0.3;6.0;2875.0


0.0;0.3;0.0;0.0;2875.0


1.2;14.3;0.2;0.0;2875.0


0.0;0.3;0.0;0.0;2875.0


4.7;14.3;0.4;0.0;2875.0


8.4;1.0;0.3;42.0;2875.0


44.8;0.0;0.0;43.0;2875.0


8.3;0.0;0.0;47.0;2875.0


8.4;0.0;0.0;46.0;2875.0


8.3;0.0;0.0;48.0;2875.0


8.4;0.0;0.0;47.0;2875.0


8.3;0.0;0.0;49.0;2875.0


8.4;0.0;0.0;48.0;2875.0


8.3;0.0;0.0;48.0;2875.0


8.3;0.0;0.0;48.0;2875.0


8.4;0.0;0.0;47.0;2875.0


8.3;0.0;0.0;48.0;2875.0


