0.0;10514432;0
0.0;10514432;0
0.0;10514432;0
0.0;10514432;0
0.0;10514432;0
0.0;10514432;0
0.0;10514432;0
0.0;10514432;0
0.0;10514432;0
0.0;10514432;0
0.0;10514432;0
0.0;10514432;0
0.0;10514432;0
0.0;10514432;0
0.0;10514432;0
0.0;10514432;0
0.0;10514432;0
0.0;10514432;0
0.0;10514432;0
0.0;10514432;0
0.0;10514432;0
0.0;10514432;0
0.0;10514432;0
0.0;10514432;0
0.0;10514432;0
0.0;10514432;0
0.0;10514432;0
0.0;10514432;0
0.0;10514432;0
0.0;10514432;0
0.0;10514432;0
0.0;10514432;0
0.0;10514432;0
0.0;10514432;0
0.0;10514432;0
0.0;10514432;0
0.0;10514432;0
56.8;20529152;114
0.0;20529152;0
0.0;20529152;0
0.0;20529152;0
0.0;20529152;0
0.0;20529152;0
0.0;20529152;0
0.0;20529152;0
0.0;20529152;0
0.0;20529152;0
0.0;20529152;0
0.0;20529152;0
0.0;20529152;0
0.0;20529152;0
0.0;20529152;0
0.0;20529152;0
0.0;20529152;0
0.0;20529152;0
0.0;20529152;0
0.0;20529152;0
0.0;20529152;0
0.0;20529152;0
0.0;20529152;0
0.0;20529152;0
0.0;20529152;0
0.0;20529152;0
0.0;20529152;0
0.0;20529152;0
0.0;20529152;0
0.0;20529152;0
0.0;20529152;0
0.0;20529152;0
0.0;20529152;0
0.0;20529152;0
0.0;20529152;0
0.0;20529152;0
0.0;20529152;0
0.0;21143552;0
0.0;21143552;0
0.0;21143552;0
0.0;21143552;0
0.0;21143552;0
0.0;21143552;0
0.0;21143552;0
0.0;21143552;0
0.0;21143552;0
0.0;21143552;0
0.0;21143552;0
0.0;21143552;0
0.0;21143552;0
0.0;21143552;0
0.0;21143552;0
0.0;21143552;0
0.0;21143552;0
0.0;21143552;0
0.0;21143552;0
0.0;21143552;0
0.0;21143552;0
0.0;21143552;0
0.0;21143552;0
0.0;21143552;0
0.0;21143552;0
0.0;21143552;0
0.0;21143552;0
0.0;21143552;0
0.0;21143552;0
0.0;21143552;0
0.0;21143552;0
0.0;21143552;0
0.0;21143552;0
0.0;21143552;0
0.0;21143552;0
0.0;21143552;0
0.0;21143552;0
0.0;21139456;0
0.0;21139456;0
0.0;21139456;0
0.0;21139456;0
0.0;21139456;0
0.0;21139456;0
0.0;21139456;0
0.0;21139456;0
0.0;21139456;0
0.0;21139456;0
0.0;21139456;0
0.0;21139456;0
0.0;21139456;0
0.0;21139456;0
0.0;21139456;0
0.0;21139456;0
0.0;21139456;0
0.0;21139456;0
0.0;21139456;0
0.0;21139456;0
0.0;21139456;0
0.0;21139456;0
0.0;21139456;0
0.0;21139456;0
0.0;21139456;0
0.0;21139456;0
0.0;21139456;0
0.0;21139456;0
0.0;21139456;0
0.0;21139456;0
0.0;21139456;0
0.0;21139456;0
0.0;21139456;0
0.0;21139456;0
0.0;21139456;0
0.0;21139456;0
0.0;21712896;0
0.0;21712896;0
0.0;21712896;0
0.0;21712896;0
0.0;21712896;0
0.0;21712896;0
0.0;21712896;0
0.0;21712896;0
0.0;21712896;0
0.0;21712896;0
0.0;21712896;0
0.0;21712896;0
0.0;21712896;0
0.0;21712896;0
0.0;21712896;0
0.0;21712896;0
0.0;21712896;0
0.0;21712896;0
0.0;21712896;0
0.0;21712896;0
0.0;21712896;0
0.0;21712896;0
0.0;21712896;0
0.0;21712896;0
0.0;21712896;0
0.0;21712896;0
0.0;21712896;0
0.0;21712896;0
0.0;21712896;0
0.0;21712896;0
0.0;21712896;0
0.0;21712896;0
0.0;21712896;0
0.0;21712896;0
0.0;21712896;0
0.0;21741568;0
0.0;21741568;0
0.0;21741568;0
0.0;21741568;0
0.0;21741568;0
0.0;21741568;0
0.0;21741568;0
0.0;21741568;0
0.0;21741568;0
0.0;21741568;0
0.0;21741568;0
0.0;21741568;0
0.0;21741568;0
0.0;21741568;0
0.0;21741568;0
0.0;21741568;0
0.0;21741568;0
0.0;21741568;0
0.0;21741568;0
0.0;21741568;0
0.0;21741568;0
0.0;21741568;0
0.0;21741568;0
0.0;21741568;0
0.0;21741568;0
0.0;21741568;0
0.0;21741568;0
0.0;21741568;0
0.0;21741568;0
0.0;21741568;0
0.0;21741568;0
0.0;21741568;0
0.0;21741568;0
0.0;21741568;0
0.0;21741568;0
0.0;22450176;0
0.0;22450176;0
0.0;22450176;0
0.0;22450176;0
0.0;22450176;0
0.0;22450176;0
0.0;22450176;0
0.0;22450176;0
0.0;22450176;0
0.0;22450176;0
0.0;22450176;0
0.0;22450176;0
0.0;22450176;0
0.0;22450176;0
0.0;22450176;0
0.0;22450176;0
0.0;22450176;0
0.0;22450176;0
0.0;22450176;0
0.0;22450176;0
0.0;22450176;0
0.0;22450176;0
0.0;22450176;0
0.0;22450176;0
0.0;22450176;0
0.0;22450176;0
0.0;22450176;0
0.0;22450176;0
0.0;22450176;0
0.0;22450176;0
0.0;22450176;0
0.0;22450176;0
0.0;22450176;0
0.0;22450176;0
0.0;22450176;0
0.0;22347776;0
0.0;22347776;0
0.0;22347776;0
0.0;22347776;0
0.0;22347776;0
0.0;22347776;0
0.0;22347776;0
0.0;22347776;0
0.0;22319104;0
0.0;22319104;0
0.0;22319104;0
0.0;22319104;0
0.0;22319104;0
0.0;22319104;0
0.0;22319104;0
0.0;22319104;0
0.0;22319104;0
0.0;22319104;0
0.0;22319104;0
0.0;22319104;0
0.0;22319104;0
0.0;22319104;0
0.0;22319104;0
0.0;22319104;0
0.0;22319104;0
0.0;22319104;0
0.0;22319104;0
0.0;22319104;0
0.0;22319104;0
0.0;22319104;0
0.0;22319104;0
0.0;22319104;0
0.0;22319104;0
0.0;22319104;0
0.0;22892544;0
0.0;22892544;0
0.0;22892544;0
0.0;22892544;0
0.0;22892544;0
0.0;22892544;0
0.0;22892544;0
0.0;22892544;0
0.0;22892544;0
0.0;22892544;0
0.0;22892544;0
0.0;22892544;0
0.0;22892544;0
0.0;22892544;0
