0.0;10485760;0
0.0;10485760;0
0.0;10485760;0
0.0;10485760;0
0.0;10485760;0
0.0;10485760;0
0.0;10485760;0
0.0;10485760;0
0.0;10485760;0
0.0;10485760;0
0.0;10485760;0
0.0;10485760;0
0.0;10485760;0
0.0;10485760;0
0.0;10485760;0
0.0;10485760;0
0.0;10485760;0
0.0;10485760;0
0.0;10485760;0
0.0;10485760;0
0.0;10485760;0
0.0;10485760;0
0.0;10485760;0
0.0;10485760;0
0.0;10485760;0
0.0;10485760;0
0.0;10485760;0
0.0;10485760;0
0.0;10485760;0
0.0;10485760;0
0.0;10485760;0
0.0;10485760;0
0.0;10485760;0
0.0;10485760;0
0.0;10485760;0
0.0;10485760;0
42.6;20512768;102
0.0;20480000;12
0.0;20480000;0
0.0;20480000;0
0.0;20480000;0
0.0;20480000;0
0.0;20480000;0
0.0;20480000;0
0.0;20480000;0
0.0;20480000;0
0.0;20480000;0
0.0;20480000;0
0.0;20480000;0
0.0;20480000;0
0.0;20480000;0
0.0;20480000;0
0.0;20480000;0
0.0;20480000;0
0.0;20480000;0
0.0;20480000;0
0.0;20480000;0
0.0;20480000;0
0.0;20480000;0
0.0;20480000;0
0.0;20480000;0
0.0;20480000;0
0.0;20480000;0
0.0;20480000;0
0.0;20480000;0
0.0;20480000;0
0.0;20480000;0
0.0;20480000;0
0.0;20480000;0
0.0;20480000;0
0.0;20480000;0
0.0;20480000;0
0.0;20480000;0
0.0;21151744;0
0.0;21151744;0
0.0;21151744;0
0.0;21151744;0
0.0;21151744;0
0.0;21151744;0
0.0;21151744;0
0.0;21151744;0
0.0;21151744;0
0.0;21151744;0
0.0;21151744;0
0.0;21151744;0
0.0;21151744;0
0.0;21151744;0
0.0;21151744;0
0.0;21151744;0
0.0;21151744;0
0.0;21151744;0
0.0;21151744;0
0.0;21151744;0
0.0;21151744;0
0.0;21151744;0
0.0;21151744;0
0.0;21151744;0
0.0;21151744;0
0.0;21151744;0
0.0;21151744;0
0.0;21151744;0
0.0;21151744;0
0.0;21151744;0
0.0;21151744;0
0.0;21151744;0
0.0;21151744;0
0.0;21151744;0
0.0;21151744;0
0.0;21151744;0
0.0;21151744;0
0.0;21286912;0
0.0;21286912;0
0.0;21286912;0
0.0;21286912;0
0.0;21286912;0
0.0;21286912;0
0.0;21286912;0
0.0;21286912;0
0.0;21286912;0
0.0;21286912;0
0.0;21286912;0
0.0;21286912;0
0.0;21286912;0
0.0;21286912;0
0.0;21286912;0
0.0;21286912;0
0.0;21286912;0
0.0;21286912;0
0.0;21286912;0
0.0;21286912;0
0.0;21286912;0
0.0;21286912;0
0.0;21286912;0
0.0;21286912;0
0.0;21286912;0
0.0;21286912;0
0.0;21286912;0
0.0;21286912;0
0.0;21286912;0
0.0;21286912;0
0.0;21286912;0
0.0;21286912;0
0.0;21286912;0
0.0;21286912;0
0.0;21286912;0
0.0;21286912;0
0.0;21819392;0
0.0;21819392;0
0.0;21819392;0
0.0;21819392;0
0.0;21819392;0
0.0;21819392;0
0.0;21819392;0
0.0;21819392;0
0.0;21819392;0
0.0;21819392;0
0.0;21819392;0
0.0;21819392;0
0.0;21819392;0
0.0;21819392;0
0.0;21819392;0
0.0;21819392;0
0.0;21819392;0
0.0;21819392;0
0.0;21819392;0
0.0;21819392;0
0.0;21819392;0
0.0;21819392;0
0.0;21819392;0
0.0;21819392;0
0.0;21819392;0
0.0;21819392;0
0.0;21819392;0
0.0;21819392;0
0.0;21819392;0
0.0;21819392;0
0.0;21819392;0
0.0;21819392;0
0.0;21819392;0
0.0;21819392;0
0.0;21819392;0
0.0;21721088;0
0.0;21721088;0
0.0;21721088;0
0.0;21721088;0
0.0;21721088;0
0.0;21721088;0
0.0;21721088;0
0.0;21721088;0
0.0;21721088;0
0.0;21721088;0
0.0;21721088;0
0.0;21721088;0
0.0;21721088;0
0.0;21721088;0
0.0;21721088;0
0.0;21721088;0
0.0;21721088;0
0.0;21721088;0
0.0;21721088;0
0.0;21721088;0
0.0;21721088;0
0.0;21721088;0
0.0;21721088;0
0.0;21721088;0
0.0;21721088;0
0.0;21721088;0
0.0;21721088;0
0.0;21721088;0
0.0;21721088;0
0.0;21721088;0
0.0;21721088;0
0.0;21721088;0
0.0;21721088;0
0.0;21721088;0
0.0;21721088;0
0.0;21721088;0
0.0;22425600;0
0.0;22425600;0
0.0;22425600;0
0.0;22425600;0
0.0;22425600;0
0.0;22425600;0
0.0;22425600;0
0.0;22425600;0
0.0;22425600;0
0.0;22425600;0
0.0;22425600;0
0.0;22425600;0
0.0;22425600;0
0.0;22425600;0
0.0;22425600;0
0.0;22425600;0
0.0;22425600;0
0.0;22425600;0
0.0;22425600;0
0.0;22425600;0
0.0;22425600;0
0.0;22425600;0
0.0;22425600;0
0.0;22425600;0
0.0;22425600;0
0.0;22425600;0
0.0;22425600;0
0.0;22425600;0
0.0;22425600;0
0.0;22425600;0
0.0;22425600;0
0.0;22425600;0
0.0;22425600;0
0.0;22425600;0
0.0;22327296;0
0.0;22327296;0
0.0;22327296;0
0.0;22327296;0
0.0;22327296;0
0.0;22327296;0
0.0;22327296;0
0.0;22327296;0
0.0;22327296;0
0.0;22306816;0
0.0;22306816;0
0.0;22306816;0
0.0;22306816;0
0.0;22306816;0
0.0;22306816;0
0.0;22306816;0
0.0;22306816;0
0.0;22306816;0
0.0;22306816;0
0.0;22306816;0
0.0;22306816;0
0.0;22306816;0
0.0;22306816;0
0.0;22306816;0
0.0;22306816;0
0.0;22306816;0
0.0;22306816;0
0.0;22306816;0
0.0;22306816;0
0.0;22306816;0
0.0;22306816;0
0.0;22306816;0
0.0;22306816;0
0.0;22306816;0
0.0;22880256;0
0.0;22880256;0
0.0;22880256;0
0.0;22880256;0
0.0;22880256;0
0.0;22880256;0
0.0;22880256;0
0.0;22880256;0
0.0;22880256;0
0.0;22880256;0
0.0;22880256;0
0.0;22880256;0
0.0;22880256;0
0.0;22880256;0
0.0;22880256;0
