7.2;5.4;0.5;0.0;584.0


8.3;129.0;7.6;0.0;584.0


6.0;95.0;7.7;0.0;584.0


1.0;81.8;8.0;0.0;584.0


0.0;0.3;0.0;0.0;584.0


8.3;27.8;1.1;0.0;584.0


8.4;0.3;0.0;7.0;759.0


8.3;0.0;0.0;5.0;907.0


8.3;0.0;0.0;5.0;1041.0


8.3;0.2;0.0;4.0;1151.0


8.3;0.0;0.0;4.0;1329.0


8.3;70.2;67.7;2.0;1431.0


8.3;84.8;353.6;21.0;2115.0


37.9;0.0;0.0;73.0;2115.0


0.0;0.1;0.0;0.0;2115.0


0.0;0.3;0.0;0.0;2115.0


7.2;1230.8;53.9;0.0;2115.0


8.4;260.2;11.6;0.0;2115.0


8.3;0.0;0.0;0.0;2115.0


8.4;0.0;0.0;0.0;2115.0


8.3;0.0;0.0;0.0;2115.0


8.4;0.0;0.0;0.0;2115.0


8.3;0.0;0.0;0.0;2115.0


8.4;0.0;0.0;0.0;2115.0


8.4;0.0;0.0;0.0;2115.0


8.3;0.0;0.0;0.0;2115.0


8.3;0.0;0.0;0.0;2115.0


8.3;0.0;0.0;0.0;2115.0


8.3;0.0;0.0;0.0;2115.0


8.4;0.0;0.0;0.0;2115.0


8.3;0.0;0.0;0.0;2115.0


8.4;0.0;0.0;0.0;2115.0


8.3;0.0;0.0;0.0;2115.0


8.4;0.0;0.0;0.0;2115.0


8.4;0.0;0.0;0.0;2115.0


8.4;0.0;0.0;0.0;2115.0


8.4;0.0;0.0;0.0;2115.0


7.1;0.1;0.0;0.0;2115.0


0.0;0.3;0.0;0.0;2115.0


4.7;234.2;10.0;0.0;2115.0


9.7;1256.8;55.2;0.0;2115.0


8.3;1.0;0.3;0.0;2115.0


8.3;0.0;0.0;0.0;2115.0


8.3;0.0;0.0;0.0;2115.0


8.3;0.0;0.0;0.0;2115.0


8.3;0.0;0.0;0.0;2115.0


8.4;0.0;0.0;0.0;2115.0


8.3;0.0;0.0;0.0;2115.0


8.4;0.0;0.0;0.0;2115.0


8.3;0.0;0.0;0.0;2115.0


8.4;0.0;0.0;0.0;2115.0


8.3;0.0;0.0;0.0;2115.0


8.4;0.0;0.0;0.0;2115.0


8.4;0.0;0.0;0.0;2115.0


8.3;0.0;0.0;0.0;2115.0


8.4;0.0;0.0;0.0;2115.0


8.3;0.0;0.0;0.0;2115.0


8.3;0.0;0.0;0.0;2115.0


8.3;0.0;0.0;0.0;2115.0


8.4;0.0;0.0;0.0;2115.0


8.4;0.0;0.0;0.0;2115.0


8.3;1.0;0.3;0.0;2115.0


8.3;0.0;0.0;0.0;2115.0


8.3;0.0;0.0;0.0;2115.0


8.3;0.0;0.0;0.0;2115.0


8.4;0.0;0.0;0.0;2115.0


8.3;0.0;0.0;0.0;2115.0


8.4;0.0;0.0;0.0;2115.0


8.3;0.0;0.0;0.0;2115.0


8.4;0.0;0.0;0.0;2115.0


8.4;0.0;0.0;0.0;2115.0


8.4;0.0;0.0;0.0;2115.0


8.4;0.2;0.0;41.0;2741.0


32.0;0.0;0.0;42.0;2741.0


8.4;0.0;0.0;47.0;2741.0


8.3;0.0;0.0;46.0;2741.0


8.3;0.0;0.0;46.0;2741.0


8.3;0.0;0.0;44.0;2741.0


8.3;0.0;0.0;44.0;2741.0


8.3;0.0;0.0;47.0;2741.0


8.3;0.0;0.0;47.0;2741.0


8.3;0.0;0.0;47.0;2741.0


8.4;0.0;0.0;48.0;2741.0


8.3;0.0;0.0;47.0;2741.0


8.4;0.0;0.0;47.0;2743.0


0.0;3.7;0.3;0.0;2743.0


0.0;0.3;0.0;0.0;2743.0


10.4;908.2;39.6;0.0;2743.0


8.4;583.4;25.6;0.0;2743.0


8.4;0.9;0.3;0.0;2743.0


8.3;0.0;0.0;0.0;2743.0


8.4;0.0;0.0;0.0;2743.0


8.3;0.0;0.0;0.0;2743.0


8.3;0.0;0.0;0.0;2743.0


8.3;0.0;0.0;0.0;2743.0


8.4;0.0;0.0;0.0;2743.0


8.4;0.0;0.0;0.0;2743.0


8.3;0.0;0.0;0.0;2743.0


8.3;0.0;0.0;0.0;2743.0


8.3;0.0;0.0;0.0;2743.0


8.3;0.0;0.0;0.0;2743.0


8.4;0.0;0.0;0.0;2743.0


8.3;0.0;0.0;0.0;2743.0


8.4;0.0;0.0;0.0;2743.0


8.4;0.0;0.0;0.0;2743.0


8.4;0.0;0.0;0.0;2743.0


8.4;0.0;0.0;0.0;2743.0


8.4;0.0;0.0;0.0;2743.0


8.4;0.0;0.0;0.0;2743.0


0.0;0.1;0.0;0.0;2743.0


0.0;0.3;0.0;0.0;2743.0


11.8;935.3;40.8;0.0;2743.0


8.3;557.2;24.7;0.0;2743.0


8.4;0.0;0.0;0.0;2743.0


8.3;0.0;0.0;0.0;2743.0


8.4;0.0;0.0;0.0;2743.0


8.3;0.0;0.0;0.0;2743.0


8.3;0.0;0.0;0.0;2743.0


8.4;0.0;0.0;0.0;2743.0


8.3;0.0;0.0;0.0;2743.0


8.4;0.0;0.0;0.0;2743.0


8.3;0.0;0.0;0.0;2743.0


8.4;0.0;0.0;0.0;2743.0


8.3;0.0;0.0;0.0;2743.0


8.3;0.0;0.0;0.0;2743.0


8.4;0.0;0.0;0.0;2743.0


8.3;0.0;0.0;0.0;2743.0


8.4;0.0;0.0;0.0;2743.0


8.4;0.0;0.0;1.0;2743.0


8.3;0.0;0.0;0.0;2743.0


8.3;0.0;0.0;0.0;2743.0


8.4;0.0;0.0;0.0;2743.0


8.4;0.0;0.0;1.0;2743.0


8.3;1.0;0.3;1.0;2743.0


8.3;0.0;0.0;0.0;2743.0


8.3;0.0;0.0;0.0;2743.0


8.3;0.0;0.0;0.0;2743.0


8.4;0.0;0.0;0.0;2743.0


8.3;0.0;0.0;0.0;2743.0


8.4;0.0;0.0;0.0;2743.0


8.4;0.0;0.0;0.0;2743.0


8.4;0.0;0.0;0.0;2743.0


8.4;0.0;0.0;0.0;2743.0


8.4;0.0;0.0;16.0;2743.0


8.4;0.0;0.0;40.0;2747.0


50.2;0.0;0.0;48.0;3367.0


8.3;0.0;0.0;47.0;3367.0


8.3;0.0;0.0;47.0;3367.0


8.3;0.0;0.0;47.0;3367.0


8.4;0.0;0.0;47.0;3367.0


8.3;0.0;0.0;48.0;3367.0


8.4;0.0;0.0;47.0;3367.0


8.3;0.0;0.0;48.0;3367.0


8.4;0.0;0.0;48.0;3367.0


8.4;0.0;0.0;48.0;3367.0


8.3;0.0;0.0;47.0;3367.0


8.4;0.0;0.0;46.0;3367.0


2.8;3.7;0.3;18.0;3367.0


0.0;0.3;0.0;0.0;3367.0


7.3;231.6;9.9;0.0;3367.0


8.3;1260.0;55.3;0.0;3367.0


8.4;1.0;0.3;0.0;3367.0


8.3;0.0;0.0;0.0;3367.0


8.3;0.0;0.0;0.0;3367.0


8.3;0.0;0.0;0.0;3367.0


8.3;0.0;0.0;0.0;3367.0


8.3;0.0;0.0;0.0;3367.0


8.3;0.0;0.0;0.0;3367.0


8.4;0.0;0.0;0.0;3367.0


8.3;0.0;0.0;0.0;3367.0


8.3;0.0;0.0;0.0;3367.0


8.3;0.0;0.0;0.0;3367.0


8.3;0.0;0.0;0.0;3367.0


8.4;0.0;0.0;0.0;3367.0


8.3;0.0;0.0;0.0;3367.0


8.4;0.0;0.0;0.0;3367.0


8.4;0.0;0.0;0.0;3367.0


8.4;0.0;0.0;0.0;3367.0


8.4;0.0;0.0;0.0;3367.0


8.4;0.0;0.0;0.0;3367.0


8.4;0.0;0.0;0.0;3367.0


0.0;0.1;0.0;0.0;3367.0


0.0;0.3;0.0;0.0;3367.0


9.5;581.5;25.3;0.0;3367.0


8.3;909.5;39.9;0.0;3367.0


8.4;1.0;0.3;0.0;3367.0


8.3;0.0;0.0;0.0;3367.0


8.4;0.0;0.0;0.0;3367.0


8.3;0.0;0.0;0.0;3367.0


8.3;0.0;0.0;0.0;3367.0


8.4;0.0;0.0;0.0;3367.0


8.3;0.0;0.0;0.0;3367.0


8.4;0.0;0.0;0.0;3367.0


8.4;0.0;0.0;0.0;3367.0


8.4;0.0;0.0;0.0;3367.0


8.3;0.0;0.0;0.0;3367.0


8.3;0.0;0.0;0.0;3367.0


8.4;0.0;0.0;0.0;3367.0


8.3;0.0;0.0;0.0;3367.0


8.3;0.0;0.0;0.0;3367.0


8.3;0.0;0.0;0.0;3367.0


8.3;0.0;0.0;0.0;3367.0


8.4;0.0;0.0;0.0;3367.0


8.3;0.0;0.0;0.0;3367.0


8.3;0.0;0.0;0.0;3367.0


8.3;1.0;0.3;0.0;3367.0


8.3;0.0;0.0;0.0;3367.0


8.3;0.0;0.0;0.0;3367.0


8.3;0.0;0.0;0.0;3367.0


8.4;0.0;0.0;0.0;3367.0


8.3;0.0;0.0;0.0;3367.0


8.4;0.0;0.0;0.0;3367.0


8.4;0.0;0.0;0.0;3367.0


8.3;0.0;0.0;0.0;3367.0


8.4;0.0;0.0;0.0;3367.0


21.5;0.0;0.0;13.0;3367.0


8.4;0.0;0.0;42.0;3367.0


8.3;0.0;0.0;47.0;3367.0


8.3;0.0;0.0;47.0;3367.0


8.3;0.0;0.0;47.0;3367.0


8.3;0.0;0.0;47.0;3367.0


8.4;0.0;0.0;48.0;3367.0


8.3;0.0;0.0;47.0;3367.0


8.4;0.0;0.0;48.0;3367.0


8.3;0.0;0.0;48.0;3367.0


8.3;0.0;0.0;47.0;3367.0


8.4;0.0;0.0;48.0;3367.0


8.3;0.0;0.0;47.0;3367.0


8.4;0.0;0.0;44.0;3367.0


0.0;3.7;0.3;0.0;3367.0


0.0;0.3;0.0;0.0;3367.0


9.6;1258.9;55.0;0.0;3367.0


8.3;233.7;10.5;0.0;3367.0


8.4;0.0;0.0;0.0;3367.0


8.3;0.0;0.0;0.0;3367.0


8.3;0.0;0.0;0.0;3367.0


8.3;0.0;0.0;0.0;3367.0


8.3;0.0;0.0;0.0;3367.0


8.4;0.0;0.0;0.0;3367.0


8.3;0.0;0.0;0.0;3367.0


8.3;0.0;0.0;0.0;3367.0


8.3;0.0;0.0;0.0;3367.0


8.3;0.0;0.0;0.0;3367.0


8.3;0.0;0.0;0.0;3367.0


8.3;0.0;0.0;0.0;3367.0


8.4;0.0;0.0;0.0;3367.0


8.3;0.0;0.0;0.0;3367.0


8.4;0.0;0.0;0.0;3367.0


8.3;0.0;0.0;0.0;3367.0


8.3;0.0;0.0;1.0;3367.0


8.4;0.0;0.0;0.0;3367.0


8.4;0.0;0.0;0.0;3367.0


8.4;0.1;0.0;0.0;3367.0


0.0;0.3;0.0;0.0;3367.0


4.2;181.4;7.7;1.0;3367.0


8.3;1311.0;57.6;1.0;3367.0


8.3;1.0;0.3;0.0;3367.0


8.4;0.0;0.0;0.0;3367.0


8.3;0.0;0.0;0.0;3367.0


8.4;0.0;0.0;1.0;3367.0


8.4;0.0;0.0;1.0;3367.0


8.3;0.0;0.0;1.0;3367.0


8.4;0.0;0.0;0.0;3367.0


8.3;0.0;0.0;0.0;3367.0


8.4;0.0;0.0;0.0;3367.0


8.4;0.0;0.0;1.0;3367.0


8.4;0.0;0.0;1.0;3367.0


8.4;0.0;0.0;0.0;3367.0


8.3;0.0;0.0;0.0;3367.0


8.4;0.0;0.0;0.0;3367.0


8.3;0.0;0.0;0.0;3367.0


8.4;0.0;0.0;1.0;3367.0


8.3;0.0;0.0;0.0;3367.0


8.3;0.0;0.0;0.0;3367.0


8.4;0.0;0.0;0.0;3367.0


8.3;0.0;0.0;0.0;3367.0


8.3;1.0;0.3;1.0;3367.0


8.3;0.0;0.0;1.0;3367.0


8.3;0.0;0.0;0.0;3367.0


8.3;0.0;0.0;0.0;3367.0


8.3;0.0;0.0;0.0;3367.0


8.4;0.0;0.0;1.0;3367.0


8.3;0.0;0.0;1.0;3367.0


8.3;0.0;0.0;1.0;3367.0


8.4;0.0;0.0;0.0;3367.0


8.3;0.0;0.0;0.0;3367.0


8.4;0.0;0.0;1.0;3367.0


8.4;0.0;0.0;44.0;3367.0


44.8;0.0;0.0;37.0;3367.0


8.3;0.0;0.0;47.0;3367.0


8.3;0.0;0.0;47.0;3367.0


8.3;0.0;0.0;47.0;3367.0


8.3;0.0;0.0;47.0;3367.0


8.4;0.0;0.0;47.0;3367.0


8.3;0.0;0.0;46.0;3367.0


8.4;0.0;0.0;46.0;3367.0


8.4;0.0;0.0;47.0;3367.0


8.3;0.0;0.0;46.0;3367.0


8.4;0.0;0.0;46.0;3367.0


8.3;0.0;0.0;47.0;3367.0


