8.4;1.2;0.1;0.0;584.0


8.3;129.0;7.6;0.0;584.0


8.3;93.0;7.4;0.0;584.0


2.1;83.8;8.3;0.0;584.0


0.0;0.3;0.0;0.0;584.0


4.2;26.1;1.0;0.0;584.0


8.3;2.3;0.2;0.0;733.0


8.3;0.0;0.0;8.0;869.0


8.4;0.0;0.0;4.0;1001.0


8.3;0.0;0.0;5.0;1129.0


8.4;0.2;0.0;5.0;1287.0


8.4;70.2;67.7;7.0;1389.0


8.3;84.8;353.6;28.0;1959.0


4.7;0.1;0.0;62.0;1959.0


0.0;0.3;0.0;0.0;1959.0


4.7;228.1;9.8;0.0;1959.0


7.1;1263.5;55.5;0.0;1959.0


8.4;1.0;0.3;0.0;1959.0


8.3;0.0;0.0;0.0;1959.0


8.4;0.0;0.0;0.0;1959.0


8.4;0.0;0.0;0.0;1959.0


8.3;0.0;0.0;0.0;1959.0


8.4;0.0;0.0;0.0;1959.0


8.3;0.0;0.0;0.0;1959.0


8.4;0.0;0.0;0.0;1959.0


8.4;0.0;0.0;0.0;1959.0


8.4;0.0;0.0;0.0;1959.0


8.4;0.0;0.0;0.0;1959.0


8.3;0.0;0.0;0.0;1959.0


8.4;0.0;0.0;0.0;1959.0


8.3;0.0;0.0;0.0;1959.0


8.4;0.0;0.0;0.0;1959.0


8.3;0.0;0.0;0.0;1959.0


8.3;0.0;0.0;0.0;1959.0


8.4;0.0;0.0;0.0;1959.0


8.3;0.0;0.0;0.0;1959.0


8.3;0.0;0.0;0.0;1959.0


0.0;0.1;0.0;0.0;1959.0


0.0;0.3;0.0;0.0;1959.0


9.4;571.2;24.8;0.0;1959.0


8.3;921.3;40.5;0.0;1959.0


8.4;1.0;0.3;0.0;1959.0


8.4;0.0;0.0;0.0;1959.0


8.3;0.0;0.0;0.0;1959.0


8.4;0.0;0.0;0.0;1959.0


8.3;0.0;0.0;0.0;1959.0


8.4;0.0;0.0;0.0;1959.0


8.3;0.0;0.0;0.0;1959.0


8.4;0.0;0.0;0.0;1959.0


8.3;0.0;0.0;0.0;1959.0


8.3;0.0;0.0;0.0;1959.0


8.3;0.0;0.0;0.0;1959.0


8.3;0.0;0.0;0.0;1959.0


8.3;0.0;0.0;0.0;1959.0


8.3;0.0;0.0;0.0;1959.0


8.4;0.0;0.0;0.0;1959.0


8.4;0.0;0.0;0.0;1959.0


8.3;0.0;0.0;0.0;1959.0


8.4;0.0;0.0;0.0;1959.0


8.3;0.0;0.0;0.0;1959.0


8.4;0.0;0.0;0.0;1959.0


8.4;1.0;0.3;0.0;1959.0


8.3;0.0;0.0;0.0;1959.0


8.4;0.0;0.0;0.0;1959.0


8.3;0.0;0.0;0.0;1959.0


8.4;0.0;0.0;0.0;1963.0


8.3;0.0;0.0;4.0;2014.0


8.4;0.0;0.0;0.0;2008.0


8.3;0.0;0.0;0.0;2008.0


8.3;0.0;0.0;0.0;2008.0


8.4;0.0;0.0;0.0;2008.0


8.3;0.2;0.0;49.0;2104.0


8.3;0.0;0.0;31.0;2733.0


8.3;0.0;0.0;46.0;2733.0


8.3;0.0;0.0;46.0;2748.0


8.4;0.0;0.0;46.0;2793.0


8.3;0.0;0.0;47.0;2784.0


8.4;0.0;0.0;46.0;2791.0


8.4;0.0;0.0;48.0;2793.0


8.3;0.0;0.0;48.0;2810.0


8.4;0.0;0.0;49.0;2795.0


8.3;0.0;0.0;46.0;2795.0


7.2;0.0;0.0;46.0;2795.0


8.3;0.0;0.0;47.0;2795.0


8.3;0.0;0.0;46.0;2795.0


0.0;3.7;0.3;0.0;2797.0


0.0;0.3;0.0;0.0;2797.0


9.5;563.0;24.5;0.0;2795.0


8.3;927.4;40.7;0.0;2795.0


8.3;1.0;0.3;0.0;2795.0


8.3;0.0;0.0;0.0;2795.0


8.4;0.0;0.0;0.0;2795.0


8.4;0.0;0.0;0.0;2795.0


8.3;0.0;0.0;0.0;2795.0


8.4;0.0;0.0;0.0;2795.0


8.3;0.0;0.0;0.0;2795.0


8.4;0.0;0.0;0.0;2795.0


8.4;0.0;0.0;0.0;2795.0


8.3;0.0;0.0;0.0;2795.0


8.4;0.0;0.0;0.0;2795.0


8.3;0.0;0.0;0.0;2795.0


8.4;0.0;0.0;0.0;2795.0


8.3;0.0;0.0;0.0;2795.0


8.4;0.0;0.0;0.0;2795.0


8.3;0.0;0.0;0.0;2795.0


8.3;0.0;0.0;0.0;2795.0


8.4;0.0;0.0;0.0;2795.0


8.3;0.0;0.0;0.0;2795.0


8.3;0.0;0.0;0.0;2795.0


0.0;0.1;0.0;9.0;2795.0


0.0;0.3;0.0;1.0;2795.0


8.4;564.6;24.5;0.0;2795.0


8.3;927.0;40.7;0.0;2795.0


8.4;1.0;0.3;0.0;2795.0


8.4;0.0;0.0;0.0;2795.0


8.4;0.0;0.0;0.0;2795.0


8.4;0.0;0.0;0.0;2795.0


8.3;0.0;0.0;0.0;2795.0


8.4;0.0;0.0;0.0;2795.0


8.3;0.0;0.0;0.0;2795.0


8.3;0.0;0.0;0.0;2795.0


8.3;0.0;0.0;0.0;2795.0


8.3;0.0;0.0;0.0;2795.0


8.3;0.0;0.0;0.0;2795.0


8.3;0.0;0.0;0.0;2795.0


8.3;0.0;0.0;0.0;2795.0


8.3;0.0;0.0;0.0;2795.0


8.3;0.0;0.0;0.0;2795.0


8.3;0.0;0.0;0.0;2795.0


8.3;0.0;0.0;0.0;2795.0


8.4;0.0;0.0;0.0;2795.0


8.3;0.0;0.0;0.0;2795.0


8.4;0.0;0.0;0.0;2795.0


8.4;1.0;0.3;0.0;2795.0


8.3;0.0;0.0;0.0;2795.0


8.4;0.0;0.0;0.0;2795.0


8.3;0.0;0.0;0.0;2795.0


8.4;0.0;0.0;0.0;2795.0


8.3;0.0;0.0;0.0;2795.0


8.4;0.0;0.0;0.0;2795.0


8.3;0.0;0.0;0.0;2795.0


8.3;0.0;0.0;0.0;2795.0


8.3;0.0;0.0;0.0;2795.0


8.3;0.0;0.0;22.0;2799.0


8.4;0.0;0.0;52.0;2806.0


38.2;0.0;0.0;44.0;2806.0


8.3;0.0;0.0;47.0;2806.0


8.4;0.0;0.0;45.0;2806.0


8.3;0.0;0.0;46.0;2806.0


8.4;0.0;0.0;46.0;2806.0


8.3;0.0;0.0;45.0;2806.0


8.4;0.0;0.0;46.0;2805.0


8.4;0.0;0.0;46.0;2805.0


8.3;0.0;0.0;46.0;2805.0


8.4;0.0;0.0;46.0;2806.0


8.3;0.0;0.0;45.0;2806.0


8.3;0.0;0.0;46.0;2806.0


8.3;0.0;0.0;32.0;2806.0


0.0;3.7;0.3;0.0;2813.0


0.0;0.3;0.0;4.0;2805.0


8.3;1206.5;52.7;8.0;2805.0


8.4;286.9;12.8;1.0;2805.0


8.4;0.0;0.0;0.0;2805.0


8.3;0.0;0.0;0.0;2805.0


8.4;0.0;0.0;0.0;2805.0


8.3;0.0;0.0;1.0;2818.0


8.4;0.0;0.0;0.0;2818.0


8.3;0.0;0.0;2.0;2821.0


8.4;0.0;0.0;0.0;2817.0


8.4;0.0;0.0;0.0;2817.0


8.3;0.0;0.0;0.0;2817.0


8.4;0.0;0.0;0.0;2817.0


8.3;0.0;0.0;0.0;2817.0


8.3;0.0;0.0;0.0;2823.0


8.3;0.0;0.0;0.0;2823.0


8.4;0.0;0.0;0.0;2823.0


8.4;0.0;0.0;0.0;2823.0


8.3;0.0;0.0;0.0;2830.0


8.3;0.0;0.0;2.0;2838.0


8.3;0.0;0.0;3.0;2839.0


8.3;0.0;0.0;3.0;2862.0


7.2;0.0;0.0;4.0;2865.0


0.0;0.1;0.0;2.0;2868.0


0.0;0.3;0.0;4.0;2870.0


9.7;1145.2;50.2;3.0;2873.0


8.4;344.9;15.4;1.0;2876.0


8.4;0.0;0.0;0.0;2876.0


8.4;0.0;0.0;0.0;2876.0


8.4;0.0;0.0;0.0;2876.0


8.3;0.0;0.0;2.0;2876.0


8.4;0.0;0.0;2.0;2872.0


8.3;0.0;0.0;1.0;2870.0


8.3;0.0;0.0;0.0;2870.0


8.4;0.0;0.0;0.0;2870.0


8.3;0.0;0.0;0.0;2870.0


8.4;0.0;0.0;0.0;2870.0


8.3;0.0;0.0;0.0;2869.0


8.3;0.0;0.0;0.0;2869.0


8.4;0.0;0.0;3.0;2862.0


8.3;0.0;0.0;1.0;2863.0


8.4;0.0;0.0;3.0;2863.0


8.3;0.0;0.0;1.0;2863.0


8.4;0.0;0.0;0.0;2863.0


8.3;0.0;0.0;0.0;2863.0


8.3;0.0;0.0;0.0;2863.0


8.4;0.0;0.0;0.0;2863.0


8.3;1.0;0.3;2.0;2860.0


8.3;0.0;0.0;0.0;2860.0


8.3;0.0;0.0;0.0;2860.0


8.3;0.0;0.0;0.0;2860.0


8.3;0.0;0.0;0.0;2860.0


8.4;0.0;0.0;0.0;2860.0


8.4;0.0;0.0;0.0;2860.0


8.3;0.0;0.0;0.0;2860.0


8.3;0.0;0.0;0.0;2847.0


8.3;0.0;0.0;0.0;2841.0


8.3;0.0;0.0;52.0;2841.0


50.2;0.0;0.0;40.0;2841.0


8.3;0.0;0.0;46.0;2841.0


8.4;0.0;0.0;46.0;2841.0


8.4;0.0;0.0;46.0;2841.0


8.4;0.0;0.0;46.0;2837.0


8.4;0.0;0.0;46.0;2837.0


8.4;0.0;0.0;46.0;2837.0


8.4;0.0;0.0;45.0;2837.0


8.3;0.0;0.0;46.0;2837.0


8.4;0.0;0.0;45.0;2837.0


8.3;0.0;0.0;46.0;2837.0


8.3;0.0;0.0;50.0;2840.0


8.4;3.7;0.3;37.0;2840.0


0.0;0.3;0.0;0.0;2840.0


4.8;232.1;9.9;0.0;2840.0


9.7;1259.2;55.3;0.0;2840.0


8.3;1.0;0.3;0.0;2840.0


8.4;0.0;0.0;0.0;2840.0


8.3;0.0;0.0;0.0;2840.0


8.4;0.0;0.0;0.0;2840.0


8.3;0.0;0.0;0.0;2840.0


8.4;0.0;0.0;0.0;2840.0


8.3;0.0;0.0;0.0;2840.0


8.3;0.0;0.0;0.0;2840.0


8.4;0.0;0.0;0.0;2840.0


8.3;0.0;0.0;0.0;2840.0


8.3;0.0;0.0;0.0;2840.0


8.3;0.0;0.0;0.0;2840.0


8.3;0.0;0.0;0.0;2840.0


8.3;0.0;0.0;0.0;2840.0


8.3;0.0;0.0;0.0;2840.0


8.4;0.0;0.0;0.0;2840.0


8.3;0.0;0.0;0.0;2840.0


8.3;0.0;0.0;0.0;2840.0


8.3;0.0;0.0;0.0;2840.0


8.3;0.0;0.0;0.0;2840.0


0.0;0.1;0.0;0.0;2840.0


0.0;0.3;0.0;0.0;2840.0


8.4;576.5;25.0;0.0;2840.0


8.3;915.5;40.2;0.0;2840.0


8.4;1.0;0.3;0.0;2840.0


8.4;0.0;0.0;0.0;2840.0


8.4;0.0;0.0;0.0;2840.0


8.4;0.0;0.0;0.0;2840.0


8.3;0.0;0.0;0.0;2840.0


8.3;0.0;0.0;0.0;2840.0


8.3;0.0;0.0;0.0;2840.0


8.3;0.0;0.0;0.0;2840.0


8.4;0.0;0.0;12.0;2832.0


8.3;0.0;0.0;0.0;2839.0


8.4;0.0;0.0;5.0;2839.0


8.3;0.0;0.0;5.0;2841.0


8.4;0.0;0.0;5.0;2859.0


8.3;0.0;0.0;5.0;2911.0


8.3;0.0;0.0;2.0;2919.0


8.4;0.0;0.0;0.0;2919.0


8.3;0.0;0.0;0.0;2919.0


8.4;0.0;0.0;0.0;2919.0


8.3;0.0;0.0;0.0;2925.0


8.3;0.0;0.0;0.0;2930.0


8.4;1.0;0.3;0.0;2931.0


8.3;0.0;0.0;6.0;2945.0


8.3;0.0;0.0;3.0;2949.0


8.3;0.0;0.0;3.0;2949.0


8.3;0.0;0.0;0.0;2949.0


8.3;0.0;0.0;1.0;2929.0


8.3;0.0;0.0;0.0;2929.0


8.4;0.0;0.0;0.0;2929.0


8.3;0.0;0.0;2.0;2923.0


8.4;0.0;0.0;9.0;2928.0


8.3;0.0;0.0;22.0;2951.0


8.3;0.0;0.0;99.0;2953.0


8.4;0.0;0.0;43.0;2953.0


14.2;0.0;0.0;45.0;2953.0


8.4;0.0;0.0;47.0;2944.0


8.4;0.0;0.0;49.0;2939.0


8.3;0.0;0.0;51.0;2958.0


8.4;0.0;0.0;44.0;2958.0


8.4;0.0;0.0;47.0;2957.0


8.4;0.0;0.0;47.0;2957.0


8.3;0.0;0.0;50.0;2944.0


8.3;0.0;0.0;54.0;2949.0


8.3;0.0;0.0;52.0;2937.0


