239.7;319655936;323
109.8;404459520;1046
99.8;501059584;953
119.8;550998016;1164
109.8;550998016;1486
119.8;551432192;1500
99.9;555495424;1492
99.8;555495424;1541
109.8;555495424;1453
99.8;555495424;1521
99.9;555495424;1524
109.8;555495424;1497
99.8;555495424;1546
99.8;632696832;1116
109.8;733360128;995
99.9;835727360;1010
99.8;938094592;1012
109.8;1030893568;1067
99.8;1030893568;1527
99.9;1030893568;1537
109.8;1030893568;1522
99.8;1030893568;1554
109.8;1031548928;152
99.8;1031548928;0
149.7;1031680000;1
563.3;1035317248;4
793.8;1035341824;3
789.8;1061163008;4
803.9;1062342656;1
799.0;1073876992;3
788.4;1073876992;2
785.2;1074008064;4
788.6;1074139136;2
804.2;1074139136;3
694.8;1074139136;2
688.8;1194070016;2
698.8;1595805696;0
329.4;1634209792;9
99.8;1634209792;0
119.8;1634209792;0
389.3;1634865152;1
558.6;1634865152;0
499.0;1634865152;0
686.3;1634865152;2
788.9;1634865152;0
792.9;1634865152;1
797.0;1634865152;0
746.7;1634865152;0
708.9;1634865152;0
698.8;1634865152;0
688.6;1634865152;3
158.9;1635389440;7
99.5;1635389440;0
159.8;1635520512;0
562.5;1635913728;1
599.1;1635913728;0
717.9;1635913728;0
805.6;1635913728;0
788.8;1635913728;0
801.5;1635913728;0
788.8;1635913728;0
778.1;1635913728;0
697.8;1636044800;0
608.5;1636044800;0
297.1;1636175872;8
99.8;1636175872;0
129.8;1636175872;0
489.2;1636962304;2
718.7;1636962304;0
734.2;1636962304;0
793.9;1636962304;0
788.6;1636962304;0
798.4;1636962304;0
780.7;1636962304;0
698.5;1636962304;0
598.7;1636962304;0
548.8;1636962304;0
449.2;1637617664;7
99.2;1637748736;4
99.8;1637748736;0
189.7;1638010880;0
608.9;1638535168;2
559.6;1638535168;1
791.2;1639714816;2
789.4;1644040192;0
798.5;1644040192;0
807.4;1644040192;0
743.9;1644040192;2
578.6;1644040192;0
508.8;1644040192;0
439.2;1644040192;0
219.5;1644302336;5
99.9;1644433408;2
99.8;1644433408;0
169.7;1644564480;0
596.3;1645219840;0
698.3;1645219840;0
700.7;1645219840;0
810.2;1645219840;0
775.0;1645219840;3
518.5;1645219840;0
638.6;1645219840;0
698.3;1645219840;0
668.3;1645219840;0
489.0;1645219840;0
588.7;1645350912;5
99.8;1645350912;2
99.8;1645350912;0
199.7;1645481984;0
696.1;1645875200;1
608.7;1645875200;1
696.7;1645875200;0
685.2;1645875200;1
618.5;1645875200;0
598.6;1645875200;0
598.7;1645875200;0
598.7;1645875200;0
508.8;1645875200;0
498.8;1645875200;0
329.2;1645875200;0
109.8;1646137344;7
99.8;1646137344;0
179.7;1646268416;0
529.1;1646923776;1
699.3;1646923776;0
797.4;1646923776;0
803.1;1646923776;0
794.9;1646923776;0
798.4;1646923776;0
770.3;1646923776;0
708.9;1646923776;0
668.6;1646923776;0
668.4;1646923776;0
149.6;1647448064;10
99.8;1647448064;0
139.8;1647579136;0
409.1;1648234496;1
669.0;1648234496;0
762.0;1648234496;2
783.0;1652559872;0
778.8;1652559872;0
429.1;1652559872;2
389.2;1652559872;0
299.4;1652559872;0
299.3;1652559872;0
299.4;1652559872;0
299.5;1652559872;0
309.4;1652559872;0
299.2;1652559872;0
159.6;1652559872;6
99.8;1652559872;0
149.7;1652690944;0
513.8;1653608448;0
615.2;1653608448;0
588.4;1653608448;0
809.0;1653608448;0
793.7;1653608448;2
802.9;1653608448;0
798.7;1653608448;0
736.2;1653608448;0
688.4;1653608448;0
598.3;1653608448;0
469.0;1838620672;4
99.8;1815158784;2
99.8;1654370304;0
199.6;1654632448;0
635.2;1805365248;0
638.6;1808248832;0
728.6;1810214912;0
787.4;1810345984;0
759.0;1810345984;0
809.0;1810345984;0
800.7;1810345984;0
694.5;1810345984;0
648.4;1810345984;0
498.9;1810345984;0
209.7;1810608128;7
99.8;1810608128;0
139.7;1810608128;0
483.5;1811394560;1
708.9;1811394560;0
795.2;1811394560;0
803.3;1811525632;0
801.6;1811525632;0
792.7;1811525632;2
803.8;1811525632;0
775.5;1811525632;0
628.8;1811525632;0
588.6;1811525632;0
309.2;1813622784;7
99.7;1813753856;2
109.8;1813753856;0
384.5;1884139520;1
772.2;2139992064;0
796.2;2499653632;0
797.4;2803085312;0
798.3;2804264960;0
757.1;2804396032;0
698.2;2804396032;0
678.3;2804396032;0
598.7;2804396032;2
518.8;2804396032;0
498.8;2804396032;0
517.3;2818027520;3
99.8;2819862528;4
139.8;1863856128;0
189.7;1812869120;1
689.0;1813393408;0
697.9;1813393408;0
787.3;1813393408;0
803.7;1813393408;0
798.5;1813393408;0
797.9;1813393408;0
792.1;1813393408;0
568.6;1813393408;1
399.3;1813393408;0
329.4;1813393408;0
99.8;1813393408;0
99.8;1813393408;0
119.7;1813524480;4
99.8;1813524480;2
99.8;1813524480;0
319.3;1814441984;1
698.6;1814441984;0
666.3;1814441984;0
797.8;1814441984;0
808.8;1814441984;0
811.5;1814441984;0
802.5;1814441984;0
727.4;1814441984;0
686.7;1814441984;0
658.8;1814441984;2
419.0;1814441984;4
109.0;1814441984;2
99.8;1814573056;0
334.6;1815228416;0
687.2;1815228416;0
710.6;1815228416;0
795.0;1983393792;0
795.6;2084188160;0
797.7;2084188160;0
811.7;2084188160;0
806.7;2084188160;0
707.9;2084188160;2
598.5;2084188160;0
508.8;2084188160;2
179.7;2088382464;9
109.8;1832423424;0
139.8;1832554496;0
568.5;1833078784;0
708.5;1833078784;0
760.6;1833078784;0
792.4;1833078784;0
793.6;1833078784;0
804.3;1833078784;0
698.7;1833078784;0
695.9;1833078784;0
529.0;1833078784;0
498.8;1833078784;2
419.1;1833078784;4
99.9;1816231936;2
99.8;1816231936;0
209.5;1816494080;0
673.9;1816756224;0
698.9;1816756224;0
694.1;1816756224;0
708.4;1816756224;0
688.6;1816756224;0
698.8;1816756224;0
655.6;1816756224;0
598.3;1816756224;0
607.3;1816756224;0
399.0;1816756224;0
339.1;1817018368;4
99.8;1817149440;2
99.8;1817149440;0
199.6;1817411584;0
682.7;1817804800;0
709.0;1817804800;0
791.6;1817804800;2
797.8;1817804800;0
798.6;1817804800;0
807.0;1817804800;0
798.1;1817804800;0
662.1;1817804800;0
549.0;1817804800;2
488.9;1817804800;0
288.5;1818066944;6
99.0;1818066944;0
119.8;1818198016;0
449.3;1818853376;0
665.7;1818984448;0
619.0;1818984448;0
797.0;1818984448;0
800.9;1818984448;0
783.9;1818984448;0
548.7;1818984448;0
498.9;1818984448;0
529.2;1818984448;0
504.4;1818984448;0
