199.7;320557056;510
99.9;416632832;978
109.8;514150400;960
119.8;551374848;1274
109.8;551374848;1470
119.8;551718912;1396
99.8;556175360;1470
99.9;556175360;1539
109.8;556175360;1479
89.9;561156096;1483
109.8;662474752;1001
99.9;764710912;1009
99.8;866553856;1006
99.8;969314304;1015
99.8;993693696;1418
99.8;993693696;1516
99.8;993693696;1535
89.9;993693696;1541
109.8;993693696;1508
99.8;993693696;1541
99.8;993693696;1546
109.8;994217984;1333
109.8;994217984;8
99.9;994217984;0
159.7;994349056;1
669.0;999202816;3
807.3;998535168;2
748.9;1023307776;3
715.0;1034186752;3
778.5;1034317824;4
777.1;1034317824;4
789.1;1034317824;1
758.9;1034579968;5
698.1;1034579968;2
698.7;1269329920;2
708.3;1417441280;0
379.1;1423863808;9
99.8;1423994880;3
99.8;1423994880;0
370.1;1424650240;1
768.7;1424650240;2
711.4;1424781312;3
789.4;1424781312;2
788.8;1424781312;0
791.5;1424781312;0
704.0;1424781312;0
695.9;1424781312;0
698.5;1424781312;0
688.6;1424781312;2
569.1;1425043456;4
99.3;1425174528;3
99.8;1425174528;0
209.7;1425829888;0
668.6;1425960960;1
698.5;1425960960;0
648.6;1425960960;0
698.7;1425960960;0
708.4;1425960960;0
688.4;1425960960;0
698.5;1425960960;2
718.5;1425960960;0
667.7;1425960960;1
668.7;1425960960;0
209.6;1426075648;7
99.8;1426075648;0
159.7;1426337792;0
483.4;1426993152;2
689.0;1426993152;0
778.5;1426993152;0
798.6;1426993152;0
792.8;1426993152;0
798.8;1426993152;0
771.9;1426993152;0
665.4;1426993152;0
539.0;1426993152;2
399.2;1426993152;0
209.6;1426993152;0
109.5;1427505152;11
99.4;1427505152;0
159.7;1427767296;1
625.7;1428553728;1
616.9;1428553728;0
797.3;1428553728;0
768.5;1431961600;0
778.2;1801453568;0
788.0;2223112192;0
805.8;2616197120;0
748.6;3004825600;0
695.9;3190554624;0
628.5;3190685696;0
598.8;3190685696;0
438.9;2945290240;5
138.4;1991610368;2
109.8;1801531392;0
339.2;1802317824;1
679.8;1802448896;0
693.8;1802448896;0
698.3;1802448896;1
698.2;1802448896;0
708.4;1802448896;0
548.6;1802448896;0
409.3;1802448896;0
399.3;1802448896;0
399.3;1802448896;0
399.3;1802448896;0
409.4;1802448896;5
99.8;1802579968;2
99.9;1802579968;0
189.7;1802711040;0
679.7;1803366400;1
735.1;1803366400;0
723.1;1803366400;0
802.9;1803366400;0
788.6;1803366400;0
798.7;1803366400;0
802.9;1803366400;0
794.3;1803366400;0
768.8;1803366400;2
429.3;1803366400;7
99.8;1803366400;0
119.8;1803628544;0
329.5;1804283904;0
683.3;1804283904;0
782.3;1804283904;0
795.3;1804283904;0
808.7;1804283904;0
794.4;1804283904;1
804.3;1804283904;0
787.4;1804283904;0
618.6;1804283904;0
599.0;1804283904;2
439.2;1804283904;1
119.7;1804808192;10
99.8;1804808192;0
169.7;1804939264;0
507.7;1805594624;2
744.8;1805594624;1
688.4;1806249984;0
752.2;1806249984;0
779.2;1810313216;0
808.0;1810313216;0
798.3;1810313216;2
692.9;1810313216;2
668.8;1810313216;0
399.3;1810313216;0
369.1;1810444288;6
109.8;1806450688;2
109.8;1806581760;0
367.3;1806974976;0
708.9;1806974976;0
739.6;1806974976;0
795.8;1806974976;0
797.5;1806974976;0
806.4;1806974976;0
766.0;1806974976;0
598.6;1806974976;0
598.9;1806974976;0
518.8;1806974976;0
199.6;1806974976;0
139.7;1807368192;6
99.8;1807368192;0
139.8;1807368192;0
519.3;1807761408;0
716.8;1807761408;0
788.8;1807761408;0
807.1;1807761408;0
788.8;1807892480;2
734.7;1807892480;0
688.1;1807892480;0
698.4;1807892480;0
678.2;1807892480;2
568.8;1807892480;0
229.5;1808023552;6
99.8;1808023552;0
139.7;1808154624;1
525.0;1808678912;0
708.6;1808678912;0
788.6;1808678912;0
796.5;1808678912;0
798.5;1808678912;0
805.7;1808678912;0
798.2;1808678912;0
698.0;1808678912;0
698.3;1808678912;0
578.6;1808678912;0
119.1;1808809984;10
99.8;1808809984;0
169.7;1809072128;0
583.5;1809727488;1
696.3;1809727488;0
780.9;1809727488;0
803.5;1809727488;0
806.1;1813921792;0
800.7;1813921792;0
808.5;1813921792;0
738.6;1813921792;0
638.8;1813921792;0
279.5;1813921792;0
189.6;1813921792;4
99.8;1814052864;2
109.8;1814183936;1
388.2;1814970368;1
781.3;1814970368;0
788.6;1814970368;0
788.2;1814970368;0
788.4;1814970368;0
806.2;1814970368;0
768.4;1814970368;0
687.6;1814970368;0
698.7;1814970368;0
608.9;1814970368;0
149.7;1815232512;6
99.8;1815232512;0
169.7;1815363584;0
500.5;1816018944;1
603.3;1816018944;0
704.6;1816018944;0
796.2;1816018944;0
808.5;1816018944;0
798.7;1816018944;0
791.4;1816018944;0
728.6;1816018944;0
678.6;1816018944;0
499.1;1816018944;0
239.6;1816018944;6
99.8;1816018944;0
139.8;1816018944;1
478.8;1816674304;0
658.8;1816674304;0
772.3;1816674304;0
805.9;1816674304;0
798.9;1816674304;0
796.7;1816674304;0
528.8;1816674304;0
528.7;1816674304;0
598.9;1816674304;0
419.0;1816674304;0
299.5;1816674304;0
159.7;1816805376;10
99.8;1816805376;0
149.7;1816805376;0
581.0;1817460736;0
725.8;1817460736;0
688.3;1817460736;0
698.6;1817460736;0
688.3;1821655040;0
708.3;1821655040;0
732.3;1821655040;0
698.5;1821655040;0
628.3;1821655040;0
499.1;1821655040;0
289.5;1821917184;6
99.8;1821917184;0
119.8;1822048256;0
472.7;1822834688;0
682.7;1822834688;0
730.6;1822834688;0
792.3;1822834688;0
804.1;1822834688;0
798.1;1822834688;0
788.0;1822834688;0
767.8;1822834688;0
629.0;1822834688;0
498.9;1822834688;0
289.6;1823096832;6
99.4;1823096832;0
119.8;1823227904;0
493.1;1823621120;0
703.7;1823621120;0
755.8;1823621120;0
792.4;1823621120;0
798.9;1823621120;0
803.3;1823621120;0
708.1;1823621120;0
698.0;1823621120;0
697.1;1823621120;0
558.1;1823621120;0
219.2;1823621120;6
99.8;1823621120;0
149.7;1823883264;0
563.5;1824407552;0
700.4;1824407552;0
778.9;1824407552;0
788.6;1824407552;2
792.7;1824407552;0
806.1;1824407552;0
767.4;1824407552;0
688.4;1824407552;0
698.1;1824407552;0
698.3;1824407552;3
99.3;1824538624;7
99.8;1824538624;0
179.7;1824931840;0
665.0;1825456128;0
696.8;1825456128;0
723.0;1825456128;0
803.3;1825456128;0
786.8;1829650432;2
788.7;1829650432;0
806.5;1829650432;0
