7.1;0.4;0.0;0.0;546.0


10.8;128.0;7.6;0.0;546.0


8.3;93.6;7.4;0.0;546.0


3.6;83.8;8.3;0.0;546.0


0.0;0.3;0.0;0.0;546.0


4.7;26.9;1.0;0.0;546.0


8.4;2.3;0.2;6.0;702.0


8.3;0.0;0.0;5.0;839.0


8.3;0.0;0.0;5.0;967.0


8.3;0.0;0.0;5.0;1089.0


8.3;0.2;0.0;4.0;1223.0


8.3;70.2;67.7;4.0;1351.0


8.3;84.8;353.6;22.0;1919.0


6.0;0.1;0.0;37.0;1919.0


1.2;0.3;0.0;0.0;1919.0


1.0;14.4;0.2;0.0;1919.0


0.0;0.3;0.0;0.0;1919.0


4.2;16.5;0.4;0.0;2011.0


8.4;1.2;0.3;53.0;2663.0


8.3;0.0;0.0;38.0;3439.0


8.3;0.0;0.0;44.0;4195.0


8.3;0.0;0.0;45.0;4973.0


8.3;0.0;0.0;40.0;5729.0


8.3;0.0;0.0;56.0;6931.0


8.3;0.0;0.0;6.0;7109.0


48.5;0.0;0.0;53.0;7261.0


8.4;0.0;0.0;54.0;7261.0


8.4;0.0;0.0;54.0;7261.0


8.3;0.0;0.0;54.0;7261.0


8.4;0.0;0.0;54.0;7261.0


8.3;0.0;0.0;54.0;7261.0


7.2;0.0;0.0;54.0;7261.0


8.3;0.0;0.0;54.0;7261.0


8.4;0.0;0.0;54.0;7261.0


8.3;0.0;0.0;54.0;7261.0


8.3;0.0;0.0;54.0;7261.0


8.3;0.0;0.0;55.0;7261.0


8.3;0.0;0.0;51.0;7261.0


0.0;10.6;0.8;0.0;7261.0


0.0;0.3;0.0;0.0;7261.0


0.0;14.7;0.2;0.0;7261.0


0.0;0.3;0.0;0.0;7263.0


8.3;16.4;0.7;50.0;7263.0


8.4;0.0;0.0;56.0;7263.0


8.3;0.0;0.0;56.0;7263.0


8.3;0.0;0.0;56.0;7265.0


50.0;0.0;0.0;40.0;7481.0


8.3;0.0;0.0;54.0;7481.0


8.4;0.0;0.0;54.0;7481.0


8.3;0.0;0.0;54.0;7481.0


8.4;0.0;0.0;53.0;7481.0


8.3;0.0;0.0;54.0;7481.0


8.4;0.0;0.0;54.0;7481.0


8.4;0.0;0.0;54.0;7481.0


8.3;0.0;0.0;54.0;7481.0


8.4;0.0;0.0;53.0;7481.0


8.3;0.0;0.0;54.0;7481.0


8.3;0.0;0.0;54.0;7481.0


8.4;0.0;0.0;54.0;7481.0


0.0;10.6;0.8;0.0;7481.0


0.0;0.3;0.0;0.0;7481.0


0.0;13.6;0.2;0.0;7481.0


0.0;0.3;0.0;0.0;7481.0


7.2;16.2;0.7;40.0;7481.0


8.3;0.0;0.0;56.0;7481.0


8.4;0.0;0.0;56.0;7481.0


8.4;0.0;0.0;55.0;7481.0


50.2;0.0;0.0;34.0;7481.0


8.3;0.0;0.0;46.0;7481.0


8.3;0.0;0.0;54.0;7481.0


8.3;0.0;0.0;54.0;7481.0


8.4;0.0;0.0;53.0;7481.0


8.3;0.0;0.0;53.0;7481.0


8.3;0.0;0.0;54.0;7481.0


8.3;0.0;0.0;54.0;7481.0


8.3;0.0;0.0;53.0;7481.0


8.3;0.0;0.0;54.0;7481.0


8.4;0.0;0.0;53.0;7481.0


8.3;0.0;0.0;54.0;7481.0


8.4;0.0;0.0;54.0;7481.0


1.2;10.6;0.8;11.0;7481.0


0.0;0.3;0.0;0.0;7481.0


0.0;13.6;0.2;0.0;7481.0


0.0;0.3;0.0;0.0;7481.0


4.8;16.3;0.7;0.0;7481.0


8.3;0.0;0.0;56.0;7481.0


8.3;0.0;0.0;56.0;7481.0


8.3;0.0;0.0;56.0;7481.0


20.3;0.0;0.0;56.0;7481.0


26.3;0.0;0.0;51.0;7481.0


8.3;0.0;0.0;54.0;7481.0


8.3;0.0;0.0;54.0;7481.0


8.3;0.0;0.0;54.0;7481.0


8.3;0.0;0.0;54.0;7481.0


8.4;0.0;0.0;54.0;7481.0


8.3;0.0;0.0;54.0;7481.0


8.4;0.0;0.0;54.0;7481.0


8.3;0.0;0.0;54.0;7481.0


8.4;0.0;0.0;54.0;7481.0


8.4;0.0;0.0;54.0;7481.0


8.4;0.0;0.0;54.0;7481.0


8.4;0.0;0.0;54.0;7481.0


0.0;10.6;0.8;0.0;7481.0


0.0;0.3;0.0;0.0;7481.0


0.0;14.9;0.2;0.0;7481.0


0.0;0.3;0.0;0.0;7481.0


8.4;15.8;0.7;46.0;7481.0


8.3;0.0;0.0;56.0;7481.0


8.4;0.0;0.0;56.0;7481.0


8.3;0.0;0.0;56.0;7481.0


50.2;0.0;0.0;47.0;7481.0


8.4;0.0;0.0;54.0;7481.0


8.3;0.0;0.0;54.0;7481.0


8.4;0.0;0.0;54.0;7481.0


8.3;0.0;0.0;54.0;7481.0


8.4;0.0;0.0;55.0;7481.0


8.3;0.0;0.0;53.0;7481.0


8.3;0.0;0.0;54.0;7481.0


8.4;0.0;0.0;55.0;7481.0


8.3;0.0;0.0;55.0;7481.0


8.3;0.0;0.0;55.0;7481.0


8.3;0.0;0.0;54.0;7481.0


8.3;0.0;0.0;55.0;7481.0


0.0;10.6;0.8;0.0;7481.0


0.0;0.3;0.0;0.0;7481.0


0.0;14.5;0.2;0.0;7481.0


0.0;0.3;0.0;0.0;7481.0


8.3;16.4;0.7;43.0;7481.0


8.3;0.0;0.0;56.0;7481.0


8.3;0.0;0.0;56.0;7481.0


8.4;0.0;0.0;56.0;7481.0


49.7;0.0;0.0;31.0;7481.0


8.4;0.0;0.0;55.0;7481.0


8.3;0.0;0.0;53.0;7481.0


8.4;0.0;0.0;55.0;7481.0


8.4;0.0;0.0;54.0;7481.0


8.4;0.0;0.0;54.0;7481.0


8.4;0.0;0.0;54.0;7481.0


8.3;0.0;0.0;55.0;7481.0


8.4;0.0;0.0;55.0;7481.0


8.3;0.0;0.0;55.0;7481.0


8.3;0.0;0.0;54.0;7481.0


8.4;0.0;0.0;55.0;7481.0


8.3;0.0;0.0;55.0;7481.0


0.0;10.6;0.8;0.0;7481.0


0.0;0.3;0.0;0.0;7481.0


0.0;14.1;0.2;0.0;7481.0


0.0;0.3;0.0;0.0;7481.0


8.3;15.6;0.7;5.0;7481.0


8.4;0.0;0.0;56.0;7481.0


8.3;0.0;0.0;56.0;7481.0


8.4;0.0;0.0;56.0;7481.0


49.7;0.0;0.0;33.0;7481.0


8.3;0.0;0.0;54.0;7481.0


8.4;0.0;0.0;54.0;7481.0


8.3;0.0;0.0;54.0;7481.0


8.3;0.0;0.0;55.0;7481.0


8.3;0.0;0.0;54.0;7481.0


8.3;0.0;0.0;55.0;7481.0


8.3;0.0;0.0;54.0;7481.0


8.4;0.0;0.0;54.0;7481.0


8.4;0.0;0.0;55.0;7481.0


8.3;0.0;0.0;54.0;7481.0


8.3;0.0;0.0;53.0;7481.0


8.3;0.0;0.0;55.0;7481.0


0.0;10.6;0.8;18.0;7481.0


0.0;0.3;0.0;0.0;7481.0


0.0;13.4;0.2;0.0;7481.0


0.0;0.3;0.0;0.0;7481.0


8.4;14.8;0.7;41.0;7481.0


8.4;0.0;0.0;56.0;7481.0


8.4;0.0;0.0;56.0;7481.0


8.4;0.0;0.0;56.0;7481.0


50.2;0.0;0.0;39.0;7481.0


8.3;0.0;0.0;55.0;7481.0


8.3;0.0;0.0;54.0;7481.0


8.3;0.0;0.0;55.0;7481.0


8.3;0.0;0.0;54.0;7481.0


8.4;0.0;0.0;54.0;7481.0


8.3;0.0;0.0;54.0;7481.0


8.4;0.0;0.0;54.0;7481.0


8.3;0.0;0.0;55.0;7481.0


8.3;0.0;0.0;54.0;7481.0


8.4;0.0;0.0;55.0;7481.0


8.3;0.0;0.0;54.0;7481.0


8.4;0.0;0.0;55.0;7481.0


0.0;10.6;0.8;0.0;7481.0


0.0;0.3;0.0;0.0;7481.0


0.0;14.2;0.2;0.0;7481.0


0.0;0.3;0.0;0.0;7481.0


8.4;17.4;0.7;11.0;7481.0


8.3;0.0;0.0;57.0;7481.0


8.3;0.0;0.0;56.0;7481.0


8.3;0.0;0.0;56.0;7481.0


50.2;0.0;0.0;28.0;7481.0


8.4;0.0;0.0;55.0;7481.0


8.3;0.0;0.0;55.0;7481.0


8.3;0.0;0.0;54.0;7481.0


8.3;0.0;0.0;54.0;7481.0


8.3;0.0;0.0;54.0;7481.0


8.3;0.0;0.0;55.0;7481.0


8.3;0.0;0.0;54.0;7481.0


8.4;0.0;0.0;55.0;7481.0


8.3;0.0;0.0;54.0;7481.0


8.4;0.0;0.0;53.0;7481.0


8.4;0.0;0.0;54.0;7481.0


8.4;0.0;0.0;54.0;7481.0


0.0;10.6;0.8;9.0;7481.0


0.0;0.3;0.0;0.0;7481.0


0.0;15.5;0.2;0.0;7481.0


0.0;0.3;0.0;0.0;7481.0


8.3;16.0;0.7;41.0;7481.0


8.3;0.0;0.0;56.0;7481.0


8.3;0.0;0.0;56.0;7481.0


8.4;0.0;0.0;56.0;7481.0


49.9;0.0;0.0;31.0;7481.0


8.4;0.0;0.0;54.0;7481.0


8.3;0.0;0.0;54.0;7481.0


8.3;0.0;0.0;54.0;7481.0


8.4;0.0;0.0;54.0;7481.0


8.3;0.0;0.0;54.0;7481.0


8.4;0.0;0.0;55.0;7481.0


8.4;0.0;0.0;55.0;7481.0


8.4;0.0;0.0;54.0;7481.0


8.4;0.0;0.0;55.0;7481.0


8.3;0.0;0.0;55.0;7481.0


8.4;0.0;0.0;54.0;7481.0


8.3;0.0;0.0;55.0;7481.0


0.0;10.6;0.8;0.0;7481.0


0.0;0.3;0.0;0.0;7481.0


0.0;14.8;0.2;0.0;7481.0


0.0;0.3;0.0;0.0;7481.0


8.3;16.9;0.7;30.0;7481.0


8.3;0.0;0.0;56.0;7481.0


8.3;0.0;0.0;56.0;7481.0


8.3;0.0;0.0;56.0;7481.0


49.7;0.0;0.0;45.0;7481.0


8.3;0.0;0.0;55.0;7481.0


8.4;0.0;0.0;54.0;7481.0


8.3;0.0;0.0;55.0;7481.0


8.4;0.0;0.0;54.0;7481.0


8.4;0.0;0.0;54.0;7481.0


8.3;0.0;0.0;55.0;7481.0


8.4;0.0;0.0;54.0;7481.0


8.4;0.0;0.0;55.0;7481.0


8.4;0.0;0.0;55.0;7481.0


8.3;0.0;0.0;55.0;7481.0


8.4;0.0;0.0;55.0;7481.0


8.3;0.0;0.0;55.0;7481.0


0.0;10.6;0.8;0.0;7481.0


0.0;0.3;0.0;0.0;7481.0


0.0;13.1;0.2;0.0;7481.0


0.0;0.3;0.0;0.0;7481.0


8.4;16.3;0.7;0.0;7481.0


8.3;0.0;0.0;53.0;7481.0


8.4;0.0;0.0;56.0;7481.0


8.3;0.0;0.0;55.0;7481.0


50.4;0.0;0.0;38.0;7481.0


8.4;0.0;0.0;53.0;7481.0


8.4;0.0;0.0;54.0;7481.0


8.4;0.0;0.0;53.0;7481.0


8.3;0.0;0.0;55.0;7481.0


8.4;0.0;0.0;54.0;7481.0


8.3;0.0;0.0;54.0;7481.0


8.4;0.0;0.0;54.0;7481.0


8.3;0.0;0.0;54.0;7481.0


8.3;0.0;0.0;55.0;7481.0


8.4;0.0;0.0;54.0;7481.0


8.3;0.0;0.0;54.0;7481.0


8.3;0.0;0.0;54.0;7481.0


4.2;10.6;0.8;39.0;7481.0


0.0;0.3;0.0;0.0;7481.0


1.0;14.0;0.2;0.0;7481.0


0.0;0.3;0.0;0.0;7481.0


4.2;15.7;0.4;0.0;7481.0


8.4;1.0;0.3;48.0;7481.0


8.3;0.0;0.0;56.0;7481.0


8.4;0.0;0.0;56.0;7481.0


15.2;0.0;0.0;61.0;7481.0


22.4;0.0;0.0;54.0;7481.0


8.3;0.0;0.0;54.0;7481.0


8.4;0.0;0.0;53.0;7481.0


8.3;0.0;0.0;54.0;7481.0


8.3;0.0;0.0;54.0;7481.0


8.3;0.0;0.0;54.0;7481.0


8.3;0.0;0.0;54.0;7481.0


8.3;0.0;0.0;55.0;7481.0


8.3;0.0;0.0;54.0;7481.0


8.4;0.0;0.0;54.0;7481.0


8.4;0.0;0.0;55.0;7481.0


8.3;0.0;0.0;54.0;7481.0


8.4;0.0;0.0;35.0;7481.0


0.0;10.6;0.8;0.0;7481.0


0.0;0.3;0.0;0.0;7481.0


0.0;14.9;0.2;0.0;7481.0


0.0;0.3;0.0;0.0;7481.0


8.4;16.2;0.7;45.0;7481.0


8.3;0.0;0.0;56.0;7481.0


8.4;0.0;0.0;56.0;7481.0


8.3;0.0;0.0;47.0;7481.0


