8.3;19.6;2.3;0.0;546.0


7.2;112.4;6.7;0.0;546.0


7.0;95.2;6.1;0.0;546.0


8.4;93.9;10.4;0.0;546.0


0.0;4.3;0.2;0.0;546.0


0.0;0.3;0.0;0.0;546.0


8.4;27.0;1.1;0.0;641.0


8.3;0.1;0.0;5.0;792.0


8.3;0.0;0.0;6.0;935.0


8.4;0.0;0.0;5.0;1063.0


8.3;0.2;0.0;6.0;1171.0


8.4;70.2;67.7;6.0;1335.0


8.3;16.3;69.1;21.0;1755.0


50.2;68.5;284.5;71.0;1959.0


0.0;0.1;0.0;0.0;1959.0


0.0;0.3;0.0;0.0;1959.0


0.0;14.9;0.2;0.0;1959.0


0.0;0.3;0.0;0.0;1959.0


7.2;16.1;0.7;47.0;2217.0


8.3;0.0;0.0;40.0;2997.0


8.3;0.0;0.0;51.0;3753.0


8.4;0.0;0.0;39.0;4531.0


8.3;0.0;0.0;51.0;5311.0


8.3;0.0;0.0;38.0;6065.0


41.7;0.0;0.0;23.0;6661.0


8.3;0.0;0.0;22.0;7045.0


48.5;0.0;0.0;47.0;7261.0


8.4;0.0;0.0;55.0;7261.0


8.4;0.0;0.0;54.0;7261.0


8.3;0.0;0.0;54.0;7261.0


8.3;0.0;0.0;55.0;7261.0


8.3;0.0;0.0;54.0;7261.0


8.3;0.0;0.0;55.0;7261.0


8.4;0.0;0.0;54.0;7261.0


8.3;0.0;0.0;54.0;7261.0


8.4;0.0;0.0;55.0;7261.0


8.4;0.0;0.0;55.0;7261.0


8.4;0.0;0.0;56.0;7261.0


8.4;0.0;0.0;55.0;7261.0


0.0;10.6;0.8;0.0;7261.0


0.0;0.3;0.0;0.0;7261.0


0.0;14.4;0.2;0.0;7261.0


0.0;0.3;0.0;0.0;7263.0


8.3;16.6;0.7;46.0;7263.0


8.4;0.0;0.0;56.0;7263.0


8.4;0.0;0.0;56.0;7263.0


8.3;0.0;0.0;57.0;7265.0


50.2;0.0;0.0;47.0;7481.0


8.3;0.0;0.0;54.0;7481.0


8.3;0.0;0.0;55.0;7481.0


8.4;0.0;0.0;55.0;7481.0


8.3;0.0;0.0;54.0;7481.0


8.4;0.0;0.0;55.0;7481.0


8.4;0.0;0.0;55.0;7481.0


8.3;0.0;0.0;54.0;7481.0


8.3;0.0;0.0;55.0;7481.0


8.3;0.0;0.0;55.0;7481.0


8.4;0.0;0.0;55.0;7481.0


8.3;0.0;0.0;55.0;7481.0


8.3;0.0;0.0;55.0;7481.0


0.0;10.6;0.8;0.0;7481.0


0.0;0.3;0.0;0.0;7481.0


0.0;12.5;0.2;0.0;7481.0


0.0;0.3;0.0;0.0;7481.0


8.3;15.8;0.7;49.0;7481.0


8.3;0.0;0.0;56.0;7481.0


8.3;0.0;0.0;56.0;7481.0


8.3;0.0;0.0;56.0;7481.0


50.0;0.0;0.0;48.0;7481.0


8.4;0.0;0.0;55.0;7481.0


8.3;0.0;0.0;55.0;7481.0


8.4;0.0;0.0;55.0;7481.0


8.4;0.0;0.0;54.0;7481.0


8.4;0.0;0.0;54.0;7481.0


8.4;0.0;0.0;55.0;7481.0


8.4;0.0;0.0;55.0;7481.0


8.4;0.0;0.0;55.0;7481.0


8.3;0.0;0.0;55.0;7481.0


8.3;0.0;0.0;55.0;7481.0


8.3;0.0;0.0;54.0;7481.0


8.3;0.0;0.0;55.0;7481.0


0.0;10.6;0.8;0.0;7481.0


0.0;0.3;0.0;0.0;7481.0


0.0;13.9;0.2;0.0;7481.0


0.0;0.3;0.0;0.0;7481.0


7.1;15.9;0.7;42.0;7481.0


8.4;0.0;0.0;56.0;7481.0


8.3;0.0;0.0;56.0;7481.0


8.4;0.0;0.0;56.0;7481.0


49.7;0.0;0.0;40.0;7481.0


8.4;0.0;0.0;55.0;7481.0


8.4;0.0;0.0;54.0;7481.0


8.3;0.0;0.0;54.0;7481.0


8.4;0.0;0.0;54.0;7481.0


8.3;0.0;0.0;54.0;7481.0


8.4;0.0;0.0;55.0;7481.0


8.3;0.0;0.0;55.0;7481.0


8.3;0.0;0.0;54.0;7481.0


8.4;0.0;0.0;55.0;7481.0


8.3;0.0;0.0;54.0;7481.0


8.3;0.0;0.0;55.0;7481.0


8.3;0.0;0.0;55.0;7481.0


0.0;10.6;0.8;0.0;7481.0


0.0;0.3;0.0;0.0;7481.0


0.0;14.6;0.2;0.0;7481.0


0.0;0.3;0.0;0.0;7481.0


8.3;15.7;0.7;0.0;7481.0


8.3;0.0;0.0;56.0;7481.0


8.4;0.0;0.0;56.0;7481.0


8.3;0.0;0.0;56.0;7481.0


50.2;0.0;0.0;33.0;7481.0


8.4;0.0;0.0;55.0;7481.0


8.4;0.0;0.0;55.0;7481.0


8.3;0.0;0.0;55.0;7481.0


8.3;0.0;0.0;55.0;7481.0


8.3;0.0;0.0;54.0;7481.0


8.3;0.0;0.0;55.0;7481.0


8.4;0.0;0.0;54.0;7481.0


8.3;0.0;0.0;55.0;7481.0


8.4;0.0;0.0;55.0;7481.0


8.4;0.0;0.0;55.0;7481.0


8.3;0.0;0.0;55.0;7481.0


8.4;0.0;0.0;55.0;7481.0


0.0;10.6;0.8;0.0;7481.0


0.0;0.3;0.0;0.0;7481.0


0.0;14.8;0.2;0.0;7481.0


0.0;0.3;0.0;0.0;7481.0


8.4;15.6;0.7;31.0;7481.0


8.3;0.0;0.0;56.0;7481.0


8.4;0.0;0.0;57.0;7481.0


8.3;0.0;0.0;56.0;7481.0


50.4;0.0;0.0;44.0;7481.0


8.3;0.0;0.0;56.0;7481.0


8.3;0.0;0.0;55.0;7481.0


8.4;0.0;0.0;53.0;7481.0


8.3;0.0;0.0;54.0;7481.0


8.3;0.0;0.0;54.0;7481.0


8.3;0.0;0.0;55.0;7481.0


8.3;0.0;0.0;54.0;7481.0


8.3;0.0;0.0;55.0;7481.0


8.3;0.0;0.0;54.0;7481.0


8.4;0.0;0.0;55.0;7481.0


8.4;0.0;0.0;55.0;7481.0


8.3;0.0;0.0;55.0;7481.0


0.0;10.6;0.8;0.0;7481.0


0.0;0.3;0.0;0.0;7481.0


0.0;13.4;0.2;0.0;7481.0


0.0;0.3;0.0;0.0;7481.0


8.4;15.5;0.7;1.0;7481.0


8.3;0.0;0.0;56.0;7481.0


8.3;0.0;0.0;56.0;7481.0


8.3;0.0;0.0;57.0;7481.0


50.2;0.0;0.0;33.0;7481.0


8.3;0.0;0.0;55.0;7481.0


8.3;0.0;0.0;54.0;7481.0


8.4;0.0;0.0;54.0;7481.0


8.4;0.0;0.0;54.0;7481.0


8.3;0.0;0.0;54.0;7481.0


8.4;0.0;0.0;54.0;7481.0


8.3;0.0;0.0;54.0;7481.0


8.4;0.0;0.0;54.0;7481.0


8.4;0.0;0.0;54.0;7481.0


8.3;0.0;0.0;55.0;7481.0


8.4;0.0;0.0;54.0;7481.0


8.4;0.0;0.0;55.0;7481.0


0.0;10.6;0.8;6.0;7481.0


0.0;0.3;0.0;0.0;7481.0


0.0;14.8;0.2;0.0;7481.0


0.0;0.3;0.0;0.0;7481.0


8.3;15.8;0.7;41.0;7481.0


8.4;0.0;0.0;56.0;7481.0


8.3;0.0;0.0;56.0;7481.0


8.3;0.0;0.0;56.0;7481.0


49.7;0.0;0.0;41.0;7481.0


8.3;0.0;0.0;55.0;7481.0


8.4;0.0;0.0;53.0;7481.0


8.3;0.0;0.0;54.0;7481.0


8.4;0.0;0.0;53.0;7481.0


8.3;0.0;0.0;53.0;7481.0


8.3;0.0;0.0;54.0;7481.0


8.4;0.0;0.0;54.0;7481.0


8.3;0.0;0.0;54.0;7481.0


8.4;0.0;0.0;53.0;7481.0


8.3;0.0;0.0;54.0;7481.0


8.3;0.0;0.0;55.0;7481.0


8.3;0.0;0.0;55.0;7481.0


0.0;10.6;0.8;0.0;7481.0


0.0;0.3;0.0;0.0;7481.0


0.0;14.0;0.2;0.0;7481.0


0.0;0.3;0.0;0.0;7481.0


6.9;15.0;0.7;9.0;7481.0


8.4;0.0;0.0;56.0;7481.0


8.4;0.0;0.0;56.0;7481.0


8.3;0.0;0.0;56.0;7481.0


50.2;0.0;0.0;27.0;7481.0


8.3;0.0;0.0;55.0;7481.0


8.4;0.0;0.0;55.0;7481.0


8.4;0.0;0.0;54.0;7481.0


8.3;0.0;0.0;54.0;7481.0


8.4;0.0;0.0;53.0;7481.0


8.4;0.0;0.0;54.0;7481.0


8.4;0.0;0.0;55.0;7481.0


8.3;0.0;0.0;54.0;7481.0


8.4;0.0;0.0;55.0;7481.0


8.4;0.0;0.0;53.0;7481.0


8.3;0.0;0.0;54.0;7481.0


8.4;0.0;0.0;55.0;7481.0


0.0;10.6;0.8;6.0;7481.0


0.0;0.3;0.0;0.0;7481.0


0.0;15.1;0.2;0.0;7481.0


0.0;0.3;0.0;0.0;7481.0


8.4;16.7;0.7;42.0;7481.0


8.3;0.0;0.0;56.0;7481.0


8.4;0.0;0.0;56.0;7481.0


8.4;0.0;0.0;56.0;7481.0


50.2;0.0;0.0;32.0;7481.0


8.4;0.0;0.0;54.0;7481.0


8.3;0.0;0.0;55.0;7481.0


8.4;0.0;0.0;54.0;7481.0


8.3;0.0;0.0;54.0;7481.0


8.3;0.0;0.0;54.0;7481.0


8.3;0.0;0.0;54.0;7481.0


8.3;0.0;0.0;55.0;7481.0


8.3;0.0;0.0;54.0;7481.0


8.3;0.0;0.0;55.0;7481.0


8.4;0.0;0.0;55.0;7481.0


8.3;0.0;0.0;54.0;7481.0


8.4;0.0;0.0;54.0;7481.0


0.0;10.6;0.8;0.0;7481.0


0.0;0.3;0.0;0.0;7481.0


0.0;12.9;0.2;0.0;7481.0


0.0;0.3;0.0;0.0;7481.0


8.4;17.2;0.7;32.0;7481.0


8.4;0.0;0.0;56.0;7481.0


8.3;0.0;0.0;56.0;7481.0


8.4;0.0;0.0;56.0;7481.0


50.2;0.0;0.0;45.0;7481.0


8.4;0.0;0.0;55.0;7481.0


8.3;0.0;0.0;52.0;7481.0


8.4;0.0;0.0;54.0;7481.0


8.4;0.0;0.0;54.0;7481.0


8.3;0.0;0.0;54.0;7481.0


8.3;0.0;0.0;54.0;7481.0


8.3;0.0;0.0;54.0;7481.0


8.3;0.0;0.0;54.0;7481.0


8.4;0.0;0.0;54.0;7481.0


8.3;0.0;0.0;55.0;7481.0


8.4;0.0;0.0;55.0;7481.0


8.3;0.0;0.0;54.0;7481.0


0.0;10.6;0.8;0.0;7481.0


0.0;0.3;0.0;0.0;7481.0


0.0;14.3;0.2;0.0;7481.0


0.0;0.3;0.0;0.0;7481.0


8.3;16.4;0.7;2.0;7481.0


8.4;0.0;0.0;56.0;7481.0


8.3;0.0;0.0;56.0;7481.0


8.3;0.0;0.0;56.0;7481.0


49.7;0.0;0.0;32.0;7481.0


8.3;0.0;0.0;55.0;7481.0


8.3;0.0;0.0;54.0;7481.0


8.3;0.0;0.0;54.0;7481.0


8.4;0.0;0.0;54.0;7481.0


8.4;0.0;0.0;54.0;7481.0


8.3;0.0;0.0;54.0;7481.0


8.4;0.0;0.0;54.0;7481.0


8.3;0.0;0.0;54.0;7481.0


8.4;0.0;0.0;54.0;7481.0


8.3;0.0;0.0;55.0;7481.0


8.4;0.0;0.0;55.0;7481.0


8.4;0.0;0.0;55.0;7481.0


0.0;10.6;0.8;7.0;7481.0


0.0;0.3;0.0;0.0;7481.0


0.0;13.6;0.2;0.0;7481.0


0.0;0.3;0.0;0.0;7481.0


8.3;16.2;0.7;42.0;7481.0


8.4;0.0;0.0;56.0;7481.0


8.4;0.0;0.0;57.0;7481.0


8.3;0.0;0.0;56.0;7481.0


50.2;0.0;0.0;41.0;7481.0


8.3;0.0;0.0;55.0;7481.0


8.3;0.0;0.0;54.0;7481.0


8.4;0.0;0.0;54.0;7481.0


8.3;0.0;0.0;53.0;7481.0


8.4;0.0;0.0;54.0;7481.0


8.3;0.0;0.0;54.0;7481.0


8.4;0.0;0.0;54.0;7481.0


8.4;0.0;0.0;54.0;7481.0


8.4;0.0;0.0;54.0;7481.0


8.4;0.0;0.0;55.0;7481.0


8.3;0.0;0.0;55.0;7481.0


8.4;0.0;0.0;55.0;7481.0


0.0;10.6;0.8;0.0;7481.0


0.0;0.3;0.0;0.0;7481.0


0.0;13.9;0.2;0.0;7481.0


0.0;0.3;0.0;0.0;7481.0


8.4;17.2;0.7;12.0;7481.0


8.3;0.0;0.0;56.0;7481.0


8.3;0.0;0.0;56.0;7481.0


8.4;0.0;0.0;56.0;7481.0


50.2;0.0;0.0;33.0;7481.0


