8.4;7.2;0.5;8.0;1232.0


7.0;120.8;7.1;10.0;1232.0


7.2;94.0;7.4;7.0;1232.0


7.2;83.8;8.3;13.0;1232.0


0.0;0.3;0.0;8.0;1232.0


4.8;26.0;1.0;9.0;1232.0


8.3;2.3;0.2;16.0;1353.0


8.4;0.0;0.0;8.0;1491.0


8.4;0.0;0.0;8.0;1619.0


8.3;0.0;0.0;7.0;1745.0


8.3;0.2;0.0;6.0;1845.0


8.3;64.1;59.1;15.0;2007.0


8.3;6.1;8.5;2.0;2441.0


8.3;84.8;353.6;46.0;2631.0


8.3;0.0;0.0;37.0;2631.0


0.0;0.1;0.0;1.0;2631.0


0.0;0.3;0.0;1.0;2631.0


7.2;1160.8;50.7;2.0;2631.0


7.2;331.7;14.8;2.0;2631.0


8.4;0.0;0.0;1.0;2631.0


8.4;0.0;0.0;1.0;2631.0


8.3;0.0;0.0;1.0;2631.0


8.4;0.0;0.0;2.0;2631.0


8.3;0.0;0.0;2.0;2631.0


8.3;0.0;0.0;2.0;2631.0


8.3;0.0;0.0;1.0;2631.0


8.3;0.0;0.0;2.0;2631.0


8.4;0.0;0.0;2.0;2631.0


8.3;0.0;0.0;2.0;2631.0


8.3;0.0;0.0;1.0;2631.0


8.4;0.0;0.0;1.0;2631.0


8.3;0.0;0.0;1.0;2631.0


8.4;0.0;0.0;1.0;2631.0


8.3;0.0;0.0;2.0;2631.0


8.4;0.0;0.0;2.0;2631.0


8.3;0.0;0.0;2.0;2631.0


8.3;0.0;0.0;1.0;2631.0


8.4;0.0;0.0;1.0;2631.0


8.3;0.0;0.0;2.0;2631.0


0.0;0.1;0.0;1.0;2631.0


0.0;0.3;0.0;2.0;2630.0


11.1;500.0;21.7;2.0;2630.0


8.3;991.2;43.5;2.0;2630.0


8.4;1.0;0.3;1.0;2630.0


8.4;0.0;0.0;2.0;2630.0


8.3;0.0;0.0;2.0;2630.0


5.5;0.0;0.0;2.0;2630.0


8.3;0.0;0.0;2.0;2630.0


8.3;0.0;0.0;1.0;2630.0


8.4;0.0;0.0;1.0;2630.0


8.3;0.0;0.0;2.0;2630.0


8.4;0.0;0.0;1.0;2630.0


8.4;0.0;0.0;2.0;2630.0


8.4;0.0;0.0;2.0;2630.0


8.4;0.0;0.0;2.0;2630.0


8.4;0.0;0.0;2.0;2630.0


8.4;0.0;0.0;2.0;2630.0


8.3;0.0;0.0;2.0;2630.0


8.4;0.0;0.0;1.0;2630.0


8.3;0.0;0.0;1.0;2630.0


8.3;0.0;0.0;1.0;2630.0


8.4;0.0;0.0;1.0;2630.0


8.3;0.0;0.0;2.0;2630.0


8.4;0.0;0.0;1.0;2630.0


8.3;1.0;0.3;2.0;2630.0


8.3;0.0;0.0;2.0;2630.0


8.4;0.0;0.0;2.0;2630.0


8.3;0.0;0.0;2.0;2630.0


8.4;0.0;0.0;2.0;2630.0


8.3;0.0;0.0;1.0;2630.0


8.4;0.0;0.0;1.0;2630.0


6.2;0.0;0.0;2.0;2630.0


8.3;0.0;0.0;2.0;2630.0


8.4;0.0;0.0;1.0;2630.0


8.4;0.0;0.0;2.0;2630.0


8.3;0.2;0.0;35.0;2642.0


7.1;0.0;0.0;38.0;3294.0


8.3;0.0;0.0;45.0;3294.0


8.3;0.0;0.0;43.0;3294.0


8.4;0.0;0.0;44.0;3294.0


8.4;0.0;0.0;44.0;3294.0


8.3;0.0;0.0;44.0;3294.0


8.3;0.0;0.0;45.0;3294.0


8.3;0.0;0.0;44.0;3294.0


8.3;0.0;0.0;43.0;3294.0


8.4;0.0;0.0;38.0;3294.0


8.3;0.0;0.0;41.0;3294.0


8.4;0.0;0.0;40.0;3294.0


7.2;0.0;0.0;41.0;3294.0


6.0;0.0;0.0;41.0;3294.0


8.4;0.0;0.0;34.0;3294.0


6.0;0.0;0.0;40.0;3294.0


5.6;0.0;0.0;43.0;3294.0


0.0;3.8;0.3;2.0;3294.0


0.0;0.3;0.0;2.0;3294.0


10.7;881.5;38.5;2.0;3294.0


8.3;608.8;26.7;1.0;3294.0


8.4;1.0;0.3;1.0;3294.0


8.3;0.0;0.0;1.0;3294.0


8.4;0.0;0.0;2.0;3294.0


8.3;0.0;0.0;2.0;3294.0


8.3;0.0;0.0;2.0;3294.0


8.4;0.0;0.0;1.0;3294.0


8.3;0.0;0.0;1.0;3294.0


8.4;0.0;0.0;1.0;3294.0


8.3;0.0;0.0;1.0;3294.0


8.4;0.0;0.0;2.0;3294.0


8.3;0.0;0.0;1.0;3294.0


8.3;0.0;0.0;1.0;3294.0


8.4;0.0;0.0;2.0;3294.0


8.3;0.0;0.0;1.0;3294.0


7.3;0.0;0.0;2.0;3294.0


8.3;0.0;0.0;1.0;3294.0


8.4;0.0;0.0;1.0;3294.0


8.3;0.0;0.0;1.0;3294.0


8.3;0.0;0.0;1.0;3294.0


8.4;0.0;0.0;2.0;3294.0


8.3;0.1;0.0;2.0;3294.0


0.0;0.3;0.0;2.0;3294.0


7.1;210.8;9.0;1.0;3294.0


8.3;1231.5;54.1;1.0;3294.0


8.4;50.4;2.4;2.0;3294.0


8.3;0.0;0.0;1.0;3294.0


8.4;0.0;0.0;2.0;3294.0


8.3;0.0;0.0;2.0;3294.0


8.3;0.0;0.0;3.0;3294.0


8.4;0.0;0.0;2.0;3294.0


8.4;0.0;0.0;3.0;3294.0


8.4;0.0;0.0;4.0;3294.0


8.3;0.0;0.0;3.0;3294.0


8.4;0.0;0.0;11.0;3294.0


8.3;0.0;0.0;7.0;3294.0


8.3;0.0;0.0;13.0;3294.0


8.4;0.0;0.0;8.0;3294.0


8.3;0.0;0.0;9.0;3294.0


8.4;0.0;0.0;11.0;3294.0


8.3;0.0;0.0;10.0;3294.0


8.3;0.0;0.0;11.0;3294.0


8.4;0.0;0.0;8.0;3294.0


7.1;0.0;0.0;10.0;3294.0


5.6;0.0;0.0;9.0;3294.0


8.3;0.0;0.0;11.0;3294.0


8.3;1.0;0.3;11.0;3294.0


8.3;0.0;0.0;10.0;3294.0


8.3;0.0;0.0;8.0;3294.0


8.4;0.0;0.0;8.0;3294.0


8.3;0.0;0.0;11.0;3294.0


8.3;0.0;0.0;10.0;3294.0


8.3;0.0;0.0;9.0;3294.0


8.3;0.0;0.0;11.0;3294.0


8.3;0.0;0.0;12.0;3294.0


8.3;0.0;0.0;9.0;3294.0


8.3;0.0;0.0;11.0;3294.0


8.3;0.0;0.0;55.0;3300.0


8.3;0.0;0.0;40.0;3300.0


7.3;0.0;0.0;37.0;3300.0


7.1;0.0;0.0;34.0;3300.0


8.4;0.0;0.0;40.0;3300.0


6.9;0.0;0.0;33.0;3300.0


4.8;0.0;0.0;41.0;3300.0


7.3;0.0;0.0;33.0;3300.0


6.9;0.0;0.0;36.0;3300.0


7.0;0.0;0.0;33.0;3300.0


7.2;0.0;0.0;36.0;3300.0


7.2;0.0;0.0;41.0;3300.0


7.3;0.0;0.0;31.0;3300.0


8.3;0.0;0.0;39.0;3300.0


8.3;0.0;0.0;31.0;3300.0


8.3;0.0;0.0;44.0;3300.0


8.4;0.0;0.0;46.0;3300.0


8.3;0.0;0.0;45.0;3300.0


8.4;0.0;0.0;45.0;3300.0


0.0;3.7;0.3;2.0;3300.0


0.0;0.3;0.0;2.0;3300.0


10.8;1137.7;49.8;2.0;3300.0


8.3;354.1;15.8;1.0;3300.0


8.4;0.0;0.0;2.0;3300.0


8.4;0.0;0.0;1.0;3300.0


8.4;0.0;0.0;2.0;3300.0


8.4;0.0;0.0;1.0;3300.0


8.3;0.0;0.0;1.0;3300.0


8.4;0.0;0.0;1.0;3300.0


8.3;0.0;0.0;2.0;3300.0


8.3;0.0;0.0;2.0;3300.0


8.3;0.0;0.0;2.0;3300.0


8.3;0.0;0.0;2.0;3300.0


8.4;0.0;0.0;1.0;3300.0


7.3;0.0;0.0;1.0;3300.0


8.3;0.0;0.0;2.0;3300.0


8.3;0.0;0.0;1.0;3300.0


8.4;0.0;0.0;1.0;3300.0


8.3;0.0;0.0;1.0;3300.0


8.3;0.0;0.0;2.0;3300.0


8.4;0.0;0.0;1.0;3300.0


8.3;0.0;0.0;2.0;3300.0


8.4;0.0;0.0;1.0;3300.0


8.4;0.0;0.0;1.0;3300.0


0.0;0.4;0.0;1.0;3300.0


7.2;217.5;9.3;2.0;3300.0


8.4;1274.1;56.0;1.0;3300.0


8.4;1.0;0.3;2.0;3300.0


8.3;0.0;0.0;1.0;3300.0


8.3;0.0;0.0;1.0;3300.0


8.3;0.0;0.0;2.0;3300.0


8.3;0.0;0.0;2.0;3300.0


8.4;0.0;0.0;2.0;3300.0


8.3;0.0;0.0;1.0;3300.0


8.4;0.0;0.0;1.0;3300.0


8.4;0.0;0.0;2.0;3300.0


8.3;0.0;0.0;1.0;3300.0


8.4;0.0;0.0;2.0;3300.0


8.3;0.0;0.0;1.0;3300.0


8.4;0.0;0.0;1.0;3300.0


8.4;0.0;0.0;1.0;3300.0


8.4;0.0;0.0;2.0;3300.0


8.4;0.0;0.0;2.0;3300.0


8.3;0.0;0.0;2.0;3300.0


8.4;0.0;0.0;1.0;3300.0


8.3;0.0;0.0;1.0;3300.0


8.4;0.0;0.0;1.0;3300.0


8.3;0.0;0.0;2.0;3300.0


8.3;1.0;0.3;2.0;3300.0


8.4;0.0;0.0;2.0;3300.0


8.3;0.0;0.0;1.0;3300.0


8.3;0.0;0.0;1.0;3300.0


8.3;0.0;0.0;1.0;3300.0


8.3;0.0;0.0;1.0;3300.0


8.3;0.0;0.0;2.0;3300.0


6.9;0.0;0.0;1.0;3300.0


8.4;0.0;0.0;2.0;3300.0


8.3;0.0;0.0;2.0;3300.0


8.3;0.0;0.0;2.0;3300.0


7.2;0.0;0.0;41.0;3300.0


6.9;0.0;0.0;37.0;3946.0


7.0;0.0;0.0;35.0;3946.0


6.0;0.0;0.0;36.0;3946.0


7.2;0.0;0.0;40.0;3946.0


8.3;0.0;0.0;42.0;3946.0


8.3;0.0;0.0;44.0;3946.0


8.3;0.0;0.0;45.0;3946.0


8.3;0.0;0.0;46.0;3946.0


8.4;0.0;0.0;44.0;3946.0


8.3;0.0;0.0;45.0;3946.0


8.4;0.0;0.0;38.0;3946.0


8.4;0.0;0.0;44.0;3946.0


8.3;0.0;0.0;44.0;3946.0


8.4;0.0;0.0;35.0;3946.0


8.3;0.0;0.0;44.0;3946.0


8.4;0.0;0.0;33.0;3946.0


0.0;3.9;0.3;2.0;3946.0


0.0;0.3;0.0;1.0;3946.0


10.8;549.6;23.9;1.0;3946.0


8.3;942.3;41.4;2.0;3947.0


8.3;1.0;0.3;2.0;3947.0


8.3;0.0;0.0;2.0;3947.0


8.4;0.0;0.0;2.0;3947.0


8.3;0.0;0.0;2.0;3947.0


8.3;0.0;0.0;2.0;3947.0


8.4;0.0;0.0;2.0;3947.0


8.3;0.0;0.0;2.0;3947.0


8.3;0.0;0.0;2.0;3947.0


8.3;0.0;0.0;3.0;3947.0


8.3;0.0;0.0;2.0;3947.0


8.3;0.0;0.0;4.0;3947.0


8.3;0.0;0.0;3.0;3947.0


8.4;0.0;0.0;3.0;3947.0


8.3;0.0;0.0;3.0;3947.0


8.4;0.0;0.0;3.0;3947.0


8.4;0.0;0.0;10.0;3947.0


8.4;0.0;0.0;8.0;3947.0


8.4;0.0;0.0;10.0;3947.0


8.4;0.0;0.0;9.0;3947.0


8.4;0.0;0.0;11.0;3947.0


8.3;0.0;0.0;10.0;3947.0


0.0;0.1;0.0;10.0;3947.0


0.0;0.3;0.0;9.0;3947.0


8.3;867.4;37.8;7.0;3947.0


8.4;625.9;27.7;11.0;3947.0


7.1;0.0;0.0;9.0;3947.0


8.4;0.0;0.0;13.0;3947.0


7.2;0.0;0.0;10.0;3947.0


8.3;0.0;0.0;11.0;3947.0


8.4;0.0;0.0;10.0;3947.0


8.3;0.0;0.0;8.0;3947.0


8.4;0.0;0.0;10.0;3947.0


8.3;0.0;0.0;10.0;3947.0


8.4;0.0;0.0;10.0;3947.0


8.4;0.0;0.0;10.0;3947.0


8.3;0.0;0.0;11.0;3947.0


8.4;0.0;0.0;8.0;3947.0


8.3;0.0;0.0;8.0;3947.0


8.4;0.0;0.0;7.0;3947.0


8.3;0.0;0.0;9.0;3947.0


8.3;0.0;0.0;11.0;3947.0


8.4;0.0;0.0;9.0;3947.0


8.3;0.0;0.0;8.0;3947.0


8.3;0.0;0.0;8.0;3947.0


8.3;0.0;0.0;9.0;3947.0


6.2;1.0;0.3;8.0;3947.0


8.3;0.0;0.0;10.0;3947.0


