8.3;12.2;1.3;0.0;1219.0


8.4;131.4;7.2;1.0;1219.0


8.3;103.8;9.2;0.0;1219.0


0.0;58.4;5.6;0.0;1219.0


0.0;0.3;0.0;0.0;1219.0


8.3;27.8;1.1;1.0;1219.0


8.3;0.3;0.0;5.0;1392.0


8.3;0.0;0.0;6.0;1530.0


8.4;0.0;0.0;6.0;1676.0


8.3;0.2;0.0;5.0;1790.0


8.3;0.0;0.0;5.0;1964.0


8.4;70.2;67.7;4.0;2090.0


8.4;84.8;353.6;25.0;2584.0


5.6;0.1;0.0;16.0;2584.0


0.0;0.3;0.0;0.0;2584.0


4.2;222.3;9.5;0.0;2584.0


9.7;1269.2;55.8;0.0;2584.0


8.3;1.0;0.3;0.0;2584.0


8.4;0.0;0.0;0.0;2584.0


8.3;0.0;0.0;0.0;2584.0


8.3;0.0;0.0;0.0;2584.0


8.3;0.0;0.0;0.0;2584.0


8.3;0.0;0.0;0.0;2584.0


8.3;0.0;0.0;0.0;2584.0


5.9;0.0;0.0;0.0;2584.0


7.0;0.0;0.0;0.0;2584.0


8.3;0.0;0.0;0.0;2584.0


8.4;0.0;0.0;0.0;2584.0


8.4;0.0;0.0;0.0;2584.0


8.3;0.0;0.0;0.0;2584.0


8.4;0.0;0.0;0.0;2584.0


8.4;0.0;0.0;0.0;2584.0


8.4;0.0;0.0;0.0;2584.0


8.3;0.0;0.0;0.0;2584.0


8.3;0.0;0.0;0.0;2584.0


8.3;0.0;0.0;0.0;2584.0


8.3;0.0;0.0;0.0;2584.0


8.4;0.0;0.0;0.0;2584.0


0.0;0.1;0.0;0.0;2584.0


0.0;0.3;0.0;0.0;2584.0


9.7;1184.3;51.8;0.0;2584.0


8.3;307.7;13.7;0.0;2584.0


8.3;0.0;0.0;0.0;2584.0


8.3;0.0;0.0;0.0;2584.0


8.4;0.0;0.0;0.0;2584.0


8.4;0.0;0.0;0.0;2584.0


8.4;0.0;0.0;0.0;2584.0


8.4;0.0;0.0;0.0;2584.0


8.3;0.0;0.0;0.0;2584.0


8.4;0.0;0.0;0.0;2584.0


8.3;0.0;0.0;0.0;2584.0


8.3;0.0;0.0;0.0;2584.0


8.3;0.0;0.0;0.0;2584.0


8.3;0.0;0.0;0.0;2584.0


8.4;0.0;0.0;0.0;2584.0


8.3;0.0;0.0;0.0;2584.0


8.3;0.0;0.0;0.0;2584.0


8.3;0.0;0.0;0.0;2584.0


8.3;0.0;0.0;0.0;2584.0


8.3;0.0;0.0;0.0;2584.0


8.3;0.0;0.0;0.0;2584.0


8.4;0.0;0.0;0.0;2584.0


8.3;1.0;0.3;0.0;2584.0


8.4;0.0;0.0;0.0;2584.0


8.4;0.0;0.0;0.0;2584.0


8.3;0.0;0.0;0.0;2584.0


8.4;0.0;0.0;0.0;2584.0


8.4;0.0;0.0;0.0;2584.0


8.4;0.0;0.0;0.0;2584.0


8.3;0.0;0.0;0.0;2584.0


8.3;0.0;0.0;0.0;2584.0


8.3;0.0;0.0;0.0;2584.0


8.3;0.0;0.0;49.0;2680.0


8.4;0.2;0.0;39.0;3294.0


8.3;0.0;0.0;42.0;3294.0


8.4;0.0;0.0;42.0;3294.0


8.4;0.0;0.0;41.0;3294.0


8.3;0.0;0.0;42.0;3294.0


8.4;0.0;0.0;41.0;3294.0


8.3;0.0;0.0;42.0;3294.0


7.0;0.0;0.0;41.0;3294.0


8.4;0.0;0.0;42.0;3294.0


8.4;0.0;0.0;42.0;3294.0


8.4;0.0;0.0;42.0;3294.0


5.5;0.0;0.0;39.0;3294.0


8.4;0.0;0.0;39.0;3294.0


8.3;0.0;0.0;39.0;3294.0


3.6;3.6;0.2;32.0;3296.0


0.0;0.3;0.0;0.0;3296.0


3.6;175.7;7.4;0.0;3296.0


7.2;1307.3;57.5;0.0;3296.0


8.3;9.6;0.6;0.0;3296.0


8.3;0.0;0.0;0.0;3296.0


8.3;0.0;0.0;0.0;3296.0


8.3;0.0;0.0;0.0;3296.0


8.3;0.0;0.0;0.0;3296.0


8.3;0.0;0.0;0.0;3296.0


8.4;0.0;0.0;0.0;3296.0


8.3;0.0;0.0;0.0;3296.0


8.3;0.0;0.0;0.0;3296.0


8.4;0.0;0.0;0.0;3296.0


8.3;0.0;0.0;0.0;3296.0


8.4;0.0;0.0;0.0;3296.0


8.4;0.0;0.0;0.0;3296.0


8.4;0.0;0.0;0.0;3296.0


8.3;0.0;0.0;0.0;3296.0


8.3;0.0;0.0;0.0;3296.0


8.3;0.0;0.0;0.0;3296.0


8.3;0.0;0.0;0.0;3296.0


8.4;0.0;0.0;0.0;3296.0


8.3;0.0;0.0;0.0;3296.0


8.4;0.0;0.0;0.0;3296.0


0.0;0.1;0.0;0.0;3296.0


0.0;0.3;0.0;0.0;3296.0


11.2;1179.8;51.6;0.0;3296.0


8.3;312.7;13.9;0.0;3296.0


6.0;0.0;0.0;0.0;3296.0


7.2;0.0;0.0;0.0;3296.0


8.3;0.0;0.0;0.0;3296.0


8.4;0.0;0.0;0.0;3296.0


8.3;0.0;0.0;0.0;3296.0


8.4;0.0;0.0;0.0;3296.0


8.3;0.0;0.0;0.0;3296.0


8.4;0.0;0.0;0.0;3296.0


8.3;0.0;0.0;0.0;3296.0


8.3;0.0;0.0;0.0;3296.0


8.4;0.0;0.0;0.0;3296.0


8.3;0.0;0.0;1.0;3296.0


8.3;0.0;0.0;0.0;3296.0


8.3;0.0;0.0;0.0;3296.0


8.3;0.0;0.0;1.0;3296.0


8.3;0.0;0.0;0.0;3296.0


8.3;0.0;0.0;0.0;3296.0


8.4;0.0;0.0;0.0;3296.0


8.3;0.0;0.0;1.0;3296.0


8.3;0.0;0.0;0.0;3296.0


8.4;1.0;0.3;0.0;3296.0


8.3;0.0;0.0;1.0;3296.0


8.4;0.0;0.0;0.0;3296.0


8.3;0.0;0.0;0.0;3296.0


8.4;0.0;0.0;0.0;3296.0


8.3;0.0;0.0;1.0;3296.0


8.3;0.0;0.0;0.0;3296.0


8.3;0.0;0.0;0.0;3296.0


8.3;0.0;0.0;1.0;3296.0


8.3;0.0;0.0;0.0;3296.0


8.3;0.0;0.0;1.0;3300.0


8.4;0.0;0.0;40.0;3300.0


8.3;0.0;0.0;45.0;3924.0


8.3;0.0;0.0;42.0;3924.0


8.4;0.0;0.0;42.0;3924.0


8.3;0.0;0.0;41.0;3924.0


8.4;0.0;0.0;42.0;3924.0


8.4;0.0;0.0;40.0;3924.0


8.3;0.0;0.0;39.0;3924.0


3.6;0.0;0.0;39.0;3924.0


8.3;0.0;0.0;38.0;3924.0


8.4;0.0;0.0;40.0;3924.0


8.3;0.0;0.0;39.0;3924.0


4.8;0.0;0.0;39.0;3924.0


8.3;0.0;0.0;38.0;3924.0


8.3;0.0;0.0;39.0;3924.0


3.6;3.7;0.3;0.0;3924.0


0.0;0.3;0.0;0.0;3924.0


5.5;176.6;7.5;0.0;3924.0


9.6;1315.7;57.8;0.0;3924.0


8.3;1.0;0.3;0.0;3924.0


8.4;0.0;0.0;0.0;3924.0


8.3;0.0;0.0;0.0;3924.0


8.4;0.0;0.0;0.0;3924.0


8.4;0.0;0.0;0.0;3924.0


8.3;0.0;0.0;0.0;3924.0


8.4;0.0;0.0;0.0;3924.0


8.3;0.0;0.0;0.0;3924.0


8.4;0.0;0.0;0.0;3924.0


8.3;0.0;0.0;0.0;3924.0


8.3;0.0;0.0;0.0;3924.0


8.3;0.0;0.0;0.0;3924.0


8.3;0.0;0.0;0.0;3924.0


8.3;0.0;0.0;0.0;3924.0


8.3;0.0;0.0;0.0;3924.0


8.3;0.0;0.0;0.0;3924.0


6.9;0.0;0.0;0.0;3924.0


7.2;0.0;0.0;0.0;3924.0


8.4;0.0;0.0;0.0;3924.0


8.3;0.0;0.0;0.0;3924.0


8.4;0.0;0.0;0.0;3924.0


0.0;0.1;0.0;0.0;3924.0


0.0;0.3;0.0;0.0;3924.0


9.6;834.7;36.4;0.0;3924.0


8.3;657.6;29.1;0.0;3924.0


8.4;0.0;0.0;0.0;3924.0


8.3;0.0;0.0;0.0;3924.0


8.4;0.0;0.0;0.0;3924.0


8.3;0.0;0.0;0.0;3924.0


8.4;0.0;0.0;0.0;3924.0


8.3;0.0;0.0;0.0;3924.0


8.3;0.0;0.0;0.0;3924.0


8.4;0.0;0.0;0.0;3924.0


8.3;0.0;0.0;0.0;3924.0


8.3;0.0;0.0;0.0;3924.0


8.4;0.0;0.0;0.0;3924.0


8.3;0.0;0.0;0.0;3924.0


8.4;0.0;0.0;0.0;3924.0


8.3;0.0;0.0;0.0;3924.0


8.4;0.0;0.0;0.0;3924.0


8.4;0.0;0.0;0.0;3924.0


8.3;0.0;0.0;0.0;3924.0


8.4;0.0;0.0;0.0;3924.0


8.3;0.0;0.0;0.0;3924.0


7.2;0.0;0.0;0.0;3924.0


8.3;1.0;0.3;0.0;3924.0


8.3;0.0;0.0;0.0;3924.0


8.3;0.0;0.0;0.0;3924.0


8.3;0.0;0.0;0.0;3924.0


8.3;0.0;0.0;0.0;3924.0


8.3;0.0;0.0;0.0;3924.0


8.3;0.0;0.0;0.0;3924.0


8.3;0.0;0.0;0.0;3924.0


8.4;0.0;0.0;0.0;3924.0


8.4;0.0;0.0;0.0;3924.0


8.3;0.0;0.0;0.0;3924.0


8.4;0.0;0.0;24.0;3928.0


8.3;0.0;0.0;40.0;3928.0


7.2;0.0;0.0;41.0;3928.0


8.4;0.0;0.0;39.0;3928.0


8.3;0.0;0.0;38.0;3926.0


7.2;0.0;0.0;40.0;3920.0


8.3;0.0;0.0;40.0;3920.0


8.4;0.0;0.0;39.0;3920.0


6.9;0.0;0.0;39.0;3920.0


7.2;0.0;0.0;38.0;3920.0


8.4;0.0;0.0;38.0;3920.0


8.3;0.0;0.0;38.0;3919.0


8.3;0.0;0.0;39.0;3913.0


7.1;0.0;0.0;40.0;3913.0


8.3;0.0;0.0;41.0;3913.0


8.4;0.0;0.0;42.0;3913.0


0.0;3.7;0.3;0.0;3913.0


0.0;0.3;0.0;0.0;3913.0


6.9;1180.1;51.6;0.0;3913.0


8.4;312.5;13.9;0.0;3913.0


8.4;0.0;0.0;0.0;3913.0


8.4;0.0;0.0;0.0;3913.0


8.4;0.0;0.0;0.0;3913.0


8.3;0.0;0.0;0.0;3913.0


8.4;0.0;0.0;0.0;3913.0


7.3;0.0;0.0;0.0;3913.0


8.4;0.0;0.0;0.0;3913.0


8.3;0.0;0.0;0.0;3913.0


8.3;0.0;0.0;0.0;3913.0


8.3;0.0;0.0;0.0;3913.0


8.3;0.0;0.0;1.0;3913.0


8.3;0.0;0.0;0.0;3913.0


8.3;0.0;0.0;0.0;3913.0


8.3;0.0;0.0;1.0;3913.0


8.3;0.0;0.0;1.0;3913.0


8.3;0.0;0.0;0.0;3913.0


8.4;0.0;0.0;0.0;3913.0


8.3;0.0;0.0;1.0;3913.0


8.4;0.0;0.0;0.0;3913.0


8.4;0.0;0.0;0.0;3913.0


0.0;0.1;0.0;0.0;3913.0


0.0;0.3;0.0;1.0;3913.0


9.5;852.2;37.2;0.0;3913.0


8.4;639.3;28.3;0.0;3913.0


8.3;0.0;0.0;1.0;3913.0


8.4;0.0;0.0;0.0;3913.0


8.4;0.0;0.0;0.0;3913.0


8.3;0.0;0.0;0.0;3913.0


8.4;0.0;0.0;1.0;3913.0


8.3;0.0;0.0;0.0;3913.0


8.3;0.0;0.0;1.0;3913.0


8.4;0.0;0.0;1.0;3913.0


8.3;0.0;0.0;0.0;3913.0


7.2;0.0;0.0;0.0;3913.0


8.3;0.0;0.0;0.0;3913.0


8.4;0.0;0.0;1.0;3913.0


8.4;0.0;0.0;0.0;3913.0


8.4;0.0;0.0;1.0;3913.0


8.4;0.0;0.0;1.0;3913.0


8.3;0.0;0.0;0.0;3913.0


8.4;0.0;0.0;0.0;3913.0


8.3;0.0;0.0;0.0;3913.0


8.3;0.0;0.0;0.0;3913.0


8.3;0.0;0.0;0.0;3913.0


8.3;1.0;0.3;1.0;3913.0


8.3;0.0;0.0;1.0;3913.0


8.3;0.0;0.0;0.0;3913.0


8.3;0.0;0.0;1.0;3913.0


8.4;0.0;0.0;0.0;3913.0


8.3;0.0;0.0;0.0;3913.0


8.4;0.0;0.0;0.0;3913.0


8.3;0.0;0.0;1.0;3913.0


8.4;0.0;0.0;0.0;3913.0


8.3;0.0;0.0;1.0;3913.0


8.4;0.0;0.0;2.0;3913.0


6.0;0.0;0.0;53.0;3913.0


6.9;0.0;0.0;46.0;4559.0


6.0;0.0;0.0;38.0;4559.0


