8.4;6.6;0.5;0.0;1204.0


8.3;122.0;7.2;0.0;1204.0


8.4;93.4;7.4;0.0;1204.0


3.1;83.8;8.3;0.0;1204.0


0.0;0.3;0.0;0.0;1204.0


4.2;26.6;1.0;0.0;1204.0


7.0;2.3;0.2;3.0;1353.0


8.3;0.0;0.0;4.0;1501.0


8.3;0.0;0.0;5.0;1631.0


8.4;0.0;0.0;5.0;1749.0


8.3;0.2;0.0;4.0;1887.0


8.4;70.2;67.7;6.0;2009.0


8.3;84.8;353.6;22.0;2589.0


7.2;0.1;0.0;48.0;2589.0


0.0;0.3;0.0;0.0;2589.0


6.0;223.7;9.6;0.0;2589.0


8.4;1267.7;55.7;0.0;2589.0


8.3;1.0;0.3;0.0;2589.0


8.3;0.0;0.0;0.0;2589.0


8.3;0.0;0.0;0.0;2589.0


8.3;0.0;0.0;0.0;2589.0


8.4;0.0;0.0;0.0;2589.0


8.3;0.0;0.0;0.0;2589.0


8.4;0.0;0.0;0.0;2589.0


8.4;0.0;0.0;0.0;2589.0


8.4;0.0;0.0;0.0;2589.0


8.4;0.0;0.0;0.0;2589.0


8.4;0.0;0.0;0.0;2589.0


8.4;0.0;0.0;0.0;2589.0


8.3;0.0;0.0;0.0;2589.0


8.4;0.0;0.0;0.0;2589.0


8.3;0.0;0.0;0.0;2589.0


8.3;0.0;0.0;0.0;2589.0


6.9;0.0;0.0;0.0;2589.0


8.3;0.0;0.0;0.0;2589.0


8.3;0.0;0.0;0.0;2589.0


8.3;0.0;0.0;0.0;2589.0


8.3;0.0;0.0;0.0;2589.0


1.2;0.4;0.0;0.0;2589.0


5.2;230.1;9.9;0.0;2589.0


9.8;1260.6;55.4;0.0;2589.0


8.3;1.0;0.3;0.0;2589.0


8.4;0.0;0.0;0.0;2589.0


8.3;0.0;0.0;0.0;2589.0


8.3;0.0;0.0;0.0;2589.0


8.4;0.0;0.0;0.0;2589.0


8.3;0.0;0.0;0.0;2589.0


8.4;0.0;0.0;0.0;2589.0


8.3;0.0;0.0;0.0;2589.0


8.3;0.0;0.0;0.0;2589.0


8.3;0.0;0.0;0.0;2589.0


8.4;0.0;0.0;0.0;2589.0


8.4;0.0;0.0;0.0;2589.0


8.3;0.0;0.0;0.0;2589.0


8.3;0.0;0.0;0.0;2589.0


8.3;0.0;0.0;0.0;2589.0


8.3;0.0;0.0;0.0;2589.0


8.4;0.0;0.0;0.0;2589.0


8.3;0.0;0.0;0.0;2589.0


8.4;0.0;0.0;0.0;2589.0


8.4;0.0;0.0;0.0;2589.0


8.4;1.0;0.3;0.0;2589.0


8.4;0.0;0.0;0.0;2589.0


8.4;0.0;0.0;0.0;2589.0


8.4;0.0;0.0;0.0;2589.0


8.3;0.0;0.0;0.0;2589.0


8.3;0.0;0.0;0.0;2589.0


8.3;0.0;0.0;0.0;2589.0


6.9;0.0;0.0;0.0;2589.0


8.3;0.0;0.0;0.0;2589.0


8.4;0.0;0.0;0.0;2589.0


8.3;0.0;0.0;0.0;2589.0


8.3;0.2;0.0;56.0;2589.0


8.4;0.0;0.0;46.0;3203.0


8.3;0.0;0.0;41.0;3203.0


8.3;0.0;0.0;40.0;3203.0


8.3;0.0;0.0;40.0;3203.0


8.4;0.0;0.0;40.0;3203.0


8.4;0.0;0.0;41.0;3203.0


8.3;0.0;0.0;42.0;3203.0


8.3;0.0;0.0;41.0;3203.0


8.3;0.0;0.0;42.0;3203.0


8.3;0.0;0.0;41.0;3203.0


8.4;0.0;0.0;39.0;3203.0


6.9;0.0;0.0;38.0;3203.0


8.4;0.0;0.0;39.0;3203.0


8.4;0.0;0.0;38.0;3203.0


2.4;3.6;0.2;11.0;3203.0


0.0;0.3;0.0;0.0;3203.0


3.6;224.3;9.6;0.0;3203.0


7.0;1266.4;55.6;0.0;3203.0


8.3;1.0;0.3;0.0;3203.0


8.4;0.0;0.0;0.0;3203.0


8.3;0.0;0.0;0.0;3203.0


8.3;0.0;0.0;0.0;3217.0


8.4;0.0;0.0;0.0;3217.0


8.3;0.0;0.0;0.0;3217.0


8.4;0.0;0.0;0.0;3217.0


8.3;0.0;0.0;0.0;3209.0


8.3;0.0;0.0;0.0;3209.0


8.4;0.0;0.0;0.0;3217.0


8.3;0.0;0.0;0.0;3217.0


8.4;0.0;0.0;0.0;3217.0


8.3;0.0;0.0;0.0;3217.0


8.4;0.0;0.0;0.0;3211.0


8.3;0.0;0.0;2.0;3210.0


8.3;0.0;0.0;3.0;3221.0


8.4;0.0;0.0;2.0;3213.0


8.3;0.0;0.0;2.0;3264.0


8.3;0.0;0.0;2.0;3251.0


8.3;0.0;0.0;0.0;3251.0


8.3;0.0;0.0;0.0;3251.0


0.0;0.1;0.0;0.0;3251.0


0.0;0.3;0.0;0.0;3252.0


10.8;1167.9;51.0;1.0;3253.0


7.1;325.0;14.5;2.0;3267.0


8.3;0.0;0.0;0.0;3267.0


8.3;0.0;0.0;0.0;3267.0


8.3;0.0;0.0;0.0;3265.0


8.4;0.0;0.0;1.0;3239.0


8.3;0.0;0.0;0.0;3239.0


8.4;0.0;0.0;0.0;3235.0


8.4;0.0;0.0;0.0;3235.0


8.4;0.0;0.0;0.0;3235.0


8.4;0.0;0.0;0.0;3235.0


8.4;0.0;0.0;2.0;3241.0


7.2;0.0;0.0;0.0;3240.0


8.3;0.0;0.0;1.0;3235.0


8.4;0.0;0.0;3.0;3232.0


8.3;0.0;0.0;0.0;3221.0


8.3;0.0;0.0;1.0;3236.0


8.4;0.0;0.0;0.0;3235.0


8.3;0.0;0.0;0.0;3234.0


8.4;0.0;0.0;0.0;3228.0


6.9;0.0;0.0;2.0;3221.0


8.3;0.0;0.0;1.0;3236.0


7.2;1.0;0.3;2.0;3225.0


8.3;0.0;0.0;1.0;3229.0


8.4;0.0;0.0;2.0;3237.0


8.3;0.0;0.0;4.0;3234.0


8.3;0.0;0.0;1.0;3240.0


8.3;0.0;0.0;1.0;3239.0


8.3;0.0;0.0;0.0;3239.0


8.4;0.0;0.0;0.0;3239.0


8.3;0.0;0.0;2.0;3239.0


7.3;0.0;0.0;0.0;3267.0


8.3;0.0;0.0;1.0;3259.0


8.4;0.0;0.0;40.0;3264.0


8.3;0.0;0.0;40.0;3866.0


8.3;0.0;0.0;39.0;3866.0


8.4;0.0;0.0;40.0;3857.0


8.3;0.0;0.0;45.0;3859.0


8.3;0.0;0.0;48.0;3863.0


8.3;0.0;0.0;40.0;3863.0


7.1;0.0;0.0;38.0;3863.0


8.4;0.0;0.0;40.0;3863.0


5.5;0.0;0.0;39.0;3863.0


4.8;0.0;0.0;38.0;3861.0


7.2;0.0;0.0;39.0;3861.0


8.3;0.0;0.0;38.0;3861.0


8.4;0.0;0.0;39.0;3861.0


8.4;0.0;0.0;39.0;3861.0


8.4;0.0;0.0;42.0;3863.0


0.0;3.6;0.2;2.0;3867.0


0.0;0.3;0.0;1.0;3867.0


9.5;537.8;23.4;1.0;3857.0


8.4;952.8;41.8;1.0;3857.0


8.3;1.0;0.3;3.0;3890.0


8.3;0.0;0.0;2.0;3891.0


8.4;0.0;0.0;3.0;3918.0


8.3;0.0;0.0;4.0;3918.0


8.3;0.0;0.0;3.0;3918.0


8.3;0.0;0.0;4.0;3918.0


8.3;0.0;0.0;6.0;3916.0


8.4;0.0;0.0;5.0;3916.0


8.3;0.0;0.0;8.0;3937.0


8.3;0.0;0.0;10.0;3975.0


8.4;0.0;0.0;7.0;4005.0


8.4;0.0;0.0;12.0;4018.0


8.4;0.0;0.0;10.0;4033.0


8.3;0.0;0.0;11.0;4055.0


8.3;0.0;0.0;2.0;4020.0


8.3;0.0;0.0;1.0;4049.0


8.4;0.0;0.0;5.0;4049.0


8.4;0.0;0.0;1.0;4049.0


8.3;0.0;0.0;2.0;4049.0


8.3;0.0;0.0;2.0;4049.0


6.9;0.0;0.0;4.0;4047.0


0.0;0.1;0.0;7.0;4040.0


0.0;0.3;0.0;5.0;4060.0


9.5;484.3;21.0;13.0;4042.0


7.0;1007.4;44.2;10.0;4040.0


7.1;1.0;0.3;22.0;4042.0


8.4;0.0;0.0;8.0;4042.0


8.4;0.0;0.0;13.0;4018.0


8.4;0.0;0.0;25.0;4018.0


8.4;0.0;0.0;15.0;4018.0


8.4;0.0;0.0;1.0;4018.0


8.4;0.0;0.0;0.0;4018.0


8.3;0.0;0.0;0.0;4018.0


8.3;0.0;0.0;0.0;4018.0


8.3;0.0;0.0;0.0;4018.0


8.3;0.0;0.0;0.0;4018.0


8.4;0.0;0.0;0.0;4018.0


8.3;0.0;0.0;0.0;4018.0


8.4;0.0;0.0;0.0;4018.0


8.3;0.0;0.0;0.0;4018.0


8.3;0.0;0.0;0.0;4018.0


8.4;0.0;0.0;0.0;4018.0


8.3;0.0;0.0;0.0;4018.0


8.4;0.0;0.0;0.0;4018.0


8.4;0.0;0.0;0.0;4018.0


8.4;1.0;0.3;0.0;4018.0


8.4;0.0;0.0;0.0;4018.0


8.4;0.0;0.0;0.0;4018.0


8.4;0.0;0.0;0.0;4018.0


8.3;0.0;0.0;0.0;4018.0


8.4;0.0;0.0;0.0;4018.0


8.3;0.0;0.0;0.0;4018.0


8.3;0.0;0.0;0.0;4018.0


8.4;0.0;0.0;0.0;4018.0


8.3;0.0;0.0;0.0;4018.0


8.4;0.0;0.0;0.0;4018.0


8.3;0.0;0.0;54.0;4018.0


8.3;0.0;0.0;38.0;4637.0


8.3;0.0;0.0;42.0;4637.0


8.3;0.0;0.0;39.0;4637.0


8.4;0.0;0.0;38.0;4637.0


8.3;0.0;0.0;39.0;4637.0


7.2;0.0;0.0;39.0;4637.0


7.2;0.0;0.0;38.0;4637.0


6.9;0.0;0.0;39.0;4637.0


7.0;0.0;0.0;39.0;4637.0


8.4;0.0;0.0;38.0;4637.0


8.3;0.0;0.0;39.0;4637.0


8.3;0.0;0.0;39.0;4637.0


8.3;0.0;0.0;41.0;4637.0


8.3;0.0;0.0;49.0;4637.0


8.3;0.0;0.0;41.0;4637.0


0.0;3.7;0.3;9.0;4636.0


0.0;0.3;0.0;0.0;4636.0


7.2;555.1;24.2;1.0;4636.0


8.3;935.9;41.1;1.0;4636.0


8.3;1.0;0.3;6.0;4636.0


8.4;0.0;0.0;6.0;4636.0


8.3;0.0;0.0;2.0;4636.0


8.4;0.0;0.0;3.0;4636.0


8.4;0.0;0.0;0.0;4636.0


8.3;0.0;0.0;7.0;4636.0


7.2;0.0;0.0;2.0;4636.0


5.5;0.0;0.0;0.0;4636.0


8.4;0.0;0.0;4.0;4636.0


8.3;0.0;0.0;5.0;4636.0


8.4;0.0;0.0;2.0;4636.0


8.3;0.0;0.0;0.0;4636.0


8.3;0.0;0.0;0.0;4636.0


8.3;0.0;0.0;9.0;4638.0


8.3;0.0;0.0;4.0;4638.0


8.3;0.0;0.0;2.0;4638.0


8.3;0.0;0.0;1.0;4638.0


8.3;0.0;0.0;1.0;4638.0


8.3;0.0;0.0;1.0;4638.0


8.3;0.0;0.0;2.0;4636.0


8.4;0.0;0.0;2.0;4636.0


0.0;0.1;0.0;5.0;4636.0


0.0;0.3;0.0;6.0;4638.0


9.6;834.5;36.5;0.0;4636.0


8.4;657.0;29.1;0.0;4636.0


8.4;0.0;0.0;0.0;4636.0


8.4;0.0;0.0;0.0;4636.0


8.4;0.0;0.0;7.0;4636.0


8.3;0.0;0.0;3.0;4636.0


8.3;0.0;0.0;0.0;4636.0


8.3;0.0;0.0;0.0;4636.0


8.3;0.0;0.0;0.0;4636.0


8.4;0.0;0.0;7.0;4638.0


8.3;0.0;0.0;2.0;4638.0


8.4;0.0;0.0;2.0;4638.0


8.4;0.0;0.0;2.0;4638.0


8.3;0.0;0.0;2.0;4638.0


8.4;0.0;0.0;0.0;4638.0


8.3;0.0;0.0;0.0;4638.0


8.4;0.0;0.0;0.0;4638.0


8.4;0.0;0.0;0.0;4638.0


8.3;0.0;0.0;0.0;4638.0


8.4;0.0;0.0;0.0;4638.0


8.4;0.0;0.0;7.0;4636.0


8.3;0.0;0.0;7.0;4636.0


8.3;1.0;0.3;9.0;4636.0


8.4;0.0;0.0;7.0;4636.0


8.3;0.0;0.0;2.0;4634.0


8.4;0.0;0.0;7.0;4598.0


8.3;0.0;0.0;6.0;4534.0


8.3;0.0;0.0;0.0;4534.0


8.4;0.0;0.0;6.0;4534.0


8.3;0.0;0.0;2.0;4534.0


8.3;0.0;0.0;0.0;4534.0


8.3;0.0;0.0;0.0;4534.0


8.3;0.0;0.0;0.0;4532.0


8.4;0.0;0.0;1.0;4534.0


