8.4;0.4;0.0;0.0;820.0


8.3;128.2;7.6;0.0;820.0


7.2;93.4;7.4;1.0;821.0


5.9;83.8;8.3;2.0;848.0


0.0;0.3;0.0;1.0;842.0


6.9;26.8;1.0;0.0;840.0


8.3;2.3;0.2;3.0;986.0


7.3;0.0;0.0;5.0;1119.0


8.3;0.0;0.0;12.0;1263.0


8.4;0.0;0.0;5.0;1383.0


8.4;0.2;0.0;4.0;1489.0


8.3;70.2;67.7;9.0;1629.0


8.4;45.5;146.0;21.0;2049.0


8.3;39.3;207.6;70.0;2235.0


0.0;0.1;0.0;0.0;2235.0


0.0;0.3;0.0;0.0;2235.0


8.4;1182.3;51.7;0.0;2235.0


8.3;309.2;13.8;0.0;2235.0


8.3;0.0;0.0;0.0;2235.0


8.3;0.0;0.0;0.0;2235.0


8.3;0.0;0.0;0.0;2235.0


8.3;0.0;0.0;0.0;2235.0


8.3;0.0;0.0;0.0;2235.0


8.4;0.0;0.0;0.0;2235.0


8.4;0.0;0.0;0.0;2233.0


8.3;0.0;0.0;0.0;2229.0


8.4;0.0;0.0;0.0;2228.0


8.3;0.0;0.0;0.0;2228.0


8.4;0.0;0.0;0.0;2228.0


8.4;0.0;0.0;0.0;2228.0


8.3;0.0;0.0;0.0;2227.0


8.4;0.0;0.0;0.0;2224.0


8.3;0.0;0.0;0.0;2221.0


8.4;0.0;0.0;0.0;2221.0


8.3;0.0;0.0;0.0;2218.0


8.4;0.0;0.0;0.0;2218.0


8.3;0.0;0.0;0.0;2215.0


8.3;0.0;0.0;0.0;2215.0


0.0;0.1;0.0;0.0;2215.0


0.0;0.3;0.0;0.0;2215.0


6.9;850.4;37.1;0.0;2215.0


8.3;641.2;28.4;0.0;2215.0


8.3;0.0;0.0;0.0;2215.0


8.4;0.0;0.0;0.0;2215.0


8.3;0.0;0.0;0.0;2215.0


8.4;0.0;0.0;0.0;2221.0


8.4;0.0;0.0;0.0;2221.0


8.3;0.0;0.0;0.0;2221.0


8.4;0.0;0.0;0.0;2221.0


8.3;0.0;0.0;0.0;2221.0


8.4;0.0;0.0;0.0;2221.0


8.3;0.0;0.0;0.0;2221.0


8.3;0.0;0.0;0.0;2220.0


8.3;0.0;0.0;0.0;2220.0


8.3;0.0;0.0;0.0;2220.0


8.3;0.0;0.0;0.0;2220.0


8.3;0.0;0.0;0.0;2220.0


8.3;0.0;0.0;0.0;2220.0


8.3;0.0;0.0;0.0;2220.0


8.4;0.0;0.0;0.0;2215.0


8.4;0.0;0.0;0.0;2215.0


8.3;0.0;0.0;0.0;2215.0


8.4;1.0;0.3;0.0;2215.0


8.3;0.0;0.0;0.0;2215.0


8.4;0.0;0.0;0.0;2215.0


8.4;0.0;0.0;0.0;2215.0


8.4;0.0;0.0;0.0;2215.0


8.4;0.0;0.0;0.0;2215.0


8.4;0.0;0.0;0.0;2215.0


8.4;0.0;0.0;0.0;2215.0


8.3;0.0;0.0;1.0;2215.0


8.4;0.0;0.0;1.0;2215.0


8.3;0.0;0.0;26.0;2215.0


8.4;0.2;0.0;43.0;2231.0


8.4;0.0;0.0;48.0;2835.0


8.3;0.0;0.0;48.0;2835.0


8.3;0.0;0.0;47.0;2835.0


8.4;0.0;0.0;46.0;2835.0


8.3;0.0;0.0;47.0;2835.0


8.4;0.0;0.0;48.0;2835.0


8.3;0.0;0.0;46.0;2835.0


8.4;0.0;0.0;47.0;2835.0


8.4;0.0;0.0;47.0;2835.0


8.4;0.0;0.0;47.0;2835.0


8.4;0.0;0.0;48.0;2835.0


8.3;0.0;0.0;47.0;2835.0


1.2;3.7;0.3;1.0;2838.0


0.0;0.3;0.0;0.0;2838.0


11.1;507.5;22.1;0.0;2838.0


8.3;983.6;43.2;0.0;2838.0


8.3;1.0;0.3;0.0;2838.0


8.3;0.0;0.0;0.0;2838.0


8.3;0.0;0.0;0.0;2838.0


8.3;0.0;0.0;0.0;2838.0


8.3;0.0;0.0;0.0;2838.0


8.3;0.0;0.0;0.0;2838.0


8.4;0.0;0.0;0.0;2838.0


8.3;0.0;0.0;0.0;2838.0


8.4;0.0;0.0;0.0;2838.0


8.3;0.0;0.0;0.0;2838.0


8.4;0.0;0.0;0.0;2836.0


8.4;0.0;0.0;0.0;2836.0


8.3;0.0;0.0;0.0;2836.0


8.4;0.0;0.0;0.0;2836.0


8.3;0.0;0.0;0.0;2836.0


8.4;0.0;0.0;0.0;2836.0


8.3;0.0;0.0;0.0;2836.0


8.4;0.0;0.0;0.0;2836.0


8.4;0.0;0.0;0.0;2836.0


8.3;0.0;0.0;0.0;2836.0


4.2;0.1;0.0;0.0;2836.0


0.0;0.3;0.0;0.0;2838.0


8.3;177.9;7.6;0.0;2838.0


7.2;1312.9;57.7;0.0;2838.0


8.3;1.0;0.3;0.0;2838.0


8.4;0.0;0.0;0.0;2838.0


8.3;0.0;0.0;0.0;2838.0


8.4;0.0;0.0;0.0;2838.0


8.3;0.0;0.0;0.0;2838.0


8.4;0.0;0.0;0.0;2838.0


8.4;0.0;0.0;0.0;2838.0


8.3;0.0;0.0;0.0;2838.0


8.4;0.0;0.0;0.0;2838.0


8.3;0.0;0.0;0.0;2838.0


8.3;0.0;0.0;0.0;2837.0


8.3;0.0;0.0;0.0;2833.0


8.3;0.0;0.0;0.0;2833.0


8.3;0.0;0.0;0.0;2833.0


8.3;0.0;0.0;0.0;2833.0


8.4;0.0;0.0;0.0;2833.0


8.4;0.0;0.0;0.0;2833.0


8.3;0.0;0.0;0.0;2833.0


8.4;0.0;0.0;0.0;2833.0


8.3;0.0;0.0;0.0;2833.0


8.4;1.0;0.3;0.0;2833.0


8.3;0.0;0.0;0.0;2833.0


8.3;0.0;0.0;0.0;2833.0


8.4;0.0;0.0;0.0;2833.0


8.3;0.0;0.0;0.0;2833.0


8.4;0.0;0.0;0.0;2833.0


8.3;0.0;0.0;0.0;2833.0


8.4;0.0;0.0;0.0;2833.0


8.3;0.0;0.0;0.0;2833.0


8.4;0.0;0.0;0.0;2833.0


8.4;0.0;0.0;0.0;2838.0


8.3;0.0;0.0;42.0;2842.0


8.4;0.0;0.0;39.0;3452.0


8.3;0.0;0.0;46.0;3452.0


8.3;0.0;0.0;46.0;3452.0


8.4;0.0;0.0;47.0;3452.0


8.3;0.0;0.0;47.0;3452.0


8.4;0.0;0.0;47.0;3452.0


8.3;0.0;0.0;48.0;3452.0


8.4;0.0;0.0;47.0;3452.0


8.4;0.0;0.0;48.0;3452.0


8.4;0.0;0.0;46.0;3452.0


8.4;0.0;0.0;47.0;3452.0


8.3;0.0;0.0;47.0;3452.0


8.4;3.7;0.3;44.0;3452.0


0.0;0.3;0.0;0.0;3452.0


4.2;175.3;7.4;0.0;3452.0


8.3;1316.1;57.8;0.0;3452.0


8.3;1.0;0.3;0.0;3452.0


8.3;0.0;0.0;0.0;3452.0


8.3;0.0;0.0;0.0;3452.0


8.3;0.0;0.0;0.0;3454.0


8.4;0.0;0.0;0.0;3454.0


8.3;0.0;0.0;0.0;3454.0


8.4;0.0;0.0;0.0;3452.0


8.3;0.0;0.0;0.0;3452.0


8.4;0.0;0.0;0.0;3452.0


8.3;0.0;0.0;0.0;3452.0


8.4;0.0;0.0;0.0;3452.0


8.4;0.0;0.0;0.0;3452.0


8.3;0.0;0.0;0.0;3452.0


8.4;0.0;0.0;0.0;3452.0


8.3;0.0;0.0;0.0;3452.0


8.3;0.0;0.0;1.0;3452.0


8.3;0.0;0.0;0.0;3448.0


8.4;0.0;0.0;1.0;3452.0


8.3;0.0;0.0;1.0;3452.0


8.3;0.0;0.0;1.0;3452.0


8.3;0.0;0.0;0.0;3452.0


0.0;0.4;0.0;2.0;3452.0


6.2;220.6;9.4;1.0;3452.0


9.4;1271.6;55.9;2.0;3452.0


8.3;1.0;0.3;1.0;3452.0


8.4;0.0;0.0;0.0;3452.0


8.3;0.0;0.0;1.0;3452.0


8.4;0.0;0.0;1.0;3452.0


8.4;0.0;0.0;1.0;3452.0


8.4;0.0;0.0;1.0;3452.0


8.4;0.0;0.0;0.0;3452.0


8.3;0.0;0.0;0.0;3452.0


8.4;0.0;0.0;1.0;3452.0


8.3;0.0;0.0;1.0;3452.0


8.3;0.0;0.0;0.0;3452.0


8.4;0.0;0.0;1.0;3450.0


8.3;0.0;0.0;0.0;3447.0


8.4;0.0;0.0;1.0;3447.0


8.3;0.0;0.0;1.0;3447.0


8.3;0.0;0.0;1.0;3447.0


8.4;0.0;0.0;1.0;3447.0


8.3;0.0;0.0;1.0;3447.0


8.4;0.0;0.0;1.0;3447.0


8.3;0.0;0.0;1.0;3447.0


8.4;1.0;0.3;1.0;3448.0


8.3;0.0;0.0;0.0;3452.0


8.3;0.0;0.0;0.0;3452.0


8.4;0.0;0.0;2.0;3452.0


8.3;0.0;0.0;0.0;3452.0


8.4;0.0;0.0;0.0;3452.0


8.3;0.0;0.0;0.0;3452.0


8.3;0.0;0.0;0.0;3452.0


8.3;0.0;0.0;2.0;3452.0


8.4;0.0;0.0;1.0;3452.0


8.4;0.0;0.0;0.0;3452.0


8.4;0.0;0.0;44.0;3454.0


8.3;0.0;0.0;38.0;4088.0


8.4;0.0;0.0;47.0;4088.0


8.3;0.0;0.0;47.0;4088.0


8.4;0.0;0.0;46.0;4088.0


8.4;0.0;0.0;46.0;4088.0


8.3;0.0;0.0;47.0;4088.0


8.3;0.0;0.0;47.0;4088.0


8.3;0.0;0.0;46.0;4088.0


8.3;0.0;0.0;48.0;4088.0


8.3;0.0;0.0;48.0;4088.0


8.4;0.0;0.0;46.0;4088.0


8.4;0.0;0.0;46.0;4088.0


8.3;0.0;0.0;46.0;4088.0


0.0;3.8;0.3;0.0;4088.0


0.0;0.3;0.0;0.0;4088.0


8.3;855.0;37.3;0.0;4088.0


8.4;636.2;27.9;0.0;4088.0


8.3;1.0;0.3;0.0;4088.0


8.4;0.0;0.0;0.0;4088.0


8.4;0.0;0.0;0.0;4088.0


8.4;0.0;0.0;0.0;4088.0


8.4;0.0;0.0;0.0;4088.0


8.4;0.0;0.0;0.0;4088.0


8.4;0.0;0.0;0.0;4088.0


8.3;0.0;0.0;0.0;4088.0


8.4;0.0;0.0;0.0;4088.0


8.3;0.0;0.0;0.0;4088.0


8.4;0.0;0.0;0.0;4088.0


8.4;0.0;0.0;0.0;4088.0


8.3;0.0;0.0;0.0;4088.0


8.4;0.0;0.0;0.0;4088.0


8.3;0.0;0.0;0.0;4088.0


8.3;0.0;0.0;0.0;4088.0


8.4;0.0;0.0;0.0;4088.0


8.3;0.0;0.0;0.0;4087.0


8.4;0.0;0.0;0.0;4087.0


8.3;0.0;0.0;0.0;4087.0


0.0;0.1;0.0;0.0;4087.0


0.0;0.3;0.0;0.0;4087.0


9.7;511.3;22.2;0.0;4087.0


8.4;980.3;43.1;0.0;4087.0


8.3;1.0;0.3;0.0;4087.0


8.3;0.0;0.0;0.0;4087.0


8.3;0.0;0.0;0.0;4087.0


8.3;0.0;0.0;0.0;4087.0


8.3;0.0;0.0;0.0;4087.0


8.4;0.0;0.0;0.0;4087.0


8.4;0.0;0.0;0.0;4087.0


8.3;0.0;0.0;0.0;4087.0


8.3;0.0;0.0;0.0;4087.0


8.3;0.0;0.0;0.0;4087.0


8.3;0.0;0.0;0.0;4087.0


8.4;0.0;0.0;1.0;4087.0


8.3;0.0;0.0;2.0;4088.0


8.4;0.0;0.0;2.0;4102.0


8.4;0.0;0.0;0.0;4102.0


8.4;0.0;0.0;0.0;4102.0


8.4;0.0;0.0;3.0;4107.0


8.4;0.0;0.0;0.0;4107.0


8.4;0.0;0.0;0.0;4107.0


8.3;0.0;0.0;0.0;4107.0


8.3;1.0;0.3;0.0;4107.0


8.3;0.0;0.0;2.0;4121.0


8.3;0.0;0.0;0.0;4121.0


8.4;0.0;0.0;0.0;4121.0


8.3;0.0;0.0;0.0;4120.0


8.4;0.0;0.0;0.0;4119.0


8.3;0.0;0.0;0.0;4114.0


8.3;0.0;0.0;0.0;4113.0


8.4;0.0;0.0;0.0;4113.0


8.3;0.0;0.0;1.0;4107.0


8.4;0.0;0.0;0.0;4109.0


8.3;0.0;0.0;43.0;4109.0


8.4;0.0;0.0;47.0;4109.0


8.3;0.0;0.0;45.0;4108.0


8.4;0.0;0.0;34.0;4083.0


8.4;0.0;0.0;50.0;4106.0


8.4;0.0;0.0;47.0;4105.0


8.3;0.0;0.0;47.0;4105.0


8.3;0.0;0.0;48.0;4104.0


8.3;0.0;0.0;47.0;4104.0


8.3;0.0;0.0;28.0;4108.0


