8.4;36.5;17.9;1.1;3.0;848.0
7.2;96.4;102.1;8.9;2.0;848.0
8.4;133.6;127.3;8.5;3.0;848.0
8.4;165.8;114.9;7.2;3.0;848.0
7.3;194.5;125.2;6.6;2.0;848.0
7.3;211.8;103.4;3.8;3.0;848.0
8.4;229.2;48.2;1.7;3.0;848.0
8.3;469.5;61.1;33.4;9.0;1023.0
8.4;944.8;0.6;0.0;63.0;7804.0
0.0;984.1;3.1;33.3;2.0;7801.0
0.0;984.1;0.0;0.0;3.0;7801.0
0.0;984.1;0.0;0.0;3.0;7801.0
0.0;984.1;0.0;0.0;3.0;7801.0
0.0;984.1;0.0;0.0;3.0;7801.0
0.0;984.1;0.0;0.0;3.0;7801.0
0.0;984.1;0.0;0.0;2.0;7801.0
0.0;984.1;0.0;0.0;2.0;7801.0
0.0;984.1;0.0;0.0;2.0;7801.0
0.0;984.1;0.0;0.0;3.0;7801.0
3.6;1020.6;0.4;36.1;3.0;7801.0
0.0;1139.8;1.5;117.4;3.0;7801.0
8.4;1294.8;0.1;0.0;3.0;7801.0
8.3;1297.8;0.0;0.0;3.0;7801.0
8.4;1308.0;0.0;0.0;2.0;7801.0
8.3;1318.4;0.3;0.0;2.0;7801.0
8.4;1387.4;0.0;0.0;2.0;7801.0
8.3;1370.2;0.3;0.0;3.0;7801.0
8.3;1377.1;0.9;2.9;3.0;7801.0
8.4;1417.5;0.0;0.0;3.0;7801.0
8.3;1418.6;0.0;0.0;2.0;7801.0
8.4;1418.9;0.0;0.0;3.0;7801.0
8.3;1437.3;0.0;0.0;2.0;7801.0
9.5;1434.0;0.1;0.0;2.0;7874.0
8.4;1827.4;0.1;0.0;17.0;7970.0
9.5;1916.7;5.3;0.1;90.0;7970.0
8.4;1917.8;15.2;0.2;94.0;7970.0
9.4;1917.8;0.0;0.0;99.0;7970.0
10.8;1917.9;0.0;0.0;96.0;7970.0
8.4;1917.9;0.0;0.0;99.0;7970.0
8.4;1917.9;0.0;0.0;96.0;7970.0
8.4;1917.9;0.0;0.0;99.0;7970.0
8.3;1917.9;0.0;0.0;96.0;7970.0
11.9;1918.0;0.0;0.0;97.0;7970.0
8.3;1918.0;0.0;0.0;96.0;7970.0
9.6;1918.0;0.0;0.0;99.0;7970.0
16.7;1918.0;0.0;0.0;96.0;7970.0
9.5;1918.0;0.0;0.0;99.0;7970.0
17.9;1918.0;0.0;0.0;96.0;7970.0
7.1;1918.0;0.0;0.0;99.0;7970.0
8.3;1918.0;0.0;0.0;95.0;7970.0
9.6;1917.5;12.8;0.2;88.0;7971.0
8.3;1966.3;7.6;0.1;9.0;7971.0
8.4;1968.7;9.2;0.1;2.0;7971.0
96.8;2958.7;0.0;0.0;2.0;7971.0
8.3;2959.0;3.1;0.8;2.0;7971.0
8.4;2962.3;1.0;4.5;3.0;7971.0
8.3;2960.8;1.0;4.5;2.0;7962.0
8.4;2961.5;1.0;4.5;6.0;7998.0
8.3;2961.9;1.0;4.5;7.0;8015.0
8.3;2961.9;1.0;4.5;4.0;8006.0
8.4;2962.2;1.2;6.8;0.0;8006.0
8.3;2963.4;1.4;2.3;0.0;7998.0
8.3;2963.8;4.6;34.7;1.0;7998.0
8.4;2965.7;0.6;1.4;0.0;8006.0
8.3;2970.9;0.3;1.5;96.0;7997.0
8.4;2970.9;0.0;0.0;96.0;7989.0
9.5;2970.9;0.0;0.0;96.0;7989.0
9.4;2970.9;0.0;0.0;96.0;7989.0
11.9;2970.9;0.0;0.0;99.0;7989.0
11.9;2970.9;0.0;0.0;97.0;7989.0
8.4;2970.9;0.0;0.0;97.0;7989.0
9.4;2970.9;0.0;0.0;98.0;7989.0
8.4;2970.9;0.0;0.0;96.0;7989.0
8.3;2970.9;0.0;0.0;96.0;7989.0
9.6;2970.9;0.0;0.0;96.0;7989.0
8.3;2970.9;0.0;0.0;96.0;7989.0
10.4;2970.9;0.0;0.0;96.0;7989.0
14.3;2970.9;0.0;0.0;96.0;7989.0
8.3;2973.5;0.0;0.0;96.0;7989.0
82.4;2976.3;0.0;0.0;47.0;7989.0
99.0;2976.3;0.0;0.0;0.0;7989.0
94.4;2976.3;0.0;0.0;1.0;7991.0
9.6;3004.3;15.1;67.3;2.0;7991.0
8.3;2974.3;0.7;1.5;0.0;7991.0
9.6;2980.4;0.3;1.6;55.0;7995.0
9.4;2980.4;0.0;0.0;96.0;7995.0
8.4;2980.4;0.0;0.0;98.0;7995.0
8.4;2980.4;0.0;0.0;95.0;7995.0
11.9;2980.4;0.0;0.0;97.0;7994.0
7.3;2980.4;0.0;0.0;99.0;7994.0
8.3;2980.4;0.0;0.0;96.0;7994.0
9.6;2980.4;0.0;0.0;97.0;7994.0
11.8;2980.4;0.0;0.0;99.0;7994.0
8.3;2980.4;0.0;0.0;96.0;7994.0
9.4;2980.4;0.0;0.0;96.0;7994.0
8.3;2980.4;0.0;0.0;96.0;7994.0
9.6;2980.4;0.0;0.0;96.0;7994.0
8.3;2980.4;0.0;0.0;96.0;7994.0
9.4;2979.9;0.0;0.0;96.0;7994.0
8.4;2992.8;0.0;0.0;0.0;7994.0
98.2;2992.9;0.0;0.0;0.0;7994.0
99.1;2992.9;0.0;0.0;0.0;7994.0
99.0;2992.9;0.0;0.0;0.0;7994.0
15.5;2987.6;14.9;34.3;2.0;7994.0
8.4;2989.6;0.3;33.3;0.0;7994.0
8.3;2997.6;0.9;3.2;0.0;7994.0
8.3;2997.6;0.0;0.0;95.0;7994.0
8.4;2997.6;0.0;0.0;96.0;7994.0
9.6;2997.6;0.0;0.0;96.0;7994.0
8.4;2997.6;0.0;0.0;96.0;7994.0
10.4;2997.6;0.0;0.0;96.0;7989.0
11.5;2997.6;0.0;0.0;97.0;7989.0
8.3;2997.6;0.0;0.0;96.0;7989.0
8.4;2997.6;0.0;0.0;96.0;7989.0
14.2;2997.6;0.0;0.0;96.0;7989.0
8.3;2997.6;0.0;0.0;96.0;7989.0
8.4;2997.6;0.0;0.0;96.0;7989.0
8.3;2997.6;0.0;0.0;97.0;7989.0
8.4;2997.6;0.0;0.0;96.0;7989.0
7.3;2997.6;0.0;0.0;95.0;7989.0
8.3;3007.4;0.0;0.0;19.0;7989.0
99.1;3008.5;0.0;0.0;30.0;7989.0
100.3;3008.5;0.0;0.0;0.0;7989.0
100.3;3008.5;0.0;0.0;0.0;7989.0
99.0;3008.5;0.0;0.0;0.0;7989.0
98.0;3008.5;0.0;0.0;0.0;7989.0
14.3;3002.9;14.9;34.7;2.0;7989.0
8.3;3005.2;0.3;33.3;0.0;7989.0
8.3;3016.5;0.9;3.3;15.0;7989.0
8.4;3012.3;0.0;0.0;98.0;7989.0
8.4;3012.3;0.0;0.0;96.0;7989.0
8.4;3012.3;0.0;0.0;95.0;7989.0
8.4;3012.3;0.0;0.0;99.0;7989.0
10.8;3012.3;0.0;0.0;96.0;7989.0
8.3;3012.3;0.0;0.0;96.0;7989.0
8.4;3012.3;0.0;0.0;99.0;7989.0
8.3;3012.2;0.0;0.0;96.0;7989.0
10.4;3012.2;0.0;0.0;96.0;7989.0
9.5;3012.2;0.0;0.0;99.0;7989.0
8.3;3012.2;0.0;0.0;97.0;7989.0
9.6;3012.2;0.0;0.0;96.0;7989.0
11.5;3012.2;0.0;0.0;96.0;7989.0
9.5;3012.2;0.0;0.0;96.0;7989.0
8.4;3022.8;0.0;0.0;0.0;7989.0
94.7;3025.1;0.0;0.0;51.0;7989.0
99.4;3025.1;0.0;0.0;0.0;7989.0
98.4;3025.1;0.0;0.0;0.0;7989.0
99.1;3025.1;0.0;0.0;1.0;7989.0
99.1;3025.1;0.0;0.0;0.0;7990.0
99.1;3025.1;0.0;0.0;0.0;7990.0
100.0;3025.1;0.0;0.0;0.0;7990.0
8.3;3118.1;15.2;68.3;1.0;7990.0
8.4;3023.2;0.6;1.7;0.0;7990.0
10.7;3028.9;0.3;1.8;45.0;7990.0
8.3;3028.9;0.0;0.0;96.0;7990.0
11.9;3028.9;0.0;0.0;96.0;7990.0
8.4;3028.9;0.0;0.0;96.0;7990.0
8.4;3028.9;0.0;0.0;96.0;7990.0
8.3;3028.9;0.0;0.0;96.0;7990.0
8.3;3028.9;0.0;0.0;95.0;7990.0
8.3;3028.9;0.0;0.0;99.0;7990.0
8.3;3028.9;0.0;0.0;96.0;7990.0
8.3;3028.9;0.0;0.0;97.0;7990.0
8.3;3028.9;0.0;0.0;97.0;7990.0
8.4;3028.9;0.0;0.0;97.0;7990.0
9.5;3028.9;0.0;0.0;96.0;7990.0
9.6;3028.9;0.0;0.0;96.0;7990.0
10.4;3028.9;0.0;0.0;97.0;7990.0
8.3;3038.6;0.0;0.0;0.0;7990.0
45.4;3040.9;0.0;0.0;3.0;7990.0
99.4;3040.9;0.0;0.0;0.0;7990.0
92.0;3040.9;0.0;0.0;0.0;7990.0
95.9;3040.9;0.0;0.0;0.0;7990.0
97.1;3040.9;0.0;0.0;0.0;7990.0
98.2;3040.9;0.0;0.0;0.0;7990.0
94.4;3040.9;0.0;0.0;0.0;7990.0
100.3;3040.9;0.0;0.0;0.0;7990.0
13.1;3035.1;11.4;35.2;2.0;7990.0
8.3;3036.6;3.8;33.5;0.0;7990.0
8.4;3045.3;0.9;3.6;0.0;7990.0
8.3;3045.3;0.0;0.0;96.0;7990.0
8.3;3045.3;0.0;0.0;96.0;7990.0
8.4;3045.3;0.0;0.0;96.0;7990.0
11.8;3045.3;0.0;0.0;96.0;7990.0
9.4;3045.3;0.0;0.0;97.0;7990.0
8.4;3045.3;0.0;0.0;96.0;7990.0
8.4;3045.3;0.0;0.0;96.0;7990.0
9.6;3045.3;0.0;0.0;99.0;7990.0
9.4;3045.3;0.0;0.0;97.0;7990.0
8.3;3045.3;0.0;0.0;97.0;7990.0
8.4;3045.3;0.0;0.0;96.0;7990.0
16.7;3045.3;0.0;0.0;97.0;7990.0
13.1;3045.3;0.0;0.0;96.0;7990.0
8.3;3045.3;0.0;0.0;99.0;7990.0
8.4;3044.9;0.0;0.0;46.0;7990.0
8.3;3059.4;0.0;0.0;0.0;7990.0
100.3;3059.5;0.0;0.0;0.0;7990.0
96.8;3059.5;0.0;0.0;0.0;7990.0
99.4;3059.5;0.0;0.0;0.0;7990.0
95.9;3059.5;0.0;0.0;0.0;7990.0
95.9;3059.5;0.0;0.0;0.0;7990.0
99.4;3059.5;0.0;0.0;0.0;7990.0
88.5;3059.5;0.0;0.0;0.0;7990.0
100.3;3059.5;0.0;0.0;0.0;7990.0
96.8;3059.5;0.0;0.0;0.0;7990.0
25.1;3053.6;6.2;18.5;0.0;7990.0
8.3;3054.4;9.0;50.4;0.0;7990.0
8.4;3057.4;0.9;3.7;0.0;7990.0
8.3;3063.2;0.0;0.0;95.0;7990.0
10.8;3063.2;0.0;0.0;96.0;7990.0
8.3;3063.2;0.0;0.0;97.0;7990.0
8.4;3063.2;0.0;0.0;96.0;7990.0
7.2;3063.2;0.0;0.0;97.0;7987.0
8.4;3063.2;0.0;0.0;95.0;7987.0
9.4;3063.2;0.0;0.0;96.0;7987.0
8.3;3063.2;0.0;0.0;97.0;7987.0
8.4;3063.2;0.0;0.0;96.0;7987.0
13.0;3063.2;0.0;0.0;96.0;7987.0
8.4;3063.2;0.0;0.0;96.0;7987.0
9.4;3063.2;0.0;0.0;96.0;7987.0
9.5;3063.2;0.0;0.0;96.0;7987.0
9.6;3063.2;0.0;0.0;96.0;7987.0
8.3;3065.8;0.0;0.0;95.0;7987.0
8.3;3076.9;0.0;0.0;0.0;7987.0
100.0;3082.3;0.0;0.0;26.0;7987.0
96.8;3082.3;0.0;0.0;1.0;7987.0
100.3;3082.3;0.0;0.0;0.0;7987.0
98.0;3082.3;0.0;0.0;1.0;7987.0
96.8;3082.3;0.0;0.0;0.0;7987.0
97.1;3082.3;0.0;0.0;0.0;7987.0
100.3;3082.3;0.0;0.0;0.0;7987.0
99.0;3082.3;0.0;0.0;0.0;7987.0
98.0;3082.3;0.0;0.0;0.0;7987.0
92.3;3082.3;0.0;0.0;0.0;7987.0
8.4;3109.7;15.1;69.3;2.0;7987.0
8.3;3077.4;0.1;0.0;0.0;7987.0
8.3;3082.5;0.9;3.9;0.0;7987.0
11.9;3082.7;0.0;0.0;99.0;7987.0
9.5;3082.7;0.0;0.0;95.0;7987.0
8.4;3082.7;0.0;0.0;96.0;7987.0
8.3;3082.7;0.0;0.0;99.0;7987.0
13.0;3082.7;0.0;0.0;97.0;7987.0
8.4;3082.7;0.0;0.0;96.0;7987.0
8.3;3082.7;0.0;0.0;96.0;7987.0
9.4;3082.7;0.0;0.0;95.0;7987.0
8.4;3082.7;0.0;0.0;96.0;7990.0
9.5;3082.7;0.0;0.0;95.0;7992.0
7.2;3082.7;0.0;0.0;98.0;7999.0
11.5;3082.7;0.0;0.0;96.0;8001.0
8.4;3082.7;0.0;0.0;96.0;7984.0
9.6;3082.7;0.0;0.0;95.0;7984.0
14.3;3082.7;0.0;0.0;95.0;7984.0
8.4;3094.5;0.0;0.0;6.0;8008.0
8.4;3100.0;0.0;0.0;3.0;8008.0
56.1;3106.6;0.0;0.0;57.0;7991.0
82.4;3106.6;0.0;0.0;2.0;8003.0
97.1;3106.6;0.0;0.0;2.0;8003.0
96.8;3106.6;0.0;0.0;2.0;8003.0
90.0;3106.6;0.0;0.0;2.0;8003.0
95.9;3106.6;0.0;0.0;2.0;7983.0
91.1;3106.6;0.0;0.0;14.0;7983.0
93.2;3106.6;0.0;0.0;12.0;7984.0
87.2;3106.6;0.0;0.0;12.0;7981.0
87.6;3106.6;0.0;0.0;8.0;7981.0
93.2;3106.6;0.0;0.0;7.0;7981.0
95.6;3106.6;0.0;0.0;13.0;7981.0
8.3;3140.7;15.2;69.6;9.0;7972.0
8.4;3103.2;0.6;1.9;7.0;7972.0
8.3;3107.8;0.3;2.1;8.0;7976.0
8.3;3107.8;0.0;0.0;99.0;7976.0
8.4;3107.8;0.0;0.0;96.0;7976.0
8.3;3107.8;0.0;0.0;96.0;7976.0
8.4;3107.8;0.0;0.0;96.0;7976.0
8.3;3107.8;0.0;0.0;96.0;7975.0
8.3;3107.8;0.0;0.0;96.0;7971.0
8.4;3107.8;0.0;0.0;96.0;7971.0
8.3;3107.8;0.0;0.0;96.0;7971.0
10.8;3107.8;0.0;0.0;96.0;7971.0
9.4;3107.8;0.0;0.0;96.0;7971.0
8.4;3107.8;0.0;0.0;95.0;7971.0
8.4;3107.8;0.0;0.0;97.0;7971.0
8.4;3107.8;0.0;0.0;95.0;7971.0
8.3;3111.8;0.0;0.0;96.0;7971.0
9.5;3107.8;0.0;0.0;96.0;7971.0
8.4;3107.4;0.0;0.0;96.0;7971.0
8.3;3121.5;0.0;0.0;3.0;7971.0
8.4;3131.3;0.0;0.0;3.0;7971.0
89.6;3131.3;0.0;0.0;47.0;7971.0
84.8;3131.3;0.0;0.0;6.0;7971.0
99.1;3131.3;0.0;0.0;2.0;7971.0
100.3;3131.3;0.0;0.0;2.0;7971.0
92.3;3131.3;0.0;0.0;2.0;7971.0
98.2;3131.3;0.0;0.0;2.0;7971.0
98.0;3131.3;0.0;0.0;2.0;7971.0
98.2;3131.3;0.0;0.0;3.0;7971.0
100.0;3131.3;0.0;0.0;2.0;7971.0
99.1;3131.3;0.0;0.0;3.0;7971.0
100.3;3131.3;0.0;0.0;3.0;7971.0
94.4;3131.3;0.0;0.0;3.0;7971.0
99.0;3131.3;0.0;0.0;2.0;7971.0
