8.4;35.8;15.3;1.0;7.0;965.0
8.4;95.5;99.9;8.8;4.0;973.0
8.4;133.5;132.1;8.8;0.0;982.0
8.4;165.5;101.5;7.1;5.0;982.0
8.4;192.0;133.6;6.2;0.0;982.0
5.9;211.0;98.2;4.0;7.0;989.0
8.4;227.6;58.4;2.0;7.0;986.0
8.3;377.1;61.1;33.4;11.0;1151.0
8.3;944.4;0.6;0.0;86.0;7971.0
1.2;984.2;3.1;33.3;7.0;7984.0
0.0;984.2;0.0;0.0;4.0;7984.0
0.0;984.2;0.0;0.0;1.0;7984.0
0.0;984.2;0.0;0.0;5.0;7992.0
0.0;984.2;0.0;0.0;2.0;7991.0
0.0;984.2;0.0;0.0;7.0;7992.0
0.0;984.2;0.0;0.0;7.0;7992.0
0.0;984.2;0.0;0.0;0.0;7992.0
0.0;984.2;0.0;0.0;6.0;8001.0
0.0;984.2;0.0;0.0;4.0;8006.0
0.0;984.2;0.0;0.0;7.0;8006.0
4.8;1097.1;0.9;111.3;1.0;8006.0
0.0;1139.9;1.0;42.2;7.0;8012.0
8.3;1295.5;0.1;0.0;7.0;8012.0
8.4;1298.8;0.0;0.0;6.0;8038.0
8.3;1308.4;0.0;0.0;7.0;8052.0
8.3;1318.3;0.3;0.0;1.0;8052.0
8.4;1393.2;0.0;0.0;5.0;8064.0
8.3;1365.1;0.3;0.0;7.0;8066.0
8.4;1390.8;0.6;1.4;7.0;8081.0
8.3;1416.8;0.3;1.5;6.0;8088.0
8.3;1419.4;0.0;0.0;6.0;8081.0
8.4;1422.0;0.0;0.0;7.0;8081.0
8.3;1438.2;0.0;0.0;7.0;8089.0
8.4;1438.4;0.0;0.0;4.0;8095.0
8.3;1590.4;0.2;0.0;18.0;8106.0
9.6;1918.8;4.5;0.1;84.0;8112.0
8.4;1919.7;16.0;0.2;94.0;8096.0
8.4;1919.8;0.0;0.0;96.0;8103.0
8.4;1919.8;0.0;0.0;95.0;8107.0
8.3;1919.8;0.0;0.0;96.0;8111.0
9.6;1919.8;0.0;0.0;97.0;8105.0
8.3;1919.9;0.0;0.0;96.0;8108.0
11.9;1919.9;0.0;0.0;96.0;8097.0
9.4;1919.9;0.0;0.0;97.0;8097.0
11.8;1919.9;0.0;0.0;96.0;8104.0
8.4;1919.9;0.0;0.0;96.0;8110.0
8.3;1919.9;0.0;0.0;99.0;8106.0
8.3;1919.9;0.0;0.0;99.0;8105.0
17.7;1919.9;0.0;0.0;96.0;8099.0
8.3;1919.9;0.0;0.0;99.0;8099.0
8.4;1919.9;0.0;0.0;96.0;8099.0
8.3;1919.9;0.0;0.0;96.0;8099.0
8.3;1919.5;4.4;0.1;86.0;8099.0
7.2;1941.7;15.4;0.2;88.0;8090.0
8.4;1968.0;6.0;0.1;74.0;8095.0
21.5;2126.3;3.2;0.0;7.0;8097.0
76.0;2960.4;0.0;0.0;43.0;8105.0
9.5;2960.9;2.7;0.4;7.0;8105.0
8.3;2961.8;1.1;4.9;10.0;8104.0
8.3;2963.8;1.0;4.5;7.0;8096.0
8.3;2963.8;1.0;4.5;7.0;8096.0
8.4;2964.3;1.0;4.5;7.0;8096.0
8.4;2964.8;1.5;6.8;0.0;8096.0
8.4;2965.5;1.3;4.5;6.0;8095.0
8.4;2965.9;1.1;2.3;1.0;8095.0
8.3;3065.1;4.6;34.7;1.0;8095.0
8.4;2969.8;0.6;1.4;13.0;8065.0
8.3;2973.3;0.3;1.5;83.0;8065.0
8.4;2973.3;0.0;0.0;96.0;8065.0
8.3;2973.3;0.0;0.0;95.0;8065.0
8.3;2973.3;0.0;0.0;96.0;8065.0
9.6;2973.3;0.0;0.0;96.0;8065.0
9.5;2973.3;0.0;0.0;99.0;8065.0
8.3;2973.3;0.0;0.0;96.0;8065.0
8.3;2973.3;0.0;0.0;96.0;8065.0
8.3;2973.3;0.0;0.0;97.0;8065.0
9.6;2973.3;0.0;0.0;95.0;8065.0
8.3;2973.3;0.0;0.0;99.0;8065.0
8.3;2973.3;0.0;0.0;96.0;8065.0
8.4;2973.3;0.0;0.0;96.0;8065.0
8.4;2973.3;0.0;0.0;97.0;8067.0
11.9;2973.3;0.0;0.0;95.0;8067.0
9.4;2973.3;0.0;0.0;95.0;8067.0
8.4;2979.6;0.0;0.0;26.0;8067.0
96.8;2979.7;0.0;0.0;1.0;8065.0
90.8;2979.7;0.0;0.0;0.0;8039.0
36.7;2979.7;0.0;0.0;0.0;7864.0
8.4;2975.6;15.2;67.3;0.0;7864.0
8.4;2981.8;0.9;3.1;0.0;7864.0
9.6;2982.6;0.0;0.0;96.0;7866.0
8.4;2982.6;0.0;0.0;96.0;7866.0
9.5;2982.6;0.0;0.0;96.0;7866.0
8.4;2982.6;0.0;0.0;96.0;7866.0
7.1;2982.6;0.0;0.0;96.0;7866.0
8.4;2982.6;0.0;0.0;96.0;7866.0
10.4;2982.6;0.0;0.0;96.0;7866.0
8.3;2982.6;0.0;0.0;96.0;7866.0
9.6;2982.6;0.0;0.0;96.0;7866.0
8.3;2982.6;0.0;0.0;96.0;7866.0
8.3;2982.6;0.0;0.0;95.0;7866.0
10.8;2982.6;0.0;0.0;98.0;7882.0
9.5;2982.6;0.0;0.0;96.0;7882.0
10.8;2982.6;0.0;0.0;96.0;7882.0
8.3;2985.2;0.0;0.0;97.0;7882.0
31.2;2993.9;0.0;0.0;38.0;7882.0
95.6;2993.9;0.0;0.0;0.0;7882.0
97.1;2993.9;0.0;0.0;0.0;7882.0
82.3;2993.9;0.0;0.0;2.0;7882.0
8.3;2991.3;15.2;67.6;2.0;7882.0
8.4;2994.4;0.6;1.5;0.0;7882.0
10.7;2998.1;0.3;1.6;96.0;7884.0
8.3;2998.1;0.0;0.0;96.0;7884.0
9.4;2998.1;0.0;0.0;95.0;7884.0
8.3;2998.1;0.0;0.0;99.0;7884.0
11.9;2998.1;0.0;0.0;96.0;7884.0
8.3;2998.1;0.0;0.0;97.0;7884.0
9.4;2998.1;0.0;0.0;96.0;7876.0
9.6;2998.1;0.0;0.0;96.0;7883.0
8.4;2998.1;0.0;0.0;96.0;7883.0
8.4;2998.1;0.0;0.0;99.0;7883.0
9.4;2998.1;0.0;0.0;96.0;7881.0
8.4;3000.0;0.0;0.0;99.0;7879.0
9.5;2998.1;0.0;0.0;96.0;7879.0
9.6;2998.1;0.0;0.0;96.0;7879.0
10.7;2997.7;0.0;0.0;96.0;7880.0
8.3;3005.5;0.0;0.0;0.0;7880.0
90.8;3005.9;0.0;0.0;0.0;7887.0
98.2;3005.9;0.0;0.0;0.0;7887.0
96.8;3005.9;0.0;0.0;1.0;7879.0
88.8;3005.9;0.0;0.0;2.0;7879.0
94.4;3006.0;0.0;0.0;1.0;7879.0
7.2;3056.9;15.2;68.0;2.0;7879.0
8.3;3003.9;0.6;1.6;0.0;7879.0
8.4;3015.0;0.3;1.7;1.0;7894.0
8.3;3010.8;0.0;0.0;99.0;7875.0
8.4;3010.8;0.0;0.0;96.0;7883.0
8.3;3010.8;0.0;0.0;99.0;7885.0
9.4;3010.8;0.0;0.0;96.0;7885.0
8.4;3010.8;0.0;0.0;99.0;7885.0
9.5;3010.8;0.0;0.0;96.0;7885.0
7.2;3010.8;0.0;0.0;96.0;7885.0
8.3;3011.4;0.0;0.0;99.0;7888.0
9.5;3010.8;0.0;0.0;96.0;7888.0
15.5;3010.8;0.0;0.0;96.0;7888.0
8.3;3010.8;0.0;0.0;96.0;7888.0
9.4;3010.8;0.0;0.0;96.0;7888.0
8.3;3010.8;0.0;0.0;96.0;7888.0
9.6;3010.8;0.0;0.0;96.0;7888.0
8.4;3010.8;0.0;0.0;96.0;7888.0
8.4;3021.1;0.0;0.0;10.0;7888.0
52.1;3023.2;0.0;0.0;71.0;7886.0
96.8;3023.2;0.0;0.0;2.0;7886.0
93.5;3023.2;0.0;0.0;0.0;7886.0
96.8;3023.2;0.0;0.0;0.0;7886.0
87.5;3023.2;0.0;0.0;1.0;7885.0
98.0;3023.2;0.0;0.0;1.0;7896.0
8.4;3019.6;15.2;68.3;1.0;7894.0
8.3;3021.7;0.6;1.7;2.0;7916.0
8.3;3028.2;0.3;1.8;98.0;7918.0
8.4;3028.2;0.0;0.0;96.0;7918.0
8.3;3028.2;0.0;0.0;96.0;7918.0
10.4;3028.2;0.0;0.0;95.0;7918.0
8.4;3028.2;0.0;0.0;99.0;7918.0
8.3;3028.2;0.0;0.0;99.0;7918.0
9.6;3028.2;0.0;0.0;96.0;7918.0
8.3;3028.2;0.0;0.0;96.0;7918.0
9.5;3028.2;0.0;0.0;96.0;7918.0
8.4;3028.2;0.0;0.0;96.0;7918.0
8.3;3028.2;0.0;0.0;96.0;7918.0
8.3;3028.2;0.0;0.0;96.0;7918.0
8.3;3028.2;0.0;0.0;96.0;7918.0
9.6;3028.2;0.0;0.0;99.0;7918.0
9.6;3028.2;0.0;0.0;96.0;7918.0
9.6;3028.2;0.0;0.0;96.0;7918.0
8.3;3030.8;0.0;0.0;97.0;7918.0
8.3;3038.1;0.0;0.0;5.0;7918.0
99.1;3039.2;0.0;0.0;50.0;7918.0
98.2;3039.3;0.0;0.0;1.0;7918.0
100.0;3039.3;0.0;0.0;0.0;7918.0
95.6;3039.3;0.0;0.0;0.0;7918.0
98.0;3039.3;0.0;0.0;0.0;7918.0
96.8;3039.3;0.0;0.0;0.0;7918.0
99.0;3039.3;0.0;0.0;0.0;7918.0
96.8;3039.3;0.0;0.0;0.0;7918.0
8.4;3066.8;15.1;68.6;2.0;7918.0
8.3;3035.8;0.7;1.7;0.0;7918.0
8.3;3042.2;0.3;1.8;0.0;7918.0
8.3;3042.3;0.0;0.0;96.0;7918.0
8.3;3042.3;0.0;0.0;97.0;7918.0
13.1;3042.3;0.0;0.0;98.0;7918.0
8.3;3042.3;0.0;0.0;96.0;7918.0
9.4;3042.3;0.0;0.0;96.0;7918.0
8.4;3042.3;0.0;0.0;96.0;7918.0
8.4;3042.3;0.0;0.0;96.0;7918.0
8.4;3042.3;0.0;0.0;96.0;7940.0
8.3;3042.3;0.0;0.0;99.0;7940.0
11.5;3042.3;0.0;0.0;96.0;7940.0
8.3;3042.3;0.0;0.0;96.0;7940.0
8.4;3042.3;0.0;0.0;98.0;7940.0
9.5;3042.3;0.0;0.0;95.0;7940.0
10.4;3042.3;0.0;0.0;96.0;7940.0
10.8;3041.9;0.0;0.0;95.0;7940.0
8.3;3054.8;0.0;0.0;0.0;7940.0
98.0;3058.4;0.0;0.0;58.0;7940.0
99.1;3058.4;0.0;0.0;0.0;7940.0
97.1;3058.4;0.0;0.0;0.0;7940.0
93.5;3058.4;0.0;0.0;0.0;7918.0
90.0;3058.4;0.0;0.0;6.0;7918.0
100.3;3058.4;0.0;0.0;0.0;7918.0
78.8;3058.4;0.0;0.0;5.0;7906.0
93.5;3058.4;0.0;0.0;0.0;7906.0
99.1;3058.4;0.0;0.0;0.0;7906.0
99.4;3058.4;0.0;0.0;0.0;7906.0
7.1;3147.6;15.2;69.0;0.0;7906.0
8.4;3056.6;0.6;1.8;0.0;7906.0
8.3;3067.5;0.3;1.9;7.0;7906.0
9.6;3062.8;0.0;0.0;96.0;7906.0
9.4;3062.8;0.0;0.0;95.0;7906.0
8.3;3062.8;0.0;0.0;96.0;7906.0
8.4;3062.8;0.0;0.0;96.0;7906.0
8.3;3062.8;0.0;0.0;96.0;7906.0
7.3;3062.8;0.0;0.0;99.0;7916.0
8.4;3062.8;0.0;0.0;96.0;7916.0
8.3;3062.8;0.0;0.0;99.0;7916.0
9.6;3062.8;0.0;0.0;95.0;7916.0
14.2;3062.8;0.0;0.0;96.0;7916.0
9.4;3062.8;0.0;0.0;96.0;7916.0
9.6;3062.8;0.0;0.0;95.0;7916.0
8.4;3062.8;0.0;0.0;96.0;7916.0
8.4;3062.8;0.0;0.0;96.0;7916.0
9.4;3062.8;0.0;0.0;95.0;7916.0
8.4;3066.2;0.0;0.0;76.0;7916.0
8.3;3079.5;0.0;0.0;0.0;7916.0
99.4;3080.3;0.0;0.0;0.0;7916.0
98.2;3080.3;0.0;0.0;0.0;7916.0
98.2;3080.3;0.0;0.0;0.0;7916.0
97.1;3080.3;0.0;0.0;0.0;7916.0
99.4;3080.3;0.0;0.0;0.0;7916.0
100.0;3080.3;0.0;0.0;0.0;7916.0
99.4;3080.3;0.0;0.0;0.0;7916.0
97.1;3080.3;0.0;0.0;0.0;7916.0
93.2;3080.3;0.0;0.0;7.0;7916.0
91.1;3080.3;0.0;0.0;6.0;7916.0
7.2;3206.9;15.2;69.2;6.0;7916.0
8.3;3078.4;0.6;1.9;1.0;7916.0
8.4;3086.4;0.3;2.0;0.0;7916.0
8.3;3081.6;0.0;0.0;96.0;7916.0
9.6;3081.6;0.0;0.0;96.0;7916.0
8.4;3081.6;0.0;0.0;96.0;7916.0
9.6;3081.6;0.0;0.0;96.0;7916.0
8.4;3081.6;0.0;0.0;96.0;7916.0
9.4;3081.6;0.0;0.0;96.0;7916.0
8.4;3081.6;0.0;0.0;96.0;7923.0
8.3;3081.6;0.0;0.0;99.0;7915.0
8.4;3081.6;0.0;0.0;99.0;7915.0
8.3;3081.6;0.0;0.0;99.0;7915.0
8.3;3081.6;0.0;0.0;99.0;7915.0
9.6;3081.6;0.0;0.0;96.0;7907.0
8.3;3081.6;0.0;0.0;95.0;7938.0
9.4;3081.6;0.0;0.0;95.0;7940.0
8.4;3081.6;0.0;0.0;99.0;7944.0
9.5;3081.6;0.0;0.0;96.0;7944.0
8.4;3093.4;0.0;0.0;43.0;7944.0
8.3;3103.9;0.0;0.0;0.0;7944.0
100.8;3104.8;0.0;0.0;44.0;7944.0
99.1;3104.8;0.0;0.0;0.0;7944.0
100.3;3104.8;0.0;0.0;0.0;7944.0
98.0;3104.8;0.0;0.0;0.0;7944.0
100.3;3104.8;0.0;0.0;0.0;7962.0
97.1;3104.8;0.0;0.0;0.0;7962.0
100.3;3104.8;0.0;0.0;0.0;7962.0
100.3;3104.8;0.0;0.0;0.0;7962.0
94.7;3104.8;0.0;0.0;1.0;7963.0
86.4;3104.8;0.0;0.0;1.0;7968.0
99.1;3104.8;0.0;0.0;1.0;7969.0
84.0;3104.8;0.0;0.0;2.0;8036.0
8.3;3098.8;15.2;69.6;1.0;8026.0
8.3;3102.0;0.6;1.9;1.0;8017.0
8.4;3106.1;0.3;2.1;1.0;8017.0
10.4;3106.1;0.0;0.0;99.0;8017.0
8.3;3106.1;0.0;0.0;96.0;8014.0
8.4;3106.1;0.0;0.0;95.0;8014.0
8.3;3106.1;0.0;0.0;96.0;8014.0
8.4;3106.1;0.0;0.0;95.0;8014.0
9.4;3106.1;0.0;0.0;96.0;8014.0
11.9;3106.1;0.0;0.0;96.0;8014.0
9.5;3106.1;0.0;0.0;96.0;8014.0
8.4;3106.1;0.0;0.0;96.0;8015.0
10.8;3106.1;0.0;0.0;95.0;8015.0
10.4;3106.1;0.0;0.0;96.0;8015.0
8.4;3106.1;0.0;0.0;99.0;8015.0
9.5;3106.1;0.0;0.0;96.0;8015.0
8.4;3106.1;0.0;0.0;96.0;8015.0
8.3;3105.6;0.0;0.0;98.0;8015.0
8.3;3119.1;0.0;0.0;1.0;8017.0
8.4;3128.6;0.0;0.0;1.0;8017.0
96.9;3128.7;0.0;0.0;0.0;8016.0
92.3;3128.7;0.0;0.0;0.0;8016.0
94.7;3128.7;0.0;0.0;0.0;8016.0
100.3;3128.7;0.0;0.0;0.0;8016.0
