0.0;10493952;0
0.0;10493952;0
0.0;10493952;0
0.0;10493952;0
57.3;14639104;0
99.7;14675968;0
166.2;19075072;0
198.9;19177472;0
218.4;23371776;0
166.2;19369984;0
200.7;19300352;0
200.7;19419136;0
199.5;23502848;0
199.5;23523328;0
215.0;31600640;0
186.4;27578368;0
149.6;27574272;0
168.0;23691264;0
156.3;27901952;0
166.2;23719936;0
216.1;31879168;0
184.8;27856896;0
184.7;31973376;0
200.7;31977472;0
166.2;27955200;0
99.7;27955200;0
99.7;27955200;0
186.4;32071680;0
200.7;32206848;0
199.5;32251904;0
151.2;32428032;0
198.9;32440320;0
200.7;32452608;0
199.5;32460800;0
201.6;32473088;0
170.5;32616448;0
186.4;28606464;0
182.8;32636928;0
198.9;32636928;0
201.6;32636928;0
182.8;28614656;0
166.2;28667904;0
172.0;32727040;0
198.9;32727040;0
182.8;24686592;0
199.5;36102144;0
200.7;36196352;0
184.7;32251904;0
285.6;61902848;0
266.0;84520960;0
299.2;107073536;0
284.1;126611456;0
232.7;145809408;0
301.0;159588352;0
298.3;183115776;0
302.4;202158080;0
299.2;220557312;0
284.1;218505216;649
243.7;211578880;661
213.1;219582464;122
201.6;219582464;0
149.6;213303296;0
199.5;219635712;0
200.7;219635712;0
198.9;219635712;0
199.5;219635712;0
199.5;219635712;0
186.4;215609344;0
156.2;219635712;0
151.2;219639808;0
199.5;219639808;0
200.7;219643904;0
184.7;219643904;0
151.2;215617536;0
182.8;219639808;0
199.5;219639808;0
200.7;219639808;0
198.9;219639808;0
199.5;219639808;0
166.2;215613440;0
235.2;220160000;0
199.5;220160000;0
199.5;220160000;0
200.7;220160000;0
198.9;220160000;0
200.7;220160000;0
149.6;219373568;0
168.0;220438528;0
199.5;220438528;0
199.5;220438528;0
200.7;220438528;0
198.9;220438528;0
200.7;220438528;0
199.5;220438528;0
184.8;216420352;0
182.8;220442624;0
199.5;220442624;0
134.4;216420352;0
133.0;216420352;0
200.7;220450816;0
198.9;220450816;0
168.0;216428544;0
199.5;213422080;0
232.7;224059392;0
201.6;224055296;0
199.5;224055296;0
200.7;224055296;0
198.9;224055296;0
186.4;220028928;0
172.0;230866944;0
299.2;268914688;0
299.2;291602432;0
302.4;311451648;0
298.3;333963264;0
301.0;347815936;0
298.3;368517120;0
272.4;388067328;0
286.7;406548480;0
255.7;410415104;0
232.7;223760384;0
200.7;223764480;0
142.0;219738112;0
200.7;224866304;0
166.2;220844032;0
201.6;224919552;0
199.5;224919552;0
216.1;225062912;0
168.0;225124352;0
199.5;225124352;0
200.7;225124352;0
198.9;225124352;0
200.7;225124352;0
182.8;225411072;0
199.5;225411072;0
151.2;221384704;0
182.8;225452032;0
133.0;221429760;0
199.5;225488896;0
200.7;221462528;0
157.7;221478912;0
213.1;225558528;0
172.0;218791936;0
200.7;225562624;0
198.9;225562624;0
199.5;225562624;0
199.5;225562624;0
184.8;221540352;0
199.5;225705984;0
199.5;225705984;0
200.7;225705984;0
198.9;225705984;0
200.7;225705984;0
198.9;225705984;0
143.3;221683712;0
199.5;225763328;0
199.5;225763328;0
201.6;225763328;0
199.5;229113856;0
199.5;229113856;0
199.5;225091584;0
266.0;255418368;0
302.4;283541504;0
249.3;300412928;0
315.8;322093056;0
302.4;338829312;0
299.2;358813696;0
299.2;378134528;0
299.2;393871360;0
249.3;412524544;0
268.8;224559104;0
166.2;216514560;0
166.2;225951744;0
184.8;225951744;0
199.5;225951744;0
166.2;226062336;0
199.5;226062336;0
149.6;218013696;0
235.2;226185216;0
199.5;226185216;0
166.2;222158848;0
186.4;226213888;0
199.5;226213888;0
200.7;226213888;0
133.0;226246656;0
199.5;226246656;0
168.0;226291712;0
199.5;226291712;0
199.5;226291712;0
201.6;226291712;0
182.8;226316288;0
166.2;222289920;0
199.5;226316288;0
182.8;226316288;0
201.6;226316288;0
199.5;226316288;0
133.0;226324480;0
201.6;226463744;0
199.5;226463744;0
199.5;226463744;0
200.7;226463744;0
156.3;222441472;0
186.4;226463744;0
186.4;226504704;0
198.9;226504704;0
200.7;226504704;0
200.7;222851072;0
199.5;226557952;0
199.5;226213888;0
186.4;229912576;0
198.9;229912576;0
200.7;229912576;0
200.7;229912576;0
282.6;249335808;0
282.6;286916608;0
285.6;313401344;0
299.2;339202048;0
299.2;359182336;0
301.0;384413696;0
298.3;409767936;0
301.0;414199808;0
252.0;227987456;0
149.6;228188160;0
199.5;228188160;0
201.6;228188160;0
199.5;228192256;0
198.9;228192256;0
200.7;228327424;0
170.5;224301056;0
215.0;228454400;0
201.6;228454400;0
66.5;221818880;0
198.9;229134336;0
200.7;229134336;0
200.7;229134336;0
198.9;229134336;0
199.5;229134336;0
149.6;225112064;0
182.8;225177600;0
201.6;229216256;0
199.5;229216256;0
149.6;228241408;0
215.0;229253120;0
200.7;229253120;0
170.5;229392384;0
182.8;225370112;0
166.2;229527552;0
199.5;229527552;0
200.7;229527552;0
143.3;225501184;0
198.9;229580800;0
200.7;229580800;0
201.6;224776192;0
199.5;229650432;0
199.5;229650432;0
182.8;225628160;0
170.5;229666816;0
200.7;229666816;0
201.6;229666816;0
182.8;229801984;0
199.5;229801984;0
201.6;229801984;0
143.3;225587200;0
198.9;229896192;0
200.7;229896192;0
149.6;225869824;0
166.2;233455616;0
252.0;245796864;0
299.2;273739776;0
298.3;295936000;0
299.2;314773504;0
302.4;335917056;0
282.6;345821184;0
312.5;379154432;0
299.2;404799488;0
299.2;416858112;0
269.9;233402368;0
172.0;229380096;0
143.3;234590208;0
216.1;234913792;0
199.5;234913792;0
201.6;234913792;0
199.5;234913792;0
216.1;235044864;0
200.7;235044864;0
198.9;235044864;0
166.2;230965248;0
184.8;235220992;0
199.5;235220992;0
199.5;235220992;0
201.6;235220992;0
199.5;235220992;0
198.9;235364352;0
129.0;231342080;0
216.1;235438080;0
199.5;235442176;0
201.6;235442176;0
143.3;235458560;0
113.6;235479040;0
200.7;235479040;0
201.6;235479040;0
