0.0;10502144;0
0.0;10502144;0
0.0;10502144;0
0.0;10502144;0
0.0;10502144;0
42.6;14680064;0
100.3;14704640;0
149.6;18931712;0
201.6;19152896;0
213.1;23220224;0
134.4;19275776;0
216.1;23269376;0
199.5;23359488;0
213.1;31416320;0
168.0;23396352;0
199.5;27439104;0
157.7;23564288;0
216.1;31596544;0
199.5;31657984;0
198.9;31657984;0
186.4;31678464;0
149.6;27566080;0
199.5;31789056;0
200.7;31784960;0
199.5;31776768;0
99.7;23736320;0
249.3;32051200;0
200.7;32051200;0
199.5;32051200;0
201.6;32051200;0
198.9;32251904;0
200.7;32251904;0
133.0;24199168;0
235.2;32485376;0
198.9;32485376;0
201.6;32485376;0
199.5;32485376;0
200.7;32485376;0
127.8;28463104;0
134.4;28479488;0
216.1;32645120;0
199.5;32645120;0
200.7;32645120;0
199.5;32645120;0
166.2;26451968;0
199.5;27758592;0
201.6;32747520;0
198.9;32747520;0
201.6;32944128;0
199.5;32944128;0
182.8;33017856;0
198.9;36339712;0
201.6;36343808;0
199.5;36343808;0
199.5;36405248;0
200.7;36405248;0
142.0;32583680;0
232.7;54341632;0
299.2;83218432;0
302.4;103849984;0
298.3;124067840;0
301.0;146743296;0
301.0;159604736;0
299.2;178925568;0
232.7;194195456;0
282.6;218591232;86
302.4;218591232;667
299.2;218558464;679
186.4;218558464;0
186.4;218558464;0
199.5;218558464;0
133.0;210522112;0
200.7;219627520;0
200.7;219627520;0
199.5;219627520;0
201.6;219623424;0
182.8;219623424;0
200.7;219623424;0
85.2;211574784;0
229.4;219623424;0
199.5;219635712;0
199.5;219648000;0
184.8;219656192;0
198.9;219660288;0
200.7;219660288;0
198.9;215658496;0
117.6;219693056;0
199.5;219693056;0
199.5;219693056;0
186.4;219693056;0
198.9;219693056;0
186.4;215666688;0
149.6;219693056;0
184.8;219693056;0
199.5;219693056;0
200.7;219693056;0
200.7;219693056;0
198.9;219693056;0
149.6;215670784;0
232.7;220221440;0
201.6;220221440;0
199.5;220221440;0
200.7;220221440;0
200.7;220221440;0
198.9;220217344;0
114.7;210599936;0
215.0;220246016;0
199.5;220246016;0
201.6;220246016;0
199.5;220246016;0
200.7;220246016;0
200.7;220246016;0
213.1;220237824;0
199.5;220237824;0
199.5;220237824;0
201.6;220237824;0
199.5;220237824;0
199.5;220221440;0
157.7;212176896;0
170.5;224100352;0
200.7;224100352;0
198.9;224096256;0
186.4;224096256;0
201.6;224096256;0
199.5;224096256;0
216.1;218910720;0
201.6;263032832;0
301.0;290230272;0
298.3;310579200;0
301.0;333086720;0
299.2;346853376;0
258.0;366436352;0
301.0;384434176;0
269.9;399937536;0
215.0;407425024;0
243.7;223866880;0
198.9;223866880;0
200.7;223866880;0
199.5;223866880;0
201.6;223866880;0
149.6;225087488;0
199.5;225087488;0
184.8;225263616;0
199.5;225288192;0
199.5;225288192;0
199.5;225288192;0
199.5;225288192;0
218.4;225292288;0
166.2;221270016;0
216.1;225427456;0
201.6;225427456;0
199.5;225427456;0
199.5;225427456;0
149.6;225570816;0
199.5;221548544;0
151.2;225701888;0
166.2;221679616;0
166.2;221720576;0
143.3;225787904;0
198.9;225787904;0
200.7;225787904;0
198.9;225787904;0
200.7;225787904;0
117.6;221761536;0
156.2;221818880;0
199.5;225841152;0
201.6;225841152;0
199.5;225841152;0
199.5;225841152;0
166.2;221814784;0
166.2;225988608;0
201.6;225988608;0
199.5;225988608;0
199.5;225988608;0
201.6;225988608;0
199.5;225988608;0
66.5;217939968;0
232.7;226025472;0
199.5;226025472;0
201.6;226025472;0
199.5;226025472;0
199.5;226025472;0
201.6;226025472;0
83.1;217559040;0
213.1;229564416;0
157.7;228360192;0
301.0;268193792;0
298.3;297328640;0
301.0;322711552;0
272.4;339496960;0
284.1;370515968;0
286.7;392273920;0
286.7;412872704;0
298.3;225345536;0
200.7;225345536;0
198.9;225345536;0
143.3;217833472;0
201.6;226349056;0
133.0;226541568;0
199.5;226541568;0
201.6;226541568;0
199.5;226541568;0
149.6;222502912;0
184.7;226664448;0
172.0;226664448;0
200.7;226664448;0
199.5;226664448;0
199.5;226664448;0
201.6;226664448;0
166.2;220454912;0
199.5;220880896;0
199.5;226676736;0
198.9;226676736;0
200.7;226676736;0
200.7;226676736;0
184.7;222650368;0
129.0;222674944;0
186.4;226721792;0
199.5;226721792;0
199.5;226721792;0
199.5;226721792;0
199.5;226721792;0
151.2;226758656;0
149.6;226807808;0
199.5;226807808;0
201.6;226807808;0
199.5;226807808;0
199.5;226807808;0
133.0;222781440;0
216.1;226947072;0
201.6;226947072;0
199.5;226947072;0
198.9;226947072;0
200.7;226947072;0
200.7;226947072;0
156.3;219222016;0
199.5;226979840;0
199.5;226979840;0
199.5;226979840;0
201.6;226979840;0
199.5;226979840;0
170.5;218931200;0
168.0;227069952;0
199.5;227069952;0
199.5;227069952;0
199.5;227069952;0
184.7;227069952;0
200.7;227069952;0
186.4;217419776;0
329.7;259710976;0
269.9;288460800;0
299.2;315084800;0
285.6;340926464;0
299.2;378277888;0
232.7;396013568;0
336.0;414662656;0
268.8;228347904;0
199.5;228347904;0
199.5;228347904;0
201.6;228347904;0
200.7;228347904;0
142.0;229609472;0
200.7;229609472;0
198.9;229609472;0
200.7;229609472;0
200.7;229609472;0
198.9;229609472;0
133.0;221560832;0
200.7;229875712;0
199.5;229875712;0
199.5;229875712;0
199.5;229875712;0
199.5;229867520;0
201.6;229867520;0
114.7;221982720;0
199.5;230002688;0
198.9;230002688;0
200.7;230002688;0
200.7;230002688;0
199.5;230002688;0
166.2;221949952;0
199.5;230027264;0
198.9;230027264;0
200.7;230027264;0
200.7;230027264;0
198.9;230027264;0
199.5;230027264;0
67.2;225361920;0
199.5;230100992;0
198.9;230100992;0
200.7;230100992;0
198.9;230100992;0
200.7;230100992;0
168.0;222048256;0
216.1;230227968;0
199.5;230227968;0
200.7;230227968;0
200.7;230227968;0
198.9;230227968;0
199.5;230227968;0
