0.0;10510336;0
0.0;10510336;0
0.0;10510336;0
0.0;10510336;0
66.5;14663680;0
100.3;14667776;0
149.6;19181568;0
199.5;19226624;0
198.9;19382272;0
200.7;19398656;0
199.5;23384064;0
199.5;23416832;0
200.7;23552000;0
199.5;23556096;0
182.8;23568384;0
200.7;23576576;0
199.5;31612928;0
199.5;31612928;0
200.7;31674368;0
184.7;31682560;0
232.7;31805440;0
199.5;31817728;0
172.0;27709440;0
184.7;31956992;0
201.6;31965184;0
199.5;31948800;0
200.7;31956992;0
198.9;31961088;0
84.0;30961664;0
199.5;32145408;0
182.8;25825280;0
200.7;32190464;0
198.9;32137216;0
199.5;32116736;0
166.2;24121344;0
100.8;24211456;0
199.5;32280576;0
200.7;32219136;0
199.5;32489472;0
199.5;32493568;0
199.5;32493568;0
200.7;32526336;0
149.6;32694272;0
166.2;32825344;0
201.6;32841728;0
170.5;28860416;0
166.2;32911360;0
199.5;32911360;0
201.6;32911360;0
170.5;32956416;0
201.6;32956416;0
199.5;32956416;0
133.0;28930048;0
184.7;32944128;0
200.7;32948224;0
199.5;32997376;0
149.6;28971008;0
218.4;36294656;0
184.7;35463168;0
315.4;67948544;0
299.2;92094464;0
301.0;112422912;0
229.4;134045696;0
299.2;157085696;0
301.0;176644096;0
301.0;196128768;0
284.1;220688384;0
299.2;219447296;560
299.2;219447296;712
218.4;219414528;160
184.7;215420928;0
172.0;219996160;0
166.2;215969792;0
182.8;219992064;0
199.5;219992064;0
200.7;219992064;0
200.7;220463104;0
199.5;220463104;0
201.6;220463104;0
199.5;220463104;0
143.3;216436736;0
213.1;220463104;0
151.2;214503424;0
199.5;220467200;0
199.5;220467200;0
201.6;220467200;0
199.5;220467200;0
200.7;220467200;0
156.3;220471296;0
201.6;220471296;0
199.5;220471296;0
200.7;220471296;0
201.6;220471296;0
199.5;220471296;0
200.7;220471296;0
170.5;216444928;0
172.0;220504064;0
199.5;220504064;0
199.5;220504064;0
201.6;220504064;0
199.5;220504064;0
143.3;216477696;0
198.9;216543232;0
215.0;221093888;0
199.5;221093888;0
133.0;216891392;0
201.6;221102080;0
166.2;221097984;0
199.5;221097984;0
199.5;221097984;0
200.7;221097984;0
200.7;221097984;0
182.8;217071616;0
184.8;221093888;0
199.5;221093888;0
166.2;217604096;0
199.5;221626368;0
200.7;221622272;0
200.7;221622272;0
199.5;217595904;0
235.2;224972800;0
116.4;216199168;0
232.7;261808128;0
315.8;292397056;0
299.2;318074880;0
302.4;337547264;0
299.2;363655168;0
299.2;388153344;0
302.4;410693632;0
249.3;343859200;0
229.4;223440896;0
213.1;224575488;0
200.7;224575488;0
200.7;224575488;0
199.5;224575488;0
201.6;224575488;0
182.8;220553216;0
216.1;224894976;0
149.6;221114368;0
199.5;225034240;0
201.6;225034240;0
199.5;225034240;0
199.5;225034240;0
172.0;216985600;0
142.0;221130752;0
200.7;225431552;0
198.9;225435648;0
201.6;225435648;0
199.5;225435648;0
166.2;221409280;0
168.0;225484800;0
166.2;221458432;0
199.5;225480704;0
199.5;225480704;0
200.7;225480704;0
200.7;225480704;0
198.9;225480704;0
129.0;218247168;0
200.7;225497088;0
184.7;225525760;0
200.7;225525760;0
198.9;225525760;0
172.0;221499392;0
172.0;225525760;0
198.9;225525760;0
200.7;225525760;0
200.7;225562624;0
198.9;225562624;0
200.7;225562624;0
198.9;225562624;0
172.0;218349568;0
200.7;225611776;0
213.1;225681408;0
200.7;225681408;0
200.7;225681408;0
198.9;225681408;0
200.7;225681408;0
142.0;217632768;0
168.0;225832960;0
199.5;225832960;0
199.5;225832960;0
201.6;225832960;0
199.5;225832960;0
199.5;225832960;0
199.5;225832960;0
116.4;221216768;0
229.4;229212160;0
200.7;229212160;0
199.5;229212160;0
200.7;229212160;0
201.6;229224448;0
199.5;229224448;0
200.7;229224448;0
227.3;242614272;0
299.2;270397440;0
299.2;292478976;0
301.0;312479744;0
299.2;333381632;0
298.3;348405760;0
229.4;369754112;0
301.0;396079104;0
241.5;409133056;0
266.0;225705984;0
199.5;225705984;0
232.7;224935936;0
201.6;226934784;0
182.8;226934784;0
182.8;227082240;0
200.7;227082240;0
199.5;227082240;0
199.5;227082240;0
199.5;227135488;0
172.0;223113216;0
200.7;227139584;0
198.9;227139584;0
200.7;227139584;0
200.7;227139584;0
184.7;223117312;0
149.6;227176448;0
199.5;227217408;0
199.5;227217408;0
201.6;227217408;0
199.5;227217408;0
182.8;223191040;0
201.6;227250176;0
199.5;227250176;0
149.6;219238400;0
200.7;227303424;0
198.9;227303424;0
200.7;227303424;0
200.7;227303424;0
116.4;223326208;0
168.0;227352576;0
199.5;227352576;0
170.5;223330304;0
172.0;227360768;0
198.9;227360768;0
200.7;227360768;0
200.7;227360768;0
199.5;222928896;0
199.5;227377152;0
201.6;227377152;0
149.6;227409920;0
198.9;227409920;0
200.7;227409920;0
198.9;227409920;0
143.3;223387648;0
200.7;227446784;0
182.8;223424512;0
199.5;227495936;0
201.6;227495936;0
200.7;227495936;0
198.9;227495936;0
200.7;227495936;0
170.5;230846464;0
157.7;226824192;0
285.6;250404864;0
299.2;274042880;0
266.0;293011456;0
285.6;313614336;0
272.4;336187392;0
286.7;349581312;0
199.5;368054272;0
284.1;395325440;0
299.2;414015488;0
299.2;382291968;0
232.7;227487744;0
199.5;227487744;0
201.6;228675584;0
199.5;228675584;0
182.8;224653312;0
200.7;228880384;0
186.4;224858112;0
142.0;228990976;0
199.5;228990976;0
199.5;228990976;0
199.5;228990976;0
201.6;224964608;0
182.8;228986880;0
149.6;224964608;0
200.7;229130240;0
200.7;229130240;0
127.8;223604736;0
199.5;229203968;0
199.5;229203968;0
198.9;229203968;0
149.6;225181696;0
184.8;229220352;0
199.5;229220352;0
116.4;225198080;0
218.4;229249024;0
200.7;229249024;0
184.7;225226752;0
143.3;229392384;0
198.9;229392384;0
166.2;229441536;0
168.0;229576704;0
199.5;229576704;0
199.5;229576704;0
201.6;229576704;0
