0.0;10514432;0
0.0;10514432;0
0.0;10514432;0
0.0;10514432;0
67.2;12677120;0
99.7;12718080;0
86.0;12750848;0
99.4;10760192;0
67.2;12836864;0
83.1;10825728;0
86.0;12988416;0
83.1;10964992;0
83.1;13045760;0
71.0;11055104;0
86.0;13144064;0
83.1;11120640;0
116.4;13279232;0
71.7;11259904;0
99.7;13348864;0
66.5;11325440;0
99.7;13283328;0
71.7;12648448;0
99.7;13414400;0
50.4;13299712;0
99.7;13479936;0
71.7;13611008;0
99.4;13611008;0
67.2;13602816;173
99.7;13602816;0
66.5;13553664;0
100.3;13553664;0
49.9;13656064;0
99.7;13656064;0
49.9;13664256;0
100.3;13664256;0
56.8;13623296;0
100.8;13651968;0
66.5;17362944;0
200.7;54251520;0
170.5;84918272;0
201.6;107716608;51
216.1;110874624;671
49.9;108826624;18
117.6;110891008;0
71.0;108871680;0
43.0;110895104;0
99.7;110895104;0
67.2;112885760;0
71.0;110895104;0
57.3;112885760;0
83.1;110891008;0
66.5;112885760;0
85.2;110891008;0
100.3;114905088;0
49.9;112885760;0
113.6;114905088;0
100.8;114905088;0
49.9;113823744;0
99.7;114905088;0
66.5;114909184;0
99.7;114909184;0
71.7;114909184;0
99.4;114909184;0
84.0;112885760;0
49.9;114909184;0
99.7;114909184;0
56.8;112885760;0
86.0;114909184;0
71.7;112885760;0
99.4;114905088;0
100.8;114905088;0
33.2;112885760;0
116.4;114905088;0
33.2;112226304;0
99.7;114909184;0
100.8;114909184;0
49.9;114905088;0
100.3;114905088;0
57.3;114909184;0
85.2;112885760;0
71.7;114905088;0
99.4;114905088;0
67.2;112885760;0
116.4;116596736;0
100.3;116596736;0
57.3;114573312;0
184.7;149262336;0
199.5;180056064;0
182.8;205082624;0
168.0;115326976;0
99.7;115326976;0
71.7;113295360;0
100.8;116592640;0
99.7;116592640;0
57.3;116609024;0
99.7;116609024;0
57.3;116609024;0
100.3;116609024;0
49.9;116654080;0
100.8;116654080;0
66.5;114630656;0
99.7;116752384;0
99.4;116752384;0
57.3;114728960;0
100.3;116826112;0
85.2;113504256;0
99.7;116928512;0
67.2;116985856;0
99.4;116985856;0
100.3;114962432;0
42.6;117010432;0
100.3;117010432;0
83.1;114987008;0
83.1;117014528;0
84.0;114991104;0
99.7;117014528;0
66.5;114991104;0
99.4;117018624;0
100.3;117018624;0
28.7;115245056;0
99.7;117129216;0
99.7;117129216;0
57.3;117125120;0
99.4;117125120;0
71.7;117125120;0
99.4;117125120;0
86.0;115105792;0
83.1;117129216;0
99.7;117129216;0
67.2;115105792;0
83.1;117133312;0
99.7;117133312;0
33.2;115109888;0
99.7;118820864;0
84.0;122331136;0
199.5;153231360;0
166.2;182571008;0
201.6;209887232;0
133.0;115224576;0
71.7;116408320;0
99.4;116408320;0
71.7;116436992;0
86.0;114417664;0
83.1;116445184;0
100.8;116445184;0
49.9;114421760;0
116.4;116621312;0
99.7;116621312;0
16.6;113836032;0
100.3;116625408;0
71.7;116678656;0
85.2;114655232;0
57.3;116699136;0
100.3;116699136;0
71.0;114679808;0
83.1;116703232;0
99.4;116703232;0
43.0;114679808;0
100.8;116711424;0
85.2;114524160;0
100.3;116719616;0
57.3;116760576;0
99.7;116760576;0
99.7;114737152;0
66.5;116768768;0
99.7;116768768;0
67.2;114749440;0
99.7;116834304;0
66.5;114810880;0
117.6;116854784;0
28.4;114835456;0
99.7;116858880;0
99.7;116858880;0
33.2;116858880;0
100.3;116858880;0
86.0;114839552;0
71.0;116867072;0
100.3;114847744;0
86.0;118665216;0
99.4;118665216;0
43.0;116645888;0
184.7;145780736;0
186.4;171384832;0
200.7;202862592;0
170.5;115560448;0
86.0;116801536;0
100.8;116801536;0
99.7;114782208;0
57.3;116903936;0
66.5;114884608;0
57.3;117010432;0
100.3;117010432;0
56.8;114987008;0
100.3;117088256;0
71.7;115064832;0
113.6;117182464;0
86.0;117182464;0
56.8;115130368;0
99.7;117194752;0
100.8;117194752;0
66.5;117227520;0
99.7;117227520;0
67.2;115208192;0
66.5;117235712;0
100.3;117235712;0
66.5;115212288;0
116.4;117272576;0
100.8;117272576;0
33.2;114335744;0
99.4;117280768;0
100.3;117280768;0
57.3;117329920;0
99.4;117329920;0
86.0;117415936;0
85.2;115396608;0
86.0;117440512;0
86.0;115417088;0
99.4;117440512;0
100.3;117440512;0
57.3;113422336;0
99.7;117436416;0
99.7;117436416;0
57.3;117477376;0
99.4;117477376;0
86.0;115453952;0
86.0;117489664;0
99.7;115466240;0
100.8;119173120;0
100.3;119173120;0
28.4;117153792;0
200.7;160165888;0
198.9;190836736;0
186.4;210649088;0
99.4;116428800;0
83.1;114405376;0
67.2;117538816;0
99.7;117538816;0
49.9;115519488;0
114.7;117866496;0
100.3;117866496;0
56.8;117964800;0
99.7;117964800;0
86.0;118128640;0
85.2;116105216;0
86.0;118145024;0
100.3;118145024;0
56.8;116125696;0
116.4;118222848;0
100.8;118222848;0
49.9;118255616;0
99.7;116232192;0
66.5;118251520;0
99.7;118251520;0
83.1;118296576;0
100.8;118296576;0
49.9;116277248;0
99.7;118308864;0
99.7;118308864;0
50.4;118419456;0
100.8;116396032;0
66.5;118435840;0
99.7;116416512;0
83.1;118439936;0
99.7;118439936;0
50.4;116416512;0
116.4;118476800;0
99.7;118476800;0
33.6;116060160;0
100.8;118476800;0
49.9;118517760;0
83.1;116498432;0
49.9;118534144;0
99.7;118505472;0
57.3;116486144;0
100.3;120250368;0
99.4;120250368;0
43.0;116117504;0
199.5;153227264;0
201.6;183173120;0
182.8;210587648;0
113.6;119439360;0
71.7;120623104;0
99.4;120623104;0
57.3;118599680;0
117.6;120946688;0
99.7;120946688;0
42.6;121049088;0
99.7;121049088;0
100.8;119025664;0
66.5;121106432;0
85.2;119083008;0
86.0;121200640;0
66.5;119177216;0
116.4;121290752;0
50.4;117280768;0
100.8;121327616;0
99.7;121327616;0
66.5;121364480;0
86.0;119341056;0
86.0;121405440;0
