0.0;10489856;0
0.0;10489856;0
0.0;10489856;0
0.0;10489856;0
66.5;12664832;0
100.3;12689408;0
66.5;12812288;0
50.4;12869632;0
99.4;14954496;0
84.0;12951552;0
99.7;14946304;0
57.3;12922880;0
99.4;15015936;0
100.8;15015936;0
99.7;15065088;0
99.7;15065088;0
43.0;17092608;0
99.4;15097856;0
99.7;19173376;0
99.7;15159296;0
100.3;19185664;0
14.2;17166336;0
114.7;19226624;0
99.7;17203200;0
33.2;17145856;0
99.7;19255296;0
86.0;17231872;0
43.0;19386368;0
99.7;19386368;0
84.0;19472384;0
99.4;19472384;0
86.0;19615744;0
99.7;17547264;79
50.4;19566592;94
99.7;19566592;0
86.0;19558400;0
100.3;19689472;0
83.1;19587072;0
99.7;19587072;0
86.0;19615744;0
100.3;19615744;0
99.7;21352448;0
100.8;21409792;0
184.7;58793984;0
200.7;88915968;0
133.0;111255552;85
201.6;114311168;655
83.1;110977024;0
99.7;114307072;0
100.3;112287744;0
42.6;114352128;0
100.3;114352128;0
99.7;114352128;0
33.6;114364416;0
99.7;114364416;0
100.3;112345088;0
71.7;114368512;0
99.7;114368512;0
33.2;112345088;0
83.1;114388992;0
100.3;114388992;0
28.4;112369664;0
100.3;114388992;0
100.3;114388992;0
33.2;110374912;0
100.3;114388992;0
99.7;114388992;0
100.8;114388992;0
66.5;112369664;0
28.7;114434048;0
100.3;114434048;0
99.7;114434048;0
99.7;114434048;0
83.1;112414720;0
57.3;114442240;0
99.4;114442240;0
67.2;112422912;0
100.3;114446336;0
85.2;112422912;0
116.4;114442240;0
99.7;114442240;0
14.3;114442240;0
99.7;114446336;0
83.1;114442240;0
100.3;114442240;0
99.4;114442240;0
49.9;114446336;0
99.7;114446336;0
100.8;114446336;0
99.7;114446336;0
116.4;116133888;0
100.3;116133888;0
56.8;114110464;0
149.6;143159296;0
199.5;176078848;0
201.6;202756096;0
142.0;115134464;0
100.3;115134464;0
28.7;113115136;0
99.7;116224000;0
100.3;116224000;0
56.8;116420608;0
100.3;116420608;0
100.3;116420608;0
56.8;116482048;0
99.7;116482048;0
57.3;114458624;0
56.8;116482048;0
99.7;116482048;0
83.1;116809728;0
100.8;116809728;0
49.9;114786304;0
116.4;116822016;0
100.3;116822016;0
28.4;112812032;0
99.7;116871168;0
66.5;116916224;0
100.3;116916224;0
71.7;114892800;0
56.8;116912128;0
100.8;116912128;0
83.1;116944896;0
99.7;116944896;0
66.5;114921472;0
99.7;116940800;0
100.8;116940800;0
99.4;116944896;0
100.3;116944896;0
43.0;114921472;0
99.4;116948992;0
83.1;116953088;0
99.7;116953088;0
100.8;116953088;0
49.9;116969472;0
99.7;116969472;0
100.8;116969472;0
99.7;116969472;0
33.2;114946048;0
83.1;116965376;0
99.7;116965376;0
50.4;114946048;0
116.4;118652928;0
99.7;118652928;0
33.6;116293632;0
200.7;160096256;0
198.9;190504960;0
172.0;210812928;0
127.8;115044352;0
71.7;113020928;0
71.7;115884032;0
99.4;115884032;0
66.5;113860608;0
71.7;115965952;0
99.4;115965952;0
14.3;113942528;0
99.7;115990528;0
99.7;113967104;0
16.8;115994624;0
99.7;115994624;0
99.7;113971200;0
67.2;116035584;0
99.7;116035584;0
66.5;114016256;0
99.7;116047872;0
99.7;116047872;0
16.8;114028544;0
100.8;116097024;0
66.5;116129792;0
99.7;116129792;0
100.8;116129792;0
66.5;116146176;0
99.7;116146176;0
83.1;114126848;0
66.5;116174848;0
100.8;116174848;0
56.8;114155520;0
116.4;116183040;0
100.8;116183040;0
0.0;113340416;0
99.4;116219904;0
100.3;116219904;0
56.8;116219904;0
100.3;116219904;0
86.0;114200576;0
83.1;116273152;0
100.3;116273152;0
99.7;116289536;0
99.7;114270208;0
116.4;116355072;0
99.7;116355072;0
33.6;113459200;0
100.3;116387840;0
83.1;118075392;0
99.7;118075392;0
67.2;116051968;0
127.8;139563008;0
199.5;174522368;0
166.2;202387456;0
166.2;114774016;0
100.8;114774016;0
16.6;112750592;0
99.7;115920896;0
67.2;116076544;0
99.7;116076544;0
83.1;116170752;0
99.7;116170752;0
56.8;114151424;0
71.7;116269056;0
100.3;116269056;0
71.0;114245632;0
99.7;116318208;0
66.5;116383744;0
100.8;116383744;0
66.5;116543488;0
99.7;116543488;0
16.8;114520064;0
114.7;116568064;0
99.4;116568064;0
43.0;116576256;0
99.7;116576256;0
83.1;116572160;0
100.8;116572160;0
71.7;116576256;0
99.4;116576256;0
43.0;114556928;0
100.3;116625408;0
71.0;114601984;0
114.7;116682752;0
85.2;114659328;0
43.0;116731904;0
100.3;116731904;0
99.4;116760576;0
100.3;116760576;0
100.8;116760576;0
99.7;116760576;0
49.9;114741248;0
100.3;116764672;0
85.2;112754688;0
99.7;118464512;0
84.0;116441088;0
83.1;124047360;0
216.1;164282368;0
172.0;194318336;0
168.0;116326400;0
99.7;116326400;0
99.7;117530624;0
99.7;117530624;0
0.0;115511296;0
99.7;117649408;0
100.8;117649408;0
49.9;117714944;0
99.7;117714944;0
100.8;115695616;0
57.3;117817344;0
99.4;117817344;0
71.7;117862400;0
99.4;117862400;0
0.0;115838976;0
100.8;117886976;0
66.5;117899264;0
99.7;117899264;0
100.3;115875840;0
57.3;117932032;0
99.4;117932032;0
33.2;115908608;0
99.7;118005760;0
99.7;118005760;0
16.8;115982336;0
86.0;118042624;0
99.7;118042624;0
33.2;118050816;0
100.8;118050816;0
83.1;116011008;0
83.1;118075392;0
99.7;118075392;0
49.9;116056064;0
86.0;118095872;0
100.8;118095872;0
49.9;118157312;0
99.4;118157312;0
57.3;116137984;0
86.0;118185984;0
100.3;118185984;0
28.4;116166656;0
99.7;118185984;0
66.5;118231040;0
99.7;118231040;0
100.3;118231040;0
57.3;119914496;0
99.4;119914496;0
166.2;141221888;0
201.6;176390144;0
149.6;207294464;0
142.0;119185408;0
100.3;119185408;0
0.0;117153792;0
99.4;120332288;0
71.7;118308864;0
67.2;120455168;0
99.7;120455168;0
