0.0;10522624;0
0.0;10522624;0
0.0;10522624;0
0.0;10522624;0
57.3;14651392;0
99.4;14680064;0
149.6;19124224;0
199.5;19181568;0
229.4;23244800;0
133.0;19275776;0
184.8;19292160;0
142.0;19349504;0
216.1;23355392;0
199.5;23396352;0
215.0;31555584;0
199.5;31559680;0
184.8;27537408;0
166.2;23531520;0
215.0;31555584;0
199.5;31617024;0
201.6;31625216;0
199.5;31625216;0
172.0;27746304;0
182.8;32006144;0
182.8;27983872;0
184.7;32055296;0
200.7;32055296;0
199.5;32055296;0
199.5;31961088;0
200.7;31989760;0
198.9;31973376;0
133.0;28114944;0
232.7;32210944;0
200.7;32268288;0
198.9;32227328;0
201.6;32256000;0
199.5;32309248;0
200.7;26058752;0
213.1;32448512;0
200.7;32456704;0
200.7;32456704;0
199.5;32456704;0
201.6;32456704;0
199.5;32456704;0
200.7;32473088;0
170.5;28622848;277
168.0;32505856;0
199.5;32563200;0
199.5;32571392;0
201.6;32591872;0
198.9;32595968;0
200.7;32739328;0
49.9;24666112;0
252.0;32759808;0
198.9;32825344;0
157.7;28831744;0
182.8;47542272;0
199.5;47546368;0
199.5;47546368;0
200.7;47546368;0
182.8;43376640;0
315.8;69644288;0
285.6;100720640;0
299.2;126812160;0
299.2;152961024;0
284.1;170905600;0
301.0;195674112;0
299.2;220602368;0
216.1;236990464;0
282.6;259702784;0
302.4;285016064;0
299.2;303476736;0
282.6;327294976;0
299.2;344842240;0
301.0;361451520;0
301.0;378630144;0
298.3;396292096;0
301.0;400953344;1
200.7;392916992;646
299.2;402010112;671
299.2;402010112;699
299.2;402010112;796
200.7;401973248;2
198.9;401973248;0
157.7;397950976;0
216.1;401981440;0
199.5;401981440;0
133.0;397742080;0
199.5;401985536;0
201.6;401985536;0
170.5;397959168;0
157.7;401981440;0
200.7;401981440;0
199.5;401981440;0
133.0;401981440;0
199.5;401981440;0
200.7;401981440;0
198.9;401981440;0
200.7;401981440;0
199.5;397959168;0
182.8;401981440;0
199.5;401981440;0
133.0;397955072;0
218.4;401997824;0
198.9;401997824;0
172.0;393977856;0
151.2;400809984;0
199.5;402034688;0
200.7;402034688;0
198.9;402034688;0
200.7;402034688;0
157.7;402034688;0
184.7;402034688;0
201.6;402034688;0
182.8;398012416;0
182.8;412692480;0
299.2;434118656;0
299.2;463695872;0
302.4;489455616;0
299.2;511057920;0
299.2;530460672;0
268.8;554995712;0
232.7;576634880;0
298.3;597512192;0
301.0;620027904;0
298.3;642633728;0
272.4;663621632;0
272.4;691363840;0
298.3;713781248;0
301.0;735100928;0
258.0;752168960;0
282.6;776929280;0
299.2;779243520;0
299.2;779243520;0
268.8;645300224;0
232.7;400506880;0
166.2;401678336;0
218.4;405966848;0
199.5;405966848;0
199.5;405966848;0
199.5;405966848;0
199.5;405966848;0
200.7;405966848;0
213.1;406056960;0
172.0;406106112;0
199.5;406106112;0
199.5;406106112;0
199.5;406228992;0
149.6;402206720;0
201.6;406245376;0
198.9;406245376;0
172.0;402223104;0
143.3;402247680;0
213.1;406298624;0
114.7;402272256;0
99.4;402272256;0
200.7;406298624;0
200.7;406298624;0
198.9;406298624;0
172.0;406306816;0
200.7;406306816;0
198.9;406306816;0
200.7;406306816;0
198.9;406306816;0
67.2;398258176;0
235.2;406351872;0
199.5;406351872;0
166.2;401969152;0
235.2;421171200;0
199.5;421171200;0
182.8;421171200;0
199.5;421171200;0
249.3;413384704;0
243.7;454242304;0
301.0;474820608;0
298.3;494366720;0
301.0;512065536;0
286.7;526815232;0
255.7;544755712;0
266.0;566501376;0
299.2;587325440;0
299.2;607227904;0
268.8;616583168;0
301.0;641540096;0
299.2;665587712;0
249.3;682917888;0
302.4;698322944;0
299.2;716042240;0
266.0;732758016;0
286.7;759599104;0
255.7;776302592;0
301.0;781152256;0
243.7;780861440;0
229.4;543563776;0
172.0;400723968;0
99.4;400723968;0
100.3;400723968;0
200.7;406085632;0
198.9;406085632;0
186.4;402059264;0
170.5;406151168;0
200.7;406151168;0
199.5;406163456;0
198.9;406179840;0
186.4;402153472;0
186.4;402456576;0
213.1;406495232;0
200.7;406511616;0
198.9;406511616;0
200.7;406511616;0
200.7;406511616;0
198.9;406511616;0
186.4;406540288;0
157.7;406581248;0
198.9;406581248;0
200.7;406581248;0
198.9;406581248;0
200.7;406581248;0
129.0;398565376;0
182.8;401854464;0
232.7;421396480;0
184.8;421396480;0
182.8;410476544;0
241.5;450666496;0
301.0;478466048;0
282.6;498716672;0
299.2;520933376;0
302.4;533671936;0
266.0;553619456;0
284.1;578322432;0
301.0;595795968;0
272.4;608886784;0
286.7;633491456;0
301.0;657522688;0
301.0;675905536;0
284.1;690008064;0
301.0;711979008;0
298.3;729460736;0
215.0;744833024;0
301.0;766832640;0
235.2;781705216;0
299.2;781705216;0
282.6;781705216;0
249.3;539590656;0
218.4;404955136;0
199.5;404955136;0
142.0;397901824;0
199.5;406241280;0
199.5;406241280;0
199.5;406257664;0
184.8;402247680;0
166.2;406413312;0
199.5;406413312;0
201.6;406413312;0
216.1;406421504;0
199.5;406421504;0
199.5;406421504;0
198.9;406421504;0
172.0;401915904;0
172.0;406736896;0
198.9;406736896;0
199.5;406736896;0
201.6;406736896;0
199.5;406736896;0
199.5;406736896;0
133.0;402714624;0
166.2;402853888;0
229.4;407011328;0
200.7;407011328;0
184.7;403566592;0
199.5;407015424;0
201.6;407019520;0
166.2;403128320;0
166.2;407175168;0
200.7;407179264;0
198.9;407179264;0
258.0;421875712;0
200.7;421875712;0
199.5;421875712;0
199.5;421875712;0
201.6;421875712;0
116.4;412393472;0
301.0;458235904;0
299.2;482934784;0
266.0;507809792;0
299.2;528179200;0
299.2;555151360;0
286.7;576815104;0
315.4;595369984;0
299.2;615698432;0
299.2;632471552;0
302.4;652341248;0
282.6;670310400;0
284.1;693686272;0
299.2;717975552;0
299.2;740835328;0
301.0;778665984;0
302.4;780328960;0
299.2;780333056;0
255.7;538300416;0
