0.0;10514432;0
0.0;10514432;0
0.0;10514432;0
0.0;10514432;0
0.0;10514432;0
57.3;14659584;0
99.4;14684160;0
149.6;19116032;0
182.8;19181568;0
172.0;19210240;0
199.5;19222528;0
235.2;23392256;0
199.5;23392256;0
215.0;31485952;0
199.5;31485952;0
201.6;31522816;0
198.9;31522816;0
143.3;27496448;0
216.1;31588352;0
199.5;31494144;0
198.9;31551488;0
200.7;31584256;0
199.5;27697152;0
216.1;31657984;0
200.7;31793152;0
198.9;31793152;0
199.5;31793152;0
133.0;22200320;0
235.2;32100352;0
199.5;32100352;0
200.7;32104448;0
199.5;32165888;0
166.2;26669056;0
199.5;32247808;0
199.5;32247808;0
229.4;32317440;0
198.9;32317440;0
201.6;32317440;0
198.9;32436224;0
232.7;32489472;277
199.5;32391168;0
201.6;32391168;0
184.7;28368896;0
200.7;32497664;0
199.5;32497664;0
199.5;32559104;0
198.9;32559104;0
186.4;32559104;0
199.5;32559104;0
149.6;28532736;0
215.0;47325184;0
198.9;47325184;0
199.5;47325184;0
199.5;47325184;0
168.0;43302912;0
312.5;68415488;0
272.4;89280512;0
315.8;111439872;0
299.2;130469888;0
299.2;153227264;0
229.4;164478976;0
329.7;194330624;0
299.2;217853952;0
302.4;240574464;0
299.2;254566400;0
299.2;278323200;0
298.3;302088192;0
286.7;316260352;0
302.4;342474752;0
299.2;363511808;0
301.0;380354560;0
286.7;397979648;0
298.3;400396288;192
286.7;396374016;632
266.0;401522688;619
302.4;401522688;666
232.7;401485824;706
172.0;401485824;0
200.7;397459456;0
198.9;401489920;0
199.5;401489920;0
199.5;397463552;0
201.6;401489920;0
198.9;401489920;0
143.3;397463552;0
157.7;397471744;0
216.1;401530880;0
199.5;401530880;0
200.7;401530880;0
200.7;401530880;0
198.9;393560064;0
218.4;401580032;0
182.8;401580032;0
199.5;401580032;0
216.1;401584128;0
200.7;401584128;0
229.4;401580032;0
198.9;401580032;0
201.6;401580032;0
199.5;401580032;0
116.4;393531392;0
166.2;401604608;0
216.1;401604608;0
201.6;401604608;0
198.9;401604608;0
200.7;401604608;0
199.5;401604608;0
166.2;397582336;0
249.3;413351936;0
312.5;444649472;0
302.4;465137664;0
282.6;483905536;0
299.2;498601984;0
268.8;520556544;0
299.2;544079872;0
282.6;568594432;0
299.2;587878400;0
300.0;610242560;0
301.0;622886912;0
258.0;640348160;0
275.0;665374720;0
284.1;680452096;0
352.8;698318848;0
299.2;715825152;0
298.3;728629248;0
301.0;755642368;0
284.1;775196672;0
286.7;779444224;0
272.4;779444224;0
258.0;748908544;0
255.7;422920192;0
200.7;404410368;0
199.5;404410368;0
116.4;396353536;0
232.7;405762048;0
182.8;405762048;0
201.6;405762048;0
199.5;405762048;0
199.5;405762048;0
201.6;401735680;0
127.8;401862656;0
143.3;405975040;0
198.9;405975040;0
200.7;405975040;0
200.7;406048768;0
170.5;402026496;0
172.0;406450176;0
182.8;406450176;0
199.5;402423808;0
199.5;406511616;0
199.5;406523904;0
201.6;406548480;0
199.5;406548480;0
199.5;406560768;0
200.7;406573056;0
56.8;397840384;0
216.1;406740992;0
199.5;406740992;0
182.8;406740992;0
200.7;401022976;0
199.5;406745088;0
200.7;406745088;0
157.7;412663808;0
216.1;421650432;0
301.0;454483968;0
269.9;476930048;0
258.0;505970688;0
268.8;525070336;0
298.3;551026688;0
301.0;575148032;0
286.7;599220224;0
284.1;618303488;0
282.6;637710336;0
298.3;661901312;0
286.7;678371328;0
302.4;701423616;0
299.2;718737408;0
299.2;736284672;0
302.4;753287168;0
272.4;765521920;0
282.6;779530240;0
299.2;779530240;0
299.2;779538432;0
182.8;483053568;0
117.6;400502784;0
99.7;400502784;0
216.1;405889024;0
201.6;405889024;0
199.5;405889024;0
182.8;401928192;0
229.4;406020096;0
184.7;398741504;0
200.7;406056960;0
201.6;406056960;0
199.5;406056960;0
99.7;406200320;0
201.6;406200320;0
166.2;406233088;0
199.5;406228992;0
199.5;406228992;0
199.5;406228992;0
200.7;406228992;0
200.7;406261760;0
127.8;402235392;0
215.0;406372352;0
172.0;400474112;0
199.5;406437888;0
199.5;406437888;0
199.5;406437888;0
199.5;406466560;0
201.6;406466560;0
199.5;406470656;0
199.5;406515712;0
201.6;406528000;0
199.5;406540288;0
182.8;398487552;0
258.0;420769792;0
298.3;445116416;0
301.0;465895424;0
301.0;484982784;0
241.5;502968320;0
282.6;522829824;0
285.6;539762688;0
282.6;563232768;0
299.2;581599232;0
249.3;599384064;0
299.2;621076480;0
284.1;639795200;0
301.0;662011904;0
272.4;682082304;0
284.1;703168512;0
282.6;720621568;0
302.4;738938880;0
301.0;755888128;0
241.5;772521984;0
282.6;780484608;0
299.2;780484608;0
266.0;543305728;0
213.1;400662528;0
200.7;405811200;0
200.7;405811200;0
142.0;401788928;0
143.3;401965056;0
218.4;406159360;0
199.5;406159360;0
199.5;402268160;0
133.0;406405120;0
182.8;406433792;0
168.0;402472960;0
133.0;402706432;0
166.2;406802432;0
201.6;406802432;0
199.5;406802432;0
198.9;402776064;0
114.7;402780160;0
170.5;398905344;0
199.5;406949888;0
201.6;406949888;0
199.5;406990848;0
199.5;406990848;0
218.4;407121920;0
199.5;407121920;0
216.1;421871616;0
199.5;417845248;0
299.2;435417088;0
301.0;464125952;0
243.7;488005632;0
299.2;513351680;0
299.2;537329664;0
268.8;560852992;0
272.4;583974912;0
298.3;612208640;0
298.3;627220480;0
272.4;646402048;0
258.0;663207936;0
227.3;687226880;0
299.2;712114176;0
319.2;729985024;0
299.2;747913216;0
255.7;764821504;0
272.4;780754944;0
336.0;780795904;0
282.6;780795904;0
149.6;445300736;0
229.4;405127168;0
182.8;397074432;0
99.7;399593472;0
201.6;406179840;0
133.0;406319104;0
198.9;406319104;0
186.4;406450176;0
186.4;402423808;0
170.5;406589440;0
216.1;406736896;0
199.5;406798336;0
149.6;402771968;0
168.0;403099648;0
215.0;406986752;0
198.9;406999040;0
182.8;407007232;0
