0.0;10502144;0
0.0;10502144;0
0.0;10502144;0
0.0;10502144;0
43.0;14647296;0
100.3;14671872;0
133.0;19034112;0
200.7;19144704;0
227.3;23396352;0
182.8;19390464;0
229.4;23330816;0
200.7;19378176;0
199.5;23592960;0
201.6;23601152;0
184.7;27721728;0
133.0;23728128;0
216.1;31629312;0
200.7;31670272;0
198.9;31670272;0
184.8;31813632;0
199.5;31813632;0
157.7;27787264;0
170.5;32002048;0
201.6;32002048;0
199.5;32002048;0
200.7;32002048;0
129.0;27979776;0
199.5;32002048;0
199.5;32059392;0
172.0;28037120;0
172.0;32010240;0
198.9;32010240;0
201.6;32014336;0
199.5;32022528;0
199.5;26386432;0
182.8;33308672;0
200.7;32190464;0
199.5;32473088;0
199.5;32514048;0
201.6;32620544;0
198.9;32649216;0
199.5;33325056;0
199.5;32768000;277
201.6;32780288;0
198.9;32796672;0
201.6;32796672;0
199.5;32796672;0
199.5;32796672;0
184.7;33779712;0
201.6;33792000;0
199.5;33804288;0
200.7;33808384;0
186.4;33808384;0
198.9;33820672;0
116.4;28475392;0
199.5;28323840;0
252.0;47243264;0
198.9;47255552;0
200.7;47263744;0
199.5;47316992;0
199.5;47341568;0
199.5;47341568;0
186.4;43663360;0
272.4;87838720;0
301.0;111378432;0
299.2;132329472;0
302.4;155521024;0
298.3;169648128;0
301.0;189718528;0
326.7;210337792;0
301.0;233111552;0
266.0;250241024;0
249.3;267776000;0
319.2;296198144;0
266.0;318005248;0
286.7;341389312;0
299.2;363888640;0
199.5;382853120;0
300.0;405880832;0
282.6;400171008;402
227.3;395583488;697
301.0;401235968;621
301.0;401235968;532
282.6;397176832;563
133.0;397230080;0
166.2;401256448;0
201.6;401256448;0
199.5;401256448;0
200.7;401256448;0
149.6;397234176;0
182.8;401256448;0
182.8;397230080;0
199.5;401297408;0
200.7;401297408;0
198.9;401297408;0
168.0;397275136;0
216.1;401297408;0
199.5;401297408;0
182.8;397271040;0
133.0;400867328;0
200.7;401297408;0
184.7;401301504;0
201.6;401301504;0
182.8;401297408;0
199.5;401297408;0
182.8;393248768;0
182.8;401297408;0
200.7;401297408;0
184.7;397275136;0
186.4;401297408;0
200.7;401297408;0
156.3;397271040;0
182.8;401297408;0
199.5;401297408;0
201.6;401297408;0
232.7;401297408;0
199.5;401297408;0
129.0;397271040;0
241.5;415973376;0
229.4;402620416;0
315.4;451006464;0
298.3;478658560;0
301.0;503267328;0
301.0;520568832;0
269.9;545320960;0
301.0;564584448;0
301.0;582004736;0
298.3;600518656;0
301.0;618856448;0
298.3;636055552;0
272.4;653721600;0
315.4;681787392;0
326.7;704274432;0
301.0;727220224;0
301.0;749686784;0
284.1;771411968;0
299.2;778375168;0
199.5;771776512;0
249.3;769265664;0
232.7;430518272;0
200.7;404377600;0
199.5;404377600;0
199.5;404377600;0
201.6;401477632;0
166.2;405684224;0
182.8;405704704;0
182.8;405905408;0
182.8;405950464;0
201.6;405950464;0
199.5;405950464;0
199.5;405950464;0
200.7;405954560;0
56.8;397144064;0
216.1;401952768;0
182.8;401960960;0
99.7;400904192;0
186.4;398000128;0
243.7;416423936;0
298.3;441085952;0
286.7;471986176;0
215.0;495808512;0
286.7;516694016;0
298.3;544342016;0
249.3;567963648;0
243.7;587415552;0
255.7;606789632;0
243.7;622714880;0
301.0;644960256;0
216.1;662765568;0
312.5;687161344;0
243.7;710012928;0
229.4;725385216;0
315.4;754257920;0
302.4;771293184;0
282.6;779354112;0
299.2;779354112;0
299.2;779354112;0
266.0;477085696;0
201.6;401092608;0
199.5;405139456;0
198.9;405139456;0
201.6;405139456;0
200.7;405139456;0
156.3;405229568;0
200.7;405299200;0
170.5;405340160;0
200.7;405340160;0
200.7;405340160;0
184.7;401375232;0
143.3;401424384;0
182.8;405475328;0
199.5;405483520;0
186.4;405483520;0
198.9;405483520;0
129.0;401457152;0
172.0;416247808;0
312.5;443277312;0
258.0;468262912;0
302.4;497016832;0
199.5;512929792;0
266.0;536596480;0
229.4;570527744;0
282.6;590852096;0
315.8;611278848;0
302.4;627089408;0
299.2;645890048;0
299.2;664322048;0
302.4;681095168;0
216.1;701165568;0
312.5;722669568;0
301.0;739778560;0
227.3;755236864;0
286.7;773640192;0
258.0;776245248;0
315.4;777379840;0
326.7;781619200;0
200.7;445292544;0
201.6;403832832;0
199.5;400928768;0
216.1;405352448;0
199.5;401461248;0
182.8;401494016;0
184.8;401657856;0
229.4;416473088;0
142.0;404099072;0
299.2;445214720;0
319.2;471797760;0
299.2;491159552;0
299.2;510615552;0
266.0;526860288;0
299.2;546750464;0
286.7;563503104;0
243.7;594137088;0
232.7;610328576;0
249.3;629379072;0
319.2;657915904;0
299.2;680194048;0
249.3;702283776;0
243.7;726745088;0
200.7;741470208;0
355.1;766337024;0
286.7;780914688;0
302.4;780914688;0
301.0;780914688;0
269.9;573665280;0
227.3;405028864;0
229.4;401924096;0
200.7;405622784;0
198.9;405622784;0
199.5;405622784;0
199.5;405622784;0
216.1;405757952;0
184.8;405757952;0
198.9;405757952;0
200.7;405954560;0
170.5;401928192;0
200.7;406052864;0
201.6;406052864;0
199.5;406052864;0
199.5;406052864;0
201.6;406118400;0
66.5;396664832;0
349.1;431804416;0
299.2;463040512;0
299.2;488460288;0
298.3;512393216;0
301.0;532111360;0
286.7;555417600;0
199.5;579969024;0
198.9;602501120;0
200.7;619696128;0
243.7;638595072;0
301.0;668385280;0
298.3;693399552;0
266.0;715333632;0
266.0;742940672;0
249.3;762773504;0
268.8;776884224;0
286.7;781508608;0
315.8;777515008;0
299.2;576524288;0
299.2;403652608;0
134.4;408903680;0
200.7;408903680;0
198.9;408903680;0
182.8;409034752;0
199.5;409042944;0
216.1;409190400;0
201.6;409206784;0
182.8;405192704;0
213.1;409305088;0
182.8;409526272;0
201.6;409554944;0
199.5;409583616;0
182.8;405585920;0
143.3;405630976;0
213.1;424398848;0
199.5;424427520;0
201.6;424427520;0
199.5;424488960;0
