0.0;10498048;0
0.0;10498048;0
0.0;10498048;0
0.0;10498048;0
28.4;14626816;0
100.8;14675968;0
133.0;19116032;0
200.7;19177472;0
166.2;19206144;0
182.8;19251200;0
213.1;23302144;0
201.6;23310336;0
216.1;31526912;0
200.7;31539200;0
200.7;31555584;0
199.5;31559680;0
199.5;31617024;0
200.7;31621120;0
199.5;31621120;0
199.5;31641600;0
200.7;31649792;0
184.7;27774976;0
182.8;31965184;0
199.5;31965184;0
200.7;31965184;0
198.9;31965184;0
201.6;31981568;0
199.5;31981568;0
129.0;27963392;0
184.7;28037120;0
235.2;32059392;0
199.5;32268288;0
200.7;32268288;0
200.7;32268288;0
199.5;32305152;0
199.5;32309248;0
199.5;32333824;0
143.3;28463104;0
133.0;33501184;0
201.6;33501184;0
199.5;33505280;0
200.7;33505280;0
198.9;33505280;0
201.6;33505280;0
199.5;29483008;0
172.0;34082816;0
229.4;34189312;277
199.5;34189312;0
199.5;34189312;0
199.5;34189312;0
200.7;34189312;0
199.5;34189312;0
84.0;26144768;0
232.7;34193408;0
200.7;34193408;0
198.9;34193408;0
200.7;34193408;0
199.5;34193408;0
199.5;34193408;0
201.6;34193408;0
170.5;24887296;0
66.5;25206784;0
227.3;48730112;0
182.8;48730112;0
200.7;48730112;0
182.8;48730112;0
218.4;38088704;0
302.4;85204992;0
298.3;112091136;0
282.6;131461120;0
249.3;155406336;0
301.0;170283008;0
301.0;188936192;0
299.2;206372864;0
286.7;224100352;0
285.6;238567424;0
312.5;256835584;0
301.0;281960448;0
284.1;303898624;0
299.2;326107136;0
302.4;349016064;0
299.2;371748864;0
258.0;394346496;0
302.4;401104896;217
299.2;401104896;600
299.2;401104896;672
299.2;401104896;630
301.0;401104896;679
200.7;401072128;17
198.9;401072128;0
100.8;393027584;0
172.0;401121280;0
199.5;401121280;0
199.5;401121280;0
199.5;401121280;0
143.3;397099008;0
184.7;401125376;0
157.7;397099008;0
199.5;401129472;0
199.5;401129472;0
199.5;401129472;0
200.7;401129472;0
200.7;401129472;0
142.0;397168640;0
168.0;401178624;0
199.5;401178624;0
199.5;401178624;0
198.9;401178624;0
200.7;401178624;0
199.5;401178624;0
216.1;401182720;0
218.4;401182720;0
199.5;401182720;0
199.5;401182720;0
227.3;401178624;0
200.7;401178624;0
199.5;401178624;0
199.5;401178624;0
201.6;401698816;0
199.5;401698816;0
143.3;397676544;0
227.3;401702912;0
200.7;401702912;0
200.7;401702912;0
142.0;401698816;0
201.6;401698816;0
182.8;406634496;0
216.1;416374784;0
216.1;419672064;0
299.2;447995904;0
302.4;469118976;0
299.2;488689664;0
299.2;502738944;0
302.4;522350592;0
298.3;548245504;0
299.2;569081856;0
299.2;593403904;0
299.2;614678528;0
302.4;634036224;0
282.6;657059840;0
232.7;673714176;0
352.8;700874752;0
298.3;718639104;0
301.0;736546816;0
255.7;752287744;0
315.4;774172672;0
286.7;774475776;0
326.7;778526720;0
286.7;778526720;0
235.2;462110720;0
199.5;399863808;0
199.5;405213184;0
166.2;405327872;0
199.5;405327872;0
200.7;405327872;0
198.9;405331968;0
200.7;405331968;0
172.0;405331968;0
133.0;401309696;0
199.5;405405696;0
198.9;405405696;0
157.7;396898304;0
243.7;405008384;0
198.9;405008384;0
200.7;405008384;0
200.7;398446592;0
199.5;405041152;0
199.5;405041152;0
199.5;405053440;0
166.2;401031168;0
168.0;405057536;0
199.5;405057536;0
199.5;405057536;0
201.6;405057536;0
133.0;401092608;0
232.7;405131264;0
127.8;401108992;0
229.4;405159936;0
200.7;401149952;0
127.8;401219584;0
216.1;419917824;0
201.6;414199808;0
299.2;444764160;0
299.2;466358272;0
299.2;487178240;0
198.9;497852416;0
258.0;524472320;0
301.0;551030784;0
255.7;573902848;0
272.4;597422080;0
302.4;616042496;0
299.2;632512512;0
299.2;651231232;0
199.5;665657344;0
326.7;695078912;0
301.0;717807616;0
201.6;737882112;0
301.0;767148032;0
286.7;778915840;0
284.1;774893568;0
272.4;778948608;0
235.2;469602304;0
232.7;405364736;0
199.5;405364736;0
199.5;405364736;0
199.5;405364736;0
201.6;405364736;0
149.6;405573632;0
182.8;401551360;0
151.2;405659648;0
199.5;405659648;0
199.5;405659648;0
166.2;406106112;0
199.5;406106112;0
201.6;406106112;0
199.5;406106112;0
182.8;406183936;0
201.6;406183936;0
199.5;406183936;0
149.6;402161664;0
216.1;406253568;0
184.7;401088512;0
200.7;406269952;0
200.7;406269952;0
198.9;406302720;0
200.7;406302720;0
201.6;406302720;0
199.5;406302720;0
216.1;406380544;0
199.5;406380544;0
199.5;406380544;0
201.6;406380544;0
166.2;417042432;0
332.4;435970048;0
301.0;458133504;0
301.0;478449664;0
298.3;497528832;0
286.7;514043904;0
282.6;540721152;0
298.3;560173056;0
301.0;579362816;0
301.0;598065152;0
232.7;614621184;0
315.8;635330560;0
302.4;653885440;0
232.7;670523392;0
312.5;691523584;0
258.0;713478144;0
299.2;730750976;0
298.3;748535808;0
301.0;765288448;0
302.4;780046336;0
315.8;780582912;0
299.2;780582912;0
243.7;538218496;0
243.7;404520960;0
198.9;404520960;0
199.5;404594688;0
199.5;400629760;0
116.4;400084992;0
200.7;406036480;0
201.6;406036480;0
199.5;406036480;0
199.5;406065152;0
201.6;406065152;0
116.4;398016512;0
182.8;406278144;0
199.5;406278144;0
170.5;406278144;0
200.7;406278144;0
200.7;406278144;0
198.9;406278144;0
143.3;397922304;0
200.7;406355968;0
200.7;406355968;0
199.5;406355968;0
199.5;406355968;0
200.7;406355968;0
198.9;406355968;0
66.5;398311424;0
268.8;406544384;0
199.5;406548480;0
199.5;402522112;0
215.0;406679552;0
200.7;406679552;0
184.7;400592896;0
199.5;406720512;0
199.5;406720512;0
156.3;402698240;0
186.4;406073344;0
201.6;421613568;0
199.5;421613568;0
182.8;421679104;0
201.6;421679104;0
166.2;417652736;0
269.9;434176000;0
286.7;467869696;0
298.3;493338624;0
299.2;519204864;0
302.4;539754496;0
