0.0;10514432;0
0.0;10514432;0
0.0;10514432;0
0.0;10514432;0
0.0;10514432;0
66.5;14680064;0
99.7;14721024;0
172.0;19136512;0
166.2;15163392;0
168.0;19238912;0
198.9;19251200;0
216.1;23330816;0
199.5;23314432;0
201.6;31358976;0
184.7;27385856;0
201.6;31412224;0
199.5;31477760;0
215.0;31490048;0
199.5;31490048;0
201.6;31555584;0
199.5;31555584;0
199.5;31555584;0
200.7;31621120;0
142.0;27844608;0
199.5;23814144;0
216.1;31801344;0
201.6;31858688;0
198.9;31858688;0
201.6;31924224;0
182.8;30806016;0
199.5;32059392;0
170.5;28094464;0
172.0;32198656;0
199.5;32198656;0
199.5;32198656;0
200.7;28180480;0
170.5;32358400;0
199.5;32358400;0
199.5;28340224;0
149.6;28405760;0
218.4;32534528;0
198.9;32546816;0
200.7;32555008;0
199.5;28602368;164
235.2;32591872;113
198.9;32595968;0
200.7;32595968;0
199.5;32612352;0
99.7;26021888;0
199.5;32579584;0
200.7;32583680;0
200.7;32509952;0
199.5;32411648;0
184.8;28487680;0
133.0;32563200;0
229.4;34439168;0
198.9;47251456;0
200.7;47263744;0
199.5;47263744;0
199.5;47292416;0
200.7;47292416;0
170.5;43331584;0
232.7;66166784;0
299.2;95494144;0
302.4;121462784;0
298.3;146972672;0
301.0;165797888;0
282.6;190017536;0
299.2;214077440;0
299.2;233566208;0
329.7;252690432;0
301.0;270860288;0
299.2;290811904;0
302.4;310779904;0
299.2;330444800;0
315.8;352563200;0
216.1;370270208;0
301.0;393175040;0
302.4;410857472;0
299.2;401514496;601
272.4;395804672;611
302.4;402755584;528
315.4;397549568;515
298.3;402776064;493
229.4;402751488;67
198.9;402751488;0
200.7;402751488;0
186.4;402759680;0
199.5;402759680;0
218.4;402780160;0
199.5;402780160;0
199.5;402780160;0
184.7;402780160;0
172.0;398757888;0
216.1;402784256;0
199.5;402784256;0
100.8;392511488;0
199.5;402792448;0
199.5;402792448;0
198.9;402792448;0
157.7;399040512;0
200.7;402796544;0
182.8;398770176;0
168.0;402837504;0
199.5;402837504;0
199.5;402837504;0
199.5;398811136;0
186.4;402833408;0
200.7;402833408;0
199.5;402833408;0
151.2;398811136;0
232.7;417513472;0
199.5;417513472;0
184.7;417513472;0
200.7;417513472;0
301.0;437768192;0
298.3;467206144;0
243.7;486526976;0
286.7;517574656;0
299.2;532267008;0
266.0;549539840;0
315.8;571187200;0
249.3;583110656;0
285.6;606470144;0
299.2;622575616;0
299.2;641667072;0
268.8;657268736;0
302.4;690253824;0
299.2;713687040;0
299.2;736198656;0
299.2;757297152;0
282.6;777064448;0
302.4;779202560;0
284.1;779202560;0
249.3;585265152;0
235.2;405835776;0
199.5;405835776;0
199.5;405835776;0
127.8;400482304;0
199.5;406937600;0
201.6;406937600;0
198.9;406937600;0
172.0;407498752;0
200.7;407498752;0
198.9;407498752;0
200.7;407498752;0
199.5;407556096;0
201.6;407617536;0
199.5;407617536;0
199.5;403595264;0
218.4;407826432;0
199.5;407826432;0
199.5;407826432;0
182.8;403804160;0
216.1;407937024;0
200.7;407937024;0
113.6;403910656;0
200.7;408006656;0
200.7;408006656;0
198.9;408010752;0
215.0;407982080;0
198.9;408068096;0
200.7;408084480;0
172.0;404070400;0
170.5;408231936;0
201.6;408231936;0
133.0;404271104;0
216.1;408326144;0
199.5;408326144;0
199.5;404303872;0
252.0;423006208;0
199.5;423006208;0
200.7;423006208;0
200.7;423006208;0
184.7;418979840;0
157.7;412282880;0
315.8;446840832;0
299.2;467406848;0
302.4;486580224;0
299.2;505122816;0
227.3;522199040;0
301.0;549363712;0
301.0;574312448;0
298.3;598536192;0
200.7;613945344;0
213.1;630525952;0
199.5;657371136;0
184.8;679051264;0
249.3;697208832;0
315.4;725962752;0
298.3;743645184;0
301.0;761331712;0
301.0;778645504;0
269.9;779169792;0
299.2;779169792;0
216.1;600469504;0
166.2;400060416;0
100.8;400060416;0
99.7;400060416;0
232.7;405426176;0
200.7;405426176;0
199.5;405426176;0
166.2;397508608;0
199.5;405569536;0
199.5;405573632;0
201.6;405712896;0
199.5;405712896;0
215.0;405848064;0
157.7;401821696;0
199.5;405905408;0
199.5;405905408;0
198.9;405913600;0
200.7;405975040;0
172.0;401952768;0
198.9;406106112;0
186.4;402083840;0
215.0;406208512;0
198.9;401629184;0
199.5;406245376;0
199.5;406257664;0
199.5;406269952;0
201.6;406269952;0
199.5;406310912;0
149.6;402296832;0
201.6;406396928;0
232.7;421076992;0
199.5;421076992;0
199.5;421076992;0
149.6;418402304;0
272.4;440709120;0
286.7;463155200;0
286.7;496103424;0
282.6;518889472;0
299.2;537964544;0
302.4;562954240;0
299.2;583872512;0
298.3;602255360;0
286.7;622366720;0
249.3;637849600;0
315.8;660131840;0
286.7;678252544;0
215.0;698597376;0
272.4;723595264;0
286.7;743288832;0
298.3;765550592;0
301.0;780034048;0
268.8;776011776;0
301.0;780046336;0
269.9;477466624;0
149.6;399605760;0
172.0;402980864;0
156.3;401186816;0
199.5;407371776;0
201.6;407371776;0
199.5;407371776;0
182.8;407404544;0
200.7;407404544;0
200.7;407404544;0
184.7;407404544;0
200.7;407437312;0
198.9;407437312;0
200.7;407437312;0
200.7;407437312;0
184.7;407437312;0
200.7;407437312;0
201.6;407437312;0
166.2;403410944;0
166.2;407572480;0
200.7;407572480;0
198.9;407572480;0
157.7;403546112;0
218.4;407715840;0
199.5;407748608;0
166.2;403406848;0
201.6;407879680;0
199.5;407879680;0
142.0;407969792;0
200.7;407969792;0
198.9;407969792;0
200.7;407969792;0
129.0;399917056;0
232.7;408014848;0
199.5;408014848;0
201.6;408014848;0
199.5;408014848;0
116.4;402685952;0
200.7;408027136;0
198.9;408027136;0
182.8;418586624;0
268.8;427778048;0
301.0;459726848;0
298.3;485634048;0
299.2;510742528;0
302.4;531058688;0
301.0;555061248;0
255.7;574976000;0
232.7;591339520;0
299.2;614387712;0
266.0;627646464;0
298.3;654487552;0
