0.0;10526720;0
0.0;10526720;0
0.0;10526720;0
0.0;10526720;0
57.3;14659584;0
99.7;14684160;0
149.6;19099648;0
200.7;19148800;0
216.1;23388160;0
182.8;19374080;0
143.3;19353600;0
199.5;19369984;0
216.1;23494656;0
200.7;23494656;0
215.0;31526912;0
199.5;31535104;0
201.6;31535104;0
198.9;31535104;0
99.7;23486464;0
216.1;31694848;0
200.7;31703040;0
199.5;31707136;0
201.6;31707136;0
198.9;31797248;0
157.7;27774976;0
199.5;31924224;0
134.4;27897856;0
216.1;31944704;0
200.7;32002048;0
199.5;32002048;0
182.8;27975680;0
232.7;32829440;0
200.7;32829440;0
200.7;32829440;0
149.6;31817728;0
218.4;32976896;0
198.9;25460736;0
215.0;32280576;0
199.5;32280576;0
201.6;32280576;0
198.9;32288768;0
186.4;28401664;0
116.4;27602944;0
199.5;32526336;0
199.5;32555008;0
186.4;32555008;0
200.7;32555008;0
198.9;32567296;0
201.6;32579584;0
199.5;32600064;0
186.4;28536832;190
142.0;33746944;87
200.7;33746944;0
199.5;33746944;0
199.5;33751040;0
201.6;33751040;0
198.9;33751040;0
157.7;28401664;0
182.8;32608256;0
201.6;47210496;0
199.5;47210496;0
200.7;47226880;0
199.5;47226880;0
199.5;47226880;0
182.8;47226880;0
99.7;38100992;0
344.0;75059200;0
298.3;104325120;0
301.0;129888256;0
286.7;154157056;0
298.3;172273664;0
286.7;196116480;0
298.3;219774976;0
286.7;237842432;0
282.6;245956608;0
227.3;267112448;0
301.0;291233792;0
301.0;310837248;0
299.2;328491008;0
301.0;346087424;0
298.3;363438080;0
286.7;377925632;0
232.7;395628544;0
299.2;400252928;249
302.4;400252928;643
299.2;400252928;684
299.2;400252928;748
255.7;400220160;491
200.7;400220160;0
116.4;396197888;0
216.1;394039296;0
201.6;401481728;0
199.5;401481728;0
199.5;401481728;0
199.5;401481728;0
200.7;401481728;0
200.7;401481728;0
213.1;401539072;0
201.6;401539072;0
172.0;401584128;0
198.9;401584128;0
186.4;397557760;0
199.5;401584128;0
201.6;401584128;0
133.0;397557760;0
216.1;401580032;0
200.7;394350592;0
213.1;401584128;0
200.7;401584128;0
198.9;401584128;0
200.7;401584128;0
200.7;401584128;0
199.5;401584128;0
168.0;401584128;0
216.1;401580032;0
199.5;401580032;0
198.9;401580032;0
200.7;401580032;0
200.7;401580032;0
198.9;401580032;0
200.7;401580032;0
86.0;396533760;0
213.1;401584128;0
200.7;401584128;0
199.5;401584128;0
184.8;401584128;0
199.5;401584128;0
149.6;401588224;0
201.6;401588224;0
182.8;401588224;0
199.5;401588224;0
166.2;397561856;0
216.1;416268288;0
201.6;416268288;0
199.5;416268288;0
200.7;416268288;0
143.3;412241920;0
312.5;437579776;0
301.0;463626240;0
284.1;488312832;0
232.7;504061952;0
319.2;526491648;0
299.2;551120896;0
299.2;575623168;0
301.0;598335488;0
272.4;618160128;0
298.3;637796352;0
272.4;656986112;0
284.1;676175872;0
286.7;698097664;0
302.4;719544320;0
284.1;739053568;0
299.2;760627200;0
302.4;779513856;0
232.7;778747904;0
299.2;779513856;0
213.1;542429184;0
172.0;405233664;0
198.9;405233664;0
200.7;405237760;0
200.7;405237760;0
85.2;397193216;0
218.4;405487616;0
200.7;405487616;0
198.9;405487616;0
199.5;405487616;0
199.5;405487616;0
201.6;405487616;0
199.5;405487616;0
199.5;405487616;0
117.6;398581760;0
201.6;405610496;0
199.5;405610496;0
199.5;405610496;0
182.8;405610496;0
199.5;401584128;0
184.8;405626880;0
133.0;401604608;0
199.5;405766144;0
200.7;405766144;0
198.9;405766144;0
200.7;405766144;0
127.8;401776640;0
200.7;405843968;0
200.7;405843968;0
198.9;405843968;0
200.7;405843968;0
157.7;405852160;0
198.9;405852160;0
172.0;401829888;0
170.5;405856256;0
200.7;405856256;0
186.4;401829888;0
213.1;405860352;0
172.0;401833984;0
201.6;405872640;0
199.5;405872640;0
200.7;405872640;0
142.0;405901312;0
200.7;405901312;0
200.7;405901312;0
198.9;405901312;0
215.0;420581376;0
200.7;420585472;0
255.7;424771584;0
301.0;449224704;0
232.7;470065152;0
315.8;495722496;0
302.4;517304320;0
299.2;530714624;0
282.6;558899200;0
299.2;577277952;0
182.8;591011840;0
315.4;618508288;0
301.0;635002880;0
298.3;653426688;0
301.0;671453184;0
301.0;689676288;0
298.3;707096576;0
229.4;724889600;0
299.2;752566272;0
299.2;770469888;0
302.4;779702272;0
301.0;779702272;0
298.3;779702272;0
216.1;496906240;0
252.0;406159360;0
199.5;406159360;0
116.4;400187392;0
200.7;407224320;0
198.9;407224320;0
200.7;407224320;0
186.4;407277568;0
198.9;407277568;0
199.5;407277568;0
201.6;407277568;0
182.8;403148800;0
232.7;407310336;0
199.5;407310336;0
199.5;403288064;0
134.4;403136512;0
200.7;407384064;0
198.9;407384064;0
200.7;407384064;0
200.7;407384064;0
199.5;407384064;0
166.2;403357696;0
199.5;407576576;0
127.8;403550208;0
200.7;407572480;0
201.6;407572480;0
166.2;403546112;0
149.6;407592960;0
201.6;407654400;0
199.5;407654400;0
184.7;407666688;0
216.1;407744512;0
199.5;407744512;0
199.5;407744512;0
201.6;407756800;0
166.2;407760896;0
199.5;407760896;0
201.6;407760896;0
172.0;403734528;0
170.5;407801856;0
216.1;407851008;0
199.5;407851008;0
199.5;407851008;0
201.6;407851008;0
199.5;407863296;0
199.5;407863296;0
201.6;407887872;0
172.0;404508672;0
213.1;416882688;0
299.2;446562304;0
301.0;466632704;0
284.1;486940672;0
266.0;499978240;0
299.2;521060352;0
301.0;539254784;0
301.0;559230976;0
299.2;578240512;0
255.7;598888448;0
301.0;617082880;0
286.7;634200064;0
302.4;654467072;0
286.7;673198080;0
298.3;691548160;0
301.0;709271552;0
299.2;724967424;0
299.2;739467264;0
301.0;756297728;0
301.0;773267456;0
282.6;776372224;0
266.0;780435456;0
286.7;754212864;0
229.4;405565440;0
199.5;405569536;0
199.5;405569536;0
149.6;401227776;0
