0.0;10506240;0
0.0;10506240;0
0.0;10506240;0
0.0;10506240;0
0.0;10506240;0
0.0;10506240;0
0.0;10506240;0
0.0;10506240;0
0.0;10506240;0
0.0;10506240;0
0.0;10506240;0
0.0;10506240;0
0.0;10506240;0
0.0;10506240;0
0.0;10506240;0
0.0;10506240;0
0.0;10506240;0
0.0;10506240;0
0.0;10506240;0
0.0;10506240;0
0.0;10506240;0
0.0;10506240;0
0.0;10506240;0
0.0;10506240;0
0.0;10506240;0
0.0;10506240;0
0.0;10506240;0
0.0;10506240;0
0.0;10506240;0
0.0;10506240;0
0.0;10506240;0
0.0;10506240;0
0.0;10506240;0
0.0;10506240;0
0.0;10506240;0
0.0;10506240;0
0.0;10506240;0
133.0;45928448;0
99.7;85770240;0
100.8;118935552;0
99.7;142479360;0
100.3;174866432;0
99.7;205553664;0
99.7;226779136;0
99.7;252502016;0
99.7;285216768;0
100.3;316383232;0
99.4;345583616;0
100.8;374374400;0
99.7;377901056;338
99.7;377901056;697
99.4;377901056;760
100.3;377901056;710
33.2;377868288;311
0.0;377868288;0
0.0;377868288;0
0.0;377868288;0
0.0;377868288;0
0.0;377868288;0
0.0;377868288;0
0.0;377868288;0
0.0;377868288;0
0.0;377868288;0
0.0;377868288;0
0.0;377868288;0
0.0;377868288;0
0.0;377868288;0
0.0;377868288;0
0.0;377868288;0
0.0;377868288;0
0.0;377868288;0
0.0;377868288;0
0.0;377868288;0
0.0;377868288;0
0.0;377868288;0
33.2;392687616;0
99.7;431996928;0
100.3;465162240;0
100.3;493953024;0
99.4;519553024;0
100.3;552456192;0
99.7;581144576;0
99.7;599171072;0
99.7;631357440;0
99.7;661671936;0
100.8;691732480;0
99.7;719712256;0
100.3;746749952;0
100.3;755736576;0
99.4;755736576;0
100.3;755736576;0
99.4;447881216;0
16.8;381206528;0
0.0;381206528;0
0.0;381206528;0
0.0;381206528;0
0.0;381206528;0
0.0;381206528;0
0.0;381206528;0
0.0;381206528;0
0.0;381206528;0
0.0;381206528;0
0.0;381206528;0
0.0;381206528;0
0.0;381206528;0
0.0;381206528;0
0.0;381206528;0
0.0;381206528;0
0.0;381206528;0
0.0;381206528;0
0.0;381206528;0
0.0;381206528;0
0.0;381206528;0
14.2;385896448;0
114.7;417206272;0
100.3;454959104;0
99.4;485494784;0
100.3;510164992;0
99.4;542191616;0
100.3;573767680;0
100.3;594558976;0
99.4;620855296;0
100.3;652464128;0
100.3;682242048;0
99.7;710733824;0
99.7;738197504;0
99.7;755904512;0
100.8;755904512;0
99.7;755904512;0
99.7;444174336;0
16.8;382615552;0
0.0;382615552;0
0.0;382615552;0
0.0;382615552;0
0.0;382615552;0
0.0;382615552;0
0.0;382615552;0
0.0;382615552;0
0.0;382615552;0
0.0;382615552;0
0.0;382615552;0
0.0;382615552;0
0.0;382615552;0
0.0;382615552;0
0.0;382615552;0
0.0;382615552;0
0.0;382615552;0
0.0;382615552;0
0.0;382615552;0
0.0;382615552;0
0.0;382615552;0
0.0;382615552;0
100.8;416419840;0
99.7;452460544;0
99.7;483479552;0
99.7;507428864;0
99.7;540614656;0
100.8;572071936;0
99.7;594366464;0
99.7;620326912;0
100.8;651862016;0
99.7;682422272;0
99.7;712245248;0
99.7;740401152;0
99.7;756678656;0
100.3;756678656;0
100.3;756678656;0
99.4;426061824;0
14.3;382611456;0
0.0;382611456;0
0.0;382611456;0
0.0;382611456;0
0.0;382611456;0
0.0;382611456;0
0.0;382611456;0
0.0;382611456;0
0.0;382611456;0
0.0;382611456;0
0.0;382611456;0
0.0;382611456;0
0.0;382611456;0
0.0;382611456;0
0.0;382611456;0
0.0;382611456;0
0.0;382611456;0
0.0;382611456;0
0.0;382611456;0
0.0;382611456;0
0.0;382611456;0
66.5;400150528;0
99.7;441380864;0
100.8;474165248;0
99.7;498118656;0
99.7;530018304;0
99.7;561192960;0
99.7;588124160;0
100.8;608780288;0
99.7;641474560;0
99.4;670253056;0
100.3;699822080;0
100.3;729653248;0
99.7;756846592;0
99.7;756846592;0
99.7;756846592;0
99.7;517292032;0
50.4;386498560;0
0.0;386498560;0
0.0;386498560;0
0.0;386498560;0
0.0;386498560;0
0.0;386498560;0
0.0;386498560;0
0.0;386498560;0
0.0;386498560;0
0.0;386498560;0
0.0;386498560;0
0.0;386498560;0
0.0;386498560;0
0.0;386498560;0
0.0;386498560;0
0.0;386498560;0
0.0;386498560;0
0.0;386498560;0
0.0;386498560;0
0.0;386498560;0
0.0;386498560;0
114.7;416198656;0
99.4;451751936;0
100.3;485064704;0
99.7;509390848;0
99.7;542384128;0
100.8;572608512;0
99.7;595238912;0
99.7;620834816;0
100.8;652619776;0
99.7;683118592;0
99.4;712310784;0
100.3;741957632;0
99.7;757227520;0
99.7;757227520;0
100.3;757231616;0
86.0;388550656;0
0.0;388550656;0
0.0;388550656;0
0.0;388550656;0
0.0;388550656;0
0.0;388550656;0
0.0;388550656;0
0.0;388550656;0
0.0;388550656;0
0.0;388550656;0
0.0;388550656;0
0.0;388550656;0
0.0;388550656;0
0.0;388550656;0
0.0;388550656;0
0.0;388550656;0
0.0;388550656;0
0.0;388550656;0
0.0;388550656;0
0.0;388550656;0
0.0;388550656;0
16.6;397262848;0
100.8;426647552;0
100.3;460746752;0
99.4;489459712;0
99.7;515686400;0
99.7;546873344;0
99.7;577826816;0
100.3;599355392;0
86.0;625016832;0
99.4;656863232;0
99.7;686714880;0
100.8;717103104;0
99.7;744034304;0
99.4;758206464;0
100.3;758206464;0
99.7;672436224;0
83.1;403861504;0
0.0;403861504;0
0.0;403861504;0
0.0;403861504;0
0.0;403861504;0
0.0;403861504;0
0.0;403861504;0
0.0;403861504;0
0.0;403861504;0
0.0;403861504;0
0.0;403861504;0
0.0;403861504;0
0.0;403861504;0
0.0;403861504;0
0.0;403861504;0
0.0;403861504;0
0.0;403861504;0
0.0;403861504;0
0.0;403861504;0
0.0;403861504;0
49.9;424529920;0
100.8;441524224;0
