119.8;448073728;14
179.7;509636608;808
119.8;610168832;924
109.8;649490432;1214
99.8;706375680;1194
129.8;714780672;1295
119.8;714780672;1469
99.8;714780672;1545
99.8;714780672;1528
119.8;714780672;1500
89.9;714780672;1547
99.8;775598080;1189
99.9;877572096;1006
109.8;978890752;1001
99.9;1081126912;1010
99.9;1183363072;1010
89.9;1285337088;1007
99.9;1387180032;1005
99.9;1404612608;1428
99.8;1404612608;1552
109.8;1404612608;1546
99.8;1404612608;1546
99.8;1404612608;1552
109.8;1404612608;1551
99.8;1404612608;1522
109.8;1404612608;1548
99.8;1404612608;1551
99.8;1404612608;1580
99.8;1404612608;1552
99.8;1404612608;1531
99.8;1404612608;1552
109.8;1404612608;1550
99.8;1404612608;1549
99.8;1404612608;1550
99.8;1404612608;1531
109.8;1434628096;1072
99.8;1434759168;8
99.8;1434759168;0
99.9;1434759168;0
109.8;1434890240;1
209.6;1434890240;1
616.4;1440165888;3
804.0;1443864576;2
793.2;1443864576;1
790.3;1443995648;2
787.6;1458937856;2
790.7;1458937856;2
791.0;1456283648;2
796.2;1456283648;2
802.3;1456283648;2
800.1;1456283648;2
786.7;1456414720;2
794.0;1456414720;2
792.4;1456414720;0
780.6;1778589696;2
799.9;1780162560;3
788.7;1785274368;0
623.1;1785274368;2
526.0;1785274368;0
329.4;1785274368;2
129.8;1786978304;8
99.8;1786978304;0
99.8;1786978304;0
109.8;1787109376;0
209.6;1787109376;0
681.3;1787764736;2
685.7;1787764736;0
608.7;1787764736;0
608.7;1787764736;0
588.8;1787764736;0
499.2;1787764736;0
499.0;1787764736;0
479.1;1787764736;0
498.9;1787764736;0
499.1;1880039424;0
499.1;2223579136;0
499.1;2355044352;0
479.2;2355568640;0
299.5;2355568640;2
299.4;2355568640;0
299.4;2355568640;0
299.5;2355568640;0
329.4;2355568640;0
299.3;2355568640;0
299.5;2355568640;0
169.8;2355568640;0
99.9;2355568640;0
99.9;2355568640;0
99.9;2355568640;0
99.9;2364481536;0
99.9;2364481536;0
109.9;2365005824;7
99.9;2365005824;0
99.8;2365005824;0
99.8;2365005824;0
199.6;2365005824;1
651.4;2365399040;1
718.4;2365399040;0
708.6;2365530112;0
708.7;2365530112;0
698.3;2365530112;0
698.6;2365530112;0
698.7;2365530112;0
698.4;2365530112;0
698.5;2365530112;1
698.8;2365530112;0
698.7;2365530112;0
578.6;2365661184;0
419.2;2365661184;1
399.2;2365661184;0
399.3;2365661184;0
279.5;2365661184;0
359.3;2365661184;0
279.5;2365661184;0
199.7;2365661184;0
199.7;2365661184;0
209.6;2365661184;7
109.8;2365792256;2
99.8;2365792256;0
99.8;2365792256;0
139.8;2365923328;0
273.3;2366447616;1
764.7;2366447616;0
792.0;2366447616;0
799.4;2366447616;0
723.5;2366447616;0
777.6;2366447616;0
805.3;2366447616;0
788.9;2588221440;0
814.7;2941853696;0
792.1;3018399744;0
798.6;3018399744;0
800.5;3018399744;0
806.1;3018399744;0
798.7;3018399744;0
794.1;3018399744;0
807.8;3018399744;0
746.8;3018399744;0
339.3;3018399744;0
189.6;2850721792;8
109.8;2850852864;3
99.8;2850852864;0
99.8;2850852864;0
179.7;2850852864;0
539.8;2851377152;0
727.8;2851508224;0
698.7;2851508224;0
724.3;2851508224;1
787.4;2851508224;1
803.0;2851508224;0
803.4;2851508224;0
803.6;2851508224;0
801.8;2851508224;0
811.8;2851508224;0
598.8;2851508224;0
598.9;2851508224;0
599.0;2851508224;0
598.9;2851508224;0
578.8;2851508224;0
429.1;2851508224;0
399.2;2851508224;0
359.4;2851508224;0
289.4;2851901440;5
99.9;2851901440;2
99.8;2851901440;0
99.8;2851901440;0
159.7;2851901440;0
359.1;2852687872;1
798.8;2852687872;1
714.5;2852687872;0
698.2;2852687872;0
688.6;2852818944;0
708.3;2852818944;0
698.6;2852818944;0
668.3;2852818944;1
599.0;2852818944;0
598.8;2852818944;0
598.8;2852818944;0
598.9;2852818944;0
598.9;2852818944;0
671.0;2852818944;0
777.9;2852818944;0
648.8;2852818944;0
538.9;2852818944;0
379.3;2852818944;0
279.5;2852818944;0
139.8;2852950016;7
99.8;2852950016;0
99.8;2852950016;0
129.8;2852950016;0
229.6;2853081088;0
768.6;2853867520;3
808.7;2853867520;0
804.6;2853998592;0
788.1;2853998592;0
788.6;2853998592;0
778.4;2853998592;0
705.0;2853998592;0
708.5;2853998592;0
628.7;2853998592;0
658.4;2853998592;0
589.0;2853998592;0
598.8;2853998592;0
614.3;2853998592;0
698.7;2853998592;0
688.6;2853998592;2
538.8;2853998592;1
199.6;2853998592;0
169.7;2853998592;0
99.9;2853998592;0
109.8;2853998592;0
139.8;2853998592;6
99.8;2853998592;0
99.8;2853998592;0
109.8;2854129664;0
209.7;2854260736;0
669.5;2854522880;1
758.9;2854522880;1
704.5;2854522880;0
708.7;2854522880;0
688.3;2854522880;0
698.8;2854522880;0
694.4;2854522880;0
698.5;2854522880;1
698.6;2854522880;0
698.6;2854522880;0
678.7;2854522880;0
539.1;2854522880;0
499.0;2854522880;0
499.1;2854522880;0
469.1;2854522880;0
479.2;2854653952;0
349.3;2854653952;0
99.8;2854653952;0
99.8;2854653952;0
99.8;2854653952;0
99.8;2854653952;0
99.8;2854653952;0
139.7;2854916096;9
99.8;2854916096;2
99.8;2854916096;0
99.8;2854916096;0
139.8;2855047168;0
295.9;2855571456;0
776.8;2855571456;0
698.4;2855571456;0
708.7;2855571456;0
698.7;2855702528;2
688.5;2855702528;0
608.6;2855702528;0
588.5;2859896832;2
598.8;2859896832;0
608.4;2859896832;0
678.8;2859896832;2
698.5;2859896832;0
698.6;2859896832;0
688.7;2859896832;1
606.0;2859896832;2
598.6;2859896832;0
538.9;2859896832;1
99.8;2859896832;0
109.8;2859896832;2
99.8;2859896832;0
99.8;2859896832;0
99.8;2859896832;0
129.7;2859896832;5
99.8;2860158976;2
99.8;2860158976;0
99.8;2860158976;0
149.7;2860290048;0
319.5;2860814336;0
791.7;2860814336;1
708.2;2860814336;0
778.6;2860814336;0
794.7;2860814336;0
801.8;2860814336;0
800.8;2860814336;0
808.8;2860814336;0
798.3;2860814336;0
808.6;2860814336;0
788.7;2860814336;0
799.6;2860814336;0
803.6;2860814336;0
728.2;2860814336;0
618.4;2860814336;0
379.4;2860814336;0
199.7;2860814336;0
129.8;2860814336;0
99.8;2860814336;0
139.7;2860814336;4
89.8;2860945408;2
99.8;2860945408;0
99.8;2860945408;0
149.7;2860945408;0
326.6;2861469696;0
797.8;2861469696;0
804.5;2861600768;0
803.9;2861600768;0
800.0;2861600768;0
742.6;2861600768;0
