99.8;440078336;0
219.7;497217536;687
119.8;598536192;929
109.8;636416000;1205
109.8;707325952;1134
129.8;715714560;1333
119.8;715714560;1450
99.8;715714560;1516
99.9;715714560;1519
109.9;715714560;1520
99.8;715714560;1528
99.8;763031552;1272
99.9;865792000;1015
99.9;968028160;1009
99.9;1070526464;1013
99.9;1173155840;1013
99.9;1276047360;1016
99.9;1378152448;1008
99.8;1405546496;1390
99.8;1405677568;1511
99.8;1405677568;1532
99.8;1405677568;1545
99.8;1405677568;1550
99.8;1405677568;1548
99.8;1405677568;1511
99.8;1405677568;1538
99.8;1405677568;1545
99.8;1405677568;1545
99.8;1405677568;1534
89.9;1405677568;1449
99.8;1405677568;1360
99.8;1405677568;1357
99.8;1405677568;1360
99.9;1405677568;1356
99.8;1405677568;1354
109.8;1405677568;1405
99.8;1435824128;973
109.8;1435955200;8
99.8;1435955200;0
99.8;1435955200;0
129.8;1435955200;1
219.6;1436086272;1
716.7;1441894400;3
800.1;1443598336;2
793.9;1442693120;1
799.0;1442955264;2
788.4;1457766400;2
790.8;1457766400;2
785.1;1455308800;2
806.6;1455308800;2
784.6;1455308800;2
788.5;1455308800;2
784.6;1455308800;2
696.2;1455308800;2
678.6;1455308800;2
698.3;1455308800;2
698.4;1455308800;2
638.6;1688879104;3
598.8;1732395008;0
439.3;1737375744;3
299.5;1737375744;0
246.9;1738293248;7
99.8;1738424320;2
99.9;1738424320;0
99.9;1738424320;0
159.7;1738555392;0
411.8;1738948608;1
798.3;1738948608;0
788.7;1738948608;0
806.8;1738948608;0
795.9;1738948608;0
799.7;1738948608;0
696.5;1738948608;1
693.3;1738948608;0
698.7;1738948608;0
678.6;1984446464;0
708.7;2338734080;0
698.7;2682798080;0
708.7;2782150656;0
696.1;2782150656;0
698.5;2782150656;0
668.6;2782150656;0
599.0;2782150656;0
539.0;2782150656;0
199.7;2782150656;0
199.6;2782150656;0
169.7;2782412800;4
249.5;2798796800;3
99.8;2798796800;0
99.9;2798796800;0
109.8;2798927872;1
209.7;2799058944;0
710.4;2799714304;0
758.6;2799714304;1
698.6;2799714304;0
698.6;2799714304;0
608.8;2799845376;0
678.6;2799845376;0
599.0;2799845376;0
578.9;2799845376;0
688.8;2799845376;0
708.4;2799845376;0
658.6;2799845376;0
598.7;2799845376;0
578.6;2799845376;0
598.9;2799845376;0
599.0;2799845376;0
598.6;2799845376;0
519.1;2799845376;1
199.7;2799845376;0
169.7;2799845376;0
99.9;2799845376;0
99.9;2799845376;0
129.8;2799976448;7
99.9;2799976448;0
99.9;2799976448;0
99.8;2800107520;0
209.6;2800107520;0
686.3;2800762880;1
812.2;2800762880;0
798.3;2800762880;0
800.9;2800762880;0
735.9;2800762880;0
598.8;2800762880;0
598.7;2800762880;0
598.8;2800762880;0
598.6;2800762880;0
598.9;2800762880;0
558.9;2800762880;0
498.9;2800762880;0
499.0;2800762880;0
319.5;2800762880;0
209.6;2800762880;0
199.6;2800762880;0
239.6;2800762880;0
199.7;2800762880;0
199.7;2800762880;0
199.7;2800762880;0
199.7;2800762880;0
199.6;2800762880;0
199.7;2800762880;0
209.2;2801680384;8
99.8;2801811456;2
99.9;2801811456;0
99.8;2801811456;0
149.7;2801942528;0
229.6;2801942528;0
729.2;2803384320;2
807.7;2803384320;0
802.6;2803384320;0
788.8;2803384320;0
806.6;2803384320;0
802.2;2803384320;0
789.3;2807709696;0
806.2;2807709696;0
789.6;2807709696;0
738.1;2808102912;2
695.8;2808102912;0
698.3;2808102912;0
698.7;2808102912;0
708.7;2808102912;0
678.2;2808102912;0
329.3;2808102912;0
299.5;2808102912;0
287.2;2808102912;5
99.8;2808102912;2
99.8;2808102912;0
99.8;2808102912;0
149.7;2808365056;0
349.2;2809151488;0
724.0;2809151488;0
706.1;2809151488;0
702.7;2809151488;0
790.6;2809151488;0
801.8;2809151488;0
796.3;2809151488;0
802.2;2809151488;0
782.0;2809151488;2
798.7;2809151488;0
788.7;2809151488;0
723.9;2809151488;0
798.7;2809151488;1
698.6;2809151488;0
698.9;2809151488;3
409.2;2809151488;1
239.5;2809151488;0
199.6;2809151488;0
199.7;2809151488;0
149.8;2809282560;6
99.8;2809282560;0
99.8;2809282560;0
109.8;2809413632;0
209.6;2809413632;0
703.5;2810068992;1
798.5;2810068992;1
799.4;2810068992;0
793.2;2810068992;0
806.5;2810068992;0
800.7;2810068992;0
737.9;2810068992;0
688.4;2810068992;2
708.5;2810068992;0
708.7;2810068992;0
698.2;2810068992;0
698.5;2810068992;0
568.9;2810068992;0
598.6;2810068992;0
668.4;2810068992;0
568.8;2810068992;0
219.6;2810068992;1
139.7;2810068992;0
129.7;2810200064;4
99.8;2810200064;2
99.8;2810200064;0
99.9;2810200064;0
149.7;2810331136;0
339.5;2810724352;0
797.8;2810724352;0
808.7;2810724352;0
807.2;2810724352;0
808.2;2810724352;0
757.9;2810724352;0
747.6;2810724352;0
771.1;2810724352;3
797.6;2810855424;0
798.8;2810855424;0
696.1;2810855424;2
618.5;2810855424;0
608.6;2810855424;0
598.5;2810855424;0
598.7;2810855424;0
548.6;2810855424;0
598.4;2810855424;0
319.4;2811117568;9
99.0;2811248640;2
99.8;2811248640;0
99.8;2811248640;0
209.6;2811510784;0
629.3;2811641856;0
805.7;2811641856;0
721.6;2811641856;0
668.9;2811641856;2
644.6;2811641856;0
698.5;2811641856;0
699.0;2815836160;2
698.4;2815967232;0
698.3;2815967232;0
688.1;2815967232;0
698.5;2815967232;0
628.6;2815967232;1
598.7;2815967232;0
588.5;2815967232;0
598.8;2815967232;0
599.0;2815967232;0
229.6;2815967232;0
199.7;2815967232;0
199.6;2815967232;0
199.6;2816098304;5
99.7;2816229376;2
99.8;2816229376;0
99.8;2816229376;0
159.7;2816360448;0
311.7;2817015808;1
748.6;2817015808;1
598.8;2817146880;0
598.8;2817146880;0
598.7;2817146880;0
608.6;2817146880;0
608.6;2817146880;0
598.5;2817146880;0
588.9;2817146880;0
598.7;2817146880;0
678.6;2817146880;0
618.7;2817146880;0
454.6;2817146880;0
509.0;2817146880;0
497.1;2817146880;0
478.8;2817146880;1
498.8;2817146880;0
419.0;2817146880;1
398.8;2817146880;0
359.4;2817277952;3
119.1;2817409024;4
99.8;2817409024;0
99.8;2817409024;0
129.8;2817540096;0
229.6;2817802240;0
756.6;2817933312;1
698.2;2817933312;0
698.6;2817933312;0
698.6;2817933312;0
756.1;2817933312;0
804.3;2817933312;0
801.9;2817933312;0
796.9;2817933312;0
737.7;2817933312;0
604.2;2817933312;0
598.7;2817933312;0
598.5;2817933312;0
598.6;2817933312;0
