0.0;10502144;0
0.0;10502144;0
0.0;10502144;0
0.0;10502144;0
50.4;11038720;0
113.6;11448320;0
186.4;12013568;0
133.0;12599296;0
133.0;13910016;0
156.2;12722176;0
143.3;13815808;0
133.0;12824576;0
143.3;14016512;0
129.0;12951552;0
166.2;14159872;0
99.7;13078528;0
172.0;14340096;0
99.7;13189120;0
216.1;14258176;0
86.0;13373440;0
199.5;14344192;0
71.7;14340096;0
198.9;14397440;0
117.6;14573568;0
199.5;14573568;0
49.9;14585856;0
201.6;14585856;0
66.5;14950400;0
200.7;14950400;0
66.5;15020032;0
184.8;13922304;0
85.2;15048704;0
184.8;14036992;0
99.7;15065088;0
172.0;14110720;0
113.6;15458304;0
168.0;14245888;0
133.0;15425536;0
133.0;15437824;0
133.0;14454784;0
142.0;15626240;0
184.8;15134720;287
83.1;15200256;211
166.2;15810560;0
114.7;14704640;0
170.5;15749120;0
99.7;14647296;0
198.9;15765504;0
67.2;15495168;0
186.4;15822848;0
99.7;15822848;0
201.6;15822848;0
71.0;15765504;0
186.4;15163392;0
83.1;15659008;0
201.6;14786560;0
85.2;15970304;0
201.6;14802944;0
116.4;15982592;0
116.4;14766080;0
127.8;16257024;0
184.8;14684160;0
149.6;16437248;0
149.6;14594048;0
114.7;16306176;0
127.8;14794752;0
166.2;26361856;0
116.4;25346048;0
215.0;58454016;0
269.9;81416192;0
268.8;104910848;0
266.0;131772416;0
216.1;150888448;0
269.9;173989888;0
172.0;198316032;0
286.7;201146368;453
199.5;201564160;801
218.4;201576448;178
99.7;201568256;0
199.5;201568256;0
99.4;201572352;0
200.7;201572352;0
100.3;201568256;0
199.5;201543680;0
100.8;201572352;0
149.6;201543680;0
114.7;201576448;0
170.5;201543680;0
151.2;201572352;0
133.0;201543680;0
182.8;201568256;0
129.0;201543680;0
184.7;201596928;0
116.4;201568256;0
166.2;201601024;0
100.8;201572352;0
200.7;201601024;0
66.5;201609216;0
200.7;201609216;0
66.5;201678848;0
199.5;201678848;0
66.5;201674752;0
172.0;201646080;0
71.7;201678848;0
182.8;201646080;0
100.8;201674752;0
182.8;201646080;0
133.0;201691136;0
113.6;201662464;0
166.2;201691136;0
114.7;201662464;0
199.5;201711616;0
57.3;201687040;0
201.6;201715712;0
66.5;201715712;0
199.5;201715712;0
99.7;201711616;0
182.8;201687040;0
86.0;201715712;0
170.5;201687040;0
100.8;201711616;0
182.8;201687040;0
133.0;201715712;0
133.0;201687040;0
166.2;201715712;0
129.0;201687040;0
170.5;201719808;0
86.0;201687040;0
201.6;201719808;0
85.2;201715712;0
199.5;201715712;0
66.5;201715712;0
199.5;201715712;0
100.3;201728000;0
170.5;201699328;0
114.7;201723904;0
157.7;201699328;0
99.7;201728000;0
133.0;201699328;0
133.0;201732096;0
151.2;201699328;0
166.2;201732096;0
83.1;201699328;0
302.4;232841216;0
199.5;263385088;0
266.0;288485376;0
299.2;307814400;0
286.7;325894144;0
258.0;347222016;0
284.1;362356736;0
300.0;383565824;0
200.7;389619712;0
243.7;204013568;0
127.8;205156352;0
199.5;205144064;0
56.8;205352960;0
186.4;205324288;0
86.0;205438976;0
170.5;205406208;0
100.8;205434880;0
166.2;205406208;0
133.0;205475840;0
133.0;205447168;0
166.2;205488128;0
84.0;205455360;0
200.7;205484032;0
66.5;205533184;0
201.6;205533184;0
66.5;205537280;0
199.5;205537280;0
66.5;205582336;0
182.8;205553664;0
100.8;205586432;0
166.2;205553664;0
133.0;205660160;0
134.4;205627392;0
142.0;205688832;0
129.0;205656064;0
170.5;205684736;0
86.0;205660160;0
201.6;205819904;0
66.5;205815808;0
184.7;205803520;0
67.2;205856768;0
172.0;205828096;0
113.6;205873152;0
166.2;205844480;0
133.0;205889536;0
117.6;205856768;0
172.0;205979648;0
99.4;205946880;0
199.5;205975552;0
100.8;206131200;0
200.7;206131200;0
99.7;206135296;0
172.0;206102528;0
149.6;206127104;0
116.4;206102528;0
168.0;206135296;0
99.7;206102528;0
216.1;206131200;0
84.0;206110720;0
201.6;206131200;0
33.2;206266368;0
199.5;206266368;0
85.2;206266368;0
200.7;206233600;0
86.0;206262272;0
166.2;206233600;0
114.7;206266368;0
117.6;206233600;0
166.2;206356480;0
100.3;206331904;0
170.5;206360576;0
66.5;206376960;0
200.7;206376960;0
71.7;206417920;0
184.7;206389248;0
114.7;217890816;0
172.0;217862144;0
199.5;238485504;0
266.0;266113024;0
282.6;291577856;0
266.0;317718528;0
151.2;342589440;0
266.0;362987520;0
266.0;386281472;0
243.7;390651904;0
143.3;204390400;0
166.2;205967360;0
99.7;205942784;0
199.5;206036992;0
66.5;206168064;0
201.6;206168064;0
83.1;206209024;0
184.7;206192640;0
86.0;206213120;0
172.0;206184448;0
113.6;206311424;0
100.3;206286848;0
142.0;206352384;0
99.7;206319616;0
201.6;206405632;0
66.5;206430208;0
198.9;206479360;0
66.5;206557184;0
201.6;206557184;0
99.7;206606336;0
166.2;206581760;0
133.0;206626816;0
133.0;206598144;0
168.0;206663680;0
116.4;206630912;0
199.5;206594048;0
49.9;206602240;0
200.7;206602240;0
86.0;206606336;0
170.5;206577664;0
114.7;206663680;0
142.0;206635008;0
166.2;206671872;0
100.8;206643200;0
199.5;206671872;0
66.5;206671872;0
199.5;206671872;0
84.0;206675968;0
199.5;206659584;0
99.7;206811136;0
157.7;206782464;0
142.0;206864384;0
114.7;206839808;0
201.6;206934016;0
83.1;206901248;0
198.9;206929920;0
99.7;206934016;0
201.6;206934016;0
99.7;206942208;0
182.8;206917632;0
143.3;206979072;0
142.0;206950400;0
186.4;207032320;0
100.8;206999552;0
200.7;207065088;0
99.7;207060992;0
199.5;207060992;0
100.8;207060992;0
199.5;207032320;0
133.0;207056896;0
149.6;207032320;0
170.5;207060992;0
114.7;207032320;0
215.0;218599424;0
71.7;221265920;0
298.3;250916864;0
299.2;274264064;0
218.4;301551616;0
299.2;322416640;0
241.5;354189312;0
243.7;378732544;0
299.2;391249920;0
