0.0;10485760;0
0.0;10485760;0
0.0;10485760;0
33.2;11886592;0
166.2;11878400;0
71.7;12349440;0
157.7;12853248;0
99.4;13672448;0
157.7;13242368;0
149.6;13836288;0
129.0;13422592;0
99.4;14028800;0
134.4;14401536;0
199.5;13639680;0
86.0;14450688;0
116.4;14417920;0
116.4;14344192;0
127.8;13979648;0
143.3;14876672;0
166.2;13701120;0
149.6;14970880;0
143.3;13811712;0
113.6;14974976;0
166.2;13942784;0
114.7;14942208;0
114.7;14954496;0
149.6;15376384;0
134.4;14110720;0
127.8;15360000;0
86.0;15323136;0
166.2;15343616;0
100.8;14483456;0
199.5;15446016;0
43.0;14614528;0
201.6;15884288;386
71.0;15900672;112
143.3;15958016;0
156.2;15876096;0
100.8;15863808;0
199.5;15888384;0
66.5;15847424;0
200.7;14667776;0
85.2;15802368;0
116.4;15675392;0
99.7;15634432;0
172.0;14757888;0
113.6;15687680;0
84.0;15589376;0
133.0;15699968;0
133.0;14520320;0
127.8;15687680;0
57.3;14745600;0
166.2;15900672;0
99.7;14757888;0
168.0;15773696;0
71.0;25202688;0
229.4;62935040;0
299.2;85405696;0
201.6;112332800;0
266.0;133251072;0
266.0;157118464;0
243.7;183513088;0
269.9;203833344;0
166.2;201498624;647
232.7;201539584;771
143.3;201527296;14
142.0;201494528;0
100.8;201519104;0
166.2;201523200;0
149.6;201666560;0
99.4;201650176;0
172.0;201654272;0
99.7;201654272;0
182.8;201670656;0
100.8;201641984;0
199.5;201674752;0
71.7;201641984;0
149.6;201666560;0
200.7;201666560;0
86.0;201666560;0
198.9;201666560;0
67.2;201674752;0
143.3;201658368;0
116.4;201670656;0
199.5;201641984;0
99.7;201670656;0
157.7;201641984;0
113.6;201674752;0
134.4;201641984;0
133.0;201674752;0
99.7;201641984;0
142.0;201674752;0
100.8;201641984;0
166.2;201670656;0
99.7;201641984;0
168.0;201658368;0
33.2;202084352;0
166.2;202076160;0
49.9;202088448;0
142.0;202076160;0
117.6;202092544;0
199.5;202059776;0
99.7;202088448;0
168.0;202059776;0
113.6;202092544;0
100.3;202072064;0
149.6;202076160;0
67.2;202059776;0
149.6;202076160;0
49.9;202072064;0
168.0;202100736;0
85.2;202084352;0
157.7;202100736;0
83.1;202956800;0
218.4;213602304;0
86.0;216739840;0
282.6;247365632;0
166.2;278605824;0
301.0;303882240;0
213.1;324726784;0
301.0;351199232;0
199.5;378015744;0
268.8;390836224;0
149.6;203591680;0
116.4;205561856;0
184.8;206028800;0
113.6;206000128;0
143.3;206442496;0
99.4;206565376;0
172.0;206581760;0
114.7;206622720;0
198.9;206630912;0
100.8;206778368;0
129.0;206761984;0
127.8;206778368;0
199.5;206778368;0
99.7;206868480;0
168.0;206839808;0
149.6;206872576;0
133.0;206839808;0
184.8;206876672;0
127.8;206843904;0
186.4;206876672;0
85.2;206843904;0
166.2;206897152;0
172.0;206974976;0
99.4;206962688;0
172.0;207134720;0
143.3;207101952;0
170.5;207200256;0
71.7;207175680;0
199.5;207228928;0
67.2;207200256;0
201.6;207224832;0
83.1;207294464;0
199.5;207261696;0
117.6;207290368;0
199.5;207261696;0
133.0;207290368;0
142.0;207261696;0
157.7;207286272;0
114.7;207261696;0
170.5;207327232;0
66.5;207298560;0
117.6;207396864;0
199.5;207396864;0
83.1;207527936;0
149.6;207519744;0
133.0;207536128;0
151.2;207523840;0
116.4;207523840;0
83.1;207532032;0
134.4;207564800;0
166.2;207532032;0
166.2;207630336;0
142.0;207601664;0
172.0;207638528;0
86.0;207605760;0
149.6;207630336;0
133.0;212332544;0
100.3;221859840;0
272.4;248709120;0
213.1;277110784;0
200.7;303730688;0
284.1;324812800;0
272.4;346603520;0
229.4;373129216;0
213.1;391536640;0
232.7;242966528;0
100.8;206319616;0
166.2;206290944;0
133.0;206508032;0
116.4;206479360;0
166.2;206700544;0
100.8;206671872;0
168.0;206688256;0
49.9;206749696;0
199.5;206749696;0
67.2;206348288;0
199.5;206319616;0
86.0;206364672;0
170.5;206336000;0
114.7;206397440;0
143.3;206368768;0
142.0;206450688;0
114.7;206422016;0
143.3;206508032;0
42.6;206495744;0
199.5;206573568;0
49.9;206581760;0
142.0;206573568;0
129.0;206610432;0
157.7;206581760;0
133.0;206696448;0
100.3;206749696;0
129.0;206798848;0
127.8;206802944;0
172.0;206868480;0
66.5;206868480;0
182.8;206880768;0
100.8;206917632;0
199.5;206917632;0
66.5;206925824;0
168.0;206958592;0
182.8;206925824;0
149.6;206979072;0
99.7;206970880;0
182.8;206995456;0
134.4;206966784;0
133.0;207015936;0
49.9;206999552;0
168.0;207081472;0
33.2;207142912;0
156.2;207167488;0
71.7;207175680;0
198.9;207163392;0
86.0;207204352;0
172.0;207179776;0
113.6;207212544;0
143.3;207179776;0
184.8;218656768;0
66.5;218624000;0
315.8;245420032;0
286.7;270045184;0
255.7;296869888;0
229.4;318316544;0
201.6;337330176;0
299.2;361283584;0
149.6;385347584;0
268.8;391168000;0
143.3;207810560;0
170.5;208977920;0
71.7;209100800;0
166.2;209346560;0
56.8;209371136;0
143.3;210178048;0
129.0;210157568;0
85.2;210173952;0
172.0;210145280;0
114.7;210178048;0
142.0;210145280;0
149.6;210157568;0
182.8;210202624;0
99.7;210173952;0
172.0;210292736;0
71.7;210288640;0
166.2;210604032;0
142.0;204374016;0
186.4;204345344;0
114.7;204582912;0
142.0;204550144;0
143.3;204730368;0
99.7;204697600;0
199.5;204795904;0
67.2;204800000;0
143.3;204943360;0
113.6;204980224;0
199.5;204980224;0
100.8;205115392;0
166.2;205107200;0
149.6;205205504;0
133.0;205234176;0
166.2;205307904;0
86.0;205283328;0
184.8;205451264;0
116.4;205463552;0
182.8;205463552;0
100.8;205459456;0
182.8;205447168;0
133.0;205500416;0
166.2;205508608;0
156.2;205541376;0
129.0;205590528;0
172.0;205697024;0
85.2;205672448;0
182.8;205807616;0
134.4;209666048;0
301.0;247021568;0
142.0;281952256;0
301.0;302080000;0
