40.0;66.6;33.0;1224.0
50.0;90.5;40.4;0.0
29.8;99.1;41.2;1940.0
24.1;105.8;30.2;2528.0
15.0;106.6;14.4;3556.0
29.9;111.2;39.9;1884.0
54.5;123.0;23.2;6212.0
29.9;131.4;30.3;3440.0
39.9;139.1;12.8;1872.0
29.9;146.9;21.2;3132.0
29.9;156.4;17.8;5824.0
10.0;158.9;2.0;496.0
0.0;158.9;0.0;0.0
0.0;158.9;0.0;0.0
0.0;158.9;0.0;0.0
0.0;158.9;0.0;0.0
0.0;158.9;0.0;0.0
0.0;158.9;0.0;0.0
0.0;158.9;0.0;0.0
0.0;158.9;0.0;0.0
0.0;158.9;0.0;0.0
0.0;158.9;0.0;0.0
0.0;158.9;0.0;0.0
0.0;158.9;0.0;0.0
0.0;158.9;0.0;0.0
0.0;158.9;0.0;0.0
0.0;158.9;0.0;0.0
0.0;158.9;0.0;0.0
0.0;158.9;0.0;0.0
0.0;158.9;0.0;0.0
0.0;158.9;0.0;0.0
0.0;158.9;0.0;0.0
0.0;158.9;0.0;0.0
0.0;158.9;0.0;0.0
0.0;158.9;0.0;0.0
0.0;158.9;0.0;0.0
0.0;158.9;0.0;0.0
0.0;158.9;0.0;0.0
0.0;158.9;0.0;0.0
0.0;158.9;0.0;0.0
0.0;158.9;0.0;0.0
0.0;158.9;0.0;0.0
0.0;158.9;0.0;0.0
0.0;158.9;0.0;0.0
0.0;158.9;0.0;0.0
0.0;158.9;0.0;0.0
0.0;158.9;0.0;0.0
0.0;158.9;0.0;0.0
0.0;158.9;0.0;0.0
0.0;158.9;0.0;0.0
0.0;158.9;0.0;0.0
0.0;158.9;0.0;0.0
0.0;158.9;0.0;0.0
0.0;158.9;0.0;0.0
0.0;158.9;0.0;0.0
0.0;158.9;0.0;0.0
0.0;158.9;0.0;0.0
0.0;158.9;0.0;0.0
0.0;158.9;0.0;0.0
0.0;158.9;0.0;0.0
0.0;158.9;0.0;0.0
0.0;158.9;0.0;0.0
0.0;158.9;0.1;0.0
0.0;158.9;0.0;0.0
0.0;158.9;1.3;484.0
0.0;158.9;0.0;0.0
0.0;158.9;0.7;0.0
0.0;158.9;0.0;0.0
9.8;159.6;0.5;112.0
50.0;159.7;0.0;0.0
53.1;159.7;0.0;0.0
50.0;159.7;0.0;0.0
50.0;159.7;0.0;0.0
40.0;160.1;1.3;128.0
0.0;160.1;0.0;0.0
0.0;160.1;0.1;0.0
0.0;160.1;0.0;0.0
0.0;160.1;1.3;0.0
0.0;160.1;0.0;0.0
0.0;160.1;0.7;0.0
0.0;160.1;0.0;0.0
9.2;160.1;0.4;0.0
49.8;180.5;53.9;4.0
48.8;213.9;148.0;304.0
50.4;213.9;1522.7;0.0
49.2;244.8;212.2;224.0
50.0;244.8;300.6;0.0
50.0;245.4;328.4;0.0
49.2;245.4;324.2;0.0
49.7;245.4;333.0;0.0
50.4;245.4;417.0;0.0
50.0;245.4;329.6;0.0
54.6;245.4;346.0;0.0
51.6;245.4;398.4;0.0
50.0;276.9;262.5;128.0
49.8;276.9;0.6;196.0
50.3;276.9;0.6;192.0
49.7;246.6;0.5;72.0
