0.0;10498048;0
0.0;10498048;0
0.0;10498048;0
0.0;10498048;0
0.0;10498048;0
0.0;10498048;0
0.0;10498048;0
0.0;10498048;0
0.0;10498048;0
0.0;10498048;0
0.0;10498048;0
0.0;10498048;0
0.0;10498048;0
0.0;10498048;0
0.0;10498048;0
0.0;10498048;0
0.0;10498048;0
0.0;10498048;0
0.0;10498048;0
0.0;10498048;0
0.0;10498048;0
0.0;10498048;0
0.0;10498048;0
0.0;10498048;0
0.0;10498048;0
0.0;10498048;0
0.0;10498048;0
0.0;10498048;0
0.0;10498048;0
0.0;10498048;0
0.0;10498048;0
0.0;10498048;0
0.0;10498048;0
0.0;10498048;0
0.0;10498048;0
0.0;10498048;0
0.0;10498048;0
0.0;10498048;0
99.7;37281792;0
99.7;79921152;0
99.7;114298880;0
100.3;138350592;0
99.4;171905024;0
100.8;202207232;0
99.7;225386496;0
99.7;247894016;0
99.4;278564864;0
100.3;309432320;0
99.7;340254720;0
99.7;369917952;0
100.8;377876480;248
99.7;377876480;727
100.3;377876480;747
99.4;377876480;804
33.6;377843712;290
0.0;377843712;0
0.0;377843712;0
0.0;377843712;0
0.0;377843712;0
0.0;377843712;0
0.0;377843712;0
0.0;377843712;0
0.0;377843712;0
0.0;377843712;0
0.0;377843712;0
0.0;377843712;0
0.0;377843712;0
0.0;377843712;0
0.0;377843712;0
0.0;377843712;0
0.0;377843712;0
0.0;377843712;0
0.0;377843712;0
0.0;377843712;0
0.0;377843712;0
0.0;377843712;0
43.0;389177344;0
113.6;432103424;0
100.3;466108416;0
99.7;493682688;0
100.8;518443008;0
99.7;550809600;0
99.7;579895296;0
100.3;597594112;0
99.4;627032064;0
99.7;655831040;0
99.7;685748224;0
100.8;713838592;0
99.7;742232064;0
99.7;755769344;0
100.3;755769344;0
99.4;755769344;0
100.3;468553728;0
33.2;381353984;0
0.0;381353984;0
0.0;381353984;0
0.0;381353984;0
0.0;381353984;0
0.0;381353984;0
0.0;381353984;0
0.0;381353984;0
0.0;381353984;0
0.0;381353984;0
0.0;381353984;0
0.0;381353984;0
0.0;381353984;0
0.0;381353984;0
0.0;381353984;0
0.0;381353984;0
0.0;381353984;0
0.0;381353984;0
0.0;381353984;0
0.0;381353984;0
0.0;381353984;0
14.3;385601536;0
113.6;417722368;0
100.3;452407296;0
99.7;482340864;0
99.7;506077184;0
99.7;536977408;0
99.7;568451072;0
100.8;592470016;0
99.7;617250816;0
99.7;649142272;0
100.8;680157184;0
99.7;707641344;0
99.7;734695424;0
99.7;755748864;0
83.1;755748864;0
100.8;755752960;0
99.7;483880960;0
33.2;382349312;0
0.0;382349312;0
0.0;382349312;0
0.0;382349312;0
0.0;382349312;0
0.0;382349312;0
0.0;382349312;0
0.0;382349312;0
0.0;382349312;0
0.0;382349312;0
0.0;382349312;0
0.0;382349312;0
0.0;382349312;0
0.0;382349312;0
0.0;382349312;0
0.0;382349312;0
0.0;382349312;0
0.0;382349312;0
0.0;382349312;0
0.0;382349312;0
0.0;382349312;0
0.0;383934464;0
100.3;408723456;0
99.4;447328256;0
100.3;479203328;0
99.4;501731328;0
100.3;535990272;0
100.3;565465088;0
99.4;590692352;0
100.3;613138432;0
100.3;643600384;0
99.4;674054144;0
100.3;700915712;0
99.4;729321472;0
100.3;756416512;0
100.3;756416512;0
99.4;756416512;0
99.7;477339648;0
16.8;384577536;0
0.0;384577536;0
0.0;384577536;0
0.0;384577536;0
0.0;384577536;0
0.0;384577536;0
0.0;384577536;0
0.0;384577536;0
0.0;384577536;0
0.0;384577536;0
0.0;384577536;0
0.0;384577536;0
0.0;384577536;0
0.0;384577536;0
0.0;384577536;0
0.0;384577536;0
0.0;384577536;0
0.0;384577536;0
0.0;384577536;0
0.0;384577536;0
0.0;384577536;0
83.1;404959232;0
99.7;445648896;0
100.3;477978624;0
100.3;499400704;0
99.4;534556672;0
100.3;565579776;0
85.2;591716352;0
99.7;613900288;0
100.8;646062080;0
99.7;676483072;0
99.7;706183168;0
100.8;735707136;0
99.7;756924416;0
99.4;756924416;0
100.3;756924416;0
99.4;478228480;0
28.7;388866048;0
0.0;388866048;0
0.0;388866048;0
0.0;388866048;0
0.0;388866048;0
0.0;388866048;0
0.0;388866048;0
0.0;388866048;0
0.0;388866048;0
0.0;388866048;0
0.0;388866048;0
0.0;388866048;0
0.0;388866048;0
0.0;388866048;0
0.0;388866048;0
0.0;388866048;0
0.0;388866048;0
0.0;388866048;0
0.0;388866048;0
0.0;388866048;0
16.6;396922880;0
100.8;428822528;0
99.7;463687680;0
99.4;494182400;0
100.3;519176192;0
99.4;550772736;0
100.3;580489216;0
100.8;600645632;0
99.7;630583296;0
99.7;661565440;0
100.8;692563968;0
99.7;721944576;0
99.4;750374912;0
100.3;758149120;0
99.7;758149120;0
99.7;566759424;0
67.2;401936384;0
0.0;401936384;0
0.0;401936384;0
0.0;401936384;0
0.0;401936384;0
0.0;401936384;0
0.0;401936384;0
0.0;401936384;0
0.0;401936384;0
0.0;401936384;0
0.0;401936384;0
0.0;401936384;0
0.0;401936384;0
0.0;401936384;0
0.0;401936384;0
0.0;401936384;0
0.0;401936384;0
0.0;401936384;0
0.0;401936384;0
0.0;401936384;0
0.0;401936384;0
43.0;425762816;0
99.4;440033280;0
100.3;470269952;0
100.8;497938432;0
99.7;524681216;0
99.7;557867008;0
100.3;586469376;0
99.4;603840512;0
99.7;636182528;0
100.8;667336704;0
99.7;696774656;0
99.7;725966848;0
100.3;753659904;0
100.3;758657024;0
99.7;758657024;0
99.7;559083520;0
66.5;415064064;0
0.0;415064064;0
0.0;415064064;0
0.0;415064064;0
0.0;415064064;0
0.0;415064064;0
0.0;415064064;0
0.0;415064064;0
0.0;415064064;0
0.0;415064064;0
0.0;415064064;0
0.0;415064064;0
0.0;415064064;0
0.0;415064064;0
0.0;415064064;0
0.0;415064064;0
0.0;415064064;0
0.0;415064064;0
0.0;415064064;0
0.0;415064064;0
33.2;423161856;0
