0.0;10510336;0
0.0;10510336;0
0.0;10510336;0
0.0;10510336;0
0.0;10510336;0
0.0;10510336;0
0.0;10510336;0
0.0;10510336;0
0.0;10510336;0
0.0;10510336;0
0.0;10510336;0
0.0;10510336;0
0.0;10510336;0
0.0;10510336;0
0.0;10510336;0
0.0;10510336;0
0.0;10510336;0
0.0;10510336;0
0.0;10510336;0
0.0;10510336;0
0.0;10510336;0
0.0;10510336;0
0.0;10510336;0
0.0;10510336;0
0.0;10510336;0
0.0;10510336;0
0.0;10510336;0
0.0;10510336;0
0.0;10510336;0
0.0;10510336;0
0.0;10510336;0
0.0;10510336;0
0.0;10510336;0
0.0;10510336;0
0.0;10510336;0
0.0;10510336;0
0.0;10510336;0
0.0;10510336;0
100.3;41046016;0
99.7;79966208;0
100.8;112521216;0
99.7;136187904;0
99.7;168108032;0
99.4;197058560;0
100.3;221593600;0
99.7;240517120;0
99.7;272670720;0
100.8;302526464;0
99.4;331476992;0
100.3;361242624;0
99.7;389033984;0
100.8;377753600;689
99.7;377753600;698
99.7;377753600;732
86.0;377724928;697
0.0;377724928;0
0.0;377724928;0
0.0;377724928;0
0.0;377724928;0
0.0;377724928;0
0.0;377724928;0
0.0;377724928;0
0.0;377724928;0
0.0;377724928;0
0.0;377724928;0
0.0;377724928;0
0.0;377724928;0
0.0;377724928;0
0.0;377724928;0
0.0;377724928;0
0.0;377724928;0
0.0;377724928;0
0.0;377724928;0
0.0;377724928;0
0.0;377724928;0
0.0;377724928;0
33.6;388718592;0
99.7;431308800;0
99.7;465354752;0
100.8;492642304;0
99.7;517603328;0
100.3;547241984;0
99.4;575995904;0
100.3;595623936;0
99.7;622276608;0
99.7;652378112;0
100.8;683089920;0
99.4;711401472;0
100.3;738201600;0
99.4;755744768;0
100.3;755744768;0
99.7;755744768;0
99.7;476712960;0
33.6;381476864;0
0.0;381476864;0
0.0;381476864;0
0.0;381476864;0
0.0;381476864;0
0.0;381476864;0
0.0;381476864;0
0.0;381476864;0
0.0;381476864;0
0.0;381476864;0
0.0;381476864;0
0.0;381476864;0
0.0;381476864;0
0.0;381476864;0
0.0;381476864;0
0.0;381476864;0
0.0;381476864;0
0.0;381476864;0
0.0;381476864;0
0.0;381476864;0
0.0;381476864;0
16.6;387174400;0
99.7;423378944;0
99.7;458776576;0
100.3;487870464;0
100.3;512950272;0
99.4;545853440;0
100.3;575393792;0
100.3;594874368;0
99.7;621277184;0
99.7;653090816;0
99.7;682450944;0
100.8;711135232;0
99.7;738906112;0
99.7;755552256;0
100.8;755552256;0
99.7;755552256;0
99.7;448274432;0
16.6;383217664;0
0.0;383217664;0
0.0;383217664;0
0.0;383217664;0
0.0;383217664;0
0.0;383217664;0
0.0;383217664;0
0.0;383217664;0
0.0;383217664;0
0.0;383217664;0
0.0;383217664;0
0.0;383217664;0
0.0;383217664;0
0.0;383217664;0
0.0;383217664;0
0.0;383217664;0
0.0;383217664;0
0.0;383217664;0
0.0;383217664;0
0.0;383217664;0
0.0;383217664;0
16.6;388792320;0
99.7;420757504;0
99.4;455548928;0
100.3;486854656;0
100.3;510210048;0
99.4;543236096;0
100.3;574963712;0
100.3;596627456;0
99.4;625664000;0
100.3;656334848;0
99.7;686440448;0
99.7;715755520;0
100.8;743866368;0
99.7;756584448;0
99.7;756584448;0
100.8;756588544;0
99.7;455045120;0
14.2;382599168;0
0.0;382599168;0
0.0;382599168;0
0.0;382599168;0
0.0;382599168;0
0.0;382599168;0
0.0;382599168;0
0.0;382599168;0
0.0;382599168;0
0.0;382599168;0
0.0;382599168;0
0.0;382599168;0
0.0;382599168;0
0.0;382599168;0
0.0;382599168;0
0.0;382599168;0
0.0;382599168;0
0.0;382599168;0
0.0;382599168;0
0.0;382599168;0
0.0;382599168;0
99.7;413118464;0
99.7;450379776;0
100.8;482230272;0
99.7;505913344;0
99.7;540016640;0
99.7;572727296;0
99.7;594554880;0
100.8;620392448;0
99.7;651268096;0
99.7;681209856;0
100.8;709013504;0
99.7;736231424;0
99.4;756826112;0
100.3;756826112;0
99.4;756834304;0
99.7;497823744;0
33.6;388595712;0
0.0;388595712;0
0.0;388595712;0
0.0;388595712;0
0.0;388595712;0
0.0;388595712;0
0.0;388595712;0
0.0;388595712;0
0.0;388595712;0
0.0;388595712;0
0.0;388595712;0
0.0;388595712;0
0.0;388595712;0
0.0;388595712;0
0.0;388595712;0
0.0;388595712;0
0.0;388595712;0
0.0;388595712;0
0.0;388595712;0
0.0;388595712;0
83.1;402935808;0
99.4;440156160;0
100.3;473640960;0
100.3;498339840;0
99.7;531312640;0
99.7;563879936;0
100.8;590581760;0
99.7;611852288;0
99.7;643616768;0
99.7;673882112;0
99.7;704208896;0
100.3;732921856;0
100.3;757448704;0
99.4;757448704;0
99.7;757448704;0
100.8;489172992;0
16.6;404582400;0
0.0;404582400;0
0.0;404582400;0
0.0;404582400;0
0.0;404582400;0
0.0;404582400;0
0.0;404582400;0
0.0;404582400;0
0.0;404582400;0
0.0;404582400;0
0.0;404582400;0
0.0;404582400;0
0.0;404582400;0
0.0;404582400;0
0.0;404582400;0
0.0;404582400;0
0.0;404582400;0
0.0;404582400;0
0.0;404582400;0
0.0;404582400;0
0.0;404582400;0
66.5;420675584;0
99.4;452648960;0
100.3;482123776;0
100.3;502894592;0
99.7;535228416;0
99.7;568553472;0
100.8;593903616;0
100.3;617934848;0
99.4;651026432;0
99.7;682102784;0
99.7;711069696;0
99.7;738041856;0
100.3;758427648;0
100.3;758427648;0
99.7;758431744;0
99.7;625631232;0
84.0;402173952;0
0.0;402173952;0
0.0;402173952;0
0.0;402173952;0
0.0;402173952;0
0.0;402173952;0
0.0;402173952;0
0.0;402173952;0
0.0;402173952;0
0.0;402173952;0
0.0;402173952;0
0.0;402173952;0
0.0;402173952;0
0.0;402173952;0
0.0;402173952;0
0.0;402173952;0
0.0;402173952;0
0.0;402173952;0
0.0;402173952;0
0.0;402173952;0
71.7;415825920;0
