0.0;10506240;0
0.0;10506240;0
0.0;10506240;0
0.0;10506240;0
0.0;10506240;0
0.0;10506240;0
0.0;10506240;0
0.0;10506240;0
0.0;10506240;0
0.0;10506240;0
0.0;10506240;0
0.0;10506240;0
0.0;10506240;0
0.0;10506240;0
0.0;10506240;0
0.0;10506240;0
0.0;10506240;0
0.0;10506240;0
0.0;10506240;0
0.0;10506240;0
0.0;10506240;0
0.0;10506240;0
0.0;10506240;0
0.0;10506240;0
0.0;10506240;0
0.0;10506240;0
0.0;10506240;0
0.0;10506240;0
0.0;10506240;0
0.0;10506240;0
0.0;10506240;0
0.0;10506240;0
0.0;10506240;0
0.0;10506240;0
0.0;10506240;0
0.0;10506240;0
0.0;10506240;0
0.0;10506240;0
0.0;10506240;0
86.0;42074112;0
100.3;81911808;0
99.7;115036160;0
100.8;137981952;0
99.7;169091072;0
100.3;199143424;0
99.4;222924800;0
100.3;242769920;0
99.7;275009536;0
99.7;306491392;0
100.8;333631488;0
99.4;362455040;0
100.3;377769984;53
99.7;377769984;746
100.8;377769984;781
99.7;377769984;736
71.7;377737216;500
0.0;377737216;0
0.0;377737216;0
0.0;377737216;0
0.0;377737216;0
0.0;377737216;0
0.0;377737216;0
0.0;377737216;0
0.0;377737216;0
0.0;377737216;0
0.0;377737216;0
0.0;377737216;0
0.0;377737216;0
0.0;377737216;0
0.0;377737216;0
0.0;377737216;0
0.0;377737216;0
0.0;377737216;0
0.0;377737216;0
0.0;377737216;0
0.0;377737216;0
0.0;377737216;0
66.5;396972032;0
100.3;439787520;0
100.3;472633344;0
99.4;497078272;0
100.8;524775424;0
99.7;555884544;0
99.7;584368128;0
99.7;601997312;0
99.7;634802176;0
100.3;664764416;0
99.4;694767616;0
100.3;723390464;0
100.3;749400064;0
99.4;755593216;0
99.7;755593216;0
99.7;755593216;0
100.8;452907008;0
16.6;380284928;0
0.0;380284928;0
0.0;380284928;0
0.0;380284928;0
0.0;380284928;0
0.0;380284928;0
0.0;380284928;0
0.0;380284928;0
0.0;380284928;0
0.0;380284928;0
0.0;380284928;0
0.0;380284928;0
0.0;380284928;0
0.0;380284928;0
0.0;380284928;0
0.0;380284928;0
0.0;380284928;0
0.0;380284928;0
0.0;380284928;0
0.0;380284928;0
0.0;380284928;0
28.7;394088448;0
100.3;427249664;0
99.4;463003648;0
100.3;492474368;0
99.7;517251072;0
100.8;548737024;0
99.7;578183168;0
99.7;597221376;0
100.8;627916800;0
99.7;657158144;0
99.7;685768704;0
99.7;714866688;0
99.7;742703104;0
100.8;755671040;0
99.7;755671040;0
99.7;755671040;0
100.3;477630464;0
28.4;382218240;0
0.0;382218240;0
0.0;382218240;0
0.0;382218240;0
0.0;382218240;0
0.0;382218240;0
0.0;382218240;0
0.0;382218240;0
0.0;382218240;0
0.0;382218240;0
0.0;382218240;0
0.0;382218240;0
0.0;382218240;0
0.0;382218240;0
0.0;382218240;0
0.0;382218240;0
0.0;382218240;0
0.0;382218240;0
0.0;382218240;0
0.0;382218240;0
0.0;382218240;0
86.0;403222528;0
99.4;445706240;0
100.3;479670272;0
99.4;501768192;0
100.3;535334912;0
100.3;565940224;0
99.7;590831616;0
100.8;614215680;0
100.3;645386240;0
99.4;675348480;0
100.3;705605632;0
99.4;734236672;0
100.3;756453376;0
100.3;756453376;0
99.4;756453376;0
100.3;473366528;0
28.7;382447616;0
0.0;382447616;0
0.0;382447616;0
0.0;382447616;0
0.0;382447616;0
0.0;382447616;0
0.0;382447616;0
0.0;382447616;0
0.0;382447616;0
0.0;382447616;0
0.0;382447616;0
0.0;382447616;0
0.0;382447616;0
0.0;382447616;0
0.0;382447616;0
0.0;382447616;0
0.0;382447616;0
0.0;382447616;0
0.0;382447616;0
0.0;382447616;0
0.0;382447616;0
83.1;397864960;0
99.7;440266752;0
100.8;473772032;0
99.7;497963008;0
99.7;525893632;0
99.7;558215168;0
99.7;586358784;0
100.8;606289920;0
99.7;638922752;0
99.7;670453760;0
100.8;700346368;0
99.7;728256512;0
99.4;755523584;0
100.3;756768768;0
99.4;756768768;0
100.3;521199616;0
57.3;387780608;0
0.0;387780608;0
0.0;387780608;0
0.0;387780608;0
0.0;387780608;0
0.0;387780608;0
0.0;387780608;0
0.0;387780608;0
0.0;387780608;0
0.0;387780608;0
0.0;387780608;0
0.0;387780608;0
0.0;387780608;0
0.0;387780608;0
0.0;387780608;0
0.0;387780608;0
0.0;387780608;0
0.0;387780608;0
0.0;387780608;0
0.0;387780608;0
0.0;387780608;0
0.0;387780608;0
99.7;420057088;0
99.7;454017024;0
99.7;486100992;0
99.7;511295488;0
100.8;545427456;0
100.3;576540672;0
99.4;597725184;0
100.3;624021504;0
100.3;655269888;0
99.7;685654016;0
99.7;714153984;0
99.7;743776256;0
99.4;757686272;0
100.3;757686272;0
100.3;743997440;0
85.2;390320128;0
0.0;390320128;0
0.0;390320128;0
0.0;390320128;0
0.0;390320128;0
0.0;390320128;0
0.0;390320128;0
0.0;390320128;0
0.0;390320128;0
0.0;390320128;0
0.0;390320128;0
0.0;390320128;0
0.0;390320128;0
0.0;390320128;0
0.0;390320128;0
0.0;390320128;0
0.0;390320128;0
0.0;390320128;0
0.0;390320128;0
0.0;390320128;0
0.0;390320128;0
83.1;406081536;0
99.7;446595072;0
99.7;476794880;0
99.4;500510720;0
100.3;535900160;0
100.8;568287232;0
99.7;593727488;0
99.7;618000384;0
84.0;647770112;0
100.3;677756928;0
99.4;707153920;0
100.3;735498240;0
99.7;758075392;0
99.7;758075392;0
100.8;758075392;0
100.3;454377472;0
0.0;402685952;0
0.0;402685952;0
0.0;402685952;0
0.0;402685952;0
0.0;402685952;0
0.0;402685952;0
0.0;402685952;0
0.0;402685952;0
0.0;402685952;0
0.0;402685952;0
0.0;402685952;0
0.0;402685952;0
0.0;402685952;0
0.0;402685952;0
0.0;402685952;0
0.0;402685952;0
0.0;402685952;0
0.0;402685952;0
0.0;402685952;0
0.0;402685952;0
