0.0;10473472;0
0.0;10473472;0
0.0;10473472;0
0.0;10473472;0
0.0;10473472;0
0.0;10473472;0
0.0;10473472;0
0.0;10473472;0
0.0;10473472;0
0.0;10473472;0
0.0;10473472;0
0.0;10473472;0
0.0;10473472;0
0.0;10473472;0
0.0;10473472;0
0.0;10473472;0
0.0;10473472;0
0.0;10473472;0
0.0;10473472;0
0.0;10473472;0
0.0;10473472;0
0.0;10473472;0
0.0;10473472;0
0.0;10473472;0
0.0;10473472;0
0.0;10473472;0
0.0;10473472;0
0.0;10473472;0
0.0;10473472;0
0.0;10473472;0
0.0;10473472;0
0.0;10473472;0
0.0;10473472;0
0.0;10473472;0
0.0;10473472;0
0.0;10473472;0
0.0;10473472;0
42.6;33222656;0
86.0;62750720;0
99.7;99147776;0
99.7;128266240;0
99.4;152989696;0
100.8;182677504;0
99.7;211423232;0
99.7;229568512;0
100.8;257515520;0
99.4;289222656;0
100.3;318136320;0
99.7;346894336;0
100.8;375353344;0
99.7;377999360;372
99.7;377999360;777
100.3;377999360;811
99.4;377999360;749
0.0;377966592;107
0.0;377966592;0
0.0;377966592;0
0.0;377966592;0
0.0;377966592;0
0.0;377966592;0
0.0;377966592;0
0.0;377966592;0
0.0;377966592;0
0.0;377966592;0
0.0;377966592;0
0.0;377966592;0
0.0;377966592;0
0.0;377966592;0
0.0;377966592;0
0.0;377966592;0
0.0;377966592;0
0.0;377966592;0
0.0;377966592;0
0.0;377966592;0
0.0;377966592;0
0.0;377966592;0
100.8;418152448;0
99.7;454410240;0
99.7;484343808;0
99.4;506544128;0
100.3;539525120;0
100.3;569933824;0
99.7;591839232;0
100.8;616046592;0
99.7;646737920;0
100.3;675786752;0
99.4;705765376;0
100.3;733028352;0
100.3;755965952;0
99.7;755965952;0
100.8;755965952;0
99.7;515629056;0
66.5;382132224;0
0.0;382132224;0
0.0;382132224;0
0.0;382132224;0
0.0;382132224;0
0.0;382132224;0
0.0;382132224;0
0.0;382132224;0
0.0;382132224;0
0.0;382132224;0
0.0;382132224;0
0.0;382132224;0
0.0;382132224;0
0.0;382132224;0
0.0;382132224;0
0.0;382132224;0
0.0;382132224;0
0.0;382132224;0
0.0;382132224;0
0.0;382132224;0
0.0;382132224;0
0.0;382132224;0
99.7;414298112;0
100.8;450596864;0
99.7;481210368;0
99.7;504532992;0
100.3;538353664;0
99.4;568692736;0
100.3;592379904;0
99.4;615059456;0
100.3;646012928;0
100.3;675160064;0
99.7;704319488;0
100.8;731820032;0
99.7;755793920;0
99.7;755793920;0
99.7;755798016;0
99.7;507236352;0
33.6;383148032;0
0.0;383148032;0
0.0;383148032;0
0.0;383148032;0
0.0;383148032;0
0.0;383148032;0
0.0;383148032;0
0.0;383148032;0
0.0;383148032;0
0.0;383148032;0
0.0;383148032;0
0.0;383148032;0
0.0;383148032;0
0.0;383148032;0
0.0;383148032;0
0.0;383148032;0
0.0;383148032;0
0.0;383148032;0
0.0;383148032;0
0.0;383148032;0
0.0;383148032;0
0.0;383148032;0
71.7;402518016;0
100.3;442970112;0
99.4;475754496;0
100.3;498302976;0
100.3;531120128;0
99.4;563412992;0
99.7;590147584;0
99.7;611500032;0
99.7;644337664;0
100.8;675225600;0
99.7;705310720;0
99.7;731435008;0
100.8;756662272;0
99.7;756662272;0
99.7;756662272;0
99.7;488370176;0
33.2;383692800;0
0.0;383692800;0
0.0;383692800;0
0.0;383692800;0
0.0;383692800;0
0.0;383692800;0
0.0;383692800;0
0.0;383692800;0
0.0;383692800;0
0.0;383692800;0
0.0;383692800;0
0.0;383692800;0
0.0;383692800;0
0.0;383692800;0
0.0;383692800;0
0.0;383692800;0
0.0;383692800;0
0.0;383692800;0
0.0;383692800;0
0.0;383692800;0
0.0;383692800;0
49.9;417218560;0
99.7;434446336;0
99.4;467595264;0
100.3;496574464;0
100.3;523337728;0
99.4;556003328;0
100.3;584474624;0
100.3;603062272;0
99.4;635486208;0
100.3;664576000;0
99.4;692695040;0
100.3;722366464;0
100.8;749273088;0
99.7;757059584;0
99.7;757059584;0
100.8;624521216;0
99.7;399826944;0
0.0;388452352;0
0.0;388452352;0
0.0;388452352;0
0.0;388452352;0
0.0;388452352;0
0.0;388452352;0
0.0;388452352;0
0.0;388452352;0
0.0;388452352;0
0.0;388452352;0
0.0;388452352;0
0.0;388452352;0
0.0;388452352;0
0.0;388452352;0
0.0;388452352;0
0.0;388452352;0
0.0;388452352;0
0.0;388452352;0
0.0;388452352;0
0.0;388452352;0
134.4;416116736;0
99.7;452468736;0
99.7;484016128;0
99.7;508166144;0
99.7;540524544;0
100.8;571211776;0
100.3;595169280;0
99.4;618512384;0
100.3;651464704;0
100.3;679522304;0
99.4;707772416;0
99.7;737382400;0
99.7;757776384;0
99.7;757776384;0
100.8;757780480;0
100.3;443580416;0
14.2;390819840;0
0.0;390819840;0
0.0;390819840;0
0.0;390819840;0
0.0;390819840;0
0.0;390819840;0
0.0;390819840;0
0.0;390819840;0
0.0;390819840;0
0.0;390819840;0
0.0;390819840;0
0.0;390819840;0
0.0;390819840;0
0.0;390819840;0
0.0;390819840;0
0.0;390819840;0
0.0;390819840;0
0.0;390819840;0
0.0;390819840;0
0.0;390819840;0
0.0;390819840;0
117.6;415064064;0
99.7;450641920;0
99.4;482095104;0
100.3;504905728;0
99.4;539754496;0
99.7;570556416;0
100.8;595959808;0
99.7;620183552;0
99.7;652648448;0
100.3;683524096;0
100.3;712806400;0
99.7;742158336;0
99.7;758681600;0
100.3;758681600;0
99.4;758681600;0
99.7;424689664;0
0.0;390021120;0
0.0;390021120;0
0.0;390021120;0
0.0;390021120;0
0.0;390021120;0
0.0;390021120;0
0.0;390021120;0
0.0;390021120;0
0.0;390021120;0
0.0;390021120;0
0.0;390021120;0
0.0;390021120;0
0.0;390021120;0
0.0;390021120;0
0.0;390021120;0
0.0;390021120;0
0.0;390021120;0
0.0;390021120;0
0.0;390021120;0
0.0;390021120;0
33.6;408756224;0
