42.5;104.9;87.6;0.0
63.6;123.9;82.5;0.0
68.4;156.8;83.2;0.0
0.0;156.8;9.4;0.0
19.1;160.3;17.1;0.0
50.5;163.2;0.0;0.0
49.4;163.3;0.0;0.0
46.6;163.3;0.0;0.0
49.5;163.3;0.0;0.0
49.7;163.3;0.0;0.0
50.0;163.3;0.0;0.0
49.9;163.3;0.0;0.0
53.4;163.3;0.0;0.0
40.0;164.2;0.3;0.0
5.0;164.2;13.7;0.0
33.1;164.4;2.8;0.0
49.0;164.4;0.0;0.0
50.5;164.8;0.0;0.0
45.0;164.8;5.1;0.0
19.6;168.4;39.4;0.0
95.0;172.0;1.4;0.0
63.4;172.5;0.0;0.0
48.6;172.5;0.0;0.0
54.8;171.7;6.8;4.0
47.4;187.6;46.3;0.0
49.4;281.7;1725.2;0.0
47.6;282.0;0.6;196.0
51.7;251.5;0.9;196.0
