45.0;90.8;40.4;0.0
50.0;106.9;87.4;0.0
69.6;129.0;82.3;0.0
64.8;142.9;29.6;0.0
20.0;156.0;33.1;0.0
5.0;156.3;21.7;0.0
44.4;162.6;5.5;0.0
49.9;162.6;0.0;0.0
50.0;162.8;0.0;0.0
47.0;162.8;0.0;0.0
50.0;162.8;0.0;0.0
50.0;162.8;0.0;0.0
53.2;162.8;0.0;0.0
50.0;162.8;0.0;0.0
49.4;162.8;0.0;0.0
45.0;163.8;0.3;0.0
0.0;163.8;12.7;0.0
39.1;163.8;4.3;0.0
49.0;163.8;0.0;0.0
48.8;163.8;0.0;0.0
54.9;164.4;1.3;0.0
5.0;164.6;26.4;0.0
49.4;168.2;14.9;0.0
96.8;171.4;0.1;0.0
54.0;171.9;0.0;0.0
51.4;171.9;0.0;0.0
46.2;175.3;15.4;4.0
51.0;250.2;1100.6;0.0
48.4;281.2;665.5;0.0
49.9;281.8;0.4;132.0
50.0;281.8;0.4;128.0
50.0;251.3;0.7;136.0
