50.0;89.4;43.0;0.0
50.0;106.3;71.8;0.0
59.9;126.5;91.1;0.0
69.9;140.3;30.6;0.0
50.0;157.5;37.6;0.0
10.0;159.3;2.0;0.0
0.0;159.3;0.0;0.0
0.0;159.3;0.1;0.0
0.0;159.3;0.0;0.0
0.0;159.3;1.2;0.0
0.0;159.3;0.0;0.0
0.0;159.3;0.7;0.0
0.0;159.3;0.0;0.0
0.0;159.3;0.5;0.0
0.0;159.3;0.0;0.0
24.9;160.1;0.5;0.0
52.4;160.1;0.0;0.0
50.0;160.1;0.0;0.0
55.0;160.6;1.4;0.0
0.0;160.6;0.0;0.0
0.0;160.6;0.1;0.0
0.0;160.6;0.0;0.0
0.0;160.6;0.0;0.0
0.0;160.6;0.0;0.0
0.0;160.6;1.3;0.0
0.0;160.6;0.0;0.0
0.0;160.6;0.7;0.0
0.0;160.6;0.0;0.0
0.0;160.6;0.6;0.0
0.0;160.6;0.0;0.0
4.5;160.8;0.5;0.0
48.2;179.4;17.1;4.0
54.3;214.1;417.9;0.0
50.0;244.9;585.3;0.0
50.0;244.9;289.6;0.0
50.0;244.9;319.7;0.0
50.0;245.1;312.4;0.0
48.5;245.1;346.1;0.0
45.0;276.4;206.5;0.0
55.0;276.4;0.6;196.0
50.0;276.4;0.6;192.0
49.4;246.0;0.3;64.0
