48.7;114.5;158.9;0.0
84.1;139.3;55.2;0.0
49.0;158.0;39.1;0.0
14.8;159.8;2.0;0.0
0.0;159.8;0.0;0.0
5.0;159.8;0.1;0.0
0.0;159.8;0.0;0.0
0.0;159.8;1.3;0.0
0.0;159.8;0.0;0.0
0.0;159.8;0.7;0.0
0.0;159.8;0.0;0.0
0.0;159.8;0.6;0.0
0.0;159.8;0.0;0.0
0.0;159.8;0.4;0.0
44.7;160.6;0.2;0.0
29.9;161.1;1.3;0.0
0.0;161.1;0.0;0.0
0.0;161.1;0.1;0.0
0.0;161.1;0.0;0.0
0.0;161.1;1.3;0.0
0.0;161.1;0.0;0.0
0.0;161.1;0.7;0.0
0.0;161.1;0.0;0.0
0.0;161.1;0.6;0.0
0.0;161.1;0.0;0.0
22.6;165.5;9.0;4.0
49.9;182.9;45.2;0.0
47.6;214.4;833.6;0.0
50.0;245.2;249.3;0.0
54.5;245.2;319.0;0.0
50.0;245.4;301.0;0.0
50.0;245.4;331.3;0.0
49.9;245.4;354.5;0.0
47.8;276.7;52.3;68.0
50.0;276.7;0.8;256.0
49.6;276.7;0.2;64.0
50.0;184.4;0.3;64.0
