47.6;115.7;158.9;0.0
51.0;154.6;93.4;0.0
69.9;159.2;2.6;0.0
0.0;159.2;0.0;0.0
0.0;159.2;0.0;0.0
0.0;159.2;0.1;0.0
0.0;159.2;0.0;0.0
0.0;159.2;1.3;0.0
0.0;159.2;0.0;0.0
0.0;159.2;0.7;0.0
0.0;159.2;0.0;0.0
0.0;159.2;0.7;0.0
0.0;159.2;0.0;0.0
47.5;160.2;1.6;0.0
24.9;160.7;0.2;0.0
0.0;160.7;0.0;0.0
0.0;160.7;0.1;0.0
0.0;160.7;0.0;0.0
0.0;160.7;1.2;0.0
0.0;160.7;0.0;0.0
0.0;160.7;0.7;0.0
0.0;160.7;0.0;0.0
0.0;160.7;0.6;0.0
0.0;160.7;0.0;0.0
21.2;161.6;1.3;4.0
46.4;182.8;53.1;0.0
50.0;245.2;2169.3;0.0
46.4;276.6;225.7;68.0
51.6;260.7;1.3;384.0
45.9;182.8;0.0;0.0
