8.4;10.0;1.2;0.0;591.0
8.4;119.6;6.4;0.0;591.0
8.4;101.0;8.5;0.0;591.0
0.0;75.2;7.2;0.0;591.0
0.0;0.3;0.0;0.0;591.0
8.3;28.0;1.1;0.0;591.0
8.4;0.3;0.0;2.0;766.0
8.3;0.0;0.0;5.0;904.0
8.3;0.0;0.0;5.0;1048.0
8.4;0.2;0.0;4.0;1162.0
8.3;0.0;0.0;6.0;1338.0
8.4;70.2;67.7;3.0;1592.0
8.3;84.8;353.6;29.0;2124.0
26.3;0.0;0.0;68.0;2124.0
0.0;0.1;0.0;0.0;2124.0
0.0;0.3;0.0;0.0;2124.0
9.6;1228.4;53.7;0.0;2124.0
8.3;264.6;11.8;0.0;2124.0
8.4;0.0;0.0;0.0;2124.0
8.3;0.0;0.0;0.0;2124.0
8.3;0.0;0.0;0.0;2124.0
8.4;0.0;0.0;0.0;2124.0
8.3;0.0;0.0;0.0;2124.0
8.3;0.0;0.0;0.0;2124.0
8.3;0.0;0.0;0.0;2124.0
8.3;0.0;0.0;0.0;2124.0
8.4;0.0;0.0;0.0;2124.0
8.3;0.0;0.0;0.0;2124.0
8.4;0.0;0.0;0.0;2124.0
8.3;0.0;0.0;0.0;2124.0
8.3;0.0;0.0;0.0;2124.0
8.3;0.0;0.0;0.0;2124.0
8.3;0.0;0.0;0.0;2124.0
8.4;0.0;0.0;0.0;2124.0
8.3;0.0;0.0;0.0;2124.0
8.4;0.0;0.0;0.0;2124.0
8.4;0.0;0.0;0.0;2124.0
8.4;0.0;0.0;0.0;2124.0
0.0;0.4;0.0;0.0;2124.0
6.0;220.1;9.4;0.0;2124.0
8.3;1271.2;55.8;0.0;2124.0
8.3;1.0;0.3;0.0;2124.0
8.3;0.0;0.0;0.0;2124.0
8.3;0.0;0.0;0.0;2124.0
8.3;0.0;0.0;0.0;2124.0
8.4;0.0;0.0;0.0;2124.0
8.3;0.0;0.0;1.0;2124.0
8.4;0.0;0.0;1.0;2124.0
8.3;0.0;0.0;0.0;2124.0
8.3;0.0;0.0;0.0;2124.0
8.4;0.0;0.0;0.0;2124.0
8.3;0.0;0.0;0.0;2124.0
8.4;0.0;0.0;1.0;2124.0
8.4;0.0;0.0;0.0;2124.0
8.4;0.0;0.0;0.0;2124.0
8.4;0.0;0.0;0.0;2124.0
8.3;0.0;0.0;0.0;2124.0
8.4;0.0;0.0;1.0;2124.0
8.3;0.0;0.0;1.0;2124.0
8.3;0.0;0.0;0.0;2124.0
8.3;0.0;0.0;0.0;2124.0
8.3;1.0;0.3;0.0;2124.0
8.4;0.0;0.0;1.0;2124.0
8.3;0.0;0.0;1.0;2124.0
8.3;0.0;0.0;1.0;2124.0
8.3;0.0;0.0;0.0;2124.0
8.3;0.0;0.0;0.0;2124.0
8.3;0.0;0.0;0.0;2124.0
8.3;0.0;0.0;1.0;2124.0
8.4;0.0;0.0;1.0;2124.0
8.3;0.0;0.0;0.0;2124.0
8.4;0.0;0.0;18.0;2124.0
8.4;0.2;0.0;56.0;2124.0
50.2;0.0;0.0;46.0;2742.0
8.4;0.0;0.0;46.0;2742.0
8.4;0.0;0.0;46.0;2742.0
8.4;0.0;0.0;46.0;2742.0
8.3;0.0;0.0;46.0;2742.0
8.3;0.0;0.0;46.0;2742.0
8.3;0.0;0.0;45.0;2742.0
8.3;0.0;0.0;47.0;2742.0
8.4;0.0;0.0;46.0;2742.0
8.3;0.0;0.0;45.0;2742.0
8.4;0.0;0.0;48.0;2742.0
8.3;0.0;0.0;47.0;2742.0
8.3;0.0;0.0;45.0;2742.0
0.0;3.7;0.3;0.0;2742.0
0.0;0.3;0.0;0.0;2742.0
9.8;1179.1;51.5;0.0;2742.0
8.4;314.3;14.0;0.0;2742.0
8.4;0.0;0.0;0.0;2742.0
8.4;0.0;0.0;0.0;2742.0
8.3;0.0;0.0;0.0;2742.0
8.4;0.0;0.0;0.0;2742.0
8.3;0.0;0.0;0.0;2742.0
8.3;0.0;0.0;0.0;2742.0
8.3;0.0;0.0;0.0;2742.0
8.3;0.0;0.0;0.0;2742.0
8.4;0.0;0.0;0.0;2742.0
8.3;0.0;0.0;0.0;2742.0
8.3;0.0;0.0;0.0;2742.0
8.3;0.0;0.0;0.0;2742.0
8.3;0.0;0.0;0.0;2742.0
8.3;0.0;0.0;0.0;2742.0
8.3;0.0;0.0;0.0;2742.0
8.4;0.0;0.0;0.0;2742.0
8.3;0.0;0.0;0.0;2742.0
8.3;0.0;0.0;0.0;2742.0
8.4;0.0;0.0;0.0;2742.0
8.3;0.0;0.0;0.0;2742.0
0.0;0.1;0.0;0.0;2742.0
0.0;0.3;0.0;0.0;2742.0
7.2;1201.3;52.6;0.0;2742.0
8.3;290.1;13.0;0.0;2742.0
8.3;0.0;0.0;0.0;2742.0
8.3;0.0;0.0;0.0;2742.0
8.3;0.0;0.0;0.0;2742.0
8.4;0.0;0.0;0.0;2742.0
8.3;0.0;0.0;0.0;2742.0
8.4;0.0;0.0;0.0;2742.0
8.4;0.0;0.0;0.0;2742.0
8.3;0.0;0.0;0.0;2742.0
8.4;0.0;0.0;0.0;2742.0
8.3;0.0;0.0;0.0;2742.0
8.4;0.0;0.0;0.0;2742.0
8.4;0.0;0.0;0.0;2742.0
8.4;0.0;0.0;0.0;2742.0
8.4;0.0;0.0;0.0;2742.0
8.3;0.0;0.0;0.0;2742.0
8.4;0.0;0.0;0.0;2742.0
8.3;0.0;0.0;0.0;2742.0
8.4;0.0;0.0;0.0;2742.0
8.3;0.0;0.0;0.0;2742.0
8.3;1.0;0.3;0.0;2742.0
8.4;0.0;0.0;0.0;2742.0
8.3;0.0;0.0;0.0;2742.0
8.3;0.0;0.0;0.0;2742.0
8.3;0.0;0.0;0.0;2742.0
8.3;0.0;0.0;0.0;2742.0
8.3;0.0;0.0;0.0;2742.0
8.3;0.0;0.0;0.0;2742.0
8.4;0.0;0.0;0.0;2742.0
8.4;0.0;0.0;0.0;2742.0
8.3;0.0;0.0;0.0;2742.0
8.3;0.0;0.0;42.0;2748.0
50.2;0.0;0.0;47.0;3368.0
8.4;0.0;0.0;47.0;3368.0
8.4;0.0;0.0;47.0;3368.0
8.4;0.0;0.0;47.0;3368.0
8.3;0.0;0.0;47.0;3368.0
