0.0;10510336;0
0.0;10510336;0
0.0;10510336;0
0.0;10510336;0
66.5;11694080;0
100.3;12054528;0
133.0;13320192;0
49.9;12652544;0
83.1;13799424;0
100.3;14225408;0
133.0;16330752;0
33.2;14827520;0
100.8;15982592;0
99.4;16384000;0
129.0;18210816;0
0.0;17661952;0
33.6;18554880;0
16.6;18841600;0
0.0;18624512;0
33.6;19664896;0
99.7;19935232;0
129.0;22167552;0
56.8;22151168;0
50.4;22351872;0
0.0;22351872;0
66.5;22564864;0
100.3;23019520;0
170.5;23175168;387
133.0;23175168;845
133.0;25792512;849
28.7;21942272;246
99.7;22835200;0
100.8;23236608;0
127.8;22962176;0
14.3;22835200;0
28.4;23629824;0
43.0;27090944;0
114.7;32747520;114
142.0;33083392;0
84.0;31514624;0
49.9;34160640;0
100.3;34152448;0
149.6;35688448;0
201.6;35676160;0
166.2;35225600;0
200.7;35221504;0
199.5;35549184;0
133.0;33128448;0
83.1;33292288;0
86.0;33566720;0
129.0;32755712;0
99.7;32890880;0
117.6;32227328;0
99.7;35090432;0
200.7;35217408;0
182.8;35082240;0
201.6;35213312;0
213.1;36102144;0
201.6;33411072;0
133.0;36253696;0
33.2;34021376;0
49.9;32403456;0
0.0;32403456;0
28.7;31997952;0
0.0;31997952;0
33.6;35291136;0
0.0;35291136;0
49.9;35303424;0
99.7;35303424;0
149.6;33562624;0
33.6;33550336;0
99.7;35057664;0
99.7;35057664;0
200.7;36143104;0
213.1;36073472;0
28.7;33206272;0
28.4;36327424;0
100.3;36327424;0
133.0;33882112;0
66.5;33869824;0
33.6;32608256;0
28.7;32604160;0
0.0;32604160;0
42.6;35885056;0
0.0;32743424;0
49.9;35651584;0
99.7;35782656;0
83.1;33140736;0
0.0;33140736;0
33.6;35844096;0
0.0;36089856;0
42.6;36282368;0
28.7;36327424;0
28.7;33296384;0
49.9;36335616;0
100.3;36335616;0
127.8;35700736;0
57.3;33439744;0
66.5;36483072;0
99.7;36483072;0
134.4;34344960;0
16.6;33452032;0
49.9;33316864;0
0.0;36356096;0
28.4;33312768;0
28.7;36155392;0
0.0;32911360;0
33.2;32911360;0
0.0;32911360;0
67.2;35885056;0
99.4;35885056;0
200.7;35430400;0
198.9;35610624;0
134.4;32727040;0
99.7;32845824;0
99.7;35213312;0
117.6;36909056;0
116.4;33640448;0
33.2;35934208;0
0.0;32903168;0
49.9;36196352;0
0.0;36196352;0
71.7;36491264;0
99.4;36491264;0
186.4;37941248;0
172.0;33943552;0
199.5;36806656;0
199.5;37036032;0
199.5;36507648;0
114.7;37314560;0
56.8;34263040;0
129.0;36569088;0
200.7;36696064;0
199.5;37376000;0
200.7;37396480;0
133.0;37015552;0
33.6;33067008;0
83.1;36007936;0
99.7;36007936;0
134.4;33828864;0
16.6;33816576;0
99.7;35889152;0
116.4;37552128;0
83.1;33808384;0
33.6;36167680;0
0.0;32661504;0
42.6;32800768;0
0.0;32800768;0
100.8;34414592;0
99.4;34414592;0
143.3;34246656;0
28.4;34230272;0
33.2;33349632;0
16.8;36372480;0
100.3;36507648;0
127.8;34373632;0
84.0;34361344;0
57.3;37265408;0
99.4;37535744;0
71.7;32817152;0
0.0;32817152;0
99.7;35848192;0
100.8;37404672;0
199.5;37457920;0
182.8;37535744;0
201.6;37543936;0
199.5;38027264;0
149.6;38019072;0
149.6;34590720;0
133.0;35729408;0
134.4;38408192;0
49.9;33214464;0
99.7;36249600;0
100.8;36970496;0
16.6;33218560;0
28.4;36364288;0
100.3;36495360;0
142.0;37924864;0
200.7;37912576;0
186.4;37564416;0
199.5;37564416;0
201.6;37752832;0
133.0;37736448;0
149.6;37879808;0
199.5;37896192;0
199.5;38252544;0
186.4;38248448;0
243.7;41668608;0
142.0;37019648;0
200.7;37019648;0
200.7;37531648;0
198.9;37937152;0
200.7;40177664;0
113.6;36679680;0
186.4;37834752;0
201.6;37834752;0
199.5;40136704;0
199.5;40275968;0
201.6;40546304;0
83.1;40046592;0
149.6;37289984;0
133.0;37961728;0
116.4;35065856;0
67.2;38100992;0
99.7;38100992;0
182.8;38260736;0
186.4;34549760;0
129.0;38027264;0
85.2;36864000;0
100.3;37126144;0
127.8;38440960;0
71.7;34385920;0
43.0;36810752;0
0.0;36810752;0
83.1;37183488;0
100.8;37183488;0
133.0;38690816;0
16.6;38936576;0
16.6;33927168;0
33.2;36835328;0
0.0;36954112;0
71.7;34709504;0
100.3;34709504;0
149.6;38412288;0
33.2;33390592;0
43.0;36687872;0
0.0;37085184;0
99.7;37085184;0
116.4;38473728;0
83.1;34832384;0
33.2;37044224;0
0.0;37023744;0
84.0;37474304;0
99.7;37740544;0
149.6;34713600;0
0.0;35962880;0
100.3;36171776;0
127.8;38047744;0
86.0;34320384;0
42.6;33054720;0
0.0;33054720;0
67.2;35962880;0
100.3;36229120;0
184.7;37343232;0
172.0;36077568;0
201.6;37101568;0
199.5;37298176;0
182.8;37412864;0
133.0;38559744;0
49.9;35241984;0
143.3;33705984;0
100.3;33705984;0
142.0;36663296;0
100.3;36794368;0
201.6;37023744;0
199.5;37273600;0
116.4;37298176;0
133.0;33583104;0
0.0;33583104;0
66.5;36622336;0
100.8;36622336;0
186.4;37883904;0
170.5;38137856;0
116.4;38219776;0
84.0;38551552;0
0.0;33882112;0
49.9;37216256;0
0.0;37216256;0
71.7;37695488;0
99.4;37695488;0
149.6;38555648;0
16.8;34377728;0
28.7;34365440;0
43.0;37437440;0
99.7;37437440;0
83.1;38969344;0
0.0;38969344;0
28.7;39276544;0
16.8;39292928;0
100.8;39292928;0
133.0;39292928;0
49.9;34496512;0
28.7;37445632;0
0.0;37445632;0
99.7;37462016;0
100.8;38445056;0
100.3;34631680;0
28.4;37703680;0
0.0;37691392;0
28.7;37822464;0
0.0;37822464;0
43.0;37822464;0
0.0;37822464;0
33.2;35741696;0
49.9;38694912;0
0.0;38682624;0
57.3;38703104;0
99.7;38703104;0
149.6;39665664;0
16.8;39759872;0
