0.0;10534912;0
0.0;10534912;0
0.0;10534912;0
0.0;10534912;0
0.0;10534912;0
57.3;11722752;0
0.0;11722752;0
43.0;12689408;0
0.0;12689408;0
49.9;14512128;0
0.0;14512128;0
33.2;15458304;0
0.0;15458304;0
28.4;15523840;0
14.3;16556032;0
28.7;17354752;0
28.4;17776640;0
14.3;17428480;0
42.6;19271680;0
0.0;19394560;0
49.9;20340736;0
0.0;20340736;0
57.3;21282816;0
0.0;21282816;0
43.0;22233088;0
0.0;22233088;0
84.0;21667840;365
99.7;21667840;858
129.0;23326720;864
43.0;23277568;468
33.2;21852160;0
0.0;22757376;0
33.2;21856256;0
16.8;22761472;0
0.0;21860352;0
33.2;21876736;0
0.0;21860352;0
99.7;32313344;57
100.3;32407552;57
113.6;31272960;0
100.8;31600640;0
83.1;31916032;0
0.0;31916032;0
71.7;33030144;0
99.4;33320960;0
149.6;32722944;0
16.6;31154176;0
16.8;31424512;0
16.6;34230272;0
99.7;34230272;0
114.7;33001472;0
0.0;32100352;0
43.0;33439744;0
99.7;33845248;0
134.4;33026048;0
66.5;32129024;0
49.9;31862784;0
0.0;31862784;0
28.4;31989760;0
0.0;31989760;0
99.7;34861056;0
100.3;34865152;0
129.0;33234944;0
0.0;34410496;0
28.7;31588352;0
28.7;34816000;0
0.0;31711232;0
43.0;34664448;0
99.4;34660352;0
134.4;33026048;0
49.9;32124928;0
33.2;31862784;0
0.0;31862784;0
33.2;31883264;0
0.0;31883264;0
133.0;34418688;0
100.3;34553856;0
143.3;33558528;0
33.2;35581952;0
100.3;35708928;0
116.4;37154816;0
199.5;37163008;0
182.8;36888576;0
199.5;36888576;0
200.7;37179392;0
156.2;33755136;0
100.3;33271808;0
66.5;34156544;0
133.0;33468416;0
99.7;33468416;0
49.9;33599488;0
0.0;33599488;0
99.7;36421632;0
100.3;37126144;0
200.7;37134336;0
182.8;36757504;0
116.4;36769792;0
83.1;35045376;0
100.3;35176448;0
142.0;36601856;0
200.7;36741120;0
182.8;36446208;0
199.5;36581376;0
199.5;36896768;0
133.0;36884480;0
86.0;32952320;0
71.0;33841152;0
143.3;33247232;0
100.3;33247232;0
116.4;33120256;0
99.7;34914304;0
199.5;36196352;0
218.4;37470208;0
227.3;33902592;0
186.4;36429824;0
186.4;36683776;0
99.7;34250752;0
33.2;35135488;0
149.6;36470784;0
201.6;36593664;0
199.5;37183488;0
182.8;33992704;0
100.3;33640448;0
85.2;34529280;0
172.0;36745216;0
198.9;37228544;0
200.7;37232640;0
166.2;34136064;0
16.6;34869248;0
50.4;36524032;0
0.0;36507648;0
56.8;36581376;0
100.3;36581376;0
127.8;34201600;0
43.0;34189312;0
86.0;36421632;0
99.4;36683776;0
129.0;37982208;0
28.7;36139008;0
16.6;33705984;0
33.2;36155392;0
99.7;36155392;0
149.6;37244928;0
201.6;37376000;0
182.8;36651008;0
199.5;36651008;0
201.6;36810752;0
116.4;36794368;0
83.1;33779712;0
0.0;36876288;0
