0.0;10534912;0
0.0;10534912;0
0.0;10534912;0
0.0;10534912;0
43.0;11636736;0
100.3;11997184;0
149.6;14348288;0
33.6;12742656;0
83.1;13856768;0
100.3;14188544;0
182.8;15491072;0
201.6;15962112;0
184.7;16412672;0
200.7;16777216;0
199.5;18223104;0
116.4;17567744;0
156.3;17993728;0
201.6;19374080;0
199.5;19705856;0
199.5;21975040;0
186.4;21020672;0
33.2;20586496;0
199.5;20992000;0
199.5;22872064;0
186.4;22863872;0
198.9;25440256;0
168.0;23912448;0
83.1;25448448;223
129.0;25436160;790
99.4;26877952;780
67.2;22900736;534
99.7;22360064;0
0.0;22360064;0
43.0;22376448;0
0.0;22376448;0
28.7;22253568;0
0.0;22253568;0
133.0;32886784;114
100.3;32948224;0
0.0;32186368;0
16.8;34275328;0
0.0;34279424;0
33.2;32071680;0
0.0;32071680;0
49.9;32075776;0
0.0;32075776;0
49.9;32079872;0
0.0;32079872;0
43.0;31956992;0
0.0;31956992;0
86.0;34656256;0
99.7;34787328;0
134.4;33140736;0
0.0;31956992;0
28.7;31830016;0
16.8;34246656;0
99.7;34381824;0
129.0;36347904;0
71.0;32247808;0
33.6;33255424;0
0.0;33255424;0
33.2;32526336;0
0.0;32526336;0
49.9;35188736;0
99.7;35188736;0
127.8;33562624;0
43.0;32665600;0
71.7;35254272;0
99.4;35254272;0
151.2;33554432;0
16.6;32653312;0
33.2;35229696;0
28.7;35250176;0
14.2;35373056;0
57.3;40488960;0
114.7;35008512;0
127.8;34025472;0
67.2;32333824;0
49.9;35495936;0
99.7;35762176;0
142.0;33898496;0
43.0;32333824;0
43.0;36028416;0
0.0;36028416;0
28.7;33275904;0
0.0;35704832;0
99.7;35983360;0
114.7;37093376;0
99.4;31932416;0
28.7;35545088;0
0.0;35672064;0
56.8;35950592;0
100.8;35950592;0
66.5;31932416;0
0.0;31932416;0
49.9;35401728;0
0.0;35401728;0
50.4;32468992;0
0.0;32468992;0
28.4;35827712;0
28.7;35856384;0
100.3;35995648;0
99.4;32288768;0
0.0;32288768;0
42.6;35696640;0
0.0;35696640;0
28.7;36458496;0
0.0;36458496;0
99.7;36560896;0
100.8;36560896;0
116.4;32784384;0
28.7;35962880;0
33.2;33247232;0
33.2;36237312;0
100.8;36237312;0
133.0;34148352;0
66.5;33120256;0
67.2;36155392;0
99.7;36421632;0
133.0;34435072;0
16.6;34422784;0
99.7;36057088;0
100.8;37117952;0
116.4;34344960;0
16.6;36507648;0
100.8;36900864;0
116.4;34467840;0
71.7;34455552;0
42.6;36413440;0
99.7;36413440;0
184.8;37462016;0
198.9;37867520;0
200.7;37478400;0
200.7;37478400;0
198.9;37650432;0
143.3;37695488;0
66.5;34324480;0
129.0;37609472;0
100.3;34332672;0
116.4;33652736;0
0.0;33652736;0
28.7;37171200;0
0.0;37171200;0
33.2;33726464;0
0.0;33726464;0
99.4;36548608;0
114.7;37617664;0
100.3;34422784;0
56.8;41701376;0
100.3;34918400;0
