0.0;10522624;0
0.0;10522624;0
0.0;10522624;0
28.4;12472320;0
100.8;12886016;0
133.0;13492224;0
200.7;13651968;0
172.0;14282752;0
199.5;14622720;0
216.1;15880192;0
186.4;15437824;0
200.7;16871424;0
149.6;16097280;0
184.8;17416192;0
156.3;16924672;0
182.8;18210816;0
199.5;18538496;0
200.7;20795392;0
184.7;19415040;0
201.6;21598208;0
116.4;21401600;0
129.0;20570112;0
198.9;22286336;0
201.6;22568960;0
199.5;24772608;0
200.7;25178112;0
186.4;24338432;0
133.0;23707648;44
249.3;26124288;783
172.0;26120192;788
99.7;24784896;712
99.7;24055808;0
200.7;26316800;0
199.5;26308608;0
199.5;28504064;0
199.5;28905472;0
143.3;25227264;0
127.8;26660864;0
201.6;26927104;0
199.5;27197440;0
200.7;27738112;0
198.9;27906048;0
33.6;24096768;0
215.0;34869248;114
133.0;36696064;0
201.6;37040128;0
198.9;37031936;0
43.0;35106816;0
142.0;35749888;0
151.2;35414016;0
99.7;35414016;0
114.7;35446784;0
0.0;35446784;0
42.6;35721216;0
0.0;35721216;0
85.2;35741696;0
100.3;35741696;0
49.9;31993856;0
0.0;34385920;0
16.8;34775040;0
16.6;35803136;0
0.0;35778560;0
33.2;35794944;0
0.0;32813056;0
50.4;35225600;0
0.0;35225600;0
66.5;35377152;0
100.8;35377152;0
127.8;33796096;0
28.7;33779712;0
28.4;36048896;0
0.0;36356096;0
33.6;32645120;0
33.2;37978112;0
33.2;33562624;0
33.6;36663296;0
0.0;35762176;0
14.3;37232640;0
0.0;37232640;0
28.7;32722944;0
0.0;32722944;0
83.1;35799040;0
100.8;35934208;0
133.0;37535744;0
28.7;35758080;0
33.2;32858112;0
14.3;35934208;0
16.8;32997376;0
33.2;35758080;0
0.0;36012032;0
33.6;36732928;0
0.0;36732928;0
49.9;37081088;0
0.0;37081088;0
28.4;32980992;0
0.0;35721216;0
16.8;35942400;0
16.6;36372480;0
0.0;32653312;0
43.0;35676160;0
0.0;35659776;0
42.6;32657408;0
0.0;32657408;0
28.4;35876864;0
0.0;35876864;0
33.6;36114432;0
16.6;36392960;0
14.2;36360192;0
33.2;33464320;0
0.0;33464320;0
83.1;33972224;0
0.0;33972224;0
99.7;36728832;0
100.3;36859904;0
129.0;33722368;0
14.2;33710080;0
33.2;32256000;0
16.8;35282944;0
16.6;35794944;0
42.6;36171776;0
0.0;36290560;0
42.6;36573184;0
0.0;36573184;0
28.7;36913152;0
0.0;36913152;0
66.5;32993280;0
0.0;34037760;0
28.7;32858112;0
33.2;35946496;0
0.0;36184064;0
49.9;37011456;0
0.0;37011456;0
71.7;37302272;0
99.7;37302272;0
133.0;33353728;0
16.8;33337344;0
43.0;36880384;0
16.6;37257216;0
16.6;37240832;0
43.0;37277696;0
99.4;37277696;0
157.7;37441536;0
199.5;37552128;0
149.6;36560896;0
100.8;32055296;0
99.7;35135488;0
99.7;35405824;0
166.2;34750464;0
0.0;36843520;0
28.7;33181696;0
