7.1;34.1;21.7;1.9;0.0;919.0
6.9;97.1;111.3;9.5;0.0;919.0
5.5;138.6;145.7;8.8;0.0;919.0
7.2;168.8;131.7;7.3;0.0;919.0
8.3;197.3;93.8;6.5;0.0;919.0
7.0;220.5;142.2;4.9;1.0;919.0
8.3;236.5;48.1;0.3;0.0;1027.0
8.4;718.5;15.0;33.2;4.0;6597.0
8.4;984.0;0.5;33.3;28.0;7874.0
0.0;984.1;2.6;0.0;0.0;7874.0
0.0;984.1;0.0;0.0;0.0;7874.0
0.0;984.1;0.0;0.0;0.0;7874.0
0.0;984.1;0.0;0.0;0.0;7874.0
0.0;984.1;0.0;0.0;0.0;7874.0
0.0;984.1;0.0;0.0;0.0;7874.0
0.0;984.1;0.0;0.0;0.0;7874.0
0.0;984.1;0.0;0.0;0.0;7874.0
0.0;984.1;0.0;0.0;0.0;7874.0
2.8;1057.5;0.5;36.1;0.0;7874.0
0.0;1139.8;1.4;117.4;0.0;7874.0
8.4;1294.8;0.1;0.0;0.0;7874.0
8.3;1298.1;0.0;0.0;0.0;7874.0
8.4;1308.5;0.0;0.0;0.0;7874.0
8.3;1319.5;0.3;0.0;0.0;7874.0
8.4;1387.1;0.0;0.0;1.0;7874.0
8.4;1373.1;0.9;1.4;0.0;7874.0
8.4;1408.4;0.3;1.5;0.0;7874.0
8.4;1418.5;0.0;0.0;0.0;7874.0
8.3;1419.4;0.0;0.0;0.0;7874.0
8.4;1438.4;0.0;0.0;0.0;7874.0
7.1;1437.3;0.1;0.0;0.0;7963.0
8.4;1879.9;0.1;0.0;5.0;8041.0
8.3;1919.3;18.3;0.3;94.0;8041.0
9.7;1919.4;1.6;0.0;96.0;8041.0
11.9;1919.5;0.0;0.0;96.0;8041.0
9.5;1919.5;0.0;0.0;95.0;8041.0
8.3;1919.5;0.0;0.0;96.0;8041.0
8.3;1919.6;0.0;0.0;96.0;8041.0
9.5;1919.6;0.0;0.0;96.0;8041.0
9.4;1919.6;0.0;0.0;96.0;8041.0
8.3;1920.3;0.0;0.0;96.0;8041.0
8.4;1919.6;0.0;0.0;96.0;8041.0
9.7;1919.6;0.0;0.0;96.0;8041.0
10.8;1919.6;0.0;0.0;98.0;8041.0
8.4;1919.6;0.0;0.0;96.0;8041.0
9.7;1919.6;0.0;0.0;97.0;8041.0
9.8;1919.1;5.2;0.1;87.0;8041.0
8.3;1967.8;15.4;0.2;22.0;8041.0
8.4;1969.4;9.2;0.1;2.0;8041.0
100.0;2959.6;0.0;0.0;0.0;8041.0
8.3;2961.8;2.8;0.7;0.0;8041.0
8.3;2961.0;1.5;6.8;0.0;8041.0
8.3;2961.6;1.3;4.5;0.0;8041.0
8.4;2962.4;1.0;4.5;0.0;8041.0
8.3;2964.7;1.2;6.8;0.0;8041.0
8.4;2965.0;1.5;6.8;0.0;8041.0
8.4;2963.3;1.4;2.3;0.0;8041.0
8.3;2964.2;4.6;34.7;0.0;8041.0
8.4;2966.1;0.6;1.4;0.0;8041.0
9.7;2971.1;0.3;1.5;98.0;8041.0
9.8;2971.1;0.0;0.0;96.0;8041.0
8.4;2971.1;0.0;0.0;97.0;8041.0
8.4;2971.1;0.0;0.0;97.0;8041.0
8.4;2971.1;0.0;0.0;96.0;8041.0
13.8;2971.1;0.0;0.0;96.0;8041.0
8.4;2971.1;0.0;0.0;99.0;8041.0
10.7;2971.1;0.0;0.0;96.0;8041.0
8.3;2971.1;0.0;0.0;96.0;8041.0
11.1;2971.1;0.0;0.0;99.0;8041.0
8.3;2971.1;0.0;0.0;96.0;8041.0
9.6;2971.1;0.0;0.0;96.0;8041.0
9.4;2971.1;0.0;0.0;99.0;8041.0
8.3;2971.1;0.0;0.0;96.0;8041.0
8.3;2973.7;0.0;0.0;79.0;8041.0
85.2;2977.5;0.0;0.0;30.0;8041.0
100.0;2977.5;0.0;0.0;0.0;8041.0
61.6;2976.1;2.1;0.5;0.0;8041.0
8.3;2972.8;13.1;66.6;0.0;8041.0
8.3;2981.0;0.9;3.1;0.0;8041.0
8.4;2981.1;0.0;0.0;95.0;8041.0
8.3;2981.1;0.0;0.0;96.0;8041.0
10.8;2981.1;0.0;0.0;96.0;8041.0
9.6;2981.1;0.0;0.0;95.0;8041.0
8.3;2981.1;0.0;0.0;97.0;8041.0
8.4;2981.1;0.0;0.0;96.0;8041.0
6.9;2981.1;0.0;0.0;96.0;8041.0
12.6;2981.1;0.0;0.0;96.0;8041.0
9.6;2981.1;0.0;0.0;98.0;8041.0
8.4;2981.1;0.0;0.0;96.0;8041.0
8.4;2981.1;0.0;0.0;95.0;8041.0
8.3;2981.1;0.0;0.0;95.0;8041.0
9.6;2981.1;0.0;0.0;96.0;8041.0
10.7;2981.1;0.0;0.0;95.0;8041.0
8.4;2991.5;0.0;0.0;23.0;8041.0
98.0;2993.5;0.0;0.0;0.0;8041.0
100.3;2993.5;0.0;0.0;0.0;8041.0
96.8;2993.5;0.0;0.0;0.0;8041.0
96.8;2993.5;0.0;0.0;0.0;8041.0
8.3;2988.2;15.2;67.5;1.0;8041.0
8.4;2990.3;0.6;1.5;0.0;8041.0
8.4;2997.7;0.3;1.6;96.0;8041.0
8.4;2997.7;0.0;0.0;99.0;8041.0
9.8;2997.7;0.0;0.0;97.0;8041.0
16.6;2997.7;0.0;0.0;96.0;8041.0
8.4;2997.7;0.0;0.0;99.0;8041.0
8.3;2997.7;0.0;0.0;96.0;8041.0
8.4;2997.7;0.0;0.0;97.0;8041.0
9.7;2997.7;0.0;0.0;99.0;8041.0
8.3;2997.7;0.0;0.0;95.0;8041.0
9.6;2997.7;0.0;0.0;96.0;8041.0
8.3;2997.7;0.0;0.0;99.0;8041.0
8.3;2997.7;0.0;0.0;96.0;8041.0
8.3;3002.3;0.0;0.0;96.0;8041.0
8.3;2997.7;0.0;0.0;96.0;8041.0
8.4;2997.2;0.0;0.0;96.0;8041.0
8.3;3009.7;0.0;0.0;0.0;8041.0
99.4;3009.8;0.0;0.0;0.0;8041.0
98.4;3009.8;0.0;0.0;0.0;8041.0
98.0;3009.8;0.0;0.0;0.0;8041.0
100.0;3009.8;0.0;0.0;0.0;8041.0
94.4;3009.8;0.0;0.0;0.0;8041.0
7.0;3016.3;15.2;67.7;2.0;8041.0
8.3;3007.8;0.6;1.6;0.0;8041.0
8.4;3014.6;0.3;1.7;26.0;8041.0
9.5;3014.6;0.0;0.0;99.0;8041.0
8.3;3014.6;0.0;0.0;95.0;8041.0
9.7;3014.6;0.0;0.0;96.0;8041.0
9.5;3014.6;0.0;0.0;99.0;8041.0
8.4;3014.6;0.0;0.0;96.0;8041.0
8.3;3014.6;0.0;0.0;96.0;8041.0
8.3;3014.6;0.0;0.0;96.0;8041.0
11.1;3014.6;0.0;0.0;96.0;8041.0
8.3;3014.6;0.0;0.0;96.0;8041.0
8.4;3014.6;0.0;0.0;96.0;8041.0
8.3;3014.6;0.0;0.0;96.0;8041.0
9.6;3014.6;0.0;0.0;96.0;8041.0
8.4;3014.6;0.0;0.0;96.0;8041.0
8.4;3014.6;0.0;0.0;96.0;8041.0
9.8;3014.3;0.0;0.0;67.0;8041.0
34.6;3026.8;0.0;0.0;46.0;8041.0
96.8;3026.8;0.0;0.0;0.0;8041.0
97.1;3026.8;0.0;0.0;0.0;8041.0
100.0;3026.8;0.0;0.0;0.0;8041.0
96.6;3026.8;0.0;0.0;0.0;8041.0
86.8;3026.8;0.0;0.0;0.0;8041.0
92.0;3026.8;0.0;0.0;0.0;8041.0
14.6;3021.2;9.2;28.8;2.0;8041.0
8.3;3021.8;6.0;39.2;0.0;8041.0
8.3;3031.1;0.9;3.4;0.0;8041.0
8.4;3032.7;0.0;0.0;95.0;8041.0
8.4;3032.7;0.0;0.0;99.0;8041.0
9.5;3032.7;0.0;0.0;96.0;8041.0
9.8;3032.7;0.0;0.0;97.0;8041.0
11.1;3032.7;0.0;0.0;99.0;8041.0
8.4;3032.7;0.0;0.0;96.0;8041.0
14.3;3032.7;0.0;0.0;96.0;8041.0
11.1;3032.7;0.0;0.0;99.0;8041.0
8.4;3032.7;0.0;0.0;96.0;8041.0
8.3;3032.7;0.0;0.0;97.0;8041.0
8.3;3032.7;0.0;0.0;96.0;8041.0
11.1;3032.7;0.0;0.0;96.0;8041.0
8.3;3032.7;0.0;0.0;96.0;8041.0
8.4;3032.7;0.0;0.0;96.0;8041.0
8.3;3032.2;0.0;0.0;34.0;8041.0
8.4;3043.6;0.0;0.0;51.0;8041.0
99.4;3043.6;0.0;0.0;0.0;8041.0
99.4;3043.6;0.0;0.0;0.0;8041.0
100.3;3043.6;0.0;0.0;0.0;8041.0
91.1;3043.6;0.0;0.0;0.0;8041.0
95.6;3043.6;0.0;0.0;0.0;8041.0
99.7;3043.6;0.0;0.0;0.0;8041.0
99.1;3043.6;0.0;0.0;0.0;8041.0
15.4;3037.8;10.2;33.6;0.0;8041.0
8.3;3039.7;5.0;34.7;0.0;8041.0
8.3;3047.6;0.9;3.6;15.0;8041.0
8.3;3048.0;0.0;0.0;98.0;8041.0
9.6;3048.0;0.0;0.0;96.0;8041.0
13.5;3048.0;0.0;0.0;97.0;8041.0
11.2;3048.0;0.0;0.0;98.0;8041.0
8.3;3048.0;0.0;0.0;96.0;8041.0
10.8;3048.0;0.0;0.0;96.0;8041.0
10.8;3048.0;0.0;0.0;96.0;8041.0
9.7;3048.0;0.0;0.0;96.0;8041.0
8.4;3048.0;0.0;0.0;96.0;8041.0
8.3;3048.0;0.0;0.0;99.0;8041.0
7.2;3048.0;0.0;0.0;95.0;8041.0
8.3;3048.0;0.0;0.0;96.0;8041.0
8.3;3048.0;0.0;0.0;99.0;8041.0
12.5;3048.0;0.0;0.0;96.0;8041.0
8.3;3057.4;0.0;0.0;75.0;8041.0
8.4;3063.2;0.0;0.0;0.0;8041.0
93.2;3063.3;0.0;0.0;0.0;8041.0
99.1;3063.3;0.0;0.0;0.0;8041.0
99.1;3063.3;0.0;0.0;0.0;8041.0
100.0;3063.3;0.0;0.0;0.0;8041.0
100.3;3063.3;0.0;0.0;0.0;8041.0
98.4;3063.3;0.0;0.0;0.0;8041.0
97.1;3063.3;0.0;0.0;0.0;8041.0
100.3;3063.3;0.0;0.0;0.0;8041.0
100.3;3063.3;0.0;0.0;0.0;8041.0
8.3;3057.6;15.2;68.5;0.0;8041.0
8.3;3061.5;0.6;1.8;0.0;8041.0
10.8;3064.9;0.3;1.9;98.0;8041.0
7.2;3064.9;0.0;0.0;96.0;8041.0
8.3;3064.9;0.0;0.0;96.0;8041.0
11.1;3064.9;0.0;0.0;96.0;8041.0
10.7;3064.9;0.0;0.0;96.0;8041.0
9.5;3064.9;0.0;0.0;96.0;8041.0
7.2;3064.9;0.0;0.0;99.0;8041.0
8.3;3064.9;0.0;0.0;96.0;8041.0
9.6;3064.9;0.0;0.0;97.0;8041.0
9.6;3064.9;0.0;0.0;99.0;8041.0
8.4;3064.9;0.0;0.0;95.0;8041.0
7.0;3064.9;0.0;0.0;96.0;8041.0
8.3;3064.9;0.0;0.0;99.0;8041.0
8.4;3064.9;0.0;0.0;96.0;8041.0
8.3;3064.4;0.0;0.0;97.0;8041.0
8.4;3077.3;0.0;0.0;0.0;8041.0
71.0;3082.6;0.0;0.0;33.0;8041.0
98.0;3082.6;0.0;0.0;0.0;8041.0
99.1;3082.6;0.0;0.0;0.0;8041.0
99.1;3082.6;0.0;0.0;0.0;8041.0
97.0;3082.6;0.0;0.0;0.0;8041.0
100.3;3082.6;0.0;0.0;0.0;8041.0
98.2;3082.6;0.0;0.0;0.0;8041.0
100.0;3082.6;0.0;0.0;0.0;8041.0
99.4;3082.6;0.0;0.0;0.0;8041.0
99.4;3082.6;0.0;0.0;0.0;8041.0
8.3;3079.0;15.2;68.8;0.0;8041.0
8.4;3079.6;0.6;1.9;0.0;8041.0
8.3;3084.2;0.3;2.0;99.0;8041.0
8.4;3084.2;0.0;0.0;96.0;8041.0
9.6;3084.2;0.0;0.0;96.0;8041.0
7.2;3084.2;0.0;0.0;96.0;8041.0
10.8;3084.2;0.0;0.0;96.0;8041.0
11.1;3084.2;0.0;0.0;97.0;8041.0
8.4;3084.2;0.0;0.0;96.0;8041.0
8.3;3084.2;0.0;0.0;97.0;8041.0
11.1;3084.2;0.0;0.0;96.0;8041.0
8.3;3084.2;0.0;0.0;96.0;8041.0
8.3;3084.2;0.0;0.0;96.0;8041.0
10.8;3084.2;0.0;0.0;96.0;8041.0
8.3;3084.2;0.0;0.0;96.0;8041.0
11.1;3084.2;0.0;0.0;96.0;8041.0
8.3;3083.8;0.0;0.0;96.0;8041.0
8.3;3098.8;0.0;0.0;0.0;8041.0
8.3;3107.3;0.0;0.0;0.0;8041.0
99.1;3107.3;0.0;0.0;0.0;8041.0
98.0;3107.3;0.0;0.0;0.0;8041.0
99.4;3107.3;0.0;0.0;0.0;8041.0
98.0;3107.3;0.0;0.0;0.0;8041.0
98.4;3107.3;0.0;0.0;0.0;8041.0
97.1;3107.3;0.0;0.0;0.0;8041.0
95.9;3107.3;0.0;0.0;0.0;8041.0
97.9;3107.3;0.0;0.0;0.0;8041.0
97.9;3107.3;0.0;0.0;0.0;8041.0
98.4;3107.3;0.0;0.0;0.0;8041.0
99.1;3107.3;0.0;0.0;0.0;8041.0
98.0;3107.3;0.0;0.0;0.0;8041.0
21.9;3101.3;7.5;23.2;0.0;8041.0
8.3;3102.0;7.7;45.9;0.0;8041.0
8.4;3104.1;0.6;1.9;0.0;8041.0
8.3;3108.5;0.3;2.1;94.0;8041.0
8.4;3108.5;0.0;0.0;95.0;8041.0
14.3;3108.5;0.0;0.0;96.0;8041.0
9.7;3079.3;0.0;0.0;96.0;8041.0
8.4;3074.0;0.0;0.0;94.0;8041.0
10.8;3074.2;0.0;0.0;96.0;8041.0
9.6;3074.4;0.0;0.0;96.0;8041.0
11.1;3074.5;0.0;0.0;96.0;8041.0
8.3;3074.7;0.0;0.0;96.0;8041.0
8.3;3074.8;0.0;0.0;98.0;8041.0
9.5;3074.9;0.0;0.0;96.0;8041.0
13.1;3075.0;0.0;0.0;96.0;8041.0
8.3;3075.1;0.0;0.0;96.0;8041.0
10.8;3075.3;0.0;0.0;96.0;8041.0
8.4;3074.9;0.0;0.0;97.0;8041.0
8.3;3091.5;0.0;0.0;0.0;8041.0
8.4;3098.6;0.0;0.0;34.0;8041.0
98.2;3098.7;0.0;0.0;0.0;8041.0
98.0;3098.7;0.0;0.0;0.0;8041.0
99.4;3098.7;0.0;0.0;0.0;8041.0
99.4;3098.7;0.0;0.0;0.0;8041.0
94.4;3098.7;0.0;0.0;0.0;8041.0
100.3;3098.7;0.0;0.0;0.0;8041.0
100.3;3098.7;0.0;0.0;0.0;8041.0
99.0;3098.7;0.0;0.0;0.0;8041.0
98.2;3098.7;0.0;0.0;0.0;8041.0
91.4;3098.7;0.0;0.0;0.0;8041.0
100.3;3098.7;0.0;0.0;0.0;8041.0
100.3;3098.7;0.0;0.0;0.0;8041.0
100.3;3098.7;0.0;0.0;0.0;8041.0
65.1;3101.5;0.0;0.0;1.0;8041.0
8.4;3096.9;15.2;69.4;0.0;8041.0
8.4;3097.1;0.6;2.0;0.0;8041.0
9.6;3101.8;0.3;2.2;61.0;8041.0
8.4;3101.8;0.0;0.0;96.0;8041.0
8.3;3101.8;0.0;0.0;96.0;8041.0
9.6;3101.8;0.0;0.0;96.0;8041.0
8.3;3101.8;0.0;0.0;96.0;8041.0
