7.2;49.1;18.6;1.2;2.0;919.0
8.3;100.1;112.4;9.8;0.0;919.0
6.9;139.7;153.7;8.7;1.0;919.0
7.2;169.2;126.5;6.8;0.0;919.0
7.1;198.9;98.6;6.9;0.0;919.0
8.3;222.3;129.1;4.4;2.0;919.0
8.3;253.1;54.4;16.4;3.0;1032.0
8.4;726.7;7.4;17.0;4.0;6469.0
8.4;983.6;0.4;33.3;31.0;7874.0
0.0;983.7;2.7;0.0;1.0;7874.0
0.0;983.7;0.0;0.0;0.0;7874.0
0.0;983.7;0.0;0.0;0.0;7874.0
0.0;983.7;0.0;0.0;0.0;7874.0
0.0;983.7;0.0;0.0;0.0;7874.0
0.0;983.7;0.0;0.0;0.0;7874.0
0.0;983.7;0.0;0.0;0.0;7874.0
0.0;983.7;0.0;0.0;0.0;7874.0
0.0;983.7;0.0;0.0;0.0;7874.0
4.7;1113.5;0.8;111.3;0.0;7874.0
0.0;1139.4;1.1;42.2;0.0;7874.0
8.4;1295.2;0.1;0.0;1.0;7874.0
8.3;1301.4;0.0;0.0;0.0;7874.0
8.4;1311.5;0.2;0.0;0.0;7874.0
8.3;1354.0;0.1;0.0;0.0;7874.0
8.3;1364.1;0.3;0.0;1.0;7874.0
8.4;1389.3;0.6;1.4;0.0;7874.0
8.3;1416.6;0.3;1.5;0.0;7874.0
8.4;1419.9;0.0;0.0;0.0;7874.0
8.3;1422.1;0.0;0.0;0.0;7874.0
8.4;1439.2;0.0;0.0;0.0;7874.0
8.4;1571.1;0.2;0.0;6.0;8011.0
9.6;1919.0;5.3;0.1;79.0;8041.0
8.4;1919.9;15.4;0.2;96.0;8041.0
8.3;1920.0;0.0;0.0;98.0;8041.0
11.9;1920.0;0.0;0.0;96.0;8041.0
9.5;1920.0;0.0;0.0;96.0;8041.0
8.3;1920.1;0.0;0.0;99.0;8041.0
8.3;1920.1;0.0;0.0;96.0;8041.0
8.3;1920.1;0.0;0.0;96.0;8041.0
8.3;1920.1;0.0;0.0;98.0;8041.0
8.3;1920.1;0.0;0.0;96.0;8041.0
8.3;1920.1;0.0;0.0;97.0;8041.0
8.4;1920.1;0.0;0.0;97.0;8041.0
15.4;1920.1;0.0;0.0;95.0;8041.0
8.4;1920.1;0.0;0.0;96.0;8041.0
8.3;1920.1;0.0;0.0;99.0;8041.0
8.4;1919.7;17.8;0.3;88.0;8041.0
8.3;1968.0;8.4;0.1;5.0;8041.0
64.5;2463.4;4.0;0.1;25.0;8041.0
94.7;2960.1;0.0;0.0;0.0;8041.0
8.3;2966.2;3.3;3.0;0.0;8041.0
8.4;2965.3;1.5;6.8;0.0;8041.0
8.3;2968.0;1.0;4.5;0.0;8041.0
8.4;2969.1;1.3;4.5;0.0;8041.0
8.3;2970.8;1.5;6.8;0.0;8041.0
8.4;2971.8;1.2;6.8;0.0;8041.0
8.4;2974.2;1.5;0.3;0.0;8041.0
8.3;2973.0;4.0;34.4;0.0;8041.0
8.3;2979.2;0.9;3.0;23.0;8041.0
8.3;2979.2;0.0;0.0;96.0;8041.0
9.5;2979.2;0.0;0.0;96.0;8041.0
8.4;2979.2;0.0;0.0;96.0;8041.0
9.5;2979.2;0.0;0.0;99.0;8041.0
10.8;2979.2;0.0;0.0;96.0;8041.0
8.3;2979.2;0.0;0.0;96.0;8041.0
9.6;2979.2;0.0;0.0;99.0;8041.0
9.6;2979.2;0.0;0.0;96.0;8041.0
8.3;2979.2;0.0;0.0;96.0;8041.0
9.8;2979.2;0.0;0.0;99.0;8041.0
8.3;2979.2;0.0;0.0;96.0;8041.0
9.6;2979.2;0.0;0.0;96.0;8041.0
8.3;2979.2;0.0;0.0;99.0;8041.0
8.3;2979.2;0.0;0.0;96.0;8041.0
8.3;2979.9;0.0;0.0;0.0;8041.0
100.3;2980.0;0.0;0.0;0.0;8041.0
99.1;2980.0;0.0;0.0;0.0;8041.0
63.7;2980.0;0.0;0.0;0.0;8041.0
8.3;2976.4;15.2;67.2;0.0;8041.0
8.3;2982.5;0.9;3.1;0.0;8041.0
9.4;2983.3;0.0;0.0;96.0;8041.0
8.4;2983.3;0.0;0.0;96.0;8041.0
15.2;2983.3;0.0;0.0;97.0;8041.0
9.8;2983.3;0.0;0.0;95.0;8041.0
8.4;2983.3;0.0;0.0;96.0;8041.0
8.4;2983.3;0.0;0.0;99.0;8041.0
8.4;2983.3;0.0;0.0;96.0;8041.0
8.3;2983.4;0.0;0.0;95.0;8041.0
8.4;2983.4;0.0;0.0;99.0;8041.0
8.3;2983.4;0.0;0.0;96.0;8041.0
9.6;2983.4;0.0;0.0;96.0;8041.0
6.9;2983.4;0.0;0.0;99.0;8041.0
8.3;2983.4;0.0;0.0;96.0;8041.0
9.6;2983.4;0.0;0.0;96.0;8041.0
8.3;2995.6;0.0;0.0;13.0;8041.0
88.6;2996.4;0.0;0.0;61.0;8041.0
89.6;2996.4;0.0;0.0;0.0;8041.0
97.1;2996.4;0.0;0.0;0.0;8041.0
100.3;2996.4;0.0;0.0;0.0;8041.0
40.6;2991.3;2.7;1.3;2.0;8041.0
8.4;2991.8;12.5;66.2;0.0;8041.0
8.3;3002.7;0.9;3.2;2.0;8041.0
8.4;2998.7;0.0;0.0;95.0;8041.0
8.4;2998.7;0.0;0.0;96.0;8041.0
11.1;2998.7;0.0;0.0;96.0;8041.0
8.4;2998.7;0.0;0.0;95.0;8041.0
8.3;2998.7;0.0;0.0;96.0;8041.0
10.8;2998.7;0.0;0.0;96.0;8041.0
8.3;2998.7;0.0;0.0;96.0;8041.0
8.3;2998.7;0.0;0.0;96.0;8041.0
8.4;2998.7;0.0;0.0;95.0;8041.0
8.3;2998.7;0.0;0.0;96.0;8041.0
11.9;2998.7;0.0;0.0;96.0;8041.0
9.7;2998.7;0.0;0.0;95.0;8041.0
8.3;2998.7;0.0;0.0;99.0;8041.0
9.6;2998.7;0.0;0.0;96.0;8041.0
8.3;3006.5;0.0;0.0;0.0;8041.0
98.0;3009.5;0.0;0.0;52.0;8041.0
99.1;3009.5;0.0;0.0;0.0;8041.0
99.4;3009.5;0.0;0.0;0.0;8041.0
99.1;3009.5;0.0;0.0;0.0;8041.0
100.0;3009.5;0.0;0.0;0.0;8041.0
88.8;3009.5;0.0;0.0;0.0;8041.0
8.3;3005.9;15.2;67.8;0.0;8041.0
8.4;3009.2;0.6;1.6;0.0;8041.0
8.3;3013.2;0.3;1.7;96.0;8041.0
8.4;3013.2;0.0;0.0;96.0;8041.0
8.3;3013.2;0.0;0.0;96.0;8041.0
9.5;3013.2;0.0;0.0;96.0;8041.0
8.4;3013.2;0.0;0.0;96.0;8041.0
8.3;3013.2;0.0;0.0;95.0;8041.0
8.3;3013.2;0.0;0.0;96.0;8041.0
10.8;3013.2;0.0;0.0;96.0;8041.0
8.3;3013.2;0.0;0.0;96.0;8041.0
8.3;3013.2;0.0;0.0;96.0;8041.0
9.7;3013.2;0.0;0.0;96.0;8041.0
8.4;3013.2;0.0;0.0;96.0;8041.0
8.4;3013.2;0.0;0.0;96.0;8041.0
9.6;3013.2;0.0;0.0;96.0;8041.0
9.6;3012.7;0.0;0.0;96.0;8041.0
8.3;3030.2;0.0;0.0;0.0;8041.0
98.2;3030.4;0.0;0.0;13.0;8041.0
95.6;3030.4;0.0;0.0;0.0;8041.0
99.4;3030.4;0.0;0.0;0.0;8041.0
96.8;3030.4;0.0;0.0;0.0;8041.0
99.4;3030.4;0.0;0.0;0.0;8041.0
98.0;3030.4;0.0;0.0;0.0;8041.0
93.2;3030.4;0.0;0.0;0.0;8041.0
9.6;3025.4;15.2;68.1;1.0;8041.0
8.3;3028.8;0.6;1.7;0.0;8041.0
8.3;3035.0;0.3;1.8;95.0;8041.0
9.4;3035.0;0.0;0.0;96.0;8041.0
9.5;3035.0;0.0;0.0;96.0;8041.0
8.4;3035.0;0.0;0.0;96.0;8041.0
8.3;3035.0;0.0;0.0;96.0;8041.0
9.6;3035.0;0.0;0.0;95.0;8041.0
8.4;3035.0;0.0;0.0;96.0;8041.0
9.7;3035.0;0.0;0.0;96.0;8041.0
8.4;3035.0;0.0;0.0;96.0;8041.0
8.3;3035.0;0.0;0.0;96.0;8041.0
8.4;3035.0;0.0;0.0;97.0;8041.0
8.3;3035.0;0.0;0.0;96.0;8041.0
8.3;3035.0;0.0;0.0;96.0;8041.0
8.3;3035.0;0.0;0.0;96.0;8041.0
9.5;3034.5;0.0;0.0;96.0;8041.0
8.4;3044.4;0.0;0.0;0.0;8041.0
96.8;3045.0;0.0;0.0;23.0;8041.0
99.1;3045.0;0.0;0.0;0.0;8041.0
100.3;3045.0;0.0;0.0;0.0;8041.0
99.1;3045.1;0.0;0.0;0.0;8041.0
100.0;3045.1;0.0;0.0;0.0;8041.0
100.3;3045.1;0.0;0.0;0.0;8041.0
95.9;3045.1;0.0;0.0;0.0;8041.0
99.4;3045.1;0.0;0.0;0.0;8041.0
8.3;3039.9;15.2;68.3;1.0;8041.0
8.3;3041.6;0.6;1.7;0.0;8041.0
8.3;3048.0;0.3;1.8;95.0;8041.0
8.3;3048.0;0.0;0.0;95.0;8041.0
8.4;3048.0;0.0;0.0;95.0;8041.0
8.3;3048.0;0.0;0.0;96.0;8041.0
8.4;3048.0;0.0;0.0;96.0;8041.0
8.3;3048.0;0.0;0.0;96.0;8041.0
8.3;3048.0;0.0;0.0;96.0;8041.0
11.9;3048.0;0.0;0.0;96.0;8041.0
8.3;3048.0;0.0;0.0;96.0;8041.0
8.4;3048.0;0.0;0.0;96.0;8041.0
7.2;3048.0;0.0;0.0;96.0;8041.0
10.8;3048.0;0.0;0.0;96.0;8041.0
8.4;3048.0;0.0;0.0;96.0;8041.0
8.3;3048.0;0.0;0.0;96.0;8041.0
8.4;3047.5;0.0;0.0;96.0;8041.0
8.3;3059.2;0.0;0.0;0.0;8041.0
100.3;3061.8;0.0;0.0;15.0;8041.0
98.4;3061.8;0.0;0.0;0.0;8041.0
85.9;3061.8;0.0;0.0;0.0;8041.0
100.3;3061.8;0.0;0.0;0.0;8041.0
100.0;3061.8;0.0;0.0;0.0;8041.0
94.4;3061.8;0.0;0.0;0.0;8041.0
99.4;3061.8;0.0;0.0;0.0;8041.0
99.1;3061.8;0.0;0.0;0.0;8041.0
96.8;3061.8;0.0;0.0;0.0;8041.0
68.1;3061.8;0.0;0.0;0.0;8041.0
8.3;3058.2;15.2;68.6;0.0;8041.0
8.4;3059.1;0.6;1.8;0.0;8041.0
8.3;3065.0;0.3;1.9;96.0;8041.0
8.4;3065.0;0.0;0.0;96.0;8041.0
8.3;3065.0;0.0;0.0;96.0;8041.0
8.3;3065.0;0.0;0.0;96.0;8041.0
9.6;3065.0;0.0;0.0;97.0;8041.0
9.5;3065.0;0.0;0.0;96.0;8041.0
14.3;3065.0;0.0;0.0;95.0;8041.0
8.3;3065.0;0.0;0.0;98.0;8041.0
15.4;3065.0;0.0;0.0;95.0;8041.0
9.6;3065.0;0.0;0.0;96.0;8041.0
7.1;3065.0;0.0;0.0;99.0;8041.0
8.4;3065.0;0.0;0.0;95.0;8041.0
8.3;3065.0;0.0;0.0;96.0;8041.0
8.4;3065.0;0.0;0.0;99.0;8041.0
10.8;3064.6;0.0;0.0;95.0;8041.0
8.3;3080.5;0.0;0.0;0.0;8041.0
99.4;3086.1;0.0;0.0;0.0;8041.0
99.1;3086.1;0.0;0.0;0.0;8041.0
100.3;3086.1;0.0;0.0;0.0;8041.0
100.0;3086.1;0.0;0.0;0.0;8041.0
96.8;3086.1;0.0;0.0;0.0;8041.0
89.6;3086.1;0.0;0.0;0.0;8041.0
100.3;3086.1;0.0;0.0;0.0;8041.0
98.0;3086.1;0.0;0.0;0.0;8041.0
99.7;3086.1;0.0;0.0;0.0;8041.0
98.4;3086.1;0.0;0.0;0.0;8041.0
98.0;3086.1;0.0;0.0;0.0;8041.0
8.4;3082.4;15.2;68.9;1.0;8041.0
8.3;3082.7;0.6;1.9;1.0;8041.0
8.3;3087.5;0.3;2.0;70.0;8041.0
9.7;3087.5;0.0;0.0;95.0;8041.0
8.3;3087.5;0.0;0.0;96.0;8041.0
8.4;3087.5;0.0;0.0;99.0;8041.0
8.3;3087.5;0.0;0.0;95.0;8041.0
9.7;3087.5;0.0;0.0;96.0;8041.0
8.4;3087.5;0.0;0.0;99.0;8041.0
9.5;3087.5;0.0;0.0;96.0;8041.0
9.8;3087.5;0.0;0.0;96.0;8041.0
8.3;3087.5;0.0;0.0;99.0;8041.0
9.6;3087.5;0.0;0.0;96.0;8041.0
8.3;3087.5;0.0;0.0;97.0;8041.0
9.6;3087.5;0.0;0.0;96.0;8041.0
12.6;3087.5;0.0;0.0;96.0;8041.0
8.3;3087.5;0.0;0.0;95.0;8041.0
8.4;3099.5;0.0;0.0;2.0;8041.0
8.3;3108.8;0.0;0.0;0.0;8041.0
97.0;3108.9;0.0;0.0;0.0;8041.0
99.1;3108.9;0.0;0.0;0.0;8041.0
99.4;3108.9;0.0;0.0;0.0;8041.0
95.6;3108.9;0.0;0.0;0.0;8041.0
95.8;3108.9;0.0;0.0;0.0;8041.0
96.8;3108.9;0.0;0.0;0.0;8041.0
98.0;3108.9;0.0;0.0;0.0;8041.0
100.3;3108.9;0.0;0.0;0.0;8041.0
97.9;3108.9;0.0;0.0;0.0;8041.0
98.4;3108.9;0.0;0.0;0.0;8041.0
99.7;3108.9;0.0;0.0;0.0;8041.0
100.3;3108.9;0.0;0.0;0.0;8041.0
8.4;3110.4;15.2;69.2;2.0;8041.0
8.4;3107.1;0.6;1.9;0.0;8041.0
8.3;3110.1;0.3;2.1;50.0;8041.0
11.2;3110.1;0.0;0.0;96.0;8041.0
10.7;3110.1;0.0;0.0;96.0;8041.0
11.9;3110.1;0.0;0.0;95.0;8041.0
8.3;3110.1;0.0;0.0;96.0;8041.0
11.9;3110.1;0.0;0.0;99.0;8041.0
13.1;3110.1;0.0;0.0;96.0;8041.0
8.3;3110.1;0.0;0.0;96.0;8041.0
8.4;3110.1;0.0;0.0;99.0;8041.0
8.3;3110.1;0.0;0.0;96.0;8041.0
8.3;3110.1;0.0;0.0;96.0;8041.0
9.6;3110.1;0.0;0.0;99.0;8041.0
8.3;3110.1;0.0;0.0;96.0;8041.0
8.4;3110.1;0.0;0.0;96.0;8041.0
8.3;3110.1;0.0;0.0;99.0;8041.0
8.4;3120.9;0.0;0.0;34.0;8041.0
8.4;3132.9;0.0;0.0;0.0;8041.0
99.4;3132.9;0.0;0.0;0.0;8041.0
99.4;3132.9;0.0;0.0;0.0;8041.0
96.8;3132.9;0.0;0.0;0.0;8041.0
100.0;3132.9;0.0;0.0;0.0;8041.0
86.0;3132.9;0.0;0.0;0.0;8041.0
100.3;3132.9;0.0;0.0;0.0;8041.0
89.6;3132.9;0.0;0.0;0.0;8041.0
100.3;3132.9;0.0;0.0;0.0;8041.0
100.0;3132.9;0.0;0.0;0.0;8041.0
97.0;3132.9;0.0;0.0;0.0;8041.0
99.4;3132.9;0.0;0.0;0.0;8041.0
98.0;3132.9;0.0;0.0;0.0;8041.0
99.4;3132.9;0.0;0.0;0.0;8041.0
16.6;3126.8;6.9;21.3;0.0;8041.0
8.4;3127.8;8.3;48.2;0.0;8041.0
8.4;3129.4;0.9;4.2;0.0;8041.0
9.5;3134.0;0.0;0.0;96.0;8041.0
9.6;3134.0;0.0;0.0;97.0;8041.0
8.3;3134.0;0.0;0.0;96.0;8041.0
8.3;3134.0;0.0;0.0;96.0;8041.0
