8.3;35.5;17.3;1.2;1.0;904.0
7.1;95.9;103.7;9.0;0.0;904.0
7.0;134.5;143.2;9.0;0.0;904.0
5.5;168.8;133.0;7.5;0.0;904.0
8.4;195.5;96.0;6.0;0.0;904.0
4.8;219.2;147.8;5.4;1.0;904.0
8.3;233.0;1.7;0.1;0.0;1009.0
8.4;711.9;61.4;33.4;3.0;5941.0
8.3;997.5;0.4;33.3;25.0;7856.0
0.0;983.0;2.9;0.0;0.0;7856.0
0.0;983.0;0.0;0.0;0.0;7856.0
0.0;983.0;0.0;0.0;0.0;7856.0
0.0;983.0;0.0;0.0;0.0;7856.0
0.0;983.0;0.0;0.0;0.0;7853.0
0.0;983.0;0.0;0.0;0.0;7853.0
0.0;983.0;0.0;0.0;0.0;7853.0
0.0;983.0;0.0;0.0;0.0;7853.0
0.0;983.0;0.0;0.0;0.0;7853.0
0.0;983.0;0.0;0.0;0.0;7853.0
1.2;1138.8;1.9;153.5;0.0;7853.0
8.3;1293.1;0.0;0.0;0.0;7853.0
8.4;1296.3;0.1;0.0;0.0;7853.0
8.4;1306.5;0.0;0.0;0.0;7853.0
8.4;1316.9;0.3;0.0;0.0;7853.0
8.4;1387.8;0.0;0.0;0.0;7853.0
8.3;1369.9;0.3;0.0;0.0;7853.0
8.4;1388.7;0.9;2.9;0.0;7857.0
8.3;1418.4;0.0;0.0;0.0;7857.0
8.3;1421.5;0.0;0.0;0.0;7857.0
8.3;1438.4;0.0;0.0;0.0;7857.0
8.3;1407.8;0.0;0.0;0.0;7891.0
8.3;1722.4;0.2;0.0;4.0;8024.0
10.7;1919.9;16.1;0.2;89.0;8027.0
8.3;1920.2;4.4;0.1;96.0;8027.0
8.3;1920.2;0.0;0.0;96.0;8027.0
10.7;1920.2;0.0;0.0;94.0;8027.0
9.6;1920.2;0.0;0.0;96.0;8027.0
8.3;1920.3;0.0;0.0;95.0;8027.0
12.6;1920.3;0.0;0.0;96.0;8027.0
8.3;1923.8;0.0;0.0;96.0;8027.0
8.4;1920.3;0.0;0.0;96.0;8023.0
10.8;1920.3;0.0;0.0;96.0;8023.0
9.7;1920.3;0.0;0.0;95.0;8023.0
8.4;1920.3;0.0;0.0;96.0;8023.0
8.3;1920.3;0.0;0.0;96.0;8020.0
8.4;1920.3;0.0;0.0;95.0;8013.0
8.3;1920.3;0.0;0.0;94.0;8013.0
8.3;1925.3;21.4;0.3;96.0;8013.0
8.4;1970.9;9.2;0.1;29.0;8013.0
78.1;2961.1;0.0;0.0;32.0;8013.0
80.3;2961.1;0.0;0.0;0.0;8013.0
8.3;2964.9;3.6;3.0;0.0;8013.0
8.4;2966.3;1.2;6.8;0.0;8013.0
8.4;2966.6;1.3;4.5;0.0;8013.0
8.3;2967.2;1.2;6.8;0.0;8013.0
8.4;2968.3;1.3;4.5;0.0;8023.0
8.3;2968.7;1.5;6.8;0.0;8023.0
8.4;2969.5;1.2;0.3;0.0;8023.0
8.4;2971.1;4.0;34.4;0.0;8023.0
8.3;2979.8;0.9;3.0;1.0;8027.0
9.8;2976.1;0.0;0.0;96.0;8027.0
9.5;2976.1;0.0;0.0;99.0;8027.0
8.4;2976.1;0.0;0.0;96.0;8027.0
8.3;2976.1;0.0;0.0;95.0;8027.0
8.4;2976.1;0.0;0.0;96.0;8027.0
8.3;2976.1;0.0;0.0;96.0;8027.0
8.3;2976.1;0.0;0.0;96.0;8027.0
8.4;2976.1;0.0;0.0;95.0;8027.0
9.7;2976.1;0.0;0.0;96.0;8027.0
8.3;2976.2;0.0;0.0;96.0;8027.0
9.6;2976.2;0.0;0.0;96.0;8024.0
9.5;2976.2;0.0;0.0;98.0;8020.0
8.3;2976.2;0.0;0.0;95.0;8020.0
8.3;2976.2;0.0;0.0;96.0;8023.0
8.4;2980.3;0.0;0.0;0.0;8023.0
99.4;2980.4;0.0;0.0;0.0;8023.0
98.0;2980.4;0.0;0.0;0.0;8023.0
67.9;2981.1;0.0;0.0;0.0;8023.0
8.3;2976.1;15.2;67.2;0.0;8023.0
8.4;2984.4;0.9;3.1;0.0;8023.0
8.3;2984.9;0.0;0.0;95.0;8027.0
8.4;2984.9;0.0;0.0;95.0;8027.0
8.3;2984.9;0.0;0.0;95.0;8027.0
9.7;2984.9;0.0;0.0;96.0;8027.0
8.4;2984.9;0.0;0.0;96.0;8027.0
8.3;2984.9;0.0;0.0;96.0;8027.0
9.7;2984.9;0.0;0.0;96.0;8027.0
8.3;2984.9;0.0;0.0;99.0;8027.0
8.3;2984.9;0.0;0.0;95.0;8027.0
8.4;2984.9;0.0;0.0;96.0;8027.0
8.3;2984.9;0.0;0.0;97.0;8027.0
8.4;2984.9;0.0;0.0;96.0;8027.0
9.7;2984.9;0.0;0.0;96.0;8025.0
11.9;2984.9;0.0;0.0;96.0;8023.0
8.4;2993.1;0.0;0.0;18.0;8023.0
100.8;2994.3;0.0;0.0;0.0;8023.0
95.6;2994.3;0.0;0.0;0.0;8023.0
100.3;2994.3;0.0;0.0;0.0;8023.0
96.8;2994.3;0.0;0.0;0.0;8023.0
8.3;2989.1;15.2;67.5;0.0;8023.0
8.3;2991.1;0.6;1.5;0.0;8023.0
8.3;2998.0;0.3;1.6;99.0;8024.0
8.4;2998.0;0.0;0.0;95.0;8019.0
8.3;2998.0;0.0;0.0;96.0;8017.0
8.4;2998.0;0.0;0.0;98.0;8024.0
8.3;2998.0;0.0;0.0;96.0;8024.0
10.8;2998.0;0.0;0.0;95.0;8024.0
8.4;2998.0;0.0;0.0;95.0;8027.0
11.1;2998.0;0.0;0.0;95.0;8027.0
12.6;2998.0;0.0;0.0;96.0;8027.0
6.9;2998.0;0.0;0.0;95.0;8027.0
8.4;2998.0;0.0;0.0;96.0;8027.0
8.3;2998.0;0.0;0.0;96.0;8027.0
11.1;2998.0;0.0;0.0;95.0;8027.0
8.3;2998.0;0.0;0.0;96.0;8025.0
8.3;2997.5;0.0;0.0;95.0;8023.0
8.4;3009.3;0.0;0.0;0.0;8023.0
99.1;3009.5;0.0;0.0;0.0;8023.0
100.3;3009.5;0.0;0.0;0.0;8023.0
96.8;3009.5;0.0;0.0;0.0;8020.0
99.0;3009.5;0.0;0.0;0.0;8015.0
98.2;3009.5;0.0;0.0;0.0;8013.0
5.6;3037.2;15.1;67.8;2.0;8013.0
8.4;3006.1;0.7;1.6;0.0;8013.0
8.4;3017.1;0.3;1.7;8.0;8017.0
8.3;3012.9;0.0;0.0;95.0;8017.0
8.3;3012.9;0.0;0.0;96.0;8017.0
9.7;3012.9;0.0;0.0;96.0;8024.0
8.3;3014.1;0.0;0.0;96.0;8024.0
9.6;3012.9;0.0;0.0;96.0;8024.0
8.3;3012.9;0.0;0.0;95.0;8027.0
9.6;3012.9;0.0;0.0;98.0;8027.0
9.6;3012.9;0.0;0.0;95.0;8027.0
9.5;3012.9;0.0;0.0;96.0;8027.0
10.8;3012.9;0.0;0.0;99.0;8027.0
8.3;3012.9;0.0;0.0;96.0;8027.0
8.4;3012.9;0.0;0.0;96.0;8025.0
10.8;3012.9;0.0;0.0;96.0;8025.0
8.4;3012.8;0.0;0.0;96.0;8023.0
8.4;3024.6;0.0;0.0;0.0;8023.0
98.0;3025.8;0.0;0.0;62.0;8023.0
100.3;3025.8;0.0;0.0;0.0;8023.0
100.3;3025.8;0.0;0.0;0.0;8020.0
100.3;3025.8;0.0;0.0;0.0;8013.0
93.2;3025.8;0.0;0.0;0.0;8013.0
100.3;3025.8;0.0;0.0;0.0;8013.0
98.2;3025.8;0.0;0.0;0.0;8013.0
9.5;3053.5;15.1;68.1;2.0;8013.0
6.9;3022.4;0.7;1.7;0.0;8013.0
8.3;3030.3;0.3;1.8;38.0;8017.0
8.3;3030.3;0.0;0.0;96.0;8017.0
8.4;3030.3;0.0;0.0;96.0;8017.0
8.3;3030.3;0.0;0.0;95.0;8024.0
8.4;3030.3;0.0;0.0;96.0;8024.0
13.8;3030.3;0.0;0.0;96.0;8024.0
8.4;3030.3;0.0;0.0;96.0;8027.0
8.4;3030.3;0.0;0.0;96.0;8027.0
8.3;3030.3;0.0;0.0;99.0;8027.0
8.4;3030.3;0.0;0.0;96.0;8027.0
8.3;3030.3;0.0;0.0;96.0;8027.0
8.4;3030.3;0.0;0.0;96.0;8027.0
10.7;3030.3;0.0;0.0;95.0;8027.0
12.5;3030.3;0.0;0.0;96.0;8025.0
9.6;3030.3;0.0;0.0;96.0;8023.0
8.3;3042.1;0.0;0.0;0.0;8023.0
98.2;3044.2;0.0;0.0;63.0;8023.0
91.1;3044.2;0.0;0.0;0.0;8023.0
100.3;3044.2;0.0;0.0;0.0;8020.0
90.8;3044.2;0.0;0.0;0.0;8015.0
99.4;3044.2;0.0;0.0;0.0;8015.0
99.1;3044.2;0.0;0.0;0.0;8013.0
98.4;3044.2;0.0;0.0;0.0;8013.0
99.4;3044.2;0.0;0.0;0.0;8013.0
14.3;3071.8;15.1;68.3;1.0;8013.0
8.3;3042.5;0.4;0.0;0.0;8013.0
8.3;3047.7;0.6;3.6;10.0;8017.0
8.3;3047.7;0.0;0.0;95.0;8017.0
8.3;3047.7;0.0;0.0;95.0;8017.0
14.3;3047.7;0.0;0.0;96.0;8024.0
8.3;3047.7;0.0;0.0;95.0;8024.0
8.3;3047.7;0.0;0.0;96.0;8024.0
9.7;3047.7;0.0;0.0;96.0;8024.0
9.5;3047.7;0.0;0.0;96.0;8024.0
8.4;3047.7;0.0;0.0;96.0;8024.0
8.3;3047.7;0.0;0.0;96.0;8024.0
8.4;3047.7;0.0;0.0;95.0;8024.0
8.4;3047.7;0.0;0.0;96.0;8024.0
8.4;3047.7;0.0;0.0;96.0;8022.0
8.4;3047.7;0.0;0.0;98.0;8020.0
11.1;3047.7;0.0;0.0;96.0;8020.0
8.4;3058.7;0.0;0.0;0.0;8020.0
8.3;3064.4;0.0;0.0;63.0;8020.0
99.1;3064.5;0.0;0.0;0.0;8020.0
100.3;3064.5;0.0;0.0;0.0;8020.0
99.1;3064.5;0.0;0.0;0.0;8018.0
97.1;3064.5;0.0;0.0;0.0;8013.0
100.3;3064.5;0.0;0.0;0.0;8013.0
99.7;3064.5;0.0;0.0;0.0;8013.0
98.2;3064.5;0.0;0.0;0.0;8013.0
99.4;3064.5;0.0;0.0;0.0;8013.0
99.1;3064.5;0.0;0.0;0.0;8013.0
8.4;3210.6;15.2;68.6;0.0;8013.0
6.9;3062.6;0.6;1.8;0.0;8013.0
9.6;3068.6;0.3;1.9;37.0;8017.0
11.9;3068.6;0.0;0.0;96.0;8017.0
15.5;3068.6;0.0;0.0;95.0;8017.0
8.3;3068.6;0.0;0.0;96.0;8027.0
6.9;3068.6;0.0;0.0;96.0;8027.0
8.3;3068.6;0.0;0.0;96.0;8027.0
7.1;3068.6;0.0;0.0;96.0;8027.0
8.3;3068.6;0.0;0.0;96.0;8027.0
9.7;3068.6;0.0;0.0;95.0;8027.0
8.3;3068.6;0.0;0.0;95.0;8027.0
8.4;3068.6;0.0;0.0;96.0;8027.0
8.3;3068.6;0.0;0.0;95.0;8027.0
9.8;3068.6;0.0;0.0;96.0;8025.0
8.3;3068.6;0.0;0.0;98.0;8025.0
11.9;3068.6;0.0;0.0;96.0;8023.0
8.4;3078.8;0.0;0.0;0.0;8023.0
8.3;3086.3;0.0;0.0;0.0;8023.0
100.3;3086.4;0.0;0.0;0.0;8023.0
100.3;3086.4;0.0;0.0;0.0;8020.0
94.8;3086.4;0.0;0.0;0.0;8013.0
98.0;3086.4;0.0;0.0;0.0;8013.0
98.0;3086.4;0.0;0.0;0.0;8013.0
92.0;3086.4;0.0;0.0;0.0;8013.0
100.3;3086.4;0.0;0.0;0.0;8013.0
98.0;3086.4;0.0;0.0;0.0;8013.0
100.8;3086.4;0.0;0.0;0.0;8013.0
98.0;3086.4;0.0;0.0;0.0;8013.0
99.1;3086.4;0.0;0.0;0.0;8013.0
8.3;3082.6;15.2;68.9;1.0;8013.0
8.4;3082.9;0.6;1.9;0.0;8013.0
10.7;3087.8;0.3;2.0;100.0;8017.0
8.4;3087.8;0.0;0.0;95.0;8017.0
8.4;3087.8;0.0;0.0;95.0;8027.0
11.9;3087.8;0.0;0.0;96.0;8027.0
9.8;3087.8;0.0;0.0;95.0;8027.0
8.3;3087.8;0.0;0.0;95.0;8027.0
8.4;3087.8;0.0;0.0;96.0;8027.0
8.3;3087.8;0.0;0.0;95.0;8027.0
13.8;3087.8;0.0;0.0;96.0;8027.0
8.3;3087.8;0.0;0.0;96.0;8027.0
8.3;3087.8;0.0;0.0;95.0;8027.0
10.8;3087.8;0.0;0.0;96.0;8027.0
10.4;3087.8;0.0;0.0;96.0;8025.0
8.3;3087.8;0.0;0.0;95.0;8025.0
9.7;3087.8;0.0;0.0;96.0;8023.0
8.3;3087.3;0.0;0.0;87.0;8023.0
8.4;3106.7;0.0;0.0;0.0;8023.0
97.1;3109.5;0.0;0.0;42.0;8023.0
91.1;3109.5;0.0;0.0;0.0;8020.0
98.0;3109.5;0.0;0.0;0.0;8013.0
99.1;3109.5;0.0;0.0;0.0;8013.0
96.6;3109.5;0.0;0.0;0.0;8013.0
99.4;3109.5;0.0;0.0;0.0;8013.0
99.1;3109.5;0.0;0.0;0.0;8013.0
99.4;3109.5;0.0;0.0;0.0;8013.0
99.1;3109.5;0.0;0.0;0.0;8013.0
98.2;3109.5;0.0;0.0;0.0;8013.0
98.0;3109.5;0.0;0.0;0.0;8013.0
96.9;3109.5;0.0;0.0;0.0;8013.0
8.3;3104.2;15.2;69.2;0.0;8013.0
8.3;3106.1;0.6;1.9;0.0;8013.0
9.7;3110.8;0.3;2.1;89.0;8017.0
9.6;3110.8;0.0;0.0;95.0;8017.0
8.4;3110.8;0.0;0.0;96.0;8024.0
8.3;3110.8;0.0;0.0;99.0;8024.0
8.3;3110.8;0.0;0.0;96.0;8024.0
9.5;3110.8;0.0;0.0;95.0;8024.0
8.3;3110.8;0.0;0.0;97.0;8027.0
8.4;3110.8;0.0;0.0;96.0;8027.0
12.5;3110.8;0.0;0.0;96.0;8027.0
9.6;3110.8;0.0;0.0;96.0;8027.0
8.4;3110.8;0.0;0.0;96.0;8027.0
8.4;3110.8;0.0;0.0;96.0;8027.0
12.6;3110.8;0.0;0.0;96.0;8025.0
8.3;3110.8;0.0;0.0;96.0;8023.0
10.8;3110.3;0.0;0.0;96.0;8023.0
8.3;3123.1;0.0;0.0;0.0;8023.0
8.4;3132.8;0.0;0.0;0.0;8023.0
98.4;3132.9;0.0;0.0;24.0;8023.0
99.1;3132.9;0.0;0.0;0.0;8020.0
99.4;3132.9;0.0;0.0;0.0;8013.0
98.0;3132.9;0.0;0.0;0.0;8013.0
96.8;3132.9;0.0;0.0;0.0;8013.0
96.8;3132.9;0.0;0.0;0.0;8013.0
99.4;3132.9;0.0;0.0;0.0;8013.0
99.0;3132.9;0.0;0.0;0.0;8013.0
94.4;3132.9;0.0;0.0;0.0;8013.0
98.4;3132.9;0.0;0.0;0.0;8013.0
87.2;3132.9;0.0;0.0;0.0;8013.0
98.2;3132.9;0.0;0.0;0.0;8013.0
99.4;3132.9;0.0;0.0;0.0;8013.0
8.3;3128.9;15.2;69.4;0.0;8013.0
8.4;3129.2;0.6;2.0;0.0;8013.0
11.9;3133.9;0.3;2.2;99.0;8017.0
8.3;3133.9;0.0;0.0;95.0;8017.0
8.4;3133.9;0.0;0.0;96.0;8024.0
9.7;3133.9;0.0;0.0;95.0;8024.0
