7.1;55.8;24.5;1.9;0.0;870.0
8.3;103.3;133.8;11.7;0.0;870.0
8.3;142.3;137.9;7.4;0.0;870.0
8.3;177.5;143.2;7.5;1.0;870.0
6.9;208.7;96.2;6.7;0.0;870.0
8.4;244.0;99.6;15.0;0.0;870.0
8.4;305.0;6.6;33.0;0.0;870.0
8.3;358.0;5.7;28.5;0.0;870.0
8.4;417.2;6.3;31.5;0.0;870.0
8.3;478.4;6.7;33.5;0.0;870.0
8.4;522.9;4.9;24.5;0.0;870.0
8.3;584.1;6.6;33.0;0.0;870.0
8.4;645.0;6.6;33.0;0.0;870.0
8.3;688.7;4.8;24.0;0.0;870.0
8.3;745.8;6.2;31.0;0.0;870.0
8.4;806.6;6.6;33.0;0.0;870.0
8.3;868.1;6.7;33.5;0.0;870.0
8.3;921.6;5.8;29.0;0.0;870.0
8.3;966.8;2.5;11.3;0.0;870.0
8.3;1004.2;0.0;0.0;0.0;870.0
8.4;1035.3;0.0;0.0;0.0;870.0
8.4;1021.7;232.8;0.4;0.0;870.0
8.3;1021.7;336.0;0.6;0.0;870.0
8.3;1021.7;352.5;0.6;0.0;870.0
8.4;1021.7;333.3;0.6;0.0;870.0
8.4;1021.7;324.9;0.6;0.0;870.0
8.3;1021.7;350.4;0.6;0.0;870.0
8.3;1021.7;321.0;0.6;0.0;870.0
8.4;1021.7;331.5;0.6;0.0;870.0
8.4;1021.7;345.3;0.6;0.0;870.0
8.3;1021.7;338.1;0.6;0.0;870.0
8.4;1021.7;346.5;0.6;0.0;870.0
8.3;1021.7;314.4;0.6;0.0;870.0
8.3;1021.7;354.3;0.6;0.0;870.0
8.3;1021.7;327.3;0.6;0.0;870.0
8.3;1021.7;348.6;0.6;0.0;870.0
8.3;1021.7;339.9;0.6;0.0;870.0
8.4;1021.7;343.2;0.6;0.0;870.0
8.3;1021.7;336.3;0.6;0.0;870.0
8.4;1021.7;351.9;0.6;0.0;870.0
8.3;1021.7;327.0;0.6;0.0;870.0
8.3;1021.7;324.6;0.6;0.0;870.0
8.4;1021.6;338.7;0.6;0.0;870.0
8.4;1021.6;351.0;0.6;0.0;870.0
8.4;1021.6;332.1;0.6;0.0;870.0
8.3;1021.6;332.7;0.6;0.0;870.0
8.3;1021.6;327.6;0.6;0.0;870.0
8.3;1021.6;356.7;0.6;0.0;870.0
8.3;1021.6;308.7;0.5;0.0;870.0
8.3;1021.6;336.9;0.6;0.0;870.0
8.3;1021.6;343.8;0.6;0.0;870.0
8.3;1021.6;322.8;0.6;0.0;870.0
8.3;1021.6;346.5;0.6;0.0;870.0
8.3;1021.6;342.0;0.6;0.0;870.0
8.3;1021.6;337.8;0.6;0.0;870.0
8.4;1021.6;350.7;0.6;0.0;870.0
8.4;1021.6;328.2;0.6;0.0;870.0
8.3;1021.6;328.9;0.6;0.0;870.0
8.3;1021.6;317.6;0.6;0.0;870.0
8.4;1021.6;347.4;0.6;0.0;870.0
8.4;1021.6;337.5;0.6;0.0;870.0
8.4;1021.6;318.9;0.6;0.0;870.0
8.3;1021.6;338.4;0.6;0.0;870.0
8.4;1021.6;349.8;0.6;0.0;870.0
8.3;1021.6;328.2;0.6;0.0;870.0
8.4;1021.6;336.3;0.6;0.0;870.0
8.3;1021.6;342.6;0.6;0.0;870.0
8.3;1021.6;336.9;0.6;0.0;870.0
8.4;1021.6;336.9;0.6;0.0;870.0
8.4;1021.6;326.1;0.6;0.0;870.0
8.4;1021.6;347.1;0.6;0.0;870.0
8.3;1021.6;343.8;0.6;0.0;870.0
8.3;1021.6;308.4;0.5;0.0;870.0
8.4;1021.6;355.2;0.6;0.0;870.0
8.4;1021.6;322.2;0.6;0.0;870.0
8.4;1021.6;350.7;0.6;0.0;870.0
8.3;1021.6;333.3;0.6;0.0;870.0
8.4;1021.6;330.0;0.6;0.0;870.0
8.4;1021.6;333.6;0.6;0.0;870.0
8.3;1021.6;333.9;0.6;0.0;870.0
8.4;1021.6;333.9;0.6;0.0;870.0
8.3;1021.6;329.7;0.6;0.0;870.0
8.4;1021.6;333.9;0.6;0.0;870.0
8.3;1021.6;340.6;0.6;0.0;870.0
8.3;1021.6;320.6;0.6;0.0;870.0
8.3;1021.6;345.3;0.6;0.0;870.0
8.3;1021.6;334.2;0.6;0.0;870.0
8.3;1021.6;320.7;0.6;0.0;870.0
8.4;1021.6;330.6;0.6;0.0;870.0
8.3;1021.6;343.8;0.6;0.0;870.0
8.4;1021.6;330.0;0.6;0.0;870.0
8.3;1021.6;338.7;0.6;0.0;870.0
8.4;1021.6;324.0;0.6;0.0;870.0
8.3;1021.6;347.7;0.6;0.0;870.0
8.4;1021.6;331.8;0.6;0.0;870.0
8.3;1021.6;345.0;0.6;0.0;870.0
8.3;1021.6;316.2;0.6;0.0;870.0
8.4;1021.6;355.2;0.6;0.0;870.0
8.3;1021.6;324.3;0.6;0.0;870.0
8.4;1021.6;341.4;0.6;0.0;870.0
8.3;1021.6;332.1;0.6;0.0;870.0
8.3;1021.6;323.1;0.6;0.0;870.0
8.3;1021.6;345.3;0.6;0.0;870.0
8.3;1021.6;341.4;0.6;0.0;870.0
8.4;1021.6;342.0;0.6;0.0;870.0
8.3;1021.6;336.6;0.6;0.0;870.0
8.3;1021.6;328.5;0.6;0.0;870.0
8.4;1021.6;324.3;0.6;0.0;870.0
8.3;1021.6;353.4;0.6;0.0;870.0
8.4;1021.6;320.1;0.6;0.0;870.0
8.3;1021.6;346.8;0.6;0.0;870.0
8.4;1021.6;351.6;0.6;0.0;870.0
8.3;1021.6;324.9;0.6;0.0;870.0
8.4;1021.6;331.5;0.6;0.0;870.0
8.4;1021.6;335.7;0.6;0.0;870.0
8.3;1021.6;322.5;0.6;0.0;870.0
8.4;1021.6;333.3;0.6;0.0;870.0
8.4;1021.6;321.6;0.6;0.0;870.0
8.3;1021.6;343.5;0.6;0.0;870.0
8.3;1021.6;358.5;0.6;0.0;870.0
8.3;1021.6;302.7;0.5;0.0;870.0
8.3;1021.6;339.9;0.6;0.0;870.0
8.4;1021.6;334.8;0.6;0.0;870.0
8.4;1021.6;342.3;0.6;0.0;870.0
8.3;1021.6;332.7;0.6;0.0;870.0
8.3;1021.6;320.4;0.6;0.0;870.0
8.4;1021.6;331.2;0.6;0.0;870.0
8.3;1021.6;343.5;0.6;0.0;870.0
8.4;1021.6;338.9;0.6;0.0;870.0
8.3;1021.6;332.2;0.6;0.0;870.0
8.3;1021.6;324.6;0.6;0.0;870.0
8.4;1021.6;333.9;0.6;0.0;870.0
8.3;1021.6;340.2;0.6;0.0;870.0
8.4;1021.6;351.0;0.6;0.0;870.0
8.3;1021.6;323.7;0.6;0.0;870.0
8.4;1021.6;345.3;0.6;0.0;870.0
8.4;1021.6;311.7;0.6;0.0;870.0
8.4;1021.6;346.8;0.6;0.0;870.0
8.3;1021.5;320.1;0.6;0.0;870.0
8.3;1021.5;344.7;0.6;0.0;870.0
8.4;1021.5;333.6;0.6;0.0;870.0
8.3;1021.5;342.3;0.6;0.0;870.0
8.3;1021.5;333.5;0.6;0.0;870.0
8.4;1021.5;322.3;0.6;0.0;870.0
8.4;1021.5;330.3;0.6;0.0;870.0
8.4;1021.5;340.2;0.6;0.0;870.0
8.3;1021.5;340.8;0.6;0.0;870.0
8.4;1021.5;331.8;0.6;0.0;870.0
8.3;1021.5;337.2;0.6;0.0;870.0
8.3;1021.5;323.7;0.6;0.0;870.0
8.4;1021.5;346.2;0.6;0.0;870.0
8.3;1021.5;328.2;0.6;0.0;870.0
8.3;1021.5;332.1;0.6;0.0;870.0
8.3;1021.5;344.1;0.6;0.0;870.0
8.3;1021.5;321.6;0.6;0.0;870.0
8.3;1021.5;345.9;0.6;0.0;870.0
8.3;1021.5;320.6;0.6;0.0;870.0
8.3;1021.5;336.1;0.6;0.0;870.0
8.4;1021.5;327.9;0.6;0.0;870.0
8.4;1021.5;339.0;0.6;0.0;870.0
8.4;1021.5;318.6;0.6;0.0;870.0
8.3;1021.6;345.6;0.6;0.0;870.0
8.4;1021.6;334.8;0.6;0.0;870.0
8.3;1021.6;349.5;0.6;0.0;870.0
8.3;1021.6;311.4;0.6;0.0;870.0
8.4;1021.6;327.6;0.6;0.0;870.0
8.4;1021.6;344.4;0.6;0.0;870.0
8.3;1021.6;338.4;0.6;0.0;870.0
8.3;1021.6;318.6;0.6;0.0;870.0
8.4;1021.6;347.1;0.6;0.0;870.0
8.3;1021.6;324.0;0.6;0.0;870.0
8.4;1021.6;357.0;0.6;0.0;870.0
8.4;1021.6;320.1;0.6;0.0;870.0
8.3;1021.6;346.5;0.6;0.0;870.0
8.3;1021.6;329.1;0.6;0.0;870.0
8.3;1021.6;335.7;0.6;0.0;870.0
8.3;1021.6;333.6;0.6;0.0;870.0
8.4;1021.6;333.0;0.6;0.0;870.0
8.3;1021.6;333.0;0.6;0.0;870.0
8.3;1021.6;344.7;0.6;0.0;870.0
8.3;1021.6;328.5;0.6;0.0;870.0
8.4;1021.6;332.7;0.6;0.0;870.0
8.3;1021.6;328.8;0.6;0.0;870.0
8.4;1021.6;330.9;0.6;0.0;870.0
8.4;1021.6;336.9;0.6;0.0;870.0
8.3;1021.6;325.5;0.6;0.0;870.0
8.4;1021.6;358.5;0.6;0.0;870.0
8.3;1021.6;339.6;0.6;0.0;870.0
8.4;1021.6;336.9;0.6;0.0;870.0
8.3;1021.6;338.1;0.6;0.0;870.0
8.3;1021.6;316.2;0.6;0.0;870.0
8.3;1021.6;338.1;0.6;0.0;870.0
8.3;1021.6;342.6;0.6;0.0;870.0
8.4;1021.6;335.1;0.6;0.0;870.0
8.3;1021.6;334.8;0.6;0.0;870.0
8.4;1021.6;331.8;0.6;0.0;870.0
8.3;1021.6;325.2;0.6;0.0;870.0
8.3;1021.6;321.3;0.6;0.0;870.0
8.4;1021.6;343.2;0.6;0.0;870.0
8.3;1021.6;334.5;0.6;0.0;870.0
8.3;1021.6;318.6;0.6;0.0;870.0
8.4;1021.6;337.5;0.6;0.0;870.0
8.4;1021.6;341.1;0.6;0.0;870.0
8.4;1021.6;327.9;0.6;0.0;870.0
8.3;1021.6;321.6;0.6;0.0;870.0
8.4;1021.6;350.1;0.6;0.0;870.0
8.3;1021.6;334.5;0.6;0.0;870.0
8.3;1021.6;321.9;0.6;0.0;870.0
8.4;1021.6;330.9;0.6;0.0;870.0
8.3;1021.6;347.1;0.6;0.0;870.0
8.3;1021.6;337.5;0.6;0.0;870.0
8.3;1021.6;325.8;0.6;0.0;870.0
8.4;1021.6;343.8;0.6;0.0;870.0
8.3;1021.6;327.0;0.6;0.0;870.0
8.3;1021.6;325.8;0.6;0.0;870.0
8.4;1021.6;320.4;0.6;0.0;870.0
8.3;1021.6;345.3;0.6;0.0;870.0
8.4;1021.6;334.5;0.6;0.0;870.0
8.3;1021.6;332.7;0.6;0.0;870.0
8.4;1021.6;335.1;0.6;0.0;870.0
8.4;1021.6;318.9;0.6;0.0;870.0
8.3;1021.6;330.9;0.6;0.0;870.0
8.3;1021.6;335.4;0.6;0.0;870.0
8.3;1021.6;336.6;0.6;0.0;870.0
8.3;1021.6;327.3;0.6;0.0;870.0
8.3;1021.6;350.1;0.6;0.0;870.0
8.4;1021.6;329.7;0.6;0.0;870.0
8.3;1021.6;347.4;0.6;0.0;870.0
8.3;1021.6;315.6;0.6;0.0;870.0
8.4;1021.6;339.9;0.6;0.0;870.0
8.4;1021.6;325.8;0.6;0.0;870.0
8.3;1021.6;347.7;0.6;0.0;870.0
8.3;1021.6;340.8;0.6;0.0;870.0
8.3;1021.6;330.0;0.6;0.0;870.0
8.4;1021.6;320.4;0.6;0.0;870.0
8.3;1021.6;351.3;0.6;0.0;870.0
8.3;1021.6;327.9;0.6;0.0;870.0
8.3;1021.6;346.5;0.6;0.0;870.0
8.4;1021.6;335.4;0.6;0.0;870.0
8.4;1021.6;336.3;0.6;0.0;870.0
8.4;1021.6;345.6;0.6;0.0;870.0
8.3;1021.6;312.6;0.6;0.0;870.0
8.3;1021.6;344.4;0.6;0.0;870.0
8.3;1021.6;319.5;0.6;0.0;870.0
8.3;1021.6;342.6;0.6;0.0;870.0
8.3;1021.6;324.6;0.6;0.0;870.0
8.3;1021.6;330.6;0.6;0.0;870.0
8.4;1021.6;328.5;0.6;0.0;870.0
8.3;1021.6;336.0;0.6;0.0;870.0
8.4;1021.6;339.0;0.6;0.0;870.0
8.3;1021.6;346.5;0.6;0.0;870.0
8.4;1021.6;323.7;0.6;0.0;870.0
8.3;1021.6;344.1;0.6;0.0;870.0
8.4;1021.6;317.4;0.6;0.0;870.0
8.4;1021.6;325.5;0.6;0.0;870.0
8.4;1021.6;346.2;0.6;0.0;870.0
8.4;1021.6;315.9;0.6;0.0;870.0
8.3;1021.6;358.5;0.6;0.0;870.0
8.4;1021.6;324.9;0.6;0.0;870.0
8.3;1021.6;331.5;0.6;0.0;870.0
8.3;1021.6;316.5;0.6;0.0;870.0
8.4;1021.6;337.8;0.6;0.0;870.0
8.4;1021.6;345.3;0.6;0.0;870.0
8.3;1021.6;325.5;0.6;0.0;870.0
8.3;1021.6;341.7;0.6;0.0;870.0
8.4;1021.6;351.3;0.6;0.0;870.0
8.3;1021.6;341.7;0.6;0.0;870.0
8.3;1021.6;325.5;0.6;0.0;870.0
8.3;1021.6;344.4;0.6;0.0;870.0
8.3;1021.6;319.8;0.6;0.0;870.0
8.4;1021.6;345.9;0.6;0.0;870.0
8.3;1021.6;335.4;0.6;0.0;870.0
8.3;1021.6;318.6;0.6;0.0;870.0
8.4;1021.6;346.5;0.6;0.0;870.0
8.3;1021.6;330.9;0.6;0.0;870.0
8.4;1021.6;334.2;0.6;0.0;870.0
8.3;1021.6;329.7;0.6;0.0;870.0
8.4;1021.6;341.1;0.6;0.0;870.0
8.4;1021.6;346.8;0.6;0.0;870.0
8.4;1021.6;323.4;0.6;0.0;870.0
8.3;1021.6;334.5;0.6;0.0;870.0
8.3;1021.6;338.1;0.6;0.0;870.0
8.3;1021.6;330.9;0.6;0.0;870.0
8.4;1021.6;327.9;0.6;0.0;870.0
8.3;1021.6;337.5;0.6;0.0;870.0
8.3;1021.6;345.6;0.6;0.0;870.0
8.3;1021.6;323.1;0.6;0.0;870.0
8.4;1021.6;341.1;0.6;0.0;870.0
8.3;1021.6;343.5;0.6;0.0;870.0
8.3;1021.6;325.8;0.6;0.0;870.0
8.3;1021.6;361.2;0.6;0.0;870.0
8.4;1021.6;319.2;0.6;0.0;870.0
8.4;1021.6;333.3;0.6;0.0;870.0
8.4;1021.6;327.9;0.6;0.0;870.0
8.4;1021.6;334.2;0.6;0.0;870.0
8.3;1021.6;315.6;0.6;0.0;870.0
8.3;1021.6;329.7;0.6;0.0;870.0
8.4;1021.6;329.4;0.6;0.0;870.0
8.3;1021.6;345.9;0.6;0.0;870.0
8.3;1021.6;332.7;0.6;0.0;870.0
