7.2;57.4;25.7;1.9;0.0;870.0
8.3;103.3;127.2;11.2;0.0;870.0
8.3;142.0;138.1;7.4;0.0;870.0
8.4;176.9;137.2;7.2;1.0;870.0
8.3;208.7;100.4;6.9;0.0;870.0
8.3;241.0;101.4;13.1;0.0;870.0
8.4;304.6;6.9;34.5;0.0;870.0
8.4;354.7;5.3;26.5;0.0;870.0
8.4;415.8;6.7;33.5;0.0;870.0
8.3;478.0;6.7;33.5;0.0;870.0
8.4;523.2;5.0;25.0;0.0;870.0
8.3;584.9;6.6;33.0;0.0;870.0
8.4;646.4;6.7;33.5;0.0;870.0
8.3;688.9;4.7;23.5;0.0;870.0
8.3;748.2;6.4;32.0;0.0;870.0
8.3;811.5;6.9;34.5;0.0;870.0
8.3;869.8;6.5;32.5;0.0;870.0
8.4;920.9;5.5;27.5;0.0;870.0
8.3;969.2;2.5;11.3;0.0;870.0
8.3;1007.0;0.0;0.0;0.0;870.0
8.4;1034.4;0.0;0.0;0.0;870.0
8.3;1021.4;261.3;0.5;0.0;870.0
8.3;1021.4;314.7;0.6;0.0;870.0
8.3;1021.4;360.6;0.6;0.0;870.0
8.4;1021.4;316.8;0.6;0.0;870.0
8.4;1021.4;321.9;0.6;0.0;870.0
8.4;1021.4;346.2;0.6;0.0;870.0
8.4;1021.4;333.6;0.6;0.0;870.0
8.3;1021.4;317.1;0.6;0.0;870.0
8.4;1021.4;343.8;0.6;0.0;870.0
8.3;1021.4;330.6;0.6;0.0;870.0
8.4;1021.4;339.9;0.6;0.0;870.0
8.3;1021.4;309.9;0.5;0.0;870.0
8.3;1021.4;351.0;0.6;0.0;870.0
8.3;1021.4;319.5;0.6;0.0;870.0
8.3;1021.4;347.7;0.6;0.0;870.0
8.3;1021.4;336.3;0.6;0.0;870.0
8.4;1021.4;340.2;0.6;0.0;870.0
8.3;1021.4;332.1;0.6;0.0;870.0
8.3;1021.4;345.9;0.6;0.0;870.0
8.3;1021.4;324.9;0.6;0.0;870.0
8.4;1021.4;332.7;0.6;0.0;870.0
8.4;1021.4;332.7;0.6;0.0;870.0
8.3;1021.4;349.8;0.6;0.0;870.0
8.4;1021.4;316.8;0.6;0.0;870.0
8.3;1021.4;315.6;0.6;0.0;870.0
8.4;1021.4;347.4;0.6;0.0;870.0
8.3;1021.4;333.0;0.6;0.0;870.0
8.4;1021.4;327.0;0.6;0.0;870.0
8.3;1021.4;332.7;0.6;0.0;870.0
8.3;1021.4;333.3;0.6;0.0;870.0
8.3;1021.4;321.6;0.6;0.0;870.0
8.4;1021.4;319.5;0.6;0.0;870.0
8.3;1021.4;347.1;0.6;0.0;870.0
8.3;1021.4;332.1;0.6;0.0;870.0
8.4;1021.4;348.0;0.6;0.0;870.0
8.4;1021.4;320.1;0.6;0.0;870.0
8.3;1021.4;330.6;0.6;0.0;870.0
8.3;1021.4;314.4;0.6;0.0;870.0
8.4;1021.4;345.3;0.6;0.0;870.0
8.4;1021.4;318.9;0.6;0.0;870.0
8.4;1021.4;328.5;0.6;0.0;870.0
8.3;1021.4;332.4;0.6;0.0;870.0
8.4;1021.4;337.5;0.6;0.0;870.0
8.3;1021.4;324.9;0.6;0.0;870.0
8.3;1021.4;321.3;0.6;0.0;870.0
8.3;1021.4;348.3;0.6;0.0;870.0
8.3;1021.4;325.5;0.6;0.0;870.0
8.3;1021.4;346.2;0.6;0.0;870.0
8.4;1021.5;321.9;0.6;0.0;870.0
8.4;1021.5;346.8;0.6;0.0;870.0
8.3;1021.5;325.5;0.6;0.0;870.0
8.3;1021.5;333.9;0.6;0.0;870.0
8.4;1021.5;318.6;0.6;0.0;870.0
8.4;1021.5;338.7;0.6;0.0;870.0
8.3;1021.5;357.0;0.6;0.0;870.0
8.3;1021.5;320.1;0.6;0.0;870.0
8.4;1021.5;334.8;0.6;0.0;870.0
8.4;1021.5;313.8;0.6;0.0;870.0
8.4;1021.5;345.0;0.6;0.0;870.0
8.4;1021.5;324.3;0.6;0.0;870.0
8.3;1021.5;319.2;0.6;0.0;870.0
8.4;1021.5;342.9;0.6;0.0;870.0
8.3;1021.5;333.6;0.6;0.0;870.0
8.4;1021.5;329.7;0.6;0.0;870.0
8.3;1021.5;328.2;0.6;0.0;870.0
8.3;1021.5;333.3;0.6;0.0;870.0
8.3;1021.5;318.9;0.6;0.0;870.0
8.4;1021.5;329.1;0.6;0.0;870.0
8.3;1021.5;342.9;0.6;0.0;870.0
8.3;1021.5;326.1;0.6;0.0;870.0
8.3;1021.5;313.5;0.6;0.0;870.0
8.4;1021.5;348.9;0.6;0.0;870.0
8.3;1021.5;335.4;0.6;0.0;870.0
8.3;1021.5;317.7;0.6;0.0;870.0
8.3;1021.5;344.1;0.6;0.0;870.0
8.4;1021.5;327.9;0.6;0.0;870.0
8.4;1021.5;327.0;0.6;0.0;870.0
8.3;1021.5;333.3;0.6;0.0;870.0
8.4;1021.5;343.8;0.6;0.0;870.0
8.3;1021.5;325.2;0.6;0.0;870.0
8.4;1021.5;331.5;0.6;0.0;870.0
8.3;1021.5;329.4;0.6;0.0;870.0
8.3;1021.5;338.7;0.6;0.0;870.0
8.3;1021.5;321.0;0.6;0.0;870.0
8.3;1021.5;348.9;0.6;0.0;870.0
8.4;1021.5;330.6;0.6;0.0;870.0
8.4;1021.5;315.6;0.6;0.0;870.0
8.3;1021.5;341.1;0.6;0.0;870.0
8.4;1021.5;324.0;0.6;0.0;870.0
8.3;1021.5;340.5;0.6;0.0;870.0
8.4;1021.5;331.2;0.6;0.0;870.0
8.3;1021.5;331.8;0.6;0.0;870.0
8.3;1021.5;322.2;0.6;0.0;870.0
8.4;1021.5;340.2;0.6;0.0;870.0
8.3;1021.5;343.8;0.6;0.0;870.0
8.4;1021.5;318.3;0.6;0.0;870.0
8.3;1021.5;309.0;0.5;0.0;870.0
8.4;1021.5;342.3;0.6;0.0;870.0
8.3;1021.5;338.1;0.6;0.0;870.0
8.3;1021.5;332.1;0.6;0.0;870.0
8.3;1021.5;327.3;0.6;0.0;870.0
8.3;1021.5;334.2;0.6;0.0;870.0
8.3;1021.5;342.3;0.6;0.0;870.0
8.4;1021.5;300.0;0.5;0.0;870.0
8.3;1021.5;323.4;0.6;0.0;870.0
8.4;1021.5;331.2;0.6;0.0;870.0
8.4;1021.5;327.0;0.6;0.0;870.0
8.4;1021.5;340.5;0.6;0.0;870.0
8.3;1021.5;327.0;0.6;0.0;870.0
8.4;1021.5;330.9;0.6;0.0;870.0
8.4;1021.5;334.8;0.6;0.0;870.0
8.3;1021.5;317.7;0.6;0.0;870.0
8.4;1021.5;339.9;0.6;0.0;870.0
8.3;1021.5;328.5;0.6;0.0;870.0
8.4;1021.5;346.5;0.6;0.0;870.0
8.3;1021.5;333.6;0.6;0.0;870.0
8.3;1021.5;312.0;0.6;0.0;870.0
8.3;1021.4;341.1;0.6;0.0;870.0
8.3;1021.4;319.8;0.6;0.0;870.0
8.4;1021.4;342.6;0.6;0.0;870.0
8.3;1021.4;329.4;0.6;0.0;870.0
8.4;1021.4;334.2;0.6;0.0;870.0
8.4;1021.4;316.8;0.6;0.0;870.0
8.3;1021.4;347.7;0.6;0.0;870.0
8.4;1021.4;325.5;0.6;0.0;870.0
8.4;1021.4;325.5;0.6;0.0;870.0
8.3;1021.4;326.1;0.6;0.0;870.0
8.3;1021.4;338.1;0.6;0.0;870.0
8.3;1021.4;320.7;0.6;0.0;870.0
8.4;1021.4;331.2;0.6;0.0;870.0
8.3;1021.4;332.7;0.6;0.0;870.0
8.3;1021.4;332.7;0.6;0.0;870.0
8.3;1021.4;340.8;0.6;0.0;870.0
8.4;1021.4;325.8;0.6;0.0;870.0
8.3;1021.4;342.0;0.6;0.0;870.0
8.3;1021.4;324.0;0.6;0.0;870.0
8.3;1021.4;318.0;0.6;0.0;870.0
8.4;1021.4;328.5;0.6;0.0;870.0
8.3;1021.4;354.9;0.6;0.0;870.0
8.3;1021.4;311.7;0.6;0.0;870.0
8.3;1021.4;314.1;0.6;0.0;870.0
8.4;1021.4;336.0;0.6;0.0;870.0
8.3;1021.4;337.1;0.6;0.0;870.0
8.4;1021.4;329.5;0.6;0.0;870.0
8.3;1021.4;334.2;0.6;0.0;870.0
8.3;1021.4;316.8;0.6;0.0;870.0
8.4;1021.4;325.2;0.6;0.0;870.0
8.3;1021.4;332.1;0.6;0.0;870.0
8.4;1021.4;342.6;0.6;0.0;870.0
8.3;1021.4;315.8;0.6;0.0;870.0
8.4;1021.4;341.5;0.6;0.0;870.0
8.3;1021.4;354.9;0.6;0.0;870.0
8.4;1021.4;316.2;0.6;0.0;870.0
8.3;1021.4;333.6;0.6;0.0;870.0
8.3;1021.4;318.0;0.6;0.0;870.0
8.3;1021.4;356.1;0.6;0.0;870.0
8.3;1021.4;322.2;0.6;0.0;870.0
8.3;1021.4;332.7;0.6;0.0;870.0
8.4;1021.4;318.6;0.6;0.0;870.0
8.4;1021.4;354.9;0.6;0.0;870.0
8.4;1021.4;311.1;0.6;0.0;870.0
8.3;1021.4;328.5;0.6;0.0;870.0
8.4;1021.4;330.0;0.6;0.0;870.0
8.4;1021.4;314.1;0.6;0.0;870.0
8.4;1021.4;341.1;0.6;0.0;870.0
8.4;1021.4;320.7;0.6;0.0;870.0
8.3;1021.4;345.0;0.6;0.0;870.0
8.4;1021.4;344.7;0.6;0.0;870.0
8.4;1021.4;320.4;0.6;0.0;870.0
8.3;1021.4;333.0;0.6;0.0;870.0
8.3;1021.4;344.4;0.6;0.0;870.0
8.3;1021.4;326.7;0.6;0.0;870.0
8.3;1021.4;335.7;0.6;0.0;870.0
8.3;1021.4;326.1;0.6;0.0;870.0
8.4;1021.4;332.7;0.6;0.0;870.0
8.4;1021.4;334.5;0.6;0.0;870.0
8.3;1021.4;315.9;0.6;0.0;870.0
8.4;1021.4;343.5;0.6;0.0;870.0
8.3;1021.4;321.3;0.6;0.0;870.0
8.4;1021.4;319.8;0.6;0.0;870.0
8.3;1021.4;345.6;0.6;0.0;870.0
8.3;1021.4;314.1;0.6;0.0;870.0
8.4;1021.4;342.6;0.6;0.0;870.0
8.4;1021.4;326.4;0.6;0.0;870.0
8.4;1021.4;333.3;0.6;0.0;870.0
8.3;1021.4;329.4;0.6;0.0;870.0
8.3;1021.4;324.6;0.6;0.0;870.0
8.3;1021.4;343.8;0.6;0.0;870.0
8.3;1021.4;342.9;0.6;0.0;870.0
8.3;1021.4;300.6;0.5;0.0;870.0
8.3;1021.4;342.3;0.6;0.0;870.0
8.4;1021.4;332.7;0.6;0.0;870.0
8.3;1021.4;333.3;0.6;0.0;870.0
8.3;1021.4;316.2;0.6;0.0;870.0
8.3;1021.4;343.8;0.6;0.0;870.0
8.4;1021.4;316.2;0.6;0.0;870.0
8.4;1021.4;330.6;0.6;0.0;870.0
8.3;1021.4;338.7;0.6;0.0;870.0
8.3;1021.4;321.6;0.6;0.0;870.0
8.4;1021.4;338.7;0.6;0.0;870.0
8.3;1021.4;343.2;0.6;0.0;870.0
8.4;1021.4;315.6;0.6;0.0;870.0
8.3;1021.4;327.9;0.6;0.0;870.0
8.4;1021.4;331.5;0.6;0.0;870.0
8.4;1021.4;344.4;0.6;0.0;870.0
8.3;1021.4;299.4;0.5;0.0;870.0
8.3;1021.4;333.9;0.6;0.0;870.0
8.3;1021.4;342.9;0.6;0.0;870.0
8.4;1021.4;327.0;0.6;0.0;870.0
8.4;1021.4;318.9;0.6;0.0;870.0
8.4;1021.4;346.8;0.6;0.0;870.0
8.4;1021.4;323.1;0.6;0.0;870.0
8.3;1021.4;342.0;0.6;0.0;870.0
8.4;1021.4;325.2;0.6;0.0;870.0
8.4;1021.4;332.1;0.6;0.0;870.0
8.3;1021.4;327.0;0.6;0.0;870.0
8.4;1021.4;338.1;0.6;0.0;870.0
8.4;1021.4;359.1;0.6;0.0;870.0
8.4;1021.4;308.7;0.5;0.0;870.0
8.3;1021.4;327.6;0.6;0.0;870.0
8.4;1021.4;350.4;0.6;0.0;870.0
8.3;1021.4;320.4;0.6;0.0;870.0
8.4;1021.4;339.3;0.6;0.0;870.0
8.3;1021.4;336.0;0.6;0.0;870.0
8.3;1021.4;328.1;0.6;0.0;870.0
8.4;1021.4;327.4;0.6;0.0;870.0
8.4;1021.4;315.1;0.6;0.0;870.0
8.3;1021.4;330.2;0.6;0.0;870.0
8.4;1021.4;335.1;0.6;0.0;870.0
8.3;1021.4;330.3;0.6;0.0;870.0
8.4;1021.4;340.2;0.6;0.0;870.0
8.3;1021.4;346.8;0.6;0.0;870.0
8.4;1021.4;324.0;0.6;0.0;870.0
8.3;1021.4;345.0;0.6;0.0;870.0
8.3;1021.4;309.9;0.5;0.0;870.0
8.4;1021.4;322.5;0.6;0.0;870.0
8.3;1021.4;327.6;0.6;0.0;870.0
8.3;1021.4;353.4;0.6;0.0;870.0
8.3;1021.4;309.6;0.5;0.0;870.0
8.3;1021.4;322.8;0.6;0.0;870.0
8.3;1021.4;341.7;0.6;0.0;870.0
8.3;1021.4;317.4;0.6;0.0;870.0
8.3;1021.4;332.7;0.6;0.0;870.0
8.3;1021.4;329.7;0.6;0.0;870.0
8.4;1021.4;344.7;0.6;0.0;870.0
8.4;1021.4;319.8;0.6;0.0;870.0
8.4;1021.4;353.1;0.6;0.0;870.0
8.3;1021.4;340.2;0.6;0.0;870.0
8.3;1021.4;322.8;0.6;0.0;870.0
8.3;1021.4;357.4;0.6;0.0;870.0
8.3;1021.4;315.5;0.6;0.0;870.0
8.3;1021.4;320.7;0.6;0.0;870.0
8.4;1021.4;329.4;0.6;0.0;870.0
8.3;1021.4;336.0;0.6;0.0;870.0
8.4;1021.4;342.6;0.6;0.0;870.0
8.3;1021.4;322.8;0.6;0.0;870.0
8.4;1021.4;342.0;0.6;0.0;870.0
8.3;1021.4;326.7;0.6;0.0;870.0
8.4;1021.4;330.6;0.6;0.0;870.0
8.3;1021.4;336.3;0.6;0.0;870.0
8.3;1021.4;323.1;0.6;0.0;870.0
8.3;1021.4;345.9;0.6;0.0;870.0
8.4;1021.4;327.3;0.6;0.0;870.0
8.4;1021.4;341.4;0.6;0.0;870.0
8.4;1021.4;315.6;0.6;0.0;870.0
8.3;1021.4;338.4;0.6;0.0;870.0
8.3;1021.4;347.4;0.6;0.0;870.0
8.3;1021.4;330.0;0.6;0.0;870.0
8.4;1021.4;319.5;0.6;0.0;870.0
8.4;1021.4;336.9;0.6;0.0;870.0
8.3;1021.4;327.0;0.6;0.0;870.0
8.4;1021.4;348.3;0.6;0.0;870.0
8.3;1021.4;320.7;0.6;0.0;870.0
8.4;1021.4;354.9;0.6;0.0;870.0
8.3;1021.4;305.1;0.5;0.0;870.0
8.3;1021.4;325.5;0.6;0.0;870.0
8.3;1021.4;345.0;0.6;0.0;870.0
8.3;1021.4;314.4;0.6;0.0;870.0
8.3;1021.4;329.4;0.6;0.0;870.0
