8.4;54.4;21.3;2.3;0.0;870.0
7.1;93.0;113.6;10.0;0.0;870.0
5.5;137.4;140.1;8.4;0.0;870.0
5.5;167.5;147.9;7.4;1.0;870.0
8.3;200.1;74.3;5.8;0.0;870.0
8.4;224.8;139.9;6.4;0.0;870.0
8.3;288.8;6.8;34.0;0.0;870.0
8.4;341.6;5.7;28.5;0.0;870.0
8.4;398.3;6.2;31.0;0.0;870.0
8.4;462.2;6.9;34.5;0.0;870.0
8.4;506.8;4.9;24.5;0.0;870.0
8.4;570.2;6.8;34.0;0.0;870.0
8.3;626.5;6.2;31.0;0.0;870.0
8.4;687.6;6.6;33.0;0.0;870.0
8.4;729.8;4.6;23.0;0.0;870.0
8.4;790.6;6.7;33.5;0.0;870.0
8.3;852.1;6.6;33.0;0.0;870.0
8.4;911.3;6.6;33.0;0.0;870.0
8.3;944.8;3.5;16.3;0.0;870.0
8.3;986.2;0.0;0.0;0.0;870.0
8.3;1021.8;0.0;0.0;0.0;870.0
8.3;1021.3;146.7;0.3;1.0;870.0
8.4;1021.3;320.4;0.6;0.0;870.0
8.4;1021.3;332.7;0.6;0.0;870.0
8.4;1021.3;347.4;0.6;0.0;870.0
8.4;1021.3;323.7;0.6;0.0;870.0
8.3;1021.3;339.0;0.6;0.0;870.0
8.4;1021.3;344.7;0.6;0.0;870.0
8.4;1021.3;330.3;0.6;0.0;870.0
8.4;1021.3;330.9;0.6;0.0;870.0
8.3;1021.3;333.0;0.6;0.0;870.0
8.3;1021.3;325.8;0.6;0.0;870.0
8.4;1021.3;334.2;0.6;0.0;870.0
8.3;1021.3;348.3;0.6;0.0;870.0
8.3;1021.3;323.4;0.6;0.0;870.0
8.3;1021.3;340.5;0.6;0.0;870.0
8.3;1021.3;337.5;0.6;0.0;870.0
8.3;1021.3;356.4;0.6;0.0;870.0
8.3;1021.3;315.3;0.6;0.0;870.0
8.4;1021.3;338.4;0.6;0.0;870.0
8.3;1021.3;355.2;0.6;0.0;870.0
8.4;1021.3;322.2;0.6;0.0;870.0
8.4;1021.3;335.1;0.6;0.0;870.0
8.3;1021.3;339.9;0.6;0.0;870.0
8.4;1021.3;333.6;0.6;0.0;870.0
8.3;1021.3;324.3;0.6;0.0;870.0
8.4;1021.3;338.1;0.6;0.0;870.0
8.3;1021.3;338.4;0.6;0.0;870.0
8.3;1021.3;327.9;0.6;0.0;870.0
8.4;1021.3;331.5;0.6;0.0;870.0
8.4;1021.3;347.4;0.6;0.0;870.0
8.3;1021.3;319.8;0.6;0.0;870.0
8.3;1021.3;333.3;0.6;0.0;870.0
8.3;1021.3;336.6;0.6;0.0;870.0
8.3;1021.3;351.6;0.6;0.0;870.0
8.3;1021.3;348.9;0.6;0.0;870.0
8.4;1021.3;313.8;0.6;0.0;870.0
8.3;1021.3;345.0;0.6;0.0;870.0
8.4;1021.3;317.1;0.6;0.0;870.0
8.4;1021.4;334.8;0.6;0.0;870.0
8.4;1021.4;348.6;0.6;0.0;870.0
8.4;1021.4;318.0;0.6;0.0;870.0
8.3;1021.4;325.8;0.6;0.0;870.0
8.4;1021.4;348.6;0.6;0.0;870.0
8.3;1021.4;326.4;0.6;0.0;870.0
8.3;1021.4;322.5;0.6;0.0;870.0
8.3;1021.4;349.5;0.6;0.0;870.0
8.3;1021.4;326.4;0.6;0.0;870.0
8.4;1021.4;335.1;0.6;0.0;870.0
8.3;1021.4;336.6;0.6;0.0;870.0
8.3;1021.4;338.4;0.6;0.0;870.0
8.3;1021.4;336.3;0.6;0.0;870.0
8.3;1021.4;325.8;0.6;0.0;870.0
8.4;1021.4;331.5;0.6;0.0;870.0
8.3;1021.4;340.8;0.6;0.0;870.0
8.4;1021.4;334.2;0.6;0.0;870.0
8.3;1021.4;347.1;0.6;0.0;870.0
8.4;1021.4;323.4;0.6;0.0;870.0
8.4;1021.4;327.9;0.6;0.0;870.0
8.3;1021.4;335.1;0.6;0.0;870.0
8.4;1021.4;332.4;0.6;0.0;870.0
8.3;1021.4;322.5;0.6;0.0;870.0
8.4;1021.4;343.8;0.6;0.0;870.0
8.3;1021.4;322.5;0.6;0.0;870.0
8.3;1021.4;332.1;0.6;0.0;870.0
8.4;1021.4;333.6;0.6;0.0;870.0
8.4;1021.4;345.9;0.6;0.0;870.0
8.3;1021.4;341.7;0.6;0.0;870.0
8.3;1021.4;310.2;0.5;0.0;870.0
8.4;1021.4;343.5;0.6;0.0;870.0
8.3;1021.4;324.9;0.6;0.0;870.0
8.3;1021.4;314.4;0.6;0.0;870.0
8.4;1021.4;341.7;0.6;0.0;870.0
8.4;1021.4;336.3;0.6;0.0;870.0
8.4;1021.4;330.9;0.6;0.0;870.0
8.3;1021.4;344.4;0.6;0.0;870.0
8.3;1021.4;321.9;0.6;0.0;870.0
8.3;1021.4;352.8;0.6;0.0;870.0
8.3;1021.4;322.2;0.6;0.0;870.0
8.3;1021.4;356.4;0.6;0.0;870.0
8.3;1021.4;299.1;0.5;0.0;870.0
8.3;1021.4;336.6;0.6;0.0;870.0
8.4;1021.4;325.2;0.6;0.0;870.0
8.3;1021.4;340.5;0.6;0.0;870.0
8.4;1021.4;336.9;0.6;0.0;870.0
8.3;1021.4;351.6;0.6;0.0;870.0
8.3;1021.4;328.5;0.6;0.0;870.0
8.4;1021.4;319.5;0.6;0.0;870.0
8.4;1021.4;342.3;0.6;0.0;870.0
8.3;1021.4;340.5;0.6;0.0;870.0
8.3;1021.4;314.4;0.6;0.0;870.0
8.3;1021.4;348.3;0.6;0.0;870.0
8.3;1021.4;335.4;0.6;0.0;870.0
8.4;1021.4;324.9;0.6;0.0;870.0
8.4;1021.4;327.3;0.6;0.0;870.0
8.4;1021.4;348.6;0.6;0.0;870.0
8.4;1021.4;318.9;0.6;0.0;870.0
8.4;1021.4;333.6;0.6;0.0;870.0
8.3;1021.4;321.3;0.6;0.0;870.0
8.3;1021.4;355.5;0.6;0.0;870.0
8.4;1021.4;329.1;0.6;0.0;870.0
8.4;1021.4;319.5;0.6;0.0;870.0
8.4;1021.4;351.0;0.6;0.0;870.0
8.3;1021.4;320.1;0.6;0.0;870.0
8.3;1021.4;326.4;0.6;0.0;870.0
8.3;1021.4;332.1;0.6;0.0;870.0
8.3;1021.4;339.6;0.6;0.0;870.0
8.3;1021.4;333.9;0.6;0.0;870.0
8.4;1021.4;319.5;0.6;0.0;870.0
8.3;1021.4;351.0;0.6;0.0;870.0
8.4;1021.4;314.7;0.6;0.0;870.0
8.3;1021.4;345.0;0.6;0.0;870.0
8.3;1021.4;323.4;0.6;0.0;870.0
8.4;1021.4;337.2;0.6;0.0;870.0
8.4;1021.4;349.2;0.6;0.0;870.0
8.4;1021.4;339.0;0.6;0.0;870.0
8.3;1021.4;325.2;0.6;0.0;870.0
8.3;1021.4;313.5;0.6;0.0;870.0
8.4;1021.3;334.5;0.6;0.0;870.0
8.4;1021.3;344.4;0.6;0.0;870.0
8.3;1021.3;343.2;0.6;0.0;870.0
8.3;1021.3;311.7;0.6;0.0;870.0
8.4;1021.3;352.5;0.6;0.0;870.0
8.3;1021.3;330.6;0.6;0.0;870.0
8.4;1021.3;332.1;0.6;0.0;870.0
8.3;1021.3;328.5;0.6;0.0;870.0
8.3;1021.3;318.6;0.6;0.0;870.0
8.4;1021.3;324.3;0.6;0.0;870.0
8.3;1021.3;343.8;0.6;0.0;870.0
8.4;1021.3;328.5;0.6;0.0;870.0
8.3;1021.3;330.3;0.6;0.0;870.0
8.3;1021.3;317.1;0.6;0.0;870.0
8.3;1021.3;357.6;0.6;0.0;870.0
8.4;1021.3;317.4;0.6;0.0;870.0
8.4;1021.3;326.1;0.6;0.0;870.0
8.3;1021.3;329.1;0.6;0.0;870.0
8.4;1021.3;328.8;0.6;0.0;870.0
8.3;1021.3;326.1;0.6;0.0;870.0
8.3;1021.3;315.9;0.6;0.0;870.0
8.3;1021.3;335.1;0.6;0.0;870.0
8.4;1021.3;283.5;0.5;0.0;870.0
8.4;1021.3;313.8;0.6;0.0;870.0
8.4;1021.3;315.0;0.6;0.0;870.0
8.3;1021.3;347.1;0.6;0.0;870.0
8.3;1021.3;333.6;0.6;0.0;870.0
8.3;1021.3;318.3;0.6;0.0;870.0
8.4;1021.3;329.1;0.6;0.0;870.0
8.4;1021.3;315.0;0.6;0.0;870.0
8.3;1021.3;328.8;0.6;0.0;870.0
8.4;1021.3;342.6;0.6;0.0;870.0
8.4;1021.3;332.7;0.6;0.0;870.0
8.4;1021.3;324.9;0.6;0.0;870.0
8.3;1021.3;343.8;0.6;0.0;870.0
8.3;1021.3;315.0;0.6;0.0;870.0
8.4;1021.3;333.6;0.6;0.0;870.0
8.4;1021.3;339.9;0.6;0.0;870.0
8.3;1021.3;331.5;0.6;0.0;870.0
8.3;1021.3;320.4;0.6;0.0;870.0
8.4;1021.3;328.8;0.6;0.0;870.0
8.3;1021.3;333.6;0.6;0.0;870.0
8.3;1021.3;313.5;0.6;0.0;870.0
8.3;1021.3;338.4;0.6;0.0;870.0
8.3;1021.3;324.3;0.6;0.0;870.0
8.4;1021.3;321.9;0.6;0.0;870.0
8.3;1021.3;307.8;0.5;0.0;870.0
8.4;1021.3;300.3;0.5;0.0;870.0
4.2;1021.3;275.7;0.5;0.0;870.0
8.4;1021.3;318.0;0.6;0.0;870.0
8.4;1021.3;336.3;0.6;0.0;870.0
8.4;1021.3;230.4;0.4;0.0;870.0
8.4;1021.3;273.3;0.5;0.0;870.0
8.3;1021.3;238.8;0.4;0.0;870.0
8.4;1021.3;218.4;0.4;0.0;870.0
8.3;1021.3;200.4;0.4;0.0;870.0
8.3;1021.3;206.1;0.4;0.0;870.0
8.3;1021.3;216.0;0.4;0.0;870.0
8.4;1021.3;242.1;0.4;0.0;870.0
8.4;1021.3;221.7;0.4;0.0;870.0
8.3;1021.3;217.8;0.4;0.0;870.0
8.3;1021.3;278.1;0.5;0.0;870.0
8.3;1021.3;323.1;0.6;0.0;870.0
8.3;1021.3;318.0;0.6;0.0;870.0
8.4;1021.3;321.9;0.6;0.0;870.0
8.3;1021.3;312.9;0.6;0.0;870.0
8.4;1021.3;321.6;0.6;0.0;870.0
8.4;1021.3;291.9;0.5;0.0;870.0
8.4;1021.3;332.1;0.6;0.0;870.0
8.4;1021.3;303.9;0.5;0.0;870.0
8.4;1021.3;324.6;0.6;0.0;870.0
8.4;1021.3;313.2;0.6;0.0;870.0
8.3;1021.3;329.7;0.6;0.0;870.0
8.4;1021.3;334.5;0.6;0.0;870.0
8.4;1021.3;317.4;0.6;0.0;870.0
8.3;1021.3;318.3;0.6;0.0;870.0
8.3;1021.3;322.8;0.6;0.0;870.0
8.3;1021.3;341.4;0.6;0.0;870.0
8.3;1021.3;334.2;0.6;0.0;870.0
8.3;1021.3;335.4;0.6;0.0;870.0
8.4;1021.3;318.0;0.6;0.0;870.0
8.4;1021.3;340.2;0.6;0.0;870.0
8.3;1021.3;327.9;0.6;0.0;870.0
8.3;1021.3;317.7;0.6;0.0;870.0
8.3;1021.3;343.5;0.6;0.0;870.0
8.4;1021.3;333.0;0.6;0.0;870.0
8.3;1021.3;339.9;0.6;0.0;870.0
8.3;1021.3;309.9;0.5;0.0;870.0
8.4;1021.3;338.7;0.6;0.0;870.0
8.3;1021.3;330.3;0.6;0.0;870.0
8.3;1021.3;339.3;0.6;0.0;870.0
8.3;1021.3;321.6;0.6;0.0;870.0
8.3;1021.3;317.1;0.6;0.0;870.0
8.3;1021.3;338.1;0.6;0.0;870.0
8.4;1021.3;324.0;0.6;0.0;870.0
8.4;1021.3;338.7;0.6;0.0;870.0
8.4;1021.3;321.0;0.6;0.0;870.0
8.3;1021.3;347.7;0.6;0.0;870.0
8.4;1021.3;323.4;0.6;0.0;870.0
8.4;1021.3;333.3;0.6;0.0;870.0
8.4;1021.3;334.8;0.6;0.0;870.0
8.4;1021.3;334.5;0.6;0.0;870.0
8.4;1021.3;339.3;0.6;0.0;870.0
8.4;1021.3;340.5;0.6;0.0;870.0
8.4;1021.3;336.3;0.6;0.0;870.0
8.3;1021.3;320.1;0.6;0.0;870.0
8.3;1021.3;332.7;0.6;0.0;870.0
8.3;1021.3;335.7;0.6;0.0;870.0
8.4;1021.3;333.9;0.6;0.0;870.0
8.4;1021.3;340.2;0.6;0.0;870.0
8.3;1021.3;349.2;0.6;0.0;870.0
8.3;1021.3;321.0;0.6;0.0;870.0
8.3;1021.3;315.3;0.6;0.0;870.0
8.3;1021.3;338.4;0.6;0.0;870.0
8.3;1021.3;321.0;0.6;0.0;870.0
8.3;1021.3;347.4;0.6;0.0;870.0
8.4;1021.3;318.0;0.6;0.0;870.0
8.4;1021.3;352.5;0.6;0.0;870.0
8.3;1021.3;334.5;0.6;0.0;870.0
8.4;1021.3;325.8;0.6;0.0;870.0
8.4;1021.3;336.0;0.6;0.0;870.0
8.3;1021.3;319.8;0.6;0.0;870.0
8.4;1021.3;332.1;0.6;0.0;870.0
8.3;1021.3;332.1;0.6;0.0;870.0
8.4;1021.3;323.4;0.6;0.0;870.0
8.3;1021.3;327.0;0.6;0.0;870.0
8.3;1021.3;326.1;0.6;0.0;870.0
8.3;1021.3;342.9;0.6;0.0;870.0
8.3;1021.3;327.6;0.6;0.0;870.0
8.4;1021.3;333.9;0.6;0.0;870.0
8.3;1021.3;343.8;0.6;0.0;870.0
8.4;1021.3;320.1;0.6;0.0;870.0
8.4;1021.3;325.5;0.6;0.0;870.0
8.3;1021.3;342.9;0.6;0.0;870.0
8.4;1021.3;338.1;0.6;0.0;870.0
8.4;1021.3;335.1;0.6;0.0;870.0
8.3;1021.3;332.7;0.6;0.0;870.0
8.3;1021.3;342.6;0.6;0.0;870.0
8.3;1021.3;321.3;0.6;0.0;870.0
8.4;1021.3;346.1;0.6;0.0;870.0
8.3;1021.3;323.8;0.6;0.0;870.0
8.4;1021.3;341.7;0.6;0.0;870.0
8.3;1021.3;336.9;0.6;0.0;870.0
8.3;1021.3;320.4;0.6;0.0;870.0
8.4;1021.3;327.6;0.6;0.0;870.0
8.3;1021.3;328.2;0.6;0.0;870.0
8.3;1021.3;336.9;0.6;0.0;870.0
8.4;1021.3;337.8;0.6;0.0;870.0
8.4;1021.3;345.0;0.6;0.0;870.0
8.3;1021.3;335.4;0.6;0.0;870.0
8.3;1021.3;331.5;0.6;0.0;870.0
8.3;1021.3;325.2;0.6;0.0;870.0
8.4;1021.3;325.5;0.6;0.0;870.0
8.4;1021.3;349.8;0.6;0.0;870.0
8.4;1021.3;327.3;0.6;0.0;870.0
8.3;1021.3;321.0;0.6;0.0;870.0
8.4;1021.3;347.4;0.6;0.0;870.0
8.4;1021.3;330.3;0.6;0.0;870.0
8.3;1021.3;345.3;0.6;0.0;870.0
8.3;1021.3;309.9;0.5;0.0;870.0
8.4;1021.3;339.0;0.6;0.0;870.0
8.3;1021.3;328.2;0.6;0.0;870.0
