0.0;10493952;0
0.0;10493952;0
28.4;12230656;0
114.7;14073856;0
49.9;14077952;0
99.7;17375232;0
71.7;17408000;0
99.7;17485824;0
66.5;17530880;0
99.7;17559552;0
71.7;17723392;0
85.2;16134144;0
84.0;17887232;0
83.1;16265216;0
71.7;17924096;0
83.1;16396288;0
100.8;18169856;0
49.9;16547840;0
86.0;18198528;0
49.9;16576512;0
116.4;18305024;0
49.9;16146432;0
99.7;18362368;0
50.4;18501632;0
99.4;18501632;0
33.6;18477056;0
99.7;18558976;0
49.9;18632704;0
99.4;18694144;0
43.0;18763776;0
99.7;17141760;0
83.1;18862080;0
100.3;18862080;0
83.1;18980864;0
83.1;17420288;0
99.7;19144704;0
71.7;17575936;0
99.4;19230720;0
67.2;17604608;0
116.4;19234816;0
57.3;17608704;0
113.6;19443712;0
50.4;17256448;0
100.3;19509248;0
133.0;19578880;523
100.8;19550208;2
71.0;19546112;0
100.3;19611648;0
66.5;19632128;0
100.8;19632128;0
66.5;19615744;0
100.3;17993728;0
57.3;19640320;0
83.1;18018304;0
66.5;19615744;0
71.7;17993728;0
71.7;19644416;0
66.5;18022400;0
84.0;19619840;0
49.9;17993728;0
86.0;19648512;0
42.6;18034688;0
100.3;19615744;0
43.0;19582976;0
99.7;19587072;0
33.6;19705856;0
99.7;19705856;0
83.1;27852800;0
99.4;27852800;0
143.3;43765760;0
149.6;80953344;0
182.8;110886912;0
151.2;137080832;0
184.7;161959936;0
172.0;188198912;0
166.2;205283328;98
184.8;206520320;762
166.2;206483456;572
100.3;206483456;0
28.7;204861440;0
83.1;206491648;0
116.4;206495744;0
99.7;206495744;0
114.7;206090240;0
99.4;206512128;0
100.3;206512128;0
99.7;204890112;0
49.9;206544896;0
85.2;206544896;0
114.7;206544896;0
100.3;206544896;0
99.7;206544896;0
84.0;206544896;0
99.7;206544896;0
99.7;206544896;0
42.6;204918784;0
116.4;206544896;0
100.3;206544896;0
99.4;206544896;0
43.0;204062720;0
86.0;204918784;0
42.6;206540800;0
100.3;206540800;0
99.4;206540800;0
86.0;206544896;0
114.7;206544896;0
83.1;206544896;0
117.6;206540800;0
99.7;206540800;0
99.7;206540800;0
113.6;206544896;0
100.3;206557184;0
116.4;204931072;0
99.7;206573568;0
100.8;206573568;0
116.4;206581760;0
86.0;206581760;0
113.6;206581760;0
86.0;206581760;0
100.3;206581760;0
99.7;206581760;0
117.6;206581760;0
99.7;206581760;0
99.7;206581760;0
33.2;204955648;0
71.7;206577664;0
100.3;206577664;0
99.4;206577664;0
28.7;204955648;0
100.8;206577664;0
99.4;206577664;0
86.0;204955648;0
28.4;206581760;0
100.3;206581760;0
100.3;206581760;0
99.4;206589952;0
100.8;206589952;0
99.7;206589952;0
33.2;204963840;0
83.1;206589952;0
99.7;206589952;0
100.8;206589952;0
0.0;204771328;0
99.4;206589952;0
100.3;206589952;0
83.1;204963840;0
33.2;206589952;0
99.7;206589952;0
99.7;206589952;0
100.8;206589952;0
99.7;206589952;0
99.7;206589952;0
16.8;204963840;0
133.0;214736896;0
99.7;214736896;0
99.7;214736896;0
49.9;214396928;0
201.6;254959616;0
199.5;287076352;0
182.8;313073664;0
168.0;336977920;0
199.5;364253184;0
200.7;391589888;0
184.7;391778304;0
114.7;209162240;0
86.0;209354752;0
113.6;209371136;0
100.3;209371136;0
114.7;206835712;0
99.4;209526784;0
100.3;209526784;0
85.2;207904768;0
57.3;209629184;0
100.3;209625088;0
113.6;209637376;0
100.3;209637376;0
100.3;209637376;0
85.2;209707008;0
100.3;209707008;0
99.4;209707008;0
43.0;206643200;0
100.8;209731584;0
99.7;209731584;0
83.1;208105472;0
43.0;209793024;0
49.9;208166912;0
83.1;209891328;0
100.3;209891328;0
99.4;209891328;0
86.0;209891328;0
100.3;209891328;0
99.4;209891328;0
28.7;209928192;0
100.8;209936384;0
99.7;209936384;0
99.7;209936384;0
116.4;209969152;0
99.7;209969152;0
100.8;209969152;0
86.0;209973248;0
99.4;209973248;0
100.3;209973248;0
16.8;209973248;0
99.7;209973248;0
99.7;209973248;0
66.5;208347136;0
83.1;209985536;0
100.8;209985536;0
99.7;209985536;0
83.1;209989632;0
100.8;209989632;0
99.7;208662528;0
83.1;209989632;0
99.7;209989632;0
99.7;209989632;0
71.7;208363520;0
43.0;209989632;0
99.4;209985536;0
100.3;209985536;0
100.3;209985536;0
113.6;210018304;0
86.0;208392192;0
99.4;208392192;0
99.7;210018304;0
100.8;210018304;0
83.1;208396288;0
33.2;210059264;0
117.6;210063360;0
99.7;210063360;0
99.7;210063360;0
43.0;208437248;0
116.4;210059264;0
0.0;208822272;0
99.7;210059264;0
100.8;210059264;0
116.4;210059264;0
99.7;210059264;0
100.8;210059264;0
43.0;208437248;0
99.4;210063360;0
86.0;208437248;0
83.1;207888384;0
99.7;210141184;0
100.8;210141184;0
83.1;208519168;0
33.2;210169856;0
100.8;210169856;0
99.7;210169856;0
66.5;208543744;0
99.7;218320896;0
99.4;218320896;0
100.3;218320896;0
0.0;218234880;0
199.5;244920320;0
133.0;281882624;0
184.8;305115136;0
149.6;326828032;0
156.2;353476608;0
172.0;385662976;0
199.5;394428416;0
116.4;208187392;0
33.6;206565376;0
84.0;208609280;0
83.1;209530880;0
99.7;209530880;0
100.8;209530880;0
116.4;209534976;0
85.2;209580032;0
100.3;209580032;0
99.4;209580032;0
43.0;207958016;0
86.0;207962112;0
14.3;209612800;0
99.7;209612800;0
99.4;209612800;0
49.9;207990784;0
100.3;209625088;0
86.0;208039936;0
99.7;209747968;0
99.7;209747968;0
83.1;209797120;0
116.4;209817600;0
86.0;209817600;0
114.7;209838080;0
99.7;209838080;0
99.7;209838080;0
86.0;209891328;0
100.3;209891328;0
99.7;208281600;0
49.9;209989632;0
100.3;210046976;0
99.4;210046976;0
99.7;210046976;0
100.8;210046976;0
99.7;210046976;0
85.2;208424960;0
114.7;210083840;0
84.0;210087936;0
116.4;210096128;0
99.7;210096128;0
