0.0;10530816;0
0.0;10530816;0
0.0;10530816;0
50.4;12283904;0
99.4;14057472;0
86.0;14114816;0
99.7;17420288;0
66.5;17453056;0
99.4;17551360;0
67.2;17584128;0
99.7;17612800;0
66.5;17743872;0
100.3;17809408;0
116.4;17944576;0
99.7;16322560;0
100.3;17977344;0
99.7;16486400;0
116.4;18079744;0
86.0;16453632;0
113.6;18317312;0
83.1;16695296;0
99.7;18354176;0
86.0;16424960;0
99.7;18391040;0
100.8;18497536;0
99.7;18497536;0
100.3;18534400;0
99.4;18665472;0
84.0;18698240;0
99.7;18759680;0
86.0;18939904;0
100.3;18939904;0
83.1;18907136;0
99.7;18907136;0
66.5;19083264;0
100.3;19144704;0
66.5;19185664;0
100.8;17625088;0
83.1;19296256;0
86.0;17670144;0
83.1;19382272;0
84.0;17756160;0
99.7;19431424;0
99.7;19243008;0
100.3;19456000;0
116.4;19689472;325
116.4;19656704;200
99.7;19685376;0
100.3;19685376;0
99.7;19804160;0
100.8;19804160;0
99.7;19845120;0
100.3;19845120;0
85.2;19808256;0
100.8;19808256;0
66.5;19849216;0
99.7;19849216;0
71.7;19820544;0
85.2;18194432;0
83.1;19849216;0
83.1;18227200;0
100.8;19816448;0
71.0;18194432;0
100.3;19791872;0
66.5;18092032;0
99.4;19759104;0
66.5;19800064;0
99.7;19800064;0
84.0;27922432;0
99.4;27922432;0
129.0;42364928;0
186.4;72585216;0
149.6;103620608;0
199.5;127320064;0
166.2;147660800;0
200.7;176287744;0
198.9;203431936;0
157.7;202670080;588
199.5;205303808;730
99.7;205271040;114
66.5;203644928;0
114.7;205316096;0
100.3;205316096;0
83.1;205320192;0
100.8;205320192;0
99.7;205320192;0
116.4;205320192;0
99.7;205320192;0
114.7;205320192;0
100.3;205320192;0
116.4;205320192;0
100.8;205320192;0
99.7;205320192;0
43.0;203694080;0
85.2;205320192;0
100.3;205320192;0
99.7;203698176;0
116.4;205320192;0
100.8;205320192;0
0.0;202113024;0
99.7;205332480;0
99.7;205332480;0
83.1;203710464;0
33.6;205352960;0
99.7;205352960;0
49.9;203726848;0
57.3;205352960;0
99.4;205352960;0
100.3;205352960;0
99.4;205352960;0
100.3;205352960;0
114.7;205352960;0
99.7;202592256;0
100.8;205348864;0
99.7;205348864;0
83.1;203726848;0
42.6;205352960;0
100.3;205352960;0
100.3;205352960;0
71.0;205348864;0
100.8;205348864;0
49.9;203726848;0
83.1;205352960;0
99.7;205352960;0
16.6;203726848;0
84.0;205352960;0
99.7;205352960;0
99.7;205352960;0
33.6;205357056;0
100.3;205357056;0
99.7;205357056;0
83.1;205357056;0
99.7;205357056;0
100.8;205357056;0
49.9;203730944;0
57.3;205361152;0
100.3;205361152;0
71.0;203735040;0
100.3;205365248;0
99.4;205365248;0
100.8;205365248;0
0.0;205381632;0
99.7;205381632;0
100.8;205381632;0
99.7;205381632;0
100.3;205381632;0
56.8;203755520;0
43.0;205381632;0
100.3;205381632;0
99.4;205377536;0
100.3;205377536;0
86.0;205377536;0
99.7;205377536;0
83.1;203755520;0
99.7;205377536;0
100.8;205131776;0
99.7;205377536;0
99.7;205377536;0
84.0;205377536;0
99.7;205377536;0
66.5;203755520;0
49.9;205381632;0
99.7;205381632;0
100.8;205381632;0
99.7;205385728;0
99.7;205385728;0
100.8;205385728;0
99.7;205385728;0
66.5;205393920;0
100.3;205393920;0
66.5;203767808;0
66.5;205393920;0
100.8;205393920;0
99.7;205393920;0
99.7;205389824;0
100.8;205389824;0
0.0;203767808;0
127.8;213544960;0
86.0;211918848;0
85.2;212336640;0
199.5;256028672;0
201.6;286945280;0
199.5;313856000;0
200.7;332312576;0
168.0;357851136;0
166.2;385298432;0
200.7;394346496;0
99.7;207319040;0
100.3;210169856;0
100.3;210169856;0
99.4;210169856;0
28.7;210325504;0
99.7;210325504;0
99.7;210325504;0
116.4;210485248;0
99.7;210485248;0
67.2;208859136;0
57.3;210518016;0
99.7;210518016;0
66.5;208896000;0
100.3;210522112;0
99.4;210522112;0
100.3;210522112;0
28.4;210542592;0
99.7;210542592;0
100.8;210542592;0
116.4;210599936;0
99.7;210599936;0
50.4;208965632;0
84.0;210612224;0
99.7;210612224;0
66.5;208990208;0
100.3;210612224;0
99.4;210612224;0
83.1;210649088;0
100.8;210649088;0
99.7;210649088;0
99.7;210743296;0
100.8;210743296;0
16.6;209117184;0
85.2;210776064;0
100.3;210776064;0
56.8;210784256;0
100.3;210784256;0
100.3;210784256;0
71.0;209158144;0
43.0;210821120;0
100.3;210821120;0
99.4;210821120;0
99.7;210833408;0
99.7;210833408;0
49.9;209207296;0
114.7;210833408;0
100.3;210833408;0
71.0;210845696;0
99.4;210845696;0
43.0;209219584;0
86.0;210948096;0
99.4;210948096;0
99.7;209326080;0
99.7;210972672;0
99.7;209346560;0
33.6;210620416;0
100.3;210620416;0
99.4;210620416;0
86.0;210620416;0
100.8;210620416;0
33.2;208998400;0
99.7;210620416;0
100.3;210620416;0
99.4;208519168;0
100.3;210653184;0
83.1;209031168;0
28.4;210657280;0
100.3;210657280;0
57.3;209031168;0
66.5;210653184;0
99.7;210653184;0
99.7;210653184;0
14.2;209031168;0
100.3;210657280;0
100.8;210653184;0
99.7;210653184;0
99.7;210657280;0
100.8;210657280;0
100.3;210657280;0
99.4;210657280;0
100.3;210657280;0
28.4;209035264;0
99.4;210661376;0
86.0;209035264;0
43.0;210771968;0
99.7;210771968;0
56.8;209129472;0
99.7;210755584;0
67.2;209129472;0
116.4;210755584;0
99.7;210755584;0
71.7;209911808;0
99.4;210776064;0
99.7;210776064;0
84.0;210776064;0
99.7;210776064;0
99.7;210776064;0
28.7;209154048;0
100.8;210804736;0
83.1;211689472;0
99.4;219045888;0
100.3;219734016;0
198.9;251572224;0
199.5;282374144;0
201.6;309231616;0
199.5;332857344;0
149.6;362115072;0
200.7;389644288;0
186.4;393277440;0
149.6;208580608;0
99.7;209469440;0
99.7;209469440;0
99.4;209600512;0
