0.0;10518528;0
0.0;10518528;0
0.0;10518528;0
33.2;12263424;0
114.7;14020608;0
116.4;15691776;0
33.2;17313792;0
99.4;17362944;0
100.3;17362944;0
83.1;17395712;0
66.5;17534976;0
100.3;17534976;0
99.7;15978496;0
83.1;17596416;0
99.7;17661952;0
71.7;16039936;0
66.5;17727488;0
100.8;17793024;0
42.6;16171008;0
100.3;17809408;0
99.7;17940480;0
0.0;16314368;0
99.7;18001920;0
100.3;18059264;0
49.9;15790080;0
99.4;18145280;0
99.7;18145280;0
66.5;18108416;0
100.8;18190336;0
99.7;16568320;0
43.0;18210816;0
99.7;18345984;0
99.7;18345984;0
99.7;18399232;0
99.7;18460672;0
43.0;18477056;0
99.4;18477056;0
100.3;18477056;0
49.9;18513920;0
99.7;18649088;0
83.1;17027072;0
43.0;18624512;0
100.3;18751488;0
66.5;17129472;0
67.2;18866176;0
99.7;18866176;0
57.3;17240064;0
99.4;18997248;0
100.8;18997248;0
33.2;17371136;0
99.7;19161088;0
100.3;19161088;0
56.8;16969728;0
100.3;19136512;0
99.4;19271680;0
67.2;19300352;0
99.7;19300352;0
99.7;17674240;0
43.0;19267584;0
99.7;19402752;0
83.1;17780736;0
83.1;19431424;0
100.8;19566592;0
71.0;17944576;0
71.7;19546112;0
99.7;19546112;0
99.7;17989632;273
149.6;19664896;252
100.3;19664896;0
57.3;17051648;0
99.7;19714048;0
100.3;19849216;0
57.3;19755008;0
99.4;19755008;0
86.0;18132992;0
66.5;19738624;0
100.8;19738624;0
83.1;18116608;0
83.1;19714048;0
100.3;19714048;0
71.0;18087936;0
99.7;19730432;0
99.7;19730432;0
33.6;18108416;0
99.7;19718144;0
99.7;19718144;0
67.2;19726336;0
99.7;19726336;0
100.3;19726336;0
42.6;19734528;0
100.3;19734528;0
86.0;18108416;0
49.9;19722240;0
100.8;19722240;0
71.0;18100224;0
86.0;19734528;0
99.4;19734528;0
67.2;18108416;0
86.0;19722240;0
99.7;19722240;0
33.6;17436672;0
114.7;27840512;0
99.4;27840512;0
100.3;31244288;0
199.5;65150976;0
201.6;90025984;0
166.2;115589120;0
199.5;136196096;0
200.7;158195712;0
184.7;183865344;0
200.7;205680640;0
199.5;204881920;637
168.0;205418496;744
99.7;205381632;52
99.7;205381632;0
43.0;203759616;0
99.7;205385728;0
99.7;205385728;0
56.8;205385728;0
100.3;205385728;0
100.3;205385728;0
85.2;205385728;0
100.3;205385728;0
71.7;203759616;0
56.8;205426688;0
99.7;205426688;0
99.7;205426688;0
33.6;203804672;0
86.0;205426688;0
99.7;205426688;0
33.6;203677696;0
99.7;205426688;0
99.7;205426688;0
66.5;205426688;0
99.7;205426688;0
84.0;203804672;0
49.9;205426688;0
100.3;205426688;0
100.3;205426688;0
56.8;203804672;0
71.7;205430784;0
99.4;205430784;0
43.0;203804672;0
100.8;205430784;0
99.7;205430784;0
49.9;205434880;0
100.3;205434880;0
99.4;205434880;0
71.7;205434880;0
99.4;205434880;0
100.3;205434880;0
43.0;203808768;0
71.0;205434880;0
99.7;205434880;0
33.6;203808768;0
99.7;205434880;0
99.7;205434880;0
66.5;205430784;0
99.7;205430784;0
100.8;203808768;0
49.9;205438976;0
99.7;205438976;0
67.2;203812864;0
100.3;205447168;0
99.7;205447168;0
33.2;202313728;0
99.7;205447168;0
100.8;205447168;0
16.6;203821056;0
99.7;205443072;0
99.7;205443072;0
85.2;205443072;0
100.3;205443072;0
100.3;205443072;0
85.2;205443072;0
100.3;205443072;0
57.3;203821056;0
83.1;205443072;0
99.7;205443072;0
66.5;203821056;0
99.4;205443072;0
100.3;205443072;0
28.7;205447168;0
99.4;205447168;0
100.3;205447168;0
57.3;203821056;0
85.2;205443072;0
100.3;205443072;0
66.5;203821056;0
116.4;205447168;0
86.0;205447168;0
83.1;205447168;0
99.7;205447168;0
100.8;205447168;0
83.1;203821056;0
66.5;205447168;0
99.7;205447168;0
99.7;203821056;0
100.8;205443072;0
99.7;205443072;0
99.7;205443072;0
16.8;202223616;0
100.8;205479936;0
99.7;205479936;0
33.2;205488128;0
99.7;205488128;0
99.7;205488128;0
67.2;203866112;0
66.5;205488128;0
99.7;205488128;0
100.8;205488128;0
33.2;202272768;0
99.7;205492224;0
99.7;205492224;0
33.2;205492224;0
99.7;205492224;0
84.0;203866112;0
83.1;205492224;0
99.7;205492224;0
50.4;203866112;0
99.7;213639168;0
99.7;213639168;0
16.6;208064512;0
200.7;246140928;0
198.9;270307328;0
215.0;295055360;0
184.8;317849600;0
199.5;334409728;0
166.2;361574400;0
201.6;389292032;0
199.5;394326016;0
83.1;206557184;0
100.3;209506304;0
99.4;209506304;0
49.9;209764352;0
100.8;209764352;0
86.0;208142336;0
83.1;209793024;0
100.8;209793024;0
99.7;209793024;0
28.4;208171008;0
114.7;209891328;0
99.4;209891328;0
99.7;208265216;0
50.4;210055168;0
99.7;210055168;0
85.2;208429056;0
57.3;210227200;0
100.3;210227200;0
85.2;208605184;0
86.0;210259968;0
99.7;210259968;0
99.7;210259968;0
33.6;210259968;0
99.7;210259968;0
99.7;210259968;0
57.3;208633856;0
67.2;210264064;0
99.7;210264064;0
49.9;208637952;0
116.4;210305024;0
99.4;210305024;0
57.3;210395136;0
100.8;210395136;0
99.7;210395136;0
66.5;208773120;0
84.0;210550784;0
99.7;210550784;0
99.7;210550784;0
28.7;208928768;0
99.7;210608128;0
99.7;210604032;0
57.3;210604032;0
100.3;210604032;0
83.1;208977920;0
83.1;210612224;0
100.8;210612224;0
83.1;208990208;0
83.1;210661376;0
99.7;210661376;0
71.0;210665472;0
100.3;210665472;0
100.3;210665472;0
66.5;209039360;0
49.9;210714624;0
100.8;210714624;0
99.7;210714624;0
33.2;209092608;0
116.4;210714624;0
99.7;210714624;0
56.8;210714624;0
99.7;210714624;0
100.8;210714624;0
57.3;210743296;0
99.4;210743296;0
99.7;210743296;0
16.8;209121280;0
100.8;210743296;0
99.7;210743296;0
49.9;210743296;0
