0.0;10498048;0
0.0;10498048;0
0.0;10498048;0
49.9;12251136;0
99.7;14073856;0
86.0;14094336;0
100.3;17375232;0
66.5;17465344;0
100.8;17526784;0
71.0;17625088;0
99.7;17657856;0
66.5;17723392;0
100.8;17788928;0
99.4;17920000;0
100.8;16293888;0
116.4;18001920;0
86.0;16433152;0
116.4;18124800;0
84.0;16498688;0
113.6;18198528;0
100.3;16404480;0
100.3;18366464;0
99.7;18399232;0
99.4;18399232;0
100.3;18497536;0
99.7;18497536;0
99.7;18468864;0
100.8;18604032;0
71.0;18644992;0
100.3;18780160;0
83.1;18751488;0
100.8;18751488;0
71.0;18993152;0
100.3;18993152;0
71.7;18993152;0
99.7;17506304;0
83.1;19161088;0
86.0;17575936;0
83.1;17702912;0
86.0;19333120;0
71.0;17711104;0
99.7;19460096;0
66.5;18161664;0
100.3;19546112;0
113.6;19734528;319
117.6;19705856;206
66.5;19615744;0
100.3;19615744;0
99.4;19746816;0
100.8;19746816;0
99.7;19755008;0
100.3;19755008;0
100.3;19750912;0
99.7;19771392;0
99.7;19771392;0
99.7;19771392;0
100.3;19775488;0
85.2;18149376;0
84.0;19693568;0
83.1;18067456;0
99.7;19771392;0
71.0;18145280;0
100.3;19689472;0
71.7;19779584;0
99.7;19779584;0
67.2;19767296;0
99.7;19767296;0
86.0;27922432;0
99.4;27922432;0
168.0;44032000;0
199.5;80347136;0
199.5;109428736;0
186.4;136167424;0
198.9;160317440;0
200.7;188207104;0
166.2;204644352;56
201.6;204644352;734
142.0;202989568;642
100.3;205705216;0
99.7;205705216;0
49.9;204079104;0
100.3;205725696;0
16.6;205729792;0
100.3;205729792;0
99.7;205729792;0
83.1;204103680;0
50.4;205725696;0
99.4;205725696;0
100.3;205725696;0
42.6;204103680;0
84.0;205733888;0
99.7;205733888;0
83.1;204107776;0
71.7;205729792;0
99.4;205729792;0
57.3;204107776;0
99.4;205733888;0
100.3;205733888;0
86.0;204111872;0
33.2;205733888;0
86.0;204111872;0
49.9;205758464;0
99.7;205758464;0
99.7;205758464;0
83.1;205758464;0
100.8;205758464;0
85.2;204132352;0
71.7;205758464;0
100.3;205758464;0
99.7;205758464;0
16.6;204136448;0
99.4;205762560;0
100.8;205762560;0
99.7;204136448;0
16.6;205762560;0
100.8;204136448;0
33.2;205758464;0
99.7;205758464;0
99.7;205758464;0
57.3;205762560;0
100.3;205762560;0
99.4;205762560;0
14.3;204136448;0
86.0;205762560;0
99.4;205762560;0
86.0;204136448;0
42.6;205762560;0
100.3;204136448;0
57.3;205766656;0
99.4;205766656;0
100.8;205766656;0
49.9;205762560;0
99.7;205762560;0
99.7;205762560;0
33.2;204140544;0
84.0;205774848;0
99.7;205774848;0
99.7;205774848;0
0.0;203591680;0
99.7;205774848;0
16.6;205778944;0
99.7;205778944;0
99.7;205778944;0
50.4;204152832;0
66.5;205774848;0
100.3;205774848;0
100.3;205774848;0
42.6;204152832;0
100.3;205778944;0
99.4;205778944;0
100.3;205778944;0
43.0;203612160;0
99.7;205778944;0
33.6;205803520;0
99.7;205803520;0
99.7;205803520;0
33.2;205799424;0
83.1;204177408;0
50.4;205803520;0
83.1;205803520;0
99.7;205803520;0
16.8;204177408;0
116.4;205799424;0
99.7;205799424;0
49.9;203497472;0
99.4;205803520;0
28.7;205803520;0
100.3;205803520;0
99.4;205803520;0
57.3;204177408;0
49.9;205803520;0
49.9;204177408;0
71.7;205803520;0
99.4;205803520;0
99.7;205803520;0
28.7;205742080;0
99.4;205799424;0
43.0;205799424;0
100.3;205799424;0
99.4;205799424;0
71.7;204177408;0
56.8;205799424;0
100.3;205799424;0
100.3;205799424;0
42.6;204177408;0
133.0;213950464;0
100.8;213950464;0
99.7;213950464;0
49.9;211611648;0
200.7;245690368;0
142.0;278179840;0
200.7;306524160;0
200.7;329859072;0
149.6;357875712;0
166.2;387936256;0
201.6;394231808;0
133.0;208044032;0
33.2;206434304;0
100.3;209281024;0
28.4;209477632;0
99.7;209510400;0
100.8;209510400;0
116.4;209567744;0
99.7;209604608;0
100.8;209633280;0
83.1;209793024;0
33.2;208171008;0
114.7;209854464;0
99.4;209887232;0
86.0;210001920;0
100.3;210001920;0
99.4;210034688;0
114.7;210108416;0
67.2;208486400;0
71.0;210112512;0
49.9;208486400;0
85.2;210149376;0
99.7;210149376;0
100.8;210149376;0
99.7;210313216;0
99.7;210337792;0
100.8;210337792;0
16.6;210354176;0
99.7;210354176;0
100.3;210354176;0
85.2;210354176;0
100.3;210354176;0
100.8;210354176;0
116.4;210395136;0
99.7;210395136;0
84.0;209698816;0
99.7;210423808;0
99.4;210423808;0
71.7;208797696;0
42.6;210423808;0
100.3;210423808;0
100.3;210423808;0
16.6;208797696;0
113.6;210427904;0
57.3;207368192;0
100.8;210440192;0
99.7;210440192;0
99.7;210436096;0
99.7;210436096;0
99.4;210436096;0
114.7;210440192;0
100.3;210440192;0
99.4;210440192;0
86.0;210440192;0
100.8;210440192;0
116.4;210432000;0
99.7;208793600;0
33.2;210419712;0
99.7;210419712;0
100.3;210419712;0
57.3;208793600;0
71.0;210419712;0
99.7;210419712;0
100.8;208793600;0
99.7;210419712;0
99.7;210419712;0
86.0;210419712;0
71.0;208797696;0
43.0;210423808;0
100.3;210423808;0
99.7;210423808;0
83.1;210423808;0
100.8;210423808;0
99.7;207204352;0
99.4;210423808;0
100.3;210423808;0
85.2;210427904;0
99.7;210427904;0
100.8;210456576;0
116.4;210456576;0
99.4;210456576;0
100.3;210456576;0
100.8;210456576;0
99.7;210456576;0
83.1;210456576;0
86.0;208830464;0
56.8;210456576;0
100.3;210456576;0
100.3;210456576;0
99.7;210386944;0
99.7;210386944;0
100.8;208760832;0
100.3;210386944;0
33.2;210382848;0
99.4;210382848;0
99.7;210382848;0
49.9;208760832;0
116.4;218537984;0
33.6;216911872;0
201.6;247328768;0
199.5;280551424;0
198.9;310288384;0
143.3;335413248;0
201.6;364863488;0
199.5;392859648;0
