0.0;10502144;0
0.0;10502144;0
0.0;10502144;0
49.9;12267520;0
151.2;14290944;0
184.7;14606336;0
201.6;16248832;0
199.5;19443712;0
200.7;19509248;0
184.7;19701760;0
184.8;19570688;0
199.5;19636224;0
186.4;19828736;0
200.7;19845120;0
83.1;16572416;0
232.7;19918848;0
200.7;19922944;0
200.7;19968000;0
199.5;20021248;0
134.4;16805888;0
213.1;20107264;0
199.5;20160512;0
199.5;20168704;0
201.6;20242432;0
156.3;18460672;0
201.6;20389888;0
199.5;20430848;0
143.3;21172224;0
198.9;21209088;0
157.7;21762048;0
149.6;21983232;0
199.5;21983232;0
201.6;21983232;0
142.0;22024192;0
199.5;22024192;0
133.0;22028288;0
200.7;22028288;0
184.7;22028288;0
201.6;19509248;0
99.7;19509248;0
133.0;22044672;0
198.9;22044672;0
200.7;22044672;0
199.5;22044672;0
199.5;22044672;0
168.0;22261760;0
198.9;22257664;0
200.7;19861504;62
216.1;21639168;440
168.0;20094976;0
182.8;22732800;0
200.7;21479424;0
114.7;18247680;0
149.6;22757376;0
199.5;22757376;0
157.7;21131264;0
172.0;22761472;0
199.5;22761472;0
201.6;22769664;0
198.9;22769664;0
186.4;21147648;0
213.1;19021824;0
201.6;23035904;0
199.5;23035904;0
199.5;23035904;0
172.0;21409792;0
113.6;23031808;0
199.5;23031808;0
199.5;23031808;0
201.6;23031808;0
170.5;21409792;0
114.7;31191040;0
199.5;31191040;0
182.8;29564928;0
213.1;47951872;0
286.7;77062144;0
282.6;103043072;0
266.0;119930880;0
268.8;138158080;0
266.0;155250688;0
215.0;176148480;0
298.3;206827520;198
301.0;206962688;698
272.4;206995456;536
170.5;203747328;0
182.8;208052224;0
199.5;208052224;0
157.7;206426112;0
184.7;208060416;0
172.0;206434304;0
199.5;208097280;0
199.5;208097280;0
142.0;204881920;0
200.7;208101376;0
200.7;208101376;0
149.6;208097280;0
184.8;206471168;0
149.6;208097280;0
200.7;208097280;0
198.9;208097280;0
100.8;208097280;0
199.5;208097280;0
199.5;208097280;0
201.6;208097280;0
184.7;206471168;0
143.3;208097280;0
198.9;208097280;0
201.6;208097280;0
199.5;208097280;0
166.2;206475264;0
184.8;208093184;0
198.9;208093184;0
200.7;208093184;0
199.5;208093184;0
117.6;204849152;0
199.5;208097280;0
199.5;208097280;0
151.2;208101376;0
170.5;208109568;0
200.7;208109568;0
198.9;208109568;0
172.0;206483456;0
133.0;208109568;0
182.8;208109568;0
168.0;206483456;0
182.8;208109568;0
199.5;208109568;0
198.9;206487552;0
172.0;208113664;0
143.3;206487552;0
99.7;206487552;0
218.4;208138240;0
199.5;208138240;0
199.5;208138240;0
166.2;208138240;0
166.2;208138240;0
200.7;206512128;0
127.8;208138240;0
200.7;208138240;0
200.7;208138240;0
182.8;208134144;0
199.5;208134144;0
199.5;208134144;0
201.6;208134144;0
199.5;208134144;0
186.4;208134144;0
157.7;206508032;0
127.8;206516224;0
200.7;208138240;0
198.9;208138240;0
201.6;208138240;0
133.0;206520320;0
133.0;208146432;0
201.6;208146432;0
182.8;216297472;0
199.5;216297472;0
182.8;216297472;0
229.4;238718976;0
301.0;268410880;0
298.3;298622976;0
229.4;320233472;0
286.7;339922944;0
298.3;365363200;0
272.4;389681152;0
299.2;397971456;0
182.8;209354752;0
67.2;209997824;0
199.5;212164608;0
199.5;212164608;0
151.2;212258816;0
199.5;212258816;0
149.6;210743296;0
149.6;212381696;0
199.5;212381696;0
168.0;210759680;0
133.0;210812928;0
182.8;212533248;0
117.6;210907136;0
199.5;212529152;0
199.5;212529152;0
99.7;209977344;0
199.5;212574208;0
201.6;212582400;0
199.5;212582400;0
199.5;212582400;0
100.8;209338368;0
129.0;212627456;0
198.9;212627456;0
200.7;212627456;0
198.9;212627456;0
200.7;212627456;0
166.2;212676608;0
198.9;212676608;0
157.7;209465344;0
200.7;212799488;0
184.7;212799488;0
200.7;212799488;0
184.7;211173376;0
143.3;212803584;0
200.7;212803584;0
170.5;212807680;0
186.4;212807680;0
143.3;211181568;0
216.1;212860928;0
172.0;211234816;0
199.5;212856832;0
199.5;212856832;0
100.8;212885504;0
182.8;212885504;0
199.5;212885504;0
134.4;212889600;0
199.5;212889600;0
170.5;212885504;0
200.7;212885504;0
198.9;212885504;0
129.0;211259392;0
157.7;211263488;0
199.5;212930560;0
199.5;212930560;0
168.0;211312640;0
133.0;212938752;0
199.5;212938752;0
182.8;211312640;0
170.5;212934656;0
200.7;212934656;0
200.7;212934656;0
199.5;212934656;0
116.4;209686528;0
201.6;212983808;0
133.0;213012480;0
199.5;213012480;0
182.8;211386368;0
156.2;213127168;0
172.0;213147648;0
186.4;211525632;0
166.2;213147648;0
199.5;213147648;0
201.6;213147648;0
232.7;221302784;0
199.5;221302784;0
133.0;223244288;0
298.3;252280832;0
272.4;279371776;0
252.0;303972352;0
249.3;322678784;0
299.2;341700608;0
215.0;362721280;0
286.7;391036928;0
298.3;396926976;0
199.5;210202624;0
199.5;210202624;0
199.5;208592896;0
50.4;211484672;0
199.5;211496960;0
184.7;211496960;0
199.5;211496960;0
172.0;209932288;0
200.7;211611648;0
184.7;211611648;0
133.0;209989632;0
199.5;211648512;0
149.6;210116608;0
117.6;211746816;0
200.7;211746816;0
184.7;211746816;0
143.3;210120704;0
134.4;210128896;0
199.5;211800064;0
199.5;211800064;0
199.5;211800064;0
170.5;211824640;0
172.0;210202624;0
114.7;210206720;0
142.0;211836928;0
199.5;211869696;0
201.6;211869696;0
143.3;210247680;0
156.2;210305024;0
199.5;211931136;0
199.5;211931136;0
149.6;211927040;0
134.4;211927040;0
199.5;210305024;0
142.0;211931136;0
200.7;211931136;0
201.6;211931136;0
199.5;211927040;0
182.8;211935232;0
149.6;210313216;0
198.9;211972096;0
200.7;211972096;0
134.4;212029440;0
199.5;212029440;0
199.5;212029440;0
200.7;212029440;0
186.4;212029440;0
216.1;212033536;0
199.5;212033536;0
199.5;212033536;0
199.5;212033536;0
