0.0;10518528;0
0.0;10518528;0
0.0;10518528;0
0.0;10518528;0
33.2;12689408;0
99.7;12713984;0
117.6;12906496;0
99.4;12939264;0
99.7;12992512;0
99.7;13004800;0
143.3;13205504;0
99.4;13205504;0
134.4;13262848;0
99.7;13295616;0
143.3;13463552;0
99.7;13463552;0
100.8;13438976;0
99.7;13438976;0
157.7;13406208;0
99.7;13406208;0
182.8;13533184;0
99.4;13533184;0
157.7;13611008;0
99.7;13611008;0
133.0;13684736;0
100.8;13844480;0
99.4;13844480;0
99.7;15790080;0
133.0;13688832;161
117.6;15859712;0
156.2;13615104;0
129.0;15843328;0
116.4;13824000;0
133.0;15937536;0
142.0;13914112;0
143.3;15888384;0
149.6;13651968;0
83.1;11628544;0
172.0;31768576;0
198.9;71114752;0
282.6;99078144;0
199.5;121495552;0
302.4;138973184;0
255.7;157839360;0
301.0;178601984;0
286.7;196763648;0
299.2;199573504;281
329.7;202694656;718
332.4;200638464;433
235.2;202715136;0
255.7;200691712;0
243.7;202711040;0
266.0;200691712;0
249.3;202711040;0
249.3;200691712;0
258.0;202711040;0
229.4;200691712;0
166.2;200695808;0
201.6;200695808;0
198.9;200695808;0
200.7;200695808;0
184.7;200691712;0
201.6;200691712;0
232.7;200691712;0
157.7;198672384;0
186.4;200691712;0
199.5;200691712;0
199.5;200691712;0
199.5;200691712;0
184.8;200695808;0
213.1;202801152;0
218.4;200777728;0
216.1;202797056;0
216.1;200777728;0
232.7;202801152;0
229.4;200781824;0
200.7;200781824;0
249.3;222167040;0
302.4;258351104;0
372.7;286810112;0
298.3;312537088;0
315.4;352530432;0
387.0;376033280;0
365.7;386318336;0
369.3;386318336;0
358.4;386416640;0
300.0;386420736;0
352.8;386424832;0
401.4;386428928;0
326.7;386433024;0
365.7;386101248;0
344.0;386437120;0
355.1;386441216;0
387.5;386441216;0
315.4;386441216;0
285.6;384417792;0
355.1;386437120;0
286.7;382398464;0
286.7;384421888;0
299.2;384421888;0
332.4;384421888;0
299.2;384421888;0
336.0;384417792;0
298.3;388440064;0
387.0;384421888;0
315.4;386445312;0
383.5;384421888;0
299.2;384421888;0
349.1;384421888;0
325.0;386445312;0
315.4;384421888;0
344.0;384417792;0
299.2;384417792;0
266.0;382398464;0
387.5;424341504;0
400.0;462630912;0
387.5;485892096;0
401.4;506163200;0
400.0;539172864;0
397.7;552812544;0
383.5;574509056;0
401.4;569298944;0
387.5;570404864;0
350.0;570531840;0
372.7;572551168;0
387.0;570527744;0
398.9;570544128;0
387.0;570531840;0
387.0;573034496;0
398.9;573034496;0
383.5;571023360;0
401.4;571023360;0
375.0;573030400;0
401.4;568987648;0
383.5;571011072;0
387.0;573005824;0
403.2;571015168;0
383.5;575029248;0
400.0;571031552;0
383.5;569008128;0
401.4;569008128;0
387.5;569008128;0
387.0;573038592;0
398.9;569016320;0
383.5;571043840;0
400.0;569020416;0
387.0;571039744;0
397.7;569020416;0
350.0;582397952;0
401.4;600494080;0
398.9;633544704;0
401.4;654381056;0
401.4;677416960;0
400.0;700006400;0
400.0;724602880;0
400.0;742858752;0
390.6;756580352;0
400.0;756580352;0
398.9;754556928;0
397.7;754569216;0
397.7;754614272;0
387.5;756637696;0
400.0;754630656;0
375.0;756686848;0
401.8;756682752;0
400.0;756686848;0
387.5;754667520;0
387.5;756690944;0
372.7;756682752;0
369.6;756690944;0
400.0;754667520;0
387.5;756690944;0
387.0;758681600;0
401.4;756690944;0
387.9;756690944;0
387.5;760705024;0
403.2;756658176;0
387.5;756690944;0
400.0;756690944;0
387.5;760705024;0
362.5;758681600;0
375.0;768061440;0
400.0;768061440;0
400.0;768061440;0
397.7;768057344;0
400.0;793657344;0
400.0;814178304;0
400.0;831152128;0
401.4;849530880;0
390.6;874577920;0
400.0;882192384;0
400.0;901586944;0
397.7;916062208;0
401.8;946196480;0
400.0;943947776;0
398.9;943947776;0
401.8;941924352;0
397.7;943169536;0
400.0;943169536;0
398.9;943169536;0
397.7;943194112;0
369.3;943194112;0
397.7;943185920;0
375.0;945217536;0
387.5;945217536;0
400.0;943194112;0
398.9;942804992;0
400.0;945254400;0
330.5;945254400;0
350.0;945254400;0
400.0;945258496;0
337.5;945307648;0
350.0;945307648;0
403.2;941264896;0
400.0;945303552;0
387.5;945303552;0
390.6;945303552;0
362.5;943284224;0
401.4;945315840;0
401.4;945315840;0
398.9;945315840;0
398.9;945315840;0
362.5;941273088;0
398.9;945319936;0
329.7;950652928;0
375.0;951894016;0
390.6;959246336;0
400.0;987873280;0
387.5;1010130944;0
343.5;1026678784;0
365.7;1049427968;0
376.8;1060052992;0
387.5;1073975296;0
400.0;1089503232;0
337.5;1102741504;0
398.9;1119178752;0
387.9;1125564416;0
387.0;1125556224;0
400.0;1128591360;0
390.6;1128632320;0
398.9;1128632320;0
400.0;1126608896;0
346.0;1126612992;0
375.0;1128677376;0
387.5;1128673280;0
398.9;1128673280;0
390.6;1128673280;0
388.1;1128673280;0
387.5;1126625280;0
401.8;1126629376;0
400.0;1126629376;0
400.0;1126629376;0
340.9;1124605952;0
400.0;1128652800;0
398.9;1128652800;0
401.8;1128652800;0
400.0;1126629376;0
375.0;1128644608;0
400.0;1128648704;0
380.6;1128652800;0
400.0;1126633472;0
400.0;1128656896;0
400.0;1128677376;0
398.9;1126653952;0
401.8;1128673280;0
387.9;1128665088;0
368.3;1136029696;0
398.9;1134010368;0
398.9;1131986944;0
390.6;1136029696;0
387.9;1162084352;0
370.6;1182285824;0
401.8;1202290688;0
399.7;1229414400;0
399.7;1244344320;0
370.6;1257148416;0
401.8;1273499648;0
400.0;1296560128;0
401.8;1313865728;0
400.0;1309859840;0
387.5;1311244288;0
400.6;1313148928;0
398.1;1313148928;0
400.0;1311137792;0
401.8;1313148928;0
387.5;1313173504;0
380.6;1313173504;0
400.6;1311154176;0
379.5;1313165312;0
398.9;1313173504;0
321.4;1313173504;0
401.8;1313173504;0
365.7;1313169408;0
387.9;1313169408;0
390.6;1313169408;0
376.8;1313169408;0
398.9;1311150080;0
398.9;1313169408;0
327.0;1313169408;0
387.9;1311150080;0
