0.0;10506240;0
0.0;10506240;0
0.0;10506240;0
0.0;10506240;0
0.0;10506240;0
49.9;12664832;0
99.7;12701696;0
57.3;12738560;0
99.7;10747904;0
66.5;12828672;0
86.0;10813440;0
71.7;12972032;0
83.1;10952704;0
84.0;13037568;0
85.2;11046912;0
86.0;13209600;0
99.7;11186176;0
84.0;13271040;0
83.1;11251712;0
86.0;13352960;0
66.5;11333632;0
99.7;13266944;0
66.5;11243520;0
100.3;13332480;0
71.7;13324288;0
99.7;13328384;0
50.4;14254080;0
99.4;14254080;0
86.0;13459456;173
99.7;13459456;0
50.4;13598720;0
99.4;13627392;0
57.3;14331904;0
99.7;14331904;0
49.9;13680640;0
99.7;13680640;0
57.3;13672448;0
100.3;13729792;0
172.0;40955904;0
156.2;72736768;0
199.5;101715968;0
149.6;125124608;0
201.6;143548416;0
142.0;170266624;0
200.7;192786432;0
200.7;200871936;338
299.2;200871936;650
199.5;200871936;444
199.5;200871936;0
129.0;200962048;0
184.7;198942720;0
134.4;200966144;0
182.8;198942720;0
143.3;200962048;0
182.8;198942720;0
151.2;201453568;0
166.2;199434240;0
166.2;201453568;0
157.7;199434240;0
166.2;201457664;0
149.6;199434240;0
182.8;201457664;0
134.4;199434240;0
184.7;201457664;0
129.0;199434240;0
199.5;201457664;0
116.4;199434240;0
199.5;201465856;0
99.7;201261056;0
200.7;201465856;0
113.6;201465856;0
201.6;199442432;0
116.4;201461760;0
199.5;199442432;0
127.8;201461760;0
172.0;199442432;0
99.7;199442432;0
266.0;226861056;0
201.6;264163328;0
284.1;294924288;0
301.0;320077824;0
401.4;342679552;0
232.7;369889280;0
249.3;382398464;0
243.7;385650688;0
298.3;385650688;0
344.0;387731456;0
302.4;385712128;0
362.5;387731456;0
332.4;385708032;0
349.1;385712128;0
298.3;389742592;0
329.7;383688704;0
215.0;385708032;0
298.3;385708032;0
329.7;387731456;0
329.7;385712128;0
358.4;387784704;0
266.0;383737856;0
282.6;385761280;0
299.2;385761280;0
358.4;385761280;0
301.0;385761280;0
397.7;385761280;0
325.0;387784704;0
372.7;383737856;0
232.7;385757184;0
227.3;383737856;0
249.3;385757184;0
216.1;383737856;0
268.8;385757184;0
299.2;385757184;0
365.7;385761280;0
218.4;383737856;0
243.7;389169152;0
397.7;426106880;0
372.7;456499200;0
398.9;477184000;0
397.7;502677504;0
400.0;524165120;0
401.4;549105664;0
315.4;572112896;0
358.4;570433536;0
400.0;569532416;0
344.0;569532416;0
398.9;571674624;0
397.7;569655296;0
358.4;569651200;0
401.4;571678720;0
387.5;571678720;0
401.4;571682816;0
332.4;567635968;0
383.5;569659392;0
358.4;569659392;0
401.4;569659392;0
397.7;569659392;0
401.4;569659392;0
387.5;569659392;0
369.6;567635968;0
387.0;569659392;0
397.7;569659392;0
401.4;569659392;0
401.4;573681664;0
398.9;569655296;0
401.4;571674624;0
349.1;567635968;0
326.7;569655296;0
398.9;569655296;0
400.0;569659392;0
319.2;567635968;0
312.5;577347584;0
400.0;619556864;0
387.5;646414336;0
382.3;662609920;0
401.4;688529408;0
387.5;706019328;0
401.4;728244224;0
400.0;754798592;0
358.4;755519488;0
400.0;755519488;0
383.5;755593216;0
387.5;757624832;0
400.0;755617792;0
358.4;757624832;0
387.0;759615488;0
400.0;757620736;0
344.0;757628928;0
397.7;757624832;0
387.5;757633024;0
387.0;759627776;0
397.7;759619584;0
387.5;757673984;0
401.4;757673984;0
350.0;761688064;0
375.0;759664640;0
372.7;759685120;0
387.5;759681024;0
400.0;761700352;0
400.0;757690368;0
397.7;757690368;0
397.7;757686272;0
400.0;755671040;0
398.9;757694464;0
362.5;769064960;0
390.6;759369728;0
375.0;783294464;0
387.5;819863552;0
401.8;835207168;0
387.5;853057536;0
387.5;872812544;0
400.0;896925696;0
400.0;915238912;0
401.8;935956480;0
400.0;940298240;0
397.7;945393664;0
400.0;943370240;0
387.5;941379584;0
375.0;943374336;0
400.0;943374336;0
400.0;943374336;0
400.0;943374336;0
400.0;945389568;0
400.0;945913856;0
401.8;945917952;0
398.9;945917952;0
401.4;943898624;0
401.4;943894528;0
387.9;945913856;0
400.0;943894528;0
390.6;945913856;0
387.9;943898624;0
400.0;945922048;0
387.5;945922048;0
400.0;943894528;0
362.5;945917952;0
400.0;945917952;0
390.6;945917952;0
383.5;941875200;0
397.7;943284224;0
387.9;955297792;0
387.9;975187968;0
400.6;1005936640;0
360.6;1025789952;0
398.9;1044230144;0
387.9;1059418112;0
398.9;1078673408;0
400.0;1094025216;0
400.0;1115373568;0
400.0;1129611264;0
401.4;1126526976;0
400.6;1129635840;0
387.9;1129639936;0
400.0;1127616512;0
398.1;1129631744;0
390.6;1129668608;0
400.0;1127649280;0
398.9;1129672704;0
400.0;1129672704;0
300.0;1127649280;0
362.5;1127649280;0
376.8;1127649280;0
400.0;1127645184;0
398.9;1129672704;0
301.3;1129672704;0
398.9;1129672704;0
325.0;1127649280;0
376.8;1129668608;0
365.7;1129684992;0
343.5;1129693184;0
375.0;1127690240;0
401.8;1125826560;0
379.5;1129713664;0
387.9;1127694336;0
379.5;1139089408;0
376.8;1145229312;0
400.6;1170632704;0
350.6;1188085760;0
350.0;1210241024;0
390.6;1234591744;0
368.3;1245114368;0
380.6;1264058368;0
400.0;1283076096;0
360.6;1298206720;0
401.8;1312661504;0
376.8;1312849920;0
375.0;1310826496;0
387.9;1314095104;0
401.8;1314095104;0
400.6;1312075776;0
400.0;1312092160;0
363.4;1314148352;0
362.5;1312124928;0
387.9;1314144256;0
387.9;1312120832;0
368.3;1312120832;0
387.9;1312120832;0
387.5;1312124928;0
400.0;1314148352;0
390.6;1312124928;0
398.9;1312124928;0
337.5;1312124928;0
398.9;1314152448;0
401.8;1314152448;0
401.8;1314152448;0
400.0;1312133120;0
400.0;1312129024;0
400.0;1310109696;0
398.9;1314152448;0
379.5;1314160640;0
401.8;1314160640;0
398.9;1312141312;0
398.9;1314160640;0
376.8;1314160640;0
398.9;1314160640;0
390.6;1310117888;0
387.9;1321517056;0
398.9;1321541632;0
392.9;1346433024;0
363.4;1365909504;0
398.1;1386778624;0
