0.0;10514432;0
0.0;10514432;0
0.0;10514432;0
0.0;10514432;0
50.4;12718080;0
99.4;12750848;0
157.7;15089664;0
116.4;13086720;0
116.4;13156352;0
99.4;13156352;0
67.2;13164544;0
99.7;13205504;0
83.1;13340672;0
100.3;13340672;0
116.4;13299712;0
99.7;13299712;0
83.1;13381632;0
100.3;11362304;0
85.2;13524992;0
100.8;11501568;0
99.7;13533184;0
99.7;13533184;0
142.0;13541376;0
114.7;15646720;0
143.3;13627392;0
99.7;13545472;0
100.8;13672448;0
99.4;13901824;173
100.3;13901824;0
116.4;15966208;0
100.8;13676544;0
71.0;13848576;0
100.3;13848576;0
66.5;13811712;0
99.7;13811712;0
133.0;13721600;0
99.7;13721600;0
28.7;12877824;0
198.9;48140288;0
201.6;80744448;0
266.0;104370176;0
216.1;131452928;0
241.5;150114304;0
229.4;177905664;0
299.2;200658944;0
326.7;201818112;520
387.0;199794688;527
315.8;199815168;385
199.5;199815168;0
216.1;199819264;0
199.5;199819264;0
184.8;199819264;0
199.5;199819264;0
243.7;199819264;0
200.7;199819264;0
282.6;201846784;0
216.1;199823360;0
282.6;199819264;0
200.7;199819264;0
312.5;201842688;0
229.4;201826304;0
299.2;199819264;0
227.3;201842688;0
301.0;201842688;0
232.7;202366976;0
302.4;200343552;0
216.1;202366976;0
272.4;200343552;0
258.0;202375168;0
249.3;200351744;0
266.0;202375168;0
282.6;200359936;0
215.0;200355840;0
198.9;200355840;0
170.5;200359936;0
200.7;200359936;0
200.7;207540224;0
284.1;246489088;0
344.0;276582400;0
298.3;296083456;0
358.4;317153280;0
365.7;332513280;0
383.5;356212736;0
401.4;374247424;0
301.0;384647168;0
315.8;385814528;0
398.9;385814528;0
387.0;387878912;0
349.1;385875968;0
329.7;385900544;0
386.4;385900544;0
382.3;385884160;0
315.8;383877120;0
372.7;385900544;0
398.9;385900544;0
315.8;385884160;0
299.2;383877120;0
398.9;385900544;0
387.0;385900544;0
365.7;383877120;0
332.4;385896448;0
369.6;383873024;0
350.0;385921024;0
344.0;383901696;0
355.1;385921024;0
299.2;383897600;0
375.0;383897600;0
299.2;383897600;0
386.4;383901696;0
299.2;385748992;0
349.1;383897600;0
312.5;385921024;0
336.0;383901696;0
298.3;383901696;0
326.7;399339520;0
400.0;442904576;0
383.5;467091456;0
387.0;496222208;0
326.7;502243328;0
387.0;531701760;0
387.5;549183488;0
387.0;568213504;0
387.0;569286656;0
383.5;570437632;0
387.0;569520128;0
400.0;570540032;0
387.9;572547072;0
401.4;568512512;0
362.5;571060224;0
387.5;573067264;0
400.0;569040896;0
387.0;571060224;0
401.4;571060224;0
401.4;571076608;0
401.4;573095936;0
400.0;571092992;0
397.7;573100032;0
401.4;569073664;0
365.7;571097088;0
325.0;573104128;0
400.0;571080704;0
325.0;571088896;0
400.0;571088896;0
355.1;573128704;0
401.4;572928000;0
287.5;571121664;0
383.5;573128704;0
401.4;573128704;0
315.4;573128704;0
358.4;582512640;0
362.5;604954624;0
387.5;633233408;0
369.3;657584128;0
358.4;681517056;0
372.7;696360960;0
400.0;726704128;0
383.5;742518784;0
387.9;757092352;0
387.0;757092352;0
387.5;757092352;0
401.4;757161984;0
375.0;758210560;0
398.9;758206464;0
383.5;760229888;0
400.0;760229888;0
387.5;760229888;0
400.0;760229888;0
401.4;760233984;0
400.0;760233984;0
375.0;760233984;0
400.0;760233984;0
387.5;760225792;0
358.4;760233984;0
400.0;760233984;0
401.4;760233984;0
397.7;758206464;0
397.7;760229888;0
387.5;760229888;0
400.0;760233984;0
397.7;758210560;0
390.6;760258560;0
355.1;758235136;0
400.0;760254464;0
400.0;760250368;0
400.0;760250368;0
400.0;758231040;0
387.0;758243328;0
400.0;758243328;0
355.1;758243328;0
397.7;765595648;0
397.7;765595648;0
387.5;766205952;0
368.3;800411648;0
400.0;817958912;0
400.0;832983040;0
400.0;860000256;0
400.0;879882240;0
401.4;899600384;0
401.4;925790208;0
400.0;948400128;0
400.0;943779840;0
400.0;943779840;0
400.0;941158400;0
400.0;944906240;0
400.0;944906240;0
400.0;944906240;0
400.0;944902144;0
400.0;944918528;0
398.9;944918528;0
400.0;942895104;0
400.0;942911488;0
387.5;942911488;0
401.4;942903296;0
350.0;941318144;0
387.0;944930816;0
400.0;944930816;0
387.0;942907392;0
390.6;944934912;0
375.0;944934912;0
354.6;944934912;0
400.0;942907392;0
337.5;944939008;0
387.5;944939008;0
387.5;944939008;0
398.9;944939008;0
375.0;942915584;0
398.9;944943104;0
401.8;944943104;0
376.8;944943104;0
387.9;942919680;0
368.3;941547520;0
398.9;952295424;0
400.0;952295424;0
400.0;952295424;0
372.7;952287232;0
372.7;960708608;0
400.0;988655616;0
379.5;1014579200;0
398.9;1033945088;0
400.0;1051316224;0
401.4;1066479616;0
390.6;1091158016;0
400.0;1106980864;0
346.0;1122553856;0
387.9;1123414016;0
387.5;1128497152;0
387.5;1128513536;0
398.1;1128513536;0
387.5;1124474880;0
400.0;1128497152;0
401.8;1128505344;0
400.0;1128505344;0
400.0;1128501248;0
401.8;1126477824;0
398.9;1128501248;0
398.9;1126481920;0
401.8;1128501248;0
398.9;1126481920;0
390.6;1128501248;0
400.0;1128501248;0
400.0;1128501248;0
387.9;1126481920;0
400.0;1128501248;0
398.9;1128509440;0
398.9;1128509440;0
398.9;1128509440;0
387.5;1126481920;0
387.9;1126481920;0
400.0;1126481920;0
400.0;1126481920;0
400.0;1128501248;0
401.8;1128501248;0
354.6;1128501248;0
390.6;1128505344;0
387.5;1133842432;0
387.5;1133842432;0
400.0;1133842432;0
400.0;1133236224;0
398.9;1143808000;0
400.6;1168261120;0
400.6;1188372480;0
350.6;1202573312;0
360.6;1223110656;0
400.0;1238540288;0
379.5;1246846976;0
360.6;1261285376;0
401.8;1276006400;0
345.2;1288294400;0
358.3;1303994368;0
380.6;1311551488;0
400.0;1311543296;0
379.5;1312600064;0
387.5;1312591872;0
383.8;1312641024;0
399.7;1310617600;0
354.6;1312641024;0
370.6;1312645120;0
400.6;1312645120;0
340.5;1312641024;0
400.6;1312641024;0
