0.0;10518528;0
0.0;10518528;0
0.0;10518528;0
0.0;10518528;0
42.6;12648448;0
99.7;12677120;0
66.5;12730368;0
100.8;12763136;0
71.0;12910592;0
100.8;12910592;0
49.9;12967936;0
99.7;12967936;0
56.8;13037568;0
100.8;13053952;0
66.5;13189120;0
100.3;11198464;0
71.7;13287424;0
99.7;11264000;0
116.4;13287424;0
86.0;11264000;0
83.1;13348864;0
83.1;11329536;0
86.0;13418496;0
71.0;11395072;0
99.7;13479936;0
66.5;12247040;0
100.8;13484032;0
85.2;14213120;173
100.8;13611008;0
66.5;13578240;0
99.7;13578240;0
71.0;13672448;0
100.3;13672448;0
66.5;13664256;0
99.7;13664256;0
50.4;13680640;0
99.4;13680640;0
14.3;11390976;0
166.2;43307008;0
201.6;75755520;0
284.1;97284096;0
172.0;115290112;0
172.0;134930432;0
99.7;165171200;0
199.5;187858944;0
249.3;201687040;188
319.2;199663616;526
249.3;200216576;693
200.7;200179712;25
157.7;200294400;0
199.5;200294400;0
133.0;200302592;0
157.7;198283264;0
133.0;200302592;0
199.5;200302592;0
151.2;200302592;0
198.9;200302592;0
216.1;200335360;0
199.5;200335360;0
218.4;200343552;0
184.7;198320128;0
172.0;200339456;0
116.4;198320128;0
182.8;200339456;0
166.2;198320128;0
200.7;200343552;0
200.7;200343552;0
216.1;198320128;0
100.8;198320128;0
199.5;200343552;0
172.0;202350592;0
198.9;200343552;0
143.3;200339456;0
199.5;198320128;0
116.4;200343552;0
168.0;198320128;0
99.4;198320128;0
243.7;227090432;0
213.1;261566464;0
285.6;293265408;0
216.1;313036800;0
299.2;337989632;0
285.6;358895616;0
299.2;382877696;0
301.0;388063232;0
340.9;384036864;0
268.8;384626688;0
282.6;382603264;0
216.1;384622592;0
301.0;384622592;0
312.5;384630784;0
301.0;384630784;0
249.3;384630784;0
252.0;382611456;0
249.3;384630784;0
232.7;382611456;0
268.8;384663552;0
227.3;382644224;0
272.4;384667648;0
282.6;382644224;0
285.6;384663552;0
299.2;384663552;0
315.8;384667648;0
302.4;384667648;0
340.9;384671744;0
301.0;387485696;0
340.9;384671744;0
201.6;384671744;0
299.2;384671744;0
232.7;384700416;0
302.4;384700416;0
232.7;384700416;0
301.0;384700416;0
241.5;384696320;0
286.7;382676992;0
200.7;382676992;0
355.1;413777920;0
401.4;444907520;0
387.0;471138304;0
369.3;500830208;0
398.9;517697536;0
387.0;549326848;0
383.5;568840192;0
387.0;570167296;0
400.0;570167296;0
401.4;570224640;0
403.2;570220544;0
398.9;568221696;0
400.0;570241024;0
397.7;568217600;0
401.4;570236928;0
387.0;568217600;0
369.3;568217600;0
383.5;568217600;0
401.4;568238080;0
387.5;570261504;0
397.7;568238080;0
369.3;568233984;0
400.0;568233984;0
397.7;568238080;0
336.0;570236928;0
401.4;568233984;0
397.7;568233984;0
401.4;568233984;0
401.4;568238080;0
387.0;566214656;0
369.3;568238080;0
372.7;566214656;0
369.3;568238080;0
344.0;566214656;0
387.0;568238080;0
340.9;566214656;0
332.4;579641344;0
401.4;611028992;0
387.5;642105344;0
400.0;659152896;0
403.2;679170048;0
398.9;688766976;0
387.5;722571264;0
387.5;740343808;0
400.0;753283072;0
401.4;754470912;0
372.7;754524160;0
401.4;754540544;0
383.5;754528256;0
400.0;752517120;0
387.5;754536448;0
387.5;756543488;0
401.4;756547584;0
387.0;754528256;0
401.4;752521216;0
383.5;754544640;0
383.5;756551680;0
397.7;752521216;0
390.6;754544640;0
387.9;756617216;0
387.5;756613120;0
358.4;754606080;0
401.4;754606080;0
387.0;754593792;0
387.0;756609024;0
400.0;754601984;0
387.5;756609024;0
387.5;758603776;0
397.7;754606080;0
278.7;754606080;0
262.5;767983616;0
387.5;763940864;0
369.3;767987712;0
379.5;787349504;0
375.0;812036096;0
400.0;835563520;0
375.0;852799488;0
350.0;869064704;0
400.0;893100032;0
362.5;914190336;0
400.0;936726528;0
400.0;943009792;0
400.0;943009792;0
365.7;940986368;0
376.8;945029120;0
398.9;945029120;0
401.8;945037312;0
400.0;945033216;0
400.0;945033216;0
400.0;943013888;0
401.8;945037312;0
401.4;945041408;0
376.8;945041408;0
387.5;945045504;0
400.0;945037312;0
387.5;945045504;0
325.0;943022080;0
400.0;945041408;0
332.4;945041408;0
362.5;945041408;0
344.0;940998656;0
365.7;945045504;0
375.0;945045504;0
398.9;945041408;0
387.5;943022080;0
387.5;945049600;0
401.4;943030272;0
387.9;954421248;0
398.9;962265088;0
350.0;988569600;0
400.6;1017872384;0
372.7;1029017600;0
387.5;1052094464;0
357.1;1061556224;0
387.9;1076137984;0
379.5;1093300224;0
376.8;1111793664;0
400.0;1127550976;0
379.5;1128566784;0
387.5;1126547456;0
299.2;1126547456;0
400.0;1126547456;0
400.0;1128611840;0
379.5;1128611840;0
401.4;1128603648;0
400.0;1126584320;0
400.0;1128607744;0
398.9;1128607744;0
400.0;1126588416;0
368.3;1128620032;0
387.9;1128628224;0
376.8;1128628224;0
387.9;1126608896;0
379.5;1125396480;0
378.2;1128628224;0
380.6;1128644608;0
400.0;1124622336;0
400.0;1128665088;0
398.9;1128665088;0
398.9;1128665088;0
397.7;1128660992;0
400.0;1128673280;0
401.8;1128673280;0
398.9;1124663296;0
400.0;1128706048;0
400.0;1136062464;0
400.0;1134039040;0
379.5;1136058368;0
387.9;1153409024;0
398.9;1175519232;0
401.8;1196740608;0
365.7;1212018688;0
390.6;1231683584;0
362.5;1244381184;0
387.9;1261723648;0
400.6;1277509632;0
400.6;1302261760;0
372.5;1313112064;0
370.6;1313140736;0
400.0;1313140736;0
401.8;1311117312;0
387.5;1311113216;0
387.9;1313140736;0
387.9;1313144832;0
398.9;1313144832;0
400.0;1311121408;0
401.8;1313169408;0
398.9;1313169408;0
365.7;1313169408;0
401.8;1311145984;0
376.8;1311141888;0
401.8;1311141888;0
398.9;1311141888;0
401.8;1311141888;0
398.9;1313165312;0
401.8;1313185792;0
398.9;1311166464;0
401.8;1311166464;0
400.0;1311162368;0
401.8;1313189888;0
398.9;1313189888;0
387.9;1313189888;0
390.6;1311166464;0
343.5;1311166464;0
