0.0;10510336;0
0.0;10510336;0
0.0;10510336;0
0.0;10510336;0
86.0;12644352;0
99.7;12709888;0
84.0;12759040;0
85.2;10772480;0
86.0;12828672;0
83.1;10829824;0
86.0;12992512;0
71.0;10969088;0
100.8;13070336;0
66.5;11030528;0
100.3;13275136;0
66.5;12316672;0
99.7;13299712;0
66.5;13361152;0
100.3;13361152;0
66.5;13230080;0
100.3;13295616;0
71.7;13426688;0
99.7;13426688;0
49.9;13496320;0
99.7;13496320;0
71.7;13623296;0
99.4;13623296;0
84.0;13484032;173
99.7;13484032;0
49.9;13578240;0
99.4;13635584;0
67.2;13688832;0
99.7;13688832;0
66.5;13709312;0
100.3;13709312;0
66.5;13721600;0
99.7;11759616;0
16.6;14266368;0
201.6;50397184;0
142.0;84283392;0
186.4;105238528;0
116.4;131067904;0
199.5;149737472;0
116.4;178925568;0
200.7;201228288;0
199.5;199819264;604
282.6;197799936;644
151.2;200392704;184
170.5;198373376;0
143.3;200392704;0
166.2;198373376;0
151.2;200396800;0
156.2;198373376;0
157.7;200392704;0
149.6;198373376;0
166.2;200396800;0
133.0;198373376;0
172.0;200392704;0
133.0;198373376;0
166.2;200437760;0
117.6;198414336;0
182.8;200433664;0
114.7;198414336;0
184.7;200433664;0
117.6;198414336;0
199.5;200441856;0
99.7;199503872;0
201.6;198418432;0
127.8;200441856;0
186.4;198418432;0
116.4;200437760;0
184.8;198418432;0
133.0;200441856;0
172.0;198418432;0
143.3;200441856;0
156.2;198418432;0
99.7;198418432;0
282.6;227893248;0
235.2;259809280;0
299.2;286556160;0
232.7;312819712;0
302.4;334966784;0
312.5;365563904;0
383.5;383954944;0
286.7;384110592;0
299.2;384110592;0
358.4;386195456;0
315.8;382156800;0
266.0;384180224;0
302.4;384180224;0
369.3;384180224;0
299.2;384180224;0
383.5;386199552;0
315.4;382160896;0
301.0;384184320;0
298.3;385732608;0
372.7;384180224;0
315.4;386199552;0
382.3;386215936;0
340.9;386215936;0
365.7;384196608;0
365.7;384196608;0
299.2;384196608;0
369.6;384208896;0
269.9;382185472;0
286.7;384208896;0
249.3;382185472;0
299.2;384208896;0
282.6;383881216;0
299.2;384208896;0
235.2;384208896;0
299.2;384208896;0
329.7;386228224;0
315.4;384204800;0
216.1;382185472;0
301.0;397012992;0
369.3;433676288;0
387.0;458096640;0
400.0;477462528;0
401.4;499433472;0
397.7;531226624;0
387.0;553078784;0
401.4;569667584;0
398.9;567648256;0
349.1;568246272;0
382.3;568246272;0
397.7;568254464;0
319.2;566231040;0
382.3;566251520;0
299.2;566251520;0
401.4;568295424;0
365.7;567930880;0
398.9;568291328;0
387.5;570314752;0
382.3;568295424;0
358.4;568295424;0
340.9;566272000;0
372.7;568295424;0
315.4;566272000;0
401.4;568299520;0
387.0;570318848;0
365.7;566276096;0
355.1;568299520;0
299.2;566276096;0
386.4;566276096;0
299.2;566276096;0
372.7;566276096;0
315.4;568295424;0
383.5;566276096;0
329.7;568295424;0
369.6;566276096;0
301.0;566276096;0
355.1;582582272;0
400.0;617725952;0
400.0;645472256;0
387.0;672403456;0
400.0;689385472;0
387.0;715808768;0
400.0;737931264;0
387.5;751374336;0
372.7;756563968;0
400.0;754565120;0
401.4;752537600;0
400.0;752537600;0
400.0;752594944;0
387.5;752590848;0
400.0;750571520;0
387.5;752590848;0
362.5;756621312;0
400.0;754614272;0
387.5;754614272;0
340.9;754626560;0
326.7;752627712;0
387.5;754651136;0
340.9;752627712;0
383.5;754651136;0
350.0;755646464;0
375.0;756654080;0
375.0;754647040;0
387.5;756649984;0
401.4;752631808;0
358.4;754655232;0
387.5;756662272;0
398.9;754634752;0
362.5;752627712;0
387.5;758841344;0
375.0;798343168;0
400.0;815575040;0
332.4;840847360;0
375.0;857657344;0
401.4;871399424;0
362.5;886530048;0
344.0;905314304;0
401.4;925450240;0
387.0;943554560;0
401.4;939327488;0
350.0;942444544;0
400.0;944467968;0
400.0;940453888;0
387.9;942551040;0
400.0;942583808;0
400.0;942583808;0
401.4;942583808;0
387.5;942583808;0
400.0;942583808;0
400.0;942166016;0
387.5;944607232;0
387.9;942587904;0
400.0;944607232;0
375.0;944607232;0
387.5;944607232;0
400.0;942583808;0
387.5;944607232;0
354.6;944607232;0
337.5;942583808;0
350.0;942583808;0
358.4;940564480;0
387.5;944611328;0
354.6;944611328;0
400.0;944603136;0
387.9;953982976;0
400.0;959356928;0
387.9;981671936;0
387.9;1002479616;0
387.5;1027858432;0
387.5;1047760896;0
365.7;1059340288;0
398.9;1074851840;0
387.5;1092485120;0
400.0;1111052288;0
375.0;1125322752;0
400.0;1123405824;0
400.0;1128505344;0
401.8;1128525824;0
368.2;1128525824;0
379.5;1128529920;0
387.9;1128534016;0
390.6;1128583168;0
387.5;1128583168;0
400.0;1128579072;0
400.0;1128587264;0
398.9;1128587264;0
400.0;1126563840;0
346.0;1126576128;0
310.3;1128579072;0
398.9;1128583168;0
350.0;1126563840;0
365.7;1128587264;0
390.6;1128591360;0
368.3;1128546304;0
362.5;1126555648;0
401.8;1128579072;0
387.5;1128583168;0
400.0;1126559744;0
387.5;1126559744;0
362.5;1126555648;0
375.0;1128574976;0
343.5;1128583168;0
387.5;1128583168;0
400.0;1124544512;0
375.0;1135943680;0
398.9;1130389504;0
400.0;1158422528;0
400.6;1186570240;0
398.1;1212112896;0
390.6;1223798784;0
390.6;1244246016;0
398.9;1260720128;0
376.8;1275822080;0
400.0;1295589376;0
398.9;1312837632;0
400.0;1311780864;0
360.6;1309761536;0
378.2;1311784960;0
387.9;1310863360;0
387.9;1312923648;0
390.6;1312935936;0
398.9;1310912512;0
401.8;1310912512;0
400.0;1310912512;0
400.0;1310908416;0
368.2;1312931840;0
390.6;1312931840;0
401.8;1312931840;0
400.6;1312931840;0
400.0;1308893184;0
398.9;1312931840;0
401.8;1312944128;0
357.1;1312944128;0
400.0;1310920704;0
398.9;1312940032;0
398.9;1312931840;0
390.6;1312935936;0
398.9;1310916608;0
401.8;1312550912;0
387.9;1310916608;0
400.0;1310912512;0
400.0;1310924800;0
328.4;1310924800;0
323.7;1310924800;0
