8.3;34.1;20.7;1.8;2.0;900.0
8.3;97.5;111.3;9.5;4.0;909.0
7.2;133.9;133.7;8.5;2.0;909.0
7.1;167.0;121.5;7.2;4.0;900.0
8.4;194.4;108.8;6.3;2.0;908.0
5.2;213.2;114.8;4.1;1.0;908.0
8.4;229.7;36.1;1.3;2.0;903.0
8.4;528.5;61.1;33.4;7.0;1078.0
8.4;944.8;0.6;0.0;90.0;7859.0
0.0;984.4;17.0;33.3;1.0;7859.0
0.0;984.4;44.9;0.1;1.0;7866.0
0.0;984.4;44.8;0.0;1.0;7871.0
0.0;984.4;44.8;0.0;5.0;7879.0
0.0;984.4;44.8;0.0;0.0;7885.0
0.0;984.4;44.8;0.0;1.0;7885.0
7.1;985.8;35.5;0.0;0.0;7925.0
8.4;1364.0;0.2;0.0;6.0;8042.0
7.1;1518.6;99.5;1.6;54.0;8047.0
10.4;1518.6;197.4;2.8;61.0;8047.0
10.8;1518.6;238.6;2.8;60.0;8047.0
8.3;1518.6;215.3;2.4;52.0;8047.0
9.6;1518.6;250.0;2.8;61.0;8047.0
9.5;1518.7;241.3;2.6;61.0;8047.0
9.4;1518.7;237.2;2.6;63.0;8045.0
8.4;1518.7;232.8;2.6;61.0;8045.0
10.8;1518.7;222.0;2.3;64.0;8045.0
8.4;1518.7;234.2;2.5;60.0;8045.0
7.3;1518.7;242.8;2.9;62.0;8040.0
7.2;1518.7;245.5;2.8;59.0;8040.0
7.1;1518.7;221.0;2.4;41.0;8040.0
8.4;1518.7;246.3;2.7;62.0;8035.0
6.0;1518.8;226.6;2.6;62.0;8042.0
9.4;1518.8;235.0;2.7;63.0;8042.0
3.6;1518.8;210.7;2.2;37.0;8040.0
8.3;1518.8;249.8;2.8;59.0;8043.0
8.4;1518.8;237.9;2.5;60.0;8044.0
10.4;1518.8;244.9;2.7;62.0;8044.0
7.1;1518.8;210.6;2.4;39.0;8035.0
8.4;1518.8;233.4;2.6;63.0;8031.0
8.3;1518.8;224.1;2.5;64.0;8034.0
10.7;1518.8;225.2;2.5;63.0;8054.0
9.4;1518.8;195.7;2.2;61.0;8054.0
9.6;1518.8;239.4;2.7;60.0;8058.0
8.4;1518.8;248.1;2.7;61.0;8044.0
9.6;1518.8;198.0;2.2;57.0;8044.0
8.3;1518.8;237.2;2.6;62.0;8044.0
8.3;1518.8;231.7;2.5;28.0;8045.0
10.8;1518.8;200.7;2.2;59.0;8046.0
8.3;1518.8;235.2;2.5;60.0;8047.0
8.3;1518.8;232.7;2.4;58.0;8047.0
6.9;1518.8;205.6;2.1;59.0;8044.0
10.7;1518.8;234.8;2.6;59.0;8046.0
4.8;1518.8;193.5;2.1;36.0;8048.0
7.1;1518.8;236.8;2.6;58.0;8048.0
8.3;1518.8;237.8;2.6;60.0;8027.0
7.2;1518.8;205.2;2.2;59.0;8027.0
8.3;1518.8;242.3;2.6;60.0;8027.0
0.0;1518.8;141.0;1.4;0.0;8027.0
7.3;1542.1;154.6;7.5;57.0;8027.0
7.2;1542.1;210.1;2.4;59.0;8027.0
8.4;1542.1;242.4;2.7;61.0;8027.0
8.4;1542.1;250.2;2.8;61.0;8027.0
10.8;1542.1;251.7;3.0;62.0;8027.0
10.4;1542.1;249.0;2.8;58.0;8027.0
7.2;1542.1;215.9;2.4;50.0;8027.0
7.1;1542.1;247.3;2.7;61.0;8017.0
10.8;1542.1;233.2;2.9;61.0;8017.0
8.3;1542.1;249.3;2.8;60.0;8017.0
8.3;1542.1;247.2;2.8;39.0;8017.0
8.4;1542.1;216.5;2.4;60.0;8017.0
7.1;1542.1;241.0;2.6;62.0;8017.0
8.4;1542.1;235.4;2.6;63.0;8017.0
7.3;1542.1;247.4;2.8;60.0;8017.0
7.1;1542.1;216.1;2.3;61.0;8017.0
7.2;1542.1;244.5;2.7;61.0;8017.0
7.1;1542.1;231.2;2.6;68.0;8013.0
9.6;1542.1;228.5;2.3;58.0;8018.0
7.2;1542.1;197.0;2.2;65.0;8018.0
6.0;1542.1;241.7;2.7;58.0;8018.0
10.8;1542.1;251.4;2.8;62.0;8018.0
10.8;1542.1;217.0;2.3;62.0;8018.0
7.3;1542.1;243.7;2.6;59.0;8018.0
8.3;1542.1;243.6;2.6;59.0;8018.0
7.2;1542.1;232.8;2.5;57.0;8018.0
11.8;1542.1;224.5;2.5;59.0;8018.0
7.3;1542.1;249.3;3.0;60.0;8018.0
10.8;1542.1;245.9;2.8;57.0;8018.0
8.3;1542.1;222.5;2.5;60.0;8018.0
9.6;1542.1;241.4;2.7;59.0;8018.0
7.3;1542.1;218.0;2.4;60.0;8018.0
9.4;1542.1;239.1;2.7;60.0;8018.0
8.4;1542.1;241.8;2.6;60.0;8018.0
2.4;1542.1;185.6;1.9;9.0;8018.0
9.6;1545.5;127.2;6.4;58.0;8018.0
10.4;1545.5;254.4;3.0;61.0;8018.0
9.6;1545.5;250.2;2.8;62.0;8018.0
6.0;1545.5;241.7;2.7;60.0;8018.0
6.0;1545.5;225.1;2.5;61.0;8018.0
8.3;1545.5;245.6;2.8;60.0;8018.0
10.4;1545.5;245.7;2.7;59.0;8023.0
8.4;1545.5;243.6;2.7;60.0;8023.0
10.7;1545.5;242.3;2.7;64.0;8023.0
8.4;1545.5;217.7;2.4;58.0;8023.0
9.4;1545.5;245.6;2.8;61.0;8023.0
8.3;1545.5;253.8;2.9;60.0;8023.0
9.6;1545.5;247.3;2.8;60.0;8023.0
8.3;1545.5;219.8;2.4;60.0;8023.0
9.4;1545.5;249.7;2.7;62.0;8023.0
7.1;1545.5;241.4;2.7;61.0;8023.0
5.9;1545.5;231.7;2.5;39.0;8023.0
8.4;1545.5;237.7;2.7;61.0;8023.0
7.1;1545.5;251.6;2.8;62.0;8023.0
7.2;1545.5;248.0;2.7;61.0;8023.0
8.4;1545.5;214.8;2.4;48.0;8023.0
7.2;1545.5;247.1;2.8;61.0;8023.0
7.2;1545.5;252.9;3.1;60.0;8023.0
11.9;1545.5;246.0;2.9;62.0;8023.0
13.1;1545.5;214.0;2.5;57.0;8040.0
7.1;1545.5;231.9;2.7;60.0;8036.0
10.8;1545.5;231.8;2.5;60.0;8032.0
8.3;1545.5;198.1;2.3;66.0;8028.0
8.3;1545.5;239.6;2.8;59.0;8028.0
8.4;1545.5;244.6;2.7;60.0;8028.0
8.3;1545.6;210.6;2.2;59.0;8028.0
7.2;1545.6;239.2;2.8;61.0;8030.0
8.3;1545.6;248.4;2.9;58.0;8030.0
8.3;1545.6;223.7;2.6;60.0;8030.0
7.2;1545.6;256.9;3.5;61.0;8030.0
8.3;1545.6;216.8;2.5;54.0;8030.0
9.6;1545.6;229.3;2.6;63.0;8021.0
9.4;1545.6;225.2;2.9;62.0;8025.0
10.8;1545.6;199.3;2.4;62.0;8032.0
9.6;1545.6;218.4;2.6;62.0;8027.0
11.9;1545.6;224.9;2.7;56.0;8032.0
8.3;1545.6;208.2;2.2;58.0;8023.0
5.9;1545.6;224.4;2.5;54.0;8023.0
2.4;1545.6;200.9;2.1;40.0;8028.0
8.3;1545.6;237.2;2.7;54.0;8028.0
10.4;1545.5;243.9;2.8;61.0;8023.0
9.4;1545.5;201.9;2.3;60.0;8018.0
8.3;1545.5;229.7;2.6;62.0;8028.0
7.2;1545.5;215.3;2.2;59.0;8028.0
7.1;1545.5;230.3;2.4;57.0;8023.0
3.1;1545.5;197.0;2.0;35.0;8018.0
6.0;1545.5;222.0;2.4;59.0;8018.0
4.7;1545.5;212.4;2.2;37.0;8018.0
8.4;1545.5;239.4;2.9;57.0;8018.0
4.2;1545.5;218.0;2.6;34.0;8018.0
9.4;1545.5;250.4;3.0;59.0;8018.0
8.4;1545.5;222.2;2.5;59.0;8018.0
7.2;1545.5;218.6;2.5;58.0;8018.0
6.0;1545.5;216.2;2.4;38.0;8018.0
9.6;1545.5;239.4;2.7;59.0;8018.0
2.4;1545.5;213.8;2.2;38.0;8018.0
4.7;1545.5;227.4;2.3;58.0;8018.0
7.2;1545.5;227.1;2.5;50.0;8018.0
9.5;1545.5;198.6;2.1;53.0;8018.0
7.3;1545.5;238.9;2.8;61.0;8018.0
8.4;1545.5;212.8;2.4;53.0;8018.0
4.7;1545.5;211.6;2.5;53.0;8020.0
7.2;1545.5;241.2;3.0;57.0;8020.0
7.3;1545.5;217.5;2.5;34.0;8020.0
8.3;1545.5;235.3;3.0;54.0;8020.0
4.8;1545.5;209.3;2.5;54.0;8020.0
2.4;1545.5;215.8;2.6;32.0;8020.0
7.3;1545.5;242.4;2.9;53.0;8020.0
8.3;1545.5;212.1;2.4;35.0;8020.0
9.6;1545.5;237.1;2.9;54.0;8020.0
8.4;1545.5;209.2;2.4;52.0;8020.0
3.6;1545.5;220.1;2.6;56.0;8020.0
6.2;1545.5;217.6;2.5;56.0;8020.0
5.9;1545.5;226.8;2.4;61.0;8020.0
11.9;1545.5;202.7;2.1;58.0;8020.0
5.9;1545.5;193.5;2.0;59.0;8020.0
4.2;1545.5;219.3;2.2;51.0;8020.0
4.8;1545.5;204.9;2.1;37.0;8020.0
8.3;1545.5;207.8;2.0;52.0;8020.0
4.8;1545.5;196.6;1.8;35.0;8020.0
8.3;1545.5;209.0;2.0;57.0;8020.0
2.1;1545.5;194.1;1.8;32.0;8020.0
10.8;1545.5;220.0;2.1;52.0;8020.0
3.6;1545.5;178.4;1.6;32.0;8020.0
6.0;1545.5;231.1;2.5;56.0;8020.0
9.5;1545.5;200.4;2.2;50.0;8020.0
2.4;1545.5;216.6;2.4;34.0;8020.0
8.4;1545.5;229.7;2.6;54.0;8032.0
9.6;1545.5;195.8;2.1;57.0;8032.0
7.2;1545.5;220.9;2.5;48.0;8032.0
7.3;1545.5;203.2;2.6;46.0;8032.0
7.2;1545.5;207.6;2.4;56.0;8018.0
5.9;1545.5;203.2;2.4;32.0;8018.0
7.2;1545.5;206.8;2.5;52.0;8018.0
7.1;1545.5;206.0;2.4;54.0;8020.0
2.4;1545.5;212.4;2.4;56.0;8020.0
6.0;1545.5;228.0;2.6;54.0;8020.0
5.9;1545.5;206.2;2.2;51.0;8020.0
9.6;1545.5;197.2;2.1;40.0;8020.0
6.2;1545.5;200.9;2.2;63.0;8020.0
5.9;1545.5;182.5;1.9;62.0;8020.0
9.6;1545.5;223.4;2.4;55.0;8020.0
10.7;1545.5;180.8;1.8;59.0;8020.0
8.3;1545.5;190.4;1.9;59.0;8020.0
8.4;1545.5;207.2;2.2;58.0;8020.0
6.0;1545.5;177.9;1.6;57.0;8020.0
8.4;1545.5;220.9;2.2;61.0;8020.0
4.8;1545.5;182.4;1.7;50.0;8020.0
6.2;1545.5;187.3;1.6;53.0;8020.0
5.9;1545.5;201.5;1.9;47.0;8020.0
7.2;1545.5;180.5;1.6;25.0;8020.0
8.3;1545.5;198.4;1.8;52.0;8020.0
2.1;1545.5;170.1;1.4;47.0;8030.0
7.2;1545.5;195.6;1.9;58.0;8030.0
7.1;1545.5;174.4;1.3;56.0;8030.0
3.6;1545.5;183.9;1.6;51.0;8020.0
5.2;1545.5;176.8;1.5;50.0;8020.0
6.2;1545.5;190.0;1.6;39.0;8020.0
10.8;1545.5;174.1;1.4;58.0;8020.0
7.1;1545.5;183.0;1.5;34.0;8016.0
4.8;1545.5;157.4;1.2;50.0;8016.0
6.2;1545.5;195.3;1.7;57.0;8016.0
3.6;1545.5;150.9;1.2;26.0;8016.0
8.4;1545.5;198.8;1.6;56.0;8016.0
8.4;1545.5;162.6;1.2;57.0;8016.0
7.3;1545.5;190.4;1.6;52.0;8016.0
5.2;1545.5;154.4;1.2;25.0;8016.0
4.8;1545.5;178.7;1.4;44.0;8016.0
5.9;1545.5;167.2;1.3;33.0;8016.0
4.8;1545.5;180.3;1.4;44.0;8016.0
13.0;1545.5;165.8;1.4;52.0;8016.0
8.3;1545.5;171.1;1.3;47.0;8016.0
9.6;1545.5;159.6;1.2;47.0;8016.0
4.7;1545.5;163.6;1.2;38.0;8016.0
0.0;1545.5;140.9;0.9;38.0;8016.0
0.0;1545.5;44.8;0.0;0.0;8016.0
0.0;1545.5;44.8;0.0;0.0;8016.0
4.8;1601.8;129.7;19.6;63.0;8016.0
11.8;1601.8;223.0;2.6;59.0;8016.0
8.3;1601.8;251.7;3.0;61.0;8016.0
10.8;1601.8;247.7;2.8;61.0;8016.0
7.2;1601.8;251.8;3.0;62.0;8016.0
8.4;1601.8;249.9;2.8;60.0;8016.0
8.3;1601.8;216.8;2.5;60.0;8016.0
9.6;1601.8;245.6;2.7;62.0;8016.0
5.9;1601.8;242.7;2.8;60.0;8016.0
9.6;1601.8;245.7;2.7;59.0;8016.0
9.5;1601.8;246.0;2.7;63.0;8016.0
8.3;1601.8;218.0;2.4;58.0;8016.0
7.2;1601.8;240.5;2.7;58.0;8016.0
7.1;1601.8;245.4;2.7;60.0;8016.0
8.4;1601.8;250.1;2.8;62.0;8016.0
8.3;1601.8;218.9;2.3;38.0;8016.0
8.3;1601.8;243.1;2.7;62.0;8016.0
8.4;1601.8;243.6;2.5;60.0;8016.0
9.5;1601.8;239.0;2.6;60.0;8016.0
11.9;1601.8;214.2;2.3;37.0;8016.0
9.4;1601.8;239.7;2.6;62.0;8016.0
8.4;1601.8;243.9;2.6;59.0;8016.0
8.4;1601.8;239.8;2.5;61.0;8016.0
9.6;1601.8;221.7;2.4;60.0;8016.0
6.2;1601.8;240.1;2.6;61.0;8016.0
7.1;1601.8;248.4;2.8;60.0;8016.0
7.2;1601.8;210.7;2.3;58.0;8016.0
8.3;1601.8;246.5;2.8;61.0;8016.0
8.3;1601.8;244.9;2.8;48.0;8016.0
9.4;1601.8;206.8;2.2;56.0;8016.0
7.1;1601.8;249.0;2.8;60.0;8016.0
8.4;1601.8;233.5;2.6;59.0;8016.0
9.5;1601.8;221.8;2.4;60.0;8016.0
9.6;1601.8;239.4;2.7;60.0;8016.0
9.6;1601.8;212.1;2.4;56.0;8016.0
8.3;1601.8;244.0;2.8;58.0;8016.0
11.9;1601.8;242.2;2.8;60.0;8034.0
10.7;1601.8;207.3;2.4;60.0;8034.0
7.3;1601.8;239.8;2.6;61.0;8024.0
9.6;1601.8;237.3;2.6;61.0;8024.0
9.6;1601.8;204.3;2.1;62.0;8024.0
8.4;1601.8;232.4;2.5;58.0;8020.0
3.1;1601.8;190.7;1.9;37.0;8016.0
8.4;1601.8;209.1;2.2;61.0;8012.0
10.7;1601.8;242.1;2.9;61.0;8012.0
7.2;1601.8;204.7;2.4;62.0;8012.0
6.2;1601.8;228.1;2.6;58.0;8012.0
7.3;1601.8;209.5;2.2;58.0;8012.0
9.6;1601.8;239.1;2.6;60.0;8012.0
8.3;1601.8;200.2;2.1;54.0;8012.0
8.4;1601.8;245.5;2.9;60.0;8012.0
8.3;1601.8;220.7;2.6;34.0;8012.0
9.5;1601.8;237.6;2.9;58.0;8012.0
8.4;1601.8;212.1;2.4;40.0;8012.0
9.5;1601.8;249.7;3.0;56.0;8012.0
8.3;1601.8;210.4;2.5;58.0;8012.0
8.3;1601.8;247.7;3.0;58.0;8012.0
9.6;1601.8;211.7;2.5;59.0;8012.0
11.9;1601.8;232.5;2.6;58.0;8016.0
6.0;1601.8;211.9;2.3;60.0;8016.0
7.3;1601.8;232.4;2.5;59.0;8016.0
8.3;1601.8;200.7;2.1;39.0;8016.0
8.4;1601.8;216.6;2.1;57.0;8016.0
4.7;1601.8;200.7;1.9;56.0;8016.0
9.4;1601.8;232.3;2.4;56.0;8016.0
