8.3;37.2;19.9;1.4;1.0;819.0
7.2;103.7;124.5;10.9;0.0;819.0
7.2;141.6;147.7;7.8;0.0;819.0
7.2;170.3;134.5;7.0;0.0;819.0
7.3;202.8;98.8;7.0;0.0;819.0
8.3;223.6;115.1;3.9;1.0;819.0
8.3;282.1;60.5;33.4;1.0;951.0
8.4;799.3;1.2;0.0;10.0;7774.0
2.1;984.2;0.7;33.3;0.0;7774.0
0.0;984.4;38.8;0.1;0.0;7774.0
0.0;984.4;44.8;0.0;0.0;7774.0
0.0;984.4;44.8;0.0;0.0;7774.0
0.0;984.4;44.8;0.0;0.0;7774.0
0.0;984.4;44.8;0.0;0.0;7774.0
5.9;986.9;37.1;0.0;0.0;7820.0
8.4;1376.5;0.2;0.0;6.0;7941.0
11.8;1517.3;111.6;1.8;59.0;7941.0
7.3;1517.3;205.2;2.9;61.0;7941.0
9.4;1517.3;259.1;3.2;61.0;7941.0
7.2;1517.3;228.7;2.6;64.0;7941.0
8.4;1517.3;254.9;3.1;59.0;7941.0
9.6;1517.4;249.8;2.8;62.0;7941.0
12.5;1517.4;254.4;2.9;63.0;7941.0
13.0;1517.4;249.9;2.9;63.0;7941.0
8.4;1517.4;229.2;2.5;62.0;7941.0
9.5;1517.4;250.8;2.9;61.0;7941.0
10.8;1517.4;252.2;3.0;59.0;7941.0
9.4;1517.4;248.6;2.8;61.0;7941.0
10.7;1517.4;225.3;2.4;55.0;7941.0
8.4;1517.4;252.0;2.8;64.0;7941.0
8.3;1517.4;251.1;2.9;62.0;7941.0
8.4;1517.4;254.0;2.8;62.0;7941.0
9.6;1517.4;226.5;2.5;63.0;7941.0
8.3;1517.4;250.3;2.8;61.0;7941.0
9.6;1517.4;243.0;2.7;61.0;7941.0
8.3;1517.4;249.3;2.9;62.0;7941.0
7.3;1517.4;225.7;2.6;60.0;7941.0
9.6;1517.4;248.0;2.7;59.0;7941.0
13.1;1517.4;243.5;2.6;63.0;7941.0
15.5;1517.4;215.0;2.3;58.0;7941.0
9.4;1517.4;247.2;2.9;60.0;7941.0
8.4;1517.4;250.5;2.8;60.0;7941.0
8.3;1517.4;218.2;2.4;61.0;7941.0
7.2;1517.4;243.6;2.6;58.0;7941.0
8.3;1517.4;242.3;2.6;62.0;7941.0
8.3;1517.4;218.4;2.4;59.0;7941.0
8.4;1517.4;239.0;2.6;62.0;7941.0
4.7;1517.4;222.8;2.5;39.0;7941.0
7.2;1517.4;240.3;2.7;60.0;7941.0
6.2;1517.4;238.5;2.7;57.0;7941.0
8.3;1517.4;205.6;2.2;58.0;7941.0
9.6;1517.4;245.2;2.7;60.0;7941.0
4.7;1517.4;213.1;2.3;39.0;7941.0
8.3;1517.4;235.7;2.6;58.0;7941.0
8.4;1517.4;241.6;2.5;60.0;7941.0
7.2;1517.4;216.9;2.2;56.0;7941.0
7.2;1517.4;243.4;2.8;56.0;7941.0
3.6;1517.4;214.7;2.3;42.0;7941.0
9.4;1517.4;243.7;2.7;57.0;7941.0
3.6;1517.4;216.1;2.3;39.0;7941.0
7.2;1517.5;239.8;2.6;57.0;7941.0
8.3;1517.5;243.9;2.6;60.0;7941.0
8.3;1517.5;212.5;2.3;60.0;7941.0
7.2;1517.5;245.7;2.7;57.0;7941.0
5.9;1517.5;216.3;2.3;58.0;7941.0
8.4;1517.5;242.1;2.7;57.0;7941.0
11.8;1517.5;213.9;2.3;58.0;7941.0
7.3;1517.5;238.1;2.7;41.0;7941.0
6.0;1517.5;212.8;2.3;57.0;7941.0
7.1;1517.5;238.5;2.6;51.0;7941.0
13.1;1517.5;206.4;2.2;55.0;7941.0
8.3;1517.5;237.5;2.6;62.0;7941.0
14.3;1517.5;207.3;2.2;57.0;7941.0
9.6;1517.5;228.7;2.2;57.0;7941.0
6.0;1517.5;211.0;2.2;59.0;7941.0
7.2;1517.5;238.5;2.8;57.0;7941.0
8.3;1517.5;213.4;2.4;57.0;7941.0
8.4;1517.5;238.9;2.7;55.0;7941.0
8.3;1517.6;205.6;2.3;54.0;7941.0
6.0;1517.6;212.4;2.4;53.0;7941.0
13.5;1517.6;245.4;2.8;57.0;7941.0
7.1;1517.6;203.2;2.2;50.0;7941.0
10.8;1517.6;235.6;2.5;56.0;7941.0
0.0;1517.6;45.0;0.0;0.0;7941.0
9.4;1557.2;129.8;11.3;61.0;7941.0
8.3;1557.2;258.5;3.1;62.0;7941.0
8.3;1557.2;224.3;2.5;61.0;7941.0
7.2;1557.2;249.1;2.9;61.0;7941.0
9.5;1557.2;252.2;2.9;62.0;7941.0
9.4;1557.2;246.4;2.7;61.0;7941.0
7.2;1557.2;247.7;2.8;64.0;7941.0
6.0;1557.2;228.5;2.5;63.0;7941.0
7.2;1557.2;250.9;2.8;61.0;7941.0
8.3;1557.2;245.5;2.6;58.0;7941.0
8.3;1557.2;248.5;2.8;53.0;7941.0
10.7;1557.2;220.4;2.4;60.0;7941.0
9.6;1557.2;246.0;2.7;61.0;7941.0
10.7;1557.2;239.8;2.5;61.0;7941.0
6.2;1557.2;235.6;2.5;41.0;7941.0
8.4;1557.2;236.7;2.8;60.0;7941.0
8.3;1557.2;253.1;2.9;62.0;7941.0
13.1;1557.2;250.5;2.8;60.0;7941.0
10.4;1557.2;220.8;2.4;41.0;7941.0
8.4;1557.2;255.0;3.0;62.0;7941.0
8.4;1558.1;162.1;4.3;37.0;7941.0
8.3;1558.1;255.4;3.1;62.0;7941.0
7.2;1558.1;248.4;2.9;60.0;7941.0
12.5;1558.1;290.2;3.4;61.0;7941.0
7.1;1558.1;254.3;3.1;60.0;7941.0
10.8;1558.1;254.7;2.9;62.0;7941.0
7.1;1558.1;246.4;2.9;59.0;7941.0
9.4;1558.1;247.5;2.8;62.0;7941.0
8.4;1558.1;219.4;2.3;61.0;7941.0
7.1;1558.1;246.6;2.7;61.0;7941.0
8.4;1558.1;254.4;2.9;63.0;7941.0
8.3;1558.1;249.5;2.7;48.0;7941.0
10.4;1558.2;221.3;2.4;62.0;7941.0
8.4;1558.2;248.3;2.7;61.0;7941.0
7.1;1558.2;243.0;2.8;57.0;7941.0
9.6;1558.2;244.6;2.8;59.0;7941.0
14.2;1558.2;223.3;2.5;59.0;7941.0
8.4;1558.2;246.0;2.7;61.0;7941.0
10.8;1558.2;242.6;2.7;62.0;7941.0
7.2;1558.2;223.5;2.3;41.0;7941.0
8.4;1558.2;248.7;2.7;61.0;7941.0
7.3;1558.2;243.3;2.7;61.0;7941.0
3.6;1558.2;220.7;2.4;39.0;7941.0
14.2;1558.2;251.4;2.8;63.0;7941.0
9.6;1558.2;247.1;2.7;60.0;7941.0
3.6;1558.2;218.7;2.4;41.0;7941.0
8.3;1558.2;240.8;2.6;60.0;7941.0
8.4;1558.2;232.9;2.5;57.0;7941.0
4.7;1558.2;219.4;2.3;39.0;7941.0
9.4;1558.2;238.8;2.6;62.0;7941.0
7.3;1558.2;245.0;2.9;57.0;7941.0
3.6;1558.2;222.2;2.4;41.0;7941.0
10.8;1558.2;247.4;2.8;59.0;7941.0
8.3;1558.2;242.8;2.8;61.0;7941.0
8.3;1558.2;222.8;2.5;60.0;7941.0
8.4;1558.2;249.3;2.9;61.0;7941.0
6.0;1558.2;220.3;2.4;40.0;7941.0
10.8;1558.2;246.7;2.7;59.0;7941.0
7.3;1558.2;241.6;2.7;48.0;7941.0
8.4;1558.2;224.2;2.5;58.0;7941.0
7.1;1558.2;236.6;2.8;56.0;7941.0
1.2;1569.2;87.9;7.0;0.0;7941.0
7.1;1559.8;214.8;2.6;60.0;7941.0
9.4;1559.8;257.1;3.1;60.0;7941.0
8.4;1559.8;253.3;3.1;60.0;7941.0
7.1;1559.8;254.3;3.1;62.0;7941.0
8.4;1559.8;251.6;3.0;60.0;7941.0
3.1;1559.8;223.3;2.6;39.0;7941.0
8.3;1559.8;250.4;3.0;62.0;7941.0
7.2;1559.8;248.9;2.9;59.0;7941.0
8.3;1559.8;252.9;2.9;60.0;7941.0
8.3;1559.8;245.4;2.7;60.0;7941.0
5.9;1559.8;224.6;2.5;40.0;7941.0
6.0;1559.8;243.1;2.7;62.0;7941.0
8.4;1559.8;241.2;2.6;60.0;7941.0
7.2;1559.8;245.7;2.7;59.0;7941.0
4.2;1559.8;215.5;2.2;45.0;7941.0
10.7;1559.8;247.8;2.8;63.0;7941.0
10.8;1559.8;241.9;2.6;59.0;7941.0
9.5;1559.8;243.5;2.7;61.0;7941.0
8.4;1559.8;220.9;2.5;61.0;7941.0
6.2;1559.8;248.8;2.8;60.0;7941.0
9.5;1559.8;239.5;2.7;57.0;7941.0
3.6;1559.8;220.4;2.4;54.0;7941.0
10.7;1559.8;247.6;2.8;61.0;7941.0
10.4;1559.8;243.4;2.7;60.0;7941.0
8.4;1559.8;244.4;2.7;58.0;7941.0
11.8;1559.8;218.7;2.5;59.0;7941.0
6.0;1559.8;233.1;2.5;62.0;7941.0
10.4;1559.8;238.8;2.5;58.0;7941.0
10.4;1559.8;216.1;2.4;57.0;7941.0
9.6;1559.8;250.1;2.8;60.0;7941.0
9.6;1559.8;245.7;3.0;56.0;7941.0
10.8;1559.8;222.4;2.5;59.0;7941.0
9.4;1559.8;238.1;2.7;61.0;7941.0
4.8;1559.8;212.4;2.4;39.0;7941.0
11.8;1559.8;253.1;3.1;60.0;7941.0
10.8;1559.8;243.9;2.8;59.0;7941.0
7.3;1559.8;213.9;2.4;36.0;7941.0
7.3;1559.8;243.5;2.8;59.0;7941.0
3.6;1559.8;216.2;2.4;58.0;7941.0
7.1;1559.8;247.4;3.0;58.0;7941.0
8.4;1559.8;246.7;2.9;48.0;7941.0
12.5;1559.8;217.8;2.4;59.0;7941.0
9.5;1559.8;235.5;2.6;55.0;7941.0
10.8;1559.8;211.9;2.4;37.0;7941.0
9.5;1559.8;249.6;3.1;60.0;7941.0
8.3;1559.8;229.0;2.7;56.0;7941.0
0.0;1559.8;184.4;2.0;23.0;7941.0
8.4;1564.9;95.3;8.1;63.0;7941.0
6.0;1564.9;260.1;3.2;60.0;7941.0
13.1;1564.9;249.7;2.9;61.0;7941.0
8.3;1564.9;228.8;2.6;38.0;7941.0
7.1;1564.9;250.0;3.0;61.0;7941.0
8.4;1564.9;248.2;2.8;59.0;7941.0
8.3;1564.9;253.7;3.0;61.0;7941.0
8.4;1564.9;246.9;2.7;62.0;7941.0
3.6;1564.9;225.7;2.6;53.0;7941.0
8.3;1564.9;248.7;2.9;61.0;7941.0
9.6;1564.9;248.8;2.8;61.0;7941.0
10.7;1564.9;248.4;2.7;62.0;7941.0
4.2;1564.9;225.7;2.5;38.0;7941.0
10.8;1564.9;240.2;2.7;64.0;7941.0
8.3;1564.8;252.0;2.9;61.0;7941.0
8.4;1564.8;245.2;2.7;59.0;7941.0
6.2;1564.8;214.4;2.3;39.0;7941.0
8.4;1564.8;239.2;2.7;59.0;7941.0
8.4;1564.8;240.2;2.6;62.0;7941.0
7.2;1564.8;222.8;2.4;39.0;7941.0
6.2;1564.8;249.1;2.9;63.0;7941.0
8.3;1564.8;249.5;2.9;61.0;7941.0
6.0;1564.8;228.6;2.4;42.0;7941.0
8.3;1564.8;240.9;2.7;60.0;7941.0
6.0;1564.8;243.5;2.8;61.0;7941.0
5.2;1564.8;222.3;2.5;52.0;7941.0
8.3;1564.8;244.0;2.7;58.0;7941.0
7.2;1564.8;233.2;2.4;59.0;7941.0
8.3;1564.8;206.6;2.0;60.0;7941.0
5.2;1564.8;229.4;2.5;61.0;7941.0
5.2;1564.8;218.1;2.5;63.0;7953.0
9.5;1564.8;218.8;2.4;58.0;7952.0
8.4;1564.8;244.1;2.7;58.0;7952.0
10.7;1564.8;213.8;2.2;52.0;7952.0
8.3;1564.8;232.4;2.5;54.0;7954.0
7.2;1564.8;227.3;2.8;61.0;7954.0
6.0;1564.8;204.0;2.2;60.0;7954.0
8.4;1564.8;244.7;2.8;60.0;7954.0
2.1;1564.8;214.7;2.3;36.0;7954.0
8.3;1564.8;234.9;2.6;58.0;7954.0
7.1;1564.8;230.5;2.5;58.0;7956.0
8.4;1564.8;208.6;2.3;61.0;7956.0
9.5;1564.8;247.2;2.8;55.0;7956.0
11.5;1564.8;210.3;2.3;58.0;7956.0
8.4;1564.8;236.9;2.6;61.0;7956.0
3.6;1564.8;204.7;2.1;36.0;7956.0
6.0;1564.8;225.1;2.3;54.0;7956.0
4.7;1564.8;207.6;2.1;62.0;7940.0
8.3;1564.8;228.7;2.7;56.0;7937.0
7.2;1564.8;238.1;2.8;62.0;7937.0
8.3;1564.8;211.1;2.4;62.0;7938.0
8.4;1564.8;236.2;2.7;59.0;7945.0
8.3;1564.8;211.3;2.4;56.0;7944.0
10.8;1564.8;236.6;2.7;60.0;7937.0
8.4;1564.8;212.3;2.3;56.0;7939.0
8.4;1564.8;223.6;2.5;58.0;7939.0
10.4;1564.8;203.3;2.0;58.0;7939.0
7.3;1564.8;229.3;2.6;58.0;7956.0
6.0;1564.8;184.8;1.7;33.0;7948.0
7.1;1564.8;223.1;2.3;50.0;7944.0
10.8;1564.8;226.3;2.4;60.0;7960.0
7.3;1564.8;179.6;1.8;58.0;7900.0
8.3;1564.8;200.1;2.0;62.0;7900.0
10.8;1564.8;203.0;1.9;59.0;7892.0
10.7;1564.8;197.4;1.7;53.0;7896.0
8.3;1564.8;189.2;1.8;38.0;7896.0
10.8;1564.8;200.8;1.9;51.0;7895.0
7.1;1564.8;206.6;1.9;52.0;7898.0
8.4;1564.8;184.4;1.5;58.0;7898.0
7.3;1564.8;209.5;2.0;61.0;7898.0
7.3;1564.8;178.5;1.3;59.0;7898.0
6.0;1564.8;182.9;1.5;57.0;7905.0
7.2;1564.8;199.2;1.8;52.0;7897.0
10.8;1564.8;177.7;1.9;59.0;7896.0
8.3;1564.8;230.0;2.5;56.0;7896.0
9.6;1564.8;208.3;2.4;56.0;7896.0
7.1;1564.8;235.3;2.6;41.0;7896.0
8.4;1564.8;211.3;2.3;55.0;7896.0
8.3;1564.8;205.0;2.4;60.0;7896.0
6.2;1564.8;231.6;2.8;55.0;7896.0
9.6;1564.8;208.5;2.5;54.0;7896.0
3.6;1564.8;211.6;2.4;36.0;7896.0
8.4;1564.8;234.6;2.7;56.0;7896.0
2.4;1564.8;206.1;2.2;32.0;7896.0
7.1;1564.8;232.1;2.5;62.0;7896.0
8.4;1564.8;213.0;2.2;62.0;7896.0
8.3;1564.8;222.9;2.5;36.0;7896.0
11.9;1564.8;195.9;1.8;53.0;7896.0
3.1;1564.8;192.2;1.9;33.0;7896.0
7.2;1564.8;229.0;2.3;59.0;7896.0
0.0;1564.8;114.6;0.9;0.0;7896.0
1.2;1580.1;45.0;12.5;8.0;7896.0
7.3;1592.1;196.2;2.4;51.0;7896.0
9.5;1592.1;246.6;2.9;61.0;7896.0
8.4;1592.1;256.2;3.2;62.0;7896.0
4.7;1593.1;229.9;3.3;43.0;7896.0
8.4;1593.1;255.8;3.1;61.0;7896.0
5.2;1593.1;249.6;3.0;62.0;7896.0
8.3;1593.1;223.6;2.5;62.0;7896.0
8.4;1593.1;248.6;2.8;61.0;7896.0
9.5;1593.1;250.4;2.8;62.0;7896.0
8.3;1593.1;250.9;2.9;63.0;7896.0
8.4;1593.1;252.9;2.9;61.0;7896.0
8.3;1593.1;219.1;2.4;64.0;7896.0
10.8;1593.1;245.0;2.7;60.0;7896.0
8.3;1593.1;247.7;2.6;61.0;7896.0
11.5;1593.1;241.9;2.6;62.0;7896.0
