129.8;249692160;936
109.8;346423296;957
99.8;354942976;1390
109.8;423886848;1156
109.9;480927744;1201
99.8;484859904;1513
99.8;484859904;1519
99.8;484859904;1529
99.8;484859904;1502
99.8;484859904;1509
109.8;485646336;993
99.8;485646336;0
651.6;493826048;3
711.8;571187200;3
663.9;595828736;4
574.3;598974464;4
588.8;598974464;2
588.8;907124736;2
598.8;990224384;2
259.4;924475392;8
293.5;924868608;1
708.5;924868608;2
690.8;924868608;0
688.7;924868608;0
645.0;924868608;0
509.2;924868608;1
189.3;925261824;7
281.7;925917184;1
708.3;925917184;1
598.7;925917184;0
528.7;925917184;2
525.1;925917184;0
488.8;925917184;0
299.4;926048256;6
139.3;926834688;1
628.8;926834688;1
685.7;1145200640;0
618.7;1464885248;0
626.8;1473142784;2
678.5;1473404928;1
498.7;1482579968;8
109.8;1276973056;2
527.5;941596672;3
538.9;941727744;0
588.7;945922048;2
588.7;945922048;2
638.6;945922048;2
558.5;946053120;5
98.8;942010368;2
479.1;942665728;1
588.8;942665728;0
608.7;942665728;0
598.7;942665728;0
628.7;942665728;0
538.8;942665728;0
199.6;942796800;6
325.8;943583232;1
586.1;943583232;0
518.9;943583232;0
518.8;943583232;2
588.9;943583232;0
598.7;943583232;0
258.9;943714304;7
239.5;944631808;0
648.9;944631808;1
681.6;944631808;0
688.4;944631808;0
715.6;944631808;2
698.5;944631808;0
119.8;945025024;10
409.4;945811456;0
530.3;945811456;2
505.2;949874688;0
665.7;949874688;0
568.8;949874688;0
599.0;949874688;0
209.7;949874688;8
274.7;946499584;0
689.0;946499584;0
456.1;946499584;0
449.0;946499584;2
644.3;946499584;0
593.8;946499584;0
269.5;946761728;7
236.1;947286016;0
635.0;947286016;0
518.9;947286016;0
498.9;947286016;0
488.9;947286016;0
419.1;947286016;0
359.1;947286016;6
99.7;947548160;2
547.2;948072448;1
620.1;948072448;0
608.7;948072448;2
620.6;948072448;0
788.8;948072448;0
359.4;948203520;10
159.7;948989952;1
623.7;948989952;0
618.9;948989952;0
646.5;953184256;2
598.7;953184256;0
539.0;953184256;2
308.7;953446400;7
99.8;953577472;0
525.0;954363904;1
619.1;954363904;0
539.0;954363904;2
658.4;954363904;0
688.3;954363904;0
508.7;954363904;5
109.1;954626048;2
559.2;955019264;0
656.3;955150336;0
691.0;955150336;0
698.4;955150336;2
668.3;955150336;0
327.7;955281408;6
199.7;955805696;1
638.5;955805696;0
638.3;955805696;0
588.7;955805696;0
648.6;955805696;0
588.8;955805696;0
208.1;955936768;9
266.8;956723200;0
628.7;956723200;0
665.6;960917504;2
518.9;960917504;0
478.9;960917504;0
508.7;960917504;2
219.1;961048576;6
303.9;961966080;0
549.1;961966080;0
588.3;961966080;2
588.6;961966080;0
499.0;961966080;0
468.7;961966080;0
217.9;962097152;6
257.1;963014656;0
608.6;963014656;0
638.4;963014656;2
616.0;963014656;2
648.4;963014656;0
608.9;963014656;2
229.1;963145728;6
259.5;963932160;0
680.9;963932160;0
615.1;963932160;2
602.7;963932160;2
429.2;963932160;2
419.2;963932160;2
339.2;964063232;10
139.2;964718592;0
696.3;964718592;0
688.1;964718592;0
668.6;968912896;2
598.4;968912896;2
478.8;968912896;2
339.5;969306112;6
109.8;969306112;0
589.0;969961472;1
596.5;1135898624;2
548.7;1434087424;0
648.7;1436315648;1
458.8;1436315648;0
578.4;1436315648;0
268.9;1444048896;6
261.4;1000775680;0
687.5;1000906752;0
688.0;1001037824;0
710.4;1001037824;0
678.2;1001037824;0
399.0;1001037824;2
229.4;1001299968;6
277.7;1001431040;1
618.3;1001431040;0
638.5;1001431040;0
598.8;1001431040;0
658.6;1001431040;0
588.9;1001431040;0
196.6;1002348544;11
644.0;1002348544;1
685.9;1002348544;0
688.6;1006542848;2
698.6;1006542848;0
638.0;1006542848;0
169.6;1006936064;7
109.8;1002921984;0
592.7;1003446272;0
622.1;1003446272;2
608.7;1003446272;2
598.2;1003446272;2
498.7;1003446272;0
429.1;1003577344;4
99.8;1003577344;4
478.1;1004494848;2
575.1;1004494848;0
495.7;1004494848;0
497.3;1004494848;2
596.4;1004494848;0
568.5;1004494848;0
219.6;1004625920;7
299.1;1005412352;2
618.0;1005412352;0
598.8;1005412352;0
608.8;1005412352;1
678.2;1005412352;2
688.4;1005412352;2
168.9;1005543424;9
327.7;1006329856;1
788.5;1006460928;0
702.6;1010655232;0
725.0;1010655232;0
801.6;1010655232;2
518.7;1010917376;8
119.8;1006743552;1
653.4;1007136768;1
688.1;1007136768;2
668.5;1007267840;0
628.5;1007267840;0
528.6;1007267840;0
319.2;1007529984;9
177.4;1008054272;1
694.9;1008054272;0
640.0;1008054272;0
595.6;1008054272;0
518.6;1008054272;2
561.6;1008054272;0
269.3;1008185344;6
269.5;1009102848;1
588.3;1009102848;0
548.3;1009102848;0
547.2;1009102848;0
732.5;1009102848;0
657.7;1009102848;0
189.7;1009233920;9
334.2;1010020352;0
584.6;1010020352;0
613.0;1014214656;4
484.4;1014214656;0
369.2;1014214656;0
319.4;1014214656;2
458.6;1014214656;4
99.7;1014345728;2
515.3;1015263232;0
602.1;1015263232;0
597.4;1015263232;2
668.1;1015263232;0
677.5;1015263232;0
418.9;1015525376;8
117.0;1015656448;0
638.6;1016049664;1
548.9;1016049664;0
389.0;1016049664;0
448.9;1016049664;0
498.6;1016049664;2
508.5;1016049664;0
108.7;1016180736;6
455.2;1016836096;0
641.0;1016836096;2
597.9;1016836096;0
655.0;1016836096;0
744.4;1016967168;2
478.9;1017229312;7
99.8;1017360384;2
577.8;1018015744;0
598.4;1018015744;2
588.3;1022078976;0
697.1;1022078976;0
698.8;1022078976;0
349.1;1022078976;6
159.7;1023127552;0
647.3;1023127552;0
607.7;1023127552;0
592.7;1023127552;0
677.1;1023127552;0
697.7;1023127552;0
224.8;1023127552;6
296.5;1023913984;0
687.9;1024045056;0
488.5;1024045056;2
508.6;1024045056;0
498.9;1024045056;0
499.0;1024045056;0
299.4;1024045056;8
148.0;1024962560;0
686.6;1024962560;0
648.3;1024962560;0
571.4;1024962560;2
688.6;1024962560;2
598.1;1024962560;2
298.0;1024962560;9
159.5;1025617920;1
628.5;1025617920;0
539.0;1025617920;0
509.0;1029812224;0
688.0;1029812224;0
687.9;1029812224;0
