139.8;244969472;912
99.8;342749184;969
119.8;355332096;1350
99.8;418508800;1176
139.8;481697792;1016
99.8;485761024;1503
109.8;485761024;1532
99.8;485761024;1543
99.8;485761024;1524
109.8;485761024;1545
99.8;486285312;1152
109.8;486285312;8
614.9;491716608;4
688.9;579710976;4
698.1;592424960;2
688.6;595832832;4
678.7;733851648;5
578.8;826912768;3
508.8;832024576;6
99.8;832155648;2
490.7;832942080;2
597.8;833073152;3
598.6;833073152;0
668.5;833073152;0
671.8;833073152;1
429.3;833466368;8
129.8;833597440;0
608.6;834252800;1
598.7;834252800;0
599.0;834252800;0
479.2;834252800;1
399.2;834252800;0
399.2;834252800;0
148.4;834252800;7
395.5;834908160;1
706.4;834908160;1
614.1;834908160;0
712.9;834908160;0
729.0;834908160;0
459.4;835170304;8
99.8;835170304;3
413.8;836218880;1
607.4;836612096;2
613.2;841068544;0
588.7;1140436992;0
698.6;1521463296;0
668.6;1912975360;1
419.3;1975029760;4
138.8;1021014016;3
557.3;954413056;3
508.9;954413056;0
568.7;954413056;0
638.8;954413056;1
618.7;954413056;0
509.1;954675200;6
99.8;954675200;2
474.4;955592704;2
638.7;955592704;0
494.8;955723776;2
475.1;955723776;0
488.8;955723776;0
538.8;955723776;0
149.7;955723776;6
348.3;956379136;0
688.6;956379136;0
645.1;956379136;0
548.9;956379136;0
499.0;956379136;0
479.1;956379136;0
259.5;956772352;10
99.8;956903424;0
529.2;957427712;0
626.6;957558784;0
429.1;961884160;0
678.2;961884160;0
688.4;961884160;0
369.1;962015232;4
109.8;962146304;2
553.3;962670592;2
633.3;962670592;2
608.8;962670592;2
672.4;962670592;0
584.5;962670592;2
289.4;962932736;6
119.7;963063808;0
569.1;963457024;0
578.2;963457024;2
598.6;963457024;2
663.6;963457024;0
578.9;963588096;2
348.2;963850240;7
109.3;963850240;0
602.4;964374528;2
678.5;964374528;0
578.6;964374528;2
548.7;964374528;0
618.3;964374528;2
289.3;964636672;9
119.8;964767744;0
608.0;965554176;1
598.6;965554176;2
618.6;969748480;0
623.6;969748480;0
518.7;969748480;0
199.6;969879552;4
109.7;970010624;4
532.8;970797056;0
667.6;970797056;0
597.3;970797056;0
750.0;970797056;2
798.6;970797056;2
248.3;970797056;7
356.4;971583488;1
639.0;971583488;0
559.0;971583488;0
573.4;971583488;0
711.0;971583488;0
598.6;971714560;0
109.3;971845632;7
432.3;972369920;0
568.9;972369920;0
409.1;972369920;0
538.0;972369920;0
548.1;972369920;0
349.1;972369920;0
189.6;972632064;9
218.1;973156352;0
687.1;973156352;0
698.2;973287424;0
698.1;977350656;2
688.5;977350656;0
618.8;977350656;0
158.9;977612800;6
379.4;978268160;0
604.2;978268160;0
590.3;978268160;2
539.2;978399232;0
668.8;978399232;0
558.5;978399232;0
149.3;978530304;6
278.3;979447808;0
544.1;979447808;0
498.7;979447808;0
499.0;979447808;0
478.8;979447808;2
428.9;979447808;0
339.4;979578880;7
99.8;979578880;2
548.5;980234240;0
588.4;1093742592;0
548.8;1160196096;0
618.3;1160851456;0
668.0;1160851456;2
510.8;1163210752;3
99.8;1124274176;7
459.3;1011167232;0
586.9;1011167232;2
587.7;1015361536;2
648.5;1015361536;2
648.7;1015361536;2
479.0;1015492608;5
99.8;1011433472;2
521.3;1011957760;1
596.9;1011957760;2
548.6;1011957760;0
688.5;1011957760;2
528.4;1011957760;0
386.7;1012088832;6
109.8;1012219904;0
616.6;1012744192;1
668.0;1012744192;0
580.9;1012744192;0
627.7;1012744192;0
576.4;1012744192;0
249.4;1012875264;6
109.7;1013006336;3
499.1;1013792768;2
609.8;1013792768;0
627.5;1013792768;0
598.5;1013792768;2
721.3;1013792768;0
389.3;1013792768;10
109.8;1013923840;0
577.1;1014710272;0
608.7;1014710272;0
621.4;1018904576;2
698.0;1018904576;0
608.5;1018904576;2
249.4;1019166720;7
279.6;1015726080;1
618.6;1015726080;0
618.2;1015726080;2
559.1;1015726080;0
499.0;1015726080;0
495.5;1015726080;0
179.5;1015726080;6
357.4;1016381440;2
616.8;1016381440;0
628.5;1016381440;2
573.7;1016381440;0
698.1;1016381440;2
518.5;1016381440;6
99.9;1016512512;2
547.5;1017298944;0
598.2;1017298944;2
638.5;1017298944;0
568.5;1017298944;0
488.7;1017298944;0
329.2;1017298944;8
99.7;1017430016;4
484.8;1018347520;3
688.2;1018347520;2
598.4;1022541824;2
587.8;1022541824;0
766.2;1022541824;2
399.1;1022803968;7
149.8;1019355136;2
578.7;1019355136;0
668.3;1019355136;2
488.6;1019355136;0
498.8;1019355136;0
399.0;1019355136;2
339.2;1019355136;7
99.8;1019617280;2
605.3;1020141568;1
604.0;1020141568;0
598.7;1020141568;0
668.0;1020141568;0
688.9;1020141568;0
278.4;1020272640;7
257.2;1021059072;0
618.4;1021059072;0
668.7;1021059072;2
608.3;1021059072;2
742.3;1021059072;0
708.0;1021059072;2
119.5;1021190144;9
379.4;1021583360;0
648.2;1021583360;2
658.1;1025777664;2
618.2;1025777664;2
658.3;1025777664;2
539.0;1026039808;4
96.8;1021952000;2
528.8;1022607360;0
598.2;1022607360;2
598.0;1022607360;0
598.4;1022607360;2
578.7;1022607360;0
438.9;1022607360;4
109.8;1022869504;2
578.2;1023655936;0
518.3;1023655936;0
399.0;1023655936;0
528.9;1023655936;0
698.2;1023655936;2
498.9;1023655936;8
107.4;1023918080;0
599.1;1024311296;0
667.5;1024311296;0
618.3;1024311296;0
448.7;1024311296;0
399.1;1024311296;0
389.2;1024442368;8
98.9;1024573440;2
479.1;1025359872;0
523.4;1025359872;2
598.8;1026801664;2
602.4;1029554176;0
637.4;1029554176;2
459.3;1029685248;3
99.7;1029947392;3
458.9;1026306048;0
538.2;1026306048;0
607.5;1026306048;0
671.7;1026306048;2
786.9;1026306048;0
366.3;1026568192;6
119.8;1026699264;0
628.8;1027092480;0
595.1;1027092480;2
598.3;1027092480;2
608.3;1027092480;0
598.4;1027092480;2
219.4;1027223552;6
269.0;1028141056;1
538.8;1028141056;0
643.7;1028141056;2
349.0;1028141056;2
199.5;1028141056;0
199.6;1028141056;0
199.7;1028141056;0
199.6;1028141056;0
189.7;1028141056;2
189.6;1028141056;7
109.6;1028403200;2
548.7;1028796416;1
568.3;1028927488;0
388.9;1032990720;2
598.8;1033121792;2
