8.3;38.6;18.9;1.5;1.0;898.0
8.3;100.3;109.8;9.4;0.0;898.0
8.3;141.1;149.2;8.8;0.0;898.0
8.3;170.9;131.3;7.2;0.0;898.0
7.1;200.4;95.0;6.7;0.0;898.0
5.6;224.9;138.8;4.6;1.0;898.0
8.4;237.1;0.2;0.0;0.0;993.0
8.4;677.3;61.1;33.0;5.0;4529.0
8.4;1023.9;0.8;32.9;49.0;7853.0
0.0;991.2;2.9;0.0;0.0;7853.0
0.0;991.2;0.0;0.0;0.0;7853.0
0.0;991.2;0.0;0.0;0.0;7853.0
0.0;991.2;0.0;0.0;0.0;7853.0
0.0;991.2;0.0;0.0;0.0;7853.0
0.0;991.2;0.0;0.0;0.0;7853.0
0.0;991.2;0.0;0.0;0.0;7853.0
0.0;991.2;0.0;0.0;0.0;7853.0
0.0;991.2;0.0;0.0;0.0;7853.0
4.7;1090.5;0.5;73.4;0.0;7853.0
0.0;1146.7;1.4;80.1;0.0;7853.0
8.4;1301.7;0.1;0.0;0.0;7853.0
8.3;1304.9;0.0;0.0;0.0;7853.0
8.4;1314.7;0.0;0.0;0.0;7853.0
8.3;1326.4;0.3;0.0;0.0;7853.0
8.4;1398.4;0.0;0.0;0.0;7853.0
8.4;1380.7;0.3;0.0;0.0;7853.0
8.4;1389.0;0.9;3.1;0.0;7853.0
8.4;1433.3;0.0;0.0;0.0;7853.0
8.3;1434.5;0.0;0.0;0.0;7853.0
8.4;1438.0;0.0;0.0;0.0;7853.0
8.3;1454.6;0.0;0.0;0.0;7853.0
8.4;1511.8;0.2;0.0;5.0;7955.0
9.7;1930.0;2.9;0.0;77.0;8020.0
8.3;1930.8;19.0;0.3;95.0;8020.0
8.4;1930.9;0.0;0.0;96.0;8020.0
10.7;1930.9;0.0;0.0;95.0;8020.0
8.3;1931.0;0.0;0.0;99.0;8020.0
8.3;1931.0;0.0;0.0;96.0;8020.0
8.3;1931.7;0.0;0.0;96.0;8020.0
8.4;1931.0;0.0;0.0;96.0;8020.0
9.7;1931.0;0.0;0.0;97.0;8020.0
9.8;1931.1;0.0;0.0;96.0;8020.0
10.8;1931.1;0.0;0.0;96.0;8020.0
8.4;1931.1;0.0;0.0;99.0;8020.0
8.4;1931.1;0.0;0.0;95.0;8020.0
8.3;1931.1;0.0;0.0;96.0;8020.0
8.4;1931.1;0.0;0.0;96.0;8020.0
8.3;1931.1;0.0;0.0;96.0;8020.0
8.4;1930.6;18.6;0.3;95.0;8020.0
8.3;1984.1;7.6;0.1;62.0;8020.0
52.6;2307.0;4.0;0.1;12.0;8020.0
99.7;2976.1;0.0;0.0;0.0;8020.0
8.3;2979.6;3.3;2.8;0.0;8020.0
8.4;2980.3;1.3;4.5;0.0;8020.0
8.3;2980.8;1.0;4.5;0.0;8020.0
8.3;2981.3;1.2;6.8;0.0;8020.0
8.3;2984.2;1.3;4.5;0.0;8020.0
8.3;2982.8;1.2;6.8;0.0;8020.0
8.4;2984.0;1.0;2.3;0.0;8020.0
8.3;3004.6;7.7;34.1;0.0;8020.0
8.4;2987.7;0.6;1.5;0.0;8020.0
8.4;2991.0;0.3;1.6;97.0;8020.0
8.4;2991.0;0.0;0.0;96.0;8020.0
8.4;2991.0;0.0;0.0;96.0;8020.0
8.3;2991.0;0.0;0.0;96.0;8020.0
8.4;2991.0;0.0;0.0;97.0;8020.0
8.3;2991.0;0.0;0.0;96.0;8020.0
8.3;2991.0;0.0;0.0;96.0;8020.0
8.3;2991.0;0.0;0.0;99.0;8020.0
7.1;2991.1;0.0;0.0;96.0;8020.0
8.4;2991.1;0.0;0.0;96.0;8020.0
8.3;2991.1;0.0;0.0;96.0;8020.0
8.3;2991.1;0.0;0.0;96.0;8020.0
9.6;2991.1;0.0;0.0;96.0;8020.0
10.8;2991.1;0.0;0.0;96.0;8020.0
8.4;2991.1;0.0;0.0;99.0;8020.0
8.3;2990.6;0.0;0.0;65.0;8020.0
39.2;2996.2;0.0;0.0;25.0;8020.0
98.0;2996.2;0.0;0.0;0.0;8020.0
97.9;2996.2;0.0;0.0;0.0;8020.0
8.3;2993.3;17.9;66.5;0.0;8020.0
8.3;2996.8;0.6;1.6;0.0;8020.0
13.0;3001.6;0.3;1.7;96.0;8020.0
11.9;3001.6;0.0;0.0;96.0;8020.0
11.5;3001.6;0.0;0.0;96.0;8020.0
9.7;3001.6;0.0;0.0;97.0;8020.0
8.3;3001.6;0.0;0.0;99.0;8020.0
9.5;3001.6;0.0;0.0;96.0;8020.0
9.6;3001.6;0.0;0.0;96.0;8020.0
8.3;3001.6;0.0;0.0;96.0;8020.0
12.6;3001.6;0.0;0.0;96.0;8020.0
9.6;3001.6;0.0;0.0;96.0;8020.0
8.4;3001.6;0.0;0.0;97.0;8020.0
8.4;3001.6;0.0;0.0;99.0;8020.0
8.3;3001.6;0.0;0.0;96.0;8020.0
9.8;3001.6;0.0;0.0;96.0;8020.0
10.7;3001.6;0.0;0.0;96.0;8020.0
8.3;3010.6;0.0;0.0;0.0;8020.0
97.1;3013.4;0.0;0.0;53.0;8020.0
95.6;3013.4;0.0;0.0;0.0;8020.0
92.0;3013.4;0.0;0.0;0.0;8020.0
93.8;3013.4;0.0;0.0;0.0;8020.0
8.3;3009.8;17.9;66.9;1.0;8020.0
8.4;3011.7;0.6;1.7;0.0;8020.0
8.3;3017.9;0.3;1.8;96.0;8020.0
9.6;3017.9;0.0;0.0;95.0;8020.0
8.4;3017.9;0.0;0.0;96.0;8020.0
11.1;3017.9;0.0;0.0;96.0;8020.0
8.4;3017.9;0.0;0.0;96.0;8020.0
8.3;3017.9;0.0;0.0;98.0;8020.0
9.6;3017.9;0.0;0.0;96.0;8020.0
9.7;3017.9;0.0;0.0;97.0;8020.0
8.3;3017.9;0.0;0.0;96.0;8020.0
8.4;3017.9;0.0;0.0;98.0;8020.0
8.3;3017.9;0.0;0.0;96.0;8020.0
8.4;3017.9;0.0;0.0;96.0;8020.0
8.3;3017.9;0.0;0.0;96.0;8020.0
9.7;3017.9;0.0;0.0;96.0;8020.0
9.6;3017.9;0.0;0.0;96.0;8020.0
8.3;3025.2;0.0;0.0;59.0;8020.0
50.4;3027.8;0.0;0.0;59.0;8020.0
96.8;3027.8;0.0;0.0;0.0;8020.0
98.0;3027.8;0.0;0.0;0.0;8020.0
95.9;3027.8;0.0;0.0;0.0;8020.0
96.8;3027.8;0.0;0.0;0.0;8020.0
8.4;3024.3;17.9;67.3;0.0;8020.0
8.3;3028.4;0.6;1.7;0.0;8020.0
10.8;3033.1;0.3;1.8;95.0;8020.0
8.4;3033.1;0.0;0.0;97.0;8020.0
12.5;3033.1;0.0;0.0;96.0;8020.0
8.4;3033.1;0.0;0.0;96.0;8020.0
8.3;3033.1;0.0;0.0;98.0;8020.0
8.4;3033.1;0.0;0.0;96.0;8020.0
8.3;3033.1;0.0;0.0;97.0;8020.0
11.1;3033.1;0.0;0.0;96.0;8020.0
11.9;3033.1;0.0;0.0;99.0;8020.0
7.1;3033.1;0.0;0.0;96.0;8020.0
8.3;3033.1;0.0;0.0;96.0;8020.0
8.3;3033.1;0.0;0.0;96.0;8020.0
8.3;3033.1;0.0;0.0;96.0;8020.0
10.8;3033.1;0.0;0.0;99.0;8020.0
8.3;3033.1;0.0;0.0;96.0;8020.0
8.4;3038.2;0.0;0.0;4.0;8020.0
8.3;3041.4;0.0;0.0;0.0;8020.0
100.3;3041.4;0.0;0.0;0.0;8020.0
94.4;3041.4;0.0;0.0;0.0;8020.0
96.8;3041.4;0.0;0.0;0.0;8020.0
97.0;3041.4;0.0;0.0;0.0;8020.0
96.8;3041.5;0.0;0.0;0.0;8020.0
8.3;3035.8;17.9;67.6;0.0;8020.0
8.4;3039.5;0.6;1.8;0.0;8020.0
10.8;3047.6;0.3;1.9;62.0;8020.0
8.4;3047.6;0.0;0.0;96.0;8020.0
8.3;3047.6;0.0;0.0;95.0;8020.0
8.3;3047.6;0.0;0.0;96.0;8020.0
8.3;3047.6;0.0;0.0;99.0;8020.0
9.5;3047.6;0.0;0.0;96.0;8020.0
9.6;3047.6;0.0;0.0;98.0;8020.0
8.3;3047.6;0.0;0.0;96.0;8020.0
8.3;3047.6;0.0;0.0;98.0;8020.0
8.3;3047.6;0.0;0.0;96.0;8020.0
8.3;3047.6;0.0;0.0;96.0;8020.0
8.4;3047.6;0.0;0.0;96.0;8020.0
8.3;3047.6;0.0;0.0;96.0;8020.0
8.4;3047.6;0.0;0.0;96.0;8020.0
8.3;3047.6;0.0;0.0;96.0;8020.0
8.4;3047.2;0.0;0.0;97.0;8020.0
8.4;3058.9;0.0;0.0;0.0;8020.0
98.0;3060.0;0.0;0.0;12.0;8020.0
95.6;3060.0;0.0;0.0;0.0;8020.0
91.1;3060.0;0.0;0.0;0.0;8020.0
91.7;3060.0;0.0;0.0;0.0;8020.0
96.8;3060.0;0.0;0.0;0.0;8020.0
95.9;3060.0;0.0;0.0;0.0;8020.0
98.0;3060.0;0.0;0.0;0.0;8020.0
8.4;3202.7;17.9;68.0;2.0;8020.0
7.0;3058.2;0.6;1.8;0.0;8020.0
9.7;3065.6;0.3;2.0;68.0;8020.0
8.4;3065.6;0.0;0.0;96.0;8020.0
9.5;3065.6;0.0;0.0;95.0;8020.0
11.9;3065.6;0.0;0.0;96.0;8020.0
11.1;3065.6;0.0;0.0;96.0;8020.0
8.3;3065.6;0.0;0.0;96.0;8020.0
8.4;3065.6;0.0;0.0;96.0;8020.0
8.3;3065.6;0.0;0.0;96.0;8020.0
9.7;3065.6;0.0;0.0;99.0;8020.0
9.7;3065.6;0.0;0.0;96.0;8020.0
10.7;3065.6;0.0;0.0;99.0;8020.0
10.8;3065.6;0.0;0.0;96.0;8020.0
10.7;3065.6;0.0;0.0;96.0;8020.0
8.4;3065.6;0.0;0.0;96.0;8020.0
6.9;3065.6;0.0;0.0;97.0;8020.0
9.6;3065.1;0.0;0.0;99.0;8020.0
8.4;3078.4;0.0;0.0;0.0;8020.0
66.5;3081.9;0.0;0.0;57.0;8020.0
93.5;3081.9;0.0;0.0;0.0;8020.0
98.2;3081.9;0.0;0.0;0.0;8020.0
97.1;3081.9;0.0;0.0;0.0;8020.0
95.9;3081.9;0.0;0.0;0.0;8020.0
99.7;3081.9;0.0;0.0;0.0;8020.0
100.3;3081.9;0.0;0.0;0.0;8020.0
94.8;3081.9;0.0;0.0;0.0;8020.0
9.7;3075.9;17.6;35.5;1.0;8020.0
8.3;3077.1;0.3;32.9;0.0;8020.0
8.3;3083.9;0.9;3.9;0.0;8020.0
9.4;3085.2;0.0;0.0;96.0;8020.0
8.3;3085.2;0.0;0.0;96.0;8020.0
8.3;3085.2;0.0;0.0;95.0;8020.0
8.3;3085.2;0.0;0.0;96.0;8020.0
8.3;3085.2;0.0;0.0;99.0;8020.0
9.6;3085.2;0.0;0.0;96.0;8020.0
13.8;3085.2;0.0;0.0;99.0;8020.0
8.4;3085.2;0.0;0.0;96.0;8020.0
8.3;3085.2;0.0;0.0;96.0;8020.0
8.4;3085.2;0.0;0.0;96.0;8020.0
9.6;3085.2;0.0;0.0;96.0;8020.0
8.3;3085.2;0.0;0.0;96.0;8020.0
9.6;3085.2;0.0;0.0;96.0;8020.0
8.3;3085.2;0.0;0.0;99.0;8020.0
15.5;3085.2;0.0;0.0;96.0;8020.0
8.3;3095.7;0.0;0.0;0.0;8020.0
8.4;3104.4;0.0;0.0;0.0;8020.0
98.0;3104.4;0.0;0.0;0.0;8020.0
92.7;3104.4;0.0;0.0;0.0;8020.0
98.0;3104.4;0.0;0.0;0.0;8020.0
100.3;3104.4;0.0;0.0;0.0;8020.0
97.1;3104.4;0.0;0.0;0.0;8020.0
100.0;3104.4;0.0;0.0;0.0;8020.0
88.8;3104.4;0.0;0.0;0.0;8020.0
99.7;3104.4;0.0;0.0;0.0;8020.0
95.6;3104.4;0.0;0.0;0.0;8020.0
8.4;3100.8;17.9;68.8;0.0;8020.0
8.3;3101.1;0.6;2.0;0.0;8020.0
12.6;3105.6;0.3;2.1;40.0;8020.0
9.6;3105.6;0.0;0.0;99.0;8020.0
9.6;3105.6;0.0;0.0;95.0;8020.0
8.3;3105.6;0.0;0.0;97.0;8020.0
8.3;3105.6;0.0;0.0;95.0;8020.0
8.3;3105.6;0.0;0.0;96.0;8020.0
10.7;3105.6;0.0;0.0;96.0;8020.0
8.4;3105.6;0.0;0.0;97.0;8020.0
8.3;3105.6;0.0;0.0;96.0;8020.0
11.1;3105.6;0.0;0.0;97.0;8020.0
8.3;3105.6;0.0;0.0;99.0;8022.0
8.4;3105.6;0.0;0.0;95.0;8022.0
8.4;3105.6;0.0;0.0;95.0;8022.0
8.3;3105.6;0.0;0.0;95.0;8022.0
7.2;3105.6;0.0;0.0;96.0;8022.0
8.4;3105.1;0.0;0.0;95.0;8022.0
8.4;3122.7;0.0;0.0;0.0;8022.0
8.4;3129.7;0.0;0.0;0.0;8022.0
97.1;3129.7;0.0;0.0;0.0;8022.0
97.1;3129.7;0.0;0.0;0.0;8022.0
100.0;3129.7;0.0;0.0;0.0;8022.0
95.6;3129.7;0.0;0.0;0.0;8022.0
99.4;3129.7;0.0;0.0;0.0;8022.0
92.8;3129.7;0.0;0.0;0.0;8022.0
100.0;3129.7;0.0;0.0;0.0;8022.0
99.0;3129.7;0.0;0.0;0.0;8022.0
99.1;3129.7;0.0;0.0;0.0;8022.0
96.8;3129.7;0.0;0.0;0.0;8022.0
7.1;3156.4;17.8;69.2;2.0;8022.0
8.3;3123.9;0.1;0.0;0.0;8022.0
8.3;3126.0;0.6;2.1;0.0;8022.0
13.1;3130.7;0.3;2.2;2.0;8022.0
8.3;3130.7;0.0;0.0;94.0;8022.0
8.3;3130.7;0.0;0.0;99.0;8022.0
7.0;3130.7;0.0;0.0;96.0;8022.0
8.3;3130.7;0.0;0.0;96.0;8022.0
8.4;3130.7;0.0;0.0;95.0;8022.0
8.4;3130.7;0.0;0.0;96.0;8022.0
7.2;3130.7;0.0;0.0;96.0;8022.0
11.2;3130.7;0.0;0.0;95.0;8022.0
8.3;3130.7;0.0;0.0;99.0;8022.0
8.4;3130.7;0.0;0.0;95.0;8022.0
8.3;3130.7;0.0;0.0;96.0;8022.0
6.9;3130.7;0.0;0.0;96.0;8022.0
9.7;3130.7;0.0;0.0;96.0;8022.0
11.8;3130.7;0.0;0.0;96.0;8022.0
9.6;3130.2;0.0;0.0;96.0;8022.0
8.3;3145.8;0.0;0.0;0.0;8022.0
8.3;3154.1;0.0;0.0;2.0;8022.0
99.4;3154.1;0.0;0.0;0.0;8022.0
97.9;3154.1;0.0;0.0;0.0;8022.0
99.1;3154.1;0.0;0.0;0.0;8022.0
89.6;3154.1;0.0;0.0;0.0;8022.0
90.0;3154.1;0.0;0.0;0.0;8022.0
92.0;3154.1;0.0;0.0;0.0;8022.0
91.7;3154.1;0.0;0.0;0.0;8022.0
99.1;3154.1;0.0;0.0;0.0;8022.0
93.5;3154.1;0.0;0.0;0.0;8022.0
99.1;3154.1;0.0;0.0;0.0;8022.0
98.0;3154.1;0.0;0.0;0.0;8022.0
100.0;3154.1;0.0;0.0;0.0;8022.0
8.4;3148.5;17.9;69.6;1.0;8022.0
8.4;3152.5;0.6;2.1;0.0;8022.0
8.3;3155.4;0.3;2.3;1.0;8022.0
8.3;3132.5;0.0;0.0;94.0;8022.0
8.3;3122.4;0.0;0.0;96.0;8022.0
8.3;3122.4;0.0;0.0;99.0;8022.0
