8.4;38.4;13.7;0.9;3.0;955.0
6.9;96.7;97.3;8.4;1.0;927.0
8.3;135.8;136.1;9.2;2.0;932.0
8.3;169.2;126.5;7.3;1.0;932.0
8.3;197.5;114.8;6.5;0.0;932.0
8.4;219.3;131.4;4.7;0.0;932.0
8.3;233.9;19.2;0.8;0.0;932.0
8.4;504.3;61.1;33.0;5.0;1106.0
8.4;952.2;0.6;0.0;50.0;7869.0
0.0;991.6;3.1;32.9;0.0;7869.0
0.0;991.6;0.0;0.0;0.0;7869.0
0.0;991.6;0.0;0.0;0.0;7869.0
0.0;991.6;0.0;0.0;0.0;7869.0
0.0;991.6;0.0;0.0;0.0;7869.0
0.0;991.6;0.0;0.0;0.0;7869.0
0.0;991.6;0.0;0.0;0.0;7869.0
0.0;991.6;0.0;0.0;0.0;7869.0
0.0;991.6;0.0;0.0;0.0;7869.0
1.2;1037.8;0.2;36.1;0.0;7869.0
0.0;1147.0;1.7;117.4;0.0;7869.0
8.4;1301.8;0.0;0.0;0.0;7869.0
8.3;1304.9;0.1;0.0;0.0;7869.0
8.4;1312.8;0.0;0.0;0.0;7869.0
8.3;1324.0;0.3;0.0;0.0;7869.0
8.4;1400.3;0.0;0.0;1.0;7865.0
8.4;1373.6;0.3;0.0;1.0;7865.0
8.4;1402.4;0.6;1.5;1.0;7865.0
8.4;1422.4;0.3;1.6;3.0;7869.0
8.4;1432.4;0.0;0.0;2.0;7869.0
8.4;1435.0;0.0;0.0;0.0;7869.0
8.3;1453.4;0.0;0.0;0.0;7869.0
8.4;1457.0;0.0;0.0;0.0;7869.0
8.3;1532.8;0.2;0.0;5.0;7981.0
9.7;1930.2;3.7;0.1;13.0;8036.0
8.4;1931.0;15.8;0.2;94.0;8036.0
8.3;1931.1;1.2;0.0;95.0;8036.0
6.9;1931.2;0.0;0.0;96.0;8036.0
15.2;1931.2;0.0;0.0;96.0;8036.0
8.3;1931.2;0.0;0.0;95.0;8036.0
7.2;1931.2;0.0;0.0;95.0;8032.0
8.4;1931.3;0.0;0.0;96.0;8032.0
8.3;1931.3;0.0;0.0;96.0;8032.0
8.4;1931.3;0.0;0.0;96.0;8032.0
8.4;1931.3;0.0;0.0;99.0;8032.0
9.6;1931.3;0.0;0.0;96.0;8032.0
8.3;1931.3;0.0;0.0;96.0;8027.0
11.2;1931.3;0.0;0.0;96.0;8027.0
10.7;1931.3;0.0;0.0;99.0;8027.0
8.4;1931.3;0.0;0.0;96.0;8027.0
11.1;1930.8;10.8;0.2;89.0;8027.0
8.4;1982.9;10.0;0.2;2.0;8036.0
8.4;1986.3;9.6;0.1;0.0;8036.0
100.3;2976.5;0.0;0.0;11.0;8036.0
8.4;2977.4;2.8;0.5;0.0;8036.0
8.3;2978.8;1.3;4.5;0.0;8036.0
8.3;2978.9;1.0;4.5;0.0;8036.0
8.3;2979.1;1.2;6.8;0.0;8036.0
8.3;2979.8;1.0;4.5;0.0;8036.0
8.4;2979.8;1.5;6.8;0.0;8036.0
8.3;2980.3;1.3;4.5;0.0;8036.0
8.4;2982.6;1.2;0.1;0.0;8036.0
8.4;2982.5;6.7;34.0;0.0;8036.0
8.4;2984.3;0.6;1.5;0.0;8026.0
8.3;2987.6;0.3;1.6;95.0;8026.0
9.7;2987.6;0.0;0.0;96.0;8026.0
8.4;2987.6;0.0;0.0;95.0;8026.0
8.3;2987.6;0.0;0.0;96.0;8026.0
11.1;2987.6;0.0;0.0;98.0;8026.0
9.5;2987.6;0.0;0.0;96.0;8026.0
11.9;2987.6;0.0;0.0;95.0;8026.0
10.7;2987.6;0.0;0.0;96.0;8026.0
8.3;2987.6;0.0;0.0;97.0;8026.0
9.7;2987.6;0.0;0.0;99.0;8026.0
11.2;2987.6;0.0;0.0;96.0;8026.0
9.5;2987.6;0.0;0.0;99.0;8026.0
8.4;2987.6;0.0;0.0;96.0;8026.0
8.3;2987.6;0.0;0.0;99.0;8026.0
7.0;2987.6;0.0;0.0;95.0;8040.0
7.2;2992.7;0.0;0.0;8.0;8031.0
99.4;2993.5;0.0;0.0;0.0;8031.0
90.8;2993.5;0.0;0.0;2.0;8031.0
23.9;2988.8;9.7;30.2;2.0;8031.0
8.4;2989.6;8.2;36.3;2.0;8027.0
8.4;2996.7;0.9;3.3;2.0;8027.0
11.8;2998.3;0.0;0.0;95.0;8036.0
8.4;2998.3;0.0;0.0;99.0;8022.0
9.5;2998.3;0.0;0.0;96.0;8022.0
9.5;2998.3;0.0;0.0;98.0;8022.0
8.4;2998.3;0.0;0.0;96.0;8022.0
6.9;2998.3;0.0;0.0;99.0;8048.0
8.4;2998.3;0.0;0.0;96.0;8048.0
8.3;2998.3;0.0;0.0;99.0;8043.0
8.4;2998.3;0.0;0.0;96.0;8034.0
8.4;2998.3;0.0;0.0;96.0;8034.0
9.7;2998.3;0.0;0.0;97.0;8034.0
8.4;2998.3;0.0;0.0;96.0;8034.0
8.4;2998.3;0.0;0.0;95.0;8034.0
9.6;2998.3;0.0;0.0;96.0;8030.0
9.5;2998.3;0.0;0.0;97.0;8030.0
6.9;2997.8;0.0;0.0;96.0;8034.0
8.4;3008.5;0.0;0.0;7.0;8034.0
100.0;3008.6;0.0;0.0;0.0;8034.0
99.1;3008.6;0.0;0.0;0.0;8034.0
98.2;3008.6;0.0;0.0;0.0;8034.0
10.8;3036.0;17.8;66.9;1.0;8034.0
8.4;3006.6;0.7;1.7;0.0;8034.0
8.3;3012.4;0.3;1.8;37.0;8034.0
11.1;3012.4;0.0;0.0;97.0;8034.0
15.4;3012.4;0.0;0.0;96.0;8034.0
8.3;3012.4;0.0;0.0;99.0;8034.0
8.3;3012.4;0.0;0.0;96.0;8034.0
8.3;3012.4;0.0;0.0;96.0;8034.0
8.3;3012.4;0.0;0.0;96.0;8030.0
8.4;3012.4;0.0;0.0;97.0;8030.0
9.6;3012.4;0.0;0.0;96.0;8030.0
9.6;3012.4;0.0;0.0;96.0;8030.0
11.1;3012.4;0.0;0.0;99.0;8030.0
8.3;3012.4;0.0;0.0;96.0;8030.0
8.4;3012.4;0.0;0.0;96.0;8030.0
8.3;3012.4;0.0;0.0;95.0;8030.0
8.4;3012.4;0.0;0.0;96.0;8030.0
12.5;3011.9;0.0;0.0;96.0;8030.0
8.4;3023.7;0.0;0.0;0.0;8030.0
94.8;3024.0;0.0;0.0;0.0;8030.0
97.0;3024.0;0.0;0.0;0.0;8030.0
96.8;3024.0;0.0;0.0;0.0;8030.0
99.7;3024.0;0.0;0.0;0.0;8030.0
56.2;3025.5;0.0;0.0;3.0;8043.0
8.3;3020.4;17.9;67.3;0.0;8035.0
8.4;3023.1;0.6;1.7;1.0;8030.0
8.3;3028.7;0.3;1.8;88.0;8017.0
8.4;3028.7;0.0;0.0;96.0;8017.0
8.4;3028.7;0.0;0.0;95.0;8017.0
9.7;3028.7;0.0;0.0;96.0;8022.0
11.2;3028.7;0.0;0.0;95.0;8022.0
8.3;3028.7;0.0;0.0;96.0;8026.0
9.6;3028.7;0.0;0.0;96.0;8026.0
11.1;3028.7;0.0;0.0;96.0;8026.0
11.1;3028.7;0.0;0.0;96.0;8026.0
8.3;3028.7;0.0;0.0;96.0;8026.0
11.8;3028.7;0.0;0.0;96.0;8026.0
8.4;3029.9;0.0;0.0;97.0;8026.0
8.3;3028.7;0.0;0.0;99.0;8026.0
8.3;3028.7;0.0;0.0;96.0;8026.0
9.6;3028.7;0.0;0.0;99.0;8026.0
16.7;3028.3;0.0;0.0;96.0;8026.0
8.4;3039.8;0.0;0.0;1.0;8026.0
98.4;3040.5;0.0;0.0;47.0;8026.0
99.7;3040.5;0.0;0.0;0.0;8026.0
100.3;3040.5;0.0;0.0;0.0;8026.0
86.5;3040.5;0.0;0.0;3.0;8031.0
86.0;3040.5;0.0;0.0;2.0;8031.0
100.3;3040.5;0.0;0.0;1.0;8026.0
8.4;3172.9;17.9;67.7;4.0;8026.0
8.3;3038.6;0.6;1.8;0.0;8026.0
9.8;3045.9;0.3;1.9;6.0;8026.0
8.3;3045.9;0.0;0.0;95.0;8021.0
10.8;3045.9;0.0;0.0;99.0;8021.0
10.8;3045.9;0.0;0.0;95.0;8021.0
9.7;3045.9;0.0;0.0;96.0;8021.0
8.4;3045.9;0.0;0.0;96.0;8021.0
8.3;3045.9;0.0;0.0;96.0;8021.0
8.4;3045.9;0.0;0.0;96.0;8030.0
9.5;3045.9;0.0;0.0;96.0;8030.0
8.3;3045.9;0.0;0.0;96.0;8026.0
8.3;3045.9;0.0;0.0;98.0;8022.0
8.3;3049.3;0.0;0.0;96.0;8022.0
8.4;3045.9;0.0;0.0;99.0;8026.0
8.3;3045.9;0.0;0.0;95.0;8026.0
8.3;3045.9;0.0;0.0;96.0;8026.0
8.3;3045.9;0.0;0.0;99.0;8026.0
8.3;3045.5;0.0;0.0;95.0;8026.0
8.3;3059.0;0.0;0.0;0.0;8022.0
37.4;3061.1;0.0;0.0;34.0;8026.0
91.1;3061.1;0.0;0.0;0.0;8026.0
100.0;3061.1;0.0;0.0;0.0;8026.0
99.1;3061.1;0.0;0.0;0.0;8026.0
90.8;3061.1;0.0;0.0;0.0;8026.0
100.3;3061.1;0.0;0.0;0.0;8026.0
100.3;3061.1;0.0;0.0;0.0;8026.0
10.8;3055.2;8.7;29.5;3.0;8026.0
8.3;3055.9;9.2;38.6;2.0;8027.0
8.4;3059.7;0.6;1.8;0.0;8027.0
8.4;3063.3;0.3;2.0;96.0;8027.0
9.6;3063.3;0.0;0.0;96.0;8027.0
6.9;3063.3;0.0;0.0;96.0;8027.0
8.3;3063.3;0.0;0.0;96.0;8022.0
8.3;3063.3;0.0;0.0;96.0;8018.0
8.3;3063.3;0.0;0.0;96.0;8018.0
9.6;3063.3;0.0;0.0;99.0;8018.0
8.4;3063.3;0.0;0.0;96.0;8018.0
12.5;3063.3;0.0;0.0;99.0;8018.0
8.4;3063.3;0.0;0.0;96.0;8018.0
8.3;3063.3;0.0;0.0;99.0;8018.0
8.4;3063.3;0.0;0.0;96.0;8018.0
8.3;3063.3;0.0;0.0;96.0;8024.0
8.4;3063.3;0.0;0.0;96.0;8031.0
8.4;3063.3;0.0;0.0;96.0;8029.0
8.4;3062.8;0.0;0.0;38.0;8029.0
8.4;3079.3;0.0;0.0;0.0;8029.0
98.0;3080.1;0.0;0.0;0.0;8025.0
99.1;3080.1;0.0;0.0;1.0;8045.0
95.6;3080.1;0.0;0.0;0.0;8045.0
83.6;3080.1;0.0;0.0;0.0;8037.0
93.5;3080.1;0.0;0.0;0.0;8037.0
99.1;3080.1;0.0;0.0;0.0;8037.0
100.3;3080.1;0.0;0.0;0.0;8037.0
95.6;3080.1;0.0;0.0;0.0;8037.0
68.7;3080.1;0.0;0.0;0.0;8028.0
8.4;3076.4;17.9;68.5;0.0;8028.0
8.3;3076.8;0.6;1.9;1.0;8024.0
9.6;3082.8;0.3;2.0;91.0;8024.0
8.4;3082.8;0.0;0.0;96.0;8024.0
8.3;3082.8;0.0;0.0;99.0;8024.0
8.3;3082.8;0.0;0.0;96.0;8020.0
8.3;3082.8;0.0;0.0;99.0;8024.0
8.3;3082.8;0.0;0.0;96.0;8043.0
9.7;3082.8;0.0;0.0;95.0;8038.0
8.3;3082.8;0.0;0.0;95.0;8031.0
8.4;3082.8;0.0;0.0;95.0;8031.0
8.3;3082.8;0.0;0.0;95.0;8027.0
10.8;3082.8;0.0;0.0;95.0;8029.0
8.3;3082.8;0.0;0.0;95.0;8029.0
8.3;3082.8;0.0;0.0;96.0;8024.0
11.9;3082.8;0.0;0.0;95.0;8024.0
8.3;3082.8;0.0;0.0;96.0;8032.0
11.2;3082.8;0.0;0.0;97.0;8032.0
8.3;3095.7;0.0;0.0;0.0;8032.0
8.4;3104.7;0.0;0.0;0.0;8036.0
100.0;3104.7;0.0;0.0;0.0;8036.0
100.3;3104.7;0.0;0.0;0.0;8036.0
98.2;3104.7;0.0;0.0;0.0;8036.0
95.6;3104.7;0.0;0.0;0.0;8036.0
100.0;3104.7;0.0;0.0;0.0;8036.0
95.6;3104.7;0.0;0.0;0.0;8036.0
99.4;3104.7;0.0;0.0;0.0;8036.0
99.1;3104.7;0.0;0.0;0.0;8036.0
96.9;3104.7;0.0;0.0;0.0;8036.0
98.0;3104.7;0.0;0.0;1.0;8036.0
8.4;3099.3;17.9;68.9;0.0;8036.0
1.2;3103.7;0.5;0.0;0.0;8029.0
8.4;3102.1;0.1;2.0;2.0;8024.0
8.4;3106.5;0.3;2.1;99.0;8042.0
8.3;3106.5;0.0;0.0;96.0;8042.0
8.4;3106.5;0.0;0.0;99.0;8042.0
14.2;3106.5;0.0;0.0;96.0;8049.0
6.0;3106.5;0.0;0.0;96.0;8049.0
15.2;3106.5;0.0;0.0;96.0;8049.0
8.4;3106.5;0.0;0.0;99.0;8045.0
8.4;3106.5;0.0;0.0;96.0;8045.0
8.3;3106.5;0.0;0.0;96.0;8038.0
8.4;3106.5;0.0;0.0;95.0;8038.0
8.3;3106.5;0.0;0.0;96.0;8035.0
8.3;3106.5;0.0;0.0;95.0;8036.0
8.3;3106.5;0.0;0.0;99.0;8063.0
8.3;3106.5;0.0;0.0;96.0;8053.0
8.4;3106.5;0.0;0.0;99.0;8060.0
9.7;3106.0;0.0;0.0;96.0;8047.0
8.4;3119.2;0.0;0.0;0.0;8038.0
8.4;3127.2;0.0;0.0;1.0;8034.0
93.8;3127.2;0.0;0.0;4.0;8064.0
99.7;3127.2;0.0;0.0;0.0;8064.0
93.5;3127.2;0.0;0.0;0.0;8032.0
95.8;3127.2;0.0;0.0;1.0;8032.0
97.0;3127.2;0.0;0.0;0.0;8055.0
100.3;3127.3;0.0;0.0;0.0;8055.0
96.8;3127.3;0.0;0.0;1.0;8055.0
97.9;3127.3;0.0;0.0;1.0;8065.0
98.0;3127.3;0.0;0.0;0.0;8065.0
99.4;3127.3;0.0;0.0;0.0;8064.0
8.4;3121.5;17.9;69.2;1.0;8056.0
8.3;3125.4;0.6;2.1;11.0;8065.0
8.4;3128.3;0.3;2.2;0.0;8065.0
8.3;3128.3;0.0;0.0;96.0;8065.0
9.6;3128.3;0.0;0.0;96.0;8065.0
8.3;3128.3;0.0;0.0;97.0;8065.0
8.3;3128.3;0.0;0.0;95.0;8065.0
8.4;3128.3;0.0;0.0;96.0;8065.0
9.7;3128.3;0.0;0.0;96.0;8065.0
10.8;3128.3;0.0;0.0;96.0;8065.0
8.4;3128.3;0.0;0.0;96.0;8065.0
8.3;3128.3;0.0;0.0;96.0;8065.0
8.4;3128.3;0.0;0.0;99.0;8065.0
9.6;3128.3;0.0;0.0;95.0;8065.0
8.4;3128.3;0.0;0.0;96.0;8065.0
8.4;3128.3;0.0;0.0;96.0;8065.0
9.7;3128.3;0.0;0.0;97.0;8065.0
11.8;3128.3;0.0;0.0;96.0;8065.0
8.4;3137.8;0.0;0.0;0.0;8065.0
8.4;3150.9;0.0;0.0;0.0;8065.0
98.0;3150.9;0.0;0.0;60.0;8065.0
93.5;3150.9;0.0;0.0;0.0;8065.0
100.3;3150.9;0.0;0.0;0.0;8065.0
97.9;3150.9;0.0;0.0;0.0;8065.0
99.1;3150.9;0.0;0.0;0.0;8065.0
100.8;3150.9;0.0;0.0;0.0;8065.0
100.3;3150.9;0.0;0.0;0.0;8065.0
97.9;3150.9;0.0;0.0;0.0;8065.0
100.0;3150.9;0.0;0.0;0.0;8065.0
100.3;3151.0;0.0;0.0;0.0;8065.0
