0.0;10506240;0
0.0;10506240;0
0.0;10506240;0
0.0;10506240;0
49.9;14659584;0
99.7;14684160;0
143.3;19091456;0
199.5;19140608;0
218.4;23191552;0
170.5;19206144;0
157.7;23371776;0
182.8;19333120;0
218.4;23453696;0
198.9;23539712;0
218.4;31604736;0
199.5;31551488;0
200.7;31621120;0
182.8;31678464;0
151.2;27836416;0
127.8;23973888;0
218.4;31883264;0
199.5;31887360;0
200.7;31920128;0
199.5;31936512;0
201.6;31961088;0
198.9;32034816;0
186.4;32206848;0
199.5;31997952;0
199.5;32083968;0
198.9;32133120;0
200.7;32149504;0
199.5;32206848;0
199.5;28188672;0
201.6;32284672;0
184.7;28262400;0
200.7;32440320;0
199.5;32440320;0
201.6;32444416;0
198.9;32489472;0
143.3;26537984;0
215.0;28135424;0
199.5;32665600;0
199.5;32665600;0
186.4;32673792;0
200.7;32673792;0
199.5;32681984;0
184.8;32714752;0
149.6;28819456;0
157.7;32915456;0
199.5;32915456;0
201.6;32915456;0
199.5;32944128;0
186.4;32944128;0
200.7;36368384;0
198.9;36372480;0
182.8;36372480;0
199.5;36372480;0
201.6;36372480;0
198.9;36376576;0
157.7;32350208;0
282.6;62107648;0
241.5;94953472;0
301.0;118341632;0
298.3;143785984;0
301.0;162390016;0
299.2;188268544;0
299.2;214278144;0
252.0;212594688;465
266.0;218697728;693
232.7;218669056;274
199.5;218669056;0
216.1;218669056;0
200.7;218669056;0
170.5;214728704;142
215.0;219238400;368
199.5;219373568;0
199.5;219373568;0
198.9;219373568;0
172.0;215351296;0
182.8;219406336;0
199.5;219406336;0
168.0;215384064;0
216.1;219410432;0
200.7;219410432;0
14.2;211361792;0
232.7;219406336;0
186.4;215384064;0
198.9;219410432;0
151.2;215363584;0
216.1;219389952;0
199.5;219389952;0
198.9;219389952;0
200.7;219389952;0
157.7;215367680;0
182.8;219402240;0
201.6;219402240;0
199.5;219402240;0
166.2;215379968;0
116.4;215441408;0
216.1;219463680;0
129.0;211443712;0
213.1;219602944;0
100.8;214720512;0
199.5;219602944;0
199.5;219602944;0
199.5;219602944;0
186.4;215576576;0
143.3;214941696;0
326.7;257581056;0
301.0;286662656;0
299.2;311537664;0
299.2;335196160;0
299.2;356143104;0
299.2;381693952;0
252.0;401477632;0
227.3;408379392;0
215.0;221249536;0
186.4;221253632;0
198.9;221253632;0
199.5;218013696;0
166.2;222629888;0
201.6;222629888;0
199.5;222638080;0
199.5;222642176;0
157.7;218615808;0
184.7;222646272;0
200.7;222695424;0
198.9;222695424;0
184.8;222695424;0
199.5;222695424;0
133.0;217583616;0
168.0;222941184;0
199.5;222941184;0
199.5;222941184;0
170.5;218918912;0
157.7;222949376;0
200.7;222949376;0
182.8;222998528;0
201.6;222998528;0
199.5;222998528;0
199.5;222998528;0
149.6;214949888;0
249.3;223014912;0
200.7;223014912;0
198.9;223014912;0
200.7;223014912;0
129.0;218988544;0
198.9;223035392;0
157.7;217546752;0
198.9;223064064;0
184.8;219041792;0
149.6;223109120;0
199.5;223109120;0
201.6;223109120;0
199.5;223109120;0
172.0;223162368;0
198.9;223162368;0
229.4;223162368;0
200.7;223162368;0
198.9;223162368;0
172.0;219136000;0
229.4;223166464;0
198.9;223166464;0
200.7;217624576;0
213.1;226566144;0
200.7;226566144;0
200.7;226566144;0
198.9;226566144;0
258.0;235974656;0
272.4;264146944;0
298.3;286048256;0
301.0;306638848;0
298.3;327610368;0
286.7;342224896;0
301.0;362348544;0
298.3;381595648;0
286.7;398958592;0
301.0;408748032;0
199.5;214827008;0
199.5;223461376;0
199.5;223461376;0
199.5;223461376;0
172.0;223744000;0
199.5;223744000;0
199.5;223744000;0
215.0;223793152;0
200.7;223793152;0
213.1;223932416;0
199.5;224104448;0
199.5;224104448;0
201.6;224104448;0
199.5;224108544;0
199.5;224108544;0
143.3;215920640;0
199.5;224284672;0
199.5;224284672;0
199.5;224284672;0
182.8;220262400;0
172.0;220258304;0
156.2;224288768;0
200.7;224288768;0
200.7;224288768;0
199.5;224288768;0
199.5;224288768;0
216.1;224301056;0
166.2;220274688;0
218.4;224317440;0
199.5;224317440;0
216.1;224350208;0
201.6;224350208;0
182.8;224354304;0
199.5;224354304;0
199.5;224354304;0
199.5;224354304;0
201.6;220332032;0
216.1;224358400;0
199.5;224362496;0
201.6;224362496;0
199.5;224362496;0
133.0;220340224;0
215.0;227713024;0
184.7;221995008;0
299.2;261529600;0
302.4;291123200;0
299.2;316944384;0
299.2;336424960;0
302.4;355561472;0
299.2;376786944;0
332.4;396349440;0
299.2;408580096;0
216.1;212905984;0
200.7;222318592;0
200.7;222318592;0
199.5;222318592;0
199.5;222318592;0
100.8;216354816;0
199.5;219590656;0
116.4;222535680;0
199.5;222535680;0
216.1;222572544;0
201.6;222572544;0
199.5;222572544;0
182.8;222597120;0
200.7;222597120;0
200.7;222597120;0
156.3;218570752;0
199.5;222621696;0
199.5;222621696;0
182.8;218595328;0
151.2;222617600;0
199.5;222617600;0
166.2;218595328;0
168.0;222666752;0
215.0;222683136;0
198.9;222683136;0
200.7;222683136;0
198.9;218660864;0
215.0;222687232;0
201.6;222687232;0
199.5;222687232;0
149.6;222699520;0
201.6;222699520;0
182.8;218677248;0
166.2;222838784;0
199.5;222838784;0
199.5;222838784;0
201.6;218816512;0
199.5;222842880;0
199.5;222842880;0
215.0;216969216;0
186.4;222973952;0
199.5;222973952;0
216.1;223023104;0
199.5;222990336;0
199.5;223002624;0
201.6;223002624;0
166.2;218976256;0
198.9;226394112;0
186.4;222371840;0
301.0;251179008;0
298.3;274780160;0
284.1;296497152;0
200.7;308772864;0
282.6;335740928;0
299.2;356601856;0
301.0;379400192;0
302.4;404307968;0
299.2;409550848;0
199.5;224792576;0
143.3;220770304;0
200.7;220319744;0
199.5;225910784;0
199.5;225910784;0
200.7;225910784;0
156.3;226111488;0
200.7;226172928;0
168.0;222146560;0
199.5;226205696;0
199.5;226238464;0
201.6;226238464;0
