0.0;10506240;0
0.0;10506240;0
0.0;10506240;0
0.0;10506240;0
43.0;12636160;0
99.7;12685312;0
49.9;12730368;0
100.3;12746752;0
49.9;12791808;0
99.7;12816384;0
67.2;12816384;0
99.4;12849152;0
43.0;13017088;0
99.7;13033472;0
67.2;13180928;0
99.4;13205504;0
57.3;13271040;0
99.7;11247616;0
66.5;13279232;0
83.1;11255808;0
71.7;13352960;0
99.7;11333632;0
83.1;13422592;0
84.0;11399168;0
71.0;13467648;0
71.7;11448320;0
83.1;13471744;0
67.2;11448320;0
85.2;13619200;0
57.3;11595776;0
100.3;13598720;0
66.5;13762560;0
99.7;13762560;0
49.9;13742080;0
100.8;13742080;0
71.0;13737984;0
100.8;13742080;0
33.2;11722752;0
186.4;64397312;0
166.2;97755136;0
201.6;126013440;0
269.9;144211968;0
235.2;164638720;0
216.1;190386176;0
199.5;199454720;324
284.1;202526720;752
143.3;200478720;356
149.6;198524928;0
0.0;198524928;0
100.8;201076736;0
66.5;199938048;0
100.3;201080832;0
113.6;203104256;0
100.8;201080832;0
116.4;203104256;0
143.3;201080832;0
100.3;201080832;0
99.7;201109504;0
66.5;201109504;0
100.3;201109504;0
100.3;201109504;0
99.4;201109504;0
151.2;203132928;0
133.0;201113600;0
157.7;203665408;0
113.6;201641984;0
151.2;201637888;0
99.7;201637888;0
83.1;201633792;0
100.8;201633792;0
166.2;201637888;0
100.3;201637888;0
170.5;201637888;0
100.8;201637888;0
99.7;201646080;0
99.7;201646080;0
114.7;207429632;0
198.9;238161920;0
215.0;265977856;0
199.5;293609472;0
252.0;318926848;0
232.7;340881408;0
266.0;365117440;0
285.6;381853696;0
269.9;392904704;0
172.0;203452416;0
184.7;206856192;0
57.3;202817536;0
100.3;205033472;0
113.6;207204352;0
168.0;205189120;0
116.4;207216640;0
149.6;205193216;0
133.0;207212544;0
129.0;205189120;0
143.3;207212544;0
116.4;205201408;0
84.0;205242368;0
99.7;205250560;0
116.4;205262848;0
99.7;205262848;0
66.5;205369344;0
86.0;203345920;0
71.0;205369344;0
100.3;205369344;0
99.7;205398016;0
99.7;205398016;0
133.0;205496320;0
83.1;203476992;0
71.7;205496320;0
99.4;205496320;0
117.6;205541376;0
99.7;205541376;0
116.4;205598720;0
99.7;205598720;0
116.4;220323840;0
201.6;258203648;0
266.0;286666752;0
200.7;311320576;0
258.0;332881920;0
284.1;357462016;0
286.7;383983616;0
298.3;393289728;0
157.7;206512128;0
143.3;204500992;0
198.9;207855616;0
200.7;209940480;0
100.3;205910016;0
127.8;207933440;0
199.5;207933440;0
199.5;207933440;0
134.4;207945728;0
149.6;208109568;0
200.7;208109568;0
186.4;208130048;0
71.0;205824000;0
166.2;208171008;0
199.5;208171008;0
151.2;208289792;0
166.2;206282752;0
182.8;208510976;0
200.7;208519168;0
198.9;210583552;0
186.4;206561280;0
198.9;208646144;0
200.7;210714624;0
186.4;208695296;0
83.1;208793600;0
201.6;208793600;0
199.5;210817024;0
166.2;208793600;0
116.4;208830464;0
199.5;208830464;0
200.7;208838656;0
227.3;222216192;0
86.0;218173440;0
302.4;243867648;0
299.2;273420288;0
299.2;297172992;0
299.2;326909952;0
216.1;342827008;0
302.4;365035520;0
299.2;384786432;0
301.0;401207296;0
252.0;242749440;0
166.2;210690048;0
199.5;210690048;0
199.5;210702336;0
199.5;210710528;0
201.6;210894848;0
99.7;210014208;0
199.5;210976768;0
134.4;210980864;0
199.5;210980864;0
149.6;211034112;0
199.5;211034112;0
166.2;211034112;0
201.6;211034112;0
182.8;211144704;0
199.5;211144704;0
143.3;213147648;0
127.8;209170432;0
157.7;209186816;0
198.9;209186816;0
200.7;211193856;0
200.7;211193856;0
16.6;209182720;0
198.9;211189760;0
200.7;211189760;0
168.0;213307392;0
113.6;209326080;0
200.7;209326080;0
232.7;222842880;0
199.5;222842880;0
134.4;215851008;0
282.6;246325248;0
299.2;270127104;0
315.4;295600128;0
186.4;316145664;0
266.0;336011264;0
299.2;359604224;0
301.0;388521984;0
241.5;398278656;0
249.3;213479424;0
201.6;218628096;0
199.5;218628096;0
199.5;218632192;0
50.4;214630400;0
186.4;218877952;0
198.9;218886144;0
199.5;218886144;0
99.7;214839296;0
170.5;218996736;0
186.4;219000832;0
201.6;219000832;0
99.7;214962176;0
182.8;219004928;0
184.8;219004928;0
199.5;219004928;0
83.1;213774336;0
200.7;219004928;0
198.9;219004928;0
182.8;216981504;0
100.8;219004928;0
199.5;219004928;0
166.2;216985600;0
117.6;216498176;0
166.2;217206784;0
170.5;215216128;0
133.0;217415680;0
213.1;226897920;0
129.0;224874496;0
302.4;244695040;0
199.5;271097856;0
299.2;292216832;0
229.4;316166144;0
301.0;336228352;0
282.6;356061184;0
232.7;380772352;0
266.0;399462400;0
284.1;335593472;0
215.0;223748096;0
43.0;219701248;0
200.7;220942336;0
166.2;225148928;0
199.5;225148928;0
168.0;223129600;0
172.0;225296384;0
170.5;223272960;0
172.0;225439744;0
49.9;221401088;0
199.5;221462528;0
134.4;219443200;0
133.0;219443200;0
184.7;219455488;0
200.7;221503488;0
151.2;221597696;0
116.4;219590656;0
199.5;221659136;0
200.7;221663232;0
99.7;217673728;0
66.5;217686016;0
172.0;219107328;0
100.3;217714688;0
127.8;217710592;0
0.0;215691264;0
86.0;224452608;0
200.7;254971904;0
266.0;282886144;0
299.2;301740032;0
286.7;324526080;0
232.7;342233088;0
299.2;364064768;0
215.0;387362816;0
186.4;394575872;0
99.4;218181632;0
99.7;218181632;0
151.2;218435584;0
99.7;218435584;0
99.7;218492928;0
71.7;216469504;0
85.2;216641536;0
0.0;218689536;0
71.7;216641536;0
57.3;218693632;0
99.4;218693632;0
66.5;218697728;0
100.8;218697728;0
71.7;218738688;0
14.2;216719360;0
99.7;218791936;0
100.3;218882048;0
156.2;218886144;0
116.4;220950528;0
168.0;218931200;0
116.4;218931200;0
56.8;216911872;0
57.3;218931200;0
100.3;218931200;0
182.8;220987392;0
