0.0;10502144;0
0.0;10502144;0
0.0;10502144;0
0.0;10502144;0
0.0;10502144;0
0.0;10502144;0
99.4;12668928;0
84.0;10682368;0
99.7;12759040;0
57.3;11198464;0
99.4;12812288;0
50.4;14147584;0
99.7;12869632;0
71.7;12959744;0
100.3;13041664;0
66.5;13090816;0
99.7;13090816;0
57.3;13185024;0
100.3;13185024;0
49.9;13271040;0
100.8;13271040;0
71.0;13230080;0
100.3;13295616;0
49.9;13402112;0
100.8;13402112;0
66.5;13377536;0
100.3;13377536;0
71.7;13484032;0
99.7;11460608;0
83.1;13512704;0
86.0;11489280;0
86.0;13598720;0
83.1;11579392;0
100.8;13811712;0
66.5;11792384;0
86.0;13811712;0
56.8;11788288;0
100.8;13799424;0
49.9;11808768;0
116.4;28618752;0
172.0;69468160;0
156.2;104099840;0
149.6;128700416;0
166.2;155492352;0
157.7;182697984;0
156.2;199274496;188
200.7;199274496;655
199.5;200359936;589
99.7;200359936;0
142.0;200425472;0
100.3;200425472;0
199.5;202973184;0
99.7;200945664;0
201.6;202969088;0
133.0;202964992;0
200.7;202964992;0
142.0;200949760;0
100.8;200949760;0
133.0;202973184;0
99.7;200949760;0
33.6;200982528;0
99.4;200982528;0
143.3;203042816;0
133.0;201023488;0
151.2;203046912;0
133.0;201015296;0
71.7;201027584;0
100.3;201027584;0
166.2;203046912;0
99.7;199008256;0
83.1;201031680;0
100.8;201031680;0
170.5;201035776;0
57.3;199016448;0
99.7;201076736;0
99.7;201076736;0
149.6;201072640;0
33.2;199053312;0
100.8;206778368;0
199.5;245256192;0
243.7;274522112;0
200.7;299634688;0
255.7;320700416;0
232.7;346554368;0
266.0;370274304;0
302.4;388575232;0
249.3;390930432;0
143.3;203530240;0
186.4;206782464;0
85.2;202743808;0
99.7;205049856;0
99.7;206389248;0
67.2;203096064;0
0.0;205168640;0
99.7;205168640;0
117.6;207323136;0
133.0;205307904;0
116.4;205303808;0
99.4;205303808;0
114.7;205357056;0
100.3;205357056;0
149.6;207437824;0
100.8;203395072;0
49.9;203395072;0
0.0;203395072;0
49.9;205414400;0
0.0;203395072;0
67.2;203395072;0
0.0;203395072;0
66.5;203395072;0
0.0;203395072;0
49.9;203395072;0
0.0;203395072;0
49.9;203395072;0
0.0;203395072;0
66.5;205451264;0
57.3;203427840;0
42.6;210874368;0
200.7;246128640;0
143.3;279793664;0
198.9;307838976;0
157.7;329478144;0
198.9;353660928;0
151.2;382283776;0
199.5;391016448;0
232.7;206594048;0
117.6;204578816;0
182.8;207790080;0
149.6;205766656;0
85.2;205938688;0
100.3;205938688;0
129.0;206131200;0
113.6;208195584;0
114.7;206172160;0
129.0;208224256;0
142.0;206204928;0
71.7;206217216;0
99.4;206217216;0
143.3;206233600;0
100.3;206233600;0
170.5;208277504;0
100.3;204234752;0
71.7;206356480;0
56.8;204337152;0
86.0;206434304;0
85.2;206434304;0
129.0;206438400;0
117.6;208498688;0
99.4;204455936;0
28.7;206475264;0
100.3;206475264;0
85.2;206475264;0
100.3;206475264;0
142.0;206512128;0
100.3;206512128;0
28.7;204488704;0
170.5;235122688;0
114.7;272146432;0
200.7;299466752;0
227.3;320745472;0
286.7;344514560;0
249.3;371273728;0
282.6;388222976;0
201.6;392228864;0
149.6;205021184;0
166.2;208408576;0
57.3;204365824;0
100.8;206569472;0
83.1;204554240;0
99.7;206643200;0
83.1;206835712;0
99.4;206835712;0
57.3;206835712;0
100.3;206835712;0
142.0;208863232;0
129.0;206852096;0
129.0;206864384;0
99.4;206864384;0
114.7;206897152;0
99.4;204873728;0
71.7;206897152;0
100.3;206897152;0
113.6;206958592;0
14.3;204939264;0
100.8;206958592;0
66.5;206979072;0
99.7;206979072;0
83.1;207060992;0
83.1;205041664;0
33.6;207130624;0
66.5;205107200;0
49.9;207192064;0
100.3;207192064;0
71.7;205185024;0
198.9;238211072;0
215.0;273268736;0
198.9;292864000;0
200.7;314867712;0
200.7;333762560;0
170.5;360792064;0
199.5;388472832;0
229.4;395251712;0
166.2;208117760;0
133.0;209494016;0
99.7;209494016;0
182.8;211750912;0
100.8;209727488;0
199.5;211755008;0
116.4;211787776;0
201.6;211841024;0
186.4;211963904;0
129.0;209985536;0
198.9;212336640;0
129.0;212410368;0
200.7;210395136;0
85.2;211091456;0
100.3;211124224;0
142.0;213176320;0
114.7;211156992;0
143.3;213180416;0
156.2;211156992;0
66.5;211300352;0
100.8;211300352;0
83.1;211464192;0
99.7;211464192;0
149.6;211599360;0
99.7;213680128;0
168.0;211656704;0
116.4;213680128;0
149.6;211656704;0
16.8;209633280;0
172.0;236683264;0
170.5;261271552;0
200.7;292229120;0
216.1;320806912;0
282.6;334364672;0
218.4;359260160;0
199.5;381792256;0
166.2;395292672;0
168.0;215384064;0
143.3;216739840;0
99.4;216739840;0
157.7;216776704;0
71.0;214757376;0
116.4;216936448;0
114.7;219893760;0
129.0;216993792;0
99.4;217018368;0
100.3;217018368;0
86.0;217153536;0
99.4;217153536;0
133.0;217153536;0
99.7;217153536;0
116.4;217284608;0
67.2;215232512;0
83.1;217403392;0
83.1;215379968;0
100.3;217403392;0
57.3;215379968;0
99.7;217444352;0
116.4;219512832;0
99.7;217493504;0
116.4;217505792;0
100.3;217505792;0
43.0;217563136;0
99.4;217563136;0
86.0;217714688;0
100.8;217714688;0
66.5;220385280;0
199.5;250249216;0
232.7;279191552;0
198.9;303464448;0
172.0;322678784;0
200.7;346447872;0
166.2;374067200;0
199.5;396804096;0
199.5;257077248;0
114.7;227061760;0
129.0;225046528;0
99.4;225214464;0
100.3;225214464;0
49.9;225267712;0
99.7;225267712;0
67.2;225320960;0
99.7;225320960;0
116.4;225374208;0
100.3;225374208;0
143.3;225497088;0
99.7;223473664;0
99.7;225497088;0
116.4;227524608;0
99.4;225501184;0
133.0;225497088;0
33.6;223477760;0
71.7;225550336;0
99.7;225550336;0
83.1;225550336;0
43.0;223526912;0
100.3;225722368;0
66.5;225722368;0
