0.0;10514432;0
0.0;10514432;0
0.0;10514432;0
0.0;10514432;0
42.6;27070464;0
117.6;26701824;0
99.7;26710016;0
100.3;26767360;0
99.7;26791936;0
134.4;35074048;0
199.5;43253760;0
200.7;43384832;0
199.5;43364352;0
199.5;43429888;0
216.1;50241536;0
243.7;59547648;0
199.5;59568128;0
199.5;59625472;0
200.7;59703296;0
170.5;51511296;0
216.1;59752448;0
199.5;59711488;0
200.7;59711488;0
142.0;43765760;0
201.6;49283072;0
232.7;59867136;0
199.5;59846656;0
198.9;59916288;0
201.6;59985920;0
216.1;64147456;0
249.3;91996160;0
200.7;92008448;0
184.7;91996160;0
199.5;92008448;0
199.5;91987968;0
200.7;92127232;0
198.9;92147712;0
201.6;92155904;0
199.5;92188672;0
199.5;92217344;0
199.5;92246016;0
200.7;67444736;0
235.2;92426240;0
198.9;92426240;0
201.6;92426240;0
249.3;75317248;0
184.7;92454912;0
200.7;92454912;0
199.5;92454912;0
201.6;92454912;0
199.5;92454912;0
200.7;92467200;0
199.5;92426240;0
199.5;92463104;0
199.5;92463104;0
199.5;92479488;0
200.7;92626944;0
182.8;64245760;230
252.0;83365888;0
199.5;83382272;0
182.8;83390464;0
198.9;83390464;0
200.7;83410944;0
199.5;83484672;0
199.5;83517440;0
201.6;83517440;0
156.3;67219456;0
286.7;90619904;0
315.8;149106688;0
299.2;174755840;0
302.4;198455296;0
282.6;218730496;0
299.2;245157888;0
302.4;270557184;0
298.3;293928960;0
286.7;294879232;0
298.3;311312384;0
282.6;355549184;0
302.4;378609664;0
299.2;402665472;0
299.2;424423424;0
301.0;459714560;0
298.3;461172736;289
301.0;461238272;708
299.2;461238272;816
298.3;461238272;719
243.7;461340672;283
200.7;461340672;0
198.9;461373440;0
116.4;433307648;0
266.0;462393344;0
201.6;462393344;0
216.1;435621888;0
232.7;462389248;0
200.7;462389248;0
198.9;462389248;0
199.5;462389248;0
199.5;462389248;0
201.6;462389248;0
199.5;462389248;0
200.7;462389248;0
200.7;462389248;0
198.9;462397440;0
199.5;462397440;0
149.6;446365696;0
252.0;462479360;0
199.5;462479360;0
200.7;462479360;0
186.4;462479360;0
198.9;462479360;0
166.2;446447616;0
149.6;435793920;0
252.0;462483456;0
199.5;462483456;0
199.5;462479360;0
201.6;462479360;0
199.5;462479360;0
199.5;462479360;0
199.5;462479360;0
200.7;462479360;0
157.7;446443520;0
255.7;462479360;0
186.4;462479360;0
199.5;462479360;0
199.5;462479360;0
199.5;462479360;0
199.5;462479360;0
201.6;462479360;0
199.5;462479360;0
200.7;462479360;0
157.7;446443520;0
213.1;451334144;0
199.5;453165056;0
198.9;453165056;0
200.7;453165056;0
200.7;453165056;0
182.8;453165056;0
201.6;453165056;0
199.5;453165056;0
166.2;437911552;0
344.0;473878528;0
299.2;524128256;0
299.2;548474880;0
301.0;570691584;0
298.3;590876672;0
286.7;612937728;0
301.0;636194816;0
298.3;658526208;0
286.7;678518784;0
298.3;699842560;0
301.0;722792448;0
243.7;746622976;0
332.4;771448832;0
301.0;794169344;0
284.1;816066560;0
301.0;836956160;0
301.0;840122368;0
298.3;840122368;0
299.2;799698944;0
170.5;490520576;0
199.5;464261120;0
134.4;452014080;0
266.0;465391616;0
199.5;465395712;0
201.6;465395712;0
199.5;465395712;0
199.5;465395712;0
199.5;465395712;0
199.5;465395712;0
201.6;465395712;0
184.7;449327104;0
243.7;465461248;0
200.7;465461248;0
198.9;465461248;0
200.7;465461248;0
198.9;465461248;0
100.8;455155712;0
258.0;465563648;0
198.9;465563648;0
186.4;465563648;0
200.7;465563648;0
198.9;465563648;0
199.5;465563648;0
199.5;465563648;0
201.6;465563648;0
199.5;465575936;0
199.5;449540096;0
252.0;465661952;0
182.8;465674240;0
199.5;465674240;0
199.5;465686528;0
199.5;465686528;0
201.6;465686528;0
199.5;465686528;0
199.5;465686528;0
201.6;465686528;0
199.5;465686528;0
249.3;446722048;0
200.7;465846272;0
184.7;465846272;0
200.7;465846272;0
200.7;465846272;0
198.9;442490880;0
249.3;456519680;0
201.6;456519680;0
199.5;456519680;0
199.5;456519680;0
199.5;456519680;0
199.5;456519680;0
201.6;456519680;0
199.5;456519680;0
170.5;440483840;0
344.0;463556608;0
344.0;514723840;0
301.0;536293376;0
266.0;551788544;0
299.2;571654144;0
315.8;567709696;0
298.3;604520448;0
299.2;623611904;0
302.4;642105344;0
299.2;660578304;0
298.3;679014400;0
301.0;696991744;0
301.0;715800576;0
299.2;734298112;0
299.2;752087040;0
299.2;749928448;0
299.2;786808832;0
299.2;804704256;0
302.4;821702656;0
301.0;839110656;0
284.1;810418176;0
315.4;839598080;0
269.9;753954816;0
249.3;492580864;0
201.6;465346560;0
199.5;465346560;0
199.5;465358848;0
199.5;465362944;0
199.5;465371136;0
201.6;465379328;0
200.7;465387520;0
198.9;465387520;0
199.5;465387520;0
201.6;465387520;0
199.5;449384448;0
232.7;450539520;0
282.6;458420224;0
199.5;466628608;0
200.7;466628608;0
186.4;466628608;0
198.9;466628608;0
199.5;466628608;0
201.6;466628608;0
199.5;466628608;0
199.5;466628608;0
199.5;466628608;0
199.5;466628608;0
201.6;466628608;0
200.7;466628608;0
198.9;466657280;0
200.7;466694144;0
172.0;450666496;0
116.4;425717760;0
282.6;457506816;0
199.5;457506816;0
199.5;457506816;0
201.6;457506816;0
172.0;457506816;0
198.9;457498624;0
199.5;457498624;0
201.6;457531392;0
199.5;457535488;0
199.5;457543680;0
200.7;457555968;0
198.9;457568256;0
200.7;457576448;0
186.4;443392000;0
352.8;462778368;0
315.4;511787008;0
282.6;554532864;0
285.6;578269184;0
299.2;599105536;0
298.3;626102272;0
282.6;653615104;0
298.3;675205120;0
301.0;694726656;0
302.4;720121856;0
299.2;744382464;0
299.2;769605632;0
301.0;793784320;0
298.3;816959488;0
382.3;837857280;0
344.0;840912896;0
298.3;840912896;0
299.2;706494464;0
285.6;464113664;0
199.5;464113664;0
198.9;464113664;0
