0.0;10510336;0
0.0;10510336;0
0.0;10510336;0
14.2;12808192;0
99.7;26701824;0
99.7;26726400;0
100.3;26767360;0
99.7;26763264;0
100.8;27975680;0
213.1;43089920;0
200.7;43200512;0
199.5;43196416;0
200.7;43225088;0
198.9;43257856;0
302.4;59281408;0
199.5;59330560;0
200.7;59293696;0
198.9;59351040;0
184.8;43552768;0
266.0;59969536;0
200.7;59777024;0
199.5;59736064;0
199.5;59793408;0
182.8;43773952;0
186.4;59846656;0
199.5;59920384;0
199.5;59891712;0
200.7;59891712;0
198.9;59928576;0
266.0;92127232;0
199.5;91947008;0
200.7;92004352;0
170.5;75972608;0
168.0;59969536;0
266.0;92282880;0
199.5;92282880;0
198.9;92282880;0
201.6;92282880;0
199.5;92282880;0
182.8;92282880;0
201.6;92344320;0
198.9;92344320;0
200.7;92344320;0
199.5;92344320;0
201.6;76312576;0
133.0;63991808;0
258.0;93265920;0
199.5;64978944;230
232.7;83873792;0
199.5;83873792;0
199.5;83873792;0
201.6;83873792;0
184.7;83873792;0
200.7;83873792;0
199.5;83873792;0
199.5;83873792;0
199.5;83873792;0
200.7;83890176;0
200.7;83890176;0
199.5;83890176;0
201.6;83890176;0
199.5;83890176;0
200.7;83890176;0
198.9;83890176;0
201.6;83890176;0
199.5;83886080;0
216.1;64962560;0
387.0;114880512;0
352.8;150097920;0
299.2;174891008;0
225.0;191197184;0
298.3;207679488;0
301.0;222429184;0
284.1;240574464;0
286.7;255377408;0
301.0;272084992;0
298.3;286691328;0
301.0;304541696;0
302.4;317243392;0
284.1;335683584;0
282.6;352694272;0
299.2;368799744;0
299.2;386981888;0
301.0;402788352;0
340.9;404791296;0
299.2;441761792;0
301.0;463843328;0
298.3;461762560;412
301.0;461762560;692
299.2;461762560;618
286.7;461762560;763
215.0;458457088;330
255.7;462938112;0
201.6;462950400;0
199.5;462950400;0
199.5;462954496;0
182.8;462954496;0
199.5;462954496;0
186.4;462954496;0
198.9;462954496;0
229.4;441995264;0
215.0;462987264;0
199.5;462987264;0
199.5;462987264;0
199.5;462987264;0
201.6;462987264;0
199.5;462987264;0
200.7;463020032;0
143.3;431005696;0
266.0;463101952;0
199.5;463101952;0
199.5;463101952;0
200.7;463101952;0
200.7;463101952;0
198.9;463101952;0
200.7;463101952;0
200.7;463101952;0
199.5;447066112;0
249.3;463101952;0
199.5;463101952;0
201.6;463101952;0
199.5;463101952;0
199.5;463101952;0
201.6;463101952;0
199.5;463101952;0
200.7;463101952;0
184.7;438091776;0
216.1;453763072;0
200.7;453763072;0
184.7;437727232;0
272.4;449417216;0
332.4;513372160;0
302.4;540884992;0
299.2;565960704;0
299.2;583446528;0
299.2;608325632;0
299.2;633061376;0
302.4;657186816;0
299.2;678035456;0
284.1;693043200;0
227.3;709390336;0
301.0;727269376;0
301.0;745160704;0
298.3;759775232;0
299.2;774832128;0
299.2;790917120;0
298.3;782430208;0
382.3;825159680;0
301.0;840069120;0
301.0;840069120;0
284.1;840069120;0
216.1;560799744;0
184.8;469016576;0
199.5;469020672;0
199.5;469020672;0
199.5;469045248;0
199.5;469057536;0
201.6;453021696;0
199.5;450256896;0
216.1;470315008;0
201.6;470335488;0
199.5;470335488;0
198.9;470335488;0
200.7;470335488;0
198.9;470335488;0
200.7;470335488;0
200.7;470335488;0
213.1;443215872;0
249.3;470343680;0
201.6;470343680;0
182.8;470343680;0
199.5;470343680;0
199.5;470343680;0
241.5;460582912;0
200.7;470536192;0
201.6;470536192;0
199.5;470536192;0
199.5;470536192;0
201.6;470536192;0
199.5;470536192;0
199.5;470544384;0
199.5;470544384;0
199.5;470544384;0
201.6;470544384;0
199.5;470544384;0
266.0;453292032;0
200.7;470626304;0
157.7;467525632;0
216.1;446918656;0
332.4;479289344;0
315.8;526163968;0
299.2;549883904;0
299.2;572096512;0
284.1;589742080;0
301.0;613621760;0
302.4;636264448;0
299.2;659382272;0
282.6;678543360;0
301.0;698400768;0
301.0;722714624;0
269.9;742924288;0
299.2;765906944;0
299.2;788926464;0
299.2;811159552;0
285.6;830562304;0
299.2;839512064;0
299.2;839512064;0
272.4;813215744;0
168.0;559738880;0
199.5;444600320;0
213.1;467726336;0
200.7;467726336;0
198.9;467730432;0
199.5;467730432;0
201.6;467730432;0
199.5;467730432;0
199.5;467730432;0
201.6;467730432;0
199.5;467730432;0
199.5;467730432;0
199.5;467730432;0
199.5;467730432;0
201.6;467730432;0
199.5;467730432;0
198.9;467730432;0
186.4;467730432;0
100.3;435662848;0
255.7;442163200;0
249.3;467943424;0
182.8;467943424;0
199.5;467943424;0
201.6;467943424;0
199.5;467943424;0
198.9;467943424;0
200.7;467943424;0
200.7;467943424;0
199.5;467943424;0
199.5;467943424;0
199.5;467943424;0
199.5;467943424;0
201.6;467943424;0
199.5;467943424;0
184.7;467943424;0
243.7;467996672;0
200.7;468000768;0
200.7;468008960;0
142.0;451981312;0
99.7;451981312;0
99.7;451981312;0
99.7;451993600;0
100.8;451997696;0
100.3;451997696;0
99.4;451997696;0
299.2;434737152;0
255.7;458883072;0
200.7;458883072;0
200.7;458883072;0
198.9;458883072;0
199.5;458883072;0
201.6;458883072;0
199.5;458883072;0
198.9;458883072;0
200.7;458883072;0
198.9;458883072;0
200.7;458883072;0
200.7;458883072;0
198.9;458883072;0
199.5;458883072;0
201.6;458883072;0
133.0;442818560;0
312.5;453222400;0
329.7;503238656;0
199.5;516456448;0
302.4;571277312;0
282.6;589545472;0
298.3;614637568;0
299.2;639201280;0
229.4;659304448;0
299.2;679657472;0
299.2;701452288;0
302.4;726966272;0
299.2;751636480;0
284.1;774471680;0
272.4;794697728;0
302.4;817799168;0
349.1;815783936;0
319.2;841097216;0
272.4;841097216;0
255.7;667312128;0
186.4;467914752;0
199.5;467922944;0
199.5;467910656;0
168.0;451866624;0
232.7;454836224;0
198.9;468955136;0
199.5;468959232;0
201.6;468959232;0
199.5;468963328;0
199.5;468967424;0
199.5;468979712;0
