0.0;10498048;0
0.0;10498048;0
0.0;10498048;0
33.2;21008384;0
99.7;26677248;0
100.3;26689536;0
99.7;26742784;0
99.7;26759168;0
129.0;33673216;0
198.9;43167744;0
199.5;43315200;0
199.5;43286528;0
200.7;43380736;0
227.3;48640000;0
252.0;43401216;0
182.8;43511808;0
200.7;43552768;0
198.9;43581440;0
218.4;48492544;0
232.7;59740160;0
200.7;59740160;0
200.7;59740160;0
199.5;59740160;0
216.1;63778816;0
258.0;91865088;0
199.5;91865088;0
199.5;91865088;0
200.7;91865088;0
198.9;91865088;0
149.6;84664320;0
282.6;91987968;0
201.6;91987968;0
198.9;91987968;0
201.6;91987968;0
182.8;91987968;0
182.8;75952128;0
156.3;63410176;0
258.0;92114944;0
199.5;92114944;0
199.5;92114944;0
201.6;92114944;0
198.9;92114944;0
199.5;92114944;0
199.5;92164096;0
201.6;92172288;0
198.9;92172288;0
201.6;92205056;0
199.5;92299264;0
199.5;92356608;0
127.8;76320768;0
272.4;92577792;0
199.5;92606464;0
199.5;92622848;0
201.6;92729344;0
198.9;92655616;0
200.7;92655616;0
198.9;92721152;0
201.6;76648448;178
133.0;65806336;52
232.7;83505152;0
201.6;83509248;0
198.9;83394560;0
199.5;83304448;0
199.5;83419136;0
201.6;83431424;0
199.5;83505152;0
200.7;83517440;0
129.0;67186688;0
266.0;97722368;0
382.3;143527936;0
299.2;164503552;0
302.4;182968320;0
299.2;199835648;0
299.2;216846336;0
301.0;236564480;0
298.3;256438272;0
299.2;275439616;0
315.8;272494592;0
286.7;308731904;0
301.0;327426048;0
286.7;349831168;0
255.7;368549888;0
301.0;388382720;0
299.2;408436736;0
299.2;425533440;0
299.2;443301888;0
299.2;460992512;0
272.4;432926720;278
355.1;461824000;576
315.4;433680384;747
285.6;461864960;590
282.6;461828096;624
200.7;461828096;0
198.9;461828096;0
200.7;461828096;0
199.5;461828096;0
199.5;461828096;0
201.6;461828096;0
199.5;461828096;0
200.7;461828096;0
198.9;461828096;0
200.7;461828096;0
200.7;461828096;0
198.9;461828096;0
201.6;461828096;0
199.5;461828096;0
199.5;461828096;0
199.5;461828096;0
186.4;436834304;0
243.7;457256960;0
198.9;440283136;0
200.7;461824000;0
200.7;461824000;0
199.5;461824000;0
199.5;461824000;0
199.5;461824000;0
201.6;461824000;0
199.5;461824000;0
199.5;461824000;0
200.7;461824000;0
198.9;461824000;0
199.5;461824000;0
133.0;417476608;0
302.4;442306560;0
215.0;452489216;0
198.9;452489216;0
200.7;452489216;0
200.7;452489216;0
199.5;452489216;0
199.5;452489216;0
199.5;452489216;0
201.6;452489216;0
199.5;452489216;0
199.5;452489216;0
200.7;452489216;0
198.9;452489216;0
199.5;452489216;0
199.5;452489216;0
200.7;452489216;0
200.7;452489216;0
198.9;452489216;0
200.7;452489216;0
100.3;420417536;0
249.3;455790592;0
383.5;511401984;0
282.6;551944192;0
299.2;574951424;0
299.2;594427904;0
302.4;620044288;0
298.3;643616768;0
299.2;665247744;0
302.4;681345024;0
299.2;703152128;0
299.2;726388736;0
282.6;748457984;0
299.2;770494464;0
302.4;793542656;0
298.3;815583232;0
358.4;817459200;0
301.0;839782400;0
352.8;839782400;0
258.0;706519040;0
255.7;468279296;0
200.7;468279296;0
198.9;468279296;0
229.4;444207104;0
235.2;469458944;0
199.5;469458944;0
199.5;469458944;0
201.6;469458944;0
199.5;469458944;0
282.6;469540864;0
199.5;469540864;0
199.5;469540864;0
201.6;469540864;0
199.5;469540864;0
182.8;453509120;0
157.7;442875904;0
241.5;469729280;0
200.7;469733376;0
198.9;469737472;0
186.4;469737472;0
200.7;469741568;0
198.9;469749760;0
200.7;469749760;0
200.7;469749760;0
198.9;469766144;0
200.7;469766144;0
198.9;469778432;0
200.7;469778432;0
172.0;453754880;0
127.8;429109248;0
272.4;460673024;0
200.7;460673024;0
198.9;460685312;0
200.7;460685312;0
198.9;460685312;0
200.7;460685312;0
200.7;460685312;0
199.5;460685312;0
166.2;460685312;0
201.6;460685312;0
199.5;460713984;0
199.5;460713984;0
133.0;444682240;0
315.8;461709312;0
349.1;523374592;0
302.4;549396480;0
299.2;573886464;0
266.0;577617920;0
286.7;594927616;0
315.8;640217088;0
302.4;658620416;0
299.2;678477824;0
299.2;696025088;0
299.2;714629120;0
299.2;733941760;0
302.4;751890432;0
299.2;769269760;0
299.2;786862080;0
301.0;803053568;0
301.0;820506624;0
298.3;837984256;0
301.0;840056832;0
298.3;824020992;0
349.1;806928384;0
301.0;537153536;0
249.3;473202688;0
201.6;473202688;0
199.5;473202688;0
199.5;473206784;0
201.6;473206784;0
199.5;473206784;0
199.5;473206784;0
200.7;473206784;0
198.9;473206784;0
200.7;473206784;0
200.7;473206784;0
170.5;444948480;0
266.0;474034176;0
199.5;474034176;0
201.6;474034176;0
200.7;474034176;0
200.7;474034176;0
156.3;474034176;0
249.3;474181632;0
199.5;474181632;0
199.5;474181632;0
200.7;474181632;0
200.7;474185728;0
198.9;474193920;0
199.5;474206208;0
201.6;474218496;0
199.5;474230784;0
99.7;442191872;0
272.4;474263552;0
198.9;474263552;0
200.7;474267648;0
200.7;474267648;0
199.5;474267648;0
199.5;474267648;0
201.6;474267648;0
199.5;474267648;0
116.4;458231808;0
258.0;465027072;0
184.7;465027072;0
200.7;465027072;0
172.0;448991232;0
170.5;446926848;0
355.1;482930688;0
298.3;522231808;0
282.6;543059968;0
272.4;563392512;0
302.4;580894720;0
301.0;599666688;0
298.3;620916736;0
284.1;638976000;0
199.5;651001856;0
301.0;671223808;0
241.5;671862784;0
301.0;708780032;0
301.0;734912512;0
235.2;757530624;0
301.0;781758464;0
298.3;805605376;0
282.6;799469568;0
302.4;841711616;0
286.7;834084864;0
358.4;841715712;0
216.1;566239232;0
213.1;474501120;0
198.9;474501120;0
186.4;458465280;0
302.4;475725824;0
182.8;475734016;0
199.5;475742208;0
200.7;475746304;0
170.5;448929792;0
232.7;475914240;0
201.6;475926528;0
