7.2;55.5;24.3;2.2;0.0;1001.0
6.9;93.6;110.0;9.9;0.0;1001.0
7.1;137.6;143.3;8.4;0.0;1001.0
8.4;169.8;145.1;7.6;0.0;1001.0
8.3;200.8;75.1;5.7;0.0;1001.0
8.3;231.4;138.5;8.3;0.0;1001.0
8.4;283.3;3.7;18.5;0.0;1001.0
8.3;333.5;3.6;18.0;0.0;1001.0
8.4;380.4;3.5;17.5;0.0;1001.0
8.3;427.5;2.3;10.3;0.0;1001.0
8.4;480.6;0.0;0.0;0.0;1001.0
8.4;509.5;2.1;10.5;0.0;1001.0
8.4;502.9;271.2;11.0;0.0;1001.0
8.4;502.9;450.6;0.8;0.0;1001.0
8.3;509.0;32.0;0.2;0.0;1001.0
8.4;517.7;0.0;0.0;0.0;1001.0
8.3;525.7;0.8;0.0;0.0;1001.0
8.4;818.7;1.2;0.0;5.0;1175.0
0.0;1211.9;926.2;0.9;76.0;7956.0
2.8;1212.0;3678.9;0.8;0.0;7956.0
4.8;1212.4;3641.5;0.1;0.0;7956.0
8.3;1131.7;981.6;1.6;0.0;3799.0
