8.3;60.3;27.7;1.5;0.0;1001.0
8.4;103.6;116.4;10.6;0.0;1001.0
6.9;143.4;143.7;7.7;0.0;1001.0
5.5;177.9;138.6;7.1;0.0;1001.0
7.2;210.7;106.8;7.4;0.0;1001.0
8.3;248.9;90.5;12.1;0.0;1001.0
8.3;298.0;3.4;17.0;0.0;1001.0
8.3;345.5;3.5;17.5;0.0;1001.0
8.3;400.0;4.0;20.0;0.0;1001.0
8.4;443.4;1.0;3.8;0.0;1001.0
8.3;488.4;0.0;0.0;0.0;1001.0
8.4;532.5;4.0;20.0;0.0;1001.0
8.4;504.2;401.3;1.7;0.0;1001.0
8.4;505.3;350.2;0.7;0.0;1001.0
8.4;511.9;0.4;0.0;0.0;1001.0
8.3;520.2;0.8;0.0;0.0;1001.0
8.4;528.6;0.0;0.0;0.0;1013.0
8.3;890.5;1.2;0.0;5.0;1175.0
2.4;1211.7;1349.6;1.6;64.0;7956.0
2.8;1211.7;3694.4;0.0;0.0;7956.0
2.8;1212.0;3612.3;0.1;0.0;7956.0
8.4;986.4;571.9;1.6;0.0;1001.0
