0.0;10526720;0
0.0;10526720;0
0.0;10526720;0
0.0;10526720;0
0.0;10526720;0
57.3;14696448;0
99.7;14721024;0
151.2;18927616;0
198.9;19148800;0
218.4;23183360;0
199.5;23207936;0
200.7;27258880;0
142.0;23285760;0
201.6;23293952;0
199.5;23351296;0
215.0;31391744;0
199.5;31457280;0
199.5;27430912;0
184.7;31649792;0
200.7;31657984;0
199.5;31612928;0
199.5;31707136;0
200.7;31723520;0
184.7;31784960;0
199.5;31789056;0
182.8;27918336;0
258.0;32108544;0
199.5;32108544;0
201.6;32108544;0
199.5;32112640;0
175.0;32116736;0
186.4;32116736;0
198.9;24956928;0
129.0;21204992;0
229.4;32309248;0
198.9;32313344;0
184.8;32317440;0
199.5;32317440;0
199.5;32317440;0
198.9;32448512;0
129.0;23961600;0
215.0;32514048;0
198.9;32522240;0
201.6;32522240;0
199.5;32583680;0
200.7;32583680;0
199.5;32583680;0
201.6;28504064;173
116.4;31657984;104
186.4;32645120;0
200.7;32645120;0
199.5;32645120;0
199.5;32645120;0
200.7;32645120;0
200.7;32710656;0
216.1;32825344;0
168.0;32788480;0
199.5;32800768;0
200.7;32808960;0
198.9;32817152;0
201.6;32833536;0
199.5;32845824;0
149.6;24530944;0
235.2;32612352;0
198.9;32636928;0
199.5;32653312;0
199.5;32657408;0
151.2;32677888;0
182.8;32686080;0
157.7;21291008;0
218.4;32817152;0
198.9;32817152;0
200.7;32817152;0
199.5;32825344;0
201.6;32825344;0
198.9;32825344;0
200.7;32825344;0
83.1;26824704;0
199.5;32985088;0
182.8;32985088;0
199.5;32985088;0
201.6;32985088;0
198.9;32985088;0
200.7;32985088;0
133.0;24588288;0
133.0;32804864;0
199.5;32804864;0
199.5;32804864;0
200.7;32804864;0
198.9;32804864;0
201.6;32804864;0
199.5;32804864;0
66.5;24756224;0
170.5;32837632;0
200.7;32841728;0
200.7;32849920;0
199.5;32849920;0
201.6;32849920;0
199.5;32849920;0
199.5;32849920;0
182.8;27418624;0
133.0;28917760;0
200.7;32899072;0
184.7;28631040;0
157.7;32837632;0
199.5;32837632;0
199.5;32837632;0
166.2;32763904;0
200.7;32780288;0
200.7;32784384;0
199.5;32800768;0
134.4;24805376;0
166.2;32796672;0
199.5;32796672;0
199.5;32796672;0
200.7;32817152;0
200.7;32849920;0
198.9;32931840;0
201.6;32931840;0
116.4;25186304;0
232.7;32923648;0
199.5;32923648;0
199.5;32972800;0
201.6;32993280;0
198.9;32993280;0
200.7;32993280;0
172.0;28966912;0
133.0;25497600;0
199.5;32854016;0
199.5;32854016;0
201.6;32866304;0
199.5;32878592;0
199.5;32940032;0
201.6;32956416;0
184.7;28876800;0
172.0;32878592;0
198.9;32878592;0
201.6;32878592;0
199.5;32878592;0
199.5;32927744;0
151.2;28909568;0
216.1;33087488;0
200.7;33087488;0
198.9;33087488;0
200.7;33091584;0
200.7;33091584;0
199.5;33091584;0
67.2;23556096;0
216.1;33210368;0
199.5;33210368;0
199.5;33210368;0
199.5;33210368;0
201.6;33210368;0
199.5;33210368;0
172.0;32878592;0
200.7;32886784;0
198.9;32886784;0
200.7;32886784;0
198.9;32886784;0
200.7;32886784;0
200.7;32944128;0
241.5;33087488;0
200.7;33087488;0
200.7;33087488;0
199.5;33087488;0
199.5;33087488;0
199.5;33087488;0
168.0;24510464;0
215.0;32997376;0
198.9;32997376;0
200.7;32997376;0
200.7;32997376;0
198.9;32997376;0
200.7;32997376;0
216.1;32665600;0
201.6;32808960;0
200.7;32808960;0
199.5;32808960;0
201.6;32808960;0
199.5;32874496;0
199.5;32874496;0
182.8;32845824;0
199.5;32845824;0
200.7;32845824;0
199.5;32903168;0
199.5;32903168;0
201.6;32903168;0
199.5;28606464;0
142.0;25174016;0
199.5;32845824;0
199.5;32858112;0
199.5;32870400;0
201.6;32878592;0
199.5;32886784;0
199.5;32968704;0
151.2;24936448;0
199.5;33009664;0
199.5;33009664;0
199.5;33009664;0
199.5;33009664;0
200.7;33009664;0
199.5;33009664;0
184.7;28717056;0
86.0;25182208;0
201.6;32907264;0
199.5;32907264;0
199.5;32907264;0
199.5;32907264;0
199.5;32907264;0
201.6;32907264;0
133.0;24862720;0
216.1;32858112;0
201.6;32858112;0
199.5;32858112;0
199.5;32858112;0
199.5;32858112;0
182.8;32858112;0
200.7;32915456;0
71.7;25411584;0
186.4;32718848;0
198.9;32735232;0
200.7;32747520;0
200.7;32763904;0
199.5;32817152;0
199.5;32817152;0
83.1;24764416;0
182.8;32894976;0
168.0;32894976;0
199.5;32894976;0
199.5;32894976;0
201.6;32894976;0
199.5;32894976;0
170.5;32960512;0
200.7;32792576;0
198.9;32804864;0
200.7;32821248;0
201.6;32821248;0
199.5;32821248;0
199.5;32821248;0
134.4;28794880;0
149.6;28626944;0
216.1;32841728;0
200.7;32841728;0
182.8;32841728;0
200.7;32841728;0
200.7;32858112;0
142.0;24813568;0
143.3;32886784;0
200.7;32886784;0
199.5;32886784;0
199.5;32886784;0
199.5;32886784;0
199.5;32886784;0
201.6;32886784;0
49.9;22974464;0
213.1;32858112;0
200.7;32858112;0
200.7;32858112;0
198.9;32858112;0
199.5;32858112;0
199.5;32858112;0
66.5;24576000;0
172.0;32821248;0
200.7;32821248;0
198.9;32821248;0
200.7;32821248;0
200.7;32821248;0
198.9;32862208;0
200.7;28856320;0
56.8;22671360;0
213.1;32817152;0
200.7;32817152;0
201.6;32817152;0
199.5;32788480;0
199.5;32800768;0
201.6;32800768;0
116.4;24764416;0
199.5;32776192;0
199.5;32780288;0
198.9;32784384;0
200.7;32849920;0
200.7;32849920;0
199.5;32907264;0
182.8;28999680;0
151.2;32854016;0
199.5;32854016;0
199.5;32854016;0
199.5;32854016;0
170.5;28831744;0
172.0;28905472;0
200.7;32882688;0
198.9;32882688;0
199.5;32882688;0
201.6;32923648;0
199.5;32985088;0
198.9;33042432;0
199.5;29020160;0
149.6;33058816;0
186.4;33058816;0
157.7;29036544;0
