0.0;10498048;0
0.0;10498048;0
0.0;10498048;0
0.0;10498048;0
0.0;10498048;0
71.7;14622720;0
99.7;14651392;0
157.7;19058688;0
198.9;19132416;0
166.2;19181568;0
199.5;19222528;0
215.0;23379968;0
199.5;23379968;0
218.4;31457280;0
198.9;31457280;0
200.7;31543296;0
199.5;31440896;0
134.4;27435008;0
184.7;31604736;0
200.7;31604736;0
199.5;31604736;0
199.5;31604736;0
170.5;27820032;0
199.5;31789056;0
200.7;31793152;0
199.5;31793152;0
134.4;26091520;0
213.1;31850496;0
199.5;31850496;0
199.5;31850496;0
186.4;31940608;0
213.1;32022528;0
201.6;32022528;0
199.5;32022528;0
166.2;32022528;0
198.9;32030720;0
201.6;32043008;0
166.2;32088064;0
172.0;28073984;0
200.7;32223232;0
199.5;32317440;0
199.5;32448512;0
200.7;32477184;0
186.4;32448512;0
199.5;32501760;0
201.6;32501760;0
170.5;24469504;0
199.5;32477184;0
199.5;32538624;0
201.6;32538624;0
198.9;32604160;0
201.6;32604160;0
166.2;28528640;277
216.1;32751616;0
156.2;28733440;0
215.0;32653312;0
182.8;32653312;0
182.8;26660864;0
201.6;33419264;0
198.9;33419264;0
200.7;33419264;0
199.5;33419264;0
168.0;32657408;0
199.5;32661504;0
182.8;28639232;0
172.0;32669696;0
198.9;32673792;0
199.5;32673792;0
199.5;28647424;0
186.4;33468416;0
198.9;33468416;0
201.6;33468416;0
149.6;29442048;0
199.5;32718848;0
198.9;32718848;0
114.7;28442624;0
182.8;33251328;0
182.8;25251840;0
201.6;32616448;0
198.9;32636928;0
129.0;32755712;0
199.5;32763904;0
201.6;32681984;0
199.5;33427456;0
200.7;33427456;0
172.0;32493568;0
198.9;32497664;0
199.5;32559104;0
199.5;32559104;0
201.6;32600064;0
198.9;32833536;0
200.7;32837632;0
186.4;32837632;0
199.5;32837632;0
199.5;32837632;0
182.8;32837632;0
157.7;28508160;0
170.5;29261824;0
235.2;32694272;0
199.5;32694272;0
199.5;32694272;0
199.5;32759808;0
100.3;25284608;0
200.7;32739328;0
198.9;32796672;0
200.7;32796672;0
199.5;32796672;0
149.6;32948224;0
199.5;32948224;0
199.5;32944128;0
201.6;32944128;0
199.5;32948224;0
199.5;32952320;0
200.7;32952320;0
170.5;28925952;0
166.2;32944128;0
199.5;32956416;0
201.6;32956416;0
199.5;32956416;0
199.5;32956416;0
184.8;32952320;0
199.5;32952320;0
133.0;28930048;0
184.7;32944128;0
200.7;32792576;0
172.0;28778496;0
213.1;33009664;0
172.0;27586560;0
201.6;32956416;0
198.9;32956416;0
200.7;32956416;0
198.9;32956416;0
215.0;32706560;0
200.7;32706560;0
199.5;32837632;0
201.6;32837632;0
199.5;28811264;0
182.8;33124352;0
199.5;33128448;0
133.0;28667904;0
200.7;32989184;0
127.8;28966912;0
215.0;32997376;0
200.7;32997376;0
182.8;32997376;0
99.7;28299264;0
199.5;32817152;0
201.6;32817152;0
166.2;32825344;0
199.5;32882688;0
201.6;32882688;0
166.2;28860416;0
149.6;29024256;0
182.8;33996800;0
199.5;33996800;0
201.6;34004992;0
166.2;29982720;0
182.8;29995008;0
100.8;23900160;0
216.1;34136064;0
199.5;34136064;0
199.5;34136064;0
199.5;34136064;0
168.0;34164736;0
199.5;30142464;0
166.2;34197504;0
201.6;34197504;0
199.5;34197504;0
199.5;34197504;0
182.8;30171136;0
133.0;30179328;0
218.4;34205696;0
133.0;26984448;0
198.9;34209792;0
199.5;34209792;0
184.8;34279424;0
198.9;34279424;0
157.7;26230784;0
142.0;34357248;0
186.4;32989184;0
200.7;32989184;0
170.5;28962816;0
200.7;34017280;0
200.7;34033664;0
198.9;34033664;0
199.5;34033664;0
199.5;34037760;0
201.6;34037760;0
199.5;34037760;0
166.2;30257152;0
172.0;28008448;0
200.7;34115584;0
198.9;34119680;0
199.5;34127872;0
198.9;34131968;0
201.6;34144256;0
199.5;34164736;0
182.8;30248960;0
184.8;34275328;0
199.5;34283520;0
199.5;34283520;0
200.7;34283520;0
198.9;34283520;0
200.7;34283520;0
157.7;32968704;0
166.2;33845248;0
199.5;33849344;0
201.6;33849344;0
199.5;33849344;0
199.5;33849344;0
199.5;34037760;0
149.6;30015488;0
215.0;34050048;0
200.7;34050048;0
170.5;34086912;0
199.5;34086912;0
201.6;34086912;0
199.5;34086912;0
182.8;30060544;0
182.8;34127872;0
199.5;34127872;0
201.6;34197504;0
182.8;34193408;0
199.5;34222080;0
184.8;28708864;0
199.5;34226176;0
199.5;34226176;0
149.6;34230272;0
199.5;34230272;0
201.6;34230272;0
199.5;34230272;0
198.9;34230272;0
186.4;32919552;0
200.7;32919552;0
156.2;28893184;0
200.7;33980416;0
170.5;25976832;0
199.5;34041856;0
201.6;34058240;0
172.0;34107392;0
184.7;34107392;0
200.7;34107392;0
200.7;34131968;0
198.9;34131968;0
186.4;34131968;0
142.0;30105600;0
216.1;34136064;0
201.6;34168832;0
199.5;30167040;0
99.7;34189312;0
201.6;34189312;0
182.8;34189312;0
184.7;34189312;0
199.5;34189312;0
198.9;34189312;0
172.0;34226176;0
200.7;34226176;0
198.9;34226176;0
200.7;34230272;0
199.5;34230272;0
199.5;34230272;0
168.0;30208000;0
143.3;26669056;0
198.9;33931264;0
199.5;33931264;0
201.6;33931264;0
199.5;33931264;0
149.6;28581888;0
200.7;34029568;0
198.9;34045952;0
200.7;34062336;0
201.6;34062336;0
182.8;34062336;0
149.6;33939456;0
184.8;34168832;0
199.5;34177024;0
199.5;34177024;0
182.8;34177024;0
199.5;34177024;0
200.7;34177024;0
157.7;34242560;0
198.9;34242560;0
200.7;34275328;0
201.6;34275328;0
199.5;34275328;0
199.5;34275328;0
149.6;28303360;0
198.9;34385920;0
186.4;34385920;0
200.7;34385920;0
182.8;34385920;0
199.5;34385920;0
201.6;30363648;0
116.4;29020160;0
99.4;29020160;0
100.3;29020160;0
232.7;34000896;0
199.5;34000896;0
201.6;34000896;0
199.5;34000896;0
