0.0;10514432;0
0.0;10514432;0
0.0;10514432;0
0.0;10514432;0
49.9;14647296;0
100.8;14696448;0
156.2;19165184;0
201.6;19243008;0
182.8;19382272;0
200.7;19402752;0
198.9;23609344;0
201.6;23379968;0
216.1;31502336;0
200.7;31563776;0
182.8;31637504;0
133.0;27615232;0
170.5;31641600;0
200.7;31715328;0
199.5;31707136;0
199.5;31776768;0
117.6;23666688;0
213.1;31805440;0
199.5;31866880;0
199.5;31956992;0
201.6;31907840;0
156.2;27938816;0
218.4;32022528;0
199.5;32022528;0
133.0;27996160;0
227.3;32153600;0
172.0;28344320;0
229.4;25034752;0
216.1;33382400;0
201.6;26750976;0
199.5;32567296;0
200.7;28475392;80
149.6;32493568;197
201.6;32501760;0
186.4;32616448;0
186.4;33275904;0
182.8;32677888;0
199.5;32677888;0
199.5;32677888;0
186.4;32620544;0
184.7;32628736;0
200.7;32628736;0
199.5;32632832;0
116.4;28610560;0
184.7;32583680;0
186.4;32587776;0
216.1;33316864;0
199.5;33316864;0
129.0;31457280;0
213.1;33107968;0
200.7;27267072;0
199.5;33116160;0
201.6;33116160;0
199.5;33116160;0
129.0;28979200;0
200.7;33419264;0
199.5;33419264;0
199.5;33447936;0
186.4;29417472;0
143.3;33443840;0
166.2;33443840;0
168.0;33439744;0
198.9;33439744;0
186.4;33939456;0
198.9;33939456;0
201.6;33939456;0
199.5;33939456;0
199.5;33939456;0
200.7;33939456;0
149.6;29913088;0
199.5;33939456;0
199.5;33943552;0
200.7;33943552;0
198.9;33943552;0
172.0;29917184;0
200.7;33939456;0
199.5;33939456;0
199.5;33939456;0
66.5;23175168;0
215.0;33943552;0
198.9;33943552;0
100.8;26595328;0
116.4;27959296;0
198.9;33636352;0
199.5;33640448;0
199.5;33640448;0
184.8;32874496;0
170.5;32837632;0
200.7;32641024;0
199.5;32759808;0
199.5;32759808;0
166.2;28733440;0
149.6;33398784;0
218.4;33406976;0
198.9;33427456;0
201.6;33456128;0
199.5;33472512;0
199.5;33480704;0
127.8;29487104;0
215.0;32751616;0
172.0;26828800;0
198.9;33488896;0
201.6;33488896;0
199.5;33521664;0
199.5;33583104;0
113.6;28962816;0
157.7;33579008;0
200.7;33579008;0
199.5;33579008;0
201.6;33579008;0
166.2;29552640;0
157.7;29605888;0
184.7;33628160;0
201.6;33628160;0
199.5;33628160;0
166.2;33628160;0
201.6;33628160;0
182.8;29605888;0
215.0;33640448;0
198.9;27545600;0
200.7;33488896;0
200.7;33488896;0
198.9;33488896;0
201.6;33488896;0
166.2;33509376;0
199.5;33509376;0
166.2;29487104;0
172.0;33644544;0
200.7;33644544;0
198.9;28647424;0
172.0;33533952;0
200.7;33538048;0
184.7;32731136;0
143.3;28721152;0
213.1;33280000;0
201.6;33280000;0
199.5;33284096;0
199.5;33284096;0
168.0;29261824;0
149.6;33480704;0
166.2;32546816;0
198.9;32555008;0
200.7;32600064;0
200.7;32448512;0
198.9;32485376;0
200.7;32616448;0
186.4;32616448;0
156.2;28622848;0
182.8;32768000;0
199.5;32849920;0
151.2;25976832;0
199.5;33394688;0
182.8;33320960;0
201.6;33329152;0
199.5;33333248;0
166.2;29310976;0
166.2;32624640;0
199.5;32624640;0
200.7;32657408;0
170.5;29515776;0
186.4;33583104;0
200.7;33583104;0
199.5;33583104;0
133.0;29556736;0
199.5;32653312;0
117.6;27394048;0
200.7;32612352;0
199.5;32624640;0
201.6;32681984;0
182.8;28659712;0
149.6;33357824;0
199.5;33357824;0
166.2;33284096;0
201.6;33284096;0
182.8;29257728;0
216.1;33435648;0
201.6;33435648;0
199.5;33480704;0
200.7;33480704;0
198.9;33480704;0
200.7;33669120;0
200.7;33669120;0
198.9;33669120;0
186.4;33669120;0
200.7;33239040;0
184.7;33239040;0
200.7;33239040;0
170.5;29020160;0
199.5;33439744;0
172.0;29417472;0
170.5;32739328;0
200.7;32743424;0
200.7;32743424;0
199.5;32743424;0
216.1;33341440;0
199.5;33341440;0
216.1;33415168;0
218.4;32600064;0
199.5;32600064;0
199.5;32612352;0
201.6;32628736;0
199.5;32628736;0
149.6;33304576;0
157.7;29339648;0
170.5;32776192;0
200.7;32776192;0
200.7;32780288;0
199.5;32796672;0
149.6;28798976;0
201.6;33599488;0
199.5;28921856;0
182.8;33665024;0
182.8;33669120;0
198.9;33669120;0
200.7;33669120;0
172.0;33673216;0
198.9;33673216;0
200.7;33267712;0
129.0;29241344;0
156.2;29458432;0
200.7;33521664;0
113.6;24571904;0
216.1;33529856;0
184.8;25645056;0
199.5;32751616;0
199.5;32768000;0
200.7;32776192;0
200.7;33374208;0
184.7;29360128;0
172.0;33386496;0
198.9;33386496;0
199.5;33624064;0
184.8;33624064;0
182.8;33628160;0
227.3;33652736;0
200.7;25628672;0
201.6;33665024;0
199.5;33665024;0
166.2;33660928;0
182.8;29638656;0
170.5;32755712;0
200.7;32755712;0
215.0;33431552;0
170.5;33439744;0
199.5;33439744;0
134.4;26193920;0
200.7;33505280;0
213.1;32833536;0
186.4;33542144;0
199.5;33542144;0
182.8;32788480;0
201.6;32788480;0
182.8;33382400;0
199.5;33382400;0
134.4;29433856;0
215.0;33484800;0
198.9;22958080;0
182.8;33538048;0
199.5;33538048;0
199.5;33538048;0
201.6;33538048;0
182.8;33538048;0
142.0;25489408;0
143.3;33624064;0
200.7;33624064;0
199.5;33624064;0
182.8;33624064;0
199.5;33624064;0
198.9;33624064;0
28.7;27758592;0
215.0;32911360;0
229.4;25489408;0
213.1;33509376;0
172.0;33538048;0
201.6;33538048;0
166.2;29511680;0
133.0;33619968;0
199.5;33619968;0
156.2;29597696;0
157.7;33636352;0
200.7;32702464;0
166.2;28704768;0
199.5;33460224;0
201.6;33460224;0
216.1;33579008;0
127.8;24281088;0
215.0;33644544;0
199.5;33644544;0
149.6;33783808;0
201.6;33796096;0
129.0;25743360;0
142.0;33611776;0
200.7;33611776;0
134.4;25563136;0
182.8;33681408;0
199.5;33685504;0
