0.0;10510336;0
0.0;10510336;0
0.0;10510336;0
0.0;11403264;0
117.6;26705920;0
99.4;26734592;0
100.8;26755072;0
99.7;26771456;0
99.7;26787840;0
198.9;43106304;0
201.6;43147264;0
199.5;43323392;0
200.7;43360256;0
200.7;43401216;0
266.0;59461632;0
199.5;59461632;0
200.7;59502592;0
200.7;59502592;0
199.5;43495424;0
268.8;59637760;0
198.9;59637760;0
200.7;59637760;0
199.5;59637760;0
201.6;59629568;0
269.9;91938816;0
186.4;91668480;0
199.5;91807744;0
199.5;91922432;0
156.3;75837440;0
258.0;90382336;0
200.7;91992064;0
199.5;91992064;0
201.6;91992064;0
198.9;92012544;0
200.7;92016640;0
198.9;92151808;0
100.8;76115968;0
282.6;92168192;0
200.7;92241920;0
199.5;92241920;0
199.5;92241920;0
182.8;89649152;0
272.4;92540928;0
200.7;92545024;0
198.9;92545024;0
200.7;92545024;0
199.5;92545024;0
199.5;92545024;0
199.5;92569600;0
200.7;92594176;0
199.5;92606464;0
199.5;92639232;0
200.7;92647424;0
227.3;84389888;230
199.5;84455424;0
199.5;84455424;0
200.7;84459520;0
198.9;84463616;0
201.6;84463616;0
199.5;84463616;0
200.7;84463616;0
198.9;84463616;0
114.7;68427776;0
382.3;103972864;0
349.1;156753920;0
302.4;181907456;0
298.3;207343616;0
301.0;227016704;0
298.3;252968960;0
299.2;273977344;0
302.4;297578496;0
299.2;313708544;0
301.0;329211904;0
301.0;353460224;0
298.3;377540608;0
299.2;400908288;0
299.2;424562688;0
302.4;447381504;0
299.2;468303872;0
284.1;460677120;665
301.0;460746752;713
301.0;460746752;732
284.1;460746752;674
199.5;460713984;31
216.1;442871808;0
200.7;461783040;0
199.5;461783040;0
199.5;461783040;0
201.6;461783040;0
199.5;461783040;0
200.7;461783040;0
198.9;461824000;0
200.7;461824000;0
133.0;429780992;0
249.3;461819904;0
201.6;461819904;0
198.9;461819904;0
200.7;461819904;0
199.5;461819904;0
201.6;461819904;0
199.5;461819904;0
199.5;461819904;0
201.6;461819904;0
198.9;461819904;0
143.3;445788160;0
249.3;440307712;0
218.4;461824000;0
199.5;461824000;0
199.5;461824000;0
201.6;461824000;0
198.9;461824000;0
200.7;461824000;0
170.5;433876992;0
243.7;461828096;0
200.7;461828096;0
198.9;461828096;0
201.6;461828096;0
199.5;461828096;0
199.5;461828096;0
199.5;461828096;0
199.5;461828096;0
200.7;461828096;0
241.5;450150400;0
200.7;461824000;0
200.7;461824000;0
199.5;461824000;0
199.5;461824000;0
182.8;461824000;0
201.6;461824000;0
199.5;461824000;0
199.5;461824000;0
200.7;461824000;0
241.5;438902784;0
199.5;453001216;0
199.5;453001216;0
200.7;453001216;0
200.7;453005312;0
198.9;453005312;0
200.7;453005312;0
199.5;453005312;0
199.5;453005312;0
99.7;448389120;0
465.4;483110912;0
299.2;536154112;0
298.3;561537024;0
272.4;580165632;0
301.0;601346048;0
298.3;625479680;0
301.0;649211904;0
286.7;646475776;0
