0.0;10522624;0
0.0;10522624;0
0.0;10522624;0
0.0;10522624;0
113.6;26689536;0
99.7;26738688;0
99.7;26738688;0
100.3;26771456;0
99.7;26771456;0
218.4;43073536;0
198.9;43114496;0
200.7;43143168;0
166.2;43196416;0
201.6;43204608;0
269.9;59269120;0
201.6;59318272;0
199.5;59310080;0
199.5;59310080;0
198.9;59326464;0
252.0;75505664;0
166.2;59449344;0
199.5;59461632;0
200.7;59461632;0
198.9;59416576;0
266.0;91500544;0
199.5;91488256;0
200.7;91566080;0
198.9;91631616;0
201.6;91639808;0
149.6;75534336;0
258.0;91803648;0
198.9;91889664;0
201.6;91889664;0
199.5;91951104;0
199.5;91951104;0
200.7;91971584;0
198.9;92008448;0
199.5;92053504;0
199.5;92000256;0
201.6;92008448;0
184.7;76075008;0
151.2;64102400;0
232.7;92356608;0
199.5;92356608;0
198.9;92356608;0
215.0;68603904;0
232.7;92487680;0
199.5;92487680;0
200.7;92487680;0
198.9;92487680;0
199.5;92487680;0
199.5;92487680;0
200.7;92487680;0
198.9;92487680;0
201.6;92495872;0
199.5;92508160;0
199.5;92573696;0
198.9;92553216;0
200.7;92631040;0
199.5;92635136;0
166.2;65032192;230
252.0;83488768;0
198.9;83488768;0
200.7;83505152;0
227.3;66195456;0
315.8;115568640;0
302.4;155766784;0
299.2;175931392;0
299.2;193789952;0
302.4;215527424;0
298.3;226930688;0
301.0;246013952;0
298.3;263118848;0
301.0;281448448;0
301.0;299876352;0
298.3;314191872;0
301.0;332636160;0
286.7;352272384;0
284.1;355373056;0
262.5;371871744;0
286.7;413040640;0
284.1;414142464;0
301.0;442085376;0
302.4;463847424;0
298.3;460849152;399
301.0;460849152;776
301.0;460849152;721
298.3;460849152;738
232.7;460812288;181
199.5;460812288;0
201.6;460812288;0
199.5;460812288;0
200.7;444776448;0
157.7;435081216;0
227.3;461848576;0
200.7;461848576;0
199.5;461848576;0
201.6;461848576;0
199.5;461848576;0
200.7;461848576;0
143.3;445812736;0
227.3;461860864;0
199.5;461860864;0
199.5;461860864;0
201.6;461860864;0
182.8;461860864;0
143.3;445825024;0
286.7;461901824;0
198.9;461901824;0
199.5;461901824;0
199.5;461901824;0
201.6;461901824;0
199.5;461901824;0
216.1;437559296;0
229.4;461897728;0
198.9;461897728;0
200.7;461897728;0
198.9;461901824;0
200.7;461901824;0
200.7;461901824;0
198.9;461901824;0
200.7;461901824;0
199.5;461901824;0
199.5;461901824;0
199.5;461901824;0
199.5;461901824;0
157.7;432025600;0
216.1;452612096;0
227.3;434421760;0
349.1;482541568;0
299.2;523173888;0
302.4;542470144;0
298.3;560619520;0
298.3;580554752;0
299.2;593588224;0
282.6;613167104;0
299.2;632365056;0
302.4;650493952;0
299.2;670646272;0
299.2;686338048;0
243.7;703164416;0
285.6;721350656;0
199.5;747536384;0
312.5;767479808;0
269.9;783036416;0
299.2;805257216;0
286.7;826273792;0
241.5;838909952;0
299.2;839565312;0
301.0;839565312;0
