0.0;10506240;0
0.0;10506240;0
0.0;10506240;0
0.0;10506240;0
0.0;10506240;0
0.0;10506240;0
0.0;10506240;0
0.0;10506240;0
0.0;10506240;0
0.0;10506240;0
0.0;10506240;0
0.0;10506240;0
0.0;10506240;0
0.0;10506240;0
0.0;10506240;0
0.0;10506240;0
0.0;10506240;0
0.0;10506240;0
0.0;10506240;0
0.0;10506240;0
0.0;10506240;0
0.0;10506240;0
0.0;10506240;0
0.0;10506240;0
0.0;10506240;0
0.0;10506240;0
0.0;10506240;0
0.0;10506240;0
0.0;10506240;0
0.0;10506240;0
0.0;10506240;0
0.0;10506240;0
0.0;10506240;0
0.0;10506240;0
0.0;10506240;0
0.0;10506240;0
0.0;10518528;0
99.7;50946048;0
100.3;89485312;0
100.3;120897536;0
99.4;146509824;0
99.7;179838976;0
99.7;195530752;214
100.8;195530752;769
56.8;195497984;449
0.0;195497984;0
0.0;195497984;0
0.0;195497984;0
0.0;195497984;0
0.0;195497984;0
0.0;195497984;0
0.0;195497984;0
0.0;195497984;0
0.0;195497984;0
0.0;195497984;0
0.0;195497984;0
0.0;195497984;0
0.0;195497984;0
0.0;195497984;0
0.0;195497984;0
0.0;195497984;0
0.0;195497984;0
0.0;195497984;0
0.0;195497984;0
0.0;195497984;0
0.0;195497984;0
0.0;195497984;0
0.0;195497984;0
0.0;195497984;0
0.0;195497984;0
0.0;195497984;0
0.0;195497984;0
0.0;195497984;0
0.0;195497984;0
0.0;195497984;0
99.7;236494848;0
100.3;272433152;0
100.3;304472064;0
99.7;327192576;0
100.8;358133760;0
99.7;385110016;0
99.7;267554816;0
14.2;198774784;0
0.0;198774784;0
0.0;198774784;0
0.0;198774784;0
0.0;198774784;0
0.0;198774784;0
0.0;198774784;0
0.0;198774784;0
0.0;198774784;0
0.0;198774784;0
0.0;198774784;0
0.0;198774784;0
0.0;198774784;0
0.0;198774784;0
0.0;198774784;0
0.0;198774784;0
0.0;198774784;0
0.0;198774784;0
0.0;198774784;0
0.0;198774784;0
0.0;198774784;0
0.0;198774784;0
0.0;198774784;0
0.0;198774784;0
0.0;198774784;0
0.0;198774784;0
0.0;198774784;0
0.0;198774784;0
0.0;198774784;0
0.0;198774784;0
28.7;208429056;0
99.7;251666432;0
99.7;285978624;0
100.8;311668736;0
99.7;342687744;0
99.7;374407168;0
99.7;385110016;0
66.5;198615040;0
0.0;198615040;0
0.0;198615040;0
0.0;198615040;0
0.0;198615040;0
0.0;198615040;0
0.0;198615040;0
0.0;198615040;0
0.0;198615040;0
0.0;198615040;0
0.0;198615040;0
0.0;198615040;0
0.0;198615040;0
0.0;198615040;0
0.0;198615040;0
0.0;198615040;0
0.0;198615040;0
0.0;198615040;0
0.0;198615040;0
0.0;198615040;0
0.0;198615040;0
0.0;198615040;0
0.0;198615040;0
0.0;198615040;0
0.0;198615040;0
0.0;198615040;0
0.0;198615040;0
0.0;198615040;0
0.0;198615040;0
0.0;198615040;0
49.9;210481152;0
99.7;253247488;0
99.7;288006144;0
99.7;312520704;0
100.8;347160576;0
99.7;377528320;0
99.7;385667072;0
33.6;199491584;0
0.0;199491584;0
0.0;199491584;0
0.0;199491584;0
0.0;199491584;0
0.0;199491584;0
0.0;199491584;0
0.0;199491584;0
0.0;199491584;0
0.0;199491584;0
0.0;199491584;0
0.0;199491584;0
0.0;199491584;0
0.0;199491584;0
0.0;199491584;0
0.0;199491584;0
0.0;199491584;0
0.0;199491584;0
0.0;199491584;0
0.0;199491584;0
0.0;199491584;0
0.0;199491584;0
0.0;199491584;0
0.0;199491584;0
0.0;199491584;0
0.0;199491584;0
0.0;199491584;0
0.0;199491584;0
0.0;199491584;0
57.3;221978624;0
99.4;261525504;0
100.3;294764544;0
100.8;318734336;0
99.7;352878592;0
99.7;384872448;0
99.7;291721216;0
16.6;201084928;0
0.0;201084928;0
0.0;201084928;0
0.0;201084928;0
0.0;201084928;0
0.0;201084928;0
0.0;201084928;0
0.0;201084928;0
0.0;201084928;0
0.0;201084928;0
0.0;201084928;0
0.0;201084928;0
0.0;201084928;0
0.0;201084928;0
0.0;201084928;0
0.0;201084928;0
0.0;201084928;0
0.0;201084928;0
0.0;201084928;0
0.0;201084928;0
0.0;201084928;0
0.0;201084928;0
0.0;201084928;0
0.0;201084928;0
0.0;201084928;0
0.0;201084928;0
0.0;201084928;0
0.0;201084928;0
0.0;201084928;0
83.1;222937088;0
100.8;262692864;0
99.7;294928384;0
99.4;318902272;0
100.3;352636928;0
100.3;384602112;0
99.4;320593920;0
28.7;204042240;0
0.0;204042240;0
0.0;204042240;0
0.0;204042240;0
0.0;204042240;0
0.0;204042240;0
0.0;204042240;0
0.0;204042240;0
0.0;204042240;0
0.0;204042240;0
0.0;204042240;0
0.0;204042240;0
0.0;204042240;0
0.0;204042240;0
0.0;204042240;0
0.0;204042240;0
0.0;204042240;0
0.0;204042240;0
0.0;204042240;0
0.0;204042240;0
0.0;204042240;0
0.0;204042240;0
0.0;204042240;0
0.0;204042240;0
0.0;204042240;0
0.0;204042240;0
0.0;204042240;0
0.0;204042240;0
0.0;204042240;0
99.7;241786880;0
100.8;278401024;0
99.7;308736000;0
99.4;336519168;0
99.7;370614272;0
99.7;386031616;0
66.5;214532096;0
0.0;214532096;0
0.0;214532096;0
0.0;214532096;0
0.0;214532096;0
0.0;214532096;0
0.0;214532096;0
0.0;214532096;0
0.0;214532096;0
0.0;214532096;0
0.0;214532096;0
0.0;214532096;0
0.0;214532096;0
0.0;214532096;0
0.0;214532096;0
0.0;214532096;0
0.0;214532096;0
0.0;214532096;0
0.0;214532096;0
0.0;214532096;0
0.0;214532096;0
0.0;214532096;0
0.0;214532096;0
0.0;214532096;0
0.0;214532096;0
0.0;214532096;0
0.0;214532096;0
0.0;214532096;0
0.0;214532096;0
56.8;224215040;0
99.7;254951424;0
100.8;289030144;0
99.7;315527168;0
99.4;345407488;0
100.3;377786368;0
99.7;386101248;0
33.2;241860608;0
