0.0;10502144;0
0.0;10502144;0
0.0;10502144;0
0.0;10502144;0
0.0;10502144;0
0.0;10502144;0
0.0;10502144;0
0.0;10502144;0
0.0;10502144;0
0.0;10502144;0
0.0;10502144;0
0.0;10502144;0
0.0;10502144;0
0.0;10502144;0
0.0;10502144;0
0.0;10502144;0
0.0;10502144;0
0.0;10502144;0
0.0;10502144;0
0.0;10502144;0
0.0;10502144;0
0.0;10502144;0
0.0;10502144;0
0.0;10502144;0
0.0;10502144;0
0.0;10502144;0
0.0;10502144;0
0.0;10502144;0
0.0;10502144;0
0.0;10502144;0
0.0;10502144;0
0.0;10502144;0
0.0;10502144;0
0.0;10502144;0
0.0;10502144;0
0.0;10502144;0
0.0;10502144;0
56.8;34988032;0
100.3;75882496;0
99.7;108953600;0
99.7;132616192;0
100.8;167002112;0
99.4;197304320;0
100.3;195502080;626
99.7;195502080;748
0.0;195473408;58
0.0;195473408;0
0.0;195473408;0
0.0;195473408;0
0.0;195473408;0
0.0;195473408;0
0.0;195473408;0
0.0;195473408;0
0.0;195473408;0
0.0;195473408;0
0.0;195473408;0
0.0;195473408;0
0.0;195473408;0
0.0;195473408;0
0.0;195473408;0
0.0;195473408;0
0.0;195473408;0
0.0;195473408;0
0.0;195473408;0
0.0;195473408;0
0.0;195473408;0
0.0;195473408;0
0.0;195473408;0
0.0;195473408;0
0.0;195473408;0
0.0;195473408;0
0.0;195473408;0
0.0;195473408;0
0.0;195473408;0
0.0;195473408;0
100.8;225206272;0
99.7;263286784;0
100.3;296673280;0
99.4;320049152;0
100.8;353865728;0
99.7;385064960;0
99.7;249835520;0
0.0;198017024;0
0.0;198017024;0
0.0;198017024;0
0.0;198017024;0
0.0;198017024;0
0.0;198017024;0
0.0;198017024;0
0.0;198017024;0
0.0;198017024;0
0.0;198017024;0
0.0;198017024;0
0.0;198017024;0
0.0;198017024;0
0.0;198017024;0
0.0;198017024;0
0.0;198017024;0
0.0;198017024;0
0.0;198017024;0
0.0;198017024;0
0.0;198017024;0
0.0;198017024;0
0.0;198017024;0
0.0;198017024;0
0.0;198017024;0
0.0;198017024;0
0.0;198017024;0
0.0;198017024;0
0.0;198017024;0
0.0;198017024;0
0.0;198017024;0
0.0;198017024;0
99.7;237371392;0
99.7;273936384;0
99.7;304734208;0
100.8;329531392;0
99.4;361398272;0
100.3;385093632;0
99.7;211234816;0
0.0;198541312;0
0.0;198541312;0
0.0;198541312;0
0.0;198541312;0
0.0;198541312;0
0.0;198541312;0
0.0;198541312;0
0.0;198541312;0
0.0;198541312;0
0.0;198541312;0
0.0;198541312;0
0.0;198541312;0
0.0;198541312;0
0.0;198541312;0
0.0;198541312;0
0.0;198541312;0
0.0;198541312;0
0.0;198541312;0
0.0;198541312;0
0.0;198541312;0
0.0;198541312;0
0.0;198541312;0
0.0;198541312;0
0.0;198541312;0
0.0;198541312;0
0.0;198541312;0
0.0;198541312;0
0.0;198541312;0
0.0;198541312;0
0.0;198541312;0
50.4;220545024;0
100.3;261361664;0
99.4;295555072;0
100.3;319578112;0
99.4;352686080;0
100.3;384471040;0
100.3;315502592;0
14.2;199254016;0
0.0;199254016;0
0.0;199254016;0
0.0;199254016;0
0.0;199254016;0
0.0;199254016;0
0.0;199254016;0
0.0;199254016;0
0.0;199254016;0
0.0;199254016;0
0.0;199254016;0
0.0;199254016;0
0.0;199254016;0
0.0;199254016;0
0.0;199254016;0
0.0;199254016;0
0.0;199254016;0
0.0;199254016;0
0.0;199254016;0
0.0;199254016;0
0.0;199254016;0
0.0;199254016;0
0.0;199254016;0
0.0;199254016;0
0.0;199254016;0
0.0;199254016;0
0.0;199254016;0
0.0;199254016;0
0.0;199254016;0
28.7;206508032;0
99.4;250015744;0
100.3;284364800;0
99.4;311963648;0
99.7;342335488;0
100.8;372445184;0
99.7;385695744;0
66.5;201359360;0
0.0;201359360;0
0.0;201359360;0
0.0;201359360;0
0.0;201359360;0
0.0;201359360;0
0.0;201359360;0
0.0;201359360;0
0.0;201359360;0
0.0;201359360;0
0.0;201359360;0
0.0;201359360;0
0.0;201359360;0
0.0;201359360;0
0.0;201359360;0
0.0;201359360;0
0.0;201359360;0
0.0;201359360;0
0.0;201359360;0
0.0;201359360;0
0.0;201359360;0
0.0;201359360;0
0.0;201359360;0
0.0;201359360;0
0.0;201359360;0
0.0;201359360;0
0.0;201359360;0
0.0;201359360;0
0.0;201359360;0
0.0;201359360;0
117.6;242278400;0
99.7;278147072;0
99.7;308977664;0
100.3;334422016;0
99.4;368177152;0
100.3;385642496;0
84.0;204320768;0
0.0;204320768;0
0.0;204320768;0
0.0;204320768;0
0.0;204320768;0
0.0;204320768;0
0.0;204320768;0
0.0;204320768;0
0.0;204320768;0
0.0;204320768;0
0.0;204320768;0
0.0;204320768;0
0.0;204320768;0
0.0;204320768;0
0.0;204320768;0
0.0;204320768;0
0.0;204320768;0
0.0;204320768;0
0.0;204320768;0
0.0;204320768;0
0.0;204320768;0
0.0;204320768;0
0.0;204320768;0
0.0;204320768;0
0.0;204320768;0
0.0;204320768;0
0.0;204320768;0
0.0;204320768;0
0.0;204320768;0
0.0;204320768;0
49.9;224096256;0
99.7;260431872;0
100.8;294051840;0
99.7;316080128;0
99.4;350572544;0
100.3;382570496;0
100.3;337244160;0
16.6;214654976;0
0.0;214654976;0
0.0;214654976;0
0.0;214654976;0
0.0;214654976;0
0.0;214654976;0
0.0;214654976;0
0.0;214654976;0
0.0;214654976;0
0.0;214654976;0
0.0;214654976;0
0.0;214654976;0
0.0;214654976;0
0.0;214654976;0
0.0;214654976;0
0.0;214654976;0
0.0;214654976;0
0.0;214654976;0
0.0;214654976;0
0.0;214654976;0
0.0;214654976;0
0.0;214654976;0
0.0;214654976;0
0.0;214654976;0
0.0;214654976;0
0.0;214654976;0
0.0;214654976;0
0.0;214654976;0
0.0;214654976;0
99.7;233549824;0
99.4;271056896;0
100.3;303198208;0
100.8;328310784;0
99.7;361336832;0
