0.0;10502144;0
0.0;10502144;0
0.0;10502144;0
14.3;13598720;0
99.7;26660864;0
100.8;26705920;0
99.4;26742784;0
99.7;26767360;0
83.1;27430912;0
201.6;43065344;0
198.9;43089920;0
201.6;43151360;0
182.8;43220992;0
200.7;43229184;0
269.9;59379712;0
201.6;59273216;0
199.5;59289600;0
200.7;59330560;0
199.5;59330560;0
166.2;75440128;0
99.7;75427840;0
157.7;59359232;0
199.5;59412480;0
199.5;59469824;0
258.0;91516928;0
198.9;91516928;0
199.5;91598848;0
199.5;75587584;0
100.3;75587584;0
99.4;75571200;0
268.8;91742208;0
199.5;91799552;0
200.7;91803648;0
198.9;91803648;0
201.6;91799552;0
199.5;91807744;0
200.7;91807744;0
200.7;91791360;0
199.5;91791360;0
199.5;91799552;0
129.0;75780096;0
100.3;75780096;0
149.6;65200128;0
252.0;91996160;0
199.5;91996160;0
200.7;91996160;0
198.9;91996160;0
201.6;91996160;0
149.6;76034048;0
100.3;76034048;0
100.3;76021760;0
232.7;92336128;0
199.5;92344320;0
199.5;92348416;0
200.7;92348416;0
198.9;92348416;0
201.6;92352512;0
199.5;92413952;0
199.5;92508160;0
198.9;92549120;0
149.6;76533760;0
100.8;76533760;0
133.0;76447744;215
182.8;76742656;15
117.6;67284992;0
99.4;67284992;0
232.7;73928704;0
340.9;133492736;0
286.7;156164096;0
286.7;175468544;0
299.2;194834432;0
302.4;215056384;0
299.2;230989824;0
299.2;251056128;0
299.2;270884864;0
299.2;291389440;0
302.4;309379072;0
299.2;324521984;0
299.2;342716416;0
302.4;361938944;0
298.3;382410752;0
298.3;401575936;0
299.2;420134912;0
199.5;428847104;0
117.6;442257408;0
249.3;445677568;623
199.5;445665280;627
336.0;461737984;557
299.2;461737984;696
232.7;461705216;312
198.9;461705216;0
200.7;461705216;0
200.7;461705216;0
199.5;461705216;0
201.6;461705216;0
199.5;461705216;0
199.5;461705216;0
199.5;461705216;0
143.3;445685760;0
100.3;445685760;0
99.4;445673472;0
268.8;461705216;0
199.5;461705216;0
199.5;461705216;0
199.5;461705216;0
172.0;445685760;0
100.3;445685760;0
156.2;434122752;0
215.0;461705216;0
200.7;461705216;0
198.9;461705216;0
199.5;461705216;0
199.5;461705216;0
201.6;461705216;0
199.5;461705216;0
200.7;461705216;0
200.7;461705216;0
198.9;461705216;0
200.7;461705216;0
198.9;461705216;0
143.3;445685760;0
100.3;445685760;0
116.4;431808512;0
252.0;461709312;0
199.5;461709312;0
199.5;461709312;0
149.6;445689856;0
99.7;445689856;0
218.4;440889344;0
216.1;461709312;0
199.5;461709312;0
201.6;461709312;0
199.5;461709312;0
200.7;461709312;0
184.7;461705216;0
200.7;461705216;0
200.7;461705216;0
199.5;461705216;0
201.6;461705216;0
199.5;461705216;0
199.5;445685760;0
99.7;445685760;0
100.3;445669376;0
200.7;452362240;0
198.9;452362240;0
200.7;452362240;0
201.6;452362240;0
166.2;436342784;0
99.7;436342784;0
99.7;444203008;0
340.9;467058688;0
332.4;520376320;0
302.4;544382976;0
298.3;567037952;0
299.2;583970816;0
302.4;608387072;0
299.2;632115200;0
298.3;655282176;0
301.0;675762176;0
298.3;696365056;0
301.0;720670720;0
301.0;741519360;0
241.5;748474368;0
200.7;773128192;0
286.7;788082688;0
302.4;828952576;0
282.6;838643712;0
299.2;838643712;0
282.6;838643712;0
198.9;477233152;0
200.7;465809408;0
129.0;449789952;0
99.4;449789952;0
200.7;445620224;0
201.6;466980864;0
198.9;466980864;0
200.7;466980864;0
198.9;466980864;0
200.7;466980864;0
186.4;466980864;0
99.4;450961408;0
100.3;450973696;0
129.0;437628928;0
232.7;467103744;0
199.5;467103744;0
199.5;467103744;0
182.8;451084288;0
100.8;451084288;0
99.7;451072000;0
241.5;467271680;0
186.4;467271680;0
200.7;467271680;0
198.9;467275776;0
200.7;467275776;0
156.2;451256320;0
100.3;451256320;0
100.8;451244032;0
99.7;451244032;0
99.7;451244032;0
100.8;451244032;0
99.7;451244032;0
99.7;451244032;0
66.5;435224576;0
0.0;435224576;0
172.0;429207552;0
285.6;467324928;0
182.8;467329024;0
199.5;467333120;0
201.6;467345408;0
199.5;467361792;0
198.9;467386368;0
200.7;467398656;0
198.9;467410944;0
199.5;467423232;0
201.6;467435520;0
199.5;467460096;0
198.9;467480576;0
200.7;467492864;0
200.7;467492864;0
198.9;467492864;0
200.7;467533824;0
199.5;467533824;0
199.5;467578880;0
168.0;451559424;0
0.0;451559424;0
0.0;435523584;0
143.3;442261504;0
100.8;442249216;0
382.3;472137728;0
319.2;529301504;0
299.2;554819584;0
298.3;580059136;0
301.0;597770240;0
299.2;621199360;0
299.2;644988928;0
286.7;668913664;0
286.7;685252608;0
286.7;704352256;0
298.3;727220224;0
269.9;751124480;0
266.0;769970176;0
302.4;792350720;0
301.0;814993408;0
299.2;836509696;0
249.3;823603200;0
199.5;823603200;0
298.3;816107520;0
232.7;516096000;0
114.7;453767168;0
100.8;453750784;0
266.0;470999040;0
199.5;471003136;0
201.6;471015424;0
200.7;471015424;0
199.5;471015424;0
199.5;471044096;0
199.5;471044096;0
199.5;471072768;0
201.6;471072768;0
200.7;471101440;0
198.9;471101440;0
200.7;471101440;0
200.7;471130112;0
199.5;471130112;0
16.6;455110656;0
0.0;439046144;0
172.0;455696384;0
99.4;455680000;0
266.0;471699456;0
201.6;471666688;0
199.5;471695360;0
198.9;471695360;0
200.7;471695360;0
200.7;471695360;0
182.8;471695360;0
199.5;471695360;0
199.5;471707648;0
199.5;471707648;0
200.7;471719936;0
200.7;471719936;0
182.8;471719936;0
199.5;471719936;0
200.7;471719936;0
157.7;455700480;0
99.7;455700480;0
49.9;439664640;0
182.8;455725056;0
99.4;459612160;0
266.0;471773184;0
201.6;471773184;0
200.7;471773184;0
198.9;471785472;0
199.5;471797760;0
201.6;471797760;0
199.5;471801856;0
198.9;471842816;0
200.7;471855104;0
198.9;471855104;0
200.7;471867392;0
201.6;471871488;0
