0.0;10493952;0
0.0;10493952;0
0.0;10493952;0
0.0;10493952;0
0.0;11726848;0
99.7;26660864;0
100.3;26726400;0
99.7;26755072;0
100.8;26771456;0
99.4;26787840;0
215.0;43024384;0
199.5;43098112;0
201.6;43102208;0
198.9;43184128;0
201.6;43188224;0
266.0;59383808;0
199.5;59457536;0
198.9;59461632;0
151.2;43454464;0
99.7;43520000;0
232.7;59584512;0
200.7;59572224;0
198.9;59637760;0
199.5;59678720;0
199.5;59678720;0
258.0;91856896;0
199.5;91869184;0
201.6;91787264;0
116.4;75767808;0
100.3;75886592;0
255.7;92057600;0
201.6;92065792;0
199.5;92073984;0
157.7;76054528;0
100.3;76054528;0
113.6;81760256;0
282.6;92815360;0
199.5;92815360;0
200.7;92815360;0
198.9;92815360;0
184.8;92815360;0
199.5;92274688;0
200.7;92336128;0
198.9;92258304;0
201.6;92278784;0
199.5;92237824;0
186.4;92278784;0
143.3;76398592;0
99.4;76398592;0
157.7;55795712;0
127.8;77611008;0
235.2;83156992;230
199.5;83189760;0
199.5;83222528;0
200.7;83222528;0
198.9;83222528;0
199.5;83222528;0
199.5;83222528;0
201.6;83222528;0
198.9;83222528;0
200.7;83222528;0
199.5;83222528;0
199.5;83222528;0
199.5;83279872;0
199.5;83279872;0
200.7;83279872;0
198.9;83415040;0
117.6;67395584;0
99.7;67395584;0
33.2;51359744;0
0.0;51359744;0
227.3;97316864;0
358.4;132313088;0
301.0;178696192;0
298.3;203026432;0
301.0;221962240;0
286.7;242692096;0
298.3;266436608;0
301.0;289189888;0
298.3;309014528;0
301.0;327274496;0
301.0;353603584;0
299.2;376975360;0
301.0;400117760;0
301.0;422608896;0
298.3;443641856;0
301.0;467050496;0
299.2;460840960;508
299.2;460840960;738
302.4;460840960;740
299.2;460840960;711
166.2;444784640;118
28.7;444784640;0
16.6;412852224;0
149.6;445816832;0
133.0;433750016;0
216.1;461860864;0
200.7;461860864;0
198.9;461860864;0
200.7;461860864;0
199.5;461860864;0
199.5;461860864;0
199.5;461860864;0
199.5;461860864;0
200.7;461860864;0
99.4;445841408;0
71.7;429805568;0
166.2;433709056;0
99.4;445820928;0
282.6;461856768;0
199.5;461856768;0
201.6;461856768;0
182.8;461856768;0
199.5;461856768;0
200.7;461856768;0
198.9;461856768;0
200.7;461856768;0
198.9;461856768;0
201.6;461856768;0
199.5;461856768;0
199.5;461856768;0
201.6;461856768;0
199.5;461856768;0
116.4;445837312;0
71.0;445837312;0
14.3;435834880;0
168.0;445878272;0
127.8;430600192;0
243.7;452562944;0
200.7;452562944;0
198.9;452562944;0
200.7;452562944;0
199.5;452562944;0
201.6;452562944;0
199.5;452562944;0
199.5;452562944;0
201.6;452562944;0
199.5;452562944;0
199.5;452562944;0
199.5;452562944;0
200.7;452562944;0
129.0;436543488;0
71.0;436543488;0
57.3;411996160;0
301.0;471748608;0
315.8;512450560;0
298.3;550035456;0
299.2;567394304;0
299.2;582582272;0
299.2;602181632;0
302.4;620806144;0
298.3;638611456;0
301.0;656199680;0
301.0;675803136;0
298.3;691924992;0
286.7;710828032;0
232.7;724762624;0
299.2;742481920;0
302.4;759226368;0
299.2;775163904;0
299.2;792514560;0
302.4;793235456;0
199.5;815251456;0
213.1;808419328;0
182.8;823394304;0
199.5;823382016;0
243.7;525471744;0
243.7;476323840;0
198.9;476327936;0
199.5;476327936;0
199.5;476340224;0
199.5;476340224;0
201.6;476381184;0
199.5;476381184;0
199.5;476422144;0
201.6;476422144;0
199.5;476422144;0
199.5;476430336;0
199.5;476459008;0
199.5;476471296;0
201.6;476471296;0
149.6;460451840;0
99.7;460451840;0
184.8;454447104;0
200.7;461426688;0
99.4;461426688;0
100.3;455458816;0
255.7;472768512;0
200.7;472768512;0
200.7;472797184;0
199.5;472809472;0
199.5;472809472;0
201.6;472809472;0
199.5;472838144;0
199.5;472846336;0
199.5;472846336;0
199.5;472846336;0
201.6;472846336;0
199.5;472858624;0
85.2;456839168;0
0.0;456839168;0
50.4;427008000;0
166.2;456925184;0
166.2;447934464;0
216.1;463634432;0
199.5;463638528;0
200.7;463642624;0
199.5;463650816;0
199.5;463659008;0
200.7;463671296;0
200.7;463671296;0
198.9;463671296;0
200.7;463683584;0
127.8;447664128;0
100.3;447664128;0
157.7;441409536;0
350.0;498814976;0
243.7;521207808;0
298.3;546394112;0
286.7;554512384;0
201.6;573992960;0
216.1;588656640;0
349.1;641867776;0
298.3;663904256;0
286.7;682389504;0
301.0;702066688;0
298.3;725995520;0
301.0;749666304;0
301.0;773267456;0
282.6;792272896;0
299.2;812838912;0
302.4;834674688;0
299.2;839716864;0
298.3;839716864;0
272.4;677421056;0
232.7;476057600;0
99.7;460038144;0
100.8;460021760;0
266.0;477306880;0
199.5;477306880;0
168.0;461287424;0
99.7;461287424;0
133.0;448634880;0
229.4;477396992;0
198.9;477396992;0
200.7;477396992;0
201.6;477396992;0
199.5;477396992;0
199.5;477396992;0
186.4;477396992;0
201.6;477396992;0
199.5;477396992;0
116.4;461377536;0
99.7;461377536;0
66.5;432148480;0
151.2;460992512;0
166.2;453328896;0
216.1;477798400;0
200.7;477798400;0
200.7;477798400;0
198.9;477798400;0
199.5;477798400;0
199.5;477798400;0
199.5;477798400;0
201.6;477798400;0
199.5;477798400;0
198.9;477798400;0
200.7;477798400;0
200.7;477798400;0
198.9;477798400;0
199.5;477798400;0
149.6;461754368;0
0.0;461754368;0
33.2;430317568;0
151.2;461836288;0
149.6;451772416;0
213.1;468561920;0
200.7;468561920;0
200.7;468561920;0
198.9;468574208;0
199.5;468574208;0
199.5;468578304;0
199.5;468578304;0
186.4;468578304;0
200.7;468578304;0
199.5;452558848;0
99.7;452558848;0
100.8;452546560;0
216.1;443039744;0
299.2;505200640;0
227.3;519069696;0
326.7;571592704;0
286.7;591175680;0
299.2;616841216;0
299.2;641327104;0
301.0;664743936;0
299.2;698798080;0
302.4;723574784;0
299.2;747126784;0
299.2;771526656;0
