0.0;10526720;0
0.0;10526720;0
0.0;10526720;0
0.0;10526720;0
28.7;13975552;0
113.6;18706432;0
117.6;23367680;0
199.5;27176960;0
216.1;32927744;0
216.1;35287040;0
229.4;40984576;0
199.5;51412992;0
199.5;51412992;0
200.7;51458048;0
198.9;51490816;0
199.5;51535872;0
182.8;43528192;0
114.7;30027776;0
249.3;51789824;0
201.6;51793920;0
199.5;51744768;0
200.7;51847168;0
199.5;51855360;0
201.6;51851264;0
198.9;51871744;0
201.6;51965952;0
199.5;51945472;0
199.5;51945472;0
182.8;43925504;0
157.7;42033152;0
200.7;52101120;0
199.5;52248576;0
201.6;52260864;0
184.7;52293632;0
200.7;52260864;0
199.5;52301824;0
200.7;52342784;0
198.9;52297728;0
201.6;52477952;0
199.5;52494336;0
200.7;52494336;0
198.9;52494336;0
151.2;44457984;0
166.2;44568576;0
186.4;52629504;0
200.7;52666368;0
198.9;52674560;0
199.5;52686848;0
199.5;52748288;0
200.7;52748288;0
198.9;52813824;0
201.6;52879360;0
199.5;52895744;0
143.3;41369600;0
213.1;53018624;0
201.6;53035008;0
199.5;53051392;0
199.5;53051392;0
200.7;53080064;0
184.7;53063680;0
199.5;53063680;0
199.5;53071872;0
201.6;53116928;0
198.9;53116928;0
201.6;53186560;0
199.5;53186560;0
199.5;53186560;0
156.2;45150208;0
186.4;53399552;0
199.5;53399552;0
184.7;53456896;0
201.6;53522432;0
199.5;53522432;0
186.4;38928384;0
213.1;53596160;0
200.7;53604352;0
199.5;53731328;0
182.8;53805056;0
201.6;53805056;0
198.9;53805056;0
215.0;53891072;315
198.9;45891584;195
186.4;53940224;0
199.5;53940224;0
199.5;53940224;0
201.6;53948416;0
198.9;53948416;0
129.0;45920256;0
198.9;53895168;0
201.6;53903360;0
199.5;53927936;0
199.5;53936128;0
201.6;53944320;0
198.9;53960704;0
143.3;42782720;0
199.5;53895168;0
200.7;53907456;0
200.7;53919744;0
199.5;53919744;0
201.6;53919744;0
199.5;53919744;0
199.5;53940224;0
133.0;45924352;0
215.0;54079488;0
200.7;54079488;0
198.9;54083584;0
201.6;54083584;0
199.5;54083584;0
116.4;39305216;0
216.1;54022144;0
182.8;54022144;0
201.6;54022144;0
199.5;54022144;0
200.7;54022144;0
200.7;54022144;0
199.5;54075392;0
199.5;46039040;0
199.5;54018048;0
200.7;54018048;0
184.7;54022144;0
200.7;54034432;0
232.7;54071296;0
199.5;54071296;0
186.4;54075392;0
198.9;54075392;0
200.7;54075392;0
200.7;54075392;0
198.9;54091776;0
201.6;54091776;0
199.5;54091776;0
182.8;54095872;0
182.8;46063616;0
199.5;54128640;0
184.8;54128640;0
199.5;54128640;0
116.4;45735936;0
235.2;53960704;0
199.5;54018048;0
186.4;54018048;0
198.9;54018048;0
200.7;54018048;0
186.4;46112768;0
142.0;51122176;0
200.7;54263808;0
200.7;54263808;0
198.9;54263808;0
200.7;54263808;0
199.5;54263808;0
201.6;54263808;0
182.8;46227456;0
216.1;54177792;0
201.6;54177792;0
199.5;54177792;0
199.5;54177792;0
199.5;54177792;0
199.5;54239232;0
184.8;46202880;0
182.8;54235136;0
182.8;54239232;0
151.2;54243328;0
172.0;54243328;0
198.9;54091776;0
200.7;54091776;0
198.9;54091776;0
200.7;54095872;0
200.7;54095872;0
199.5;54095872;0
200.7;54095872;0
172.0;45797376;0
156.2;54059008;0
186.4;53743616;0
198.9;53755904;0
199.5;53813248;0
201.6;53813248;0
199.5;53813248;0
182.8;53944320;0
201.6;53944320;0
199.5;53944320;0
199.5;54079488;0
170.5;40030208;0
199.5;54288384;0
168.0;44515328;0
199.5;54235136;0
199.5;54235136;0
201.6;54235136;0
198.9;54239232;0
200.7;54239232;0
198.9;54239232;0
200.7;54239232;0
200.7;54239232;0
170.5;45838336;0
229.4;54030336;0
200.7;54030336;0
170.5;40624128;0
215.0;54095872;0
198.9;54095872;0
200.7;54095872;0
200.7;54095872;0
198.9;54095872;0
200.7;54095872;0
200.7;54108160;0
198.9;54108160;0
200.7;54108160;0
198.9;54112256;0
129.0;46075904;0
117.6;38182912;0
199.5;54157312;0
199.5;54157312;0
201.6;54218752;0
200.7;54218752;0
198.9;54218752;0
200.7;54218752;0
198.9;54218752;0
143.3;46182400;0
215.0;54222848;0
198.9;54222848;0
200.7;54222848;0
200.7;54222848;0
127.8;39718912;0
215.0;54247424;0
198.9;54259712;0
200.7;54259712;0
200.7;54272000;0
198.9;54272000;0
200.7;54272000;0
200.7;54272000;0
198.9;54272000;0
100.3;38203392;0
241.5;54284288;0
186.4;54288384;0
200.7;54288384;0
198.9;54288384;0
199.5;54288384;0
201.6;54288384;0
199.5;54288384;0
199.5;54288384;0
199.5;54288384;0
199.5;54288384;0
201.6;54329344;0
199.5;54329344;0
227.3;54304768;0
157.7;45912064;0
215.0;54128640;0
198.9;54128640;0
200.7;54128640;0
198.9;54128640;0
200.7;54128640;0
200.7;54128640;0
198.9;54128640;0
199.5;54128640;0
201.6;54128640;0
199.5;54128640;0
199.5;54157312;0
199.5;54157312;0
199.5;54157312;0
218.4;54128640;0
182.8;54128640;0
199.5;54128640;0
199.5;54128640;0
199.5;54128640;0
172.0;54128640;0
200.7;54194176;0
184.7;54140928;0
186.4;54222848;0
200.7;54226944;0
199.5;54091776;0
199.5;54091776;0
199.5;54091776;0
199.5;54091776;0
184.8;54091776;0
200.7;54091776;0
198.9;54091776;0
200.7;54091776;0
200.7;54091776;0
232.7;54194176;0
199.5;54210560;0
232.7;54272000;0
199.5;54288384;0
200.7;54288384;0
200.7;54288384;0
198.9;54288384;0
199.5;54349824;0
201.6;54349824;0
199.5;54349824;0
198.9;54349824;0
200.7;54349824;0
232.7;54493184;0
199.5;54501376;0
114.7;46469120;0
229.4;54452224;0
199.5;54452224;0
199.5;54452224;0
200.7;54456320;0
200.7;54456320;0
198.9;54456320;0
199.5;54456320;0
199.5;54456320;0
199.5;54456320;0
201.6;54456320;0
200.7;54648832;0
