0.0;10506240;0
0.0;10506240;0
0.0;10506240;0
0.0;10506240;0
43.0;21667840;0
83.1;18698240;0
117.6;23470080;0
213.1;27160576;0
229.4;32915456;0
199.5;35258368;0
235.2;43671552;0
198.9;51466240;0
200.7;51515392;0
200.7;51580928;0
199.5;51564544;0
149.6;31088640;0
258.0;51654656;0
200.7;51843072;0
199.5;51806208;0
201.6;51871744;0
198.9;51912704;0
199.5;51924992;0
199.5;51965952;0
200.7;52006912;0
199.5;52060160;0
201.6;52047872;0
198.9;52117504;0
186.4;44105728;0
149.6;41160704;0
218.4;52244480;0
199.5;52260864;0
200.7;52387840;0
199.5;52424704;0
199.5;52453376;0
199.5;52363264;0
200.7;52396032;0
199.5;52428800;0
199.5;52428800;0
200.7;52428800;0
184.7;52428800;0
166.2;44437504;0
216.1;52613120;0
186.4;44638208;0
198.9;52875264;0
201.6;52879360;0
199.5;52879360;0
200.7;52879360;0
198.9;52879360;0
201.6;52879360;0
199.5;52940800;0
199.5;52940800;0
200.7;53006336;0
213.1;42708992;0
172.0;45109248;0
166.2;53141504;0
201.6;53157888;0
199.5;53170176;0
200.7;53178368;0
200.7;53186560;0
199.5;53305344;0
199.5;53305344;0
199.5;53325824;0
172.0;45293568;0
213.1;53501952;0
201.6;53501952;0
199.5;53501952;0
199.5;53575680;0
99.7;38002688;0
216.1;54669312;0
186.4;41349120;510
213.1;54882304;0
201.6;54882304;0
149.6;45330432;0
199.5;54886400;0
199.5;54886400;0
200.7;54886400;0
200.7;54886400;0
198.9;54886400;0
201.6;54886400;0
199.5;54886400;0
200.7;54886400;0
184.7;54886400;0
201.6;54886400;0
199.5;46850048;0
249.3;54886400;0
134.4;46850048;0
232.7;53837824;0
200.7;53837824;0
198.9;53899264;0
200.7;38944768;0
215.0;53862400;0
199.5;53862400;0
201.6;53862400;0
199.5;53923840;0
216.1;53788672;0
198.9;53846016;0
200.7;53846016;0
199.5;53850112;0
199.5;53850112;0
201.6;53850112;0
216.1;54632448;0
200.7;54648832;0
198.9;54661120;0
172.0;46632960;0
200.7;54722560;0
199.5;54722560;0
201.6;54726656;0
199.5;54726656;0
199.5;54738944;0
198.9;54743040;0
200.7;54759424;0
200.7;54775808;0
199.5;54775808;0
201.6;54775808;0
199.5;54775808;0
232.7;53702656;0
199.5;54513664;0
200.7;54513664;0
200.7;54513664;0
198.9;54517760;0
200.7;54517760;0
200.7;54525952;0
199.5;54525952;0
199.5;54521856;0
266.0;54304768;0
200.7;54304768;0
198.9;54304768;0
149.6;44417024;0
216.1;55300096;0
201.6;55300096;0
199.5;55300096;0
199.5;55300096;0
201.6;55300096;0
198.9;55300096;0
200.7;55300096;0
213.1;55373824;0
200.7;55373824;0
200.7;55373824;0
198.9;55373824;0
151.2;47337472;0
232.7;55435264;0
199.5;55435264;0
199.5;55435264;0
199.5;55435264;0
201.6;55435264;0
198.9;55435264;0
157.7;45940736;0
215.0;55521280;0
198.9;55521280;0
200.7;55521280;0
198.9;55549952;0
218.4;54923264;0
199.5;54927360;0
199.5;54927360;0
201.6;54927360;0
199.5;54927360;0
199.5;54927360;0
198.9;54935552;0
200.7;54935552;0
200.7;55005184;0
198.9;55005184;0
200.7;45563904;0
186.4;45744128;0
170.5;54947840;0
200.7;54951936;0
198.9;54951936;0
200.7;54951936;0
200.7;54951936;0
184.7;54951936;0
200.7;54951936;0
200.7;54951936;0
127.8;52260864;0
229.4;53870592;0
198.9;54005760;0
151.2;43085824;0
200.7;54890496;0
198.9;54890496;0
200.7;54890496;0
199.5;54890496;0
199.5;54890496;0
199.5;54886400;0
199.5;54886400;0
201.6;54886400;0
182.8;54886400;0
33.2;38817792;0
252.0;54026240;0
199.5;54026240;0
199.5;54026240;0
199.5;54161408;0
199.5;54161408;0
201.6;54161408;0
199.5;54161408;0
200.7;54161408;0
184.8;54222848;0
199.5;46190592;0
182.8;54525952;0
182.8;54525952;0
149.6;46489600;0
218.4;55529472;0
199.5;55533568;0
182.8;55533568;0
201.6;55533568;0
199.5;55533568;0
199.5;55533568;0
199.5;55533568;0
199.5;55533568;0
172.0;55705600;0
200.7;55705600;0
198.9;55705600;0
200.7;55705600;0
200.7;55705600;0
199.5;55705600;0
149.6;47898624;0
216.1;55701504;0
199.5;55701504;0
200.7;55701504;0
200.7;55701504;0
213.1;54112256;0
200.7;54112256;0
199.5;54112256;0
198.9;54112256;0
200.7;54112256;0
198.9;54112256;0
186.4;46080000;0
235.2;54939648;0
199.5;54943744;0
199.5;54951936;0
201.6;54951936;0
199.5;55017472;0
198.9;55021568;0
200.7;55087104;0
184.7;47054848;0
216.1;55107584;0
201.6;55107584;0
199.5;55107584;0
199.5;55107584;0
201.6;43069440;0
200.7;55250944;0
198.9;55250944;0
199.5;55250944;0
199.5;55250944;0
182.8;55250944;0
201.6;55250944;0
133.0;47214592;0
213.1;53972992;0
129.0;40435712;0
229.4;54972416;0
199.5;54972416;0
182.8;54972416;0
199.5;54972416;0
199.5;54972416;0
201.6;54972416;0
166.2;46936064;0
232.7;55255040;0
200.7;55255040;0
200.7;55255040;0
182.8;42536960;0
199.5;55291904;0
200.7;55291904;0
198.9;55291904;0
200.7;55291904;0
201.6;55291904;0
199.5;55291904;0
133.0;47255552;0
218.4;55328768;0
200.7;55328768;0
198.9;55328768;0
166.2;54083584;0
199.5;55377920;0
199.5;55377920;0
200.7;55377920;0
200.7;55377920;0
198.9;55312384;0
199.5;55349248;0
201.6;47312896;0
133.0;43700224;0
198.9;55365632;0
166.2;47333376;0
182.8;55365632;0
199.5;55365632;0
201.6;55365632;0
199.5;55365632;0
213.1;55377920;0
200.7;55377920;0
143.3;45883392;0
232.7;54996992;0
199.5;55013376;0
200.7;55013376;0
198.9;55013376;0
200.7;55013376;0
200.7;55062528;0
199.5;55062528;0
199.5;55062528;0
201.6;55062528;0
149.6;43151360;0
184.7;42000384;0
199.5;54894592;0
199.5;54894592;0
198.9;54894592;0
200.7;54894592;0
