0.0;10498048;0
0.0;10498048;0
0.0;10498048;0
0.0;10498048;0
0.0;10498048;0
56.8;18653184;0
100.8;18673664;0
149.6;27123712;0
200.7;27181056;0
227.3;35373056;0
184.8;35377152;0
227.3;51347456;0
200.7;51400704;0
182.8;43380736;0
166.2;41861120;0
213.1;51494912;0
200.7;51548160;0
199.5;51568640;0
199.5;51613696;0
215.0;51806208;0
199.5;51806208;0
199.5;51806208;0
200.7;51851264;0
200.7;51851264;0
199.5;51859456;0
201.6;51908608;0
198.9;51912704;0
200.7;51982336;0
199.5;51986432;0
33.6;35987456;0
241.5;52125696;0
201.6;52203520;0
199.5;52211712;0
199.5;52228096;0
198.9;52240384;0
200.7;52248576;0
199.5;52269056;0
199.5;52420608;0
201.6;52436992;0
182.8;44404736;0
200.7;52592640;0
198.9;52592640;0
201.6;52592640;0
182.8;52592640;0
200.7;52596736;0
186.4;44609536;0
133.0;41316352;0
199.5;52776960;0
200.7;52776960;0
200.7;52776960;0
199.5;52776960;0
201.6;52838400;0
198.9;52842496;0
172.0;44810240;0
182.8;53051392;0
201.6;53112832;0
170.5;45223936;0
172.0;53329920;0
199.5;53329920;0
199.5;53329920;0
199.5;53329920;0
200.7;53387264;0
200.7;53387264;0
199.5;53526528;0
201.6;53526528;0
199.5;53526528;0
129.0;37765120;0
227.3;54550528;0
200.7;54550528;0
199.5;54550528;0
182.8;46518272;0
168.0;50667520;0
199.5;54878208;0
200.7;54878208;0
198.9;54878208;0
201.6;54878208;0
199.5;54878208;0
199.5;54898688;0
200.7;54898688;0
156.2;46866432;0
216.1;46866432;0
216.1;54898688;0
201.6;54898688;0
198.9;54894592;0
200.7;54894592;0
200.7;54894592;0
199.5;54894592;0
199.5;54894592;0
199.5;54894592;0
186.4;54919168;0
170.5;42606592;0
218.4;54591488;0
199.5;54591488;0
199.5;54591488;0
199.5;46559232;0
172.0;55648256;0
199.5;55648256;0
199.5;55656448;0
201.6;55656448;0
198.9;55656448;0
200.7;55656448;0
198.9;55656448;0
200.7;55652352;0
200.7;55652352;0
149.6;47620096;0
184.8;47640576;0
232.7;55681024;0
199.5;55681024;0
198.9;55681024;0
200.7;55681024;0
200.7;55681024;0
199.5;55681024;0
201.6;55681024;0
199.5;55676928;0
199.5;55676928;0
213.1;55394304;0
200.7;55394304;0
199.5;55394304;0
199.5;55394304;0
134.4;47362048;0
199.5;55468032;0
199.5;55468032;0
199.5;55468032;0
199.5;55468032;0
199.5;55529472;0
199.5;55529472;0
198.9;55529472;0
200.7;55660544;0
200.7;55660544;0
99.7;39067648;0
252.0;56647680;0
199.5;56647680;0
199.5;56647680;0
199.5;56647680;0
200.7;56643584;0
200.7;56643584;0
184.7;56643584;0
201.6;56643584;0
199.5;56643584;0
199.5;56643584;0
166.2;55275520;0
200.7;56139776;0
200.7;56139776;0
198.9;56139776;0
201.6;48107520;0
199.5;56262656;0
199.5;56262656;0
199.5;56262656;0
199.5;56262656;0
201.6;56262656;0
198.9;56262656;0
200.7;56262656;0
200.7;56262656;0
199.5;56262656;0
199.5;56328192;0
166.2;46583808;0
200.7;56569856;0
199.5;56569856;0
199.5;56569856;0
201.6;56569856;0
199.5;48533504;0
199.5;56729600;0
199.5;56729600;0
199.5;56791040;0
186.4;56791040;0
198.9;56791040;0
200.7;56791040;0
129.0;45187072;0
201.6;56868864;0
198.9;56868864;0
186.4;56930304;0
198.9;57061376;0
200.7;57061376;0
200.7;58048512;0
170.5;58048512;0
200.7;58048512;0
200.7;58048512;0
199.5;58048512;0
199.5;58048512;0
199.5;58048512;0
199.5;58044416;0
201.6;58044416;0
182.8;57393152;0
149.6;49360896;0
201.6;58507264;0
199.5;58507264;0
199.5;58503168;0
83.1;42434560;0
249.3;58740736;0
184.8;58740736;0
199.5;58736640;0
199.5;58736640;0
184.8;58736640;0
199.5;58736640;0
199.5;58736640;0
199.5;58736640;0
182.8;58736640;0
151.2;39239680;0
215.0;58859520;0
198.9;58863616;0
200.7;58863616;0
201.6;58863616;0
199.5;58863616;0
199.5;58863616;0
200.7;58859520;0
198.9;58859520;0
200.7;58859520;0
200.7;58859520;0
184.7;58859520;0
186.4;58859520;0
200.7;58859520;0
166.2;40333312;0
213.1;58675200;0
200.7;58679296;0
198.9;58679296;0
200.7;58679296;0
200.7;58679296;0
170.5;58679296;0
199.5;58679296;0
201.6;58679296;0
199.5;58740736;0
166.2;50704384;0
232.7;59559936;0
199.5;59559936;0
201.6;59559936;0
199.5;59559936;0
166.2;55414784;0
201.6;59027456;0
199.5;59166720;0
199.5;59166720;0
200.7;59166720;0
184.7;51269632;0
215.0;60329984;0
200.7;60329984;0
198.9;60329984;0
200.7;60325888;0
200.7;60325888;0
198.9;60325888;0
200.7;60325888;0
198.9;60325888;0
200.7;60325888;0
200.7;60329984;0
198.9;60329984;0
199.5;60329984;0
201.6;60329984;0
199.5;60329984;0
199.5;60325888;0
149.6;46063616;0
213.1;60329984;0
186.4;60329984;0
200.7;60325888;0
198.9;60321792;0
199.5;60321792;0
201.6;60321792;0
199.5;60321792;0
170.5;52285440;0
229.4;60805120;0
166.2;46354432;0
232.7;60801024;0
201.6;60796928;0
199.5;60796928;0
198.9;60796928;0
200.7;60796928;0
200.7;60796928;0
199.5;60796928;0
199.5;60792832;0
199.5;60788736;0
216.1;47075328;0
229.4;60493824;0
200.7;60493824;0
216.1;60387328;0
199.5;60391424;0
201.6;60526592;0
200.7;60530688;0
198.9;60530688;0
199.5;60530688;0
199.5;60530688;0
199.5;60530688;0
200.7;60665856;0
200.7;60801024;0
127.8;44732416;0
157.7;48066560;0
201.6;61612032;0
199.5;61612032;0
199.5;61612032;0
199.5;61612032;0
198.9;61612032;0
200.7;61607936;0
201.6;61603840;0
199.5;61603840;0
199.5;61603840;0
200.7;61603840;0
200.7;61603840;0
199.5;61603840;0
199.5;61603840;0
166.2;53604352;0
184.7;61636608;0
200.7;61636608;0
201.6;61636608;0
199.5;61636608;0
