0.0;10522624;0
0.0;10522624;0
0.0;10522624;0
0.0;10522624;0
0.0;10522624;0
16.6;15822848;0
83.1;18714624;0
114.7;21823488;0
216.1;27193344;0
199.5;30699520;0
243.7;35299328;0
199.5;36425728;0
232.7;51408896;0
172.0;43466752;0
215.0;51703808;0
182.8;51625984;0
201.6;51712000;0
199.5;51789824;0
200.7;51818496;0
199.5;51847168;0
201.6;51814400;0
198.9;39985152;0
199.5;51908608;0
201.6;51998720;0
198.9;51994624;0
200.7;52027392;0
199.5;52088832;0
201.6;52105216;0
198.9;52146176;0
200.7;52162560;0
232.7;52260864;0
200.7;52264960;0
198.9;52264960;0
201.6;52264960;0
199.5;52264960;0
199.5;52277248;0
200.7;52342784;0
166.2;44240896;0
232.7;52322304;0
199.5;52334592;0
200.7;52514816;0
142.0;38203392;0
218.4;52674560;0
199.5;52674560;0
200.7;52674560;0
198.9;52674560;0
201.6;52674560;0
199.5;52674560;0
199.5;52764672;0
186.4;44793856;0
184.7;52895744;0
199.5;52822016;0
166.2;52826112;0
218.4;52965376;0
184.7;52924416;0
201.6;53055488;0
199.5;53055488;0
199.5;53055488;0
184.7;53223424;0
200.7;53223424;0
182.8;45187072;0
216.1;53321728;0
201.6;53321728;0
198.9;53321728;0
199.5;53321728;0
199.5;53321728;0
201.6;53379072;0
198.9;53379072;0
168.0;42647552;0
199.5;53391360;0
199.5;53391360;0
199.5;53456896;0
200.7;53489664;0
215.0;53710848;0
199.5;53710848;0
201.6;53710848;0
199.5;53714944;0
199.5;53714944;0
198.9;53760000;0
200.7;53760000;0
186.4;45723648;0
149.6;45907968;0
216.1;53956608;0
199.5;53972992;0
201.6;54067200;0
198.9;54067200;0
200.7;54067200;0
199.5;54099968;0
199.5;54099968;0
199.5;54099968;0
143.3;40878080;0
229.4;54304768;0
198.9;54304768;0
201.6;54304768;0
199.5;54304768;0
199.5;54308864;0
198.9;54366208;0
200.7;54362112;0
200.7;54489088;0
199.5;54489088;0
201.6;54489088;0
199.5;54489088;0
199.5;54489088;0
198.9;54489088;0
200.7;54550528;0
200.7;54550528;0
127.8;38875136;0
215.0;46837760;0
116.4;41771008;0
182.8;54837248;0
199.5;54837248;0
199.5;54837248;0
201.6;54837248;0
182.8;54837248;0
200.7;54902784;0
200.7;54902784;0
198.9;54902784;0
200.7;54902784;0
166.2;54964224;0
184.8;46927872;0
166.2;47075328;0
232.7;55197696;0
201.6;55197696;0
199.5;55255040;0
199.5;55255040;0
199.5;55255040;0
199.5;55255040;0
184.8;55255040;0
198.9;55255040;0
200.7;55255040;0
200.7;55320576;0
199.5;55320576;0
199.5;55504896;0
199.5;55640064;0
151.2;47607808;0
232.7;55693312;0
186.4;55697408;0
200.7;55697408;0
198.9;55697408;0
200.7;55697408;0
199.5;55697408;0
201.6;55697408;0
199.5;55762944;0
199.5;55762944;0
172.0;55898112;0
198.9;55898112;0
186.4;56033280;0
199.5;56033280;0
184.8;56033280;0
249.3;56180736;0
199.5;56180736;0
201.6;56180736;0
199.5;56180736;0
199.5;56180736;0
199.5;56184832;0
199.5;56184832;0
200.7;56188928;0
198.9;56238080;0
200.7;56242176;0
200.7;56242176;0
198.9;56401920;0
166.2;48365568;0
182.8;56524800;0
201.6;56524800;0
199.5;56524800;0
199.5;56524800;0
201.6;56524800;0
199.5;56528896;0
199.5;56532992;0
199.5;56532992;0
199.5;56532992;0
200.7;56532992;0
198.9;45555712;0
182.8;56786944;0
201.6;56791040;0
199.5;56791040;0
199.5;56795136;0
199.5;56795136;0
199.5;56983552;0
201.6;56983552;0
199.5;56983552;0
200.7;56983552;0
200.7;56983552;0
198.9;56983552;0
200.7;56983552;0
198.9;56983552;0
215.0;48046080;0
172.0;49020928;0
170.5;57323520;0
200.7;57327616;0
184.8;57327616;0
199.5;57327616;0
199.5;57327616;0
198.9;57327616;0
199.5;57327616;0
201.6;57389056;0
199.5;49352704;0
133.0;45961216;0
201.6;57671680;0
182.8;57671680;0
199.5;57671680;0
199.5;57671680;0
232.7;57589760;0
201.6;57651200;0
199.5;57651200;0
198.9;57712640;0
200.7;57712640;0
200.7;57847808;0
198.9;57847808;0
200.7;57847808;0
213.1;58060800;0
200.7;58068992;0
201.6;58200064;0
199.5;58200064;0
200.7;58212352;0
186.4;58212352;0
198.9;58273792;0
199.5;58273792;0
199.5;58290176;0
199.5;58290176;0
201.6;58290176;0
199.5;58290176;0
199.5;58290176;0
184.8;58376192;0
157.7;50348032;0
184.7;58343424;0
199.5;58343424;0
199.5;58343424;0
199.5;58343424;0
201.6;58470400;0
199.5;58470400;0
199.5;58470400;0
201.6;58470400;0
182.8;50569216;0
184.7;58691584;0
200.7;58691584;0
198.9;58753024;0
200.7;58753024;0
157.7;42684416;0
266.0;58753024;0
199.5;58814464;0
201.6;58814464;0
199.5;58949632;0
199.5;58949632;0
199.5;58949632;0
198.9;58949632;0
200.7;58949632;0
200.7;58949632;0
199.5;58949632;0
199.5;58949632;0
201.6;59084800;0
199.5;59084800;0
198.9;59219968;0
86.0;40144896;0
216.1;59396096;0
200.7;59400192;0
198.9;59404288;0
200.7;59408384;0
200.7;59408384;0
184.7;59408384;0
199.5;59408384;0
200.7;59408384;0
200.7;59408384;0
198.9;59469824;0
200.7;59469824;0
199.5;59600896;0
199.5;59600896;0
201.6;59600896;0
149.6;51703808;0
170.5;59830272;0
200.7;59830272;0
200.7;59830272;0
182.8;59834368;0
199.5;59858944;0
199.5;59858944;0
166.2;59985920;0
200.7;59985920;0
200.7;59985920;0
198.9;60121088;0
199.5;60121088;0
184.8;60121088;0
199.5;60121088;0
156.2;52228096;0
229.4;60280832;0
182.8;52244480;0
199.5;60416000;0
201.6;60551168;0
182.8;48738304;0
198.9;60690432;0
199.5;60690432;0
201.6;60690432;0
199.5;60690432;0
199.5;60690432;0
200.7;60694528;0
198.9;60821504;0
199.5;60821504;0
201.6;60821504;0
199.5;60821504;0
182.8;60956672;0
201.6;60960768;0
