0.0;10510336;0
0.0;10510336;0
0.0;10510336;0
14.3;12226560;0
99.7;26693632;0
100.8;26697728;0
99.4;26755072;0
100.3;26779648;0
99.7;27906048;0
201.6;43102208;0
198.9;43364352;0
201.6;43294720;0
199.5;43397120;0
200.7;43474944;0
255.7;59514880;0
186.4;43421696;0
149.6;43548672;0
199.5;43556864;0
200.7;43556864;0
255.7;59756544;0
199.5;59604992;0
199.5;59629568;0
200.7;59715584;0
199.5;59736064;0
252.0;91934720;0
198.9;91934720;0
200.7;91934720;0
199.5;91934720;0
201.6;91934720;0
156.2;75902976;0
258.0;92098560;0
199.5;92110848;0
199.5;92110848;0
198.9;92110848;0
200.7;92110848;0
199.5;92110848;0
199.5;92110848;0
129.0;60563456;0
269.9;92110848;0
199.5;92155904;0
199.5;92172288;0
201.6;92246016;0
198.9;92377088;0
186.4;51638272;0
282.6;83431424;0
199.5;83398656;0
198.9;83394560;0
200.7;83464192;0
199.5;83501056;0
199.5;67305472;230
302.4;85336064;0
382.3;144453632;0
301.0;164794368;0
298.3;183861248;0
302.4;203091968;0
299.2;218128384;0
299.2;237674496;0
301.0;255938560;0
299.2;274112512;0
299.2;292032512;0
299.2;308744192;0
302.4;325124096;0
298.3;342949888;0
301.0;362291200;0
301.0;380407808;0
299.2;397615104;0
299.2;415170560;0
332.4;407396352;0
336.0;427855872;0
299.2;469114880;0
299.2;461549568;595
302.4;461549568;661
299.2;461549568;723
299.2;461549568;625
216.1;461516800;211
200.7;461516800;0
200.7;461582336;0
198.9;461582336;0
200.7;461582336;0
199.5;461582336;0
199.5;461582336;0
199.5;461582336;0
200.7;461582336;0
243.7;437743616;0
241.5;462630912;0
218.4;447381504;0
216.1;462635008;0
199.5;462635008;0
199.5;462635008;0
143.3;446599168;0
229.4;440508416;0
227.3;462635008;0
201.6;462635008;0
199.5;462635008;0
199.5;462635008;0
199.5;462635008;0
116.4;449814528;0
258.0;462630912;0
198.9;462630912;0
200.7;462630912;0
199.5;462630912;0
199.5;462630912;0
199.5;462630912;0
200.7;462630912;0
157.7;446595072;0
198.9;438480896;0
198.9;453820416;0
201.6;453820416;0
199.5;453820416;0
182.8;437788672;0
372.7;467324928;0
365.7;491978752;0
315.8;537890816;0
299.2;558010368;0
302.4;576401408;0
301.0;591384576;0
298.3;610340864;0
286.7;628961280;0
215.0;634404864;0
329.7;670978048;0
298.3;686501888;0
286.7;705736704;0
298.3;725008384;0
258.0;731283456;0
272.4;731856896;0
312.5;771215360;0
301.0;813281280;0
298.3;835690496;0
301.0;840761344;0
282.6;840761344;0
232.7;603115520;0
213.1;448225280;0
243.7;472915968;0
198.9;472924160;0
200.7;472924160;0
199.5;472936448;0
199.5;472940544;0
201.6;472952832;0
199.5;472952832;0
199.5;472952832;0
199.5;472952832;0
199.5;472952832;0
200.7;472952832;0
198.9;472981504;0
186.4;456962048;0
143.3;431607808;0
255.7;463884288;0
199.5;463888384;0
199.5;463888384;0
201.6;463892480;0
199.5;463904768;0
199.5;463912960;0
201.6;463921152;0
198.9;463929344;0
200.7;463941632;0
198.9;463953920;0
201.6;463962112;0
199.5;463978496;0
199.5;463978496;0
201.6;464007168;0
315.4;468185088;0
358.4;515416064;0
355.1;533188608;0
298.3;552325120;0
301.0;570568704;0
298.3;586657792;0
301.0;606699520;0
301.0;626036736;0
298.3;645062656;0
301.0;663326720;0
301.0;681467904;0
298.3;698462208;0
286.7;716025856;0
298.3;734220288;0
243.7;749289472;0
302.4;764723200;0
249.3;759345152;0
299.2;811483136;0
369.6;810221568;0
301.0;840769536;0
285.6;840773632;0
299.2;840777728;0
232.7;580567040;0
201.6;476762112;0
199.5;476778496;0
199.5;476778496;0
199.5;476778496;0
198.9;476778496;0
200.7;476778496;0
186.4;476778496;0
166.2;473985024;0
255.7;478060544;0
200.7;478060544;0
182.8;453054464;0
266.0;478134272;0
199.5;478138368;0
199.5;478175232;0
201.6;478203904;0
199.5;478232576;0
133.0;462196736;0
252.0;478625792;0
199.5;478625792;0
156.2;462589952;0
258.0;469344256;0
198.9;469344256;0
200.7;453963776;0
352.8;480788480;0
241.5;533045248;0
299.2;556855296;0
301.0;582111232;0
301.0;598126592;0
298.3;594472960;0
298.3;641220608;0
301.0;659644416;0
302.4;679010304;0
299.2;694206464;0
266.0;711118848;0
299.2;729931776;0
299.2;746876928;0
299.2;764157952;0
302.4;782053376;0
299.2;799424512;0
284.1;816668672;0
301.0;833720320;0
286.7;826372096;0
349.1;824004608;0
272.4;826904576;0
269.9;649961472;0
282.6;487657472;0
199.5;487665664;0
199.5;487665664;0
201.6;487665664;0
199.5;487665664;0
199.5;487665664;0
201.6;487677952;0
199.5;487690240;0
199.5;487702528;0
199.5;487702528;0
198.9;487714816;0
200.7;487714816;0
200.7;487723008;0
198.9;487723008;0
186.4;487723008;0
200.7;487735296;0
182.8;471703552;0
216.1;461737984;0
229.4;478117888;0
198.9;489017344;0
199.5;489017344;0
201.6;489017344;0
199.5;457031680;0
249.3;489132032;0
200.7;489132032;0
200.7;489132032;0
198.9;489132032;0
200.7;489132032;0
133.0;473096192;0
216.1;463826944;0
256.7;479473664;0
315.4;529264640;0
301.0;553803776;0
298.3;577265664;0
298.3;599252992;0
249.3;622768128;0
282.6;640344064;0
299.2;657207296;0
285.6;676417536;0
286.7;690921472;0
299.2;707502080;0
299.2;726036480;0
302.4;745664512;0
299.2;765145088;0
284.1;752529408;0
315.4;804921344;0
299.2;828436480;0
299.2;843370496;0
301.0;843370496;0
266.0;827334656;0
216.1;569409536;0
299.2;474152960;0
235.2;490115072;0
200.7;490115072;0
198.9;490119168;0
199.5;490119168;0
201.6;490119168;0
199.5;490119168;0
198.9;490119168;0
199.5;490119168;0
199.5;490119168;0
199.5;490119168;0
172.0;474083328;0
258.0;471760896;0
216.1;491159552;0
199.5;491159552;0
168.0;459923456;0
243.7;491257856;0
199.5;491257856;0
199.5;491257856;0
199.5;491257856;0
198.9;491257856;0
