0.0;10506240;0
0.0;10506240;0
0.0;10506240;0
0.0;10506240;0
100.3;26664960;0
99.7;26701824;0
99.7;26722304;0
100.3;26763264;0
99.4;26779648;0
232.7;43061248;0
199.5;43081728;0
200.7;43167744;0
199.5;43188224;0
201.6;43212800;0
255.7;59260928;0
199.5;59269120;0
199.5;59277312;0
201.6;59330560;0
198.9;59330560;0
243.7;75476992;0
166.2;59449344;0
199.5;59531264;0
198.9;59531264;0
200.7;59478016;0
249.3;91725824;0
199.5;91725824;0
200.7;91725824;0
198.9;91660288;0
199.5;91660288;0
116.4;75628544;0
258.0;91885568;0
113.6;75853824;0
200.7;59969536;0
199.5;60035072;0
266.0;92327936;0
199.5;92073984;0
200.7;92094464;0
199.5;92176384;0
199.5;92192768;0
201.6;92205056;0
198.9;92246016;0
200.7;92282880;0
199.5;76247040;0
201.6;58757120;212
232.7;70516736;18
200.7;83120128;0
200.7;83120128;0
199.5;83120128;0
199.5;83120128;0
199.5;83120128;0
200.7;83120128;0
199.5;83120128;0
201.6;83120128;0
199.5;83120128;0
200.7;83120128;0
198.9;83120128;0
200.7;83120128;0
199.5;83156992;0
199.5;83165184;0
201.6;59613184;0
332.4;111624192;0
315.8;163381248;0
299.2;188227584;0
415.6;191545344;0
329.7;228179968;0
286.7;246071296;0
299.2;264904704;0
272.4;279592960;0
299.2;297656320;0
299.2;313577472;0
299.2;330129408;0
299.2;348499968;0
302.4;368103424;0
282.6;386408448;0
299.2;401518592;0
301.0;417718272;0
298.3;434671616;0
299.2;451440640;0
284.1;468656128;0
275.0;461418496;528
302.4;461418496;768
282.6;445382656;771
249.3;428793856;711
282.6;462524416;37
200.7;462524416;0
198.9;462524416;0
200.7;462524416;0
198.9;462524416;0
200.7;462524416;0
199.5;462524416;0
199.5;462524416;0
201.6;462524416;0
198.9;462524416;0
200.7;462524416;0
198.9;462524416;0
201.6;462524416;0
199.5;462524416;0
199.5;462536704;0
258.0;462544896;0
198.9;462544896;0
200.7;462544896;0
199.5;462544896;0
201.6;462544896;0
133.0;432447488;0
249.3;462548992;0
201.6;462548992;0
198.9;462548992;0
200.7;462548992;0
241.5;439656448;0
235.2;463106048;0
199.5;463106048;0
199.5;463106048;0
201.6;463106048;0
198.9;463106048;0
186.4;447070208;0
213.1;453763072;0
201.6;453763072;0
199.5;453763072;0
199.5;453763072;0
201.6;453763072;0
170.5;453763072;0
200.7;453763072;0
198.9;453763072;0
201.6;453763072;0
199.5;453763072;0
199.5;453763072;0
201.6;453763072;0
199.5;453763072;0
282.6;449359872;0
401.4;498900992;0
282.6;527953920;0
349.1;559808512;0
302.4;580386816;0
299.2;593997824;0
301.0;613359616;0
301.0;632885248;0
298.3;650645504;0
301.0;670101504;0
299.2;684724224;0
299.2;703578112;0
285.6;721616896;0
299.2;738357248;0
299.2;756084736;0
302.4;773386240;0
298.3;790892544;0
300.0;810291200;0
301.0;827682816;0
298.3;839806976;0
258.0;811139072;0
336.0;839811072;0
216.1;590336000;0
298.3;475406336;0
200.7;475414528;0
200.7;475414528;0
184.7;475414528;0
200.7;475414528;0
198.9;475414528;0
200.7;475414528;0
200.7;475414528;0
198.9;475418624;0
200.7;475435008;0
201.6;475435008;0
182.8;459407360;0
199.5;456171520;0
216.1;476450816;0
199.5;476450816;0
201.6;476450816;0
199.5;476450816;0
200.7;476450816;0
186.4;460414976;0
282.6;476532736;0
199.5;476532736;0
199.5;476536832;0
199.5;476549120;0
200.7;476561408;0
198.9;476561408;0
200.7;476561408;0
172.0;460525568;0
198.9;457924608;0
199.5;476721152;0
199.5;476725248;0
199.5;476725248;0
134.4;460668928;0
243.7;467374080;0
198.9;467382272;0
186.4;467382272;0
200.7;467382272;0
198.9;467382272;0
200.7;467382272;0
198.9;467386368;0
200.7;467398656;0
200.7;467419136;0
199.5;467419136;0
201.6;467419136;0
199.5;467419136;0
198.9;467419136;0
186.4;457236480;0
358.4;473206784;0
369.3;510763008;0
299.2;550498304;0
284.1;575832064;0
301.0;594198528;0
301.0;619192320;0
299.2;644362240;0
282.6;668446720;0
302.4;681807872;0
299.2;705777664;0
299.2;729903104;0
299.2;753782784;0
299.2;776507392;0
272.4;796057600;0
301.0;817815552;0
298.3;839626752;0
299.2;839864320;0
302.4;839864320;0
258.0;559050752;0
213.1;472326144;0
258.0;454385664;0
232.7;455852032;0
199.5;473587712;0
199.5;473587712;0
201.6;473587712;0
199.5;473587712;0
199.5;473587712;0
117.6;450486272;0
243.7;474472448;0
198.9;474472448;0
199.5;474472448;0
199.5;474476544;0
200.7;474488832;0
200.7;474488832;0
198.9;474488832;0
200.7;474488832;0
200.7;474509312;0
184.7;458473472;0
129.0;445054976;0
249.3;474648576;0
199.5;474660864;0
200.7;451289088;0
218.4;474742784;0
199.5;474742784;0
199.5;474742784;0
201.6;474742784;0
199.5;474742784;0
198.9;474742784;0
199.5;474742784;0
198.9;474742784;0
200.7;474742784;0
200.7;474742784;0
170.5;474742784;0
199.5;474742784;0
201.6;474742784;0
199.5;474742784;0
149.6;442671104;0
332.4;448077824;0
365.7;492531712;0
301.0;539099136;0
284.1;563531776;0
301.0;582295552;0
301.0;607264768;0
302.4;631783424;0
299.2;655585280;0
299.2;677859328;0
301.0;696795136;0
301.0;720465920;0
299.2;744660992;0
299.2;766267392;0
299.2;789299200;0
315.8;786165760;0
315.8;832389120;0
299.2;841814016;0
301.0;841814016;0
258.0;841822208;0
216.1;531881984;0
199.5;443932672;0
229.4;471355392;0
200.7;471355392;0
199.5;471355392;0
199.5;471355392;0
199.5;471355392;0
199.5;471355392;0
200.7;471355392;0
157.7;452591616;0
249.3;471433216;0
199.5;471433216;0
201.6;471437312;0
199.5;471437312;0
199.5;471437312;0
200.7;471449600;0
198.9;471449600;0
199.5;455413760;0
268.8;471613440;0
199.5;471617536;0
199.5;471617536;0
201.6;471621632;0
200.7;471621632;0
170.5;455557120;0
200.7;448036864;0
232.7;471666688;0
199.5;471666688;0
