0.0;10485760;0
0.0;10485760;0
0.0;10485760;0
0.0;10485760;0
33.2;14618624;0
100.3;14671872;0
127.8;19083264;0
201.6;19144704;0
232.7;23224320;0
157.7;19308544;0
216.1;23269376;0
134.4;19308544;0
213.1;23453696;0
201.6;23457792;0
216.1;31383552;0
200.7;31617024;0
198.9;31649792;0
201.6;31793152;0
199.5;31719424;0
172.0;27680768;0
186.4;31854592;0
199.5;31883264;0
199.5;31916032;0
186.4;31940608;0
172.0;27922432;0
182.8;32047104;0
201.6;32006144;0
184.7;28073984;0
216.1;32030720;0
199.5;32133120;0
200.7;32088064;0
198.9;32100352;0
184.8;28123136;0
216.1;32268288;0
133.0;24694784;0
213.1;32165888;0
201.6;32333824;0
199.5;32333824;0
166.2;32432128;0
200.7;32473088;0
198.9;32489472;0
199.5;32489472;0
182.8;32579584;0
200.7;32579584;0
198.9;32579584;0
201.6;32493568;0
182.8;28438528;0
172.0;33357824;0
198.9;33357824;0
151.2;29331456;0
182.8;33361920;0
200.7;33366016;0
172.0;29343744;0
198.9;32751616;0
199.5;32763904;0
199.5;32772096;0
201.6;32886784;0
170.5;25382912;0
215.0;33026048;0
199.5;33030144;0
199.5;29007872;0
149.6;33411072;0
215.0;36384768;0
199.5;36384768;0
166.2;32366592;0
201.6;49721344;0
298.3;82071552;0
301.0;103604224;0
299.2;122793984;0
268.8;139530240;0
232.7;162177024;0
315.4;185790464;0
358.4;205029376;464
298.3;222105600;0
299.2;218648576;648
298.3;218648576;750
200.7;218750976;34
200.7;218750976;0
116.4;214921216;0
201.6;213450752;0
199.5;220008448;0
182.8;215982080;0
200.7;220008448;0
200.7;220008448;0
199.5;220008448;0
199.5;220008448;0
116.4;211988480;0
215.0;220012544;0
198.9;220012544;0
143.3;220012544;0
199.5;220012544;0
199.5;220012544;0
199.5;220012544;0
199.5;220012544;0
215.0;220012544;0
198.9;220012544;0
200.7;220012544;0
149.6;215986176;0
166.2;220020736;0
199.5;220020736;0
199.5;220020736;0
215.0;220016640;0
198.9;220016640;0
143.3;215990272;0
199.5;220016640;0
199.5;220016640;0
199.5;220016640;0
199.5;220020736;0
200.7;220020736;0
198.9;220020736;0
186.4;215994368;0
172.0;220020736;0
199.5;220020736;0
199.5;220020736;0
199.5;220540928;0
201.6;220540928;0
182.8;216518656;0
216.1;220684288;0
200.7;220684288;0
198.9;220684288;0
199.5;219791360;0
216.1;220688384;0
201.6;220688384;0
199.5;220688384;0
199.5;216662016;0
143.3;220688384;0
198.9;220688384;0
157.7;216662016;0
170.5;220688384;0
200.7;220688384;0
199.5;220688384;0
199.5;220688384;0
151.2;216666112;0
199.5;224043008;0
199.5;224043008;0
99.4;215990272;0
315.4;262660096;0
315.4;288657408;0
298.3;314220544;0
301.0;337436672;0
301.0;359239680;0
298.3;384208896;0
299.2;408338432;0
299.2;410578944;0
184.8;217657344;0
166.2;222810112;0
199.5;222810112;0
201.6;222810112;0
199.5;222810112;0
216.1;222945280;0
199.5;222945280;0
199.5;222945280;0
201.6;222945280;0
127.8;218259456;0
133.0;217460736;0
201.6;223055872;0
198.9;223055872;0
200.7;223055872;0
198.9;223055872;0
200.7;223105024;0
200.7;223105024;0
170.5;219082752;0
172.0;223105024;0
200.7;223105024;0
199.5;223105024;0
149.6;219078656;0
216.1;223109120;0
201.6;223109120;0
182.8;217370624;0
199.5;223244288;0
201.6;223244288;0
199.5;223375360;0
199.5;223375360;0
199.5;223375360;0
199.5;223375360;0
168.0;219353088;0
199.5;223420416;0
199.5;223465472;0
201.6;223465472;0
199.5;223465472;0
199.5;223465472;0
199.5;223465472;0
199.5;223465472;0
184.8;219488256;0
149.6;223547392;0
199.5;223547392;0
201.6;223547392;0
199.5;223547392;0
184.7;223813632;0
200.7;223813632;0
127.8;219791360;0
229.4;223956992;0
200.7;223956992;0
184.7;219820032;0
200.7;223961088;0
186.4;219934720;0
182.8;227319808;0
199.5;227319808;0
199.5;227319808;0
149.6;223293440;0
268.8;252116992;0
315.8;281214976;0
299.2;307736576;0
301.0;334233600;0
301.0;354443264;0
298.3;380518400;0
249.3;400703488;0
299.2;409206784;0
216.1;221401088;0
200.7;221409280;0
200.7;221409280;0
199.5;221409280;0
99.7;213356544;0
201.6;222658560;0
199.5;222658560;0
199.5;222658560;0
182.8;218632192;0
216.1;222887936;0
200.7;222892032;0
215.0;222932992;0
198.9;222932992;0
200.7;222932992;0
172.0;222986240;0
199.5;222986240;0
199.5;222986240;0
199.5;222986240;0
149.6;218959872;0
134.4;219029504;0
216.1;223064064;0
199.5;223064064;0
200.7;223064064;0
200.7;223064064;0
198.9;223064064;0
157.7;223080448;0
142.0;219054080;0
172.0;223109120;0
201.6;223109120;0
199.5;223109120;0
199.5;223109120;0
84.0;214130688;0
235.2;223215616;0
199.5;223215616;0
199.5;223215616;0
200.7;223215616;0
198.9;219189248;0
157.7;223264768;0
201.6;223264768;0
199.5;223264768;0
199.5;223264768;0
201.6;223264768;0
199.5;223264768;0
199.5;223264768;0
83.1;212738048;0
199.5;223289344;0
199.5;223289344;0
201.6;223289344;0
199.5;223289344;0
198.9;223289344;0
200.7;223289344;0
168.0;219267072;0
299.2;239165440;0
299.2;274944000;0
299.2;301314048;0
298.3;326729728;0
286.7;347881472;0
302.4;374407168;0
282.6;394784768;0
284.1;412778496;0
232.7;223072256;0
201.6;223072256;0
200.7;223084544;0
198.9;223084544;0
199.5;223027200;0
199.5;223059968;0
166.2;219033600;0
186.4;217174016;0
201.6;223678464;0
199.5;223678464;0
198.9;223678464;0
200.7;223678464;0
201.6;223678464;0
199.5;223842304;0
199.5;223981568;0
200.7;223981568;0
198.9;223981568;0
199.5;223981568;0
201.6;223981568;0
199.5;224112640;0
198.9;224153600;0
200.7;224153600;0
201.6;224153600;0
199.5;224153600;0
213.1;216133632;0
215.0;224206848;0
199.5;224206848;0
182.8;220184576;0
168.0;224272384;0
200.7;224272384;0
198.9;224350208;0
199.5;224350208;0
