0.0;10498048;0
0.0;10498048;0
0.0;10498048;0
0.0;10498048;0
49.9;14630912;0
100.3;14667776;0
133.0;19083264;0
199.5;19136512;0
168.0;19226624;0
198.9;19300352;0
216.1;23388160;0
199.5;23388160;0
186.4;27447296;0
142.0;19447808;0
201.6;23523328;0
199.5;23523328;0
186.4;31461376;0
198.9;31485952;0
201.6;31514624;0
199.5;31539200;0
200.7;31551488;0
133.0;23519232;0
83.1;27684864;0
99.7;27684864;0
100.3;27774976;0
100.3;27774976;0
99.7;20545536;0
235.2;32018432;0
198.9;32022528;0
200.7;31932416;0
149.6;24186880;0
218.4;32116736;0
199.5;32116736;0
200.7;32133120;0
157.7;32268288;0
198.9;32268288;0
199.5;32268288;0
198.9;32268288;0
114.7;28241920;0
182.8;33353728;0
199.5;33353728;0
186.4;29327360;0
184.7;33349632;0
149.6;29356032;0
199.5;32538624;0
201.6;32538624;0
198.9;32538624;0
201.6;32538624;0
199.5;32538624;0
199.5;25141248;0
213.1;32550912;0
200.7;32555008;0
166.2;28577792;0
199.5;32587776;0
200.7;32722944;0
198.9;32722944;0
199.5;32722944;0
199.5;32849920;0
200.7;32993280;0
198.9;32993280;0
168.0;28971008;0
133.0;33341440;0
229.4;59383808;0
298.3;87126016;0
302.4;110727168;0
299.2;130785280;0
216.1;143716352;0
212.5;171298816;0
268.8;188141568;390
199.5;214315008;74
186.4;214347776;493
227.3;212918272;746
232.7;218886144;193
201.6;218886144;0
199.5;218886144;0
199.5;218886144;0
200.7;218886144;0
198.9;218886144;0
200.7;218898432;0
116.4;214872064;0
184.8;218898432;0
199.5;218898432;0
200.7;218898432;0
200.7;218898432;0
199.5;218898432;0
199.5;218902528;0
116.4;214880256;0
218.4;218914816;0
116.4;212684800;0
215.0;218914816;0
200.7;218914816;0
184.7;214888448;0
172.0;218914816;0
198.9;218914816;0
201.6;218914816;0
182.8;218914816;0
216.1;214892544;0
184.8;218914816;0
198.9;218914816;0
200.7;218914816;0
198.9;218914816;0
201.6;218914816;0
199.5;218914816;0
199.5;218914816;0
201.6;218914816;0
113.6;211271680;0
215.0;219389952;0
127.8;215425024;0
201.6;219435008;0
199.5;219435008;0
199.5;219439104;0
201.6;219439104;0
156.2;215412736;0
157.7;219439104;0
170.5;219443200;0
200.7;219443200;0
199.5;219443200;0
182.8;215416832;0
201.6;219439104;0
133.0;215412736;0
216.1;219463680;0
199.5;219463680;0
182.8;219463680;0
201.6;219463680;0
133.0;213700608;0
199.5;222814208;0
200.7;222814208;0
198.9;222814208;0
186.4;222814208;0
216.1;233857024;0
302.4;269930496;0
299.2;296251392;0
266.0;318259200;0
272.4;343011328;0
243.7;366792704;0
255.7;389844992;0
301.0;408752128;0
255.7;217993216;0
215.0;223145984;0
186.4;219119616;0
142.0;223215616;0
201.6;223219712;0
216.1;223780864;0
199.5;223780864;0
166.2;219758592;0
166.2;223920128;0
184.8;223920128;0
182.8;224018432;0
200.7;224018432;0
200.7;224018432;0
198.9;224018432;0
200.7;224018432;0
113.6;220160000;0
229.4;217595904;0
200.7;224165888;0
127.8;224440320;0
200.7;224440320;0
200.7;224460800;0
198.9;224460800;0
200.7;224460800;0
198.9;224460800;0
200.7;224460800;0
129.0;220438528;0
170.5;220536832;0
200.7;224563200;0
200.7;224563200;0
99.4;220708864;0
216.1;224624640;0
199.5;224624640;0
200.7;224624640;0
198.9;224624640;0
129.0;216604672;0
198.9;219025408;0
199.5;224649216;0
215.0;224673792;0
198.9;224673792;0
200.7;224673792;0
200.7;224673792;0
198.9;224088064;0
229.4;242020352;0
298.3;267886592;0
301.0;289738752;0
329.7;316223488;0
227.3;332636160;0
315.4;356225024;0
272.4;369143808;0
299.2;393457664;0
299.2;409006080;0
266.0;256151552;0
170.5;214839296;0
143.3;224202752;0
200.7;224215040;0
198.9;224231424;0
200.7;224231424;0
200.7;224231424;0
199.5;224231424;0
182.8;220209152;0
199.5;224366592;0
199.5;218877952;0
201.6;224407552;0
182.8;219602944;0
199.5;224522240;0
201.6;224522240;0
200.7;224526336;0
199.5;224530432;0
200.7;224530432;0
198.9;224542720;0
201.6;224542720;0
200.7;224542720;0
198.9;224542720;0
172.0;220545024;0
215.0;224604160;0
198.9;224604160;0
199.5;224604160;0
199.5;224604160;0
199.5;224604160;0
168.0;224616448;0
199.5;224665600;0
182.8;224665600;0
201.6;224665600;0
199.5;224665600;0
199.5;224665600;0
199.5;224665600;0
49.9;213831680;0
216.1;224686080;0
201.6;224686080;0
199.5;224686080;0
199.5;224686080;0
200.7;224686080;0
157.7;216633344;0
142.0;228057088;0
199.5;228057088;0
199.5;228057088;0
199.5;228057088;0
201.6;228057088;0
199.5;228057088;0
184.7;224030720;0
315.4;251424768;0
286.7;279670784;0
229.4;306532352;0
284.1;324210688;0
232.7;343568384;0
266.0;364109824;0
282.6;391143424;0
301.0;409227264;0
301.0;248537088;0
199.5;221917184;0
199.5;217333760;0
201.6;223117312;0
166.2;223514624;0
199.5;223514624;0
200.7;223514624;0
198.9;223514624;0
200.7;223514624;0
168.0;219488256;0
216.1;223531008;0
166.2;219508736;0
215.0;223703040;0
200.7;223703040;0
199.5;223703040;0
199.5;223707136;0
149.6;219680768;0
99.4;219680768;0
215.0;224014336;0
200.7;224014336;0
199.5;224014336;0
182.8;217067520;0
201.6;224165888;0
200.7;224165888;0
198.9;224165888;0
157.7;224235520;0
198.9;224235520;0
199.5;224235520;0
201.6;224264192;0
199.5;220241920;0
199.5;224296960;0
201.6;220270592;0
216.1;220311552;0
213.1;224350208;0
200.7;224350208;0
198.9;224350208;0
199.5;224350208;0
201.6;224350208;0
186.4;224550912;0
198.9;224550912;0
200.7;224550912;0
201.6;224550912;0
199.5;224550912;0
199.5;223698944;0
200.7;219119616;0
199.5;228065280;0
199.5;228065280;0
201.6;228065280;0
157.7;224043008;0
269.9;250875904;0
299.2;280621056;0
285.6;304857088;0
301.0;336781312;0
216.1;352845824;0
299.2;385757184;0
