0.0;10510336;0
0.0;10510336;0
0.0;10510336;0
0.0;10510336;0
56.8;14647296;0
99.7;14688256;0
166.2;19124224;0
200.7;19152896;0
213.1;23355392;0
184.8;19243008;0
216.1;23273472;0
200.7;19263488;0
149.6;23539712;0
201.6;23539712;0
182.8;23461888;0
200.7;23519232;0
216.1;31559680;0
199.5;31592448;0
198.9;31588352;0
201.6;31666176;0
166.2;27574272;0
200.7;31682560;0
215.0;31739904;0
199.5;31744000;0
199.5;32018432;0
200.7;32018432;0
200.7;32026624;0
199.5;32014336;0
184.8;27914240;0
227.3;32067584;0
133.0;31375360;0
216.1;32759808;0
201.6;32759808;0
198.9;32759808;0
215.0;32763904;0
199.5;32780288;0
166.2;32915456;0
198.9;32915456;0
200.7;32915456;0
182.8;28893184;0
166.2;32362496;0
200.7;32362496;0
216.1;32628736;0
199.5;32628736;0
199.5;32489472;0
200.7;32489472;0
198.9;32632832;0
201.6;32493568;0
199.5;32563200;0
133.0;28540928;0
198.9;32727040;0
134.4;28700672;0
216.1;32858112;0
199.5;32825344;0
200.7;32829440;0
198.9;33001472;0
186.4;28057600;0
241.5;44183552;0
302.4;76001280;0
299.2;99688448;0
299.2;120795136;0
302.4;139722752;0
298.3;155238400;0
299.2;178884608;0
282.6;198238208;0
286.7;224071680;0
299.2;219643904;707
299.2;219643904;677
201.6;219611136;48
198.9;219611136;0
200.7;219746304;0
199.5;215777280;400
151.2;220999680;87
199.5;220999680;0
199.5;221016064;0
200.7;221016064;0
198.9;221016064;0
199.5;221016064;0
199.5;221032448;0
201.6;221032448;0
142.0;212979712;0
229.4;221032448;0
199.5;221032448;0
199.5;221032448;0
199.5;221032448;0
200.7;221032448;0
200.7;221032448;0
199.5;221032448;0
201.6;221032448;0
83.1;216588288;0
199.5;221024256;0
199.5;221024256;0
200.7;221024256;0
199.5;221024256;0
199.5;221024256;0
168.0;217001984;0
166.2;221032448;0
186.4;221057024;0
198.9;221057024;0
200.7;221057024;0
200.7;221057024;0
198.9;221057024;0
201.6;221061120;0
199.5;221061120;0
182.8;217243648;0
199.5;221061120;0
199.5;221061120;0
200.7;221061120;0
184.7;221057024;0
200.7;221057024;0
199.5;221057024;0
166.2;217030656;0
166.2;221057024;0
199.5;221057024;0
172.0;221061120;0
198.9;221061120;0
172.0;217034752;0
199.5;221057024;0
149.6;217030656;0
199.5;221052928;0
166.2;217030656;0
218.4;221057024;0
199.5;221057024;0
199.5;221057024;0
186.4;224411648;0
200.7;224411648;0
199.5;224411648;0
201.6;224411648;0
99.7;220401664;0
255.7;250773504;0
286.7;285880320;0
241.5;311840768;0
301.0;337813504;0
301.0;364847104;0
312.5;387543040;0
301.0;408477696;0
266.0;267890688;0
199.5;221831168;0
199.5;221831168;0
199.5;217804800;0
218.4;223215616;0
199.5;223215616;0
216.1;223481856;0
200.7;223481856;0
127.8;219430912;0
199.5;223555584;0
198.9;223555584;0
157.7;223604736;0
200.7;223604736;0
199.5;223604736;0
201.6;223604736;0
199.5;223604736;0
199.5;223711232;0
182.8;223727616;0
199.5;223727616;0
201.6;223727616;0
199.5;223727616;0
199.5;223727616;0
157.7;219701248;0
199.5;223858688;0
216.1;219242496;0
198.9;223891456;0
200.7;223891456;0
157.7;223932416;0
198.9;223932416;0
200.7;223932416;0
186.4;223977472;0
198.9;223977472;0
182.8;224108544;0
199.5;224108544;0
168.0;220082176;0
199.5;224108544;0
199.5;224108544;0
201.6;224108544;0
199.5;224108544;0
199.5;224133120;0
199.5;224133120;0
199.5;224133120;0
134.4;224149504;0
199.5;224149504;0
182.8;220123136;0
184.8;224178176;0
199.5;224178176;0
216.1;227536896;0
199.5;227536896;0
200.7;227536896;0
184.8;227536896;0
113.6;226549760;0
298.3;262647808;0
215.0;289099776;0
319.2;312209408;0
301.0;334327808;0
287.5;349896704;0
299.2;367185920;0
266.0;380305408;0
266.0;401608704;0
298.3;408932352;0
232.7;221380608;0
201.6;221380608;0
199.5;221380608;0
166.2;217358336;0
218.4;222437376;0
157.7;217878528;0
198.9;222453760;0
200.7;222453760;0
198.9;222453760;0
199.5;222453760;0
184.8;218431488;0
166.2;222650368;0
182.8;222650368;0
201.6;222650368;0
199.5;222650368;0
199.5;222650368;0
199.5;222650368;0
198.9;222650368;0
71.7;215863296;0
215.0;222773248;0
198.9;222773248;0
200.7;222773248;0
201.6;222773248;0
166.2;218746880;0
182.8;222842880;0
182.8;222859264;0
199.5;222863360;0
200.7;222863360;0
200.7;222863360;0
184.7;218836992;0
86.0;213696512;0
201.6;222928896;0
199.5;222928896;0
199.5;222928896;0
199.5;222928896;0
198.9;222928896;0
200.7;222928896;0
157.7;218902528;0
184.7;223088640;0
199.5;223088640;0
201.6;223088640;0
199.5;223088640;0
199.5;223088640;0
129.0;218763264;0
184.7;223408128;0
199.5;223408128;0
201.6;223408128;0
199.5;223408128;0
166.2;219385856;0
168.0;223547392;0
200.7;223547392;0
198.9;223547392;0
99.7;216883200;0
186.4;232493056;0
298.3;260431872;0
299.2;285118464;0
258.0;300625920;0
229.4;319942656;0
299.2;339902464;0
299.2;359735296;0
229.4;384749568;0
285.6;409374720;0
258.0;322404352;0
170.5;224075776;0
149.6;220053504;0
182.8;224485376;0
199.5;224485376;0
200.7;224485376;0
129.0;220463104;0
241.5;224710656;0
199.5;224710656;0
201.6;224710656;0
199.5;224710656;0
182.8;224845824;0
199.5;224845824;0
156.2;220819456;0
157.7;224948224;0
184.8;220925952;0
182.8;225013760;0
199.5;225013760;0
200.7;225013760;0
200.7;225013760;0
213.1;220196864;0
166.2;225275904;0
199.5;225275904;0
182.8;225275904;0
200.7;225275904;0
186.4;225304576;0
198.9;225304576;0
199.5;225304576;0
168.0;221278208;0
200.7;218390528;0
198.9;225492992;0
199.5;225492992;0
199.5;225492992;0
213.1;225546240;0
172.0;225611776;0
201.6;225611776;0
199.5;225611776;0
133.0;221589504;0
215.0;225628160;0
200.7;225628160;0
182.8;221601792;0
