0.0;10539008;0
0.0;10539008;0
0.0;10539008;0
49.9;14655488;0
100.3;14807040;0
133.0;19066880;0
199.5;19202048;0
216.1;23261184;0
86.0;15245312;0
133.0;19304448;0
200.7;19357696;0
213.1;23568384;0
199.5;23429120;0
182.8;23736320;0
200.7;23736320;0
198.9;23543808;0
201.6;23621632;0
216.1;31834112;0
200.7;31813632;0
156.2;27840512;0
134.4;28065792;0
182.8;32215040;0
200.7;32034816;0
200.7;32026624;0
199.5;32100352;0
199.5;32100352;0
200.7;32149504;0
143.3;24117248;0
199.5;32366592;0
201.6;32194560;0
198.9;32243712;0
200.7;32251904;0
133.0;28229632;0
201.6;28418048;0
216.1;33509376;0
200.7;33513472;0
199.5;33513472;0
133.0;26783744;0
200.7;33546240;0
199.5;33546240;0
184.8;29519872;0
142.0;34078720;0
184.8;30056448;0
149.6;34086912;0
199.5;34086912;0
198.9;34086912;0
200.7;34086912;0
199.5;34086912;0
199.5;34086912;0
201.6;34086912;0
198.9;34086912;0
143.3;30060544;0
199.5;37437440;0
268.8;67141632;0
298.3;95408128;0
301.0;123707392;0
216.1;144863232;0
315.8;166342656;0
282.6;186667008;464
329.7;214249472;0
272.4;213647360;460
312.5;219791360;802
229.4;219758592;170
199.5;219758592;0
199.5;219758592;0
166.2;219774976;0
182.8;219779072;0
200.7;219779072;0
198.9;219774976;0
201.6;219774976;0
216.1;219770880;0
149.6;215744512;0
199.5;220180480;0
186.4;220217344;0
186.4;220217344;0
198.9;220217344;0
134.4;216195072;0
216.1;220225536;0
199.5;220225536;0
198.9;220225536;0
143.3;211046400;0
201.6;220303360;0
199.5;220303360;0
200.7;220303360;0
200.7;220303360;0
198.9;220303360;0
199.5;220303360;0
199.5;220303360;0
168.0;220299264;0
199.5;220299264;0
200.7;220299264;0
200.7;220299264;0
199.5;220299264;0
199.5;220299264;0
199.5;220299264;0
143.3;216276992;0
184.7;220299264;0
200.7;220299264;0
199.5;220299264;0
199.5;220299264;0
199.5;220299264;0
157.7;212279296;0
229.4;214261760;0
198.9;220303360;0
200.7;220303360;0
199.5;216276992;0
149.6;220299264;0
199.5;220299264;0
199.5;220299264;0
186.4;223649792;0
156.2;219627520;0
229.4;246353920;0
301.0;275156992;0
284.1;301735936;0
301.0;326701056;0
298.3;345440256;0
243.7;368906240;0
315.4;397463552;0
170.5;399958016;0
299.2;222912512;0
199.5;222924800;0
200.7;222924800;0
198.9;222924800;0
200.7;222924800;0
198.9;222924800;0
186.4;218898432;0
114.7;219947008;0
99.7;219947008;0
100.8;219947008;0
216.1;224161792;0
199.5;224161792;0
199.5;224161792;0
199.5;224161792;0
200.7;224161792;0
198.9;224161792;0
200.7;224161792;0
186.4;215871488;0
216.1;224243712;0
199.5;224243712;0
199.5;224243712;0
218.4;224387072;0
199.5;224387072;0
200.7;224387072;0
172.0;220360704;0
170.5;224419840;0
200.7;224419840;0
198.9;224419840;0
186.4;224468992;0
199.5;224468992;0
182.8;224468992;0
201.6;224468992;0
199.5;224468992;0
116.4;217722880;0
199.5;224489472;0
199.5;224489472;0
201.6;224489472;0
182.8;224501760;0
166.2;220475392;0
168.0;224526336;0
199.5;224526336;0
199.5;224526336;0
133.0;216473600;0
172.0;224587776;0
200.7;224587776;0
142.0;220565504;0
200.7;224587776;0
201.6;224587776;0
170.5;220987392;0
186.4;217989120;0
199.5;227954688;0
200.7;227954688;0
200.7;227954688;0
255.7;235327488;0
301.0;262721536;0
286.7;290324480;0
312.5;315043840;0
301.0;336773120;0
298.3;359477248;0
301.0;379121664;0
301.0;397643776;0
298.3;409391104;0
286.7;221655040;0
172.0;212733952;0
216.1;222814208;0
199.5;222814208;0
182.8;222814208;0
199.5;222863360;0
201.6;222863360;0
199.5;222863360;0
199.5;218836992;0
184.8;222937088;0
199.5;222941184;0
166.2;222941184;0
199.5;222941184;0
149.6;218914816;0
201.6;222953472;0
199.5;222953472;0
149.6;218710016;0
200.7;223084544;0
199.5;223084544;0
198.9;223084544;0
172.0;219062272;0
170.5;223113216;0
157.7;219090944;0
186.4;223158272;0
198.9;223166464;0
200.7;223166464;0
200.7;223166464;0
198.9;216215552;0
184.7;223232000;0
186.4;223285248;0
198.9;223285248;0
199.5;223285248;0
201.6;223285248;0
99.7;215236608;0
232.7;223301632;0
199.5;223301632;0
201.6;223301632;0
166.2;215392256;0
199.5;223432704;0
199.5;223432704;0
182.8;223432704;0
172.0;223473664;0
200.7;223473664;0
198.9;223473664;0
157.7;219447296;0
186.4;223563776;0
199.5;223563776;0
199.5;223563776;0
199.5;223563776;0
232.7;226955264;0
201.6;226955264;0
199.5;226955264;0
149.6;232341504;0
301.0;260259840;0
286.7;282001408;0
299.2;302256128;0
282.6;316416000;0
282.6;341000192;0
299.2;360689664;0
286.7;385208320;0
301.0;409456640;0
266.0;323022848;0
216.1;222240768;0
201.6;222240768;0
199.5;223358976;0
149.6;223498240;0
200.7;223498240;0
198.9;223629312;0
157.7;219602944;0
201.6;223760384;0
199.5;223760384;0
199.5;223760384;0
201.6;223760384;0
199.5;223760384;0
182.8;223793152;0
186.4;223932416;0
198.9;223932416;0
200.7;223932416;0
201.6;223932416;0
199.5;223932416;0
199.5;223932416;0
117.6;219906048;0
232.7;224116736;0
199.5;224116736;0
199.5;224116736;0
198.9;224116736;0
200.7;224116736;0
201.6;224116736;0
199.5;220090368;0
149.6;224288768;0
201.6;224288768;0
200.7;224288768;0
198.9;224321536;0
199.5;224321536;0
199.5;224464896;0
182.8;220442624;0
201.6;224534528;0
200.7;224534528;0
198.9;224534528;0
186.4;224555008;0
184.8;224550912;0
199.5;224550912;0
199.5;224550912;0
182.8;224550912;0
199.5;224550912;0
201.6;224550912;0
200.7;219062272;0
166.2;220356608;0
199.5;224878592;0
201.6;224878592;0
172.0;228233216;0
198.9;228233216;0
200.7;228233216;0
199.5;224210944;0
266.0;258809856;0
215.0;286842880;0
301.0;317177856;0
298.3;337276928;0
299.2;363614208;0
