0.0;10514432;0
0.0;10514432;0
0.0;10514432;0
0.0;10514432;0
0.0;10514432;0
66.5;12713984;0
100.3;12738560;0
127.8;13070336;0
99.7;13090816;0
83.1;13127680;0
100.3;13152256;0
133.0;13369344;0
100.8;13369344;0
83.1;13332480;0
86.0;11313152;0
83.1;13406208;0
84.0;11382784;0
85.2;13434880;0
100.3;13434880;0
116.4;13500416;0
83.1;11481088;0
85.2;13615104;0
84.0;11595776;0
99.7;13606912;0
83.1;12816384;0
100.3;13692928;0
85.2;13815808;0
99.7;13815808;0
116.4;15851520;0
157.7;13688832;161
116.4;15855616;0
151.2;13832192;0
116.4;13950976;0
100.3;13950976;0
85.2;14495744;0
100.8;14495744;0
116.4;13660160;0
100.3;13660160;0
71.7;14876672;0
199.5;56115200;0
216.1;87355392;0
299.2;110067712;0
200.7;110718976;723
199.5;110682112;17
151.2;110743552;0
149.6;108724224;0
143.3;110747648;0
99.4;108724224;0
50.4;108720128;0
99.7;108720128;0
114.7;108724224;0
100.3;108724224;0
116.4;108720128;0
99.7;108720128;0
149.6;108756992;0
100.3;108756992;0
170.5;110776320;0
100.8;108756992;0
166.2;108761088;0
99.7;108761088;0
99.4;108793856;0
71.7;106774528;0
99.7;108793856;0
99.7;110817280;0
117.6;108797952;0
85.2;108793856;0
100.3;108793856;0
83.1;108797952;0
100.8;108797952;0
83.1;108797952;0
100.3;108797952;0
129.0;110821376;0
99.7;108797952;0
66.5;108793856;0
99.7;108793856;0
117.6;108793856;0
99.7;108793856;0
114.7;111521792;0
200.7;150138880;0
216.1;181821440;0
266.0;202350592;0
166.2;112001024;0
201.6;112017408;0
142.0;112140288;0
157.7;110116864;0
157.7;112136192;0
133.0;110116864;0
133.0;110194688;0
99.7;110194688;0
168.0;110231552;0
99.4;110231552;0
129.0;108359680;0
0.0;108359680;0
85.2;110587904;0
86.0;108568576;0
99.7;110592000;0
84.0;112603136;0
99.7;110612480;0
86.0;110608384;0
100.3;110608384;0
116.4;112619520;0
116.4;110600192;0
99.7;110657536;0
100.3;110657536;0
142.0;112680960;0
114.7;110657536;0
100.3;110919680;0
99.7;110919680;0
149.6;110940160;0
99.7;110940160;0
129.0;110936064;0
99.4;110936064;0
134.4;110940160;0
99.7;110940160;0
166.2;110952448;0
99.7;110952448;0
166.2;129597440;0
200.7;155504640;0
269.9;177340416;0
200.7;197931008;0
229.4;111292416;0
99.7;109273088;0
149.6;110411776;0
99.7;114139136;0
151.2;110612480;0
116.4;112685056;0
149.6;110661632;0
134.4;112844800;0
170.5;110833664;0
129.0;110919680;0
99.4;110919680;0
143.3;108896256;0
0.0;108896256;0
56.8;111067136;0
100.3;111095808;0
114.7;111083520;0
99.4;111083520;0
143.3;111144960;0
99.4;109649920;0
100.3;111202304;0
86.0;111198208;0
99.7;111198208;0
134.4;113246208;0
99.7;111226880;0
133.0;113250304;0
99.7;111230976;0
149.6;113344512;0
100.8;111321088;0
156.2;113364992;0
129.0;111345664;0
172.0;111345664;0
99.4;111345664;0
149.6;111353856;0
99.7;111353856;0
100.8;127725568;0
199.5;164614144;0
249.3;189415424;0
201.6;190656512;0
149.6;111382528;0
99.7;111382528;0
199.5;111443968;0
99.7;111443968;0
151.2;111501312;0
99.7;111616000;0
99.7;111616000;0
100.8;111624192;0
99.7;111624192;0
33.2;111673344;0
100.3;111673344;0
85.2;111677440;0
100.8;111677440;0
86.0;111677440;0
99.7;111677440;0
184.8;111661056;0
99.7;111661056;0
116.4;111669248;0
99.7;111669248;0
133.0;111697920;0
117.6;113729536;0
99.7;111710208;0
133.0;113733632;0
134.4;111714304;0
133.0;113737728;0
166.2;111714304;0
133.0;111714304;0
99.7;111718400;0
84.0;111759360;0
99.7;111759360;0
133.0;111767552;0
100.8;111783936;0
99.7;111792128;0
100.3;111792128;0
184.7;132788224;0
199.5;165130240;0
319.2;188366848;0
232.7;204681216;0
249.3;113459200;0
100.8;114630656;0
199.5;114630656;0
133.0;114884608;0
199.5;114884608;0
182.8;115019776;0
201.6;115019776;0
166.2;115023872;0
66.5;113020928;0
168.0;115085312;0
199.5;115085312;0
133.0;115068928;0
149.6;113061888;0
199.5;115224576;0
199.5;117293056;0
117.6;113266688;0
133.0;115376128;0
199.5;115376128;0
184.8;113369088;0
49.9;113385472;0
166.2;115412992;0
199.5;115412992;0
182.8;115412992;0
151.2;113389568;0
182.8;113389568;0
99.7;111366144;0
100.8;113405952;0
116.4;115429376;0
99.7;113405952;0
99.7;113504256;0
99.7;113504256;0
71.7;113508352;0
100.3;113508352;0
127.8;119345152;0
200.7;157974528;0
243.7;186966016;0
269.9;204447744;0
186.4;115294208;0
133.0;113274880;0
182.8;116461568;0
117.6;114421760;0
199.5;116789248;0
116.4;117460992;0
201.6;116883456;0
116.4;116887552;0
166.2;114868224;0
133.0;116887552;0
116.4;114868224;0
100.3;115056640;0
100.3;115056640;0
71.0;115105792;0
100.3;115105792;0
114.7;115142656;0
99.4;115142656;0
99.7;115142656;0
99.7;117268480;0
116.4;115245056;0
84.0;115281920;0
100.3;115281920;0
127.8;115351552;0
100.3;115351552;0
129.0;115625984;0
99.7;115625984;0
116.4;115625984;0
99.7;115625984;0
99.7;115630080;0
100.8;116396032;0
114.7;115679232;0
99.4;115691520;0
100.3;115691520;0
100.3;117800960;0
199.5;144207872;0
216.1;170303488;0
216.1;194797568;0
182.8;121634816;0
184.8;119611392;0
143.3;122834944;0
113.6;120811520;0
182.8;122945536;0
100.8;120922112;0
116.4;120971264;0
99.7;120971264;0
143.3;121032704;0
113.6;122540032;0
99.7;121061376;0
117.6;123121664;0
116.4;121102336;0
133.0;121143296;0
100.8;121131008;0
149.6;121159680;0
99.4;121159680;0
114.7;121155584;0
99.4;121155584;0
86.0;121245696;0
100.8;119222272;0
99.7;121307136;0
83.1;121278464;0
100.3;121278464;0
100.3;121307136;0
99.4;121307136;0
86.0;121372672;0
99.7;121372672;0
83.1;121409536;0
100.8;121409536;0
