0.0;10522624;0
0.0;10522624;0
0.0;10522624;0
0.0;10522624;0
0.0;10522624;0
66.5;12664832;0
100.3;12693504;0
83.1;12738560;0
99.7;12754944;0
66.5;12824576;0
100.3;12873728;0
149.6;13201408;0
100.8;13201408;0
85.2;13217792;0
100.3;13217792;0
83.1;13352960;0
100.8;13352960;0
85.2;13484032;0
100.3;13484032;0
149.6;13410304;0
99.7;13410304;0
127.8;13529088;0
100.8;13529088;0
99.7;13590528;0
86.0;11567104;0
100.3;13504512;0
113.6;15716352;0
133.0;13549568;161
116.4;15761408;0
114.7;13742080;0
83.1;13717504;0
100.8;13717504;0
85.2;13729792;0
100.3;13729792;0
83.1;13836288;0
100.8;13836288;0
83.1;13799424;0
100.3;13799424;0
114.7;16781312;0
199.5;54923264;0
199.5;80236544;0
186.4;106647552;0
229.4;110620672;638
113.6;108568576;102
134.4;110608384;0
133.0;108589056;0
133.0;108642304;0
99.4;108642304;0
151.2;110665728;0
116.4;108646400;0
166.2;110669824;0
129.0;108646400;0
156.2;110669824;0
116.4;108646400;0
149.6;108650496;0
0.0;106627072;0
99.7;108646400;0
99.7;108646400;0
100.3;108650496;0
99.4;108650496;0
166.2;108650496;0
99.7;108650496;0
114.7;108650496;0
99.4;108650496;0
151.2;108658688;0
99.7;106635264;0
99.7;108654592;0
99.7;112668672;0
129.0;108658688;0
99.7;111173632;0
149.6;109150208;0
117.6;111206400;0
170.5;109182976;0
129.0;111202304;0
199.5;111202304;0
134.4;111202304;0
199.5;111202304;0
143.3;110153728;0
301.0;143859712;0
241.5;173322240;0
299.2;198287360;0
282.6;112074752;0
117.6;112095232;0
149.6;112877568;0
200.7;112877568;0
172.0;112918528;0
199.5;112918528;0
149.6;112984064;0
133.0;110960640;0
117.6;110989312;0
99.4;110989312;0
129.0;111013888;0
100.3;111013888;0
133.0;111067136;0
99.7;111067136;0
99.7;111067136;0
100.8;111067136;0
99.4;111075328;0
100.3;111075328;0
129.0;111075328;0
99.7;113135616;0
166.2;111128576;0
116.4;113152000;0
168.0;111128576;0
133.0;113147904;0
114.7;111124480;0
129.0;111161344;0
99.7;111161344;0
149.6;111165440;0
99.7;111165440;0
157.7;113184768;0
99.4;111165440;0
172.0;113197056;0
133.0;111177728;0
182.8;113242112;0
133.0;111218688;0
166.2;126210048;0
201.6;162131968;0
255.7;186015744;0
266.0;201887744;0
218.4;111009792;0
133.0;108990464;0
99.7;110284800;0
66.5;109629440;0
99.7;110411776;0
117.6;112541696;0
113.6;110522368;0
114.7;110727168;0
100.3;110727168;0
142.0;112820224;0
114.7;110796800;0
99.7;110862336;0
100.8;110862336;0
166.2;112959488;0
99.7;110936064;0
168.0;112959488;0
99.7;110940160;0
99.7;110952448;0
99.7;108929024;0
99.7;110960640;0
100.3;112168960;0
149.6;110956544;0
116.4;112975872;0
100.8;110956544;0
127.8;113291264;0
129.0;111271936;0
142.0;113344512;0
114.7;111321088;0
157.7;113344512;0
127.8;111325184;0
172.0;113348608;0
99.7;111325184;0
166.2;113344512;0
133.0;111321088;0
116.4;121565184;0
201.6;159690752;0
215.0;186765312;0
241.5;204455936;0
172.0;112521216;0
172.0;110497792;0
99.4;110477312;0
100.3;110546944;0
156.2;110628864;0
116.4;112734208;0
100.8;108691456;0
28.4;110747648;0
99.7;110747648;0
133.0;110768128;0
117.6;112791552;0
166.2;110772224;0
116.4;110772224;0
100.8;110772224;0
66.5;110768128;0
99.7;110768128;0
49.9;110841856;0
99.7;110841856;0
151.2;112975872;0
113.6;110952448;0
100.3;110952448;0
100.3;110952448;0
142.0;110948352;0
100.3;110948352;0
156.2;110948352;0
100.3;110948352;0
100.3;111013888;0
113.6;113037312;0
114.7;111017984;0
129.0;113037312;0
127.8;111013888;0
143.3;113082368;0
142.0;111063040;0
143.3;116047872;0
243.7;145387520;0
227.3;175710208;0
299.2;195911680;0
218.4;112099328;0
182.8;110075904;0
133.0;111296512;0
100.3;111296512;0
170.5;111439872;0
100.3;111452160;0
151.2;111624192;0
116.4;113684480;0
182.8;111665152;0
134.4;113729536;0
182.8;111710208;0
149.6;113758208;0
166.2;111734784;0
166.2;113799168;0
134.4;111775744;0
182.8;113799168;0
127.8;111775744;0
186.4;113799168;0
114.7;112922624;0
127.8;111845376;0
116.4;113987584;0
149.6;111964160;0
133.0;112054272;0
100.8;112054272;0
149.6;114077696;0
133.0;112054272;0
184.8;114077696;0
133.0;112054272;0
184.7;114139136;0
143.3;112119808;0
156.2;112275456;0
100.3;113848320;0
129.0;112275456;0
99.7;112275456;0
199.5;138301440;0
201.6;167456768;0
266.0;186908672;0
213.1;205643776;0
129.0;113577984;0
66.5;114913280;0
99.7;114913280;0
84.0;115101696;0
99.7;115101696;0
85.2;115101696;0
100.3;115101696;0
151.2;115159040;0
99.7;117227520;0
133.0;115208192;0
116.4;117280768;0
133.0;115257344;0
129.0;115298304;0
100.3;115298304;0
156.2;117346304;0
99.7;115326976;0
168.0;115326976;0
99.7;115326976;0
133.0;115367936;0
99.7;115367936;0
184.7;115367936;0
129.0;117469184;0
186.4;115445760;0
142.0;117469184;0
172.0;115445760;0
168.0;117465088;0
99.7;115449856;0
182.8;115458048;0
99.7;115458048;0
127.8;115503104;0
100.3;115503104;0
143.3;115621888;0
83.1;113598464;0
199.5;138981376;0
201.6;170229760;0
243.7;186515456;0
213.1;206147584;0
116.4;114065408;0
149.6;117456896;0
116.4;115372032;0
84.0;115548160;0
100.3;115548160;0
113.6;115589120;0
99.7;115589120;0
134.4;116178944;0
86.0;116215808;0
99.4;116215808;0
66.5;116215808;0
99.7;116215808;0
83.1;116215808;0
100.8;116215808;0
83.1;116387840;0
99.4;116387840;0
86.0;116408320;0
100.8;116408320;0
116.4;116539392;0
127.8;118669312;0
114.7;116645888;0
113.6;116744192;0
99.7;116744192;0
151.2;116805632;0
83.1;116805632;0
156.2;116899840;0
100.3;116899840;0
201.6;116895744;0
99.7;118964224;0
182.8;116944896;0
