0.0;10514432;0
0.0;10514432;0
0.0;10514432;0
0.0;10514432;0
0.0;10514432;0
16.6;12005376;0
0.0;12595200;0
33.6;13463552;0
0.0;12673024;0
28.7;14503936;0
0.0;14503936;0
49.9;15454208;0
0.0;15454208;0
49.9;16408576;0
0.0;16408576;0
42.6;16465920;0
0.0;16465920;0
28.7;17416192;0
0.0;17416192;0
49.9;18505728;0
0.0;19402752;0
33.6;20332544;0
16.6;20758528;0
16.6;21286912;0
33.6;22233088;0
0.0;22233088;0
49.9;23244800;94
99.7;23244800;833
114.7;23322624;880
99.7;22388736;748
16.6;21864448;0
0.0;21864448;0
33.2;21876736;0
0.0;21876736;0
43.0;21876736;0
14.2;22769664;0
16.6;21880832;0
57.3;28766208;0
142.0;31522816;114
143.3;33865728;0
199.5;33865728;0
232.7;32899072;0
156.2;32223232;0
151.2;33374208;0
199.5;33726464;0
237.5;35680256;0
268.8;35737600;0
282.6;34906112;0
301.0;34889728;0
298.3;35123200;0
252.0;33120256;0
199.5;32821248;0
199.5;35528704;0
302.4;35717120;0
284.1;35868672;0
301.0;35880960;0
249.3;36577280;0
168.0;31911936;0
133.0;32051200;0
100.3;32051200;0
157.7;34394112;0
199.5;34390016;0
266.0;35565568;0
299.2;35553280;0
252.0;32735232;0
199.5;32735232;0
143.3;31948800;0
100.3;31948800;0
127.8;32075776;0
99.7;34488320;0
199.5;34623488;0
229.4;35823616;0
269.9;35926016;0
302.4;35352576;0
199.5;32772096;0
232.7;42684416;0
298.3;42811392;0
344.0;44138496;0
266.0;41512960;0
266.0;43929600;0
302.4;44191744;0
332.4;45477888;0
229.4;41660416;0
227.3;41254912;0
200.7;41254912;0
299.2;43663360;0
275.0;44830720;0
312.5;44974080;0
344.0;45498368;0
332.4;42418176;0
340.9;44707840;0
301.0;41558016;0
255.7;44605440;0
200.7;44605440;0
299.2;44695552;0
299.2;45109248;0
302.4;42123264;0
312.5;45047808;0
286.7;45015040;0
232.7;45080576;0
199.5;45080576;0
216.1;45072384;0
201.6;45072384;0
213.1;45195264;0
200.7;45195264;0
232.7;46075904;0
199.5;46075904;0
216.1;41910272;0
216.1;44347392;0
301.0;44347392;0
326.7;45920256;0
286.7;44126208;0
272.4;51757056;0
369.3;52039680;0
382.3;54616064;0
382.3;54583296;0
315.8;53223424;0
286.7;53223424;0
372.7;54128640;0
400.0;54919168;0
400.0;54910976;0
387.0;55160832;0
400.0;55177216;0
372.7;55148544;0
350.0;55181312;0
400.0;55177216;0
375.0;55312384;0
387.0;57405440;0
400.0;57769984;0
340.9;56233984;0
398.9;51777536;0
400.0;54018048;0
387.5;54149120;0
400.0;54411264;0
369.3;54521856;0
358.4;54534144;0
401.4;54792192;0
332.4;53141504;0
397.7;53284864;0
398.9;54509568;0
299.2;54497280;0
315.8;54792192;0
302.4;54792192;0
344.0;54812672;0
397.7;54812672;0
398.9;54788096;0
319.2;55107584;0
401.4;61505536;0
400.0;62234624;0
397.7;62234624;0
387.0;63021056;0
397.7;63021056;0
387.0;63025152;0
400.0;64802816;0
400.0;63029248;0
400.0;63029248;0
400.0;64798720;0
397.7;63021056;0
382.3;63021056;0
401.4;63021056;0
403.2;63148032;0
401.4;63148032;0
383.5;63135744;0
400.0;64397312;0
400.0;64368640;0
397.7;63488000;0
400.0;65261568;0
387.5;63479808;0
397.7;63483904;0
397.7;63483904;0
241.5;63610880;0
398.9;65396736;0
401.4;64024576;0
352.8;65122304;0
398.9;65122304;0
340.9;66007040;0
401.4;66007040;0
387.5;66007040;0
387.0;66019328;0
369.3;66007040;0
387.5;68960256;0
401.8;70717440;0
400.0;71192576;0
400.0;73879552;0
379.5;73867264;0
400.0;73846784;0
400.0;73859072;0
387.0;73834496;0
387.0;73232384;0
400.0;74129408;0
397.7;74113024;0
400.0;74113024;0
383.5;74113024;0
350.0;74092544;0
400.0;74809344;0
401.4;73908224;0
401.4;74813440;0
400.0;74797056;0
397.7;74797056;0
383.5;74809344;0
387.0;74797056;0
400.0;74809344;0
401.4;74797056;0
387.0;74801152;0
401.4;74817536;0
397.7;74801152;0
400.0;74817536;0
398.9;74797056;0
362.5;74797056;0
344.0;74813440;0
400.0;74797056;0
401.4;74801152;0
387.5;75112448;0
401.4;79355904;0
400.0;81133568;0
400.0;81653760;0
398.9;81637376;0
400.0;82513920;0
397.7;82661376;0
400.0;82649088;0
400.0;82640896;0
387.5;82653184;0
400.0;82636800;0
400.0;82653184;0
343.5;83521536;0
400.0;81752064;0
400.0;83525632;0
387.9;83513344;0
288.1;83505152;0
400.0;83488768;0
375.0;83640320;0
387.5;82145280;0
401.4;83025920;0
387.0;84185088;0
343.5;84168704;0
369.3;83021824;0
362.5;83918848;0
383.5;83902464;0
349.1;83918848;0
337.5;83906560;0
350.0;83894272;0
387.5;84058112;0
400.0;83156992;0
387.5;84803584;0
400.0;91860992;0
398.9;92749824;0
388.1;91103232;0
401.8;92315648;0
400.0;92344320;0
376.8;92323840;0
400.6;92336128;0
398.1;93114368;0
390.6;93085696;0
398.9;92553216;0
400.0;93507584;0
400.0;93523968;0
357.1;93507584;0
398.1;93507584;0
400.6;93507584;0
398.9;93519872;0
400.0;93499392;0
401.8;93511680;0
388.1;93511680;0
387.9;93528064;0
387.5;93511680;0
360.6;93523968;0
398.9;93528064;0
387.5;93519872;0
398.9;93511680;0
380.6;93995008;0
399.7;101244928;0
398.9;101670912;0
354.6;101662720;0
400.6;101658624;0
379.5;101838848;0
398.9;101834752;0
390.6;101826560;0
400.6;101826560;0
398.9;101842944;0
387.5;101826560;0
400.6;101814272;0
398.1;101814272;0
400.6;101826560;0
362.5;101830656;0
401.8;101822464;0
378.2;101814272;0
401.8;101814272;0
401.8;101830656;0
398.9;101822464;0
401.8;101814272;0
398.9;101830656;0
401.8;101826560;0
401.8;101826560;0
376.8;101814272;0
368.3;101830656;0
387.9;102641664;0
400.0;103542784;0
400.6;110145536;0
400.6;110428160;0
398.9;111239168;0
