0.0;10522624;0
0.0;10522624;0
0.0;10522624;0
0.0;10522624;0
56.8;11706368;0
100.3;12050432;0
133.0;13463552;0
43.0;12734464;0
71.7;13852672;0
99.7;14184448;0
182.8;15482880;0
199.5;15949824;0
186.4;16396288;0
199.5;16760832;0
201.6;18313216;0
113.6;17547264;0
166.2;17965056;0
199.5;18296832;0
200.7;19390464;0
198.9;22401024;0
201.6;21086208;0
99.7;20672512;0
200.7;21078016;0
198.9;23293952;0
201.6;23642112;0
198.9;24047616;0
157.7;22380544;0
66.5;25124864;0
133.0;25550848;0
198.9;26558464;0
201.6;26701824;0
199.5;27062272;0
232.7;27787264;696
114.7;27787264;817
99.7;27787264;803
133.0;27734016;11
199.5;27725824;0
200.7;28000256;0
198.9;28270592;0
201.6;28811264;0
33.2;25030656;0
133.0;24682496;0
284.1;35909632;114
301.0;36315136;0
301.0;36720640;0
232.7;36708352;0
184.8;35758080;0
213.1;32968704;0
243.7;35225600;0
199.5;35213312;0
218.4;35250176;0
198.9;31768576;0
129.0;34414592;0
99.7;34414592;0
149.6;35516416;0
199.5;35516416;0
229.4;36397056;0
143.3;34623488;0
133.0;33566720;0
100.8;33566720;0
133.0;33755136;0
100.3;33755136;0
184.7;36089856;0
201.6;36085760;0
299.2;37154816;0
282.6;36470784;0
301.0;36470784;0
298.3;37367808;0
299.2;37363712;0
232.7;37355520;0
151.2;33632256;0
142.0;35667968;0
200.7;35663872;0
232.7;37023744;0
149.6;35250176;0
198.9;42770432;0
301.0;42901504;0
332.4;44343296;0
249.3;44326912;0
235.2;41725952;0
198.9;41725952;0
258.0;44392448;0
299.2;44523520;0
336.0;45793280;0
216.1;46518272;0
301.0;46518272;0
315.4;46522368;0
298.3;46485504;0
232.7;46485504;0
199.5;46485504;0
235.2;46485504;0
184.7;46485504;0
229.4;42139648;0
200.7;42139648;0
232.7;44474368;0
199.5;44474368;0
282.6;44650496;0
301.0;44650496;0
326.7;45928448;0
218.4;41328640;0
232.7;44703744;0
199.5;44924928;0
237.5;44920832;0
301.0;46096384;0
298.3;46096384;0
272.4;43548672;0
301.0;43687936;0
315.8;45113344;0
301.0;45113344;0
243.7;41091072;0
199.5;44146688;0
216.1;44675072;0
255.7;52752384;0
299.2;52752384;0
358.4;53911552;0
387.0;53903360;0
401.4;54276096;0
269.9;54263808;0
301.0;55390208;0
315.4;55414784;0
383.5;55414784;0
382.3;56307712;0
299.2;54538240;0
349.1;55439360;0
401.4;55439360;0
325.0;55828480;0
375.0;56717312;0
403.2;56717312;0
344.0;57597952;0
398.9;55820288;0
332.4;51585024;0
286.7;51585024;0
301.0;54030336;0
312.5;54239232;0
266.0;54222848;0
299.2;54218752;0
299.2;54218752;0
336.0;54484992;0
299.2;54484992;0
315.8;54755328;0
302.4;54755328;0
383.5;55177216;0
397.7;56078336;0
329.7;54292480;0
287.5;55320576;0
284.1;55435264;0
350.0;55709696;0
387.5;55709696;0
375.0;62681088;0
400.0;63741952;0
401.4;63741952;0
397.7;62922752;0
387.5;64696320;0
387.0;62922752;0
401.4;64708608;0
403.2;62926848;0
398.9;64708608;0
400.0;64708608;0
369.3;64696320;0
400.0;63983616;0
397.7;63959040;0
312.5;64962560;0
387.0;64962560;0
387.0;64962560;0
400.0;64978944;0
401.4;64958464;0
397.7;64950272;0
397.7;64950272;0
401.4;64950272;0
383.5;64970752;0
397.7;64958464;0
400.0;64958464;0
400.0;64958464;0
401.4;64954368;0
387.5;64942080;0
400.0;64942080;0
350.0;64483328;0
400.0;65363968;0
397.7;65363968;0
400.0;65363968;0
401.4;65363968;0
400.0;73023488;0
397.7;73932800;0
369.3;73920512;0
401.8;73846784;0
400.0;73854976;0
400.0;73846784;0
387.5;73850880;0
401.4;73850880;0
400.0;73854976;0
400.0;73871360;0
400.0;73871360;0
400.0;74768384;0
400.0;74760192;0
400.0;74739712;0
383.5;74752000;0
383.5;74735616;0
362.5;74752000;0
400.0;74764288;0
400.0;74743808;0
387.9;74752000;0
387.0;74756096;0
401.4;74756096;0
400.0;74772480;0
401.8;75001856;0
398.9;75272192;0
376.8;76333056;0
400.0;71598080;0
387.5;72380416;0
387.5;72736768;0
398.9;72892416;0
390.6;74366976;0
387.5;81395712;0
400.0;80162816;0
401.8;81940480;0
387.9;83419136;0
343.5;83390464;0
390.6;83587072;0
398.9;83636224;0
400.0;83619840;0
401.8;85352448;0
398.9;85397504;0
387.5;85381120;0
400.0;85393408;0
400.0;85389312;0
400.0;85385216;0
398.9;85397504;0
398.9;85520384;0
400.0;85524480;0
400.0;84652032;0
400.0;84652032;0
400.0;85557248;0
376.8;85553152;0
400.0;85532672;0
400.0;85524480;0
401.4;85532672;0
398.9;84762624;0
387.9;86163456;0
368.3;86163456;0
400.0;86163456;0
400.6;86134784;0
380.6;86564864;0
387.5;86376448;0
401.8;84869120;0
398.9;84869120;0
401.8;84869120;0
387.9;84869120;0
400.0;84848640;0
350.0;85590016;0
387.5;94158848;0
400.0;94167040;0
398.9;94183424;0
400.6;94199808;0
390.6;94199808;0
312.5;94199808;0
400.0;94203904;0
375.0;94203904;0
375.0;94224384;0
332.4;94212096;0
379.5;94208000;0
360.6;95076352;0
400.6;95596544;0
376.8;95612928;0
390.6;95617024;0
388.1;95617024;0
365.7;95617024;0
390.6;95633408;0
390.6;95608832;0
354.6;94973952;0
375.0;95223808;0
387.9;95223808;0
400.6;95223808;0
400.6;95223808;0
378.2;95223808;0
400.0;95211520;0
400.0;95211520;0
360.6;95211520;0
400.0;95227904;0
398.9;94711808;0
398.1;94711808;0
400.6;94711808;0
376.8;94695424;0
398.9;94695424;0
397.7;94691328;0
398.9;93474816;0
398.9;93585408;0
401.8;101511168;0
400.6;103165952;0
400.6;103157760;0
400.6;103149568;0
400.6;103243776;0
343.5;103497728;0
400.0;103501824;0
354.6;103514112;0
400.6;103591936;0
398.9;103587840;0
390.6;103591936;0
378.2;103591936;0
400.6;103579648;0
398.1;103596032;0
