8.3;0.4;0.0;1.0;627.0


8.3;128.2;7.6;2.0;625.0


8.3;93.4;7.4;2.0;627.0


4.2;83.8;8.3;2.0;628.0


0.0;0.3;0.0;1.0;627.0


4.2;25.4;1.0;1.0;628.0


8.3;2.3;0.2;2.0;781.0


8.3;0.0;0.0;8.0;916.0


8.4;0.0;0.0;7.0;1044.0


8.3;0.0;0.0;8.0;1168.0


8.4;0.2;0.0;5.0;1274.0


8.4;70.2;67.7;13.0;1417.0


8.3;84.8;353.6;29.0;2055.0


26.0;0.0;0.0;69.0;2055.0


0.0;0.1;0.0;2.0;2052.0


0.0;0.3;0.0;1.0;2055.0


7.1;1182.7;51.7;1.0;2054.0


8.4;309.5;13.8;1.0;2054.0


8.3;0.0;0.0;1.0;2054.0


8.4;0.0;0.0;2.0;2054.0


8.4;0.0;0.0;2.0;2052.0


8.3;0.0;0.0;1.0;2054.0


8.4;0.0;0.0;1.0;2055.0


8.3;0.0;0.0;1.0;2055.0


8.4;0.0;0.0;2.0;2054.0


8.4;0.0;0.0;2.0;2054.0


8.4;0.0;0.0;1.0;2052.0


8.4;0.0;0.0;2.0;2055.0


8.3;0.0;0.0;1.0;2054.0


8.4;0.0;0.0;2.0;2055.0


8.3;0.0;0.0;1.0;2055.0


8.4;0.0;0.0;2.0;2054.0


8.3;0.0;0.0;1.0;2055.0


8.3;0.0;0.0;1.0;2054.0


8.4;0.0;0.0;1.0;2054.0


8.3;0.0;0.0;1.0;2054.0


8.3;0.0;0.0;1.0;2054.0


8.3;0.0;0.0;1.0;2054.0


0.0;0.1;0.0;5.0;2057.0


0.0;0.3;0.0;5.0;2055.0


8.3;1241.2;54.3;4.0;2055.0


8.4;251.2;11.2;6.0;2055.0


8.3;0.0;0.0;5.0;2054.0


8.4;0.0;0.0;5.0;2055.0


8.4;0.0;0.0;11.0;2055.0


8.3;0.0;0.0;11.0;2055.0


8.4;0.0;0.0;11.0;2055.0


8.4;0.0;0.0;10.0;2055.0


8.4;0.0;0.0;15.0;2057.0


8.3;0.0;0.0;10.0;2055.0


8.4;0.0;0.0;15.0;2055.0


8.3;0.0;0.0;8.0;2057.0


8.3;0.0;0.0;13.0;2055.0


8.4;0.0;0.0;11.0;2057.0


8.3;0.0;0.0;14.0;2055.0


8.4;0.0;0.0;13.0;2057.0


8.4;0.0;0.0;9.0;2057.0


8.3;0.0;0.0;12.0;2054.0


8.4;0.0;0.0;9.0;2057.0


8.3;0.0;0.0;13.0;2055.0


8.4;0.0;0.0;11.0;2057.0


8.4;0.0;0.0;12.0;2055.0


8.4;1.0;0.3;13.0;2055.0


8.4;0.0;0.0;14.0;2057.0


8.4;0.0;0.0;12.0;2055.0


8.4;0.0;0.0;10.0;2054.0


8.3;0.0;0.0;12.0;2054.0


8.4;0.0;0.0;12.0;2055.0


8.3;0.0;0.0;14.0;2055.0


8.3;0.0;0.0;13.0;2057.0


8.4;0.0;0.0;12.0;2055.0


8.3;0.0;0.0;11.0;2055.0


8.4;0.0;0.0;100.0;2055.0


8.3;0.2;0.0;44.0;2260.0


50.0;0.0;0.0;44.0;2687.0


8.3;0.0;0.0;48.0;2687.0


8.3;0.0;0.0;47.0;2686.0


8.4;0.0;0.0;48.0;2689.0


8.4;0.0;0.0;48.0;2687.0


8.3;0.0;0.0;49.0;2687.0


8.4;0.0;0.0;48.0;2687.0


8.3;0.0;0.0;48.0;2686.0


8.4;0.0;0.0;48.0;2687.0


8.3;0.0;0.0;48.0;2686.0


8.4;0.0;0.0;49.0;2687.0


8.3;0.0;0.0;48.0;2687.0


8.3;0.0;0.0;49.0;2686.0


0.0;3.7;0.3;2.0;2689.0


0.0;0.3;0.0;2.0;2688.0


9.7;849.5;37.1;1.0;2689.0


8.3;643.2;28.5;1.0;2686.0


8.4;0.0;0.0;1.0;2688.0


8.4;0.0;0.0;1.0;2688.0


8.3;0.0;0.0;1.0;2688.0


8.4;0.0;0.0;1.0;2686.0


8.3;0.0;0.0;1.0;2688.0


8.3;0.0;0.0;1.0;2688.0


8.4;0.0;0.0;2.0;2689.0


8.3;0.0;0.0;1.0;2688.0


8.4;0.0;0.0;1.0;2689.0


8.3;0.0;0.0;1.0;2688.0


8.4;0.0;0.0;1.0;2688.0


8.3;0.0;0.0;1.0;2688.0


8.4;0.0;0.0;2.0;2688.0


8.3;0.0;0.0;1.0;2689.0


8.3;0.0;0.0;1.0;2688.0


8.4;0.0;0.0;1.0;2688.0


8.3;0.0;0.0;1.0;2688.0


8.3;0.0;0.0;2.0;2688.0


8.4;0.0;0.0;2.0;2688.0


8.3;0.0;0.0;1.0;2688.0


0.0;0.1;0.0;1.0;2688.0


0.0;0.3;0.0;1.0;2688.0


8.4;892.3;39.0;1.0;2688.0


8.4;599.5;26.6;1.0;2688.0


8.3;0.0;0.0;1.0;2686.0


8.4;0.0;0.0;1.0;2691.0


8.3;0.0;0.0;1.0;2688.0


8.4;0.0;0.0;1.0;2689.0


8.3;0.0;0.0;1.0;2688.0


8.3;0.0;0.0;1.0;2688.0


8.3;0.0;0.0;1.0;2689.0


8.3;0.0;0.0;1.0;2689.0


8.3;0.0;0.0;1.0;2688.0


8.3;0.0;0.0;1.0;2686.0


8.3;0.0;0.0;2.0;2688.0


8.3;0.0;0.0;2.0;2686.0


8.4;0.0;0.0;2.0;2688.0


8.4;0.0;0.0;1.0;2688.0


8.3;0.0;0.0;2.0;2688.0


8.4;0.0;0.0;2.0;2688.0


8.3;0.0;0.0;2.0;2688.0


8.4;0.0;0.0;1.0;2688.0


8.4;0.0;0.0;1.0;2689.0


8.3;0.0;0.0;2.0;2688.0


8.4;1.0;0.3;1.0;2688.0


8.3;0.0;0.0;1.0;2688.0


8.4;0.0;0.0;1.0;2688.0


8.3;0.0;0.0;1.0;2688.0


8.4;0.0;0.0;1.0;2688.0


8.3;0.0;0.0;1.0;2688.0


8.3;0.0;0.0;1.0;2686.0


8.4;0.0;0.0;2.0;2689.0


8.3;0.0;0.0;1.0;2689.0


8.3;0.0;0.0;2.0;2686.0


8.4;0.0;0.0;44.0;2693.0


8.3;0.0;0.0;43.0;2693.0


8.4;0.0;0.0;49.0;2693.0


8.3;0.0;0.0;48.0;2693.0


8.4;0.0;0.0;48.0;2693.0


8.4;0.0;0.0;48.0;2692.0


8.3;0.0;0.0;48.0;2695.0


8.4;0.0;0.0;47.0;2693.0


8.3;0.0;0.0;48.0;2695.0


8.4;0.0;0.0;48.0;2693.0


8.3;0.0;0.0;49.0;2692.0


8.3;0.0;0.0;49.0;2693.0


8.3;0.0;0.0;48.0;2693.0


8.3;0.0;0.0;49.0;2692.0


6.2;3.7;0.3;31.0;2692.0


0.0;0.3;0.0;1.0;2692.0


4.2;172.7;7.3;1.0;2692.0


9.5;1318.8;57.9;1.0;2693.0


8.3;1.0;0.3;1.0;2692.0


8.4;0.0;0.0;2.0;2692.0


8.3;0.0;0.0;1.0;2693.0


8.4;0.0;0.0;2.0;2692.0


8.3;0.0;0.0;2.0;2695.0


8.4;0.0;0.0;2.0;2692.0


8.4;0.0;0.0;2.0;2693.0


8.3;0.0;0.0;2.0;2693.0


8.4;0.0;0.0;2.0;2692.0


8.4;0.0;0.0;4.0;2693.0


8.4;0.0;0.0;4.0;2693.0


8.3;0.0;0.0;5.0;2692.0


8.4;0.0;0.0;3.0;2693.0


8.4;0.0;0.0;5.0;2693.0


8.3;0.0;0.0;5.0;2692.0


8.3;0.0;0.0;11.0;2693.0


8.3;0.0;0.0;11.0;2692.0


8.4;0.0;0.0;11.0;2695.0


8.4;0.0;0.0;12.0;2693.0


8.3;0.0;0.0;10.0;2693.0


7.2;0.1;0.0;14.0;2695.0


0.0;0.3;0.0;10.0;2693.0


5.2;217.2;9.3;12.0;2693.0


10.4;1274.2;56.0;11.0;2693.0


8.4;1.0;0.3;12.0;2693.0


8.4;0.0;0.0;15.0;2693.0


8.4;0.0;0.0;12.0;2693.0


8.4;0.0;0.0;14.0;2693.0


8.3;0.0;0.0;10.0;2693.0


8.3;0.0;0.0;13.0;2695.0


8.3;0.0;0.0;11.0;2693.0


8.3;0.0;0.0;15.0;2693.0


8.3;0.0;0.0;15.0;2693.0


8.3;0.0;0.0;15.0;2693.0


8.4;0.0;0.0;11.0;2696.0


8.3;0.0;0.0;8.0;2692.0


8.3;0.0;0.0;12.0;2695.0


8.4;0.0;0.0;11.0;2693.0


8.3;0.0;0.0;14.0;2693.0


8.4;0.0;0.0;14.0;2693.0


8.3;0.0;0.0;14.0;2693.0


8.4;0.0;0.0;11.0;2692.0


8.4;0.0;0.0;10.0;2692.0


8.3;0.0;0.0;11.0;2695.0


8.4;1.0;0.3;13.0;2693.0


8.3;0.0;0.0;12.0;2693.0


8.4;0.0;0.0;14.0;2693.0


8.3;0.0;0.0;10.0;2693.0


8.4;0.0;0.0;13.0;2693.0


8.3;0.0;0.0;10.0;2695.0


8.3;0.0;0.0;11.0;2693.0


8.3;0.0;0.0;16.0;2693.0


8.3;0.0;0.0;12.0;2695.0


8.3;0.0;0.0;13.0;2693.0


8.4;0.0;0.0;11.0;2693.0


8.3;0.0;0.0;55.0;2692.0


44.2;0.0;0.0;43.0;2693.0


8.3;0.0;0.0;49.0;2692.0


8.4;0.0;0.0;48.0;2693.0


8.4;0.0;0.0;47.0;2693.0


8.4;0.0;0.0;48.0;2693.0


8.4;0.0;0.0;49.0;2693.0


8.3;0.0;0.0;48.0;2693.0


8.4;0.0;0.0;49.0;2693.0


8.3;0.0;0.0;48.0;2693.0


8.4;0.0;0.0;49.0;2693.0


8.3;0.0;0.0;49.0;2692.0


8.3;0.0;0.0;49.0;2693.0


8.3;0.0;0.0;48.0;2693.0


0.0;3.6;0.2;2.0;2692.0


0.0;0.3;0.0;1.0;2690.0


9.6;847.9;37.0;1.0;2692.0


8.3;644.8;28.5;1.0;2692.0


8.4;0.0;0.0;2.0;2693.0


8.3;0.0;0.0;1.0;2693.0


8.4;0.0;0.0;2.0;2690.0


8.3;0.0;0.0;1.0;2690.0


8.4;0.0;0.0;1.0;2693.0


8.4;0.0;0.0;1.0;2692.0


8.3;0.0;0.0;2.0;2695.0


8.3;0.0;0.0;2.0;2693.0


8.3;0.0;0.0;1.0;2692.0


8.3;0.0;0.0;1.0;2692.0


8.3;0.0;0.0;1.0;2692.0


8.4;0.0;0.0;2.0;2692.0


8.3;0.0;0.0;1.0;2692.0


8.3;0.0;0.0;2.0;2692.0


8.3;0.0;0.0;1.0;2690.0


8.3;0.0;0.0;1.0;2690.0


8.3;0.0;0.0;1.0;2693.0


8.4;0.0;0.0;2.0;2692.0


8.3;0.0;0.0;1.0;2692.0


8.4;0.0;0.0;2.0;2692.0


0.0;0.1;0.0;1.0;2692.0


0.0;0.3;0.0;2.0;2692.0


12.6;862.9;37.7;1.0;2692.0


8.4;629.2;27.9;2.0;2692.0


8.4;0.0;0.0;1.0;2693.0


8.3;0.0;0.0;1.0;2692.0


8.4;0.0;0.0;1.0;2692.0


8.3;0.0;0.0;2.0;2692.0


8.3;0.0;0.0;1.0;2693.0


8.4;0.0;0.0;2.0;2692.0


8.3;0.0;0.0;1.0;2692.0


8.4;0.0;0.0;2.0;2692.0


8.3;0.0;0.0;1.0;2692.0


8.3;0.0;0.0;1.0;2693.0


8.4;0.0;0.0;2.0;2693.0


8.3;0.0;0.0;1.0;2692.0


8.4;0.0;0.0;1.0;2693.0


8.3;0.0;0.0;1.0;2692.0


8.4;0.0;0.0;1.0;2692.0


8.3;0.0;0.0;2.0;2693.0


8.3;0.0;0.0;2.0;2692.0


8.4;0.0;0.0;1.0;2692.0


8.3;0.0;0.0;1.0;2693.0


8.3;0.0;0.0;1.0;2692.0


8.3;1.0;0.3;2.0;2690.0


8.3;0.0;0.0;1.0;2693.0


8.3;0.0;0.0;1.0;2692.0


8.4;0.0;0.0;1.0;2693.0


8.4;0.0;0.0;2.0;2693.0


8.3;0.0;0.0;1.0;2692.0


8.3;0.0;0.0;1.0;2692.0


8.3;0.0;0.0;2.0;2693.0


8.3;0.0;0.0;4.0;2693.0


8.3;0.0;0.0;4.0;2693.0


8.3;0.0;0.0;49.0;2693.0


8.3;0.0;0.0;44.0;3322.0


26.3;0.0;0.0;43.0;3322.0


8.3;0.0;0.0;48.0;3323.0


8.4;0.0;0.0;48.0;3323.0


8.3;0.0;0.0;48.0;3323.0


8.4;0.0;0.0;48.0;3323.0


8.4;0.0;0.0;49.0;3322.0


8.3;0.0;0.0;48.0;3323.0


8.3;0.0;0.0;48.0;3323.0


