8.4;0.0;0.0;0.0;512.0


8.4;129.0;7.6;0.0;512.0


6.9;94.0;7.5;0.0;512.0


2.1;82.8;8.2;1.0;512.0


0.0;0.3;0.0;0.0;512.0


8.3;29.1;1.1;0.0;512.0


7.0;0.3;0.0;9.0;703.0


8.3;0.0;0.0;5.0;839.0


8.4;0.0;0.0;8.0;981.0


8.3;0.2;0.0;6.0;1101.0


8.3;0.0;0.0;6.0;1263.0


8.3;70.2;67.7;1.0;1665.0


8.3;84.8;353.6;26.0;1917.0


14.3;0.0;0.0;56.0;1917.0


0.0;0.1;0.0;0.0;1922.0


0.0;0.3;0.0;4.0;1922.0


8.3;1145.5;50.1;1.0;1935.0


8.3;346.8;15.4;1.0;1940.0


8.4;0.0;0.0;4.0;1937.0


8.3;0.0;0.0;2.0;1993.0


8.4;0.0;0.0;8.0;1972.0


8.3;0.0;0.0;6.0;1970.0


8.4;0.0;0.0;9.0;1961.0


8.4;0.0;0.0;5.0;1961.0


8.3;0.0;0.0;3.0;1961.0


8.3;0.0;0.0;5.0;1961.0


8.3;0.0;0.0;5.0;2002.0


8.4;0.0;0.0;4.0;2008.0


8.3;0.0;0.0;5.0;2008.0


8.3;0.0;0.0;5.0;2020.0


8.4;0.0;0.0;6.0;2024.0


8.3;0.0;0.0;2.0;2026.0


8.4;0.0;0.0;9.0;2043.0


8.3;0.0;0.0;3.0;2043.0


8.3;0.0;0.0;4.0;1966.0


8.3;0.0;0.0;4.0;1966.0


8.3;0.0;0.0;5.0;1982.0


8.4;0.0;0.0;7.0;1973.0


7.3;0.1;0.0;0.0;2026.0


0.0;0.3;0.0;0.0;2026.0


2.8;121.1;5.0;1.0;2026.0


5.5;1296.8;57.0;0.0;2024.0


8.4;75.5;3.5;0.0;2024.0


8.3;0.0;0.0;0.0;2024.0


8.4;0.0;0.0;4.0;2030.0


8.3;0.0;0.0;3.0;2030.0


8.4;0.0;0.0;2.0;2030.0


8.3;0.0;0.0;0.0;2030.0


8.3;0.0;0.0;0.0;2030.0


8.3;0.0;0.0;0.0;2030.0


8.3;0.0;0.0;4.0;2032.0


8.4;0.0;0.0;2.0;2034.0


8.4;0.0;0.0;6.0;2034.0


8.3;0.0;0.0;0.0;2034.0


8.4;0.0;0.0;0.0;2034.0


8.3;0.0;0.0;0.0;2034.0


8.4;0.0;0.0;2.0;2034.0


8.4;0.0;0.0;0.0;2034.0


8.3;0.0;0.0;0.0;2034.0


8.4;0.0;0.0;0.0;2034.0


8.3;0.0;0.0;0.0;2034.0


8.4;0.0;0.0;0.0;2034.0


8.3;1.0;0.3;0.0;2034.0


8.4;0.0;0.0;3.0;2038.0


8.3;0.0;0.0;1.0;2038.0


8.3;0.0;0.0;1.0;2038.0


8.3;0.0;0.0;0.0;2038.0


8.3;0.0;0.0;0.0;2038.0


8.3;0.0;0.0;0.0;2038.0


8.3;0.0;0.0;0.0;2038.0


8.3;0.0;0.0;0.0;2038.0


8.4;0.0;0.0;0.0;2038.0


8.3;0.0;0.0;18.0;2038.0


8.4;0.0;0.0;100.0;2038.0


8.4;0.2;0.0;50.0;2658.0


8.3;0.0;0.0;45.0;2658.0


8.4;0.0;0.0;47.0;2658.0


8.3;0.0;0.0;46.0;2658.0


8.4;0.0;0.0;47.0;2658.0


8.3;0.0;0.0;47.0;2658.0


6.9;0.0;0.0;47.0;2658.0


8.3;0.0;0.0;48.0;2658.0


8.3;0.0;0.0;47.0;2658.0


8.3;0.0;0.0;55.0;2658.0


8.3;0.0;0.0;54.0;2658.0


8.3;0.0;0.0;54.0;2660.0


8.3;0.0;0.0;53.0;2660.0


8.4;0.0;0.0;39.0;2659.0


0.0;3.7;0.3;0.0;2659.0


0.0;0.3;0.0;0.0;2659.0


8.4;1126.1;49.3;4.0;2659.0


8.3;365.8;16.3;7.0;2659.0


8.4;0.0;0.0;4.0;2659.0


8.4;0.0;0.0;5.0;2659.0


8.3;0.0;0.0;3.0;2659.0


8.4;0.0;0.0;4.0;2659.0


8.3;0.0;0.0;2.0;2659.0


8.4;0.0;0.0;4.0;2659.0


8.3;0.0;0.0;0.0;2659.0


8.4;0.0;0.0;0.0;2659.0


8.4;0.0;0.0;0.0;2659.0


8.3;0.0;0.0;0.0;2659.0


8.3;0.0;0.0;0.0;2659.0


8.3;0.0;0.0;0.0;2659.0


8.3;0.0;0.0;0.0;2659.0


8.4;0.0;0.0;4.0;2659.0


8.3;0.0;0.0;0.0;2659.0


8.4;0.0;0.0;2.0;2659.0


8.3;0.0;0.0;1.0;2659.0


8.4;0.0;0.0;2.0;2659.0


8.4;0.0;0.0;1.0;2659.0


8.4;0.0;0.0;0.0;2659.0


0.0;0.1;0.0;1.0;2659.0


0.0;0.3;0.0;0.0;2659.0


10.8;826.9;36.1;1.0;2666.0


8.3;663.8;29.1;4.0;2658.0


8.4;1.0;0.3;1.0;2663.0


8.3;0.0;0.0;1.0;2663.0


8.3;0.0;0.0;5.0;2670.0


8.3;0.0;0.0;4.0;2663.0


8.3;0.0;0.0;0.0;2663.0


8.3;0.0;0.0;0.0;2663.0


8.4;0.0;0.0;5.0;2661.0


8.4;0.0;0.0;1.0;2661.0


8.4;0.0;0.0;5.0;2661.0


8.3;0.0;0.0;1.0;2661.0


8.4;0.0;0.0;1.0;2669.0


8.3;0.0;0.0;5.0;2637.0


8.3;0.0;0.0;3.0;2637.0


8.4;0.0;0.0;8.0;2652.0


8.3;0.0;0.0;5.0;2652.0


8.4;0.0;0.0;2.0;2654.0


8.3;0.0;0.0;2.0;2652.0


8.3;0.0;0.0;2.0;2653.0


8.3;0.0;0.0;2.0;2653.0


8.4;0.0;0.0;2.0;2653.0


8.4;1.0;0.3;5.0;2653.0


8.3;0.0;0.0;2.0;2653.0


8.3;0.0;0.0;1.0;2653.0


8.3;0.0;0.0;2.0;2653.0


8.3;0.0;0.0;2.0;2652.0


8.4;0.0;0.0;1.0;2650.0


8.3;0.0;0.0;2.0;2651.0


8.4;0.0;0.0;2.0;2653.0


8.3;0.0;0.0;1.0;2651.0


8.4;0.0;0.0;1.0;2651.0


8.4;0.0;0.0;1.0;2653.0


8.4;0.0;0.0;38.0;2655.0


50.2;0.0;0.0;41.0;3288.0


8.3;0.0;0.0;49.0;3285.0


8.4;0.0;0.0;48.0;3288.0


8.3;0.0;0.0;47.0;3287.0


8.3;0.0;0.0;48.0;3287.0


8.4;0.0;0.0;48.0;3287.0


8.3;0.0;0.0;48.0;3287.0


8.3;0.0;0.0;48.0;3287.0


8.3;0.0;0.0;49.0;3285.0


8.3;0.0;0.0;49.0;3287.0


8.3;0.0;0.0;49.0;3285.0


8.3;0.0;0.0;49.0;3285.0


8.4;0.0;0.0;43.0;3287.0


0.0;3.8;0.3;7.0;3285.0


0.0;0.3;0.0;2.0;3285.0


7.3;549.3;23.9;1.0;3287.0


8.3;942.2;41.4;2.0;3285.0


8.4;1.0;0.3;1.0;3285.0


8.3;0.0;0.0;2.0;3285.0


8.3;0.0;0.0;1.0;3284.0


8.3;0.0;0.0;2.0;3284.0


8.3;0.0;0.0;1.0;3285.0


8.3;0.0;0.0;1.0;3287.0


8.4;0.0;0.0;2.0;3285.0


8.4;0.0;0.0;1.0;3285.0


8.3;0.0;0.0;1.0;3287.0


8.4;0.0;0.0;5.0;3287.0


8.3;0.0;0.0;5.0;3287.0


8.3;0.0;0.0;5.0;3287.0


8.3;0.0;0.0;4.0;3287.0


8.3;0.0;0.0;4.0;3287.0


8.4;0.0;0.0;5.0;3287.0


8.4;0.0;0.0;10.0;3287.0


8.3;0.0;0.0;15.0;3287.0


8.4;0.0;0.0;16.0;3287.0


8.4;0.0;0.0;11.0;3287.0


8.4;0.0;0.0;10.0;3288.0


8.3;0.0;0.0;12.0;3287.0


0.0;0.4;0.0;12.0;3288.0


4.7;202.2;8.6;12.0;3287.0


7.2;1288.7;56.6;14.0;3287.0


8.4;1.2;0.3;12.0;3287.0


8.3;0.0;0.0;15.0;3287.0


8.4;0.0;0.0;9.0;3287.0


8.3;0.0;0.0;12.0;3288.0


8.3;0.0;0.0;12.0;3285.0


8.3;0.0;0.0;12.0;3287.0


8.3;0.0;0.0;14.0;3287.0


8.4;0.0;0.0;12.0;3287.0


8.3;0.0;0.0;12.0;3290.0


8.4;0.0;0.0;10.0;3290.0


8.3;0.0;0.0;12.0;3288.0


8.3;0.0;0.0;12.0;3287.0


8.4;0.0;0.0;13.0;3287.0


8.3;0.0;0.0;14.0;3287.0


8.3;0.0;0.0;16.0;3288.0


8.3;0.0;0.0;13.0;3287.0


8.3;0.0;0.0;8.0;3287.0


8.3;0.0;0.0;13.0;3287.0


8.4;0.0;0.0;11.0;3285.0


8.3;0.0;0.0;14.0;3287.0


8.3;1.0;0.3;11.0;3287.0


8.3;0.0;0.0;16.0;3287.0


8.3;0.0;0.0;12.0;3285.0


8.3;0.0;0.0;10.0;3287.0


8.4;0.0;0.0;11.0;3288.0


8.3;0.0;0.0;13.0;3287.0


8.4;0.0;0.0;13.0;3287.0


8.4;0.0;0.0;12.0;3287.0


8.4;0.0;0.0;10.0;3287.0


8.4;0.0;0.0;11.0;3287.0


8.4;0.0;0.0;12.0;3287.0


8.4;0.0;0.0;100.0;3291.0


8.3;0.0;0.0;46.0;3924.0


26.3;0.0;0.0;42.0;3925.0


8.3;0.0;0.0;41.0;3927.0


8.3;0.0;0.0;48.0;3927.0


8.4;0.0;0.0;48.0;3925.0


8.3;0.0;0.0;49.0;3925.0


8.4;0.0;0.0;49.0;3925.0


8.3;0.0;0.0;49.0;3928.0


8.3;0.0;0.0;49.0;3927.0


8.4;0.0;0.0;48.0;3927.0


8.3;0.0;0.0;49.0;3927.0


8.4;0.0;0.0;48.0;3927.0


8.3;0.0;0.0;49.0;3927.0


8.4;0.0;0.0;47.0;3925.0


0.0;3.8;0.3;1.0;3925.0


0.0;0.3;0.0;1.0;3925.0


9.8;1159.5;50.7;1.0;3925.0


8.3;331.9;14.8;1.0;3925.0


8.3;0.0;0.0;2.0;3927.0


8.3;0.0;0.0;1.0;3925.0


8.3;0.0;0.0;1.0;3925.0


8.4;0.0;0.0;2.0;3925.0


8.3;0.0;0.0;2.0;3925.0


8.3;0.0;0.0;1.0;3927.0


8.3;0.0;0.0;1.0;3927.0


8.3;0.0;0.0;1.0;3925.0


8.3;0.0;0.0;1.0;3925.0


8.3;0.0;0.0;1.0;3927.0


8.4;0.0;0.0;1.0;3925.0


8.3;0.0;0.0;2.0;3925.0


8.4;0.0;0.0;1.0;3927.0


8.4;0.0;0.0;1.0;3925.0


8.3;0.0;0.0;1.0;3925.0


8.4;0.0;0.0;1.0;3925.0


8.4;0.0;0.0;2.0;3925.0


8.4;0.0;0.0;1.0;3925.0


8.3;0.0;0.0;1.0;3927.0


8.3;0.0;0.0;1.0;3927.0


0.0;0.1;0.0;1.0;3925.0


0.0;0.3;0.0;1.0;3927.0


10.8;1160.0;50.8;1.0;3925.0


8.3;331.1;14.8;2.0;3925.0


8.4;0.0;0.0;1.0;3925.0


8.4;0.0;0.0;1.0;3925.0


8.3;0.0;0.0;1.0;3925.0


8.4;0.0;0.0;1.0;3927.0


8.3;0.0;0.0;1.0;3925.0


8.4;0.0;0.0;1.0;3925.0


8.4;0.0;0.0;1.0;3925.0


8.4;0.0;0.0;1.0;3925.0


8.4;0.0;0.0;1.0;3925.0


8.4;0.0;0.0;1.0;3925.0


8.4;0.0;0.0;1.0;3925.0


8.3;0.0;0.0;1.0;3925.0


8.3;0.0;0.0;2.0;3925.0


8.3;0.0;0.0;2.0;3927.0


8.3;0.0;0.0;2.0;3925.0


8.4;0.0;0.0;1.0;3925.0


8.3;0.0;0.0;1.0;3927.0


8.3;0.0;0.0;1.0;3925.0


8.3;0.0;0.0;2.0;3925.0


8.3;0.0;0.0;2.0;3925.0


8.3;1.0;0.3;1.0;3924.0


8.3;0.0;0.0;1.0;3927.0


8.4;0.0;0.0;1.0;3925.0


8.3;0.0;0.0;1.0;3925.0


8.4;0.0;0.0;2.0;3927.0


8.4;0.0;0.0;2.0;3925.0


8.3;0.0;0.0;2.0;3925.0


8.4;0.0;0.0;4.0;3927.0


8.4;0.0;0.0;5.0;3927.0


8.3;0.0;0.0;5.0;3927.0


8.3;0.0;0.0;59.0;3927.0


8.4;0.0;0.0;37.0;3925.0


8.3;0.0;0.0;48.0;3927.0


8.3;0.0;0.0;47.0;3927.0


8.4;0.0;0.0;47.0;3928.0


8.3;0.0;0.0;46.0;3927.0


8.4;0.0;0.0;48.0;3927.0


