0.0;10506240;0
0.0;10506240;0
0.0;10506240;0
0.0;10506240;0
0.0;10506240;0
67.2;12619776;0
99.4;12685312;0
71.7;12734464;0
99.7;10747904;0
67.2;12873728;0
85.2;10854400;0
67.2;12849152;0
83.1;10862592;0
71.7;13021184;0
71.0;11026432;0
84.0;13164544;0
83.1;11145216;0
86.0;13205504;0
83.1;11186176;0
99.7;13275136;0
56.8;11251712;0
100.3;13340672;0
71.7;14843904;0
99.7;13402112;0
50.4;12410880;0
99.7;13402112;0
57.3;13471744;0
99.4;13479936;0
67.2;13627392;173
99.7;13627392;0
71.7;13545472;0
100.3;13545472;0
49.9;13516800;0
99.7;13574144;0
49.9;13643776;0
100.3;13643776;0
66.5;13602816;0
100.8;13602816;0
49.9;13533184;0
99.7;13590528;0
56.8;13766656;0
86.0;11747328;0
66.5;13733888;0
83.1;11345920;0
71.7;13594624;0
83.1;11632640;0
83.1;13729792;0
66.5;11706368;0
86.0;13750272;0
71.0;11726848;0
100.8;13746176;0
66.5;12267520;0
99.7;13770752;0
71.0;13520896;0
100.3;13520896;0
71.7;13729792;0
99.4;13729792;0
84.0;13766656;0
99.7;13766656;0
57.3;13725696;0
99.4;13725696;0
67.2;13766656;0
100.3;13766656;0
66.5;13750272;0
100.8;13750272;0
66.5;13746176;0
86.0;11722752;0
71.0;13729792;0
100.8;11706368;0
83.1;13762560;0
83.1;11739136;0
71.7;13725696;0
71.0;11706368;0
99.7;13750272;0
83.1;11730944;0
100.8;13762560;0
49.9;14127104;0
99.7;13725696;0
50.4;13725696;0
99.7;13725696;0
66.5;13725696;0
99.4;13725696;0
71.7;14630912;0
100.3;14630912;0
49.9;13742080;0
100.8;13742080;0
83.1;13746176;0
99.7;13008896;0
71.0;13729792;0
86.0;11706368;0
66.5;13746176;0
83.1;11722752;0
67.2;13762560;0
99.7;13762560;0
71.7;13770752;0
71.0;11747328;0
86.0;13746176;0
83.1;11722752;0
99.7;13729792;0
67.2;11706368;0
99.7;13524992;0
49.9;12726272;0
99.7;13549568;0
66.5;13746176;0
100.8;13746176;0
56.8;13766656;0
100.3;13766656;0
57.3;13758464;0
99.7;13758464;0
49.9;13766656;0
99.7;13766656;0
57.3;13762560;0
85.2;11743232;0
67.2;13725696;0
83.1;11706368;0
83.1;13762560;0
66.5;11743232;0
86.0;13766656;0
57.3;11743232;0
99.4;13729792;0
43.0;12832768;0
100.8;13729792;0
66.5;13725696;0
99.7;13725696;0
71.0;14635008;0
100.3;14635008;0
86.0;13758464;0
99.4;13758464;0
71.7;13725696;0
100.3;11706368;0
71.0;13520896;0
86.0;11501568;0
85.2;13766656;0
71.7;11743232;0
99.7;13729792;0
66.5;11706368;0
100.3;13766656;0
57.3;13729792;0
99.4;13729792;0
57.3;14561280;0
99.4;14561280;0
71.7;13729792;0
99.7;13729792;0
66.5;13766656;0
100.8;13766656;0
66.5;14565376;0
99.7;12541952;0
83.1;14561280;0
83.1;12541952;0
100.8;13729792;0
66.5;11706368;0
99.7;14626816;0
50.4;13725696;0
99.7;13725696;0
49.9;13729792;0
99.7;13729792;0
49.9;13766656;0
100.8;13766656;0
56.8;13762560;0
100.3;13762560;0
71.7;14565376;0
99.4;14565376;0
66.5;13697024;0
83.1;11677696;0
71.7;14626816;0
71.7;12607488;0
85.2;14626816;0
66.5;13524992;0
83.1;11501568;0
71.7;13746176;0
85.2;11722752;0
86.0;14635008;0
57.3;12611584;0
99.7;14630912;0
66.5;13725696;0
100.3;13725696;0
71.0;14626816;0
100.3;14626816;0
71.7;13729792;0
99.7;13729792;0
71.7;13762560;0
86.0;11739136;0
85.2;14630912;0
71.7;12607488;0
85.2;14688256;0
57.3;12664832;0
100.3;14688256;0
56.8;13762560;0
99.7;13762560;0
50.4;13762560;0
99.4;13762560;0
57.3;14630912;0
99.4;14630912;0
71.7;14630912;0
86.0;12607488;0
71.0;13524992;0
83.1;11501568;0
86.0;13766656;0
66.5;11743232;0
99.7;14635008;0
49.9;13725696;0
99.7;13725696;0
71.7;13766656;0
100.3;13766656;0
56.8;14561280;0
99.7;14561280;0
67.2;14688256;0
99.7;14688256;0
83.1;14688256;0
66.5;12664832;0
116.4;13742080;0
67.2;11722752;0
100.3;14630912;0
56.8;13729792;0
99.7;13729792;0
50.4;13766656;0
99.7;13766656;0
71.7;14626816;0
99.7;14626816;0
66.5;14626816;0
100.8;12607488;0
83.1;13725696;0
83.1;11706368;0
100.8;14635008;0
71.7;14450688;0
99.7;13742080;0
49.9;14626816;0
99.7;14626816;0
49.9;13524992;0
100.8;13524992;0
66.5;13725696;0
99.7;13725696;0
67.2;14626816;0
99.7;12607488;0
83.1;14626816;0
66.5;12607488;0
99.4;13729792;0
71.7;13680640;0
100.8;14630912;0
49.9;13725696;0
99.7;13725696;0
71.7;13729792;0
100.3;13729792;0
71.0;14635008;0
83.1;12611584;0
83.1;13766656;0
83.1;11743232;0
100.8;13520896;0
66.5;11501568;0
99.4;13762560;0
57.3;14565376;0
100.3;14565376;0
66.5;14688256;0
99.7;14688256;0
49.9;13520896;0
99.7;13520896;0
57.3;13742080;0
86.0;11722752;0
71.0;13750272;0
66.5;11726848;0
100.8;14565376;0
66.5;12541952;0
99.7;13729792;0
71.7;13742080;0
99.4;13742080;0
49.9;14630912;0
100.8;14630912;0
49.9;14639104;0
99.4;14639104;0
71.7;13762560;0
71.7;11743232;0
99.4;14561280;0
66.5;12611584;0
99.7;11718656;0
0.0;14630912;0
84.0;12611584;0
28.7;14630912;0
71.0;12611584;0
49.9;13742080;0
50.4;11718656;0
71.7;14630912;0
33.2;12611584;0
85.2;13737984;0
14.3;11714560;0
86.0;11743232;0
28.4;13733888;0
71.7;11714560;0
28.7;14635008;0
66.5;12611584;0
56.8;14635008;0
16.6;12611584;0
86.0;14688256;0
0.0;12668928;0
86.0;11677696;0
28.4;14630912;0
83.1;12611584;0
43.0;13742080;0
56.8;11718656;0
66.5;13733888;0
16.8;11714560;0
