0.0;10489856;0
0.0;10489856;0
0.0;10489856;0
0.0;10489856;0
49.9;12644352;0
100.8;12648448;0
71.0;12689408;0
100.8;12746752;0
66.5;12890112;0
100.3;12890112;0
66.5;12947456;0
100.8;12947456;0
66.5;13025280;0
100.3;13053952;0
66.5;13189120;0
99.7;11177984;0
71.0;13262848;0
100.8;11243520;0
83.1;13332480;0
86.0;11309056;0
66.5;13258752;0
83.1;11235328;0
83.1;13398016;0
71.7;11374592;0
83.1;13463552;0
66.5;11440128;0
100.8;13594624;0
99.4;11440128;173
100.3;13615104;0
49.9;13053952;0
100.8;13565952;0
56.8;13582336;0
100.3;13656064;0
86.0;13463552;0
99.7;13463552;0
49.9;13668352;0
99.7;13697024;0
57.3;13774848;0
99.7;13774848;0
50.4;13561856;0
99.7;13561856;0
57.3;13602816;0
99.4;13602816;0
67.2;13754368;0
99.7;13754368;0
83.1;13754368;0
100.3;13754368;0
71.0;13656064;0
99.7;11689984;0
83.1;13594624;0
100.3;11571200;0
85.2;13815808;0
84.0;11792384;0
83.1;13606912;0
71.7;11587584;0
71.0;13795328;0
71.7;12947456;0
99.7;13811712;0
49.9;13811712;0
100.8;13811712;0
56.8;13561856;0
100.3;13561856;0
49.9;13766656;0
100.8;13766656;0
49.9;13766656;0
100.3;13766656;0
57.3;13799424;0
99.7;13799424;0
49.9;13799424;0
99.7;13799424;0
57.3;13746176;0
85.2;11726848;0
67.2;13742080;0
83.1;11718656;0
83.1;13742080;0
66.5;11718656;0
86.0;14610432;0
57.3;12587008;0
99.4;13717504;0
43.0;11698176;0
66.5;13725696;0
99.7;11702272;0
83.1;14602240;0
66.5;12578816;0
86.0;13488128;0
56.8;11464704;0
86.0;14602240;0
83.1;12582912;0
99.7;14606336;0
49.9;13651968;0
99.4;14610432;0
67.2;13684736;0
99.7;13684736;0
66.5;14598144;0
100.8;14598144;0
71.0;14610432;0
100.3;14610432;0
56.8;13484032;0
100.8;13484032;0
33.2;13684736;0
99.7;13684736;0
67.2;13737984;0
85.2;11718656;0
71.7;13684736;0
85.2;11665408;0
86.0;13725696;0
83.1;11702272;0
83.1;13750272;0
67.2;11726848;0
99.7;13688832;0
49.9;14331904;0
85.2;13484032;0
57.3;13717504;0
100.3;13717504;0
56.8;13725696;0
100.3;13725696;0
71.7;14602240;0
99.4;14602240;0
71.7;13488128;0
99.7;13488128;0
50.4;13684736;0
99.7;13684736;0
83.1;14598144;0
100.8;12578816;0
71.0;14598144;0
86.0;12578816;0
71.0;13746176;0
71.7;11722752;0
86.0;14602240;0
71.0;12582912;0
86.0;13688832;0
71.7;11665408;0
99.4;13488128;0
57.3;11464704;0
99.4;13725696;0
66.5;14606336;0
100.3;14606336;0
56.8;13717504;0
100.3;13717504;0
57.3;14598144;0
99.4;14598144;0
71.7;13488128;0
99.4;13488128;0
71.7;14602240;0
99.7;12578816;0
83.1;13684736;0
84.0;11665408;0
99.7;14606336;0
66.5;12582912;0
99.7;14606336;0
