0.0;10489856;0
0.0;10489856;0
0.0;10489856;0
0.0;10489856;0
0.0;10489856;0
49.9;12619776;0
100.8;12673024;0
56.8;12722176;0
100.3;12754944;0
49.9;12865536;0
100.8;10842112;0
56.8;12914688;0
100.8;10891264;0
66.5;13008896;0
86.0;11014144;0
71.0;13172736;0
84.0;11153408;0
99.7;13242368;0
86.0;11223040;0
83.1;13275136;0
83.1;11255808;0
85.2;13340672;0
71.7;11321344;0
99.7;13316096;0
66.5;11296768;0
100.3;13459456;0
56.8;12509184;0
99.7;13475840;0
66.5;13492224;173
100.8;13492224;0
56.8;13668352;0
100.8;13668352;0
49.9;13524992;0
99.7;13582336;0
71.0;13717504;0
100.3;13717504;0
49.9;13676544;0
99.7;13676544;0
50.4;14192640;0
99.4;14249984;0
66.5;13725696;0
99.7;13725696;0
50.4;13778944;0
99.4;13778944;0
50.4;13602816;0
99.7;11636736;0
66.5;13783040;0
85.2;11759616;0
71.7;13762560;0
83.1;11743232;0
83.1;13783040;0
67.2;11763712;0
85.2;13668352;0
66.5;11644928;0
99.7;13721600;0
50.4;11702272;0
99.7;13746176;0
66.5;13885440;0
100.8;13717504;0
66.5;14704640;0
100.3;14704640;0
56.8;13721600;0
100.8;13721600;0
49.9;14700544;0
100.3;14700544;0
71.7;13783040;0
99.4;13783040;0
66.5;13721600;0
99.7;13721600;0
67.2;13717504;0
99.7;13717504;0
66.5;13721600;0
86.0;11698176;0
71.0;14729216;0
83.1;12709888;0
83.1;13721600;0
67.2;11698176;0
99.7;13688832;0
57.3;11665408;0
100.3;13766656;0
42.6;11747328;0
100.3;13717504;0
56.8;13721600;0
100.3;13721600;0
71.7;14581760;0
99.7;14581760;0
50.4;13729792;0
99.7;13729792;0
49.9;14733312;0
99.4;14733312;0
57.3;13787136;0
100.3;13787136;0
56.8;13721600;0
100.3;13721600;0
86.0;13582336;0
99.7;11563008;0
83.1;13705216;0
83.1;11681792;0
100.8;13721600;0
71.0;11702272;0
86.0;13709312;0
57.3;11685888;0
99.7;13725696;0
49.9;14733312;0
99.7;14733312;0
33.6;13668352;0
99.7;13668352;0
49.9;13717504;0
100.8;13717504;0
49.9;14704640;0
99.7;14704640;0
49.9;13697024;0
99.7;13697024;0
67.2;13709312;0
99.7;11689984;0
71.7;13668352;0
86.0;11644928;0
85.2;13725696;0
71.7;11702272;0
83.1;14716928;0
67.2;12697600;0
100.3;13721600;0
66.5;13705216;0
100.8;13705216;0
49.9;14700544;0
99.7;14700544;0
66.5;13692928;0
99.7;13692928;0
71.7;13717504;0
99.4;13717504;0
71.7;14725120;0
100.3;12947456;0
56.8;13697024;0
100.3;13697024;0
66.5;13721600;0
100.8;11698176;0
83.1;14704640;0
83.1;12681216;0
100.8;13668352;0
71.0;11644928;0
100.3;14712832;0
56.8;13017088;0
100.3;13565952;0
57.3;13705216;0
99.4;13705216;0
71.7;13713408;0
99.7;13713408;0
66.5;13717504;0
100.3;13717504;0
66.5;13709312;0
