0.0;10498048;0
0.0;10498048;0
0.0;10498048;0
0.0;10498048;0
0.0;10498048;0
0.0;10498048;0
0.0;10498048;0
0.0;10498048;0
0.0;10498048;0
0.0;10498048;0
0.0;10498048;0
0.0;10498048;0
0.0;10498048;0
0.0;10498048;0
0.0;10498048;0
0.0;10498048;0
0.0;10498048;0
0.0;10498048;0
0.0;10498048;0
0.0;10498048;0
0.0;10498048;0
0.0;10498048;0
0.0;10498048;0
0.0;10498048;0
0.0;10498048;0
0.0;10498048;0
0.0;10498048;0
0.0;10498048;0
0.0;10498048;0
0.0;10498048;0
0.0;10498048;0
0.0;10498048;0
0.0;10498048;0
0.0;10498048;0
0.0;10498048;0
0.0;10498048;0
0.0;10498048;0
0.0;10498048;0
66.5;22298624;0
100.8;67747840;0
99.7;101830656;0
100.3;131768320;0
99.7;159645696;0
100.8;191619072;0
99.7;218894336;0
99.7;235323392;0
100.3;269221888;0
99.4;300331008;0
100.3;331157504;0
99.7;358699008;0
100.8;386605056;0
99.4;377704448;682
100.3;377704448;784
100.3;377704448;823
66.5;377671680;527
0.0;377671680;0
0.0;377671680;0
0.0;377671680;0
0.0;377671680;0
0.0;377671680;0
0.0;377671680;0
0.0;377671680;0
0.0;377671680;0
0.0;377671680;0
0.0;377671680;0
0.0;377671680;0
0.0;377671680;0
0.0;377671680;0
0.0;377671680;0
0.0;377671680;0
0.0;377671680;0
0.0;377671680;0
0.0;377671680;0
0.0;377671680;0
0.0;377671680;0
0.0;377671680;0
0.0;377671680;0
57.3;392306688;0
100.3;437391360;0
99.4;470777856;0
99.7;497119232;0
99.7;523280384;0
100.8;555601920;0
99.7;584224768;0
99.7;602386432;0
100.8;634068992;0
99.4;663797760;0
100.3;693321728;0
99.4;721657856;0
100.3;745512960;0
99.7;755425280;0
99.7;755425280;0
100.8;755425280;0
99.7;411795456;0
0.0;381440000;0
0.0;381440000;0
0.0;381440000;0
0.0;381440000;0
0.0;381440000;0
0.0;381440000;0
0.0;381440000;0
0.0;381440000;0
0.0;381440000;0
0.0;381440000;0
0.0;381440000;0
0.0;381440000;0
0.0;381440000;0
0.0;381440000;0
0.0;381440000;0
0.0;381440000;0
0.0;381440000;0
0.0;381440000;0
0.0;381440000;0
0.0;381440000;0
0.0;381440000;0
49.9;404725760;0
100.3;432336896;0
100.3;466120704;0
99.4;496357376;0
100.3;522825728;0
100.3;554475520;0
99.7;583053312;0
99.7;600276992;0
99.7;632057856;0
100.8;663162880;0
99.7;694366208;0
99.7;722059264;0
100.8;749977600;0
99.7;755810304;0
99.7;755810304;0
99.7;521789440;0
66.5;382554112;0
0.0;382554112;0
0.0;382554112;0
0.0;382554112;0
0.0;382554112;0
0.0;382554112;0
0.0;382554112;0
0.0;382554112;0
0.0;382554112;0
0.0;382554112;0
0.0;382554112;0
0.0;382554112;0
0.0;382554112;0
0.0;382554112;0
0.0;382554112;0
0.0;382554112;0
0.0;382554112;0
0.0;382554112;0
0.0;382554112;0
0.0;382554112;0
0.0;382554112;0
0.0;382554112;0
83.1;409661440;0
99.7;447385600;0
100.8;479838208;0
99.7;502120448;0
99.7;534237184;0
100.3;564613120;0
99.4;590057472;0
100.3;612241408;0
99.4;644358144;0
100.3;673759232;0
100.8;703287296;0
99.7;731209728;0
99.7;756600832;0
100.8;756600832;0
99.7;756600832;0
99.7;519299072;0
49.9;381919232;0
0.0;381919232;0
0.0;381919232;0
0.0;381919232;0
0.0;381919232;0
0.0;381919232;0
0.0;381919232;0
0.0;381919232;0
0.0;381919232;0
0.0;381919232;0
0.0;381919232;0
0.0;381919232;0
0.0;381919232;0
0.0;381919232;0
0.0;381919232;0
0.0;381919232;0
0.0;381919232;0
0.0;381919232;0
0.0;381919232;0
0.0;381919232;0
0.0;381919232;0
67.2;395948032;0
99.4;434544640;0
99.7;469241856;0
99.7;497790976;0
99.7;524562432;0
100.8;556867584;0
99.7;586129408;0
99.7;605028352;0
100.8;637722624;0
99.7;668585984;0
99.7;699371520;0
99.7;728195072;0
99.7;754683904;0
100.8;756850688;0
100.3;756850688;0
99.4;521150464;0
57.3;388571136;0
0.0;388571136;0
0.0;388571136;0
0.0;388571136;0
0.0;388571136;0
0.0;388571136;0
0.0;388571136;0
0.0;388571136;0
0.0;388571136;0
0.0;388571136;0
0.0;388571136;0
0.0;388571136;0
0.0;388571136;0
0.0;388571136;0
0.0;388571136;0
0.0;388571136;0
0.0;388571136;0
0.0;388571136;0
0.0;388571136;0
0.0;388571136;0
0.0;388571136;0
42.6;406478848;0
99.7;428322816;0
100.8;463683584;0
99.7;493191168;0
99.7;519417856;0
100.3;551645184;0
99.4;581980160;0
100.3;600977408;0
100.3;631508992;0
99.7;661626880;0
99.7;691990528;0
100.8;721223680;0
99.7;750133248;0
99.4;757870592;0
100.3;757870592;0
99.7;587853824;0
66.5;403812352;0
0.0;403812352;0
0.0;403812352;0
0.0;403812352;0
0.0;403812352;0
0.0;403812352;0
0.0;403812352;0
0.0;403812352;0
0.0;403812352;0
0.0;403812352;0
0.0;403812352;0
0.0;403812352;0
0.0;403812352;0
0.0;403812352;0
0.0;403812352;0
0.0;403812352;0
0.0;403812352;0
0.0;403812352;0
0.0;403812352;0
0.0;403812352;0
0.0;403812352;0
100.8;422764544;0
99.7;454946816;0
99.4;486158336;0
100.3;509321216;0
100.3;542900224;0
99.7;572399616;0
99.7;596246528;0
99.7;620752896;0
99.7;652804096;0
100.8;683106304;0
100.3;709074944;0
99.4;736051200;0
99.7;758644736;0
100.8;758644736;0
99.7;758644736;0
99.7;508633088;0
28.7;404742144;0
0.0;404742144;0
0.0;404742144;0
0.0;404742144;0
0.0;404742144;0
0.0;404742144;0
0.0;404742144;0
0.0;404742144;0
0.0;404742144;0
0.0;404742144;0
0.0;404742144;0
0.0;404742144;0
0.0;404742144;0
0.0;404742144;0
0.0;404742144;0
0.0;404742144;0
0.0;404742144;0
0.0;404742144;0
0.0;404742144;0
0.0;404742144;0
