0.0;10502144;0
0.0;10502144;0
0.0;10502144;0
0.0;10502144;0
0.0;10502144;0
0.0;10502144;0
0.0;10502144;0
0.0;10502144;0
0.0;10502144;0
0.0;10502144;0
0.0;10502144;0
0.0;10502144;0
0.0;10502144;0
0.0;10502144;0
0.0;10502144;0
0.0;10502144;0
0.0;10502144;0
0.0;10502144;0
0.0;10502144;0
0.0;10502144;0
0.0;10502144;0
0.0;10502144;0
0.0;10502144;0
0.0;10502144;0
0.0;10502144;0
0.0;10502144;0
0.0;10502144;0
0.0;10502144;0
0.0;10502144;0
0.0;10502144;0
0.0;10502144;0
0.0;10502144;0
0.0;10502144;0
0.0;10502144;0
0.0;10502144;0
0.0;10502144;0
0.0;10502144;0
0.0;10502144;0
0.0;10502144;0
83.1;40710144;0
99.7;80232448;0
100.8;111857664;0
99.7;135581696;0
100.3;167399424;0
100.3;199217152;0
99.7;222371840;0
99.7;242024448;0
99.7;274993152;0
100.3;306401280;0
99.4;335421440;0
100.8;364711936;0
99.7;377815040;82
99.7;377815040;758
99.7;377815040;818
100.3;377815040;738
57.3;377786368;420
0.0;377786368;0
0.0;377786368;0
0.0;377786368;0
0.0;377786368;0
0.0;377786368;0
0.0;377786368;0
0.0;377786368;0
0.0;377786368;0
0.0;377786368;0
0.0;377786368;0
0.0;377786368;0
0.0;377786368;0
0.0;377786368;0
0.0;377786368;0
0.0;377786368;0
0.0;377786368;0
0.0;377786368;0
0.0;377786368;0
0.0;377786368;0
0.0;377786368;0
0.0;377786368;0
16.6;387342336;0
99.7;421744640;0
100.3;458813440;0
100.3;487694336;0
99.4;510160896;0
100.8;541818880;0
99.7;572248064;0
99.7;593989632;0
99.4;619671552;0
100.3;650444800;0
100.3;681226240;0
99.4;708624384;0
100.3;735793152;0
99.7;755478528;0
83.1;755478528;0
99.7;755478528;0
99.7;513028096;0
57.3;381120512;0
0.0;381120512;0
0.0;381120512;0
0.0;381120512;0
0.0;381120512;0
0.0;381120512;0
0.0;381120512;0
0.0;381120512;0
0.0;381120512;0
0.0;381120512;0
0.0;381120512;0
0.0;381120512;0
0.0;381120512;0
0.0;381120512;0
0.0;381120512;0
0.0;381120512;0
0.0;381120512;0
0.0;381120512;0
0.0;381120512;0
0.0;381120512;0
0.0;381120512;0
16.6;387153920;0
100.8;422801408;0
99.7;457306112;0
100.3;485617664;0
99.4;508825600;0
100.3;541118464;0
100.3;572231680;0
99.7;593563648;0
100.8;618602496;0
99.7;650551296;0
99.7;681537536;0
99.7;710758400;0
99.7;737554432;0
100.8;755769344;0
99.7;755769344;0
99.7;755769344;0
100.8;444514304;0
0.0;386330624;0
0.0;386330624;0
0.0;386330624;0
0.0;386330624;0
0.0;386330624;0
0.0;386330624;0
0.0;386330624;0
0.0;386330624;0
0.0;386330624;0
0.0;386330624;0
0.0;386330624;0
0.0;386330624;0
0.0;386330624;0
0.0;386330624;0
0.0;386330624;0
0.0;386330624;0
0.0;386330624;0
0.0;386330624;0
0.0;386330624;0
0.0;386330624;0
0.0;386330624;0
43.0;399278080;0
99.4;431636480;0
100.3;464261120;0
99.4;493453312;0
100.3;519368704;0
100.3;551936000;0
99.4;582168576;0
100.3;600506368;0
100.3;631754752;0
99.4;662532096;0
100.3;687206400;0
99.4;715423744;0
100.3;744206336;0
100.3;756985856;0
99.4;756985856;0
100.3;756985856;0
100.3;398991360;0
0.0;386539520;0
0.0;386539520;0
0.0;386539520;0
0.0;386539520;0
0.0;386539520;0
0.0;386539520;0
0.0;386539520;0
0.0;386539520;0
0.0;386539520;0
0.0;386539520;0
0.0;386539520;0
0.0;386539520;0
0.0;386539520;0
0.0;386539520;0
0.0;386539520;0
0.0;386539520;0
0.0;386539520;0
0.0;386539520;0
0.0;386539520;0
0.0;386539520;0
16.8;393744384;0
99.4;426958848;0
99.7;461918208;0
100.8;491872256;0
99.7;517468160;0
99.7;549474304;0
99.7;579297280;0
99.7;599760896;0
100.8;627986432;0
99.7;659451904;0
99.7;689070080;0
100.3;717938688;0
100.3;746110976;0
99.4;757751808;0
100.3;757751808;0
85.2;753287168;0
86.0;388472832;0
0.0;388472832;0
0.0;388472832;0
0.0;388472832;0
0.0;388472832;0
0.0;388472832;0
0.0;388472832;0
0.0;388472832;0
0.0;388472832;0
0.0;388472832;0
0.0;388472832;0
0.0;388472832;0
0.0;388472832;0
0.0;388472832;0
0.0;388472832;0
0.0;388472832;0
0.0;388472832;0
0.0;388472832;0
0.0;388472832;0
0.0;388472832;0
0.0;388472832;0
16.6;395034624;0
99.7;425299968;0
100.8;459747328;0
100.3;489111552;0
99.4;514445312;0
100.3;547160064;0
100.3;576831488;0
99.7;597938176;0
99.7;622993408;0
99.7;654176256;0
99.7;683462656;0
100.8;712392704;0
99.7;740868096;0
99.7;758116352;0
100.3;758116352;0
100.3;758116352;0
99.4;515313664;0
33.2;390201344;0
0.0;390201344;0
0.0;390201344;0
0.0;390201344;0
0.0;390201344;0
0.0;390201344;0
0.0;390201344;0
0.0;390201344;0
0.0;390201344;0
0.0;390201344;0
0.0;390201344;0
0.0;390201344;0
0.0;390201344;0
0.0;390201344;0
0.0;390201344;0
0.0;390201344;0
0.0;390201344;0
0.0;390201344;0
0.0;390201344;0
0.0;390201344;0
83.1;404619264;0
100.8;440483840;0
100.3;474161152;0
99.7;499326976;0
99.7;532975616;0
100.8;566198272;0
100.3;593174528;0
99.4;617209856;0
99.7;649170944;0
99.7;680091648;0
99.7;710844416;0
100.3;739188736;0
100.3;758865920;0
99.7;758865920;0
99.7;758865920;0
100.8;488484864;0
28.7;403288064;0
0.0;403288064;0
0.0;403288064;0
0.0;403288064;0
0.0;403288064;0
0.0;403288064;0
0.0;403288064;0
0.0;403288064;0
0.0;403288064;0
0.0;403288064;0
0.0;403288064;0
0.0;403288064;0
0.0;403288064;0
0.0;403288064;0
0.0;403288064;0
0.0;403288064;0
0.0;403288064;0
0.0;403288064;0
0.0;403288064;0
49.9;416796672;0
