0.0;10510336;0
0.0;10510336;0
0.0;10510336;0
0.0;10510336;0
42.6;14630912;0
100.8;14659584;0
133.0;19107840;0
200.7;19177472;0
216.1;23216128;0
166.2;15216640;0
127.8;19275776;0
200.7;19345408;0
216.1;23494656;0
199.5;23535616;0
200.7;27574272;0
149.6;19644416;0
199.5;23621632;0
200.7;23650304;0
215.0;31608832;0
199.5;31768576;0
184.8;27746304;0
170.5;31797248;0
199.5;27762688;0
182.8;31801344;0
200.7;31801344;0
198.9;31932416;0
201.6;31932416;0
182.8;27996160;0
215.0;32030720;0
198.9;32157696;0
201.6;32165888;0
166.2;32301056;0
172.0;28291072;0
232.7;28319744;0
232.7;32452608;0
199.5;32468992;0
200.7;32395264;0
199.5;32403456;0
182.8;27770880;277
184.8;33525760;0
198.9;33525760;0
199.5;33525760;0
116.4;29503488;0
186.4;33538048;0
198.9;33538048;0
201.6;33538048;0
199.5;33538048;0
199.5;33562624;0
198.9;33562624;0
200.7;33562624;0
199.5;33562624;0
83.1;25509888;0
200.7;47980544;0
198.9;47980544;0
199.5;47980544;0
199.5;47980544;0
168.0;47980544;0
149.6;43155456;0
286.7;67641344;0
286.7;92884992;0
284.1;122814464;0
299.2;148049920;0
282.6;164741120;0
302.4;190562304;0
266.0;211513344;0
286.7;234713088;0
272.4;247910400;0
272.4;275374080;0
255.7;294121472;0
272.4;321921024;0
298.3;345370624;0
301.0;367828992;0
299.2;389783552;0
299.2;410783744;0
285.6;396349440;682
284.1;401604608;719
286.7;401604608;699
241.5;397578240;697
201.6;401575936;18
199.5;401575936;0
116.4;397553664;0
201.6;401580032;0
198.9;401580032;0
199.5;401580032;0
182.8;398172160;0
201.6;401575936;0
213.1;401575936;0
200.7;401575936;0
199.5;401575936;0
199.5;401575936;0
133.0;393527296;0
129.0;401580032;0
200.7;401580032;0
199.5;401580032;0
201.6;401580032;0
182.8;397557760;0
166.2;401584128;0
198.9;401584128;0
186.4;401625088;0
186.4;397598720;0
182.8;401620992;0
201.6;401620992;0
199.5;401620992;0
216.1;401616896;0
170.5;401616896;0
200.7;401616896;0
200.7;401616896;0
113.6;392282112;0
215.0;401620992;0
186.4;397598720;0
133.0;399867904;0
199.5;401625088;0
199.5;401625088;0
201.6;401625088;0
213.1;401620992;0
186.4;397594624;0
200.7;416296960;0
199.5;416296960;0
199.5;416296960;0
199.5;416296960;0
201.6;416296960;0
99.4;408252416;0
215.0;412999680;0
200.7;412999680;0
199.5;412999680;0
199.5;412999680;0
182.8;412999680;0
201.6;412999680;0
199.5;412995584;0
157.7;408973312;0
200.7;412995584;0
198.9;412995584;0
166.2;408985600;0
199.5;412995584;0
201.6;412995584;0
199.5;412995584;0
199.5;412995584;0
168.0;413003776;0
198.9;412999680;0
200.7;412999680;0
198.9;412999680;0
200.7;412999680;0
172.0;413011968;0
199.5;413011968;0
201.6;413011968;0
199.5;413011968;0
199.5;413011968;0
198.9;413011968;0
157.7;408989696;0
200.7;413016064;0
198.9;413016064;0
184.8;405000192;0
200.7;413020160;0
198.9;413020160;0
200.7;413020160;0
198.9;413020160;0
200.7;413020160;0
143.3;408993792;0
182.8;413020160;0
201.6;413020160;0
199.5;413020160;0
166.2;408993792;0
232.7;413036544;0
199.5;413036544;0
201.6;413036544;0
199.5;413036544;0
199.5;413036544;0
201.6;413036544;0
199.5;409010176;0
116.4;408117248;0
199.5;413032448;0
199.5;413032448;0
201.6;413032448;0
199.5;413032448;0
199.5;413032448;0
201.6;413032448;0
199.5;413032448;0
216.1;427712512;0
199.5;427712512;0
199.5;423690240;0
218.4;420372480;0
232.7;424398848;0
199.5;424398848;0
201.6;424398848;0
199.5;420372480;0
83.1;414621696;0
216.1;424394752;0
199.5;424394752;0
201.6;424394752;0
199.5;424394752;0
199.5;424394752;0
201.6;424394752;0
182.8;420372480;0
166.2;424402944;0
199.5;420376576;0
182.8;424402944;0
201.6;424402944;0
182.8;420376576;0
199.5;424402944;0
201.6;424402944;0
199.5;424402944;0
199.5;424402944;0
249.3;424398848;0
198.9;424398848;0
201.6;420372480;0
149.6;424394752;0
198.9;424394752;0
186.4;420372480;0
186.4;424398848;0
170.5;420376576;0
216.1;424402944;0
199.5;424402944;0
199.5;424402944;0
200.7;424402944;0
199.5;424402944;0
166.2;424927232;0
215.0;424927232;0
227.3;424927232;0
199.5;424927232;0
198.9;424927232;0
200.7;424927232;0
200.7;424931328;0
198.9;424931328;0
200.7;424931328;0
200.7;424931328;0
99.4;416907264;0
199.5;424927232;0
166.2;424927232;0
199.5;424927232;0
201.6;424927232;0
198.9;424927232;0
166.2;426008576;0
201.6;439615488;0
199.5;439615488;0
199.5;439615488;0
199.5;435589120;0
232.7;436297728;0
184.8;432275456;0
182.8;436297728;0
199.5;436297728;0
201.6;436297728;0
199.5;436297728;0
66.5;426106880;0
215.0;436297728;0
198.9;436297728;0
200.7;436297728;0
201.6;436297728;0
182.8;436297728;0
199.5;436297728;0
218.4;436301824;0
199.5;436301824;0
199.5;436301824;0
199.5;436301824;0
198.9;436301824;0
157.7;430096384;0
168.0;436297728;0
199.5;436297728;0
199.5;436297728;0
201.6;436297728;0
199.5;436297728;0
199.5;436297728;0
149.6;432275456;0
182.8;432275456;0
201.6;436297728;0
199.5;436297728;0
198.9;436297728;0
157.7;432132096;0
200.7;436297728;0
198.9;436297728;0
200.7;436297728;0
182.8;436297728;0
199.5;436293632;0
201.6;436293632;0
199.5;436293632;0
198.9;436289536;0
200.7;436289536;0
168.0;427433984;0
199.5;436293632;0
182.8;436293632;0
200.7;436293632;0
184.7;432271360;0
129.0;432267264;0
172.0;436293632;0
199.5;436293632;0
199.5;436293632;0
201.6;436293632;0
149.6;432267264;0
198.9;436293632;0
142.0;432271360;0
232.7;450977792;0
182.8;439685120;0
232.7;447660032;0
200.7;447660032;0
200.7;447660032;0
198.9;447660032;0
199.5;447660032;0
166.2;443637760;0
182.8;447660032;0
218.4;447660032;0
199.5;447660032;0
