0.0;10502144;0
0.0;10502144;0
0.0;10502144;0
0.0;10502144;0
33.2;14647296;0
99.7;14692352;0
143.3;19087360;0
198.9;19259392;0
151.2;19324928;0
199.5;19378176;0
200.7;23412736;0
198.9;23515136;0
168.0;27627520;0
113.6;19644416;0
215.0;23580672;0
199.5;23588864;0
216.1;31776768;0
199.5;31776768;0
200.7;31776768;0
199.5;31776768;0
133.0;27754496;0
218.4;31903744;0
198.9;31903744;0
199.5;31903744;0
199.5;31916032;0
200.7;31920128;0
142.0;27910144;0
172.0;28094464;0
199.5;32169984;0
199.5;32169984;0
198.9;32169984;0
200.7;32182272;0
199.5;32206848;0
182.8;28286976;0
218.4;32354304;0
198.9;32378880;0
200.7;32378880;0
199.5;32415744;0
186.4;32415744;0
168.0;28413952;0
156.2;32370688;0
201.6;32456704;0
199.5;32456704;0
200.7;32514048;0
170.5;32514048;0
201.6;32575488;0
199.5;32583680;0
182.8;28540928;223
143.3;32665600;54
198.9;32669696;0
199.5;32669696;0
199.5;32669696;0
201.6;32669696;0
156.2;28626944;0
186.4;32714752;0
232.7;47390720;0
199.5;47390720;0
198.9;47206400;0
200.7;47255552;0
199.5;47243264;0
149.6;46399488;0
268.8;74436608;0
315.8;102629376;0
301.0;121643008;0
298.3;140644352;0
301.0;157659136;0
301.0;177455104;0
269.9;200617984;0
272.4;218116096;0
301.0;234934272;0
299.2;251633664;0
299.2;268345344;0
299.2;286056448;0
252.0;302452736;0
269.9;326934528;0
272.4;345292800;0
299.2;362504192;0
299.2;380547072;0
299.2;392802304;0
315.8;400220160;266
302.4;400220160;755
299.2;400351232;824
301.0;400416768;645
157.7;391598080;325
213.1;401432576;0
200.7;401432576;0
199.5;401432576;0
201.6;401432576;0
199.5;401432576;0
199.5;401461248;0
200.7;397434880;0
156.2;401457152;0
200.7;401457152;0
199.5;401457152;0
201.6;401457152;0
199.5;401457152;0
149.6;397438976;0
186.4;401465344;0
198.9;401465344;0
199.5;401465344;0
199.5;401465344;0
201.6;401465344;0
199.5;401465344;0
116.4;394964992;0
168.0;401461248;0
199.5;401461248;0
199.5;401461248;0
198.9;401461248;0
200.7;401461248;0
186.4;397438976;0
170.5;401465344;0
200.7;401465344;0
199.5;401465344;0
182.8;401465344;0
199.5;401465344;0
133.0;397443072;0
168.0;397447168;0
170.5;401518592;0
200.7;401518592;0
200.7;401518592;0
198.9;401518592;0
129.0;395874304;0
227.3;416198656;0
186.4;405643264;0
215.0;412880896;0
198.9;412880896;0
201.6;412880896;0
199.5;412880896;0
182.8;408854528;0
182.8;412876800;0
149.6;408854528;0
184.8;412880896;0
199.5;412880896;0
199.5;412880896;0
200.7;412880896;0
198.9;412880896;0
172.0;408858624;0
213.1;412880896;0
200.7;412880896;0
99.7;407302144;0
198.9;412876800;0
218.4;412880896;0
199.5;412880896;0
199.5;412880896;0
199.5;412880896;0
182.8;408854528;0
184.8;408858624;0
182.8;412893184;0
199.5;412893184;0
201.6;412893184;0
199.5;412893184;0
199.5;412893184;0
16.6;402608128;0
227.3;412893184;0
200.7;412893184;0
200.7;412893184;0
198.9;412893184;0
186.4;412893184;0
200.7;412893184;0
184.7;412893184;0
200.7;412893184;0
198.9;412893184;0
200.7;412893184;0
200.7;412893184;0
213.1;412889088;0
200.7;412889088;0
186.4;412889088;0
199.5;412889088;0
199.5;408862720;0
133.0;408129536;0
213.1;412913664;0
200.7;412913664;0
200.7;412913664;0
198.9;412913664;0
200.7;410644480;0
186.4;412962816;0
127.8;408936448;0
215.0;412971008;0
198.9;412971008;0
200.7;412971008;0
199.5;412971008;0
199.5;412971008;0
184.8;411303936;0
199.5;412966912;0
182.8;408940544;0
166.2;414904320;0
199.5;427646976;0
201.6;427646976;0
199.5;427646976;0
199.5;427646976;0
235.2;424333312;0
199.5;424333312;0
199.5;424333312;0
199.5;424333312;0
199.5;424333312;0
129.0;420306944;0
215.0;424329216;0
127.8;423428096;0
215.0;424329216;0
200.7;424329216;0
198.9;424329216;0
200.7;424329216;0
170.5;416284672;0
114.7;424345600;0
200.7;424345600;0
198.9;424345600;0
200.7;424345600;0
200.7;424345600;0
213.1;424345600;0
200.7;424345600;0
198.9;424341504;0
200.7;424341504;0
200.7;424341504;0
142.0;420315136;0
229.4;424341504;0
198.9;424341504;0
200.7;419942400;0
200.7;424345600;0
198.9;424345600;0
200.7;424345600;0
200.7;424345600;0
213.1;424349696;0
200.7;424349696;0
198.9;424349696;0
200.7;424349696;0
200.7;424349696;0
198.9;424349696;0
200.7;424349696;0
201.6;414904320;0
133.0;424349696;0
199.5;424349696;0
199.5;424349696;0
199.5;424349696;0
201.6;424349696;0
149.6;420327424;0
182.8;424353792;0
184.8;420327424;0
199.5;424349696;0
199.5;424349696;0
199.5;424349696;0
199.5;424349696;0
134.4;424333312;0
199.5;424345600;0
199.5;424345600;0
168.0;424361984;0
199.5;424361984;0
198.9;424361984;0
200.7;424361984;0
170.5;420339712;0
157.7;420335616;0
235.2;439042048;0
199.5;439042048;0
199.5;439042048;0
201.6;439042048;0
199.5;439042048;0
199.5;439042048;0
129.0;430993408;0
198.9;435728384;0
200.7;435728384;0
201.6;435728384;0
199.5;435728384;0
182.8;431706112;0
201.6;435728384;0
199.5;435728384;0
149.6;431857664;0
216.1;435724288;0
198.9;435724288;0
200.7;435724288;0
201.6;435724288;0
166.2;435724288;0
199.5;435724288;0
201.6;435724288;0
116.4;431661056;0
199.5;435728384;0
199.5;435728384;0
198.9;435728384;0
143.3;435728384;0
200.7;435728384;0
199.5;435728384;0
199.5;435728384;0
186.4;435728384;0
201.6;435728384;0
199.5;435728384;0
182.8;431706112;0
216.1;435728384;0
182.8;431038464;0
200.7;435728384;0
200.7;435728384;0
156.2;431706112;0
157.7;435728384;0
201.6;435728384;0
133.0;431702016;0
199.5;435724288;0
200.7;435724288;0
184.7;435724288;0
200.7;435724288;0
117.6;429699072;0
215.0;436260864;0
198.9;436260864;0
200.7;436260864;0
