50.0;101.1;69.0;0.0
50.0;114.6;89.4;0.0
84.9;138.7;55.2;0.0
50.0;157.5;39.1;0.0
29.9;159.8;2.0;0.0
0.0;159.8;0.0;0.0
0.0;159.8;0.1;0.0
0.0;159.8;0.0;0.0
0.0;159.8;1.2;0.0
0.0;159.8;0.0;0.0
0.0;159.8;0.7;0.0
0.0;159.8;0.0;0.0
0.0;159.8;0.7;0.0
0.0;159.8;0.0;0.0
10.0;160.6;0.5;0.0
49.3;160.6;0.0;0.0
49.9;160.6;0.0;0.0
50.5;160.6;1.4;0.0
15.0;161.1;0.0;0.0
0.0;161.1;0.0;0.0
0.0;161.1;0.1;0.0
0.0;161.1;0.0;0.0
0.0;161.1;1.3;0.0
0.0;161.1;0.0;0.0
0.0;161.1;0.7;0.0
0.0;161.1;0.0;0.0
0.0;161.1;0.5;0.0
0.0;161.1;0.0;0.0
32.8;166.5;13.7;4.0
54.0;184.0;39.2;0.0
45.0;245.7;840.7;0.0
49.9;245.7;282.4;0.0
50.0;245.7;305.6;0.0
49.7;245.9;314.0;0.0
53.9;245.9;332.8;0.0
50.0;245.9;354.6;0.0
49.1;277.1;12.1;68.0
50.0;277.1;0.8;256.0
49.8;277.1;0.2;64.0
45.0;184.9;0.3;56.0
