45.0;90.9;40.8;0.0
45.0;107.2;83.8;0.0
72.6;129.6;88.0;0.0
64.9;143.7;29.1;0.0
54.9;158.5;30.2;0.0
5.0;159.7;2.0;0.0
0.0;159.7;0.0;0.0
0.0;159.7;0.1;0.0
0.0;159.7;0.0;0.0
0.0;159.7;1.3;0.0
0.0;159.7;0.0;0.0
0.0;159.7;0.7;0.0
0.0;159.7;0.0;0.0
0.0;159.7;0.6;0.0
0.0;159.7;0.0;0.0
0.0;159.7;0.5;0.0
49.9;160.7;0.0;0.0
47.6;160.7;0.0;0.0
49.8;160.7;1.2;0.0
24.9;161.2;0.2;0.0
0.0;161.2;0.0;0.0
0.0;161.2;0.1;0.0
0.0;161.2;0.0;0.0
0.0;161.2;1.3;0.0
0.0;161.2;0.0;0.0
0.0;161.2;0.7;0.0
0.0;161.2;0.0;0.0
0.0;161.2;0.5;0.0
0.0;161.2;0.0;0.0
29.9;164.3;15.8;4.0
50.0;183.6;38.5;0.0
50.0;214.7;833.4;0.0
50.0;245.5;251.7;0.0
50.0;245.5;317.4;0.0
48.9;245.7;315.4;0.0
49.8;245.7;322.4;0.0
50.5;247.6;398.1;0.0
54.8;277.0;2.2;132.0
50.0;277.0;0.6;192.0
50.0;277.0;0.2;64.0
44.4;184.9;0.3;64.0
