8.4;35.7;18.5;1.5;2.0;878.0
8.4;97.6;110.3;9.5;3.0;878.0
4.2;138.4;147.7;8.8;1.0;878.0
8.4;169.0;129.7;7.2;3.0;878.0
8.3;195.2;88.6;6.0;2.0;878.0
7.2;219.5;147.0;5.4;1.0;995.0
8.3;664.7;4.0;0.1;5.0;1044.0
8.3;676.9;0.0;0.0;1.0;1867.0
3.6;803.2;60.6;65.9;7.0;1872.0
0.0;803.3;35.6;0.1;2.0;1861.0
0.0;803.3;44.8;0.0;1.0;1861.0
0.0;803.3;44.8;0.0;1.0;1857.0
0.0;803.3;44.8;0.0;1.0;1857.0
0.0;803.3;44.8;0.0;1.0;1857.0
0.0;803.3;44.8;0.0;1.0;1857.0
8.4;1043.1;2.1;0.0;9.0;1998.0
6.9;1336.3;30.7;0.5;71.0;2024.0
8.4;1336.7;126.2;2.0;65.0;2024.0
7.2;1336.7;174.4;2.4;63.0;2024.0
10.8;1336.7;246.7;3.0;65.0;2039.0
9.8;1336.7;185.2;2.0;51.0;2034.0
8.3;1336.7;238.0;2.8;63.0;2030.0
8.4;1336.7;216.4;2.1;63.0;2026.0
13.8;1336.7;236.8;2.7;59.0;2026.0
8.3;1336.7;235.5;2.5;62.0;2026.0
8.4;1336.7;230.8;2.6;58.0;2021.0
8.3;1336.7;216.9;2.4;64.0;2021.0
8.4;1336.7;247.0;2.9;62.0;2021.0
9.7;1336.7;231.9;2.7;61.0;2021.0
9.5;1336.7;237.4;2.6;62.0;2021.0
7.2;1336.8;227.8;2.5;57.0;2021.0
4.7;1336.8;206.2;2.1;61.0;2021.0
12.6;1336.8;239.1;2.6;62.0;2021.0
9.7;1336.8;241.8;2.7;62.0;2021.0
9.6;1336.8;241.1;2.7;58.0;2021.0
7.3;1336.8;242.7;2.6;62.0;2021.0
8.3;1336.8;204.2;2.2;62.0;2021.0
9.8;1336.8;233.7;2.5;60.0;2021.0
9.7;1336.8;233.9;2.5;62.0;2021.0
8.3;1336.8;240.9;2.6;41.0;2021.0
9.5;1336.8;194.2;2.0;60.0;2021.0
8.3;1336.8;237.2;2.7;60.0;2021.0
8.3;1336.8;235.4;2.7;63.0;2021.0
11.5;1336.8;220.3;2.4;62.0;2021.0
6.0;1336.8;225.8;2.6;60.0;2021.0
6.9;1336.8;240.2;2.8;62.0;2021.0
8.3;1353.5;95.7;4.9;29.0;2021.0
11.8;1353.5;242.3;2.7;60.0;2021.0
13.0;1353.5;199.5;2.1;61.0;2021.0
9.6;1353.5;234.0;2.6;60.0;2021.0
6.9;1353.5;238.7;2.8;58.0;2021.0
9.6;1353.5;244.1;2.7;59.0;2021.0
9.6;1353.5;228.5;2.6;60.0;2021.0
6.0;1353.5;210.1;2.2;46.0;2021.0
9.8;1353.5;233.1;2.5;61.0;2021.0
11.1;1353.5;231.2;2.5;58.0;2021.0
10.8;1353.5;234.4;2.6;63.0;2021.0
8.3;1353.5;230.7;2.4;59.0;2021.0
11.1;1353.5;234.9;2.6;60.0;2021.0
12.5;1353.5;206.1;2.1;39.0;2021.0
9.7;1354.3;189.8;3.6;58.0;2021.0
8.4;1354.3;243.5;2.8;60.0;2021.0
8.3;1354.3;234.8;2.8;60.0;2021.0
8.4;1354.3;243.4;2.8;61.0;2021.0
7.2;1354.3;229.0;2.7;60.0;2021.0
4.7;1354.3;208.9;2.4;37.0;2021.0
7.0;1354.3;245.0;3.0;62.0;2021.0
11.8;1354.3;251.2;3.0;61.0;2021.0
11.9;1354.3;235.1;2.7;63.0;2021.0
8.4;1354.4;242.3;2.8;61.0;2021.0
8.3;1354.4;242.3;2.9;63.0;2021.0
6.0;1354.4;225.6;2.5;63.0;2021.0
10.7;1354.4;234.1;2.8;61.0;2021.0
6.0;1354.4;242.3;2.7;64.0;2021.0
8.3;1354.4;227.7;2.4;59.0;2021.0
9.6;1354.4;246.7;2.9;61.0;2021.0
9.6;1354.4;200.2;2.2;59.0;2021.0
9.5;1354.4;235.7;2.7;62.0;2021.0
6.9;1354.4;237.4;2.7;61.0;2021.0
5.5;1354.4;241.9;2.9;61.0;2021.0
6.9;1354.4;214.4;2.5;59.0;2021.0
8.4;1354.4;245.5;2.9;60.0;2021.0
8.3;1354.4;240.3;2.9;59.0;2021.0
2.8;1354.4;208.1;2.2;41.0;2021.0
9.7;1354.4;241.3;2.8;61.0;2021.0
8.4;1354.4;241.6;2.9;63.0;2021.0
7.2;1354.4;233.5;2.6;60.0;2021.0
8.4;1354.4;219.4;2.4;62.0;2021.0
7.0;1354.4;230.8;2.8;61.0;2021.0
9.5;1354.4;248.6;3.2;59.0;2021.0
9.6;1354.4;211.0;2.5;62.0;2021.0
8.3;1354.4;241.5;2.8;59.0;2021.0
11.1;1354.4;238.6;2.9;60.0;2021.0
5.5;1362.9;105.1;6.0;52.0;2021.0
9.5;1362.9;237.3;2.8;61.0;2021.0
8.3;1362.9;230.4;2.6;62.0;2021.0
9.7;1362.9;226.9;2.6;60.0;2021.0
8.3;1362.9;236.6;2.6;60.0;2021.0
9.7;1362.9;235.0;2.7;62.0;2021.0
8.3;1362.9;250.5;2.9;61.0;2021.0
3.6;1362.9;198.9;2.2;46.0;2021.0
9.7;1362.9;238.8;2.7;58.0;2021.0
11.2;1362.9;242.2;2.7;64.0;2021.0
10.8;1362.9;236.3;2.7;60.0;2021.0
8.4;1362.9;234.2;2.5;60.0;2021.0
8.4;1362.9;207.1;2.2;62.0;2021.0
8.3;1362.9;235.9;2.7;61.0;2021.0
8.4;1362.9;234.5;2.6;62.0;2021.0
7.1;1362.9;239.4;2.7;62.0;2021.0
8.3;1363.7;180.9;3.7;60.0;2021.0
9.7;1363.7;229.4;2.6;60.0;2021.0
8.3;1363.7;216.9;2.4;42.0;2021.0
9.6;1363.7;238.5;2.6;62.0;2021.0
7.1;1363.7;233.8;2.5;61.0;2021.0
6.9;1363.7;244.8;2.9;59.0;2021.0
8.3;1363.7;241.1;2.7;59.0;2021.0
10.7;1363.7;234.9;2.6;63.0;2021.0
9.6;1363.7;210.6;2.3;64.0;2021.0
6.9;1363.7;238.8;2.7;55.0;2021.0
7.2;1363.7;249.2;2.9;61.0;2021.0
9.6;1363.7;233.0;2.8;61.0;2021.0
8.4;1363.7;248.3;3.0;63.0;2021.0
4.2;1363.7;216.3;2.5;41.0;2021.0
7.2;1363.7;238.1;2.8;54.0;2021.0
9.4;1363.7;234.3;2.7;63.0;2034.0
8.3;1363.7;220.2;2.6;59.0;2034.0
11.1;1363.7;235.6;2.6;61.0;2034.0
7.1;1363.7;212.3;2.3;61.0;2038.0
7.1;1363.7;221.9;2.8;54.0;2038.0
8.4;1364.3;163.1;4.2;61.0;2038.0
11.1;1364.3;236.9;2.7;61.0;2038.0
11.1;1364.3;231.8;2.6;62.0;2033.0
9.6;1364.3;227.6;2.6;60.0;2033.0
8.3;1364.3;211.7;2.3;61.0;2033.0
8.4;1364.3;230.2;2.7;62.0;2033.0
9.5;1364.3;241.8;2.8;62.0;2033.0
9.6;1364.3;224.3;2.5;60.0;2033.0
7.2;1364.3;230.2;2.5;57.0;2033.0
8.3;1364.3;210.0;2.1;61.0;2033.0
8.4;1364.3;245.0;2.8;62.0;2033.0
9.5;1364.3;225.1;2.5;61.0;2033.0
6.0;1364.3;228.1;2.5;60.0;2033.0
6.9;1364.3;230.9;2.5;60.0;2030.0
8.4;1364.3;220.9;2.4;62.0;2030.0
7.2;1364.3;228.4;2.6;61.0;2030.0
8.3;1364.3;238.7;2.6;61.0;2030.0
8.3;1364.3;239.8;2.8;62.0;2025.0
6.9;1364.3;209.6;2.4;56.0;2025.0
10.7;1364.3;232.3;2.7;58.0;2025.0
8.4;1364.3;231.5;2.5;55.0;2025.0
8.3;1364.3;226.0;2.3;61.0;2025.0
4.8;1364.3;212.9;2.4;53.0;2025.0
7.2;1364.3;224.6;2.5;59.0;2025.0
13.1;1364.3;235.3;2.7;63.0;2025.0
9.8;1364.3;239.7;2.8;60.0;2025.0
9.7;1364.3;213.1;2.3;62.0;2025.0
9.6;1364.3;229.4;2.6;58.0;2025.0
8.3;1364.3;230.5;2.6;61.0;2025.0
8.3;1364.3;213.1;2.4;60.0;2025.0
8.3;1364.3;238.1;2.6;63.0;2025.0
9.7;1364.3;219.0;2.3;60.0;2025.0
7.2;1364.3;215.0;2.3;41.0;2025.0
0.0;1364.3;133.2;1.1;1.0;2025.0
8.3;1371.2;206.3;7.1;61.0;2025.0
5.5;1371.2;237.5;2.7;62.0;2025.0
7.1;1371.2;239.2;2.8;62.0;2025.0
10.8;1371.2;237.0;2.6;60.0;2025.0
4.7;1371.2;219.6;2.5;44.0;2025.0
11.2;1371.2;226.0;2.6;61.0;2025.0
8.3;1371.2;237.8;2.7;61.0;2025.0
7.2;1371.2;233.3;2.6;61.0;2025.0
6.2;1371.2;252.2;3.0;63.0;2025.0
6.9;1371.2;228.7;2.6;59.0;2025.0
7.0;1371.2;208.2;2.1;57.0;2025.0
8.3;1371.2;229.2;2.5;61.0;2025.0
11.9;1371.2;236.0;2.6;61.0;2025.0
12.5;1371.2;238.7;2.7;62.0;2025.0
9.7;1371.2;242.8;2.7;63.0;2025.0
6.9;1371.2;209.0;2.3;60.0;2025.0
8.4;1371.2;243.2;2.7;61.0;2025.0
7.3;1371.2;234.5;2.6;60.0;2025.0
8.3;1371.2;228.3;2.6;62.0;2025.0
9.7;1371.2;210.0;2.1;63.0;2025.0
9.6;1371.2;236.8;2.6;57.0;2025.0
8.3;1371.2;223.5;2.3;59.0;2025.0
9.8;1371.2;223.4;2.4;59.0;2025.0
9.7;1371.2;212.2;2.3;61.0;2025.0
8.4;1371.2;243.7;2.7;63.0;2025.0
8.4;1371.2;222.3;2.4;61.0;2025.0
8.3;1371.2;227.0;2.6;50.0;2025.0
7.0;1371.2;215.5;2.5;61.0;2025.0
7.2;1371.2;254.2;3.1;61.0;2025.0
9.6;1371.2;228.2;2.6;61.0;2025.0
8.3;1371.2;212.4;2.4;61.0;2025.0
8.3;1371.2;237.6;2.7;59.0;2025.0
7.1;1371.2;227.7;2.5;40.0;2025.0
8.3;1371.2;226.9;2.8;60.0;2025.0
8.3;1371.2;230.1;2.7;61.0;2025.0
9.7;1371.2;205.3;2.3;36.0;2025.0
5.5;1377.6;92.0;6.0;18.0;2025.0
7.2;1377.6;243.7;2.8;62.0;2025.0
8.3;1377.6;240.9;2.9;60.0;2025.0
7.0;1377.6;241.0;2.8;61.0;2025.0
9.5;1377.6;249.9;2.8;63.0;2025.0
6.0;1377.6;225.6;2.5;59.0;2025.0
8.4;1377.6;216.4;2.5;63.0;2025.0
8.3;1377.6;242.0;2.7;61.0;2025.0
11.9;1377.6;250.6;2.8;60.0;2025.0
5.9;1377.6;231.1;2.7;61.0;2025.0
8.3;1377.6;232.8;2.5;60.0;2025.0
13.8;1377.6;206.8;2.3;60.0;2025.0
13.0;1377.6;232.8;2.6;60.0;2025.0
8.4;1377.6;244.3;2.9;63.0;2025.0
11.1;1377.6;235.2;2.5;60.0;2025.0
9.7;1377.6;238.3;2.6;58.0;2025.0
10.7;1377.6;216.9;2.4;61.0;2025.0
11.8;1377.6;225.2;2.5;60.0;2025.0
9.6;1377.6;233.3;2.5;62.0;2025.0
9.7;1377.6;238.8;2.7;61.0;2025.0
6.0;1377.6;232.1;2.5;38.0;2033.0
10.8;1377.6;210.1;2.5;61.0;2033.0
6.0;1377.6;241.5;2.9;61.0;2033.0
7.0;1377.6;228.8;2.6;61.0;2033.0
6.9;1377.7;201.4;2.2;57.0;2033.0
10.8;1377.7;237.1;2.7;61.0;2033.0
0.0;1377.7;174.7;1.8;24.0;2033.0
10.8;1378.6;197.4;6.1;64.0;2033.0
10.7;1378.6;244.1;2.8;60.0;2033.0
4.2;1378.6;209.3;2.5;42.0;2033.0
6.0;1378.6;240.4;2.7;60.0;2033.0
9.5;1378.6;237.0;2.6;63.0;2033.0
8.3;1378.6;230.5;2.5;62.0;2033.0
8.3;1378.6;228.6;2.5;58.0;2033.0
10.7;1378.6;235.0;2.7;64.0;2033.0
7.2;1378.6;204.2;2.3;57.0;2033.0
9.5;1378.6;242.2;2.7;62.0;2033.0
7.0;1378.6;226.8;2.7;61.0;2033.0
8.3;1378.6;238.7;2.7;59.0;2033.0
13.1;1378.6;232.8;2.7;61.0;2033.0
7.3;1378.6;220.4;2.4;63.0;2033.0
11.1;1378.6;226.4;2.7;61.0;2033.0
8.4;1379.4;179.2;3.8;60.0;2029.0
9.5;1379.4;239.3;2.7;61.0;2029.0
8.4;1379.4;234.3;2.6;60.0;2029.0
6.9;1379.4;186.8;1.6;47.0;2025.0
9.7;1379.4;232.9;2.5;64.0;2025.0
8.4;1379.4;241.0;2.8;59.0;2025.0
7.1;1379.4;231.9;2.6;61.0;2025.0
9.7;1379.4;242.6;2.7;61.0;2025.0
9.7;1379.4;240.0;2.7;44.0;2025.0
7.1;1379.4;206.9;2.3;58.0;2025.0
8.4;1379.4;237.1;2.6;62.0;2025.0
8.3;1379.4;236.0;2.5;60.0;2025.0
9.8;1379.4;233.7;2.7;62.0;2025.0
9.6;1379.4;245.5;2.9;62.0;2025.0
7.2;1379.4;215.6;2.4;61.0;2025.0
8.4;1379.4;242.7;2.8;61.0;2025.0
11.1;1379.4;226.7;2.4;61.0;2025.0
4.2;1380.0;177.7;3.9;31.0;2025.0
8.3;1380.0;240.2;2.8;59.0;2025.0
8.4;1380.0;215.9;2.4;39.0;2025.0
8.3;1380.0;233.1;2.7;63.0;2033.0
8.3;1380.0;232.3;2.8;60.0;2033.0
15.5;1380.0;231.0;2.3;57.0;2033.0
10.7;1380.0;231.8;2.6;60.0;2033.0
8.3;1380.0;233.9;2.6;61.0;2033.0
9.7;1380.0;213.7;2.4;62.0;2033.0
9.6;1380.0;247.5;2.9;63.0;2033.0
9.6;1380.0;229.9;2.6;61.0;2033.0
8.3;1380.0;241.1;2.7;62.0;2033.0
8.4;1380.0;236.9;2.6;63.0;2029.0
8.3;1380.0;210.8;2.3;61.0;2029.0
9.6;1380.0;236.5;2.6;63.0;2029.0
9.8;1380.0;231.2;2.6;61.0;2025.0
2.8;1380.0;215.3;2.4;49.0;2025.0
8.4;1380.7;211.9;4.3;59.0;2025.0
7.1;1380.7;197.2;2.2;59.0;2025.0
10.8;1380.7;237.2;2.6;62.0;2025.0
8.3;1380.7;237.8;2.7;60.0;2025.0
7.2;1380.7;252.9;2.9;62.0;2025.0
8.4;1380.7;227.2;2.5;61.0;2025.0
4.7;1380.7;210.7;2.3;40.0;2025.0
12.5;1380.7;235.9;2.6;59.0;2025.0
10.7;1380.7;246.7;2.7;63.0;2025.0
11.5;1380.7;236.8;2.6;59.0;2025.0
8.4;1380.7;227.1;2.4;62.0;2025.0
8.3;1380.7;233.7;2.6;60.0;2025.0
9.8;1380.7;211.2;2.4;63.0;2034.0
5.5;1380.7;221.3;2.5;57.0;2038.0
7.2;1380.7;233.4;2.7;61.0;2038.0
8.4;1380.7;239.9;2.7;62.0;2038.0
3.6;1380.7;216.8;2.4;38.0;2038.0
11.9;1380.7;230.4;2.6;61.0;2033.0
7.1;1380.7;239.4;2.8;57.0;2033.0
8.4;1380.7;219.9;2.3;62.0;2033.0
11.1;1380.7;233.1;2.7;61.0;2033.0
9.7;1380.7;209.6;2.4;61.0;2033.0
8.4;1380.7;236.0;2.8;61.0;2033.0
9.5;1380.7;245.2;2.9;61.0;2033.0
7.2;1380.7;217.2;2.4;38.0;2033.0
