8.4;35.8;19.3;1.5;1.0;873.0
6.0;97.8;108.9;9.4;1.0;873.0
7.2;138.2;143.7;8.7;1.0;869.0
6.9;168.4;133.7;7.3;1.0;873.0
8.4;195.5;88.6;6.0;1.0;873.0
7.1;219.4;147.0;5.4;1.0;999.0
8.4;665.2;4.0;0.1;2.0;1047.0
8.3;676.5;0.0;0.0;2.0;1866.0
5.5;803.1;60.6;65.9;2.0;1866.0
0.0;803.2;34.0;0.1;3.0;1866.0
0.0;803.2;44.8;0.0;1.0;1866.0
0.0;803.2;46.4;0.0;2.0;1866.0
0.0;803.2;43.2;0.0;4.0;1866.0
0.0;803.2;44.8;0.0;2.0;1866.0
0.0;803.2;44.8;0.0;3.0;1866.0
8.3;999.2;5.3;0.0;12.0;1995.0
9.8;1338.4;19.2;0.3;26.0;2033.0
8.3;1338.6;122.6;2.0;66.0;2033.0
8.4;1338.6;157.9;2.3;63.0;2033.0
7.2;1338.6;231.0;2.9;59.0;2033.0
5.5;1338.6;197.7;2.1;60.0;2033.0
9.8;1338.6;236.2;2.7;59.0;2033.0
8.3;1338.6;234.0;2.7;59.0;2033.0
9.6;1338.6;238.2;2.7;61.0;2030.0
9.7;1338.6;228.7;2.5;59.0;2030.0
8.3;1338.6;220.7;2.6;60.0;2033.0
10.8;1338.6;205.3;2.2;49.0;2033.0
7.3;1338.6;244.2;2.7;60.0;2033.0
11.9;1338.6;222.7;2.6;61.0;2033.0
8.3;1338.6;240.5;2.9;62.0;2033.0
8.3;1338.6;234.1;2.5;63.0;2033.0
8.3;1338.6;219.6;2.3;62.0;2033.0
8.3;1338.6;227.1;2.6;61.0;2033.0
11.2;1338.6;234.3;2.6;60.0;2033.0
9.7;1338.6;229.2;2.6;62.0;2033.0
10.8;1338.6;221.7;2.4;42.0;2033.0
9.6;1338.6;211.3;2.4;64.0;2033.0
6.9;1338.6;229.3;2.6;58.0;2030.0
7.0;1338.6;236.0;2.7;64.0;2030.0
8.4;1338.6;241.9;2.7;61.0;2030.0
7.2;1338.6;200.3;2.2;60.0;2025.0
8.3;1338.6;238.4;2.6;61.0;2025.0
11.1;1338.6;234.6;2.7;61.0;2025.0
4.2;1338.6;203.1;2.2;35.0;2025.0
9.5;1338.6;231.0;2.7;61.0;2025.0
8.3;1338.6;233.3;2.7;61.0;2025.0
9.7;1338.6;235.4;2.6;62.0;2025.0
7.1;1338.6;206.4;2.4;61.0;2025.0
9.6;1338.6;235.4;2.6;62.0;2025.0
9.7;1338.6;232.7;2.6;61.0;2025.0
7.0;1338.6;208.9;2.4;53.0;2025.0
9.5;1338.6;234.2;2.8;60.0;2025.0
8.4;1338.6;223.0;2.5;59.0;2025.0
7.0;1338.6;204.4;2.1;61.0;2025.0
6.9;1338.6;238.3;2.8;59.0;2025.0
9.4;1338.6;240.9;2.9;57.0;2025.0
8.3;1338.6;199.4;2.3;60.0;2025.0
6.9;1338.6;236.0;2.9;59.0;2025.0
1.4;1338.6;212.2;2.5;39.0;2025.0
8.3;1338.6;244.1;2.9;60.0;2025.0
9.6;1338.6;226.2;2.6;57.0;2025.0
2.8;1338.6;187.7;1.9;37.0;2025.0
7.1;1338.6;221.7;2.3;62.0;2025.0
8.3;1338.6;240.1;3.0;57.0;2025.0
9.5;1338.7;198.8;2.3;61.0;2025.0
12.6;1338.7;236.3;2.8;58.0;2025.0
11.1;1338.7;212.5;2.6;57.0;2025.0
19.1;1338.7;249.0;3.2;59.0;2025.0
7.2;1338.7;182.5;2.0;41.0;2025.0
9.7;1338.7;227.4;2.6;56.0;2025.0
2.8;1338.7;187.4;1.9;33.0;2025.0
11.1;1338.7;229.9;2.8;59.0;2025.0
6.0;1338.7;235.2;3.0;59.0;2025.0
11.1;1338.7;207.5;2.3;59.0;2025.0
11.1;1338.7;228.4;2.6;57.0;2025.0
8.3;1338.7;204.8;2.3;61.0;2025.0
7.1;1338.7;212.1;2.5;58.0;2025.0
6.9;1338.7;206.4;2.3;59.0;2025.0
6.9;1338.7;227.9;2.8;55.0;2025.0
9.6;1338.7;214.6;2.6;60.0;2025.0
10.8;1338.7;217.5;2.4;57.0;2025.0
13.8;1338.7;205.9;2.4;59.0;2025.0
7.0;1338.7;232.7;2.8;58.0;2025.0
6.9;1338.7;209.7;2.5;57.0;2025.0
8.4;1338.7;232.5;2.8;55.0;2025.0
4.8;1338.7;180.3;1.9;51.0;2038.0
2.8;1338.7;191.1;2.0;49.0;2038.0
7.2;1338.7;214.2;2.2;50.0;2038.0
3.6;1338.7;154.2;1.3;37.0;2038.0
0.0;1338.7;133.9;1.2;3.0;2033.0
2.8;1350.6;43.4;10.5;1.0;2030.0
10.8;1380.3;190.5;2.2;61.0;2033.0
9.6;1380.3;229.1;2.6;62.0;2033.0
5.9;1380.3;238.4;2.9;43.0;2033.0
11.1;1380.3;206.2;2.4;62.0;2038.0
9.5;1380.3;234.5;2.8;62.0;2038.0
10.7;1380.4;229.6;2.6;61.0;2038.0
9.6;1380.4;238.1;2.7;62.0;2038.0
6.9;1380.4;226.9;2.5;59.0;2034.0
4.8;1380.4;224.9;2.5;53.0;2038.0
8.3;1380.4;218.3;2.5;61.0;2038.0
8.4;1380.4;241.9;2.8;62.0;2038.0
7.0;1380.4;233.3;2.7;59.0;2038.0
9.7;1380.4;243.8;2.7;60.0;2030.0
11.9;1380.4;238.2;2.7;63.0;2030.0
8.3;1380.4;238.0;2.7;62.0;2030.0
8.4;1380.4;208.7;2.2;61.0;2025.0
9.7;1381.2;172.4;3.9;46.0;2025.0
9.7;1381.2;230.7;2.7;61.0;2025.0
8.4;1381.2;231.4;2.6;59.0;2029.0
7.1;1381.2;224.9;2.7;62.0;2038.0
9.6;1381.2;229.6;2.6;60.0;2038.0
8.3;1381.2;217.7;2.5;62.0;2038.0
9.5;1381.2;236.2;2.7;63.0;2038.0
8.4;1381.2;238.4;2.7;59.0;2034.0
12.5;1381.2;225.4;2.5;60.0;2038.0
8.4;1381.2;228.9;2.5;61.0;2038.0
10.8;1381.2;207.2;2.2;62.0;2038.0
10.8;1381.2;234.2;2.5;61.0;2034.0
11.2;1381.2;237.7;2.7;62.0;2034.0
8.3;1381.2;235.3;2.5;61.0;2034.0
2.4;1381.2;209.8;2.3;45.0;2025.0
5.9;1381.2;235.8;2.5;63.0;2025.0
8.4;1381.2;238.9;2.6;58.0;2025.0
6.9;1381.2;212.7;2.5;51.0;2025.0
10.7;1381.2;239.4;2.8;62.0;2025.0
8.4;1381.2;211.5;2.2;60.0;2025.0
8.3;1381.2;241.1;3.0;61.0;2025.0
8.3;1381.2;242.8;2.9;59.0;2025.0
5.5;1381.2;223.8;2.6;38.0;2025.0
9.5;1381.9;137.5;4.0;61.0;2025.0
8.3;1381.9;248.6;3.0;60.0;2025.0
8.3;1381.9;229.7;2.6;63.0;2025.0
8.4;1381.9;231.7;2.6;58.0;2025.0
7.3;1381.9;238.8;2.8;57.0;2025.0
7.3;1381.9;239.2;2.8;62.0;2025.0
8.4;1381.9;199.2;2.1;61.0;2025.0
8.3;1381.9;233.6;2.4;62.0;2025.0
7.0;1381.8;240.2;2.8;61.0;2025.0
7.3;1381.8;246.9;2.8;60.0;2025.0
8.4;1381.8;225.3;2.4;61.0;2025.0
2.8;1381.8;201.8;2.0;40.0;2025.0
9.7;1381.8;234.6;2.5;59.0;2025.0
7.1;1381.8;234.6;2.4;61.0;2025.0
7.1;1381.8;224.9;2.5;61.0;2025.0
8.3;1381.8;236.9;2.7;63.0;2025.0
11.1;1381.8;211.5;2.3;58.0;2025.0
8.4;1381.8;245.7;2.8;60.0;2025.0
10.8;1381.8;230.9;2.7;62.0;2025.0
8.3;1381.8;237.4;2.9;62.0;2025.0
5.6;1381.8;218.1;2.6;38.0;2025.0
9.7;1381.8;241.2;2.8;63.0;2025.0
10.8;1381.8;237.6;2.8;62.0;2025.0
10.8;1381.8;248.2;3.2;61.0;2025.0
6.9;1381.8;222.6;2.8;61.0;2025.0
9.6;1381.8;255.2;3.2;61.0;2025.0
8.3;1381.8;230.4;2.8;61.0;2025.0
10.8;1381.8;210.4;2.6;61.0;2025.0
8.3;1381.8;237.8;2.9;60.0;2025.0
8.3;1381.8;242.8;2.9;56.0;2025.0
8.4;1381.8;212.5;2.5;60.0;2025.0
7.1;1381.8;240.1;2.8;61.0;2025.0
8.4;1381.8;252.3;3.2;60.0;2025.0
7.1;1381.8;216.8;2.8;61.0;2025.0
8.3;1381.8;239.6;3.1;59.0;2025.0
6.0;1381.8;228.6;2.9;56.0;2025.0
8.3;1381.8;230.5;2.9;61.0;2025.0
9.8;1381.8;246.6;3.2;58.0;2025.0
9.7;1381.8;213.5;2.6;60.0;2025.0
8.4;1381.8;251.8;3.4;61.0;2025.0
1.4;1381.8;217.0;2.7;38.0;2025.0
8.4;1381.8;255.3;3.2;61.0;2025.0
9.6;1381.8;220.7;2.7;57.0;2025.0
2.4;1381.8;171.0;1.7;22.0;2025.0
11.1;1383.6;76.5;7.4;63.0;2025.0
11.1;1383.6;236.6;2.7;62.0;2025.0
8.3;1383.6;241.1;2.7;62.0;2025.0
9.6;1383.6;230.9;2.6;61.0;2025.0
9.7;1383.6;230.9;2.7;40.0;2025.0
8.4;1383.6;223.1;2.5;62.0;2025.0
7.2;1383.6;231.7;2.7;61.0;2025.0
8.3;1383.6;239.0;2.8;62.0;2025.0
9.8;1383.6;238.0;2.7;61.0;2025.0
8.3;1383.6;235.8;2.6;47.0;2025.0
11.2;1383.6;205.1;2.2;61.0;2025.0
9.6;1383.6;228.0;2.4;63.0;2025.0
8.4;1383.6;229.9;2.5;60.0;2025.0
8.4;1383.6;216.3;2.2;56.0;2025.0
8.3;1383.6;237.3;2.6;64.0;2025.0
8.4;1383.6;201.2;2.2;59.0;2025.0
10.7;1383.6;237.1;2.7;60.0;2025.0
11.1;1383.6;225.4;2.4;59.0;2025.0
11.1;1383.6;238.2;2.7;63.0;2025.0
8.3;1383.6;211.3;2.3;61.0;2025.0
13.1;1383.6;238.7;2.6;64.0;2025.0
8.3;1383.6;239.6;2.6;60.0;2025.0
6.9;1383.6;222.1;2.4;60.0;2025.0
8.3;1383.6;210.6;2.3;62.0;2025.0
10.7;1383.6;232.8;2.7;61.0;2025.0
7.3;1383.6;247.7;2.8;60.0;2025.0
8.3;1383.6;232.6;2.6;61.0;2025.0
8.4;1383.6;207.3;2.2;63.0;2025.0
11.9;1383.6;235.7;2.5;59.0;2025.0
7.3;1383.6;235.5;2.5;58.0;2025.0
8.4;1383.6;199.9;2.0;63.0;2025.0
6.9;1383.6;236.2;2.7;60.0;2025.0
7.0;1383.6;235.5;2.6;60.0;2025.0
4.2;1383.6;216.9;2.4;38.0;2025.0
9.6;1383.6;226.7;2.4;63.0;2025.0
6.9;1383.6;228.5;2.5;60.0;2025.0
6.9;1383.6;237.1;2.8;58.0;2025.0
8.3;1383.6;193.0;2.1;56.0;2025.0
8.3;1383.6;224.4;2.5;60.0;2025.0
4.8;1383.6;205.1;2.2;50.0;2025.0
8.3;1383.6;236.5;2.7;60.0;2025.0
2.4;1384.7;88.7;6.3;21.0;2025.0
11.9;1385.0;228.7;2.7;62.0;2025.0
14.2;1385.0;237.3;2.8;59.0;2025.0
5.6;1385.0;237.2;2.8;61.0;2025.0
10.7;1385.0;216.7;2.4;61.0;2025.0
7.2;1385.0;230.2;2.7;60.0;2025.0
10.8;1385.0;233.4;2.6;60.0;2025.0
7.2;1385.0;247.4;2.8;61.0;2025.0
8.4;1385.0;235.2;2.6;61.0;2025.0
10.7;1385.0;205.6;2.4;63.0;2025.0
10.8;1385.0;247.6;3.0;59.0;2025.0
6.9;1385.0;235.0;2.7;60.0;2025.0
10.8;1385.0;255.6;3.2;61.0;2025.0
9.6;1385.0;238.1;3.1;62.0;2025.0
10.7;1385.0;237.3;2.8;59.0;2025.0
6.9;1385.0;213.2;2.5;58.0;2025.0
8.3;1385.0;245.6;3.0;61.0;2025.0
8.3;1385.0;230.4;2.9;62.0;2025.0
9.6;1385.3;234.5;2.8;59.0;2025.0
8.3;1385.3;209.6;2.4;61.0;2025.0
7.2;1385.3;251.7;3.1;61.0;2025.0
8.4;1385.3;243.4;3.2;59.0;2025.0
3.6;1385.3;224.6;2.9;36.0;2025.0
6.0;1385.3;245.3;3.2;60.0;2025.0
7.2;1385.3;236.3;2.9;61.0;2025.0
2.4;1386.1;128.3;5.1;1.0;2025.0
9.5;1386.4;236.0;2.7;62.0;2025.0
5.5;1386.4;213.2;2.6;53.0;2025.0
12.5;1386.4;243.5;2.9;62.0;2025.0
9.5;1386.4;237.0;2.8;59.0;2025.0
8.4;1386.4;231.6;2.7;59.0;2025.0
9.7;1386.4;240.6;2.9;61.0;2025.0
8.4;1386.4;245.2;2.8;61.0;2025.0
4.8;1386.4;209.8;2.4;43.0;2025.0
9.5;1386.4;228.7;2.6;61.0;2025.0
8.4;1386.4;238.6;2.7;58.0;2025.0
8.3;1386.4;256.2;3.2;63.0;2025.0
8.4;1386.4;236.8;2.9;62.0;2025.0
3.6;1386.4;214.8;2.5;40.0;2025.0
11.1;1386.4;241.3;2.9;61.0;2025.0
7.2;1386.4;249.1;2.9;63.0;2025.0
10.7;1386.4;221.5;2.5;60.0;2025.0
1.2;1386.4;204.2;2.3;46.0;2025.0
9.7;1386.9;184.2;4.2;47.0;2025.0
11.1;1386.9;237.8;2.7;60.0;2025.0
7.2;1386.9;235.1;2.6;64.0;2025.0
9.5;1386.9;238.7;2.7;61.0;2025.0
6.0;1386.9;235.2;2.5;61.0;2025.0
10.7;1386.9;243.5;2.6;62.0;2025.0
9.7;1386.9;199.6;2.1;63.0;2025.0
8.4;1386.9;241.7;2.6;62.0;2025.0
9.5;1386.9;238.4;2.7;62.0;2025.0
8.4;1386.9;246.6;2.7;63.0;2025.0
8.3;1386.9;226.2;2.5;62.0;2025.0
8.4;1386.9;206.1;2.3;60.0;2025.0
8.4;1386.9;233.5;2.6;61.0;2025.0
7.2;1386.9;242.3;2.7;60.0;2025.0
8.4;1386.9;220.2;2.4;60.0;2025.0
6.9;1386.9;230.4;2.4;47.0;2025.0
8.4;1386.9;210.3;2.2;58.0;2025.0
10.4;1386.9;240.3;2.6;62.0;2025.0
6.9;1386.9;232.8;2.7;61.0;2025.0
6.9;1386.9;238.3;2.8;58.0;2025.0
5.9;1386.9;208.3;2.2;61.0;2025.0
7.3;1386.9;242.2;2.8;59.0;2038.0
8.3;1386.9;221.6;2.6;60.0;2038.0
9.7;1386.9;205.3;2.3;63.0;2038.0
9.7;1386.9;236.8;2.6;61.0;2038.0
8.3;1386.9;238.2;2.7;59.0;2034.0
9.6;1386.9;231.4;2.7;62.0;2034.0
8.3;1386.9;205.5;2.2;61.0;2034.0
8.4;1386.9;239.2;3.0;62.0;2038.0
9.5;1386.9;250.9;3.2;61.0;2038.0
8.4;1386.9;202.4;2.3;62.0;2038.0
9.8;1386.9;237.8;3.1;58.0;2038.0
6.0;1386.9;246.1;3.0;62.0;2030.0
8.4;1386.9;218.8;2.6;61.0;2030.0
2.4;1386.9;198.3;2.4;36.0;2030.0
8.4;1391.5;127.8;6.3;63.0;2025.0
11.1;1391.5;239.7;2.8;61.0;2025.0
7.2;1391.5;251.4;3.0;60.0;2025.0
8.4;1391.5;234.7;2.8;62.0;2025.0
9.7;1391.5;208.7;2.3;40.0;2025.0
8.3;1391.5;241.0;2.9;61.0;2025.0
8.3;1391.5;256.7;3.2;62.0;2025.0
