8.3;35.0;19.3;1.6;1.0;886.0
7.2;98.9;114.7;9.8;0.0;886.0
5.5;138.5;149.9;8.6;0.0;886.0
8.4;169.1;124.1;7.2;0.0;886.0
8.3;198.2;98.2;6.8;0.0;886.0
7.2;224.9;139.4;4.6;1.0;1015.0
8.3;664.8;2.0;0.0;4.0;1061.0
8.4;684.2;51.5;2.6;1.0;1880.0
1.2;801.5;9.1;63.3;4.0;1880.0
0.0;801.6;34.0;0.1;0.0;1880.0
0.0;801.6;44.8;0.0;0.0;1880.0
0.0;801.6;44.8;0.0;0.0;1880.0
0.0;801.6;44.8;0.0;0.0;1880.0
0.0;801.6;44.8;0.0;0.0;1880.0
7.1;805.4;37.1;0.0;0.0;1910.0
8.4;1159.0;0.2;0.0;7.0;2055.0
8.3;1335.9;65.0;1.0;72.0;2055.0
9.6;1336.0;181.5;2.7;63.0;2055.0
9.6;1336.0;229.0;2.7;61.0;2055.0
4.8;1336.0;219.9;2.5;45.0;2055.0
11.2;1336.0;238.2;2.7;62.0;2055.0
8.3;1336.0;247.2;2.9;62.0;2055.0
7.2;1336.0;244.8;2.7;59.0;2049.0
5.9;1336.0;234.1;2.6;60.0;2049.0
8.3;1336.0;244.5;2.7;61.0;2049.0
9.7;1336.0;207.1;2.3;62.0;2049.0
8.3;1336.0;244.3;2.7;61.0;2049.0
7.2;1336.0;239.7;2.6;60.0;2049.0
9.7;1336.0;246.9;2.8;61.0;2049.0
8.3;1336.0;250.1;2.7;60.0;2049.0
8.3;1336.0;215.0;2.4;61.0;2049.0
4.8;1336.0;236.7;2.4;56.0;2049.0
8.4;1336.0;232.8;2.5;61.0;2049.0
8.3;1336.0;242.4;2.6;60.0;2049.0
8.4;1336.0;243.6;2.7;63.0;2049.0
8.4;1336.0;215.7;2.3;61.0;2049.0
9.6;1336.0;243.1;2.7;62.0;2049.0
18.2;1336.0;240.1;2.6;59.0;2049.0
8.3;1336.0;240.9;2.6;62.0;2049.0
9.6;1336.0;218.7;2.3;57.0;2054.0
10.7;1336.0;219.2;2.3;61.0;2056.0
7.2;1336.0;210.8;2.0;60.0;2056.0
2.8;1336.0;186.1;1.7;0.0;2056.0
8.3;1351.1;148.1;5.2;60.0;2056.0
10.8;1351.1;215.3;2.4;61.0;2056.0
8.3;1351.1;240.8;2.7;60.0;2056.0
9.7;1351.1;245.2;2.7;60.0;2048.0
8.3;1351.1;243.2;2.7;60.0;2048.0
8.3;1351.1;238.8;2.6;63.0;2048.0
8.4;1351.1;234.6;2.6;37.0;2048.0
9.5;1351.1;210.7;2.3;59.0;2054.0
8.4;1351.1;241.7;2.7;61.0;2054.0
8.3;1351.1;247.3;2.9;60.0;2054.0
8.4;1351.1;251.1;3.0;62.0;2054.0
7.2;1351.1;251.4;3.1;62.0;2054.0
8.4;1351.1;228.0;2.6;60.0;2054.0
8.4;1351.1;227.7;2.4;59.0;2054.0
5.5;1351.1;247.1;2.9;61.0;2048.0
10.8;1351.1;252.8;3.1;62.0;2048.0
5.9;1351.1;219.1;2.5;56.0;2048.0
11.1;1351.1;253.9;3.1;62.0;2048.0
8.3;1351.1;250.3;3.0;59.0;2048.0
8.3;1351.1;243.9;2.9;61.0;2048.0
8.4;1351.1;223.1;2.6;59.0;2048.0
13.8;1351.1;243.9;2.9;59.0;2048.0
8.3;1351.1;237.5;2.8;58.0;2048.0
9.7;1351.1;239.9;2.7;55.0;2048.0
9.5;1351.1;212.0;2.3;59.0;2048.0
8.4;1351.1;241.2;2.8;60.0;2048.0
6.9;1351.2;233.9;2.6;55.0;2048.0
8.4;1351.2;211.1;2.4;58.0;2048.0
6.2;1351.2;250.3;3.1;59.0;2048.0
9.6;1351.2;231.1;2.6;59.0;2048.0
8.4;1351.2;206.5;2.2;52.0;2048.0
8.3;1351.2;234.8;2.6;60.0;2048.0
7.0;1351.3;242.9;3.0;59.0;2048.0
5.9;1351.3;209.8;2.5;53.0;2048.0
4.8;1360.9;103.1;6.1;7.0;2048.0
8.3;1360.9;239.1;2.7;61.0;2048.0
8.3;1360.9;244.7;2.8;60.0;2048.0
10.8;1360.9;243.9;2.8;60.0;2048.0
8.3;1360.9;249.9;2.9;60.0;2048.0
8.3;1360.9;243.4;2.8;59.0;2048.0
8.3;1360.9;212.8;2.4;62.0;2048.0
8.3;1360.9;238.8;2.7;58.0;2048.0
8.4;1360.9;238.0;2.7;61.0;2054.0
7.1;1360.9;245.6;2.9;62.0;2054.0
8.4;1360.9;243.7;2.7;61.0;2054.0
8.3;1360.9;213.8;2.3;60.0;2054.0
10.8;1360.9;242.4;2.7;61.0;2054.0
8.4;1360.9;243.2;2.7;52.0;2054.0
8.4;1361.7;198.0;3.9;60.0;2054.0
8.4;1361.7;232.1;2.6;59.0;2048.0
10.7;1361.7;240.0;2.8;60.0;2048.0
8.4;1361.7;243.7;2.9;60.0;2048.0
11.1;1361.7;225.3;2.5;60.0;2048.0
8.3;1361.7;237.8;2.6;60.0;2048.0
6.0;1361.7;243.4;2.7;60.0;2048.0
8.3;1361.7;243.2;2.6;62.0;2048.0
8.3;1361.7;250.0;2.7;56.0;2048.0
2.8;1361.7;205.8;2.1;41.0;2048.0
6.9;1361.7;249.5;2.9;62.0;2048.0
7.2;1361.7;247.6;2.7;60.0;2048.0
9.5;1361.7;243.3;2.7;61.0;2048.0
8.4;1361.7;247.3;2.6;59.0;2048.0
9.7;1361.7;207.4;2.2;59.0;2048.0
8.4;1361.7;229.3;2.3;59.0;2048.0
9.4;1361.7;247.6;2.6;60.0;2048.0
10.8;1361.7;224.7;2.4;60.0;2048.0
12.6;1361.7;242.9;2.5;60.0;2048.0
15.2;1361.7;215.1;2.3;62.0;2048.0
8.4;1361.7;245.6;2.6;59.0;2048.0
9.5;1361.7;230.8;2.5;63.0;2048.0
6.9;1361.7;234.3;2.4;59.0;2048.0
12.5;1361.7;171.8;1.7;55.0;2048.0
9.7;1361.7;209.4;2.0;60.0;2048.0
8.4;1361.7;239.7;2.7;58.0;2048.0
3.6;1362.3;126.2;5.1;10.0;2048.0
8.4;1362.3;229.1;2.4;56.0;2048.0
6.9;1362.3;230.1;2.4;60.0;2054.0
7.1;1362.3;246.7;2.9;61.0;2054.0
8.4;1362.3;241.2;2.7;59.0;2054.0
8.3;1362.3;220.4;2.2;57.0;2054.0
2.8;1362.3;209.8;2.2;47.0;2054.0
13.1;1362.3;243.2;2.8;59.0;2054.0
7.2;1362.3;238.9;2.5;57.0;2054.0
7.2;1362.3;235.8;2.4;59.0;2048.0
11.1;1362.3;231.7;2.6;63.0;2048.0
8.4;1362.3;240.1;2.7;59.0;2048.0
7.1;1362.3;215.1;2.3;61.0;2048.0
7.2;1362.3;241.8;2.7;60.0;2048.0
8.3;1362.3;239.7;2.7;58.0;2048.0
5.5;1362.3;225.5;2.3;57.0;2048.0
7.2;1362.3;232.8;2.3;62.0;2048.0
8.3;1362.3;218.8;2.4;61.0;2048.0
8.3;1362.3;246.5;2.6;60.0;2048.0
6.9;1362.3;229.1;2.4;59.0;2048.0
5.5;1362.3;240.5;2.7;62.0;2048.0
8.4;1362.3;203.8;2.1;58.0;2048.0
11.8;1362.3;242.7;2.7;60.0;2048.0
8.4;1362.3;247.6;2.9;59.0;2048.0
8.3;1362.3;234.8;2.4;59.0;2048.0
8.4;1362.3;211.8;2.3;61.0;2048.0
9.4;1362.3;253.1;2.9;60.0;2048.0
8.4;1362.3;235.2;2.9;57.0;2048.0
5.6;1362.3;210.2;2.4;36.0;2048.0
8.3;1362.3;242.1;2.9;59.0;2048.0
5.2;1362.3;234.3;2.8;17.0;2048.0
8.3;1367.6;134.3;5.6;62.0;2048.0
5.5;1367.6;246.1;2.9;61.0;2048.0
4.2;1367.6;220.2;2.4;39.0;2048.0
10.8;1367.6;247.5;2.8;59.0;2048.0
8.4;1367.6;230.6;2.5;57.0;2048.0
8.3;1367.6;238.0;2.6;59.0;2048.0
8.3;1367.6;242.4;2.7;59.0;2054.0
9.7;1367.6;243.4;2.9;61.0;2054.0
10.7;1367.6;216.4;2.5;60.0;2054.0
6.0;1367.6;244.2;2.7;63.0;2054.0
8.3;1367.6;237.9;2.6;59.0;2054.0
14.0;1367.6;236.9;2.6;59.0;2054.0
9.6;1367.6;242.0;2.7;59.0;2054.0
8.4;1367.6;231.6;2.5;44.0;2048.0
7.0;1367.6;211.4;2.2;59.0;2048.0
6.9;1367.6;240.2;2.6;63.0;2048.0
8.4;1367.6;237.1;2.6;61.0;2048.0
11.8;1367.6;249.2;3.0;61.0;2048.0
6.0;1367.6;213.9;2.3;35.0;2048.0
4.7;1367.6;243.2;2.6;57.0;2048.0
11.1;1367.6;233.0;2.6;57.0;2048.0
8.4;1367.6;240.4;2.7;59.0;2048.0
4.7;1367.6;229.7;2.6;54.0;2048.0
4.2;1367.6;229.5;2.5;60.0;2048.0
11.1;1367.6;246.0;2.9;59.0;2048.0
7.1;1367.6;242.8;2.8;60.0;2048.0
8.4;1367.6;215.2;2.4;59.0;2048.0
10.7;1367.6;240.0;2.7;61.0;2048.0
7.0;1367.6;243.9;2.9;59.0;2048.0
6.9;1367.6;211.3;2.5;58.0;2048.0
9.6;1367.6;238.2;2.7;59.0;2048.0
9.4;1367.6;251.9;2.9;58.0;2048.0
0.0;1367.6;124.4;1.2;0.0;2048.0
7.0;1373.1;192.2;6.9;62.0;2048.0
8.3;1373.1;243.3;2.7;61.0;2048.0
9.6;1373.1;233.2;2.6;59.0;2048.0
8.3;1373.1;242.6;2.8;61.0;2048.0
9.7;1373.1;248.1;2.8;62.0;2048.0
8.3;1373.1;213.5;2.4;62.0;2048.0
9.5;1373.1;246.2;2.7;60.0;2048.0
8.4;1373.1;242.9;2.7;60.0;2054.0
9.7;1373.1;241.6;2.7;60.0;2054.0
6.9;1373.1;244.8;2.9;60.0;2054.0
7.1;1373.1;226.9;2.6;62.0;2054.0
8.3;1373.1;235.3;2.7;60.0;2054.0
8.4;1373.1;245.0;2.8;61.0;2054.0
6.9;1373.1;247.9;2.8;61.0;2054.0
9.8;1373.1;247.7;2.9;62.0;2048.0
10.8;1373.1;220.3;2.3;61.0;2048.0
7.2;1373.1;242.4;2.7;62.0;2048.0
8.4;1373.1;246.3;2.9;61.0;2048.0
2.4;1373.1;226.1;2.5;48.0;2048.0
9.6;1373.1;235.5;2.6;61.0;2048.0
8.3;1373.1;243.7;2.7;59.0;2048.0
9.6;1373.1;243.9;2.7;62.0;2048.0
10.7;1373.1;226.5;2.5;60.0;2048.0
8.3;1373.1;232.2;2.5;60.0;2048.0
11.9;1373.1;238.3;2.6;61.0;2048.0
7.1;1373.1;221.3;2.6;60.0;2048.0
0.0;1373.1;201.1;2.1;26.0;2048.0
8.3;1374.5;179.9;5.9;59.0;2048.0
8.3;1374.5;239.7;2.6;61.0;2048.0
9.6;1374.5;243.6;2.7;60.0;2048.0
7.1;1374.5;254.9;2.8;60.0;2048.0
8.4;1374.5;208.7;2.2;62.0;2048.0
8.3;1374.5;249.7;2.8;62.0;2048.0
8.4;1374.5;234.1;2.4;59.0;2048.0
10.8;1374.5;253.1;3.0;61.0;2048.0
8.3;1374.5;248.3;3.1;60.0;2048.0
9.8;1374.5;248.6;3.0;62.0;2048.0
8.3;1374.5;225.1;2.6;62.0;2048.0
10.8;1374.5;253.3;3.1;62.0;2048.0
9.7;1374.5;246.5;3.0;61.0;2048.0
6.9;1374.5;247.4;3.0;58.0;2048.0
8.4;1374.5;226.2;2.7;44.0;2048.0
9.5;1374.5;252.5;3.1;61.0;2054.0
7.2;1374.5;254.3;3.3;60.0;2054.0
6.9;1374.5;255.5;3.3;61.0;2054.0
11.1;1374.5;225.3;2.8;38.0;2054.0
8.4;1374.5;251.8;3.2;61.0;2054.0
8.3;1374.5;252.0;3.2;61.0;2054.0
8.4;1374.5;256.1;3.4;60.0;2054.0
8.3;1374.5;221.8;2.7;60.0;2048.0
10.8;1374.5;265.4;3.5;57.0;2048.0
3.6;1377.9;131.8;5.4;14.0;2048.0
7.2;1378.1;244.4;2.7;58.0;2048.0
9.8;1378.1;215.2;2.3;62.0;2048.0
6.9;1378.1;239.9;2.7;61.0;2048.0
8.4;1378.1;244.6;2.7;60.0;2048.0
10.7;1378.1;239.9;2.6;62.0;2048.0
11.1;1378.1;243.8;2.7;60.0;2048.0
7.1;1378.1;233.4;2.5;51.0;2048.0
9.5;1378.1;221.3;2.4;59.0;2048.0
9.6;1378.1;240.8;2.8;56.0;2048.0
8.3;1378.1;248.1;2.8;61.0;2048.0
9.7;1378.1;241.2;2.7;60.0;2048.0
8.3;1378.1;243.0;2.8;60.0;2048.0
8.3;1378.1;245.7;2.8;59.0;2048.0
7.2;1378.1;216.4;2.3;61.0;2048.0
6.9;1378.1;240.8;2.7;60.0;2048.0
9.8;1378.1;238.6;2.5;60.0;2048.0
10.8;1378.1;241.4;2.6;60.0;2048.0
6.0;1378.1;216.2;2.3;59.0;2048.0
8.4;1378.1;242.2;2.7;59.0;2048.0
8.3;1378.1;241.2;2.7;61.0;2048.0
11.2;1378.1;235.4;2.6;59.0;2048.0
8.3;1378.1;214.5;2.3;60.0;2048.0
9.6;1378.1;245.3;2.8;60.0;2048.0
8.3;1378.1;240.7;2.7;60.0;2048.0
9.7;1378.1;238.4;2.4;61.0;2048.0
7.2;1378.1;217.4;2.3;60.0;2054.0
7.1;1378.1;243.7;2.8;60.0;2054.0
8.4;1378.1;240.3;2.7;59.0;2054.0
5.5;1378.1;226.6;2.5;49.0;2054.0
11.1;1378.1;221.6;2.4;58.0;2054.0
7.2;1378.1;240.2;2.8;61.0;2054.0
8.3;1378.1;243.7;2.8;59.0;2054.0
7.0;1378.1;211.0;2.3;59.0;2048.0
8.3;1378.1;241.7;2.8;59.0;2048.0
4.8;1378.1;224.6;2.7;35.0;2048.0
9.6;1378.1;235.0;2.9;60.0;2048.0
7.2;1378.1;236.0;2.7;56.0;2048.0
11.2;1378.1;247.3;3.0;61.0;2048.0
9.7;1378.1;235.6;3.1;61.0;2048.0
10.8;1378.1;241.1;3.1;60.0;2048.0
7.1;1378.1;225.3;2.8;58.0;2048.0
8.3;1378.1;253.5;3.1;60.0;2048.0
5.9;1378.1;226.5;2.6;54.0;2048.0
9.5;1378.1;241.0;3.2;56.0;2048.0
3.6;1378.1;221.4;2.9;39.0;2048.0
8.3;1378.1;248.6;3.3;59.0;2048.0
6.9;1378.1;217.9;2.8;38.0;2048.0
6.9;1378.1;258.0;3.5;60.0;2048.0
3.6;1378.1;211.5;2.8;35.0;2048.0
8.4;1378.1;245.6;3.2;31.0;2048.0
0.0;1387.4;50.3;7.9;0.0;2048.0
9.8;1396.7;221.8;2.5;62.0;2048.0
7.2;1396.7;247.2;2.9;61.0;2048.0
9.6;1396.7;247.5;2.8;62.0;2048.0
8.4;1396.7;219.7;2.4;62.0;2048.0
9.7;1396.7;239.5;2.7;57.0;2048.0
11.2;1396.7;242.9;2.6;60.0;2048.0
14.2;1396.7;244.9;2.8;57.0;2048.0
8.4;1396.7;234.7;2.6;60.0;2048.0
8.3;1396.7;244.6;2.6;60.0;2054.0
8.3;1396.7;212.1;2.4;48.0;2054.0
7.2;1396.7;239.7;2.5;60.0;2054.0
8.3;1396.7;248.2;2.9;61.0;2054.0
8.3;1396.7;255.2;3.1;59.0;2054.0
9.7;1396.7;253.4;3.1;62.0;2054.0
9.5;1396.7;248.3;3.0;60.0;2054.0
8.3;1396.7;232.3;2.7;61.0;2048.0
