49.4;101.1;69.4;0.0
49.5;118.2;92.1;0.0
70.8;155.2;90.3;0.0
0.0;156.6;4.0;0.0
10.0;157.3;21.4;0.0
44.9;162.1;3.5;0.0
50.0;163.1;0.0;0.0
49.7;163.3;0.0;0.0
49.5;163.3;0.0;0.0
51.5;163.3;0.0;0.0
50.0;163.3;0.0;0.0
50.0;163.3;0.0;0.0
50.0;163.3;0.0;0.0
50.0;163.3;0.0;0.0
53.4;163.3;0.0;0.0
20.0;164.4;0.3;0.0
0.0;164.4;0.0;0.0
0.0;164.4;0.0;0.0
0.0;164.4;0.0;0.0
0.0;164.4;0.0;0.0
0.0;164.4;0.0;0.0
0.0;164.4;0.0;0.0
0.0;164.4;0.0;0.0
0.0;164.4;0.0;0.0
0.0;164.4;0.0;0.0
0.0;164.4;0.0;0.0
0.0;164.4;0.0;0.0
0.0;164.4;0.0;0.0
0.0;164.4;0.0;0.0
0.0;164.4;0.0;0.0
0.0;164.4;0.0;0.0
0.0;164.4;0.0;0.0
0.0;164.4;0.0;0.0
0.0;164.4;0.0;0.0
0.0;164.4;0.0;0.0
0.0;164.4;0.0;0.0
0.0;164.4;0.0;0.0
0.0;164.4;0.0;0.0
0.0;164.4;0.0;0.0
0.0;164.4;0.0;0.0
0.0;164.4;0.0;0.0
0.0;164.4;0.0;0.0
0.0;164.4;0.0;0.0
0.0;164.4;0.0;0.0
0.0;164.4;0.0;0.0
0.0;164.4;0.0;0.0
0.0;164.4;0.0;0.0
0.0;164.4;0.0;0.0
0.0;164.4;0.0;0.0
0.0;164.4;0.0;0.0
0.0;164.4;0.0;0.0
0.0;164.4;0.0;0.0
0.0;164.4;0.0;0.0
0.0;164.4;0.0;0.0
0.0;164.4;0.0;0.0
0.0;164.4;0.0;0.0
0.0;164.4;0.0;0.0
0.0;164.4;0.0;0.0
0.0;164.4;0.0;0.0
0.0;164.4;0.0;0.0
0.0;164.4;0.0;0.0
0.0;164.4;0.0;0.0
0.0;164.4;0.0;0.0
0.0;164.4;0.0;0.0
0.0;164.4;0.0;0.0
0.0;164.4;1.9;0.0
10.0;164.5;16.0;0.0
50.0;164.5;0.0;0.0
49.9;164.5;0.0;0.0
50.0;164.5;0.0;0.0
48.8;164.5;0.0;0.0
54.0;165.0;1.1;0.0
14.9;165.5;30.3;0.0
79.8;168.9;12.7;0.0
79.8;172.6;0.0;0.0
50.6;170.1;0.0;0.0
49.0;188.3;54.2;4.0
50.1;282.5;1723.7;392.0
45.7;187.4;0.0;0.0
