209.7;318689280;322
109.8;401264640;1024
89.9;498388992;957
129.8;550424576;1211
99.9;550424576;1515
129.8;550727680;1502
99.8;554921984;1493
99.9;554921984;1540
119.8;554921984;1481
99.9;557936640;1501
99.9;660566016;1013
99.9;762671104;1008
89.9;853504000;1076
99.9;853504000;1541
99.8;853635072;1530
109.8;853635072;1540
99.9;853635072;1545
99.8;853635072;1511
99.8;853635072;1539
99.8;853635072;1532
99.8;853635072;1509
99.8;883388416;642
109.8;883388416;8
99.8;883388416;0
109.8;883388416;1
119.8;884269056;3
149.7;886321152;1
99.8;886321152;0
99.9;886583296;2
99.8;886583296;0
99.8;886583296;0
99.8;895234048;2
99.9;895234048;0
99.9;895234048;0
99.9;895365120;2
99.8;895365120;0
119.8;895365120;2
99.8;895365120;0
99.8;895365120;0
99.8;895496192;2
99.8;895496192;0
99.8;895496192;0
109.8;895496192;2
99.8;895496192;1
99.8;895496192;0
99.9;895496192;0
99.9;895496192;2
99.8;895496192;0
109.8;893419520;2
99.8;893419520;0
109.8;893419520;0
119.8;894824448;1
99.9;919072768;2
99.8;987754496;0
89.9;1066921984;0
99.9;1141370880;0
109.8;1224208384;0
99.9;1308094464;0
99.8;1367076864;0
89.9;1455812608;0
89.9;1545203712;0
109.8;1627254784;0
99.9;1711403008;0
99.8;1731850240;0
99.8;1731850240;2
99.9;1731850240;0
99.9;1731850240;0
99.9;1731850240;0
99.8;1731850240;0
99.9;1731850240;0
99.9;1731850240;0
99.8;1731850240;0
99.8;1731850240;0
99.9;1731850240;2
99.8;1731850240;0
159.4;1728221184;5
99.8;1728221184;0
99.8;1728221184;0
99.8;1728221184;0
99.8;1728221184;0
99.8;1728221184;0
99.8;1728221184;0
99.8;1728221184;0
99.8;1728221184;0
99.9;1728221184;0
99.8;1728221184;0
99.9;1728221184;0
99.8;1728221184;0
99.8;1728221184;2
99.9;1728221184;0
99.8;1728221184;0
99.8;1728221184;0
99.8;1728221184;0
109.8;1728221184;0
99.8;1728221184;0
99.8;1728221184;0
99.8;1728221184;0
99.8;1728221184;0
99.8;1728221184;2
99.8;1728221184;0
99.8;1728221184;0
99.8;1728221184;0
99.8;1728221184;0
99.8;1728221184;0
99.8;1728221184;0
99.8;1728221184;0
99.9;1728221184;0
99.8;1728221184;0
99.8;1728221184;0
99.8;1728221184;0
99.8;1728221184;0
99.8;1728221184;0
99.9;1728221184;0
99.8;1728221184;0
99.8;1728221184;0
99.8;1728221184;0
99.8;1728221184;0
99.8;1728221184;0
99.8;1728221184;0
109.8;1728221184;0
99.8;1728221184;0
99.8;1728221184;0
99.9;1728221184;0
99.8;1728221184;0
99.8;1728221184;0
119.8;1728090112;5
99.8;1728090112;0
99.8;1728090112;0
109.8;1728090112;0
99.8;1728221184;1
99.8;1728221184;0
99.8;1728221184;0
99.8;1728221184;0
99.9;1728221184;0
99.9;1728221184;0
99.8;1728221184;0
99.8;1728221184;0
99.8;1728221184;0
99.8;1728221184;0
99.8;1728221184;0
99.8;1728221184;0
99.8;1728221184;0
99.8;1728221184;0
99.8;1728221184;0
99.8;1728221184;0
99.8;1728221184;0
99.8;1728221184;0
99.8;1728221184;0
99.8;1728221184;0
99.9;1728221184;0
99.9;1728221184;0
99.8;1728221184;0
99.8;1728221184;0
99.8;1728221184;0
109.8;1728221184;0
99.8;1728221184;0
99.8;1728221184;0
99.9;1728221184;0
99.9;1728221184;0
99.8;1728221184;0
99.9;1728221184;0
99.8;1728221184;0
99.8;1728221184;0
99.8;1728221184;0
99.8;1728221184;0
99.8;1728221184;0
99.8;1728221184;0
99.8;1728221184;0
119.8;1728221184;0
99.8;1728221184;0
99.9;1728221184;0
99.8;1728221184;0
99.8;1728221184;0
99.8;1728221184;0
99.8;1728221184;0
99.8;1728221184;0
119.8;1728745472;5
99.8;1728745472;0
99.8;1728745472;0
99.8;1728745472;0
99.8;1728745472;0
99.8;1728745472;0
99.9;1728745472;0
99.8;1728745472;0
99.8;1728745472;0
99.8;1728745472;0
99.8;1728745472;0
99.8;1728745472;0
99.8;1728745472;0
99.8;1728745472;0
99.8;1728745472;0
99.8;1728745472;0
99.8;1728745472;0
99.8;1728745472;0
99.8;1728745472;0
99.8;1728745472;0
99.8;1728745472;0
99.9;1728745472;0
99.8;1728745472;0
99.9;1728745472;0
99.8;1728745472;0
99.8;1728745472;0
99.8;1728745472;0
99.8;1728745472;0
99.8;1728745472;0
99.8;1728745472;0
99.9;1728745472;0
99.8;1728745472;0
99.8;1728745472;0
99.8;1728745472;2
99.8;1728745472;0
99.9;1728745472;0
99.8;1728745472;0
99.8;1728745472;0
99.8;1728745472;0
99.8;1728745472;0
99.8;1728745472;0
99.8;1728745472;0
99.9;1728745472;0
99.8;1728745472;0
99.9;1728745472;0
99.9;1728745472;0
99.9;1728745472;0
99.8;1728745472;0
99.9;1728745472;0
99.9;1728745472;0
119.8;1729269760;7
99.7;1729269760;1
99.8;1729269760;0
99.8;1729269760;0
99.9;1729269760;0
109.8;1729400832;1
99.8;1729400832;0
99.9;1729400832;0
99.8;1729400832;0
99.8;1729400832;0
99.8;1729400832;0
99.8;1729400832;0
99.8;1729400832;0
109.8;1729400832;0
99.8;1729400832;0
99.8;1729400832;0
99.9;1729400832;0
99.8;1729400832;0
99.8;1729400832;0
99.8;1729400832;0
109.8;1733595136;0
99.8;1733595136;0
109.8;1733595136;0
99.8;1733595136;0
99.9;1733595136;0
99.9;1733595136;0
99.8;1733595136;0
99.8;1733595136;0
99.9;1733595136;0
99.9;1733595136;0
99.8;1733595136;0
99.8;1733595136;0
99.8;1733595136;0
99.8;1733595136;0
99.9;1733595136;0
99.8;1733595136;0
99.8;1733595136;0
99.8;1733595136;0
99.9;1733595136;0
99.8;1733595136;0
99.9;1733595136;0
99.8;1733595136;0
99.8;1733595136;0
99.8;1733595136;0
99.8;1733595136;0
109.8;1733595136;0
99.8;1733595136;0
99.8;1733595136;0
99.8;1733595136;0
99.9;1733595136;0
99.8;1733595136;0
119.8;1733726208;4
99.9;1733726208;0
99.8;1733726208;0
99.8;1733726208;0
99.8;1733726208;0
99.8;1733726208;0
99.8;1733726208;0
99.8;1733726208;0
99.8;1733726208;0
99.8;1733726208;0
99.8;1733726208;0
99.8;1733726208;0
99.9;1733726208;0
99.9;1733726208;0
99.8;1733726208;0
99.8;1733726208;0
99.8;1733726208;0
99.8;1733726208;0
99.8;1733726208;0
99.8;1733726208;0
99.8;1733726208;0
99.8;1733726208;0
99.8;1733726208;0
