209.7;319295488;320
99.8;401346560;1017
109.8;498339840;958
119.8;551161856;1124
109.8;551161856;1459
119.8;551673856;1341
109.8;555868160;1467
99.9;555868160;1542
109.8;555999232;1496
99.8;555999232;1545
99.8;640802816;1078
99.9;743301120;1012
89.8;845668352;1011
99.9;948297728;1013
89.9;1043980288;1054
109.8;1043980288;1528
99.8;1043980288;1540
99.8;1043980288;1548
99.8;1043980288;1547
89.9;1043980288;1558
109.8;1043980288;1549
99.8;1043980288;1548
109.8;1073733632;282
99.8;1073733632;0
99.8;1073733632;1
99.8;1073733632;1
149.8;1074688000;4
99.8;1074688000;0
99.8;1074688000;0
99.8;1074688000;0
99.8;1074688000;0
119.8;1074950144;2
99.9;1074950144;0
99.8;1074950144;0
99.8;1074950144;0
109.8;1086615552;2
99.9;1086615552;0
109.8;1086615552;0
99.8;1086615552;0
99.8;1086615552;2
99.8;1086615552;0
99.8;1086615552;0
99.8;1086615552;0
99.8;1086615552;0
99.8;1086615552;1
99.9;1086615552;2
99.8;1086615552;0
99.8;1086615552;0
99.8;1084956672;0
99.9;1084956672;2
99.8;1084956672;0
99.8;1084956672;0
109.8;1087127552;1
99.8;1087127552;0
99.8;1087127552;0
109.8;1087258624;2
99.8;1087258624;0
99.9;1087258624;0
99.8;1087258624;0
99.9;1087258624;2
99.8;1087258624;0
99.9;1087258624;0
99.8;1087258624;0
99.9;1087258624;0
109.8;1087258624;2
99.8;1087258624;0
99.8;1087258624;0
99.8;1087258624;0
99.9;1114390528;2
89.9;1167474688;0
99.9;1257259008;0
99.9;1347960832;0
99.9;1425424384;0
99.9;1511538688;0
109.8;1601716224;0
237.9;1241612288;7
99.8;1241612288;0
99.8;1241612288;0
99.8;1241612288;0
99.8;1241743360;0
99.8;1266778112;0
99.8;1356431360;0
99.9;1434157056;0
99.8;1525907456;0
99.9;1578074112;0
99.9;1653047296;0
99.8;1741783040;0
109.8;1741783040;0
99.8;1741783040;0
99.8;1741783040;0
99.8;1741783040;0
99.8;1741783040;0
99.9;1741783040;0
99.8;1741783040;0
99.8;1741783040;0
99.8;1741783040;0
109.8;1741783040;0
99.8;1741783040;0
99.8;1741783040;0
99.8;1741783040;0
109.8;1741783040;2
99.8;1741783040;0
99.8;1741783040;0
99.8;1741783040;0
99.8;1741783040;0
99.8;1741783040;0
109.8;1741783040;0
99.8;1741783040;0
99.8;1741783040;0
99.8;1741783040;0
99.8;1741783040;0
99.8;1741783040;0
99.8;1741783040;0
99.8;1741783040;0
99.8;1741783040;0
99.8;1741783040;0
99.9;1741783040;0
99.8;1741783040;0
99.9;1741783040;0
99.8;1741783040;0
99.8;1741783040;0
99.8;1741783040;0
99.8;1741783040;0
99.8;1741783040;0
99.8;1741783040;0
99.8;1741783040;0
99.8;1741783040;0
118.4;1742045184;6
99.6;1742045184;0
109.8;1742045184;0
99.8;1742045184;0
99.8;1742045184;2
99.8;1742045184;0
99.8;1742045184;0
99.8;1742045184;0
99.8;1742045184;0
99.8;1742045184;0
99.8;1742045184;0
99.8;1742045184;0
99.8;1742045184;0
109.8;1742045184;0
99.9;1742045184;0
99.8;1742045184;0
99.9;1742045184;0
99.8;1742045184;0
99.9;1742045184;0
99.8;1742045184;0
99.8;1742045184;0
99.8;1742045184;0
99.8;1742045184;0
99.9;1742045184;0
99.8;1742045184;0
99.8;1742045184;0
109.8;1742045184;0
99.8;1742045184;0
99.8;1742045184;0
99.8;1742045184;0
99.8;1742045184;0
99.8;1742045184;0
99.9;1742045184;0
99.8;1742045184;0
99.8;1742045184;0
99.8;1742045184;0
99.8;1742045184;0
99.8;1742045184;0
99.9;1742045184;0
99.8;1742045184;0
99.8;1742045184;0
99.8;1742045184;0
99.9;1742045184;0
99.8;1742045184;2
99.9;1742045184;0
99.8;1742045184;0
99.8;1742045184;0
99.8;1742045184;0
109.8;1742045184;0
99.8;1742045184;0
99.8;1742045184;0
119.8;1742045184;5
99.8;1742045184;0
99.8;1742045184;0
99.9;1742045184;0
99.8;1742045184;0
99.8;1742045184;0
99.8;1742045184;0
99.8;1742045184;0
99.8;1742045184;0
99.8;1742045184;0
99.8;1742045184;0
99.8;1742045184;0
99.8;1742045184;0
99.8;1742045184;0
99.8;1742045184;0
99.9;1742045184;0
99.8;1742045184;0
99.8;1742045184;0
99.8;1742045184;0
99.8;1742045184;0
99.8;1742045184;0
99.9;1742045184;0
109.8;1742045184;0
99.8;1742045184;0
99.8;1742045184;0
99.8;1742045184;0
99.8;1742045184;0
99.8;1742045184;0
99.8;1742045184;0
99.8;1742045184;0
99.8;1742045184;0
99.8;1742045184;0
99.8;1742045184;0
99.9;1742045184;0
99.8;1742045184;0
99.8;1742045184;0
99.8;1742045184;0
99.8;1742045184;0
99.8;1742045184;0
99.8;1742045184;0
99.8;1742045184;0
99.9;1742045184;0
99.8;1742045184;0
99.9;1742045184;0
99.9;1742045184;0
99.9;1742045184;0
99.8;1742045184;0
99.8;1742045184;0
99.8;1742045184;0
99.8;1742045184;0
119.0;1742569472;7
99.8;1742569472;0
99.8;1742569472;0
99.8;1742569472;0
99.9;1742569472;0
109.8;1742569472;1
99.9;1742569472;0
99.8;1742569472;0
99.9;1742569472;0
99.8;1742569472;0
99.8;1742569472;0
99.8;1742569472;0
99.8;1742569472;0
109.8;1742569472;0
99.8;1742569472;0
99.8;1742569472;0
99.8;1742569472;0
99.8;1742569472;0
99.9;1742569472;0
99.8;1742569472;0
99.9;1746763776;0
99.8;1746763776;0
99.8;1746763776;0
99.8;1746763776;0
99.9;1746763776;0
99.9;1746763776;0
99.8;1746763776;0
99.8;1746763776;0
99.8;1746763776;0
99.8;1746763776;0
99.9;1746763776;0
99.8;1746763776;0
99.8;1746763776;0
99.8;1746763776;0
99.8;1746763776;0
99.9;1746763776;0
99.8;1746763776;0
99.8;1746763776;0
99.8;1746763776;0
99.8;1746763776;0
109.8;1746763776;0
99.9;1746763776;0
99.8;1746763776;0
99.8;1746763776;0
99.9;1746763776;0
109.8;1746763776;0
99.8;1746763776;0
99.8;1746763776;0
99.9;1746763776;0
99.8;1746763776;0
99.8;1746763776;0
119.8;1747025920;4
99.9;1747025920;0
99.9;1747025920;0
99.9;1747025920;0
99.8;1747025920;0
99.8;1747025920;0
99.8;1747025920;0
99.8;1747025920;0
99.9;1747025920;0
99.8;1747025920;0
99.8;1747025920;0
99.8;1747025920;0
99.8;1747025920;0
99.8;1747025920;0
99.8;1747025920;0
99.8;1747025920;0
99.8;1747025920;0
99.8;1747025920;0
99.8;1747025920;0
99.8;1747025920;0
99.8;1747025920;0
