0.0;10510336;0
0.0;10510336;0
0.0;10510336;0
0.0;10510336;0
0.0;10510336;0
49.9;14663680;0
100.3;14696448;0
142.0;19087360;0
199.5;19161088;0
216.1;23252992;0
186.4;19288064;0
133.0;19353600;0
201.6;19386368;0
213.1;23535616;0
199.5;23453696;0
199.5;23457792;0
200.7;23494656;0
213.1;31547392;0
201.6;31576064;0
182.8;27566080;0
157.7;31748096;0
199.5;31752192;0
201.6;31752192;0
199.5;31879168;0
200.7;31838208;0
199.5;31870976;0
149.6;27901952;0
216.1;32030720;0
186.4;32026624;0
199.5;32043008;0
199.5;32006144;0
215.0;32083968;0
198.9;32161792;0
199.5;32165888;0
199.5;32198656;0
151.2;26316800;0
198.9;32342016;0
200.7;32342016;0
199.5;32342016;0
149.6;32321536;0
199.5;32321536;0
200.7;32378880;0
199.5;32391168;0
199.5;32391168;0
201.6;32481280;0
198.9;32530432;0
199.5;32530432;0
182.8;28684288;277
151.2;32579584;0
198.9;32686080;0
201.6;32686080;0
199.5;32710656;0
199.5;32747520;0
198.9;32747520;0
201.6;32747520;0
199.5;32796672;0
116.4;24616960;0
200.7;32751616;0
198.9;32751616;0
199.5;32780288;0
199.5;32800768;0
201.6;32800768;0
156.2;28618752;0
218.4;26247168;0
216.1;32706560;0
199.5;32706560;0
199.5;32706560;0
200.7;32706560;0
200.7;32735232;0
213.1;32649216;0
168.0;32636928;0
199.5;32645120;0
199.5;32645120;0
198.9;32645120;0
186.4;28622848;0
186.4;32702464;0
199.5;32702464;0
201.6;28680192;0
199.5;32739328;0
199.5;32739328;0
198.9;32739328;0
201.6;32739328;0
199.5;28880896;0
199.5;32727040;0
200.7;32731136;0
199.5;28704768;0
133.0;32624640;0
182.8;28614656;0
168.0;27316224;0
198.9;32718848;0
200.7;32718848;0
200.7;32718848;0
199.5;32718848;0
182.8;28573696;0
157.7;32706560;0
200.7;32706560;0
170.5;32718848;0
201.6;32722944;0
199.5;32722944;0
182.8;32866304;0
198.9;32866304;0
200.7;32866304;0
200.7;32866304;0
184.7;32866304;0
134.4;24813568;0
232.7;32821248;0
199.5;32821248;0
199.5;32825344;0
172.0;32825344;0
200.7;32825344;0
156.2;28332032;0
186.4;28803072;0
133.0;32804864;0
182.8;32808960;0
199.5;32808960;0
200.7;32808960;0
200.7;32808960;0
170.5;28786688;0
157.7;32817152;0
199.5;32817152;0
182.8;32874496;0
199.5;32874496;0
182.8;32874496;0
186.4;28852224;0
184.7;32980992;0
200.7;32681984;0
200.7;32903168;0
199.5;32911360;0
199.5;32919552;0
199.5;32935936;0
201.6;33001472;0
166.2;28852224;0
157.7;32698368;0
200.7;32698368;0
198.9;32698368;0
200.7;32698368;0
182.8;28676096;0
168.0;32862208;0
199.5;32862208;0
199.5;32862208;0
218.4;32878592;0
199.5;32878592;0
199.5;32890880;0
113.6;28864512;0
199.5;32903168;0
200.7;32907264;0
198.9;32907264;0
172.0;32776192;0
199.5;32800768;0
199.5;28778496;0
149.6;32776192;0
199.5;32784384;0
200.7;32841728;0
182.8;28823552;0
182.8;32849920;0
201.6;32849920;0
199.5;32854016;0
199.5;32866304;0
198.9;32866304;0
200.7;28581888;0
229.4;32804864;0
213.1;25260032;0
200.7;32768000;0
200.7;32768000;0
198.9;32772096;0
215.0;32776192;0
198.9;32780288;0
200.7;32784384;0
200.7;32796672;0
184.7;28815360;0
151.2;32849920;0
199.5;32858112;0
133.0;28835840;0
216.1;32653312;0
199.5;32714752;0
201.6;32714752;0
199.5;32735232;0
133.0;28864512;0
168.0;32710656;0
199.5;32718848;0
199.5;32718848;0
199.5;32718848;0
199.5;32718848;0
201.6;32718848;0
156.2;28520448;0
186.4;32743424;0
200.7;32747520;0
198.9;32747520;0
199.5;32751616;0
199.5;32751616;0
151.2;26923008;0
172.0;32694272;0
198.9;32702464;0
200.7;32702464;0
200.7;32739328;0
142.0;28712960;0
172.0;32698368;0
198.9;32698368;0
172.0;28672000;0
200.7;32718848;0
184.7;32759808;0
200.7;32763904;0
215.0;32780288;0
198.9;32784384;0
200.7;32784384;0
184.7;32800768;0
200.7;32800768;0
157.7;28827648;0
170.5;32858112;0
200.7;32858112;0
200.7;32858112;0
198.9;32866304;0
200.7;32866304;0
198.9;32866304;0
186.4;25571328;0
201.6;32931840;0
166.2;32796672;0
199.5;32796672;0
201.6;32796672;0
199.5;32796672;0
199.5;32796672;0
216.1;32964608;0
199.5;32972800;0
201.6;32972800;0
199.5;32972800;0
198.9;32972800;0
143.3;28979200;0
215.0;33009664;0
142.0;25432064;0
199.5;33021952;0
199.5;33021952;0
199.5;28999680;0
151.2;32972800;0
199.5;32972800;0
199.5;32972800;0
201.6;32972800;0
232.7;32866304;0
199.5;32866304;0
199.5;32866304;0
199.5;32866304;0
100.8;25038848;0
215.0;32956416;0
198.9;32956416;0
200.7;32956416;0
201.6;32956416;0
182.8;28618752;0
166.2;32780288;0
182.8;28766208;0
182.8;32829440;0
201.6;32837632;0
199.5;32849920;0
199.5;32866304;0
200.7;32874496;0
172.0;24453120;0
142.0;32894976;0
200.7;32899072;0
198.9;32899072;0
199.5;32899072;0
168.0;28872704;0
166.2;32899072;0
199.5;32899072;0
184.8;28876800;0
232.7;32899072;0
199.5;32907264;0
182.8;32907264;0
170.5;32903168;0
200.7;32903168;0
186.4;32915456;0
199.5;32915456;0
199.5;32919552;0
201.6;32919552;0
199.5;32919552;0
149.6;28897280;0
216.1;32911360;0
198.9;26775552;0
166.2;32862208;0
201.6;32890880;0
182.8;32907264;0
182.8;32944128;0
151.2;28712960;0
186.4;32776192;0
198.9;32776192;0
200.7;32776192;0
199.5;32776192;0
199.5;32907264;0
151.2;28889088;0
199.5;33132544;0
199.5;33075200;0
172.0;33042432;0
200.7;33054720;0
198.9;33071104;0
199.5;33071104;0
199.5;33087488;0
199.5;29061120;0
218.4;33054720;0
199.5;33054720;0
198.9;33054720;0
200.7;33054720;0
201.6;33054720;0
166.2;33157120;0
