0.0;10498048;0
0.0;10498048;0
0.0;10498048;0
0.0;10498048;0
0.0;10498048;0
28.4;12636160;0
99.7;12656640;0
49.9;12730368;0
100.8;12763136;0
56.8;12886016;0
100.8;12886016;0
66.5;12955648;0
100.3;12955648;0
49.9;13053952;0
100.8;13082624;0
49.9;13205504;0
100.3;13205504;0
66.5;13230080;0
99.7;13230080;0
66.5;13225984;0
100.3;13234176;0
66.5;13373440;0
99.7;11354112;0
67.2;13438976;0
85.2;11419648;0
71.7;13443072;0
99.7;11419648;0
84.0;13504512;0
99.4;11554816;166
100.8;13639680;7
83.1;11444224;0
99.7;13594624;0
71.0;11399168;0
100.8;13598720;0
66.5;11575296;0
99.7;13516800;0
57.3;13459456;0
99.4;13570048;0
49.9;11411456;0
182.8;43847680;0
200.7;76296192;0
241.5;100528128;0
235.2;105537536;476
232.7;108576768;264
116.4;109494272;0
198.9;108576768;0
215.0;110604288;0
249.3;108584960;0
149.6;108589056;0
200.7;108589056;0
142.0;108589056;0
199.5;108589056;0
133.0;108584960;0
201.6;108584960;0
212.5;108584960;0
198.9;108584960;0
243.7;110657536;0
266.0;108638208;0
199.5;108638208;0
198.9;108638208;0
258.0;108638208;0
200.7;108638208;0
282.6;110661632;0
218.4;108638208;0
249.3;108638208;0
166.2;106614784;0
199.5;108638208;0
215.0;110661632;0
243.7;108638208;0
199.5;108634112;0
201.6;108634112;0
216.1;110657536;0
232.7;108638208;0
213.1;110657536;0
249.3;108634112;0
252.0;110657536;0
269.9;108638208;0
243.7;118575104;0
319.2;153505792;0
298.3;182812672;0
382.3;203137024;0
349.1;204099584;0
216.1;202117120;0
358.4;204193792;0
362.5;204193792;0
299.2;204230656;0
387.0;203034624;0
401.4;204316672;0
400.0;206323712;0
282.6;202297344;0
332.4;204316672;0
382.3;204316672;0
352.8;204300288;0
358.4;204316672;0
340.9;204316672;0
299.2;202293248;0
358.4;202297344;0
299.2;202297344;0
401.4;204320768;0
298.3;202301440;0
302.4;202301440;0
329.7;204320768;0
299.2;202301440;0
299.2;202825728;0
302.4;202825728;0
326.7;202829824;0
301.0;202829824;0
299.2;202829824;0
268.8;200806400;0
266.0;202825728;0
299.2;202825728;0
285.6;202829824;0
299.2;202829824;0
349.1;202825728;0
298.3;200806400;0
329.7;228188160;0
401.4;263458816;0
387.0;296779776;0
349.1;299216896;0
398.9;295194624;0
387.5;295260160;0
400.0;295260160;0
401.4;295264256;0
369.6;293240832;0
383.5;295260160;0
344.0;297263104;0
398.9;295264256;0
397.7;295288832;0
401.4;295288832;0
369.6;295288832;0
398.9;293265408;0
365.7;295284736;0
401.4;295284736;0
387.0;295288832;0
397.7;299311104;0
398.9;295284736;0
398.9;295284736;0
397.7;295284736;0
403.2;295284736;0
398.9;295284736;0
369.3;295284736;0
401.4;295284736;0
387.0;295288832;0
397.7;295288832;0
387.5;295284736;0
286.7;297291776;0
369.3;295284736;0
387.5;295284736;0
401.4;295284736;0
387.0;295284736;0
382.3;293265408;0
315.8;301006848;0
400.0;328200192;0
375.0;353734656;0
340.9;378826752;0
401.4;387203072;0
400.0;390369280;0
401.4;392429568;0
400.0;388403200;0
400.0;388452352;0
401.4;386433024;0
400.0;388456448;0
401.4;392482816;0
400.0;388452352;0
401.4;390471680;0
401.4;388452352;0
398.9;388452352;0
401.4;392482816;0
400.0;388456448;0
400.0;388456448;0
397.7;388456448;0
369.3;390479872;0
398.9;392478720;0
400.0;388452352;0
401.4;388456448;0
401.4;388456448;0
401.4;388456448;0
400.0;392511488;0
400.0;388485120;0
400.0;390504448;0
401.4;388485120;0
400.0;388489216;0
401.4;392515584;0
401.4;390508544;0
365.7;396193792;0
397.7;410599424;0
362.5;440856576;0
400.0;465326080;0
400.0;484392960;0
379.5;483545088;0
387.5;485609472;0
400.0;483586048;0
401.4;487596032;0
350.0;485625856;0
387.5;485625856;0
401.8;489639936;0
387.9;489639936;0
400.0;485625856;0
400.0;489639936;0
400.0;487620608;0
400.0;485601280;0
398.9;489644032;0
375.0;489644032;0
400.0;489644032;0
401.4;485601280;0
400.0;489639936;0
400.0;489639936;0
400.0;489639936;0
398.9;485601280;0
401.8;489644032;0
387.5;489644032;0
401.4;489644032;0
387.0;487624704;0
400.0;489644032;0
387.0;489635840;0
376.8;489639936;0
401.8;487632896;0
400.0;489644032;0
400.0;489648128;0
387.5;487624704;0
400.0;491331584;0
397.7;489308160;0
397.7;489308160;0
369.3;489308160;0
400.0;505360384;0
387.5;526782464;0
398.9;544034816;0
387.9;563531776;0
310.5;581521408;0
400.6;581672960;0
357.1;581672960;0
387.9;579653632;0
400.0;579653632;0
379.5;582782976;0
387.9;582782976;0
350.6;582782976;0
387.9;580763648;0
387.5;582778880;0
400.0;582787072;0
400.6;582787072;0
387.0;578744320;0
387.9;582778880;0
387.9;582782976;0
401.8;582782976;0
350.0;580763648;0
401.8;580780032;0
398.9;582787072;0
380.6;582787072;0
400.0;580759552;0
400.0;582782976;0
400.0;582742016;0
376.8;582758400;0
401.8;578719744;0
398.9;580739072;0
387.5;580739072;0
387.5;580739072;0
400.0;582758400;0
362.5;582758400;0
357.1;582758400;0
376.8;580739072;0
387.5;582758400;0
350.0;580771840;0
398.9;582795264;0
387.5;582799360;0
400.0;582463488;0
337.5;582463488;0
375.0;582463488;0
401.8;584478720;0
398.9;597065728;0
398.9;624627712;0
390.6;644583424;0
387.9;665550848;0
379.5;675471360;0
400.6;675471360;0
400.6;675471360;0
398.9;673447936;0
398.9;673443840;0
401.8;673443840;0
398.1;673443840;0
400.0;673443840;0
398.9;675467264;0
400.6;675467264;0
401.8;673447936;0
400.0;673443840;0
398.9;675463168;0
378.2;675463168;0
398.9;673443840;0
387.9;675463168;0
390.6;675471360;0
398.9;673447936;0
390.6;673447936;0
376.8;673443840;0
401.8;675463168;0
398.9;675463168;0
400.0;675467264;0
400.6;675467264;0
387.9;675467264;0
400.0;675467264;0
387.9;673447936;0
381.5;675491840;0
