0.0;10506240;0
0.0;10506240;0
0.0;10506240;0
66.5;12648448;0
100.3;12689408;0
86.0;12730368;0
99.7;10747904;0
84.0;12828672;0
85.2;10817536;0
83.1;12898304;0
83.1;10874880;0
71.7;13049856;0
83.1;11055104;0
84.0;13217792;0
66.5;11194368;0
86.0;13283328;0
66.5;11259904;0
100.8;13348864;0
49.9;11325440;0
100.3;13348864;0
57.3;11325440;0
99.4;13410304;0
66.5;13475840;0
99.7;13475840;0
57.3;13611008;0
99.4;13611008;0
86.0;13611008;173
99.7;13611008;0
49.9;13561856;0
85.2;13561856;0
71.7;13778944;0
99.7;13778944;0
66.5;13737984;0
100.3;13737984;0
56.8;13598720;0
99.7;13627392;0
16.6;18735104;0
201.6;54976512;0
213.1;84643840;0
266.0;106864640;0
272.4;108388352;651
199.5;108351488;89
182.8;108429312;0
166.2;106409984;0
143.3;108433408;0
198.9;108433408;0
252.0;110456832;0
199.5;108433408;0
216.1;108437504;0
198.9;108437504;0
286.7;110456832;0
216.1;108433408;0
199.5;108453888;0
100.8;106434560;0
184.7;108453888;0
100.3;106434560;0
199.5;108457984;0
184.8;108457984;0
255.7;108453888;0
129.0;107532288;0
186.4;106434560;0
99.7;108453888;0
199.5;108453888;0
216.1;110477312;0
235.2;108457984;0
227.3;110481408;0
200.7;108457984;0
243.7;110481408;0
199.5;106434560;0
166.2;108453888;0
198.9;108453888;0
243.7;108453888;0
199.5;108453888;0
266.0;108457984;0
201.6;108457984;0
241.5;123211776;0
258.0;162095104;0
269.9;195215360;0
302.4;198545408;0
266.0;201736192;0
232.7;199716864;0
272.4;201797632;0
298.3;201797632;0
315.4;201822208;0
199.5;199802880;0
302.4;201822208;0
216.1;199802880;0
299.2;201826304;0
215.0;201846784;0
282.6;199827456;0
229.4;201850880;0
298.3;201850880;0
301.0;201850880;0
266.0;199827456;0
216.1;201850880;0
302.4;201850880;0
312.5;201850880;0
272.4;199827456;0
241.5;201850880;0
252.0;199827456;0
249.3;201850880;0
249.3;199827456;0
268.8;201850880;0
269.9;199827456;0
272.4;201850880;0
213.1;199827456;0
285.6;201850880;0
299.2;201850880;0
315.8;201850880;0
201.6;199827456;0
299.2;199827456;0
216.1;201846784;0
299.2;201846784;0
199.5;199827456;0
372.7;236998656;0
365.7;271831040;0
397.7;290885632;0
365.7;294817792;0
369.6;292794368;0
326.7;294940672;0
365.7;292917248;0
358.4;294936576;0
365.7;292917248;0
386.4;294936576;0
332.4;292917248;0
397.7;294936576;0
344.0;294940672;0
365.7;294940672;0
350.0;294936576;0
365.7;292917248;0
325.0;294936576;0
358.4;292917248;0
362.5;294940672;0
337.5;294936576;0
365.7;292917248;0
355.1;294940672;0
400.0;294940672;0
398.9;294940672;0
344.0;296939520;0
387.0;294936576;0
362.5;294940672;0
369.3;292917248;0
337.5;294940672;0
332.4;292917248;0
387.0;294940672;0
301.0;292917248;0
325.0;294940672;0
358.4;296964096;0
382.3;292917248;0
284.1;300650496;0
326.7;322011136;0
387.5;352632832;0
383.5;378912768;0
398.9;386781184;0
372.7;387981312;0
400.0;387981312;0
383.5;388034560;0
387.5;392056832;0
400.0;388034560;0
383.5;388038656;0
365.7;386015232;0
372.7;388038656;0
340.9;390037504;0
383.5;388038656;0
355.1;390057984;0
383.5;390057984;0
369.3;388038656;0
387.5;390037504;0
401.4;388034560;0
375.0;388034560;0
315.4;388034560;0
287.5;388038656;0
344.0;390037504;0
349.1;388038656;0
387.5;388034560;0
340.9;388034560;0
387.5;390074368;0
350.0;392077312;0
397.7;388055040;0
325.0;388075520;0
365.7;388075520;0
340.9;388075520;0
369.3;386052096;0
383.5;401354752;0
379.5;441909248;0
387.5;458289152;0
387.5;480583680;0
387.9;485060608;0
354.6;481030144;0
379.5;483110912;0
383.5;483090432;0
350.0;481083392;0
369.3;485109760;0
350.0;485105664;0
362.5;481087488;0
390.6;483110912;0
387.5;482963456;0
350.0;481087488;0
383.5;485117952;0
362.5;481087488;0
400.0;483106816;0
400.0;485150720;0
387.5;483147776;0
379.5;481132544;0
400.0;485163008;0
400.0;483155968;0
400.0;483151872;0
397.7;485158912;0
400.0;483135488;0
400.0;483135488;0
400.0;485130240;0
400.0;483139584;0
397.7;487145472;0
387.5;483139584;0
401.4;487145472;0
400.0;492883968;0
401.4;494575616;0
400.0;530673664;0
390.6;546344960;0
398.9;558952448;0
387.5;580878336;0
387.5;582066176;0
401.8;578052096;0
387.5;578084864;0
358.4;580120576;0
400.0;580120576;0
300.0;580120576;0
387.9;582139904;0
398.9;582139904;0
362.5;582144000;0
375.0;580161536;0
401.8;582184960;0
400.0;580157440;0
401.4;582180864;0
400.0;580161536;0
379.5;580157440;0
400.0;582180864;0
387.9;580161536;0
401.8;582180864;0
400.0;582180864;0
401.4;580169728;0
400.0;582176768;0
398.9;582176768;0
369.3;580161536;0
378.2;582184960;0
390.6;582184960;0
387.5;580153344;0
387.5;583872512;0
387.9;581271552;0
387.9;622198784;0
365.7;642928640;0
401.4;657969152;0
400.0;672215040;0
401.8;673259520;0
398.9;675315712;0
400.0;671318016;0
398.9;675356672;0
400.6;675364864;0
398.9;675360768;0
388.1;675393536;0
400.0;671350784;0
380.6;675389440;0
350.6;673370112;0
398.9;673366016;0
400.6;675393536;0
399.7;675393536;0
400.6;675385344;0
380.6;673370112;0
387.5;673374208;0
378.2;675397632;0
401.8;671350784;0
376.8;673370112;0
398.9;675393536;0
387.9;675397632;0
365.7;673374208;0
387.9;673370112;0
390.6;679120896;0
401.8;688418816;0
401.8;716808192;0
398.9;734912512;0
401.8;754049024;0
365.7;767516672;0
400.6;768540672;0
401.8;766521344;0
398.9;765513728;0
381.5;766541824;0
400.6;768589824;0
400.6;766590976;0
390.6;768593920;0
400.6;768585728;0
399.7;768598016;0
400.6;768598016;0
370.6;766578688;0
398.9;766574592;0
400.0;766586880;0
400.6;768598016;0
400.0;766578688;0
358.3;768593920;0
388.1;768602112;0
398.9;766615552;0
