0.0;10498048;0
0.0;10498048;0
0.0;10498048;0
0.0;10498048;0
0.0;10498048;0
66.5;12668928;0
99.4;12705792;0
67.2;12742656;0
99.7;10756096;0
57.3;12812288;0
86.0;10821632;0
66.5;12894208;0
83.1;10874880;0
71.7;13029376;0
83.1;11005952;0
83.1;13062144;0
67.2;11104256;0
85.2;13189120;0
66.5;11165696;0
99.7;13271040;0
57.3;11927552;0
99.4;13303808;0
67.2;13824000;0
99.7;13443072;0
71.7;13344768;0
99.7;13344768;0
50.4;13508608;0
99.7;13508608;0
86.0;13598720;173
100.3;13598720;0
49.9;13578240;0
99.7;13578240;0
71.7;13508608;0
100.3;13565952;0
49.9;13680640;0
100.8;13680640;0
66.5;13680640;0
86.0;11440128;0
200.7;59514880;0
243.7;89645056;0
249.3;107470848;21
302.4;108765184;647
182.8;106713088;72
157.7;108793856;0
198.9;108793856;0
268.8;110829568;0
166.2;106786816;0
166.2;108806144;0
200.7;108806144;0
184.7;108810240;0
199.5;108810240;0
182.8;108806144;0
134.4;106786816;0
184.7;108810240;0
201.6;106786816;0
199.5;108806144;0
99.7;106786816;0
198.9;108810240;0
215.0;110854144;0
266.0;108834816;0
216.1;110858240;0
229.4;108838912;0
156.2;108834816;0
199.5;108834816;0
199.5;110854144;0
229.4;108834816;0
227.3;110882816;0
268.8;108863488;0
216.1;108863488;0
199.5;108863488;0
249.3;110891008;0
200.7;108867584;0
243.7;108863488;0
182.8;106844160;0
168.0;108867584;0
149.6;106844160;0
157.7;114663424;0
298.3;152342528;0
344.0;184270848;0
344.0;200867840;0
312.5;202055680;0
301.0;202055680;0
266.0;202153984;0
299.2;202153984;0
258.0;202153984;0
227.3;200130560;0
285.6;202153984;0
299.2;202153984;0
315.8;202153984;0
218.4;202149888;0
299.2;202149888;0
216.1;202153984;0
266.0;200130560;0
232.7;202153984;0
285.6;202153984;0
344.0;204177408;0
249.3;200130560;0
252.0;202182656;0
299.2;202182656;0
315.8;202178560;0
216.1;200159232;0
299.2;202182656;0
302.4;202182656;0
315.8;202178560;0
266.0;206209024;0
352.8;202182656;0
232.7;202178560;0
301.0;202178560;0
326.7;204197888;0
258.0;200159232;0
229.4;202203136;0
241.5;200179712;0
252.0;202199040;0
299.2;202199040;0
298.3;212594688;0
387.0;249901056;0
340.9;270716928;0
372.7;284905472;0
358.4;293773312;0
369.3;291753984;0
375.0;292950016;0
323.7;294969344;0
355.1;292950016;0
329.7;294973440;0
401.4;294973440;0
387.0;296992768;0
326.7;292950016;0
387.0;294969344;0
340.9;292950016;0
372.7;292950016;0
315.4;296972288;0
397.7;294973440;0
372.7;294969344;0
352.8;292950016;0
332.4;294973440;0
397.7;294973440;0
387.0;295002112;0
355.1;295002112;0
387.5;297025536;0
350.0;295006208;0
340.9;292982784;0
350.0;295002112;0
336.0;292982784;0
365.7;295002112;0
282.6;292982784;0
369.6;295006208;0
299.2;292982784;0
398.9;292982784;0
299.2;292982784;0
398.9;295006208;0
362.5;299200512;0
369.3;309391360;0
401.4;346308608;0
401.4;374755328;0
403.2;386875392;0
401.4;386875392;0
400.0;390053888;0
386.4;390098944;0
365.7;386072576;0
397.7;388091904;0
400.0;392114176;0
400.0;388091904;0
387.5;388091904;0
401.4;386072576;0
358.4;388096000;0
358.4;392138752;0
365.7;390139904;0
387.0;388116480;0
400.0;388116480;0
383.5;388136960;0
383.5;392159232;0
400.0;388136960;0
383.5;388136960;0
397.7;388136960;0
387.0;388141056;0
387.5;390139904;0
401.4;386117632;0
387.0;388141056;0
401.4;386117632;0
383.5;388136960;0
397.7;386117632;0
401.4;388161536;0
398.9;390168576;0
397.7;388161536;0
369.3;391155712;0
400.0;404254720;0
401.4;435052544;0
387.5;458256384;0
387.5;480194560;0
362.5;485347328;0
387.5;481320960;0
387.5;485404672;0
387.5;481378304;0
398.9;483401728;0
400.0;485408768;0
400.0;481382400;0
400.0;483405824;0
387.9;485412864;0
387.5;483393536;0
375.0;483446784;0
398.9;485490688;0
400.0;485490688;0
387.5;483467264;0
398.9;485486592;0
401.8;483467264;0
383.5;487493632;0
387.9;485486592;0
400.0;483475456;0
387.5;487505920;0
387.9;485502976;0
387.5;483483648;0
387.5;489521152;0
387.9;485515264;0
400.0;485507072;0
387.5;485511168;0
400.0;479461376;0
358.4;487235584;0
387.5;517201920;0
400.0;538304512;0
387.5;561573888;0
372.7;580079616;0
398.9;576077824;0
387.5;578142208;0
387.0;580136960;0
401.4;580136960;0
390.6;578174976;0
387.0;580165632;0
387.5;576147456;0
362.5;580161536;0
387.5;578142208;0
400.0;582184960;0
400.0;580202496;0
397.7;582225920;0
400.0;582225920;0
362.5;580202496;0
387.5;579776512;0
400.0;580202496;0
400.0;580202496;0
400.0;582217728;0
398.9;582225920;0
398.9;582225920;0
400.0;580202496;0
400.0;582213632;0
398.9;582221824;0
387.5;580198400;0
375.0;582217728;0
387.9;582225920;0
401.8;582225920;0
398.9;580202496;0
350.0;582213632;0
398.1;583909376;0
401.8;581857280;0
400.0;579874816;0
387.5;583892992;0
398.9;602177536;0
390.6;625061888;0
400.0;642625536;0
400.0;663797760;0
387.9;674443264;0
401.8;674435072;0
400.6;675553280;0
398.9;673546240;0
379.5;675553280;0
387.9;675545088;0
401.8;675549184;0
401.8;671510528;0
398.9;675549184;0
401.8;673533952;0
398.9;671510528;0
365.7;675545088;0
398.9;675549184;0
387.5;671510528;0
400.0;673529856;0
365.7;675549184;0
398.9;673529856;0
398.9;673529856;0
400.0;673529856;0
390.6;675590144;0
387.5;671551488;0
398.9;673574912;0
398.9;673574912;0
400.6;673574912;0
400.0;673574912;0
400.6;675598336;0
376.8;675590144;0
387.5;677285888;0
398.9;677281792;0
390.6;679301120;0
387.9;700547072;0
360.6;728223744;0
401.8;749031424;0
401.8;766902272;0
398.9;767463424;0
400.6;768786432;0
400.6;768847872;0
400.6;764809216;0
387.9;766832640;0
390.6;766861312;0
387.9;766857216;0
390.6;768876544;0
