0.0;10506240;0
0.0;10506240;0
0.0;10506240;0
0.0;10506240;0
0.0;10506240;0
49.9;18653184;0
99.7;18718720;0
157.7;26972160;0
199.5;27033600;0
252.0;35049472;0
198.9;35082240;0
232.7;51261440;0
199.5;51216384;0
200.7;51208192;0
198.9;51216384;0
201.6;51257344;0
199.5;51257344;0
200.7;51490816;0
166.2;40820736;0
201.6;51544064;0
199.5;51544064;0
200.7;51712000;0
200.7;51712000;0
198.9;51712000;0
199.5;51712000;0
199.5;51712000;0
200.7;51777536;0
198.9;51798016;0
201.6;51830784;0
199.5;51863552;0
200.7;51924992;0
198.9;51957760;0
201.6;51978240;0
166.2;29081600;0
216.1;52076544;0
200.7;52080640;0
199.5;52080640;0
199.5;52080640;0
199.5;52129792;0
200.7;52129792;0
198.9;52146176;0
201.6;52203520;0
199.5;52224000;0
199.5;52236288;0
198.9;52301824;0
200.7;52355072;0
166.2;44322816;0
199.5;52465664;0
200.7;52465664;0
170.5;44429312;0
182.8;52457472;0
199.5;52441088;0
201.6;52494336;0
198.9;52498432;0
201.6;52539392;0
199.5;52547584;0
199.5;52596736;0
198.9;52600832;0
200.7;52625408;0
199.5;52690944;0
199.5;52744192;0
200.7;52744192;0
198.9;52801536;0
116.4;40640512;0
216.1;52805632;0
201.6;52883456;0
198.9;52785152;0
199.5;52879360;0
200.7;52953088;0
199.5;52953088;0
182.8;52953088;0
199.5;53018624;0
200.7;53018624;0
198.9;53088256;0
201.6;53088256;0
199.5;53088256;0
199.5;53088256;0
199.5;53157888;0
200.7;53227520;0
200.7;38010880;0
227.3;53223424;0
186.4;42995712;0
201.6;53420032;0
199.5;53420032;0
172.0;53493760;0
198.9;53493760;0
200.7;53493760;0
200.7;53493760;0
198.9;53563392;0
201.6;53563392;0
199.5;53563392;0
199.5;53563392;0
199.5;53563392;0
200.7;53760000;0
229.4;39297024;361
241.5;41803776;150
243.7;53698560;0
199.5;53698560;0
199.5;53698560;0
199.5;53706752;0
199.5;53706752;0
201.6;53706752;0
198.9;53706752;0
200.7;53706752;0
199.5;53768192;0
199.5;53768192;0
182.8;45772800;0
199.5;53891072;0
186.4;45916160;0
255.7;53809152;0
200.7;53809152;0
199.5;53870592;0
199.5;53870592;0
199.5;53870592;0
199.5;53878784;0
201.6;53878784;0
199.5;53878784;0
200.7;53882880;0
186.4;53882880;0
198.9;54013952;0
200.7;54013952;0
184.7;45731840;0
172.0;45613056;0
199.5;53833728;0
199.5;53837824;0
199.5;53837824;0
201.6;53837824;0
199.5;53837824;0
200.7;53899264;0
200.7;53899264;0
184.7;53899264;0
200.7;53968896;0
198.9;53968896;0
201.6;53968896;0
182.8;53968896;0
166.2;37900288;0
268.8;53960704;0
199.5;45613056;0
232.7;53874688;0
149.6;45838336;0
232.7;53948416;0
200.7;53952512;0
198.9;53956608;0
200.7;53956608;0
199.5;53956608;0
198.9;53956608;0
199.5;53956608;0
199.5;53956608;0
201.6;54022144;0
199.5;54087680;0
