8.4;47.3;17.3;1.2;2.0;939.0
4.8;96.8;105.6;9.1;2.0;938.0
8.3;136.8;138.9;8.6;2.0;938.0
8.4;167.9;132.9;7.4;2.0;941.0
8.4;194.7;93.4;6.0;2.0;938.0
7.1;218.6;145.0;5.3;2.0;938.0
8.4;232.6;4.6;0.2;2.0;1034.0
8.3;664.3;61.1;33.4;8.0;4568.0
8.3;1014.7;0.8;33.3;30.0;7897.0
0.0;981.6;2.9;0.0;2.0;7902.0
0.0;981.6;0.0;0.0;2.0;7901.0
0.0;981.6;0.0;0.0;2.0;7901.0
0.0;981.6;0.0;0.0;3.0;7907.0
0.0;981.6;0.0;0.0;3.0;7906.0
0.0;981.6;0.0;0.0;3.0;7911.0
0.0;981.6;0.0;0.0;2.0;7910.0
0.0;981.6;0.0;0.0;3.0;7910.0
0.0;981.6;0.0;0.0;2.0;7912.0
0.0;981.6;0.0;0.0;2.0;7910.0
3.6;1137.2;1.9;153.5;3.0;7910.0
8.4;1291.1;0.0;0.0;5.0;7921.0
8.3;1294.1;0.1;0.0;8.0;7916.0
8.3;1302.9;0.0;0.0;11.0;7925.0
8.4;1312.9;0.3;0.0;8.0;7925.0
8.3;1360.2;0.0;0.0;5.0;7936.0
8.4;1359.5;0.3;0.0;10.0;7928.0
8.3;1385.3;0.6;1.4;5.0;7928.0
21.3;1414.3;0.3;1.5;12.0;7930.0
8.4;1417.6;0.0;0.0;11.0;7927.0
8.3;1420.4;0.0;0.0;12.0;7925.0
8.4;1435.9;0.0;0.0;41.0;7924.0
8.4;1436.6;0.0;0.0;11.0;7944.0
9.6;1590.5;0.2;0.0;47.0;8032.0
9.6;1917.3;2.5;0.0;68.0;8092.0
8.3;1918.4;18.4;0.3;93.0;8093.0
10.4;1918.6;0.0;0.0;95.0;8087.0
8.3;1918.6;0.0;0.0;99.0;8087.0
13.1;1918.6;0.0;0.0;96.0;8088.0
9.4;1918.7;0.0;0.0;95.0;8086.0
8.3;1918.8;0.0;0.0;96.0;8086.0
13.1;1918.8;0.0;0.0;96.0;8088.0
8.3;1918.8;0.0;0.0;98.0;8087.0
8.4;1918.8;0.0;0.0;96.0;8093.0
8.3;1918.8;0.0;0.0;96.0;8088.0
10.4;1918.8;0.0;0.0;99.0;8086.0
15.5;1918.8;0.0;0.0;96.0;8087.0
8.3;1918.8;0.0;0.0;95.0;8088.0
10.8;1918.8;0.0;0.0;99.0;8078.0
11.5;1918.8;0.0;0.0;96.0;8078.0
8.4;1918.8;0.0;0.0;95.0;8064.0
10.8;1918.4;5.2;0.1;89.0;8062.0
8.4;1966.4;15.2;0.2;51.0;8093.0
8.4;1968.5;9.2;0.1;27.0;8091.0
54.4;2455.6;0.0;0.0;14.0;8091.0
92.0;2958.3;0.0;0.0;2.0;8091.0
8.3;2961.7;2.8;0.7;6.0;8094.0
8.4;2961.9;1.0;4.5;4.0;8091.0
8.3;2962.1;1.3;4.5;2.0;8093.0
8.3;2963.4;1.0;4.5;3.0;8091.0
8.4;2964.2;1.2;6.8;3.0;8093.0
9.5;2966.9;1.3;4.5;2.0;8091.0
8.3;2965.2;1.2;6.8;3.0;8092.0
8.4;2965.2;0.9;0.0;2.0;8087.0
8.3;2965.2;4.6;34.7;2.0;8087.0
8.4;2968.3;0.6;1.4;3.0;8087.0
8.3;2971.8;0.3;1.5;45.0;8089.0
8.3;2971.8;0.0;0.0;98.0;8083.0
8.4;2971.8;0.0;0.0;98.0;8085.0
9.6;2971.9;0.0;0.0;96.0;8085.0
8.4;2971.9;0.0;0.0;99.0;8086.0
8.3;2971.9;0.0;0.0;96.0;8085.0
8.4;2971.9;0.0;0.0;96.0;8086.0
8.3;2971.9;0.0;0.0;96.0;8083.0
11.9;2971.9;0.0;0.0;96.0;8083.0
9.4;2971.9;0.0;0.0;96.0;8086.0
8.3;2971.9;0.0;0.0;96.0;8084.0
11.9;2971.9;0.0;0.0;95.0;8084.0
8.3;2971.9;0.0;0.0;99.0;8086.0
8.4;2971.9;0.0;0.0;95.0;8086.0
8.3;2971.9;0.0;0.0;96.0;8084.0
8.3;2971.9;0.0;0.0;96.0;8086.0
8.4;2977.8;0.0;0.0;2.0;8083.0
99.1;2977.8;0.0;0.0;2.0;8083.0
99.1;2977.9;0.0;0.0;2.0;8084.0
9.5;3005.8;15.1;67.2;3.0;8083.0
8.4;2975.7;0.7;1.5;1.0;8084.0
8.3;2980.8;0.3;1.6;32.0;8084.0
7.3;2980.8;0.0;0.0;95.0;8084.0
10.4;2980.8;0.0;0.0;96.0;8079.0
9.5;2980.8;0.0;0.0;95.0;8067.0
9.6;2980.8;0.0;0.0;96.0;8067.0
8.3;2980.8;0.0;0.0;96.0;8068.0
8.3;2980.8;0.0;0.0;96.0;8067.0
9.6;2980.8;0.0;0.0;96.0;8068.0
11.9;2980.8;0.0;0.0;96.0;8067.0
8.4;2980.8;0.0;0.0;96.0;8063.0
8.3;2980.8;0.0;0.0;96.0;8064.0
8.4;2980.8;0.0;0.0;96.0;8063.0
8.3;2980.8;0.0;0.0;95.0;8069.0
8.4;2980.8;0.0;0.0;99.0;8070.0
7.3;2980.8;0.0;0.0;96.0;8069.0
8.4;2985.4;0.0;0.0;97.0;8069.0
8.4;2983.4;0.0;0.0;62.0;8065.0
41.4;2994.1;0.0;0.0;10.0;8063.0
99.1;2994.1;0.0;0.0;2.0;8063.0
98.0;2994.1;0.0;0.0;2.0;8065.0
89.6;2994.1;0.0;0.0;2.0;8065.0
34.6;2992.6;0.0;0.0;2.0;8063.0
8.4;2989.5;15.2;67.5;2.0;8063.0
8.3;2997.8;0.9;3.2;2.0;8066.0
9.4;2998.4;0.0;0.0;96.0;8062.0
8.3;2998.4;0.0;0.0;96.0;8065.0
8.4;2998.4;0.0;0.0;99.0;8068.0
9.5;2998.4;0.0;0.0;96.0;8074.0
11.5;2998.4;0.0;0.0;99.0;8071.0
8.4;2998.4;0.0;0.0;96.0;8075.0
8.3;2998.4;0.0;0.0;96.0;8070.0
8.4;2998.4;0.0;0.0;99.0;8068.0
9.4;2998.4;0.0;0.0;96.0;8067.0
8.3;2998.4;0.0;0.0;99.0;8073.0
8.4;2998.4;0.0;0.0;96.0;8075.0
8.3;2998.4;0.0;0.0;98.0;8073.0
8.3;2998.4;0.0;0.0;96.0;8073.0
11.5;2998.4;0.0;0.0;96.0;8072.0
9.6;2998.4;0.0;0.0;96.0;8073.0
9.6;2998.4;0.0;0.0;95.0;8073.0
10.8;3004.0;0.0;0.0;69.0;8073.0
77.6;3006.6;0.0;0.0;49.0;8072.0
92.8;3006.6;0.0;0.0;3.0;8069.0
97.1;3006.6;0.0;0.0;3.0;8069.0
96.8;3006.6;0.0;0.0;3.0;8069.0
94.7;3006.6;0.0;0.0;4.0;8071.0
95.9;3006.6;0.0;0.0;2.0;8069.0
8.3;3053.2;15.2;67.7;2.0;8069.0
8.4;3004.6;0.6;1.6;18.0;8071.0
8.3;3010.7;0.3;1.7;61.0;8073.0
8.4;3010.7;0.0;0.0;96.0;8071.0
8.4;3010.6;0.0;0.0;99.0;8073.0
8.3;3010.6;0.0;0.0;95.0;8071.0
8.4;3010.6;0.0;0.0;99.0;8071.0
8.3;3010.6;0.0;0.0;96.0;8073.0
8.3;3010.6;0.0;0.0;99.0;8071.0
8.4;3010.6;0.0;0.0;96.0;8071.0
8.4;3010.6;0.0;0.0;96.0;8071.0
9.6;3010.6;0.0;0.0;96.0;8071.0
9.4;3010.6;0.0;0.0;96.0;8071.0
8.4;3010.6;0.0;0.0;96.0;8073.0
9.5;3010.6;0.0;0.0;95.0;8071.0
11.9;3010.6;0.0;0.0;96.0;8071.0
8.3;3010.6;0.0;0.0;96.0;8073.0
