8.4;32.2;18.1;1.4;7.0;901.0
7.3;93.6;98.5;8.5;6.0;915.0
7.2;132.9;135.3;9.2;7.0;914.0
8.4;165.3;108.1;7.2;8.0;915.0
7.2;191.6;129.0;6.2;5.0;918.0
3.1;210.9;105.2;4.2;6.0;915.0
8.3;228.2;50.2;1.7;2.0;915.0
8.4;485.8;61.1;33.4;8.0;1091.0
8.3;943.8;0.6;0.0;96.0;7869.0
0.0;982.4;3.1;33.3;2.0;7870.0
0.0;982.4;0.0;0.0;2.0;7872.0
0.0;982.4;0.0;0.0;3.0;7871.0
0.0;982.4;0.0;0.0;3.0;7871.0
0.0;982.4;0.0;0.0;2.0;7872.0
0.0;982.4;0.0;0.0;2.0;7871.0
0.0;982.4;0.0;0.0;2.0;7871.0
0.0;982.4;0.0;0.0;2.0;7869.0
0.0;982.4;0.0;0.0;2.0;7871.0
0.0;982.4;0.0;0.0;2.0;7872.0
6.0;1094.8;0.9;111.3;2.0;7869.0
0.0;1138.1;1.0;42.2;2.0;7871.0
8.4;1293.7;0.1;0.0;2.0;7871.0
8.3;1299.9;0.0;0.0;2.0;7869.0
8.3;1310.6;0.2;0.0;2.0;7871.0
8.4;1321.9;0.1;0.0;2.0;7871.0
8.3;1356.3;0.1;0.0;3.0;7869.0
8.3;1372.9;0.8;1.4;2.0;7871.0
8.3;1407.6;0.3;1.5;5.0;7869.0
8.3;1416.4;0.0;0.0;5.0;7869.0
8.4;1418.6;0.0;0.0;13.0;7878.0
8.3;1434.9;0.0;0.0;7.0;7874.0
8.4;1437.7;0.0;0.0;11.0;7873.0
7.3;1578.8;0.2;0.0;21.0;7990.0
8.3;1915.7;1.7;0.0;87.0;8039.0
8.4;1916.9;16.8;0.3;94.0;8037.0
8.3;1917.4;2.0;0.0;97.0;8039.0
8.3;1917.4;0.0;0.0;97.0;8037.0
8.4;1917.5;0.0;0.0;96.0;8039.0
8.4;1917.5;0.0;0.0;97.0;8037.0
9.6;1917.5;0.0;0.0;97.0;8039.0
9.4;1917.5;0.0;0.0;96.0;8039.0
8.3;1917.6;0.0;0.0;97.0;8037.0
9.5;1917.6;0.0;0.0;97.0;8039.0
10.8;1917.6;0.0;0.0;97.0;8037.0
9.6;1917.6;0.0;0.0;96.0;8039.0
8.3;1917.6;0.0;0.0;97.0;8037.0
8.4;1917.6;0.0;0.0;99.0;8039.0
8.3;1917.6;0.0;0.0;97.0;8039.0
7.2;1917.6;0.0;0.0;99.0;8037.0
11.5;1917.1;4.4;0.1;93.0;8039.0
8.3;1965.0;16.6;0.3;2.0;8037.0
8.4;1967.2;9.2;0.1;31.0;8075.0
67.5;2957.6;0.0;0.0;39.0;8074.0
47.4;2952.3;2.3;0.3;3.0;8081.0
8.3;2959.7;1.3;2.7;4.0;8075.0
8.4;2958.0;1.2;6.8;2.0;8076.0
8.4;2958.4;1.3;4.5;2.0;8075.0
8.4;2958.7;1.2;6.8;2.0;8075.0
8.3;2959.9;1.3;4.5;2.0;8076.0
8.3;2963.1;1.2;6.8;2.0;8073.0
8.4;2963.7;1.5;0.3;2.0;8073.0
8.3;2965.8;4.0;34.4;2.0;8076.0
8.3;2970.8;0.9;3.0;2.0;8075.0
9.4;2970.8;0.0;0.0;96.0;8078.0
8.3;2970.8;0.0;0.0;99.0;8076.0
8.4;2970.8;0.0;0.0;96.0;8076.0
6.9;2970.8;0.0;0.0;96.0;8075.0
9.4;2970.8;0.0;0.0;96.0;8076.0
15.5;2970.8;0.0;0.0;96.0;8076.0
9.5;2970.8;0.0;0.0;96.0;8076.0
10.8;2970.8;0.0;0.0;97.0;8075.0
10.7;2970.8;0.0;0.0;96.0;8076.0
12.5;2970.8;0.0;0.0;99.0;8073.0
8.4;2970.8;0.0;0.0;96.0;8073.0
9.6;2970.8;0.0;0.0;99.0;8072.0
8.4;2970.8;0.0;0.0;96.0;8073.0
8.3;2970.8;0.0;0.0;99.0;8072.0
8.4;2970.8;0.0;0.0;97.0;8080.0
8.3;2973.4;0.0;0.0;98.0;8076.0
46.6;2977.4;0.0;0.0;57.0;8075.0
95.8;2977.4;0.0;0.0;4.0;8075.0
90.6;2977.4;0.0;0.0;2.0;8077.0
14.2;3005.5;15.0;33.9;4.0;8075.0
8.3;2974.1;0.2;33.3;2.0;8075.0
8.4;2982.5;0.9;3.1;21.0;8078.0
8.3;2982.5;0.0;0.0;97.0;8077.0
8.3;2982.5;0.0;0.0;97.0;8078.0
8.4;2982.5;0.0;0.0;96.0;8075.0
8.3;2982.5;0.0;0.0;97.0;8077.0
10.4;2982.5;0.0;0.0;96.0;8077.0
7.3;2982.5;0.0;0.0;96.0;8078.0
8.4;2982.5;0.0;0.0;99.0;8077.0
9.6;2982.5;0.0;0.0;97.0;8077.0
8.4;2982.5;0.0;0.0;99.0;8075.0
8.4;2982.5;0.0;0.0;96.0;8077.0
8.3;2982.5;0.0;0.0;96.0;8078.0
8.4;2982.5;0.0;0.0;96.0;8075.0
9.5;2982.5;0.0;0.0;96.0;8077.0
8.3;2982.5;0.0;0.0;95.0;8078.0
9.4;2982.5;0.0;0.0;99.0;8075.0
8.3;2993.9;0.0;0.0;43.0;8075.0
99.1;2995.1;0.0;0.0;45.0;8075.0
99.1;2995.1;0.0;0.0;2.0;8075.0
98.0;2995.1;0.0;0.0;2.0;8077.0
98.0;2995.1;0.0;0.0;2.0;8075.0
8.4;2991.0;15.2;67.4;2.0;8075.0
8.3;2992.6;0.6;1.5;2.0;8075.0
8.3;2998.1;0.3;1.6;96.0;8077.0
8.4;2998.1;0.0;0.0;96.0;8075.0
8.3;2998.1;0.0;0.0;97.0;8077.0
9.6;2998.1;0.0;0.0;97.0;8077.0
8.3;2998.1;0.0;0.0;97.0;8075.0
9.4;2998.1;0.0;0.0;96.0;8077.0
8.4;2998.1;0.0;0.0;97.0;8075.0
11.8;2998.1;0.0;0.0;97.0;8068.0
8.3;2998.1;0.0;0.0;97.0;8058.0
8.3;2998.1;0.0;0.0;97.0;8058.0
10.8;2998.1;0.0;0.0;96.0;8059.0
8.4;2998.1;0.0;0.0;96.0;8058.0
8.4;2998.1;0.0;0.0;97.0;8058.0
9.4;2998.1;0.0;0.0;97.0;8061.0
8.3;2998.1;0.0;0.0;96.0;8060.0
8.4;2998.1;0.0;0.0;96.0;8060.0
8.3;3001.2;0.0;0.0;23.0;8060.0
100.3;3003.7;0.0;0.0;47.0;8058.0
98.2;3003.7;0.0;0.0;2.0;8060.0
78.8;3003.7;0.0;0.0;8.0;8058.0
90.0;3003.7;0.0;0.0;6.0;8061.0
95.6;3003.7;0.0;0.0;6.0;8060.0
100.0;3003.7;0.0;0.0;3.0;8060.0
8.4;2999.0;15.2;67.7;2.0;8061.0
8.4;3000.3;0.6;1.6;5.0;8060.0
8.4;3008.3;0.3;1.7;98.0;8061.0
8.3;3008.3;0.0;0.0;96.0;8060.0
8.3;3008.3;0.0;0.0;96.0;8060.0
8.4;3008.3;0.0;0.0;96.0;8061.0
11.8;3008.3;0.0;0.0;97.0;8061.0
8.3;3008.2;0.0;0.0;96.0;8060.0
9.4;3008.2;0.0;0.0;97.0;8061.0
9.5;3008.2;0.0;0.0;96.0;8059.0
9.6;3008.2;0.0;0.0;96.0;8059.0
8.3;3008.2;0.0;0.0;99.0;8061.0
9.4;3008.2;0.0;0.0;96.0;8060.0
9.6;3008.2;0.0;0.0;99.0;8061.0
13.0;3008.2;0.0;0.0;96.0;8060.0
8.4;3008.2;0.0;0.0;99.0;8060.0
9.5;3008.2;0.0;0.0;96.0;8061.0
7.3;3008.2;0.0;0.0;99.0;8061.0
8.4;3007.7;0.0;0.0;96.0;8060.0
8.4;3022.4;0.0;0.0;3.0;8060.0
