0.0;10489856;0
0.0;10489856;0
0.0;10489856;0
0.0;10489856;0
33.2;12554240;0
0.0;12554240;0
49.9;14389248;0
0.0;14389248;0
43.0;16224256;0
0.0;16224256;0
49.9;18055168;0
0.0;18055168;0
50.4;19890176;0
0.0;20914176;0
33.2;21712896;0
16.8;23019520;0
14.2;23543808;0
28.7;25530368;0
0.0;25640960;0
28.7;28315648;0
14.3;28475392;0
42.6;29937664;0
0.0;29913088;0
43.0;32100352;0
0.0;32223232;0
49.9;33210368;48
99.7;33214464;784
129.0;35446784;814
99.4;35446784;821
33.6;36421632;88
0.0;36421632;0
33.2;37351424;0
0.0;37351424;0
49.9;39112704;0
0.0;40013824;0
16.6;39989248;0
33.2;42819584;0
33.6;48164864;114
33.2;49950720;0
99.7;49950720;0
133.0;51224576;0
49.9;51273728;0
57.3;53129216;0
99.4;53125120;0
134.4;54009856;0
33.2;53997568;0
33.2;54890496;0
0.0;54890496;0
99.7;55787520;0
100.3;55783424;0
42.6;56668160;0
14.3;57569280;0
100.3;57569280;0
127.8;58445824;0
83.1;58408960;0
33.2;59301888;0
100.8;59297792;0
127.8;60157952;0
57.3;60145664;0
57.3;61927424;0
99.7;61927424;0
133.0;62799872;0
33.2;62787584;0
43.0;63664128;0
0.0;63664128;0
99.7;64557056;0
114.7;65720320;0
113.6;65835008;0
16.6;67596288;0
14.2;67579904;0
43.0;68476928;0
100.3;68476928;0
127.8;69341184;0
67.2;69328896;0
99.7;65990656;0
99.7;66252800;0
127.8;69677056;0
28.7;69664768;0
86.0;71036928;0
99.4;71032832;0
129.0;72458240;0
0.0;73265152;0
99.4;73265152;0
116.4;73986048;0
99.7;73986048;0
117.6;75059200;0
0.0;75059200;0
66.5;75988992;0
100.3;75984896;0
170.5;76877824;0
199.5;76869632;0
66.5;78245888;0
0.0;78245888;0
85.2;79155200;0
100.3;79155200;0
129.0;80363520;0
0.0;82255872;0
16.6;82235392;0
16.6;83263488;0
100.8;83263488;0
133.0;84156416;0
199.5;84152320;0
157.7;85020672;0
99.4;85020672;0
49.9;85889024;0
0.0;85889024;0
28.7;86896640;0
0.0;86896640;0
99.4;87797760;0
114.7;88686592;0
116.4;88674304;0
16.6;89608192;0
116.4;85135360;0
133.0;87072768;0
200.7;87220224;0
198.9;88784896;0
201.6;88784896;0
199.5;88813568;0
182.8;88797184;0
66.5;90587136;0
33.2;90714112;0
71.7;91717632;0
99.4;91713536;0
129.0;92991488;0
28.7;94552064;0
0.0;94552064;0
49.9;95428608;0
0.0;95428608;0
50.4;96440320;0
0.0;96444416;0
28.4;97320960;0
33.2;98463744;0
99.7;98463744;0
99.7;99483648;0
0.0;99483648;0
83.1;100515840;0
99.7;100511744;0
134.4;101478400;0
33.2;101462016;0
66.5;102514688;0
14.3;103411712;0
99.7;103411712;0
116.4;104484864;0
100.8;104452096;0
28.4;105500672;0
0.0;105476096;0
28.7;106524672;0
0.0;106524672;0
56.8;103354368;0
0.0;103354368;0
33.2;106684416;0
0.0;106684416;0
100.3;107741184;0
129.0;108806144;0
99.4;108773376;0
33.6;109694976;0
100.3;109694976;0
156.2;110637056;0
200.7;110632960;0
142.0;111525888;0
100.3;111525888;0
28.7;112390144;0
0.0;113176576;0
99.7;113287168;0
117.6;114475008;0
83.1;114589696;0
16.6;115654656;0
0.0;115654656;0
42.6;116830208;0
0.0;116830208;0
84.0;117743616;0
99.7;117870592;0
133.0;119009280;0
16.8;119934976;0
16.6;119918592;0
28.4;120823808;0
99.7;120819712;0
66.5;121675776;0
0.0;121675776;0
84.0;122957824;0
99.7;122957824;0
149.6;123928576;0
16.8;123912192;0
100.3;125022208;0
99.4;125739008;0
129.0;120090624;0
127.8;123023360;0
100.3;123396096;0
43.0;124293120;0
99.7;124293120;0
133.0;124145664;0
50.4;124129280;0
83.1;126550016;0
99.7;126676992;0
199.5;127823872;0
186.4;128057344;0
129.0;128958464;0
71.0;128942080;0
99.7;129974272;0
117.6;131043328;0
199.5;131039232;0
166.2;132157440;0
199.5;132157440;0
199.5;132427776;0
100.8;133218304;0
66.5;134303744;0
99.7;134328320;0
184.8;135221248;0
199.5;135200768;0
127.8;136208384;0
86.0;137150464;0
0.0;137269248;0
49.9;138166272;0
0.0;138153984;0
67.2;139059200;0
99.7;139059200;0
133.0;139931648;0
16.8;141131776;0
100.8;141336576;0
133.0;142233600;0
199.5;142364672;0
232.7;136589312;0
199.5;136859648;0
168.0;139276288;0
166.2;139530240;0
116.4;141873152;0
14.3;142282752;0
100.3;143413248;0
113.6;144531456;0
100.3;144601088;0
28.4;145772544;0
0.0;146014208;0
16.8;147275776;0
0.0;147275776;0
85.2;148434944;0
100.3;148434944;0
117.6;149450752;0
16.6;150585344;0
0.0;150564864;0
28.7;151838720;0
0.0;151838720;0
71.0;152768512;0
100.3;152768512;0
186.4;153710592;0
170.5;153812992;0
0.0;154832896;0
28.7;155934720;0
100.3;155934720;0
142.0;156827648;0
200.7;156835840;0
142.0;157962240;0
100.3;157962240;0
33.6;158830592;0
14.3;159727616;0
99.7;159727616;0
142.0;160620544;0
200.7;160616448;0
172.0;164732928;0
83.1;164732928;0
133.0;166629376;0
33.2;166612992;0
99.7;167530496;0
116.4;168435712;0
84.0;168402944;0
16.6;169304064;0
0.0;169287680;0
49.9;170209280;0
100.8;170205184;0
182.8;171102208;0
199.5;171102208;0
116.4;172007424;0
85.2;172892160;0
100.3;172888064;0
100.3;173760512;0
99.4;173760512;0
133.0;174837760;0
100.8;174837760;0
166.2;175726592;0
199.5;175722496;0
129.0;176594944;0
99.4;176594944;0
114.7;177467392;0
114.7;178491392;0
99.7;178475008;0
133.0;179376128;0
201.6;179376128;0
166.2;179118080;0
99.7;179118080;0
83.1;179998720;0
99.7;179998720;0
186.4;180887552;0
157.7;180867072;0
99.7;181760000;0
66.5;182804480;0
117.6;182251520;0
143.3;182919168;0
198.9;182919168;0
133.0;182902784;0
182.8;183795712;0
166.2;183787520;0
