0.0;10514432;0
0.0;10514432;0
0.0;10514432;0
0.0;10514432;0
49.9;14659584;0
99.7;14675968;0
157.7;18931712;0
199.5;18989056;0
232.7;23007232;0
186.4;19038208;0
213.1;23085056;0
199.5;23113728;0
215.0;31182848;0
200.7;31215616;0
182.8;31543296;0
201.6;31559680;0
198.9;31576064;0
199.5;31531008;0
166.2;27549696;0
186.4;31707136;0
198.9;31707136;0
201.6;31825920;0
199.5;31817728;0
199.5;31862784;0
184.7;27881472;0
229.4;32079872;0
199.5;32014336;0
116.4;26222592;0
201.6;32059392;0
199.5;32129024;0
200.7;32129024;0
198.9;32145408;0
218.4;32182272;0
199.5;32108544;0
199.5;32141312;0
200.7;32137216;0
184.7;32247808;0
199.5;32243712;0
216.1;32137216;0
201.6;32215040;0
184.7;32194560;0
201.6;32272384;0
199.5;32346112;0
200.7;32346112;0
156.3;28254208;0
218.4;32555008;0
149.6;28676096;277
216.1;32620544;0
200.7;32636928;0
198.9;32661504;0
216.1;28438528;0
199.5;32546816;0
201.6;32563200;0
198.9;32595968;0
157.7;28585984;0
133.0;32628736;0
199.5;32645120;0
182.8;32628736;0
186.4;32645120;0
186.4;28618752;0
199.5;47149056;0
201.6;47218688;0
266.0;59449344;0
301.0;92459008;0
284.1;118648832;0
301.0;143224832;0
301.0;160993280;0
299.2;186798080;0
319.2;208867328;0
301.0;232431616;0
232.7;245243904;0
299.2;268795904;0
299.2;293146624;0
301.0;317214720;0
298.3;336343040;0
229.4;365670400;0
302.4;387526656;0
301.0;410361856;0
282.6;401604608;601
299.2;401604608;751
299.2;401604608;791
272.4;397578240;672
186.4;401596416;0
198.9;401596416;0
184.8;401596416;0
166.2;397570048;0
182.8;401604608;0
116.4;394817536;0
199.5;401604608;0
201.6;401604608;0
198.9;401604608;0
200.7;401604608;0
199.5;401604608;0
182.8;401604608;0
199.5;401600512;0
200.7;401600512;0
200.7;401600512;0
199.5;401600512;0
201.6;401600512;0
199.5;401596416;0
199.5;401596416;0
127.8;397574144;0
200.7;401600512;0
199.5;401600512;0
199.5;401600512;0
201.6;401600512;0
166.2;396038144;0
199.5;401612800;0
199.5;401612800;0
200.7;401612800;0
200.7;401612800;0
198.9;401612800;0
201.6;401612800;0
199.5;401612800;0
166.2;397586432;0
142.0;401637376;0
200.7;401637376;0
200.7;401637376;0
199.5;401637376;0
201.6;401637376;0
166.2;397615104;0
216.1;401637376;0
166.2;397611008;0
200.7;401637376;0
200.7;401637376;0
198.9;401637376;0
201.6;401637376;0
199.5;401637376;0
199.5;401641472;0
199.5;401641472;0
199.5;397615104;0
201.6;404099072;0
199.5;416337920;0
199.5;416337920;0
201.6;416337920;0
199.5;415633408;0
282.6;434700288;0
298.3;463646720;0
301.0;489766912;0
258.0;508502016;0
312.5;529874944;0
282.6;554160128;0
302.4;578138112;0
299.2;601100288;0
266.0;619646976;0
299.2;636878848;0
298.3;655749120;0
301.0;674164736;0
301.0;691232768;0
298.3;708411392;0
