44.9;99.7;64.6;0.0
49.8;111.2;80.7;0.0
84.8;134.1;63.6;0.0
55.0;146.9;24.9;0.0
10.0;156.1;22.2;0.0
5.0;156.9;21.6;0.0
40.0;161.7;3.0;0.0
49.4;163.0;0.0;0.0
50.0;163.0;0.0;0.0
51.9;163.0;0.0;0.0
49.6;163.0;0.0;0.0
48.5;163.0;0.0;0.0
50.0;163.0;0.0;0.0
49.4;163.0;0.0;0.0
49.9;163.0;0.0;0.0
48.6;163.0;0.0;0.0
49.9;163.0;0.0;0.0
20.0;164.1;2.2;0.0
14.9;164.2;15.3;0.0
49.9;164.2;0.0;0.0
49.3;164.2;0.0;0.0
51.8;164.2;0.0;0.0
48.9;164.2;0.0;0.0
60.0;164.7;1.3;0.0
10.0;165.2;34.2;0.0
91.5;168.7;9.1;0.0
40.0;169.0;0.0;0.0
0.0;169.0;0.0;0.0
0.0;169.0;0.0;0.0
0.0;169.0;0.0;0.0
0.0;169.0;0.0;0.0
0.0;169.0;0.0;0.0
0.0;169.0;0.0;0.0
0.0;169.0;0.0;0.0
0.0;169.0;0.0;0.0
0.0;169.0;0.0;0.0
0.0;169.0;0.0;0.0
0.0;169.0;0.0;0.0
0.0;169.0;0.0;0.0
0.0;169.0;0.0;0.0
0.0;169.0;0.0;0.0
0.0;169.0;0.0;0.0
0.0;169.0;0.0;0.0
0.0;169.0;0.0;0.0
0.0;169.0;0.0;0.0
0.0;169.0;0.0;0.0
0.0;169.0;0.0;0.0
0.0;169.0;0.0;0.0
0.0;169.0;0.0;0.0
0.0;169.0;0.0;0.0
0.0;169.0;0.0;0.0
0.0;169.0;0.0;0.0
0.0;169.0;0.0;0.0
0.0;169.0;0.0;0.0
0.0;169.0;0.0;0.0
0.0;169.0;0.0;0.0
0.0;169.0;0.0;0.0
0.0;169.0;0.0;0.0
0.0;169.0;0.0;0.0
0.0;169.0;0.0;0.0
0.0;169.0;0.0;0.0
0.0;169.0;0.0;0.0
0.0;169.0;0.0;0.0
0.0;169.0;0.0;0.0
0.0;169.0;0.0;0.0
0.0;169.0;0.0;0.0
0.0;169.0;0.0;0.0
0.0;169.0;0.0;0.0
0.0;169.0;0.0;0.0
0.0;169.0;0.0;0.0
0.0;169.0;0.0;0.0
0.0;169.0;0.0;0.0
0.0;169.0;0.0;0.0
0.0;169.0;0.0;0.0
0.0;169.0;0.0;0.0
0.0;169.0;0.0;0.0
0.0;169.0;0.0;0.0
0.0;169.0;0.0;0.0
0.0;169.0;0.0;0.0
0.0;169.0;0.0;0.0
0.0;169.0;0.0;0.0
0.0;169.0;0.0;0.0
0.0;169.0;0.0;0.0
0.0;169.0;0.0;0.0
0.0;169.0;0.0;0.0
0.0;169.0;0.0;0.0
0.0;169.0;0.0;0.0
0.0;169.0;0.0;0.0
0.0;169.0;0.0;0.0
0.0;169.0;0.0;0.0
0.0;169.0;0.0;0.0
0.0;169.0;0.0;0.0
0.0;169.0;0.0;0.0
0.0;169.0;0.0;0.0
0.0;169.0;0.0;0.0
0.0;169.0;0.0;0.0
0.0;169.0;0.0;0.0
0.0;169.0;0.0;0.0
0.0;169.0;0.0;0.0
0.0;169.0;0.0;0.0
