49.8;85.6;36.0;0.0
46.2;104.3;75.4;0.0
54.0;120.1;77.9;0.0
80.5;138.3;47.3;0.0
44.6;156.1;40.1;0.0
0.0;156.1;0.3;0.0
5.0;156.1;19.3;0.0
29.6;160.7;10.4;0.0
50.0;162.5;0.0;0.0
50.0;162.8;0.0;0.0
49.2;162.8;0.0;0.0
52.7;162.8;0.0;0.0
48.4;162.8;0.0;0.0
51.0;162.8;0.0;0.0
46.9;162.8;0.0;0.0
50.6;162.8;0.0;0.0
49.5;162.8;0.0;0.0
51.6;162.8;0.0;0.0
24.9;163.8;0.3;0.0
0.0;163.8;10.5;0.0
35.0;163.9;7.4;0.0
50.0;163.9;0.0;0.0
49.0;163.9;0.0;0.0
52.1;163.9;0.0;0.0
51.0;163.9;0.0;0.0
54.5;164.4;1.1;0.0
0.0;164.4;18.5;0.0
59.0;168.1;24.9;0.0
69.8;168.6;1.1;0.0
0.0;168.6;0.0;0.0
0.0;168.6;0.0;0.0
0.0;168.6;0.0;0.0
0.0;168.6;0.0;0.0
0.0;168.6;0.0;0.0
0.0;168.6;0.0;0.0
0.0;168.6;0.0;0.0
0.0;168.6;0.0;0.0
0.0;168.6;0.0;0.0
0.0;168.6;0.0;0.0
0.0;168.6;0.0;0.0
0.0;168.6;0.0;0.0
0.0;168.6;0.0;0.0
0.0;168.6;0.0;0.0
0.0;168.6;0.0;0.0
0.0;168.6;0.0;0.0
0.0;168.6;0.0;0.0
0.0;168.6;0.0;0.0
0.0;168.6;0.0;0.0
0.0;168.6;0.0;0.0
0.0;168.6;0.0;0.0
0.0;168.6;0.0;0.0
0.0;168.6;0.0;0.0
0.0;168.6;0.0;0.0
0.0;168.6;0.0;0.0
0.0;168.6;0.0;0.0
0.0;168.6;0.0;0.0
0.0;168.6;0.0;0.0
0.0;168.6;0.0;0.0
0.0;168.6;0.0;0.0
0.0;168.6;0.0;0.0
0.0;168.6;0.0;0.0
0.0;168.6;0.0;0.0
0.0;168.6;0.0;0.0
0.0;168.6;0.0;0.0
0.0;168.6;0.0;0.0
0.0;168.6;0.0;0.0
0.0;168.6;0.0;0.0
0.0;168.6;0.0;0.0
0.0;168.6;0.0;0.0
0.0;168.6;0.0;0.0
0.0;168.6;0.0;0.0
0.0;168.6;0.0;0.0
0.0;168.6;0.0;0.0
0.0;168.6;0.0;0.0
0.0;168.6;0.0;0.0
0.0;168.6;0.0;0.0
0.0;168.6;0.0;0.0
0.0;168.6;0.0;0.0
0.0;168.6;0.0;0.0
0.0;168.6;0.0;0.0
0.0;168.6;0.0;0.0
0.0;168.6;0.0;0.0
0.0;168.6;0.0;0.0
0.0;168.6;0.0;0.0
0.0;168.6;0.0;0.0
0.0;168.6;0.0;0.0
0.0;168.6;0.0;0.0
0.0;168.6;0.0;0.0
0.0;168.6;0.0;0.0
0.0;168.6;0.0;0.0
0.0;168.6;0.0;0.0
0.0;168.6;0.0;0.0
0.0;168.6;0.0;0.0
0.0;168.6;0.0;0.0
0.0;168.6;0.0;0.0
0.0;168.6;0.0;0.0
0.0;168.6;0.0;0.0
0.0;168.6;0.0;0.0
0.0;168.6;0.0;0.0
0.0;168.6;0.0;0.0
