8.4;4.1;0.4;0.0;1159.0


8.4;129.0;7.6;0.0;1159.0


8.3;95.0;7.7;0.0;1159.0


1.0;81.8;8.0;0.0;1159.0


0.0;0.3;0.0;0.0;1159.0


8.3;29.1;1.1;0.0;1159.0


8.3;0.3;0.0;7.0;1338.0


8.3;0.0;0.0;5.0;1468.0


8.4;0.0;0.0;8.0;1614.0


8.3;0.2;0.0;5.0;1736.0


8.3;0.0;0.0;5.0;1906.0


8.3;70.2;67.7;4.0;2152.0


8.3;84.8;353.6;27.0;2536.0


7.2;0.1;0.0;27.0;2536.0


0.0;0.3;0.0;0.0;2536.0


2.4;14.7;0.2;0.0;2536.0


0.0;0.3;0.0;0.0;2536.0


4.2;15.2;0.4;0.0;2538.0


8.4;1.2;0.3;37.0;2638.0


8.4;0.0;0.0;32.0;2738.0


8.4;0.0;0.0;43.0;2838.0


8.3;0.0;0.0;30.0;2936.0


13.8;0.0;0.0;33.0;5416.0


50.2;0.0;0.0;51.0;5416.0


8.3;0.0;0.0;55.0;5416.0


8.3;0.0;0.0;54.0;5416.0


8.4;0.0;0.0;54.0;5416.0


8.3;0.0;0.0;54.0;5416.0


8.4;0.0;0.0;54.0;5416.0


8.4;0.0;0.0;54.0;5416.0


8.4;0.0;0.0;54.0;5416.0


8.4;0.0;0.0;54.0;5416.0


8.4;0.0;0.0;54.0;5416.0


8.4;0.0;0.0;54.0;5416.0


8.3;0.0;0.0;54.0;5416.0


6.9;10.6;0.8;40.0;5416.0


0.0;0.3;0.0;0.0;5416.0


0.0;14.3;0.2;0.0;5416.0


0.0;0.3;0.0;0.0;5416.0


4.2;14.6;0.4;3.0;5438.0


8.4;1.0;0.3;43.0;5438.0


8.4;0.0;0.0;43.0;5438.0


8.3;0.0;0.0;43.0;5438.0


50.0;0.0;0.0;31.0;5438.0


8.3;0.0;0.0;54.0;5438.0


8.4;0.0;0.0;54.0;5438.0


8.4;0.0;0.0;54.0;5438.0


8.4;0.0;0.0;53.0;5438.0


8.4;0.0;0.0;53.0;5438.0


8.3;0.0;0.0;54.0;5438.0


8.4;0.0;0.0;54.0;5438.0


8.3;0.0;0.0;54.0;5438.0


8.3;0.0;0.0;54.0;5438.0


8.3;0.0;0.0;54.0;5438.0


8.3;0.0;0.0;54.0;5438.0


8.4;0.0;0.0;54.0;5438.0


0.0;10.6;0.8;0.0;5438.0


0.0;0.3;0.0;0.0;5438.0


0.0;14.2;0.2;0.0;5438.0


0.0;0.3;0.0;0.0;5438.0


8.3;15.9;0.7;26.0;5438.0


8.3;0.0;0.0;43.0;5438.0


8.4;0.0;0.0;38.0;5438.0


8.3;0.0;0.0;47.0;5438.0


49.7;0.0;0.0;50.0;5438.0


8.3;0.0;0.0;52.0;5438.0


8.3;0.0;0.0;53.0;5438.0


8.3;0.0;0.0;51.0;5438.0


8.4;0.0;0.0;53.0;5438.0


8.3;0.0;0.0;52.0;5438.0


8.3;0.0;0.0;53.0;5438.0


8.3;0.0;0.0;53.0;5438.0


8.3;0.0;0.0;53.0;5438.0


8.3;0.0;0.0;53.0;5438.0


8.3;0.0;0.0;54.0;5438.0


8.4;0.0;0.0;54.0;5438.0


8.3;0.0;0.0;54.0;5438.0


0.0;10.6;0.8;0.0;5438.0


0.0;0.3;0.0;0.0;5438.0


0.0;12.8;0.2;0.0;5438.0


0.0;0.3;0.0;0.0;5438.0


8.4;16.7;0.7;43.0;5438.0


8.4;0.0;0.0;43.0;5438.0


8.3;0.0;0.0;43.0;5438.0


50.2;0.0;0.0;45.0;5438.0


8.3;0.0;0.0;55.0;5438.0


8.3;0.0;0.0;54.0;5438.0


8.4;0.0;0.0;54.0;5438.0


8.3;0.0;0.0;54.0;5438.0


8.4;0.0;0.0;53.0;5438.0


8.4;0.0;0.0;54.0;5438.0


8.3;0.0;0.0;54.0;5438.0


8.4;0.0;0.0;54.0;5438.0


8.3;0.0;0.0;51.0;5438.0


8.4;0.0;0.0;54.0;5438.0


8.4;0.0;0.0;54.0;5438.0


8.4;0.0;0.0;41.0;5438.0


7.2;10.6;0.8;12.0;5438.0


0.0;0.3;0.0;0.0;5438.0


1.2;15.3;0.2;0.0;5438.0


0.0;0.3;0.0;0.0;5438.0


4.8;16.9;0.7;0.0;5438.0


8.3;0.0;0.0;43.0;5438.0


8.3;0.0;0.0;43.0;5438.0


8.4;0.0;0.0;43.0;5438.0


49.7;0.0;0.0;45.0;5438.0


8.3;0.0;0.0;54.0;5438.0


8.3;0.0;0.0;54.0;5438.0


8.3;0.0;0.0;54.0;5438.0


8.3;0.0;0.0;53.0;5438.0


8.3;0.0;0.0;53.0;5438.0


8.4;0.0;0.0;54.0;5438.0


8.4;0.0;0.0;54.0;5438.0


8.3;0.0;0.0;54.0;5438.0


8.4;0.0;0.0;54.0;5438.0


8.3;0.0;0.0;54.0;5438.0


8.4;0.0;0.0;54.0;5438.0


8.3;0.0;0.0;53.0;5438.0


0.0;10.6;0.8;0.0;5438.0


0.0;0.3;0.0;0.0;5438.0


0.0;14.2;0.2;0.0;5438.0


0.0;0.3;0.0;0.0;5438.0


8.3;16.5;0.7;12.0;5438.0


8.3;0.0;0.0;43.0;5438.0


8.3;0.0;0.0;42.0;5438.0


8.4;0.0;0.0;47.0;5438.0


38.2;0.0;0.0;52.0;5438.0


8.3;0.0;0.0;54.0;5438.0


8.4;0.0;0.0;54.0;5438.0


8.3;0.0;0.0;53.0;5438.0


8.4;0.0;0.0;54.0;5438.0


8.4;0.0;0.0;54.0;5438.0


8.3;0.0;0.0;53.0;5438.0


8.4;0.0;0.0;54.0;5438.0


8.3;0.0;0.0;53.0;5438.0


8.3;0.0;0.0;53.0;5438.0


8.3;0.0;0.0;54.0;5438.0


8.4;0.0;0.0;54.0;5438.0


8.3;0.0;0.0;34.0;5438.0


0.0;10.9;0.8;0.0;5438.0


1.2;14.6;0.2;0.0;5438.0


0.0;0.3;0.0;0.0;5438.0


4.2;15.4;0.4;0.0;5438.0


8.4;1.0;0.3;43.0;5438.0


8.3;0.0;0.0;42.0;5438.0


8.4;0.0;0.0;43.0;5438.0


49.7;0.0;0.0;40.0;5438.0


8.4;0.0;0.0;54.0;5438.0


8.4;0.0;0.0;54.0;5438.0


8.3;0.0;0.0;53.0;5438.0


8.4;0.0;0.0;53.0;5438.0


8.3;0.0;0.0;53.0;5438.0


8.4;0.0;0.0;53.0;5438.0


8.3;0.0;0.0;54.0;5438.0


8.3;0.0;0.0;53.0;5438.0


8.3;0.0;0.0;54.0;5438.0


8.3;0.0;0.0;53.0;5438.0


8.3;0.0;0.0;54.0;5438.0


8.3;0.0;0.0;54.0;5438.0


0.0;10.6;0.8;0.0;5438.0


0.0;0.3;0.0;0.0;5438.0


0.0;12.9;0.2;0.0;5438.0


0.0;0.3;0.0;0.0;5438.0


8.3;14.9;0.7;16.0;5438.0


8.4;0.0;0.0;43.0;5438.0


8.3;0.0;0.0;43.0;5438.0


8.4;0.0;0.0;42.0;5438.0


50.0;0.0;0.0;42.0;5438.0


8.3;0.0;0.0;54.0;5438.0


8.4;0.0;0.0;53.0;5438.0


8.3;0.0;0.0;53.0;5438.0


8.4;0.0;0.0;53.0;5438.0


8.3;0.0;0.0;54.0;5438.0


8.4;0.0;0.0;54.0;5438.0


8.4;0.0;0.0;52.0;5438.0


8.3;0.0;0.0;53.0;5438.0


8.4;0.0;0.0;53.0;5438.0


8.3;0.0;0.0;54.0;5438.0


8.3;0.0;0.0;53.0;5438.0


8.4;0.0;0.0;53.0;5438.0


0.0;10.6;0.8;0.0;5438.0


0.0;0.3;0.0;0.0;5438.0


0.0;13.5;0.2;0.0;5438.0


0.0;0.3;0.0;0.0;5438.0


8.4;17.0;0.7;25.0;5438.0


8.3;0.0;0.0;43.0;5438.0


8.4;0.0;0.0;43.0;5438.0


8.3;0.0;0.0;57.0;5438.0


34.4;0.0;0.0;47.0;5438.0


8.3;0.0;0.0;54.0;5438.0


8.3;0.0;0.0;54.0;5438.0


8.3;0.0;0.0;54.0;5438.0


8.3;0.0;0.0;53.0;5438.0


8.3;0.0;0.0;51.0;5438.0


8.3;0.0;0.0;54.0;5438.0


8.3;0.0;0.0;54.0;5438.0


8.3;0.0;0.0;54.0;5438.0


8.4;0.0;0.0;54.0;5438.0


8.4;0.0;0.0;54.0;5438.0


8.3;0.0;0.0;54.0;5438.0


8.4;0.0;0.0;21.0;5438.0


0.0;10.6;0.8;0.0;5438.0


0.0;0.3;0.0;0.0;5438.0


0.0;13.1;0.2;0.0;5438.0


0.0;0.3;0.0;0.0;5438.0


8.4;16.6;0.7;43.0;5438.0


8.3;0.0;0.0;43.0;5438.0


8.4;0.0;0.0;43.0;5438.0


49.9;0.0;0.0;55.0;5438.0


8.4;0.0;0.0;54.0;5438.0


8.4;0.0;0.0;54.0;5438.0


8.3;0.0;0.0;53.0;5438.0


8.3;0.0;0.0;53.0;5438.0


8.3;0.0;0.0;53.0;5438.0


8.3;0.0;0.0;53.0;5438.0


8.4;0.0;0.0;52.0;5438.0


8.3;0.0;0.0;53.0;5438.0


8.4;0.0;0.0;54.0;5438.0


8.3;0.0;0.0;54.0;5438.0


8.4;0.0;0.0;54.0;5438.0


8.4;0.0;0.0;53.0;5438.0


2.4;10.6;0.8;9.0;5438.0


0.0;0.3;0.0;0.0;5438.0


0.0;14.8;0.2;0.0;5438.0


0.0;0.3;0.0;0.0;5438.0


4.7;16.1;0.7;0.0;5438.0


8.3;0.0;0.0;43.0;5438.0


8.4;0.0;0.0;43.0;5438.0


8.3;0.0;0.0;42.0;5438.0


49.9;0.0;0.0;40.0;5438.0


8.3;0.0;0.0;53.0;5438.0


8.3;0.0;0.0;53.0;5438.0


8.4;0.0;0.0;53.0;5438.0


8.3;0.0;0.0;53.0;5438.0


8.4;0.0;0.0;54.0;5438.0


8.3;0.0;0.0;53.0;5438.0


8.4;0.0;0.0;54.0;5438.0


8.3;0.0;0.0;53.0;5438.0


8.3;0.0;0.0;53.0;5438.0


8.4;0.0;0.0;54.0;5438.0


8.3;0.0;0.0;53.0;5438.0


8.3;0.0;0.0;54.0;5438.0


0.0;10.6;0.8;0.0;5438.0


0.0;0.3;0.0;0.0;5438.0


0.0;13.7;0.2;0.0;5438.0


0.0;0.3;0.0;0.0;5438.0


8.4;17.6;0.7;10.0;5438.0


8.3;0.0;0.0;43.0;5438.0


8.3;0.0;0.0;43.0;5438.0


8.3;0.0;0.0;49.0;5438.0


50.2;0.0;0.0;38.0;5438.0


8.4;0.0;0.0;54.0;5438.0


8.3;0.0;0.0;53.0;5438.0


8.4;0.0;0.0;53.0;5438.0


8.4;0.0;0.0;53.0;5438.0


8.4;0.0;0.0;54.0;5438.0


8.4;0.0;0.0;54.0;5438.0


8.4;0.0;0.0;53.0;5438.0


8.4;0.0;0.0;53.0;5438.0


8.3;0.0;0.0;53.0;5438.0


8.4;0.0;0.0;54.0;5438.0


8.3;0.0;0.0;54.0;5438.0


8.3;0.0;0.0;53.0;5438.0


0.0;10.6;0.8;0.0;5438.0


0.0;0.3;0.0;0.0;5438.0


0.0;14.4;0.2;0.0;5438.0


0.0;0.3;0.0;0.0;5438.0


8.3;17.0;0.7;20.0;5438.0


8.4;0.0;0.0;43.0;5438.0


8.3;0.0;0.0;42.0;5438.0


8.4;0.0;0.0;49.0;5438.0


42.9;0.0;0.0;53.0;5438.0


8.4;0.0;0.0;54.0;5438.0


8.3;0.0;0.0;54.0;5438.0


8.3;0.0;0.0;53.0;5438.0


8.4;0.0;0.0;53.0;5438.0


8.3;0.0;0.0;54.0;5438.0


8.3;0.0;0.0;53.0;5438.0


8.3;0.0;0.0;53.0;5438.0


8.3;0.0;0.0;53.0;5438.0


8.3;0.0;0.0;53.0;5438.0


8.4;0.0;0.0;52.0;5438.0


8.4;0.0;0.0;53.0;5438.0


8.3;0.0;0.0;40.0;5438.0


0.0;10.6;0.8;0.0;5438.0


0.0;0.3;0.0;0.0;5438.0


0.0;14.8;0.2;0.0;5438.0


0.0;0.3;0.0;0.0;5438.0


8.3;14.8;0.7;43.0;5438.0


8.4;0.0;0.0;43.0;5438.0


8.4;0.0;0.0;43.0;5438.0


50.0;0.0;0.0;54.0;5438.0


8.4;0.0;0.0;53.0;5438.0


8.4;0.0;0.0;52.0;5438.0


8.4;0.0;0.0;53.0;5438.0


8.3;0.0;0.0;54.0;5438.0


8.3;0.0;0.0;53.0;5438.0


8.3;0.0;0.0;53.0;5438.0


8.3;0.0;0.0;53.0;5438.0


8.4;0.0;0.0;54.0;5438.0


