7.2;7.8;0.9;0.0;899.0


9.6;129.0;7.6;0.0;899.0


8.4;94.8;7.7;0.0;899.0


0.0;82.0;8.0;0.0;899.0


0.0;0.3;0.0;0.0;899.0


8.3;27.0;1.1;0.0;899.0


6.0;0.3;0.0;5.0;1082.0


8.3;0.0;0.0;6.0;1210.0


8.3;0.0;0.0;5.0;1348.0


8.4;0.2;0.0;5.0;1458.0


8.3;0.0;0.0;4.0;1642.0


8.4;70.2;67.7;3.0;1704.0


8.3;84.8;353.6;33.0;2274.0


4.2;0.1;0.0;48.0;2274.0


0.0;0.3;0.0;0.0;2274.0


1.2;14.4;0.2;0.0;2274.0


0.0;0.3;0.0;0.0;2274.0


4.8;15.9;0.4;7.0;2276.0


8.4;1.2;0.3;31.0;2378.0


8.4;0.0;0.0;42.0;2476.0


8.3;0.0;0.0;32.0;2578.0


8.4;0.0;0.0;34.0;2676.0


17.8;0.0;0.0;53.0;5154.0


50.0;0.0;0.0;43.0;5154.0


8.3;0.0;0.0;54.0;5154.0


8.3;0.0;0.0;53.0;5154.0


8.4;0.0;0.0;54.0;5154.0


8.3;0.0;0.0;53.0;5154.0


8.3;0.0;0.0;54.0;5154.0


8.3;0.0;0.0;54.0;5154.0


8.3;0.0;0.0;54.0;5154.0


8.3;0.0;0.0;54.0;5154.0


8.3;0.0;0.0;53.0;5154.0


8.4;0.0;0.0;54.0;5154.0


8.3;0.0;0.0;54.0;5154.0


8.4;0.0;0.0;54.0;5154.0


0.0;10.6;0.8;0.0;5154.0


0.0;0.3;0.0;0.0;5154.0


0.0;14.6;0.2;0.0;5154.0


0.0;0.3;0.0;0.0;5170.0


8.4;16.5;0.7;35.0;5176.0


8.3;0.0;0.0;43.0;5176.0


8.3;0.0;0.0;43.0;5176.0


49.7;0.0;0.0;53.0;5176.0


8.3;0.0;0.0;54.0;5176.0


8.4;0.0;0.0;54.0;5176.0


8.3;0.0;0.0;54.0;5176.0


8.4;0.0;0.0;54.0;5176.0


8.4;0.0;0.0;53.0;5176.0


8.3;0.0;0.0;54.0;5176.0


8.4;0.0;0.0;54.0;5176.0


8.3;0.0;0.0;54.0;5176.0


8.4;0.0;0.0;54.0;5176.0


8.4;0.0;0.0;54.0;5176.0


8.4;0.0;0.0;54.0;5176.0


8.4;0.0;0.0;54.0;5176.0


0.0;10.6;0.8;0.0;5176.0


0.0;0.3;0.0;0.0;5176.0


0.0;14.5;0.2;0.0;5176.0


0.0;0.3;0.0;0.0;5176.0


8.3;16.6;0.7;7.0;5176.0


8.3;0.0;0.0;43.0;5176.0


8.4;0.0;0.0;43.0;5176.0


8.3;0.0;0.0;42.0;5176.0


49.9;0.0;0.0;38.0;5176.0


8.3;0.0;0.0;55.0;5176.0


8.3;0.0;0.0;54.0;5176.0


8.3;0.0;0.0;54.0;5176.0


8.3;0.0;0.0;54.0;5176.0


8.4;0.0;0.0;53.0;5176.0


8.4;0.0;0.0;54.0;5176.0


8.3;0.0;0.0;54.0;5176.0


8.4;0.0;0.0;54.0;5176.0


8.3;0.0;0.0;54.0;5176.0


8.4;0.0;0.0;54.0;5176.0


8.4;0.0;0.0;54.0;5176.0


8.4;0.0;0.0;46.0;5176.0


0.0;10.6;0.8;0.0;5176.0


0.0;0.3;0.0;0.0;5176.0


0.0;13.3;0.2;0.0;5176.0


0.0;0.3;0.0;0.0;5176.0


8.4;16.5;0.7;41.0;5176.0


8.3;0.0;0.0;43.0;5176.0


8.4;0.0;0.0;43.0;5176.0


49.7;0.0;0.0;53.0;5176.0


8.3;0.0;0.0;54.0;5176.0


8.4;0.0;0.0;53.0;5176.0


8.3;0.0;0.0;54.0;5176.0


8.4;0.0;0.0;54.0;5176.0


8.4;0.0;0.0;53.0;5176.0


8.3;0.0;0.0;53.0;5176.0


8.4;0.0;0.0;53.0;5176.0


8.3;0.0;0.0;54.0;5176.0


8.4;0.0;0.0;54.0;5176.0


8.3;0.0;0.0;53.0;5176.0


8.4;0.0;0.0;54.0;5176.0


8.3;0.0;0.0;54.0;5176.0


7.1;10.6;0.8;25.0;5176.0


0.0;0.3;0.0;0.0;5176.0


0.0;14.4;0.2;0.0;5176.0


0.0;0.3;0.0;0.0;5176.0


5.5;14.9;0.4;0.0;5176.0


8.3;1.0;0.3;43.0;5176.0


8.3;0.0;0.0;42.0;5176.0


8.3;0.0;0.0;43.0;5176.0


50.2;0.0;0.0;40.0;5176.0


8.4;0.0;0.0;54.0;5176.0


8.3;0.0;0.0;54.0;5176.0


8.4;0.0;0.0;53.0;5176.0


8.3;0.0;0.0;52.0;5176.0


8.4;0.0;0.0;51.0;5176.0


8.3;0.0;0.0;52.0;5176.0


8.4;0.0;0.0;53.0;5176.0


8.3;0.0;0.0;53.0;5176.0


8.3;0.0;0.0;53.0;5176.0


8.3;0.0;0.0;53.0;5176.0


8.3;0.0;0.0;54.0;5176.0


8.4;0.0;0.0;53.0;5176.0


0.0;10.6;0.8;11.0;5176.0


0.0;0.3;0.0;0.0;5176.0


0.0;14.3;0.2;0.0;5176.0


0.0;0.3;0.0;0.0;5176.0


8.4;15.4;0.7;11.0;5176.0


8.3;0.0;0.0;43.0;5176.0


8.4;0.0;0.0;43.0;5176.0


8.4;0.0;0.0;49.0;5176.0


50.2;0.0;0.0;43.0;5176.0


8.4;0.0;0.0;55.0;5176.0


8.3;0.0;0.0;54.0;5176.0


8.4;0.0;0.0;54.0;5176.0


8.3;0.0;0.0;54.0;5176.0


8.4;0.0;0.0;54.0;5176.0


8.3;0.0;0.0;54.0;5176.0


8.3;0.0;0.0;54.0;5176.0


8.4;0.0;0.0;54.0;5176.0


8.3;0.0;0.0;54.0;5176.0


8.3;0.0;0.0;54.0;5176.0


8.4;0.0;0.0;54.0;5176.0


8.3;0.0;0.0;54.0;5176.0


0.0;10.6;0.8;0.0;5176.0


0.0;0.3;0.0;0.0;5176.0


0.0;14.5;0.2;0.0;5176.0


0.0;0.3;0.0;0.0;5176.0


8.3;16.3;0.7;44.0;5176.0


8.4;0.0;0.0;43.0;5176.0


8.3;0.0;0.0;43.0;5176.0


50.2;0.0;0.0;46.0;5176.0


8.3;0.0;0.0;51.0;5176.0


8.3;0.0;0.0;54.0;5176.0


8.3;0.0;0.0;54.0;5176.0


8.3;0.0;0.0;54.0;5176.0


8.3;0.0;0.0;54.0;5176.0


8.3;0.0;0.0;53.0;5176.0


8.3;0.0;0.0;54.0;5176.0


8.3;0.0;0.0;54.0;5176.0


8.4;0.0;0.0;54.0;5176.0


8.4;0.0;0.0;55.0;5176.0


8.3;0.0;0.0;54.0;5176.0


8.4;0.0;0.0;55.0;5176.0


0.0;10.6;0.8;0.0;5176.0


0.0;0.3;0.0;0.0;5176.0


0.0;14.1;0.2;0.0;5176.0


0.0;0.3;0.0;0.0;5176.0


8.4;15.3;0.7;7.0;5176.0


8.3;0.0;0.0;43.0;5176.0


8.4;0.0;0.0;43.0;5176.0


8.3;0.0;0.0;46.0;5176.0


50.2;0.0;0.0;43.0;5176.0


8.4;0.0;0.0;54.0;5176.0


8.3;0.0;0.0;54.0;5176.0


8.3;0.0;0.0;54.0;5176.0


8.3;0.0;0.0;54.0;5176.0


8.3;0.0;0.0;54.0;5176.0


8.4;0.0;0.0;54.0;5176.0


8.3;0.0;0.0;54.0;5176.0


8.4;0.0;0.0;54.0;5176.0


8.3;0.0;0.0;54.0;5176.0


8.4;0.0;0.0;55.0;5176.0


8.4;0.0;0.0;55.0;5176.0


8.4;0.0;0.0;54.0;5176.0


0.0;10.6;0.8;0.0;5176.0


0.0;0.3;0.0;0.0;5176.0


0.0;14.1;0.2;0.0;5176.0


0.0;0.3;0.0;0.0;5176.0


8.3;16.1;0.7;35.0;5176.0


8.3;0.0;0.0;43.0;5176.0


8.3;0.0;0.0;43.0;5176.0


49.7;0.0;0.0;54.0;5176.0


8.3;0.0;0.0;55.0;5176.0


8.3;0.0;0.0;54.0;5176.0


8.3;0.0;0.0;54.0;5176.0


8.3;0.0;0.0;54.0;5176.0


8.4;0.0;0.0;53.0;5176.0


8.3;0.0;0.0;54.0;5176.0


8.4;0.0;0.0;53.0;5176.0


8.3;0.0;0.0;54.0;5176.0


8.4;0.0;0.0;53.0;5176.0


8.4;0.0;0.0;54.0;5176.0


8.3;0.0;0.0;54.0;5176.0


8.4;0.0;0.0;54.0;5176.0


0.0;10.6;0.8;0.0;5176.0


0.0;0.3;0.0;0.0;5176.0


0.0;13.2;0.2;0.0;5176.0


0.0;0.3;0.0;0.0;5176.0


8.4;15.9;0.7;7.0;5176.0


8.3;0.0;0.0;43.0;5176.0


8.3;0.0;0.0;43.0;5176.0


8.3;0.0;0.0;43.0;5176.0


50.2;0.0;0.0;50.0;5176.0


8.4;0.0;0.0;54.0;5176.0


8.3;0.0;0.0;54.0;5176.0


8.4;0.0;0.0;54.0;5176.0


8.3;0.0;0.0;54.0;5176.0


8.4;0.0;0.0;54.0;5176.0


8.3;0.0;0.0;54.0;5176.0


8.4;0.0;0.0;55.0;5176.0


8.4;0.0;0.0;54.0;5176.0


8.3;0.0;0.0;55.0;5176.0


8.4;0.0;0.0;55.0;5176.0


8.3;0.0;0.0;54.0;5176.0


8.4;0.0;0.0;43.0;5176.0


0.0;10.6;0.8;0.0;5176.0


0.0;0.3;0.0;0.0;5176.0


0.0;12.7;0.2;0.0;5176.0


0.0;0.3;0.0;0.0;5176.0


8.3;15.8;0.7;43.0;5176.0


8.4;0.0;0.0;42.0;5176.0


8.3;0.0;0.0;43.0;5176.0


43.4;0.0;0.0;30.0;5176.0


8.4;0.0;0.0;53.0;5176.0


8.3;0.0;0.0;50.0;5176.0


8.4;0.0;0.0;54.0;5176.0


8.3;0.0;0.0;53.0;5176.0


8.3;0.0;0.0;54.0;5176.0


8.3;0.0;0.0;54.0;5176.0


8.3;0.0;0.0;54.0;5176.0


8.3;0.0;0.0;54.0;5176.0


8.3;0.0;0.0;54.0;5176.0


8.3;0.0;0.0;54.0;5176.0


8.4;0.0;0.0;54.0;5176.0


8.3;0.0;0.0;54.0;5176.0


0.0;10.6;0.8;0.0;5176.0


0.0;0.3;0.0;0.0;5176.0


0.0;15.2;0.2;0.0;5176.0


0.0;0.3;0.0;0.0;5176.0


8.3;16.4;0.7;7.0;5176.0


8.4;0.0;0.0;43.0;5176.0


8.3;0.0;0.0;43.0;5176.0


8.3;0.0;0.0;43.0;5176.0


50.0;0.0;0.0;52.0;5176.0


8.3;0.0;0.0;55.0;5176.0


8.3;0.0;0.0;54.0;5176.0


8.4;0.0;0.0;54.0;5176.0


8.4;0.0;0.0;54.0;5176.0


8.3;0.0;0.0;54.0;5176.0


8.3;0.0;0.0;54.0;5176.0


8.3;0.0;0.0;54.0;5176.0


8.3;0.0;0.0;54.0;5176.0


8.4;0.0;0.0;54.0;5176.0


8.3;0.0;0.0;53.0;5176.0


8.4;0.0;0.0;55.0;5176.0


8.4;0.0;0.0;31.0;5176.0


0.0;10.6;0.8;0.0;5176.0


0.0;0.3;0.0;0.0;5176.0


0.0;13.9;0.2;0.0;5176.0


0.0;0.3;0.0;0.0;5176.0


8.3;15.5;0.7;43.0;5176.0


8.3;0.0;0.0;43.0;5176.0


8.3;0.0;0.0;43.0;5176.0


49.9;0.0;0.0;55.0;5176.0


8.4;0.0;0.0;55.0;5176.0


8.3;0.0;0.0;54.0;5176.0


8.4;0.0;0.0;54.0;5176.0


8.3;0.0;0.0;54.0;5176.0


8.3;0.0;0.0;54.0;5176.0


8.4;0.0;0.0;55.0;5176.0


8.3;0.0;0.0;54.0;5176.0


8.4;0.0;0.0;55.0;5176.0


8.3;0.0;0.0;54.0;5176.0


8.4;0.0;0.0;54.0;5176.0


8.3;0.0;0.0;54.0;5176.0


8.3;0.0;0.0;55.0;5176.0


0.0;10.6;0.8;0.0;5176.0


0.0;0.3;0.0;0.0;5176.0


0.0;14.1;0.2;0.0;5176.0


0.0;0.3;0.0;0.0;5176.0


8.3;16.9;0.7;0.0;5176.0


8.4;0.0;0.0;43.0;5176.0


8.3;0.0;0.0;43.0;5176.0


8.4;0.0;0.0;43.0;5176.0


49.7;0.0;0.0;49.0;5176.0


8.3;0.0;0.0;54.0;5176.0


8.3;0.0;0.0;54.0;5176.0


8.3;0.0;0.0;53.0;5176.0


8.4;0.0;0.0;54.0;5176.0


8.3;0.0;0.0;54.0;5176.0


8.4;0.0;0.0;54.0;5176.0


8.4;0.0;0.0;54.0;5176.0


8.3;0.0;0.0;54.0;5176.0


8.4;0.0;0.0;54.0;5176.0


