47.4;116.2;158.0;0.0
69.4;157.5;94.3;0.0
29.8;159.8;2.0;0.0
0.0;159.8;0.0;0.0
0.0;159.8;0.1;0.0
0.0;159.8;0.0;0.0
0.0;159.8;1.3;0.0
0.0;159.8;0.0;0.0
0.0;159.8;0.7;0.0
0.0;159.8;0.0;0.0
0.0;159.8;0.6;0.0
0.0;159.8;0.0;0.0
9.7;160.7;0.4;0.0
48.4;160.7;0.1;0.0
29.9;161.2;1.3;0.0
0.0;161.2;0.0;0.0
0.0;161.2;1.4;0.0
0.0;161.2;0.0;0.0
0.0;161.2;0.7;0.0
0.0;161.2;0.0;0.0
0.0;161.2;0.5;0.0
0.0;161.2;0.0;0.0
18.9;161.7;0.4;0.0
49.9;183.1;54.1;4.0
49.1;245.5;873.0;0.0
49.9;245.5;342.3;0.0
49.8;245.5;314.5;0.0
49.8;245.6;316.1;0.0
50.9;245.6;488.4;0.0
49.8;276.9;108.5;68.0
49.8;276.9;0.6;192.0
51.8;246.6;0.9;196.0
48.9;184.8;0.0;0.0
