47.4;116.2;158.8;0.0
78.8;139.7;55.1;0.0
48.6;158.0;39.2;0.0
4.8;159.3;1.9;0.0
0.0;159.3;0.0;0.0
0.0;159.3;0.1;0.0
0.0;159.3;0.0;0.0
0.0;159.3;1.2;0.0
0.0;159.3;0.0;0.0
0.0;159.3;0.7;0.0
0.0;159.3;0.2;0.0
0.0;159.3;0.5;0.0
0.0;159.3;0.5;0.0
48.1;160.1;0.2;0.0
23.9;160.5;1.3;0.0
0.0;160.5;0.0;0.0
0.0;160.5;0.1;0.0
0.0;160.5;0.0;0.0
0.0;160.5;1.3;0.0
0.0;160.5;0.0;0.0
0.0;160.5;0.7;0.0
0.0;160.5;0.0;0.0
0.0;160.5;0.6;0.0
0.0;160.5;0.0;0.0
21.6;161.0;0.4;0.0
43.8;182.4;54.2;4.0
50.2;244.8;900.6;0.0
49.8;244.8;308.7;0.0
52.0;244.8;430.8;0.0
49.5;245.1;322.8;0.0
52.1;276.3;431.9;0.0
45.0;276.3;0.4;132.0
52.7;276.3;0.6;192.0
48.3;246.0;0.5;100.0
52.4;182.1;0.0;0.0
