43.8;100.6;67.0;0.0
52.7;115.8;91.4;0.0
79.8;138.4;55.2;0.0
53.8;157.2;39.1;0.0
24.8;159.5;2.0;0.0
0.0;159.5;0.0;0.0
0.0;159.5;0.1;0.0
0.0;159.5;0.0;0.0
0.0;159.5;0.0;0.0
0.0;159.5;1.1;0.0
0.0;159.5;0.0;0.0
0.0;159.5;0.7;0.0
0.0;159.5;0.0;0.0
5.0;159.5;0.5;0.0
0.0;159.5;0.0;0.0
0.0;159.5;0.3;0.0
49.1;160.4;0.0;0.0
53.5;160.4;0.0;0.0
50.0;160.9;1.4;0.0
0.0;160.9;0.0;0.0
0.0;160.9;0.0;0.0
0.0;160.9;0.1;0.0
0.0;160.9;0.0;0.0
0.0;160.9;1.2;0.0
0.0;160.9;0.0;0.0
0.0;160.9;0.7;0.0
0.0;160.9;0.0;0.0
0.0;160.9;0.4;0.0
0.0;160.9;0.0;0.0
46.4;178.5;17.7;4.0
49.8;276.4;2476.9;0.0
48.4;276.9;0.4;132.0
49.4;276.9;0.6;192.0
49.5;246.5;0.5;128.0
