46.1;91.3;44.6;0.0
51.8;112.4;127.2;4.0
66.5;155.2;103.3;20.0
39.9;159.8;2.6;4.0
0.0;159.8;0.0;0.0
0.0;159.8;0.0;0.0
0.0;159.8;0.1;0.0
0.0;159.8;0.0;0.0
0.0;159.8;1.1;0.0
0.0;159.8;0.0;0.0
0.0;159.8;0.7;0.0
0.0;159.8;0.0;0.0
0.0;159.8;0.4;0.0
0.0;159.8;0.0;0.0
0.0;159.8;0.6;0.0
47.5;160.6;0.0;0.0
51.6;160.6;0.0;0.0
53.2;160.6;1.4;0.0
9.9;161.1;0.0;0.0
0.0;161.1;0.0;0.0
0.0;161.1;0.1;0.0
0.0;161.1;0.0;0.0
0.0;161.1;1.2;0.0
0.0;161.1;0.0;0.0
0.0;161.1;0.7;0.0
0.0;161.1;0.0;0.0
0.0;161.1;0.4;0.0
0.0;161.1;0.0;0.0
29.9;162.5;1.6;4.0
43.8;183.0;52.6;0.0
51.1;214.4;833.0;0.0
48.2;245.2;348.3;0.0
54.0;245.2;317.0;0.0
49.6;245.6;325.4;0.0
44.8;245.6;333.0;0.0
54.5;276.6;282.3;128.0
49.9;276.8;0.4;132.0
48.2;276.8;0.8;256.0
52.5;246.3;0.5;68.0
