0.0;10502144;0
0.0;10502144;0
0.0;10502144;0
0.0;10502144;0
33.2;12619776;0
100.8;12685312;0
71.0;12738560;0
100.3;12771328;0
49.9;12816384;0
99.7;12849152;0
71.0;12853248;0
100.3;12886016;0
66.5;13033472;0
99.7;13049856;0
86.0;13262848;0
99.7;13262848;0
83.1;13316096;0
86.0;11292672;0
86.0;13213696;0
83.1;11194368;0
84.0;13393920;0
71.0;11370496;0
83.1;13422592;0
66.5;11399168;0
100.8;13344768;0
71.0;12787712;0
100.3;13643776;0
86.0;13635584;161
99.7;13639680;0
49.9;13631488;0
100.3;13631488;0
49.9;13783040;0
99.7;13783040;0
84.0;13778944;0
99.7;13778944;0
57.3;13705216;0
99.4;13705216;0
50.4;13873152;0
99.7;13873152;0
129.0;13955072;0
100.3;13955072;0
66.5;13918208;0
66.5;13930496;0
99.7;15953920;0
100.8;13971456;0
99.4;15921152;0
0.0;13901824;0
100.3;15933440;0
99.7;15708160;0
166.2;15851520;0
83.1;15904768;0
14.3;17960960;0
113.6;20021248;0
71.7;16007168;0
116.4;20062208;0
66.5;16064512;0
116.4;20025344;0
71.7;16015360;0
100.3;20082688;0
66.5;16068608;0
100.8;19824640;0
149.6;16150528;0
100.3;20070400;0
33.2;18051072;0
86.0;19869696;0
99.7;19853312;0
99.7;20049920;0
84.0;18030592;0
99.4;20054016;0
100.3;20037632;0
156.2;20082688;0
84.0;20082688;0
0.0;16601088;0
99.7;19857408;0
67.2;20054016;0
99.7;20054016;0
57.3;20049920;0
99.4;20049920;0
57.3;20049920;0
99.7;20049920;0
49.9;20054016;0
100.8;20054016;0
156.2;20078592;0
100.3;20078592;0
14.2;18055168;0
100.3;20062208;0
100.3;20045824;0
182.8;19841024;0
100.8;19841024;0
16.6;16302080;0
99.7;19886080;0
116.4;22011904;0
116.4;20004864;0
50.4;20004864;0
66.5;20033536;0
99.7;20017152;0
157.7;20021248;0
99.4;20021248;0
49.9;17997824;0
99.7;20054016;0
100.8;20041728;0
166.2;20037632;0
100.3;20037632;0
43.0;18014208;0
99.4;19996672;0
99.7;19578880;0
133.0;20041728;0
100.8;20041728;0
66.5;20008960;0
99.7;20008960;0
84.0;20045824;0
99.4;20045824;0
86.0;20017152;0
99.4;20017152;0
157.7;20066304;0
99.7;20066304;0
66.5;18042880;0
84.0;20033536;0
99.7;20017152;0
149.6;19861504;0
66.5;19861504;0
33.2;17743872;0
100.8;20037632;0
149.6;22016000;0
116.4;20008960;0
33.6;20008960;0
66.5;20045824;0
99.7;20033536;0
149.6;20029440;0
99.7;20029440;0
0.0;18006016;0
116.4;19849216;0
99.7;19169280;0
151.2;19902464;0
99.7;19902464;0
66.5;20000768;0
99.7;20000768;0
166.2;19902464;0
100.8;19902464;0
16.6;17883136;0
71.0;20000768;0
100.3;19984384;0
129.0;20058112;0
71.0;20058112;0
0.0;16691200;0
99.7;20021248;0
156.2;21864448;0
117.6;19857408;0
33.2;19857408;0
71.0;19894272;0
100.3;19877888;0
172.0;19869696;0
99.4;19869696;0
57.3;17846272;0
100.3;19902464;0
127.8;22024192;0
143.3;20021248;0
100.3;20021248;0
85.2;20054016;0
100.3;20054016;0
172.0;20037632;0
99.4;20037632;0
71.7;18014208;0
99.7;20000768;0
99.7;19226624;0
151.2;20049920;0
66.5;20049920;0
99.7;20017152;0
149.6;22061056;0
116.4;20058112;0
43.0;20058112;0
84.0;20013056;0
99.7;20000768;0
172.0;20021248;0
100.3;20021248;0
71.0;18001920;0
86.0;20049920;0
99.4;20250624;0
149.6;19877888;0
67.2;19877888;0
49.9;19906560;0
100.3;19906560;0
157.7;22040576;0
113.6;20033536;0
28.7;20033536;0
83.1;20066304;0
99.7;20054016;0
184.8;20037632;0
99.7;20037632;0
0.0;16474112;0
100.3;19873792;0
143.3;21929984;0
116.4;19922944;0
33.2;19922944;0
83.1;20013056;0
99.4;19996672;0
186.4;20062208;0
86.0;20062208;0
0.0;18231296;0
99.7;20029440;0
117.6;22077440;0
133.0;20070400;0
49.9;20070400;0
66.5;20033536;0
99.7;20033536;0
184.8;22028288;0
99.7;20021248;0
83.1;17997824;0
84.0;20045824;0
99.7;20029440;0
156.2;19890176;0
100.3;19890176;0
71.0;20058112;0
100.3;20058112;0
157.7;22044672;0
99.7;20037632;0
16.6;18014208;0
100.8;19861504;0
99.7;19849216;0
199.5;19918848;0
83.1;19918848;0
0.0;20008960;0
100.8;20013056;0
116.4;21975040;0
127.8;19968000;0
100.3;19968000;0
71.7;19988480;0
99.7;19972096;0
99.7;20172800;0
99.7;18153472;0
116.4;19996672;0
100.8;18485248;0
149.6;20197376;0
99.4;20197376;0
71.7;20320256;0
100.3;20320256;0
170.5;21946368;0
114.7;19988480;0
28.4;19988480;0
83.1;20062208;0
100.8;19968000;0
143.3;20115456;0
99.4;20115456;0
86.0;20135936;0
100.8;20140032;0
166.2;22171648;0
99.7;20164608;0
16.6;18145280;0
99.7;20172800;0
99.7;18149376;0
100.8;20111360;0
66.5;20140032;0
99.7;20140032;0
129.0;22179840;0
114.7;20172800;0
42.6;20172800;0
83.1;20250624;0
99.7;20250624;0
170.5;20008960;0
100.3;20008960;0
16.8;16809984;0
100.3;20185088;0
142.0;22065152;0
116.4;20058112;0
33.6;20058112;0
83.1;20078592;0
99.7;20103168;0
182.8;19927040;0
99.7;19927040;0
86.0;17145856;0
100.8;19988480;0
157.7;22204416;0
113.6;20213760;0
43.0;20213760;0
67.2;20193280;0
99.7;18186240;0
83.1;20209664;0
71.7;18186240;0
99.4;20287488;0
116.4;22118400;0
117.6;20160512;0
33.2;20160512;0
71.0;20299776;0
86.0;18276352;0
100.8;20299776;0
66.5;18276352;0
116.4;20250624;0
99.7;19128320;0
116.4;20185088;0
57.3;20185088;0
57.3;20152320;0
99.4;20152320;0
99.7;20062208;0
100.8;20074496;0
166.2;19951616;0
85.2;20013056;0
0.0;16347136;0
99.7;19955712;0
43.0;17932288;0
0.0;17932288;0
