0.0;10506240;0
0.0;10506240;0
0.0;10506240;0
0.0;10506240;0
0.0;10506240;0
14.3;11730944;0
99.7;12689408;0
57.3;12783616;0
99.7;12783616;0
49.9;12931072;0
99.7;12931072;0
71.7;12857344;0
99.7;12890112;0
49.9;13066240;0
100.8;13094912;0
56.8;13099008;0
99.7;13160448;0
66.5;13299712;0
100.8;13299712;0
71.0;13361152;0
100.8;13361152;0
66.5;13361152;0
99.7;13348864;0
56.8;13426688;0
100.8;11403264;0
66.5;13488128;0
99.7;11472896;0
71.7;13484032;0
99.7;13541376;154
83.1;13496320;7
83.1;11481088;0
86.0;13582336;0
83.1;11563008;0
100.8;13688832;0
49.9;11669504;0
99.7;13676544;0
56.8;12738560;0
99.7;13611008;0
57.3;13778944;0
99.4;13778944;0
67.2;13787136;0
99.7;13787136;0
49.9;13795328;0
99.4;13795328;0
57.3;13639680;0
99.7;13639680;0
49.9;13639680;0
100.8;13639680;0
56.8;13496320;0
100.3;13623296;0
49.9;13787136;0
100.8;11767808;0
66.5;13602816;0
86.0;11583488;0
71.7;13774848;0
83.1;11751424;0
83.1;13774848;0
71.7;11755520;0
86.0;13733888;0
56.8;11714560;0
100.8;13582336;0
66.5;11558912;0
99.7;13836288;0
66.5;13815808;0
100.3;13815808;0
71.7;13836288;0
99.4;13836288;0
71.7;13791232;0
100.3;13791232;0
49.9;13828096;0
99.7;13828096;0
66.5;13832192;0
100.3;13832192;0
71.0;13811712;0
100.3;13795328;0
83.1;13791232;0
99.7;11767808;0
83.1;13623296;0
83.1;11603968;0
67.2;13791232;0
71.0;11771904;0
100.3;13586432;0
57.3;11464704;0
99.4;13688832;0
71.7;13651968;0
99.7;13651968;0
50.4;13697024;0
99.7;13697024;0
57.3;13639680;0
100.3;13639680;0
56.8;13668352;0
99.7;13668352;0
66.5;13656064;0
100.8;13643776;0
66.5;13553664;0
99.7;13537280;0
57.3;13668352;0
99.4;11649024;0
71.7;13647872;0
83.1;11628544;0
84.0;13697024;0
83.1;11673600;0
99.7;13516800;0
57.3;11493376;0
85.2;13516800;0
57.3;11493376;0
99.4;13672448;0
57.3;14200832;0
100.3;13676544;0
71.0;13651968;0
100.3;13651968;0
49.9;13549568;0
99.4;13549568;0
71.7;13688832;0
99.7;13688832;0
67.2;13647872;0
99.7;11628544;0
66.5;13692928;0
86.0;11669504;0
71.0;13692928;0
71.7;11673600;0
85.2;13643776;0
67.2;11620352;0
100.3;13692928;0
71.0;13676544;0
100.3;13676544;0
83.1;13697024;0
99.7;13697024;0
49.9;13672448;0
99.7;13672448;0
50.4;13688832;0
99.7;13688832;0
66.5;13643776;0
100.8;11624448;0
66.5;13697024;0
86.0;11673600;0
71.0;13639680;0
71.7;11616256;0
100.8;13688832;0
56.8;11669504;0
114.7;13688832;0
71.7;15093760;0
99.4;13643776;0
66.5;13688832;0
99.7;13688832;0
49.9;13692928;0
100.8;13692928;0
49.9;13692928;0
99.7;13692928;0
67.2;13664256;0
85.2;11644928;0
83.1;13680640;0
66.5;11657216;0
86.0;13656064;0
57.3;11632640;0
99.7;13676544;0
66.5;13692928;0
100.3;13692928;0
71.7;13692928;0
99.4;13692928;0
57.3;13680640;0
99.4;13680640;0
57.3;13647872;0
86.0;11624448;0
71.0;13676544;0
71.7;11653120;0
86.0;13651968;0
71.0;11628544;0
100.3;13664256;0
66.5;11640832;0
99.7;13533184;0
67.2;13697024;0
99.7;13697024;0
49.9;13639680;0
100.8;13639680;0
66.5;13688832;0
99.7;13688832;0
49.9;13647872;0
99.7;11628544;0
67.2;13647872;0
83.1;11624448;0
83.1;13697024;0
71.7;11673600;0
85.2;13643776;0
57.3;11620352;0
99.7;13692928;0
83.1;13676544;0
100.8;13676544;0
66.5;13692928;0
83.1;13692928;0
67.2;13688832;0
99.7;13688832;0
49.9;13692928;0
99.7;11673600;0
66.5;13656064;0
84.0;11632640;0
83.1;13701120;0
66.5;11677696;0
86.0;13684736;0
67.2;13651968;0
99.7;13651968;0
66.5;13697024;0
99.7;13697024;0
49.9;13557760;0
100.3;13541376;0
66.5;13697024;0
71.0;11673600;0
84.0;13697024;0
71.7;11673600;0
99.4;13676544;0
66.5;13557760;0
99.7;11534336;0
84.0;13697024;0
66.5;11673600;0
99.7;13651968;0
49.9;12132352;0
99.4;13688832;0
86.0;13688832;0
100.3;13688832;0
71.0;13688832;0
99.7;13688832;0
50.4;13647872;0
99.7;13647872;0
66.5;13639680;0
83.1;11616256;0
83.1;13668352;0
67.2;11649024;0
100.3;13692928;0
56.8;13697024;0
99.7;13697024;0
67.2;13697024;0
100.3;13697024;0
56.8;13647872;0
100.3;13647872;0
56.8;13643776;0
99.7;11620352;0
84.0;13692928;0
83.1;11673600;0
99.7;13504512;0
67.2;11481088;0
99.7;13676544;0
49.9;11653120;0
99.7;13688832;0
66.5;13688832;0
99.4;13688832;0
71.7;13688832;0
100.3;13688832;0
42.6;13643776;0
100.3;13631488;0
57.3;13692928;0
85.2;11669504;0
83.1;13684736;0
66.5;11665408;0
116.4;13680640;0
50.4;11661312;0
100.3;13668352;0
71.0;13643776;0
99.7;13643776;0
67.2;13688832;0
100.3;13688832;0
71.0;13692928;0
86.0;11673600;0
71.0;13651968;0
71.7;11628544;0
100.3;13697024;0
57.3;13697024;0
99.7;13697024;0
83.1;13651968;0
100.3;13651968;0
57.3;13692928;0
85.2;11669504;0
71.7;13688832;0
83.1;11681792;0
99.7;13737984;0
67.2;11718656;0
99.7;13742080;0
49.9;13742080;0
100.3;13742080;0
57.3;13709312;0
99.4;13709312;0
66.5;13713408;0
99.7;13713408;0
66.5;13729792;0
100.8;13717504;0
114.7;13762560;0
99.4;13762560;0
28.7;13737984;0
50.4;15675392;0
28.7;13668352;0
16.6;13733888;0
42.6;13746176;0
28.7;13729792;0
56.8;13774848;0
100.3;15601664;0
151.2;13643776;0
116.4;15761408;0
49.9;13742080;0
100.3;15761408;0
129.0;17100800;0
113.6;15790080;0
