50.0;84.3;36.1;0.0
45.0;101.5;63.9;0.0
50.0;114.1;81.8;0.0
84.9;134.7;51.4;0.0
55.0;154.5;42.3;0.0
34.6;159.3;2.6;0.0
0.0;159.3;0.0;0.0
0.0;159.3;0.1;0.0
0.0;159.3;0.0;0.0
0.0;159.3;0.0;0.0
0.0;159.3;1.3;0.0
0.0;159.3;0.0;0.0
0.0;159.3;0.7;0.0
0.0;159.3;0.4;0.0
0.0;159.3;0.0;0.0
14.9;160.1;0.4;0.0
51.4;160.1;0.0;0.0
50.0;160.1;0.0;0.0
49.9;160.1;1.2;0.0
45.0;160.6;0.2;0.0
0.0;160.6;0.0;0.0
0.0;160.6;0.1;0.0
0.0;160.6;0.0;0.0
0.0;160.6;1.3;0.0
0.0;160.6;0.0;0.0
0.0;160.6;0.7;0.0
0.0;160.6;0.0;0.0
0.0;160.6;0.5;0.0
0.0;160.6;0.0;0.0
5.0;160.8;0.5;0.0
0.0;160.8;0.0;0.0
0.0;160.8;0.0;0.0
0.0;160.8;0.0;0.0
0.0;160.8;0.0;0.0
0.0;160.8;0.0;0.0
0.0;160.8;0.0;0.0
0.0;160.8;0.0;0.0
0.0;160.8;0.0;0.0
0.0;160.8;0.0;0.0
0.0;160.8;0.0;0.0
0.0;160.8;0.0;0.0
0.0;160.8;0.0;0.0
0.0;160.8;0.0;0.0
0.0;160.8;0.0;0.0
0.0;160.8;0.0;0.0
0.0;160.8;0.0;0.0
0.0;160.8;0.0;0.0
0.0;160.8;0.0;0.0
0.0;160.8;0.0;0.0
0.0;160.8;0.0;0.0
0.0;160.8;0.0;0.0
0.0;160.8;0.0;0.0
0.0;160.8;0.0;0.0
0.0;160.8;0.0;0.0
0.0;160.8;0.0;0.0
0.0;160.8;0.0;0.0
0.0;160.8;0.0;0.0
0.0;160.8;0.0;0.0
0.0;160.8;0.0;0.0
0.0;160.8;0.0;0.0
0.0;160.8;0.0;0.0
0.0;160.8;0.0;0.0
0.0;160.8;0.0;0.0
0.0;160.8;0.0;0.0
0.0;160.8;0.0;0.0
0.0;160.8;0.0;0.0
0.0;160.8;0.0;0.0
0.0;160.8;0.0;0.0
0.0;160.8;0.0;0.0
0.0;160.8;0.0;0.0
0.0;160.8;0.0;0.0
0.0;160.8;0.0;0.0
0.0;160.8;0.0;0.0
0.0;160.8;0.0;0.0
0.0;160.8;0.0;0.0
0.0;160.8;0.0;0.0
0.0;160.8;0.0;0.0
0.0;160.8;0.0;0.0
0.0;160.8;0.0;0.0
0.0;160.8;0.0;0.0
0.0;160.8;0.0;0.0
0.0;160.8;0.0;0.0
0.0;160.8;0.0;0.0
0.0;160.8;0.0;0.0
0.0;160.8;0.0;0.0
0.0;160.8;0.0;0.0
0.0;160.8;0.0;0.0
0.0;160.8;0.0;0.0
0.0;160.8;0.0;0.0
0.0;160.8;0.0;0.0
0.0;160.8;0.0;0.0
0.0;160.8;0.0;0.0
0.0;160.8;0.0;0.0
0.0;160.8;0.0;0.0
0.0;160.8;0.0;0.0
0.0;160.8;0.0;0.0
0.0;160.8;0.0;0.0
0.0;160.8;0.0;0.0
0.0;160.8;0.0;0.0
0.0;160.8;0.0;0.0
