8.3;37.1;18.9;1.3;1.0;891.0
6.0;97.7;105.7;9.1;0.0;891.0
7.2;138.6;149.9;8.8;0.0;891.0
8.3;169.1;127.5;7.2;0.0;891.0
8.4;198.3;98.4;6.8;0.0;891.0
8.3;220.1;137.6;4.6;1.0;891.0
8.4;237.0;48.3;0.3;0.0;999.0
8.3;708.7;14.4;33.2;3.0;6569.0
8.3;984.1;1.1;33.3;18.0;7846.0
0.0;984.2;2.6;0.0;0.0;7846.0
0.0;984.2;0.0;0.0;0.0;7846.0
0.0;984.2;0.0;0.0;0.0;7846.0
0.0;984.2;0.0;0.0;0.0;7846.0
0.0;984.2;0.0;0.0;0.0;7846.0
0.0;984.2;0.0;0.0;0.0;7846.0
0.0;984.2;0.0;0.0;0.0;7846.0
0.0;984.2;0.0;0.0;0.0;7846.0
0.0;984.2;0.0;0.0;0.0;7846.0
7.2;1132.1;0.8;111.3;0.0;7846.0
0.0;1139.9;1.1;42.2;0.0;7846.0
8.4;1295.6;0.1;0.0;0.0;7846.0
8.4;1301.0;0.0;0.0;0.0;7846.0
8.3;1311.7;0.2;0.0;0.0;7846.0
8.4;1323.1;0.1;0.0;0.0;7846.0
8.3;1360.0;0.3;0.0;1.0;7846.0
8.3;1389.7;0.6;1.4;0.0;7846.0
8.3;1417.0;0.3;1.5;0.0;7846.0
8.4;1419.1;0.0;0.0;0.0;7846.0
8.4;1422.5;0.0;0.0;0.0;7846.0
8.3;1438.4;0.0;0.0;0.0;7846.0
8.3;1549.4;0.2;0.0;6.0;7977.0
9.7;1920.7;5.3;0.1;75.0;8015.0
8.3;1921.5;15.4;0.2;96.0;8015.0
8.4;1921.6;0.0;0.0;99.0;8015.0
8.3;1921.6;0.0;0.0;96.0;8015.0
11.2;1921.6;0.0;0.0;96.0;8015.0
10.8;1921.6;0.0;0.0;99.0;8015.0
8.4;1921.7;0.0;0.0;96.0;8015.0
8.4;1921.7;0.0;0.0;96.0;8015.0
9.7;1921.7;0.0;0.0;99.0;8015.0
9.8;1921.7;0.0;0.0;96.0;8015.0
8.3;1921.7;0.0;0.0;96.0;8015.0
8.4;1921.7;0.0;0.0;96.0;8015.0
9.7;1921.7;0.0;0.0;96.0;8015.0
8.3;1921.7;0.0;0.0;96.0;8015.0
8.4;1921.8;0.0;0.0;96.0;8015.0
9.5;1921.4;18.0;0.3;90.0;8015.0
7.2;1968.6;8.0;0.1;11.0;8015.0
59.6;2469.2;4.4;0.1;28.0;8015.0
100.3;2961.2;0.0;0.0;0.0;8015.0
8.4;2964.0;3.1;0.8;0.0;8015.0
8.3;2964.6;1.2;6.8;0.0;8015.0
8.4;2965.1;1.3;4.5;0.0;8015.0
8.3;2965.8;1.5;6.8;0.0;8015.0
8.4;2966.6;1.5;6.8;0.0;8015.0
8.3;2966.5;1.5;6.8;0.0;8015.0
8.4;2966.9;1.2;0.3;0.0;8015.0
8.4;2968.4;4.0;34.4;0.0;8015.0
8.3;2974.0;0.9;3.0;52.0;8015.0
10.8;2974.0;0.0;0.0;96.0;8015.0
8.3;2974.0;0.0;0.0;96.0;8015.0
8.3;2974.0;0.0;0.0;95.0;8015.0
8.3;2974.0;0.0;0.0;96.0;8015.0
9.6;2974.0;0.0;0.0;96.0;8015.0
8.4;2974.0;0.0;0.0;96.0;8015.0
9.5;2974.0;0.0;0.0;96.0;8015.0
8.3;2974.0;0.0;0.0;96.0;8015.0
8.3;2974.0;0.0;0.0;96.0;8015.0
8.3;2974.0;0.0;0.0;96.0;8015.0
8.4;2974.1;0.0;0.0;99.0;8015.0
9.7;2974.1;0.0;0.0;96.0;8015.0
8.4;2974.1;0.0;0.0;96.0;8015.0
8.4;2974.1;0.0;0.0;99.0;8015.0
8.4;2978.7;0.0;0.0;0.0;8015.0
97.9;2978.7;0.0;0.0;0.0;8015.0
95.9;2978.7;0.0;0.0;0.0;8015.0
99.4;2978.7;0.0;0.0;0.0;8015.0
8.3;2973.9;15.2;67.4;0.0;8015.0
8.4;2977.9;0.6;1.5;0.0;8015.0
9.7;2983.5;0.3;1.6;99.0;8015.0
9.7;2983.5;0.0;0.0;96.0;8015.0
10.8;2983.5;0.0;0.0;96.0;8015.0
8.3;2983.5;0.0;0.0;99.0;8015.0
8.4;2983.5;0.0;0.0;96.0;8015.0
20.8;2983.5;0.0;0.0;96.0;8015.0
8.3;2983.5;0.0;0.0;99.0;8015.0
8.4;2983.5;0.0;0.0;96.0;8015.0
8.3;2983.5;0.0;0.0;96.0;8015.0
8.4;2983.5;0.0;0.0;99.0;8015.0
12.5;2983.5;0.0;0.0;95.0;8015.0
8.4;2983.5;0.0;0.0;96.0;8015.0
10.8;2983.5;0.0;0.0;96.0;8015.0
8.3;2983.5;0.0;0.0;95.0;8015.0
11.2;2983.0;0.0;0.0;79.0;8015.0
8.3;2994.5;0.0;0.0;2.0;8015.0
99.4;2994.5;0.0;0.0;0.0;8015.0
100.0;2994.5;0.0;0.0;0.0;8015.0
100.3;2994.5;0.0;0.0;0.0;8015.0
94.2;2994.5;0.0;0.0;0.0;8015.0
8.4;2989.2;15.2;67.8;1.0;8015.0
8.3;2991.6;0.6;1.5;0.0;8015.0
8.4;2999.3;0.3;1.6;96.0;8015.0
9.7;2999.3;0.0;0.0;98.0;8015.0
8.4;2999.3;0.0;0.0;95.0;8015.0
9.6;2999.3;0.0;0.0;96.0;8015.0
8.4;2999.3;0.0;0.0;99.0;8015.0
9.8;2999.3;0.0;0.0;96.0;8015.0
8.3;2999.3;0.0;0.0;96.0;8015.0
8.4;2999.3;0.0;0.0;99.0;8015.0
8.3;2999.3;0.0;0.0;96.0;8015.0
8.3;2999.3;0.0;0.0;96.0;8015.0
9.7;2999.3;0.0;0.0;99.0;8015.0
9.6;2999.3;0.0;0.0;96.0;8015.0
7.1;2999.3;0.0;0.0;96.0;8015.0
8.4;2999.3;0.0;0.0;99.0;8015.0
8.3;2998.8;0.0;0.0;53.0;8015.0
46.6;3005.6;0.0;0.0;42.0;8015.0
99.4;3005.6;0.0;0.0;0.0;8015.0
99.1;3005.6;0.0;0.0;0.0;8015.0
98.0;3005.6;0.0;0.0;0.0;8015.0
100.3;3005.6;0.0;0.0;0.0;8015.0
97.1;3005.6;0.0;0.0;0.0;8015.0
8.4;3000.1;15.2;68.1;1.0;8015.0
8.3;3002.3;0.6;1.6;0.0;8015.0
8.4;3012.3;0.3;1.7;75.0;8015.0
7.1;3012.3;0.0;0.0;96.0;8015.0
7.2;3012.3;0.0;0.0;96.0;8015.0
8.3;3012.3;0.0;0.0;96.0;8015.0
8.3;3012.3;0.0;0.0;96.0;8015.0
8.4;3012.3;0.0;0.0;96.0;8015.0
8.3;3012.3;0.0;0.0;96.0;8015.0
8.3;3012.3;0.0;0.0;96.0;8015.0
9.7;3012.3;0.0;0.0;96.0;8015.0
8.3;3012.3;0.0;0.0;96.0;8015.0
9.6;3012.3;0.0;0.0;95.0;8015.0
10.7;3012.3;0.0;0.0;96.0;8015.0
8.4;3012.3;0.0;0.0;96.0;8015.0
9.7;3012.3;0.0;0.0;96.0;8015.0
8.4;3011.8;0.0;0.0;96.0;8015.0
8.4;3025.1;0.0;0.0;0.0;8015.0
99.1;3025.5;0.0;0.0;0.0;8015.0
98.2;3025.5;0.0;0.0;0.0;8015.0
100.3;3025.5;0.0;0.0;0.0;8015.0
100.0;3025.5;0.0;0.0;0.0;8015.0
97.1;3025.5;0.0;0.0;0.0;8015.0
100.3;3025.5;0.0;0.0;0.0;8015.0
98.2;3025.5;0.0;0.0;0.0;8015.0
8.3;3020.0;15.2;68.5;0.0;8015.0
8.3;3023.6;0.6;1.7;0.0;8015.0
8.3;3029.1;0.3;1.8;98.0;8015.0
8.3;3029.1;0.0;0.0;96.0;8015.0
9.6;3029.1;0.0;0.0;97.0;8015.0
8.3;3029.1;0.0;0.0;98.0;8015.0
9.7;3029.1;0.0;0.0;96.0;8015.0
8.3;3029.1;0.0;0.0;97.0;8015.0
9.5;3029.1;0.0;0.0;97.0;8015.0
9.6;3029.1;0.0;0.0;96.0;8015.0
11.1;3029.1;0.0;0.0;96.0;8015.0
8.4;3029.1;0.0;0.0;97.0;8015.0
8.4;3029.1;0.0;0.0;96.0;8015.0
9.6;3029.1;0.0;0.0;96.0;8015.0
8.4;3029.1;0.0;0.0;97.0;8015.0
8.3;3029.1;0.0;0.0;96.0;8015.0
8.4;3028.6;0.0;0.0;95.0;8015.0
8.3;3039.9;0.0;0.0;0.0;8015.0
100.0;3041.3;0.0;0.0;0.0;8015.0
95.6;3041.3;0.0;0.0;0.0;8015.0
99.4;3041.3;0.0;0.0;0.0;8015.0
99.4;3041.3;0.0;0.0;0.0;8015.0
99.0;3041.3;0.0;0.0;0.0;8015.0
99.4;3041.3;0.0;0.0;0.0;8015.0
99.7;3041.3;0.0;0.0;0.0;8015.0
99.7;3041.3;0.0;0.0;0.0;8015.0
97.9;3041.3;0.0;0.0;0.0;8015.0
8.4;3035.9;15.2;68.8;1.0;8015.0
8.3;3037.9;0.6;1.7;0.0;8015.0
8.3;3046.2;0.3;1.8;86.0;8015.0
8.4;3046.2;0.0;0.0;96.0;8015.0
9.5;3046.2;0.0;0.0;96.0;8015.0
8.3;3046.2;0.0;0.0;96.0;8015.0
8.3;3046.2;0.0;0.0;99.0;8015.0
11.8;3046.2;0.0;0.0;96.0;8015.0
8.4;3046.2;0.0;0.0;96.0;8015.0
8.3;3046.2;0.0;0.0;98.0;8015.0
12.6;3046.2;0.0;0.0;96.0;8015.0
8.3;3046.2;0.0;0.0;97.0;8015.0
9.6;3046.2;0.0;0.0;97.0;8015.0
8.4;3046.2;0.0;0.0;96.0;8015.0
8.3;3046.2;0.0;0.0;97.0;8015.0
8.4;3046.2;0.0;0.0;96.0;8015.0
8.3;3046.2;0.0;0.0;96.0;8015.0
8.4;3056.7;0.0;0.0;0.0;8015.0
60.4;3060.4;0.0;0.0;50.0;8015.0
99.1;3060.4;0.0;0.0;0.0;8015.0
99.1;3060.4;0.0;0.0;0.0;8015.0
96.8;3060.4;0.0;0.0;0.0;8015.0
100.0;3060.4;0.0;0.0;0.0;8015.0
96.6;3060.4;0.0;0.0;0.0;8015.0
98.2;3060.4;0.0;0.0;0.0;8015.0
100.3;3060.4;0.0;0.0;0.0;8015.0
98.0;3060.4;0.0;0.0;0.0;8015.0
95.6;3060.4;0.0;0.0;0.0;8015.0
97.0;3060.4;0.0;0.0;0.0;8015.0
9.6;3087.9;15.1;69.2;2.0;8015.0
8.3;3058.8;0.4;0.0;0.0;8015.0
8.4;3064.6;0.6;3.7;0.0;8015.0
8.4;3065.0;0.0;0.0;96.0;8015.0
8.3;3065.0;0.0;0.0;99.0;8015.0
8.4;3065.0;0.0;0.0;96.0;8015.0
9.5;3065.0;0.0;0.0;96.0;8015.0
8.3;3065.0;0.0;0.0;99.0;8015.0
8.3;3065.0;0.0;0.0;96.0;8015.0
6.9;3065.0;0.0;0.0;96.0;8015.0
8.4;3065.0;0.0;0.0;99.0;8015.0
8.3;3065.0;0.0;0.0;96.0;8015.0
11.1;3065.0;0.0;0.0;96.0;8015.0
8.3;3065.0;0.0;0.0;99.0;8015.0
8.3;3065.0;0.0;0.0;96.0;8015.0
8.4;3065.0;0.0;0.0;96.0;8015.0
9.7;3065.0;0.0;0.0;96.0;8015.0
8.4;3073.7;0.0;0.0;30.0;8015.0
8.4;3082.0;0.0;0.0;1.0;8015.0
99.1;3082.1;0.0;0.0;0.0;8015.0
100.3;3082.1;0.0;0.0;0.0;8015.0
99.7;3082.1;0.0;0.0;0.0;8015.0
96.8;3082.1;0.0;0.0;0.0;8015.0
99.0;3082.1;0.0;0.0;0.0;8015.0
100.0;3082.1;0.0;0.0;0.0;8015.0
99.1;3082.1;0.0;0.0;0.0;8015.0
98.0;3082.1;0.0;0.0;0.0;8015.0
99.4;3082.1;0.0;0.0;0.0;8015.0
94.8;3082.1;0.0;0.0;0.0;8015.0
98.0;3082.1;0.0;0.0;0.0;8015.0
8.3;3109.4;15.1;69.6;2.0;8015.0
8.4;3078.7;0.7;1.9;0.0;8015.0
8.3;3083.6;0.3;2.0;0.0;8015.0
8.4;3083.6;0.0;0.0;96.0;8015.0
11.1;3083.6;0.0;0.0;96.0;8015.0
7.2;3083.6;0.0;0.0;96.0;8015.0
8.4;3083.6;0.0;0.0;96.0;8015.0
9.6;3083.6;0.0;0.0;97.0;8015.0
8.4;3083.6;0.0;0.0;96.0;8015.0
14.2;3083.6;0.0;0.0;96.0;8015.0
8.4;3083.6;0.0;0.0;96.0;8015.0
9.5;3083.6;0.0;0.0;95.0;8015.0
8.3;3083.6;0.0;0.0;96.0;8015.0
8.3;3083.6;0.0;0.0;96.0;8015.0
8.3;3083.6;0.0;0.0;96.0;8015.0
8.4;3083.6;0.0;0.0;96.0;8015.0
10.7;3083.6;0.0;0.0;96.0;8015.0
8.3;3095.0;0.0;0.0;45.0;8015.0
8.3;3105.2;0.0;0.0;0.0;8015.0
96.8;3105.5;0.0;0.0;0.0;8015.0
99.1;3105.5;0.0;0.0;0.0;8015.0
94.2;3105.6;0.0;0.0;0.0;8015.0
100.3;3105.6;0.0;0.0;0.0;8015.0
98.0;3105.6;0.0;0.0;0.0;8015.0
99.4;3105.6;0.0;0.0;0.0;8015.0
97.1;3105.6;0.0;0.0;0.0;8015.0
96.8;3105.6;0.0;0.0;0.0;8015.0
99.1;3105.6;0.0;0.0;0.0;8015.0
100.3;3105.6;0.0;0.0;0.0;8015.0
82.3;3105.6;0.0;0.0;0.0;8015.0
92.8;3105.6;0.0;0.0;0.0;8015.0
100.3;3105.6;0.0;0.0;0.0;8015.0
35.8;3108.8;0.0;0.0;0.0;8015.0
8.4;3101.9;15.2;69.9;0.0;8015.0
8.3;3102.1;0.6;1.9;0.0;8015.0
8.4;3106.8;0.3;2.1;96.0;8015.0
8.4;3106.8;0.0;0.0;97.0;8015.0
8.4;3106.8;0.0;0.0;96.0;8015.0
8.4;3106.8;0.0;0.0;95.0;8015.0
8.3;3106.8;0.0;0.0;98.0;8015.0
8.4;3106.8;0.0;0.0;96.0;8015.0
10.7;3106.8;0.0;0.0;96.0;8015.0
9.6;3106.8;0.0;0.0;98.0;8015.0
8.3;3106.8;0.0;0.0;96.0;8015.0
9.7;3106.8;0.0;0.0;96.0;8015.0
7.2;3106.8;0.0;0.0;98.0;8015.0
9.5;3106.8;0.0;0.0;96.0;8015.0
8.3;3106.8;0.0;0.0;96.0;8015.0
9.7;3106.8;0.0;0.0;96.0;8015.0
10.7;3106.4;0.0;0.0;96.0;8015.0
8.4;3120.7;0.0;0.0;0.0;8015.0
8.3;3130.3;0.0;0.0;1.0;8015.0
100.3;3130.3;0.0;0.0;0.0;8015.0
95.9;3130.3;0.0;0.0;0.0;8015.0
99.1;3130.3;0.0;0.0;0.0;8015.0
100.3;3130.3;0.0;0.0;0.0;8015.0
99.7;3130.3;0.0;0.0;0.0;8015.0
99.1;3130.3;0.0;0.0;0.0;8015.0
98.4;3130.3;0.0;0.0;0.0;8015.0
98.2;3130.3;0.0;0.0;0.0;8015.0
92.0;3130.3;0.0;0.0;0.0;8015.0
95.6;3130.3;0.0;0.0;0.0;8015.0
95.6;3130.3;0.0;0.0;0.0;8015.0
99.0;3130.3;0.0;0.0;0.0;8015.0
97.0;3130.3;0.0;0.0;0.0;8015.0
98.4;3130.3;0.0;0.0;0.0;8015.0
8.3;3124.4;15.2;70.2;0.0;8015.0
