7.1;35.8;18.9;1.5;2.0;891.0
8.4;97.7;109.5;9.4;0.0;891.0
8.3;138.9;147.5;8.8;0.0;891.0
7.0;169.1;129.9;7.2;0.0;891.0
8.4;197.2;95.8;6.6;0.0;891.0
8.4;220.1;140.2;4.8;4.0;891.0
8.4;236.2;40.7;0.3;1.0;993.0
8.4;710.9;22.0;33.2;5.0;5481.0
8.4;1017.5;0.8;33.3;1.0;7846.0
0.0;984.3;2.9;0.0;0.0;7846.0
0.0;984.3;0.0;0.0;0.0;7846.0
0.0;984.3;0.0;0.0;0.0;7846.0
0.0;984.3;0.0;0.0;0.0;7846.0
0.0;973.4;0.0;0.0;0.0;7846.0
0.0;973.4;0.0;0.0;0.0;7846.0
0.0;973.4;0.0;0.0;0.0;7846.0
0.0;973.4;0.0;0.0;0.0;7846.0
0.0;973.4;0.0;0.0;0.0;7846.0
2.4;1009.4;0.3;36.1;0.0;7846.0
0.0;1129.1;1.6;117.4;0.0;7846.0
8.4;1284.8;0.1;0.0;0.0;7846.0
8.4;1288.0;0.0;0.0;0.0;7846.0
8.4;1298.8;0.0;0.0;0.0;7846.0
8.3;1310.6;0.3;0.0;0.0;7846.0
8.3;1345.5;0.1;0.0;1.0;7846.0
8.4;1363.6;0.8;1.4;0.0;7846.0
8.3;1404.7;0.3;1.5;0.0;7846.0
8.4;1409.3;0.0;0.0;0.0;7846.0
8.3;1411.3;0.0;0.0;0.0;7846.0
8.3;1429.0;0.0;0.0;0.0;7846.0
8.3;1472.1;0.1;0.0;6.0;7949.0
7.3;1908.6;2.2;0.0;11.0;8013.0
8.4;1910.1;18.4;0.3;92.0;8013.0
9.7;1910.3;0.8;0.0;96.0;8013.0
9.7;1910.5;0.0;0.0;96.0;8013.0
8.4;1910.6;0.0;0.0;96.0;8013.0
8.3;1910.6;0.0;0.0;96.0;8013.0
8.4;1910.6;0.0;0.0;96.0;8013.0
9.7;1910.6;0.0;0.0;96.0;8013.0
8.4;1910.6;0.0;0.0;96.0;8013.0
8.4;1910.6;0.0;0.0;96.0;8013.0
8.4;1910.6;0.0;0.0;96.0;8013.0
8.4;1910.7;0.0;0.0;96.0;8013.0
8.3;1910.8;0.0;0.0;96.0;8013.0
9.6;1910.8;0.0;0.0;96.0;8013.0
9.5;1910.9;0.0;0.0;97.0;8013.0
8.3;1910.4;5.2;0.1;81.0;8013.0
8.3;1959.3;16.0;0.2;0.0;8013.0
8.3;1961.4;9.2;0.1;0.0;8013.0
99.0;2951.5;0.0;0.0;0.0;8013.0
38.2;2946.4;2.7;0.4;0.0;8013.0
8.3;2954.4;1.1;4.9;0.0;8013.0
8.3;2954.7;1.3;4.5;0.0;8013.0
8.3;2956.9;1.2;6.8;0.0;8013.0
8.4;2956.2;1.5;6.8;0.0;8013.0
8.3;2957.7;1.3;4.5;0.0;8013.0
8.4;2957.6;1.6;4.5;0.0;8013.0
8.4;2962.6;4.6;34.7;0.0;8013.0
8.4;2961.2;0.6;1.4;0.0;8013.0
8.4;2965.9;0.3;1.5;96.0;8013.0
9.7;2965.9;0.0;0.0;96.0;8013.0
8.4;2965.9;0.0;0.0;96.0;8013.0
8.3;2965.9;0.0;0.0;98.0;8013.0
10.8;2965.9;0.0;0.0;96.0;8013.0
8.3;2965.9;0.0;0.0;96.0;8013.0
8.3;2965.9;0.0;0.0;97.0;8013.0
8.4;2965.9;0.0;0.0;96.0;8013.0
9.5;2965.9;0.0;0.0;97.0;8013.0
8.4;2965.9;0.0;0.0;99.0;8013.0
8.3;2966.0;0.0;0.0;96.0;8013.0
9.5;2966.0;0.0;0.0;97.0;8013.0
8.4;2966.0;0.0;0.0;98.0;8013.0
8.3;2966.0;0.0;0.0;96.0;8013.0
8.4;2968.6;0.0;0.0;84.0;8013.0
94.4;2970.4;0.0;0.0;24.0;8013.0
99.1;2970.4;0.0;0.0;0.0;8013.0
95.8;2970.4;0.0;0.0;0.0;8013.0
44.2;2965.2;4.8;10.2;0.0;8013.0
8.4;2966.3;10.4;57.2;0.0;8013.0
8.3;2978.0;0.9;3.1;52.0;8013.0
14.3;2974.2;0.0;0.0;96.0;8013.0
8.3;2974.2;0.0;0.0;96.0;8013.0
9.7;2974.2;0.0;0.0;96.0;8013.0
8.3;2974.2;0.0;0.0;96.0;8013.0
8.3;2974.2;0.0;0.0;99.0;8013.0
10.4;2974.2;0.0;0.0;96.0;8013.0
8.3;2974.2;0.0;0.0;97.0;8013.0
8.3;2974.2;0.0;0.0;98.0;8013.0
9.6;2974.2;0.0;0.0;96.0;8013.0
8.3;2974.2;0.0;0.0;95.0;8013.0
8.4;2974.2;0.0;0.0;98.0;8013.0
6.9;2974.2;0.0;0.0;96.0;8013.0
9.8;2974.2;0.0;0.0;96.0;8013.0
8.3;2974.2;0.0;0.0;97.0;8013.0
8.4;2986.6;0.0;0.0;28.0;8013.0
98.4;2986.8;0.0;0.0;0.0;8013.0
100.3;2986.8;0.0;0.0;0.0;8013.0
97.1;2986.8;0.0;0.0;0.0;8013.0
99.1;2986.8;0.0;0.0;0.0;8013.0
94.8;2986.8;0.0;0.0;0.0;8013.0
8.3;2983.2;15.2;67.8;0.0;8013.0
8.3;2987.9;0.6;1.5;0.0;8013.0
9.6;2992.5;0.3;1.6;96.0;8013.0
8.3;2992.5;0.0;0.0;97.0;8013.0
8.3;2992.5;0.0;0.0;96.0;8013.0
9.7;2992.5;0.0;0.0;96.0;8013.0
9.7;2992.5;0.0;0.0;96.0;8013.0
8.4;2992.5;0.0;0.0;96.0;8013.0
8.3;2992.5;0.0;0.0;96.0;8013.0
9.8;2992.5;0.0;0.0;96.0;8013.0
12.5;2992.5;0.0;0.0;95.0;8013.0
8.4;2992.5;0.0;0.0;96.0;8013.0
8.4;2992.5;0.0;0.0;96.0;8013.0
6.9;2992.5;0.0;0.0;95.0;8013.0
8.4;2992.5;0.0;0.0;96.0;8013.0
8.3;2992.5;0.0;0.0;96.0;8013.0
9.6;2995.1;0.0;0.0;98.0;8013.0
33.3;3003.1;0.0;0.0;26.0;8013.0
98.0;3003.1;0.0;0.0;0.0;8013.0
99.4;3003.1;0.0;0.0;0.0;8013.0
100.3;3003.2;0.0;0.0;0.0;8013.0
100.0;3003.2;0.0;0.0;0.0;8013.0
95.6;3003.2;0.0;0.0;0.0;8013.0
46.6;3004.7;0.0;0.0;0.0;8013.0
8.4;2998.2;15.2;68.1;0.0;8013.0
8.4;3001.8;0.6;1.6;0.0;8013.0
11.1;3005.7;0.3;1.7;96.0;8013.0
11.2;3005.7;0.0;0.0;96.0;8013.0
8.3;3005.7;0.0;0.0;96.0;8013.0
10.8;3005.7;0.0;0.0;96.0;8013.0
8.3;3005.7;0.0;0.0;96.0;8013.0
8.3;3005.7;0.0;0.0;96.0;8013.0
8.3;3005.7;0.0;0.0;96.0;8013.0
11.8;3005.7;0.0;0.0;96.0;8013.0
9.6;3005.7;0.0;0.0;96.0;8013.0
8.3;3005.7;0.0;0.0;96.0;8013.0
8.3;3005.7;0.0;0.0;96.0;8013.0
9.6;3005.7;0.0;0.0;96.0;8013.0
10.7;3005.7;0.0;0.0;96.0;8013.0
8.4;3007.4;0.0;0.0;96.0;8013.0
8.3;3005.2;0.0;0.0;90.0;8013.0
22.4;3015.0;0.0;0.0;43.0;8013.0
99.4;3015.0;0.0;0.0;0.0;8013.0
100.3;3015.0;0.0;0.0;0.0;8013.0
98.0;3015.0;0.0;0.0;0.0;8013.0
93.2;3015.0;0.0;0.0;0.0;8013.0
99.1;3015.0;0.0;0.0;0.0;8013.0
99.4;3015.0;0.0;0.0;0.0;8013.0
96.8;3015.0;0.0;0.0;0.0;8013.0
12.5;3009.4;11.0;33.8;2.0;8013.0
8.3;3011.6;4.2;34.7;0.0;8013.0
8.4;3025.3;0.9;3.4;18.0;8013.0
8.3;3021.4;0.0;0.0;99.0;8013.0
9.7;3021.4;0.0;0.0;96.0;8013.0
9.7;3021.4;0.0;0.0;96.0;8013.0
13.0;3021.4;0.0;0.0;99.0;8013.0
9.6;3021.4;0.0;0.0;96.0;8013.0
12.5;3021.4;0.0;0.0;96.0;8013.0
8.4;3021.4;0.0;0.0;99.0;8013.0
8.4;3021.4;0.0;0.0;96.0;8013.0
8.4;3021.4;0.0;0.0;96.0;8013.0
15.5;3021.4;0.0;0.0;99.0;8013.0
8.3;3021.4;0.0;0.0;96.0;8013.0
8.4;3021.4;0.0;0.0;96.0;8013.0
8.3;3021.4;0.0;0.0;96.0;8013.0
10.8;3021.4;0.0;0.0;96.0;8013.0
8.3;3035.1;0.0;0.0;0.0;8013.0
69.3;3037.8;0.0;0.0;2.0;8013.0
96.6;3037.8;0.0;0.0;0.0;8013.0
100.0;3037.8;0.0;0.0;0.0;8013.0
100.0;3037.8;0.0;0.0;0.0;8013.0
99.1;3037.8;0.0;0.0;0.0;8013.0
98.2;3037.8;0.0;0.0;0.0;8013.0
96.8;3037.8;0.0;0.0;0.0;8013.0
99.4;3037.8;0.0;0.0;0.0;8013.0
97.1;3037.8;0.0;0.0;0.0;8013.0
92.8;3037.8;0.0;0.0;0.0;8013.0
8.4;3034.1;15.2;68.8;0.0;8013.0
8.4;3036.6;0.6;1.7;0.0;8013.0
8.4;3041.6;0.3;1.8;99.0;8013.0
9.8;3041.6;0.0;0.0;96.0;8013.0
8.4;3041.6;0.0;0.0;96.0;8013.0
8.4;3041.6;0.0;0.0;99.0;8013.0
8.3;3041.6;0.0;0.0;96.0;8013.0
9.7;3041.6;0.0;0.0;96.0;8013.0
8.3;3041.6;0.0;0.0;99.0;8013.0
8.3;3041.6;0.0;0.0;96.0;8013.0
9.6;3041.6;0.0;0.0;96.0;8013.0
8.3;3041.6;0.0;0.0;99.0;8013.0
8.4;3041.6;0.0;0.0;96.0;8013.0
8.3;3041.6;0.0;0.0;97.0;8013.0
8.3;3041.6;0.0;0.0;96.0;8013.0
10.8;3041.6;0.0;0.0;96.0;8013.0
8.3;3041.1;0.0;0.0;81.0;8013.0
8.4;3054.9;0.0;0.0;0.0;8013.0
99.4;3056.4;0.0;0.0;0.0;8013.0
95.6;3056.4;0.0;0.0;0.0;8013.0
95.6;3056.4;0.0;0.0;0.0;8013.0
96.8;3056.4;0.0;0.0;0.0;8013.0
99.1;3056.4;0.0;0.0;0.0;8013.0
97.9;3056.4;0.0;0.0;0.0;8013.0
97.1;3056.4;0.0;0.0;0.0;8013.0
98.2;3056.4;0.0;0.0;0.0;8013.0
98.0;3056.4;0.0;0.0;0.0;8013.0
98.2;3056.4;0.0;0.0;0.0;8013.0
82.3;3056.4;0.0;0.0;0.0;8013.0
8.3;3052.7;15.2;69.2;0.0;8013.0
8.4;3053.2;0.6;1.8;0.0;8013.0
8.4;3059.1;0.3;1.9;96.0;8013.0
9.6;3059.1;0.0;0.0;96.0;8013.0
8.4;3059.1;0.0;0.0;96.0;8013.0
8.3;3059.1;0.0;0.0;96.0;8013.0
9.8;3059.1;0.0;0.0;95.0;8013.0
11.8;3059.1;0.0;0.0;96.0;8013.0
13.1;3059.1;0.0;0.0;96.0;8013.0
8.3;3059.1;0.0;0.0;96.0;8013.0
8.3;3059.1;0.0;0.0;96.0;8013.0
8.4;3059.1;0.0;0.0;96.0;8013.0
8.3;3059.1;0.0;0.0;96.0;8013.0
8.4;3059.1;0.0;0.0;96.0;8013.0
9.7;3059.1;0.0;0.0;97.0;8013.0
8.3;3059.1;0.0;0.0;97.0;8013.0
8.4;3058.6;0.0;0.0;96.0;8013.0
8.3;3072.5;0.0;0.0;0.0;8013.0
97.1;3078.6;0.0;0.0;0.0;8013.0
99.7;3078.6;0.0;0.0;0.0;8013.0
99.1;3078.6;0.0;0.0;0.0;8013.0
99.4;3078.6;0.0;0.0;0.0;8013.0
95.9;3078.6;0.0;0.0;0.0;8013.0
99.4;3078.6;0.0;0.0;0.0;8013.0
100.3;3078.6;0.0;0.0;0.0;8013.0
98.0;3078.7;0.0;0.0;0.0;8013.0
97.9;3078.7;0.0;0.0;0.0;8013.0
99.1;3078.7;0.0;0.0;0.0;8013.0
99.7;3078.7;0.0;0.0;0.0;8013.0
100.3;3078.7;0.0;0.0;0.0;8013.0
8.4;3072.7;15.2;69.6;3.0;8013.0
8.3;3076.9;0.6;1.9;0.0;8013.0
9.6;3080.2;0.3;2.0;24.0;8013.0
8.3;3080.2;0.0;0.0;96.0;8013.0
10.8;3080.2;0.0;0.0;95.0;8013.0
8.3;3080.2;0.0;0.0;95.0;8013.0
9.7;3080.2;0.0;0.0;99.0;8013.0
9.7;3080.2;0.0;0.0;96.0;8013.0
8.3;3080.2;0.0;0.0;96.0;8013.0
8.4;3080.2;0.0;0.0;99.0;8013.0
9.7;3080.2;0.0;0.0;96.0;8013.0
9.7;3080.2;0.0;0.0;96.0;8013.0
7.2;3080.2;0.0;0.0;99.0;8013.0
9.5;3080.2;0.0;0.0;96.0;8013.0
11.2;3080.2;0.0;0.0;97.0;8013.0
8.3;3080.2;0.0;0.0;99.0;8013.0
8.4;3080.3;0.0;0.0;96.0;8013.0
9.6;3079.8;0.0;0.0;77.0;8013.0
8.4;3100.6;0.0;0.0;0.0;8013.0
99.4;3103.2;0.0;0.0;0.0;8013.0
99.1;3103.2;0.0;0.0;0.0;8013.0
96.8;3103.2;0.0;0.0;0.0;8013.0
99.1;3103.2;0.0;0.0;0.0;8013.0
100.3;3103.2;0.0;0.0;0.0;8013.0
98.0;3103.2;0.0;0.0;0.0;8013.0
99.4;3103.2;0.0;0.0;0.0;8013.0
99.0;3103.2;0.0;0.0;0.0;8013.0
100.3;3103.2;0.0;0.0;0.0;8013.0
100.3;3103.2;0.0;0.0;0.0;8013.0
94.7;3103.3;0.0;0.0;0.0;8013.0
99.1;3103.3;0.0;0.0;0.0;8013.0
99.0;3103.3;0.0;0.0;0.0;8013.0
41.8;3104.6;1.2;3.3;0.0;8013.0
8.3;3099.6;14.0;66.6;0.0;8013.0
8.4;3099.8;0.6;1.9;0.0;8013.0
8.4;3104.5;0.3;2.1;96.0;8013.0
9.7;3104.5;0.0;0.0;96.0;8013.0
8.3;3104.5;0.0;0.0;96.0;8013.0
8.4;3104.5;0.0;0.0;96.0;8013.0
7.1;3104.5;0.0;0.0;99.0;8013.0
8.4;3104.5;0.0;0.0;96.0;8013.0
8.3;3104.5;0.0;0.0;96.0;8013.0
8.4;3104.5;0.0;0.0;99.0;8013.0
8.4;3104.5;0.0;0.0;95.0;8013.0
10.8;3104.5;0.0;0.0;96.0;8013.0
14.0;3104.5;0.0;0.0;99.0;8013.0
8.3;3107.2;0.0;0.0;96.0;8013.0
8.4;3104.5;0.0;0.0;96.0;8013.0
11.8;3104.5;0.0;0.0;97.0;8013.0
8.4;3104.1;0.0;0.0;96.0;8013.0
8.3;3114.3;0.0;0.0;0.0;8013.0
38.8;3124.4;0.0;0.0;2.0;8013.0
100.0;3124.4;0.0;0.0;0.0;8013.0
100.0;3124.4;0.0;0.0;0.0;8013.0
99.7;3124.4;0.0;0.0;0.0;8013.0
95.9;3124.4;0.0;0.0;0.0;8013.0
99.4;3124.4;0.0;0.0;0.0;8013.0
100.3;3124.4;0.0;0.0;0.0;8013.0
99.7;3124.4;0.0;0.0;0.0;8013.0
100.8;3124.4;0.0;0.0;0.0;8013.0
96.8;3124.4;0.0;0.0;0.0;8013.0
99.4;3124.4;0.0;0.0;0.0;8013.0
96.8;3124.4;0.0;0.0;0.0;8013.0
94.2;3124.4;0.0;0.0;0.0;8013.0
