49.9;85.5;41.4;0.0
49.8;106.4;75.4;0.0
59.8;125.8;88.5;0.0
74.5;140.6;33.2;0.0
39.9;159.3;39.5;0.0
0.0;159.3;0.0;0.0
0.0;159.3;0.0;0.0
0.0;159.3;0.1;0.0
0.0;159.3;0.0;0.0
0.0;159.3;1.2;0.0
0.0;159.3;0.0;0.0
0.0;159.3;0.7;0.0
0.0;159.3;0.0;0.0
44.5;160.0;0.5;0.0
50.9;160.0;0.0;0.0
52.0;160.0;0.0;0.0
50.9;160.0;1.1;0.0
9.8;160.4;0.2;0.0
0.0;160.4;0.0;0.0
0.0;160.4;0.0;0.0
0.0;160.4;0.0;0.0
0.0;160.4;0.0;0.0
0.0;160.4;0.0;0.0
0.0;160.4;0.0;0.0
0.0;160.4;0.0;0.0
0.0;160.4;0.0;0.0
0.0;160.4;0.0;0.0
0.0;160.4;0.0;0.0
0.0;160.4;0.0;0.0
0.0;160.4;0.0;0.0
0.0;160.4;0.1;0.0
0.0;160.4;0.0;0.0
5.0;160.4;1.3;0.0
0.0;160.4;0.0;0.0
0.0;160.4;0.7;0.0
0.0;160.4;0.0;0.0
24.9;162.7;9.0;4.0
49.8;245.5;2483.0;0.0
49.2;276.6;2437.1;0.0
49.9;277.2;0.4;132.0
51.6;277.2;1.3;376.0
45.6;182.4;0.0;0.0
