49.8;114.5;158.9;0.0
74.5;138.5;55.2;0.0
49.9;157.1;39.0;0.0
7.8;159.6;2.0;0.0
0.0;159.6;0.0;0.0
0.0;159.6;0.1;0.0
0.0;159.6;0.0;0.0
5.0;159.6;1.2;0.0
0.0;159.6;0.0;0.0
0.0;159.6;0.7;0.0
0.0;159.6;0.0;0.0
29.9;160.4;0.5;0.0
49.6;160.4;0.0;0.0
48.8;160.4;0.0;0.0
49.9;160.4;1.1;0.0
24.9;160.8;0.2;0.0
0.0;160.8;0.0;0.0
0.0;160.8;0.1;0.0
0.0;160.8;1.3;0.0
0.0;160.8;0.0;0.0
0.0;160.8;0.7;0.0
0.0;160.8;0.0;0.0
9.8;160.8;0.5;0.0
44.7;179.8;22.9;4.0
48.9;214.8;303.6;0.0
52.7;239.8;1353.2;0.0
49.9;245.5;285.1;0.0
51.5;245.9;408.0;0.0
50.0;245.9;322.4;0.0
49.9;245.9;340.6;0.0
49.8;245.9;351.0;0.0
48.6;245.9;347.6;0.0
49.9;245.9;365.6;0.0
48.2;245.9;469.2;0.0
54.9;277.4;262.5;0.0
49.6;277.4;0.4;132.0
47.6;277.4;0.8;256.0
51.4;247.1;0.5;72.0
