0.0;10473472;0
0.0;10473472;0
0.0;10473472;0
0.0;10473472;0
0.0;10473472;0
57.3;14606336;0
100.3;14753792;0
166.2;19087360;0
199.5;15138816;0
129.0;19345408;0
99.7;19337216;0
133.0;23367680;0
200.7;23367680;0
142.0;27430912;0
99.7;27430912;0
66.5;27488256;0
100.3;27488256;0
166.2;31416320;0
201.6;31416320;0
198.9;31444992;0
199.5;31477760;0
182.8;27492352;0
100.8;27525120;0
71.0;23502848;0
100.8;27668480;0
99.7;27709440;0
216.1;31870976;0
198.9;31784960;0
151.2;27799552;0
66.5;27930624;0
0.0;27922432;0
114.7;27975680;0
127.8;27361280;0
200.7;31879168;0
198.9;31920128;0
201.6;32071680;0
199.5;32079872;0
86.0;28078080;0
0.0;28078080;0
71.0;28123136;0
99.7;28143616;0
182.8;33247232;0
200.7;33259520;0
198.9;33259520;0
201.6;33259520;0
199.5;33259520;0
99.7;29249536;0
85.2;25223168;0
117.6;29818880;0
116.4;29872128;146
216.1;33861632;131
200.7;33861632;0
198.9;33861632;0
199.5;33861632;0
166.2;29851648;0
100.3;29851648;0
85.2;28573696;0
100.8;28573696;0
149.6;32575488;0
200.7;32579584;0
198.9;32620544;0
201.6;32620544;0
199.5;32661504;0
129.0;28655616;0
100.3;28655616;0
99.7;28758016;0
99.7;28758016;0
232.7;47284224;0
200.7;47284224;0
184.7;43274240;0
100.8;43274240;0
99.7;43257856;0
332.4;72400896;0
241.5;95850496;0
200.7;121614336;0
199.5;142991360;0
199.5;168505344;0
201.6;196644864;0
315.8;223612928;0
298.3;245129216;0
299.2;261046272;0
299.2;285855744;0
302.4;310013952;0
284.1;330760192;0
200.7;356978688;0
129.0;379617280;0
142.0;395956224;64
182.8;395939840;712
266.0;401125376;674
302.4;401125376;688
282.6;401092608;677
200.7;401092608;0
200.7;401092608;0
116.4;397082624;0
66.5;397082624;0
0.0;393056256;0
0.0;393056256;0
232.7;401113088;0
199.5;401113088;0
200.7;401113088;0
198.9;401113088;0
200.7;401113088;0
199.5;401113088;0
201.6;397103104;0
33.2;397103104;0
0.0;393080832;0
57.3;397103104;0
99.7;397086720;0
166.2;401108992;0
199.5;401108992;0
166.2;397099008;0
71.7;397099008;0
0.0;393076736;0
114.7;397103104;0
100.3;397090816;0
213.1;401117184;0
199.5;401117184;0
199.5;401117184;0
168.0;397107200;0
99.7;397107200;0
149.6;401117184;0
129.0;397107200;0
99.4;397107200;0
157.7;401117184;0
198.9;401117184;0
200.7;401117184;0
157.7;397107200;0
99.7;397107200;0
50.4;393084928;0
116.4;397107200;0
99.7;397090816;0
215.0;401113088;0
199.5;401113088;0
100.8;397103104;0
99.7;397090816;0
133.0;397107200;0
100.8;397107200;0
99.7;397094912;0
182.8;401121280;0
199.5;401121280;0
199.5;401121280;0
134.4;397111296;0
0.0;397111296;0
0.0;389087232;0
99.7;397090816;0
151.2;401113088;0
199.5;401113088;0
199.5;401113088;0
198.9;401113088;0
114.7;397103104;0
100.3;397103104;0
170.5;411787264;0
100.3;411787264;0
86.0;407764992;0
198.9;434384896;0
200.7;460177408;0
298.3;485281792;0
301.0;506040320;0
258.0;515829760;0
99.4;548581376;0
129.0;572735488;0
200.7;603824128;0
255.7;624148480;0
299.2;650547200;0
299.2;674852864;0
299.2;699047936;0
302.4;721248256;0
199.5;754692096;0
133.0;770760704;0
166.2;774787072;0
199.5;774774784;0
252.0;577560576;0
266.0;404783104;0
116.4;400773120;0
0.0;400773120;0
28.7;394768384;0
113.6;401997824;0
143.3;406147072;0
198.9;406147072;0
200.7;406151168;0
83.1;402141184;0
0.0;398118912;0
100.3;402223104;0
71.7;398196736;0
99.4;402284544;0
100.3;402272256;0
198.9;406298624;0
200.7;406298624;0
200.7;406298624;0
113.6;402288640;0
0.0;402288640;0
84.0;402436096;0
99.7;402436096;0
182.8;406470656;0
99.7;402460672;0
99.7;398434304;0
100.8;402460672;0
99.7;402448384;0
216.1;406568960;0
168.0;402558976;0
99.7;402558976;0
33.2;397639680;0
100.3;402563072;0
156.2;406581248;0
201.6;406593536;0
133.0;402595840;0
85.2;402595840;0
86.0;402747392;0
100.3;402747392;0
198.9;406896640;0
199.5;406900736;0
198.9;406900736;0
83.1;402890752;0
0.0;402890752;0
86.0;402317312;0
99.4;413843456;0
157.7;420990976;0
200.7;451506176;0
266.0;477618176;0
216.1;496943104;0
149.6;517906432;0
216.1;544534528;0
201.6;567504896;0
249.3;594153472;0
149.6;615321600;0
100.8;635871232;0
200.7;665591808;0
249.3;690388992;0
232.7;707411968;0
199.5;728924160;0
216.1;751374336;0
201.6;770703360;0
286.7;780247040;0
227.3;776237056;0
186.4;776237056;0
134.4;490627072;0
149.6;400764928;0
149.6;405856256;0
133.0;401846272;0
16.6;401846272;0
66.5;401981440;0
100.8;401969152;0
216.1;406028288;0
66.5;402018304;0
0.0;397996032;0
100.8;402165760;0
133.0;406335488;0
199.5;406335488;0
116.4;402325504;0
16.6;402325504;0
83.1;402391040;0
100.8;402374656;0
166.2;402399232;0
49.9;402399232;0
33.2;395939840;0
100.3;402432000;0
168.0;406487040;0
199.5;406499328;0
199.5;406511616;0
66.5;402501632;0
0.0;398479360;0
116.4;402546688;0
57.3;396115968;0
134.4;417284096;0
99.7;409260032;0
199.5;452034560;0
235.2;484941824;0
302.4;512442368;0
266.0;531095552;0
199.5;560623616;0
116.4;587612160;0
213.1;614510592;0
129.0;634552320;0
218.4;664064000;0
182.8;685322240;0
199.5;713330688;0
184.8;737841152;0
200.7;763129856;0
255.7;781230080;0
232.7;781230080;0
282.6;781230080;0
186.4;500572160;0
116.4;397205504;0
99.7;401764352;0
100.3;401747968;0
86.0;402022400;0
99.7;402022400;0
199.5;406077440;0
200.7;406077440;0
43.0;402067456;0
43.0;394129408;0
100.3;402202624;0
156.2;406351872;0
182.8;406351872;0
199.5;406351872;0
199.5;406351872;0
201.6;406351872;0
83.1;402341888;0
0.0;398319616;0
113.6;402345984;0
