0.0;10477568;0
0.0;10477568;0
0.0;10477568;0
0.0;10477568;0
71.7;14647296;0
100.3;14680064;0
149.6;19111936;0
184.8;15138816;0
113.6;19308544;0
99.7;19296256;0
166.2;23277568;0
200.7;23375872;0
127.8;27598848;0
33.6;27598848;0
99.7;27602944;0
99.7;27586560;0
184.7;31641600;0
200.7;31641600;0
199.5;31641600;0
199.5;31641600;0
186.4;27631616;0
99.4;27631616;0
83.1;23605248;0
0.0;23605248;0
117.6;23715840;0
182.8;32083968;0
200.7;32018432;0
200.7;32014336;0
133.0;28008448;0
0.0;28008448;0
66.5;28065792;0
100.8;28065792;0
156.2;32100352;0
100.8;28094464;0
99.7;28094464;0
100.3;28295168;0
99.4;28295168;0
168.0;32202752;0
199.5;32231424;0
200.7;32223232;0
199.5;32481280;0
166.2;28385280;0
0.0;28385280;0
0.0;24363008;0
100.3;28520448;0
113.6;28422144;277
218.4;32387072;0
199.5;32489472;0
200.7;32493568;0
199.5;32509952;0
33.6;28516352;0
0.0;24489984;0
66.5;28471296;0
100.8;28246016;0
156.2;32362496;0
186.4;28499968;0
83.1;28499968;0
100.8;28483584;0
166.2;32550912;0
200.7;32555008;0
157.7;28475392;0
66.5;28475392;0
0.0;24453120;0
166.2;43245568;0
100.8;43229184;0
298.3;71270400;0
301.0;94466048;0
282.6;112848896;0
199.5;134946816;0
116.4;153251840;0
216.1;185987072;0
235.2;210251776;0
299.2;232706048;0
299.2;248606720;0
302.4;265179136;0
298.3;284884992;0
272.4;301178880;0
127.8;328298496;0
100.8;350859264;0
199.5;377929728;0
199.5;397881344;0
319.2;400510976;295
286.7;400510976;715
298.3;400510976;685
243.7;396500992;660
99.7;396472320;460
16.8;392822784;0
100.3;397479936;0
142.0;401530880;0
201.6;401534976;0
199.5;401534976;0
199.5;401534976;0
99.7;397524992;0
0.0;397524992;0
117.6;397537280;0
99.4;397537280;0
200.7;401543168;0
199.5;401543168;0
199.5;401543168;0
166.2;397533184;0
0.0;397533184;0
33.6;391979008;0
99.7;397578240;0
143.3;401620992;0
200.7;401620992;0
199.5;401620992;0
199.5;401620992;0
33.2;397611008;0
0.0;393584640;0
83.1;397606912;0
99.7;397590528;0
201.6;401612800;0
198.9;401612800;0
200.7;401612800;0
198.9;401612800;0
50.4;397602816;0
0.0;393580544;0
56.8;397606912;0
100.3;397594624;0
149.6;401629184;0
199.5;401629184;0
199.5;401629184;0
199.5;397619200;0
16.8;397619200;0
0.0;393596928;0
99.7;397623296;0
100.8;397606912;0
232.7;401678336;0
182.8;401678336;0
199.5;401678336;0
200.7;397668352;0
14.3;397668352;0
0.0;393641984;0
66.5;397668352;0
100.8;397651968;0
170.5;401674240;0
200.7;401674240;0
198.9;401674240;0
184.8;397664256;0
16.6;397664256;0
0.0;393641984;0
143.3;412348416;0
143.3;413188096;0
298.3;437972992;0
243.7;458838016;0
198.9;481779712;0
129.0;502603776;0
200.7;525258752;0
241.5;550813696;0
301.0;570093568;0
282.6;585035776;0
182.8;607571968;0
99.7;623423488;0
199.5;652599296;0
201.6;675209216;0
299.2;696602624;0
184.7;715309056;0
200.7;742289408;0
299.2;763129856;0
302.4;778481664;0
299.2;778489856;0
182.8;774479872;0
99.7;448778240;0
83.1;401928192;0
100.8;401928192;0
199.5;406093824;0
199.5;406093824;0
201.6;406097920;0
198.9;406110208;0
14.3;402100224;0
0.0;398073856;0
66.5;402235392;0
100.8;402223104;0
157.7;406388736;0
116.4;402378752;0
100.8;402378752;0
166.2;406450176;0
199.5;406450176;0
166.2;402440192;0
99.7;402440192;0
100.8;399536128;0
116.4;402587648;0
99.7;402587648;0
84.0;399740928;0
99.7;402616320;0
166.2;406671360;0
199.5;406679552;0
199.5;406679552;0
172.0;402681856;0
14.2;402681856;0
0.0;398655488;0
114.7;402681856;0
129.0;399814656;0
142.0;402731008;0
100.3;402731008;0
142.0;406933504;0
200.7;406933504;0
200.7;406933504;0
99.7;402923520;0
100.8;402907136;0
186.4;407064576;0
99.4;403054592;0
86.0;399032320;0
99.4;403189760;0
71.7;399163392;0
129.0;418140160;0
142.0;411201536;0
312.5;445198336;0
301.0;466481152;0
301.0;486301696;0
182.8;506236928;0
99.7;532557824;0
166.2;562241536;0
199.5;589570048;0
302.4;613240832;0
286.7;628817920;0
227.3;649854976;0
200.7;675467264;0
235.2;697839616;0
258.0;723193856;0
198.9;747790336;0
286.7;772968448;0
298.3;779018240;0
266.0;775020544;0
151.2;538750976;0
49.9;397733888;0
116.4;402300928;0
33.6;398364672;0
100.8;402440192;0
149.6;406511616;0
199.5;406511616;0
199.5;406511616;0
149.6;402501632;0
16.8;402501632;0
0.0;398479360;0
99.4;402513920;0
100.3;402501632;0
157.7;402546688;0
71.0;402546688;0
43.0;402587648;0
99.4;402587648;0
172.0;406634496;0
200.7;406634496;0
142.0;402624512;0
86.0;402624512;0
0.0;398602240;0
116.4;402685952;0
213.1;406822912;0
172.0;402812928;0
0.0;402812928;0
66.5;402882560;0
100.8;402882560;0
166.2;407289856;0
199.5;407289856;0
200.7;407293952;0
199.5;407306240;0
184.7;403304448;0
100.3;403304448;0
71.0;395284480;0
99.4;403329024;0
143.3;407379968;0
143.3;403369984;0
14.2;403369984;0
99.7;403369984;0
100.8;403369984;0
229.4;422146048;0
198.9;422150144;0
200.7;422154240;0
85.2;418144256;0
0.0;414121984;0
86.0;408895488;0
229.4;450875392;0
299.2;473833472;0
266.0;495923200;0
201.6;516771840;0
116.4;544673792;0
184.7;575524864;0
200.7;598761472;0
315.8;617308160;0
199.5;640090112;0
184.8;662523904;0
200.7;686432256;0
255.7;710885376;0
232.7;731136000;0
157.7;759062528;0
186.4;776339456;0
199.5;776323072;0
315.8;780365824;0
149.6;495415296;0
127.8;405553152;0
149.6;410697728;0
201.6;410701824;0
133.0;406691840;0
99.4;406704128;0
186.4;410779648;0
200.7;410804224;0
85.2;406794240;0
0.0;406794240;0
66.5;406925312;0
99.7;406913024;0
