0.0;10498048;0
0.0;10498048;0
0.0;10498048;0
0.0;10498048;0
42.6;11059200;0
83.1;11198464;0
83.1;11800576;0
86.0;11890688;0
85.2;11620352;0
67.2;11702272;0
99.7;11837440;0
71.7;11964416;0
85.2;12505088;0
84.0;12234752;0
66.5;12640256;0
99.7;12783616;0
57.3;12107776;0
99.7;12242944;0
66.5;12656640;0
86.0;13189120;0
86.0;12926976;0
66.5;13062144;0
84.0;13066240;0
71.0;13594624;0
129.0;13389824;357
99.7;13815808;152
100.8;12939264;0
85.2;13422592;0
71.7;13828096;0
83.1;13824000;0
66.5;13422592;0
85.2;13426688;0
100.3;13422592;0
66.5;13828096;0
99.7;13008896;0
67.2;13008896;0
99.4;13422592;0
57.3;13008896;0
99.7;30912512;0
268.8;66007040;0
213.1;95125504;0
243.7;117903360;0
133.0;138391552;0
232.7;161533952;0
166.2;187645952;0
258.0;200822784;182
229.4;201248768;671
266.0;201195520;579
100.8;201211904;0
113.6;201211904;0
157.7;201232384;0
166.2;201207808;0
134.4;201256960;0
133.0;201240576;0
114.7;201322496;0
157.7;201375744;0
99.7;201351168;0
116.4;201363456;0
149.6;201408512;0
114.7;201412608;0
127.8;201396224;0
134.4;201441280;0
116.4;201445376;0
149.6;201441280;0
142.0;201437184;0
157.7;201441280;0
199.5;201441280;0
99.7;201850880;0
134.4;201859072;0
198.9;201859072;0
100.3;201854976;0
199.5;201826304;0
100.8;201854976;0
166.2;201826304;0
114.7;201842688;0
143.3;201854976;0
166.2;201826304;0
133.0;201854976;0
116.4;201826304;0
168.0;201854976;0
100.3;201826304;0
113.6;201863168;0
201.6;201863168;0
99.7;201867264;0
133.0;201859072;0
199.5;201859072;0
66.5;201863168;0
201.6;201834496;0
99.7;202313728;0
99.7;202321920;0
129.0;202321920;0
99.4;202321920;0
157.7;213692416;0
182.8;230277120;0
201.6;262311936;0
232.7;288141312;0
301.0;313937920;0
200.7;331272192;0
241.5;357466112;0
299.2;381419520;0
199.5;390705152;0
134.4;205262848;0
199.5;205262848;0
66.5;205438976;0
201.6;205438976;0
66.5;205615104;0
116.4;205713408;0
149.6;205737984;0
172.0;205709312;0
114.7;205742080;0
170.5;205709312;0
134.4;205721600;0
116.4;205733888;0
166.2;205869056;0
99.7;205873152;0
129.0;206000128;0
143.3;206008320;0
142.0;206000128;0
157.7;206000128;0
116.4;206004224;0
99.7;206020608;0
133.0;206016512;0
114.7;206057472;0
143.3;206053376;0
127.8;206086144;0
143.3;206053376;0
114.7;206159872;0
166.2;206135296;0
99.7;206159872;0
166.2;206200832;0
184.8;206274560;0
127.8;206241792;0
172.0;206282752;0
86.0;206254080;0
116.4;206286848;0
133.0;206266368;0
85.2;206311424;0
143.3;206356480;0
200.7;206356480;0
85.2;206352384;0
114.7;206344192;0
166.2;206364672;0
166.2;206331904;0
216.1;217477120;0
216.1;253001728;0
302.4;279924736;0
216.1;304779264;0
249.3;323411968;0
215.0;352161792;0
241.5;376188928;0
