0.0;10506240;0
0.0;10506240;0
33.6;11030528;0
99.7;11468800;0
172.0;11608064;0
184.7;12095488;0
100.8;13684736;0
166.2;13164544;0
157.7;14069760;0
149.6;13389824;0
133.0;13946880;0
156.3;13533184;0
172.0;14131200;0
149.6;13254656;0
182.8;14585856;0
114.7;13836288;0
199.5;14569472;0
133.0;14028800;0
200.7;14721024;0
166.2;13758464;0
199.5;15114240;0
33.6;13897728;0
199.5;14376960;0
157.7;14041088;0
184.7;15163392;0
117.6;14712832;0
66.5;15278080;0
172.0;15282176;0
99.7;14983168;0
83.1;15667200;0
199.5;15732736;0
71.7;15474688;0
215.0;15728640;372
133.0;15671296;126
117.6;15163392;0
127.8;15962112;0
172.0;14745600;0
99.7;15532032;0
151.2;15007744;0
133.0;15609856;0
172.0;15130624;0
133.0;15937536;0
133.0;14733312;0
166.2;15699968;0
129.0;15237120;0
186.4;15888384;0
99.7;14790656;0
168.0;15101952;0
83.1;14458880;0
182.8;15785984;0
149.6;15724544;0
116.4;18399232;0
286.7;53751808;0
156.2;88051712;0
301.0;110100480;0
232.7;132554752;0
199.5;154791936;0
249.3;178786304;0
232.7;200048640;0
215.0;201375744;570
255.7;201347072;653
151.2;201334784;209
133.0;201326592;0
166.2;201453568;0
127.8;201428992;0
199.5;201543680;0
100.3;201515008;0
99.4;201531392;0
201.6;201531392;0
83.1;201543680;0
199.5;201543680;0
83.1;201539584;0
199.5;201539584;0
86.0;201740288;0
166.2;201728000;0
114.7;201748480;0
157.7;201719808;0
49.9;201736192;0
149.6;201748480;0
182.8;201719808;0
134.4;201744384;0
83.1;201719808;0
143.3;201752576;0
129.0;201719808;0
156.3;201736192;0
149.6;201736192;0
199.5;201744384;0
117.6;201760768;0
127.8;201756672;0
186.4;201756672;0
86.0;201752576;0
182.8;201752576;0
116.4;201756672;0
199.5;201756672;0
100.8;201756672;0
184.7;201744384;0
129.0;201756672;0
166.2;201744384;0
99.7;201744384;0
149.6;201760768;0
157.7;201736192;0
143.3;201768960;0
99.4;201736192;0
168.0;201768960;0
116.4;201744384;0
199.5;201773056;0
66.5;201777152;0
199.5;201777152;0
84.0;201777152;0
199.5;201777152;0
83.1;201777152;0
201.6;201764864;0
99.7;201777152;0
186.4;201768960;0
127.8;201764864;0
157.7;201785344;0
133.0;201752576;0
249.3;224088064;0
252.0;256581632;0
266.0;280457216;0
232.7;302481408;0
299.2;318963712;0
157.7;348172288;0
272.4;371933184;0
186.4;390299648;0
255.7;380887040;0
143.3;204500992;0
57.3;205078528;0
156.3;206143488;0
166.2;206131200;0
83.1;206196736;0
116.4;206184448;0
157.7;206209024;0
166.2;206225408;0
198.9;206209024;0
129.0;206364672;0
157.7;206331904;0
127.8;206413824;0
143.3;206401536;0
184.7;206438400;0
100.3;206409728;0
199.5;206426112;0
133.0;206491648;0
186.4;206524416;0
49.9;206680064;0
182.8;206680064;0
66.5;206684160;0
182.8;206671872;0
117.6;206692352;0
133.0;206675968;0
