0.0;10518528;0
0.0;10518528;0
0.0;10518528;0
83.1;11403264;0
129.0;11952128;0
127.8;12410880;0
134.4;13668352;0
133.0;12591104;0
143.3;13668352;0
149.6;12853248;0
151.2;13381632;0
113.6;13434880;0
157.7;13422592;0
133.0;13082624;0
166.2;13598720;0
71.0;13246464;0
199.5;14163968;0
43.0;14581760;0
142.0;13987840;0
50.4;14385152;0
199.5;14413824;0
83.1;14700544;0
116.4;14299136;0
143.3;14876672;0
116.4;14045184;0
116.4;15212544;0
117.6;14172160;0
127.8;15192064;0
100.3;14311424;0
99.7;15585280;0
100.8;14495744;0
113.6;15519744;0
151.2;14655488;0
133.0;15175680;67
133.0;14651392;431
127.8;15220736;0
114.7;15294464;0
149.6;15265792;0
133.0;14712832;0
143.3;15216640;0
85.2;14757888;0
166.2;15228928;0
83.1;14950400;0
201.6;15806464;0
85.2;15794176;0
200.7;15794176;0
114.7;15654912;0
198.9;15654912;0
83.1;15585280;0
133.0;15151104;0
117.6;15732736;0
184.7;15175680;0
86.0;16007168;0
166.2;25858048;0
232.7;39718912;0
298.3;72269824;0
200.7;101318656;0
299.2;127492096;0
232.7;147828736;0
272.4;172924928;0
241.5;199131136;0
199.5;200437760;570
249.3;200867840;767
100.8;200814592;95
142.0;200851456;0
43.0;200839168;0
201.6;200912896;0
85.2;200921088;0
200.7;200921088;0
85.2;200974336;0
201.6;200974336;0
83.1;201019392;0
199.5;201019392;0
86.0;201023488;0
184.7;200994816;0
116.4;201056256;0
83.1;201027584;0
151.2;201056256;0
99.4;201027584;0
157.7;201056256;0
166.2;201027584;0
133.0;201039872;0
66.5;201027584;0
129.0;201039872;0
129.0;201039872;0
133.0;201080832;0
50.4;201068544;0
199.5;201109504;0
33.2;201109504;0
166.2;201109504;0
116.4;201527296;0
114.7;201551872;0
127.8;201535488;0
117.6;201670656;0
199.5;201654272;0
99.7;201687040;0
127.8;201736192;0
186.4;201703424;0
99.7;201740288;0
166.2;201707520;0
134.4;201740288;0
133.0;201707520;0
166.2;201736192;0
113.6;201707520;0
143.3;201719808;0
99.7;201723904;0
166.2;201744384;0
33.6;201736192;0
143.3;201744384;0
85.2;201756672;0
143.3;201744384;0
99.4;201760768;0
186.4;201744384;0
129.0;201756672;0
149.6;201732096;0
151.2;216649728;0
249.3;254005248;0
199.5;286867456;0
299.2;312688640;0
215.0;332255232;0
258.0;359055360;0
232.7;384999424;0
200.7;390602752;0
172.0;203726848;0
127.8;204877824;0
172.0;205230080;0
71.0;205201408;0
166.2;205791232;0
71.7;205819904;0
156.2;205803520;0
71.7;205873152;0
143.3;205856768;0
113.6;205955072;0
157.7;206061568;0
99.4;206045184;0
157.7;206135296;0
100.3;206135296;0
156.2;206200832;0
100.3;206184448;0
172.0;206286848;0
56.8;206262272;0
149.6;206270464;0
49.9;206336000;0
133.0;205799424;0
100.8;205840384;0
116.4;205815808;0
99.7;205840384;0
117.6;205836288;0
149.6;205979648;0
83.1;205983744;0
