0.0;10510336;0
0.0;10510336;0
0.0;10510336;0
50.4;11698176;0
149.6;12414976;0
71.7;11587584;0
116.4;12140544;0
151.2;11890688;0
142.0;12390400;0
71.7;12959744;0
133.0;13365248;0
116.4;14438400;0
156.3;13586432;0
117.6;14360576;0
133.0;13357056;0
99.7;14548992;0
157.7;13479936;0
99.7;14499840;0
116.4;13971456;0
143.3;14561280;0
114.7;13758464;0
133.0;14622720;0
134.4;13893632;0
127.8;14241792;0
133.0;14376960;0
149.6;14434304;0
114.7;14499840;0
170.5;15085568;0
100.8;14151680;0
166.2;14770176;0
71.7;14356480;0
199.5;15233024;380
129.0;15556608;118
149.6;15015936;0
99.7;15609856;0
201.6;15671296;0
85.2;15544320;0
129.0;14888960;0
49.9;15507456;0
134.4;14942208;0
116.4;15470592;0
186.4;15056896;0
66.5;16064512;0
133.0;15073280;0
113.6;15720448;0
143.3;14581760;0
99.7;15544320;0
182.8;15437824;0
114.7;14585856;0
156.3;15691776;0
149.6;14712832;0
216.1;41521152;0
258.0;74285056;0
266.0;98922496;0
215.0;125075456;0
200.7;146300928;0
249.3;169803776;0
216.1;194920448;0
299.2;200835072;291
215.0;201244672;675
156.2;201314304;466
201.6;201342976;0
66.5;201322496;0
149.6;201342976;0
56.8;201342976;0
143.3;201330688;0
114.7;201347072;0
199.5;201347072;0
84.0;201465856;0
116.4;201449472;0
129.0;201469952;0
127.8;201449472;0
143.3;201461760;0
133.0;201453568;0
149.6;201465856;0
143.3;201441280;0
142.0;201469952;0
149.6;201441280;0
166.2;201469952;0
100.8;201445376;0
182.8;201457664;0
83.1;201445376;0
200.7;201510912;0
85.2;201502720;0
200.7;201502720;0
83.1;201506816;0
134.4;201494528;0
83.1;201506816;0
116.4;201494528;0
114.7;201510912;0
142.0;201519104;0
86.0;201535488;0
127.8;201523200;0
84.0;201506816;0
133.0;201523200;0
66.5;201506816;0
129.0;201551872;0
99.4;201555968;0
143.3;201555968;0
99.7;201539584;0
201.6;201564160;0
83.1;201539584;0
149.6;201580544;0
117.6;201580544;0
198.9;201580544;0
100.3;201580544;0
127.8;201564160;0
117.6;201580544;0
199.5;201568256;0
142.0;212959232;0
266.0;233787392;0
268.8;259567616;0
282.6;283717632;0
232.7;303849472;0
182.8;322600960;0
266.0;344039424;0
218.4;365662208;0
269.9;387805184;0
229.4;390160384;0
129.0;204292096;0
198.9;205484032;0
114.7;205451264;0
170.5;205701120;0
86.0;205668352;0
201.6;205910016;0
49.9;205922304;0
199.5;205922304;0
67.2;206352384;0
172.0;206397440;0
99.7;206426112;0
143.3;206397440;0
116.4;206430208;0
151.2;206405632;0
149.6;206422016;0
216.1;206434304;0
84.0;206409728;0
170.5;206442496;0
43.0;206446592;0
199.5;206446592;0
66.5;206544896;0
201.6;206544896;0
66.5;206544896;0
199.5;206532608;0
100.8;206548992;0
116.4;206569472;0
166.2;206692352;0
116.4;206663680;0
149.6;206745600;0
151.2;206745600;0
166.2;206757888;0
