5.5;18.4;2.2;1.0;1353.0
8.3;105.6;6.3;1.0;1353.0
6.9;85.4;5.3;1.0;1353.0
8.3;93.7;10.2;1.0;1353.0
0.0;21.1;1.6;1.0;1353.0
0.0;0.3;0.0;1.0;1353.0
8.4;28.1;1.1;1.0;1365.0
8.3;0.1;0.0;8.0;1584.0
8.4;0.0;0.0;6.0;1714.0
8.4;0.0;0.0;6.0;1839.0
8.3;0.2;0.0;5.0;1933.0
8.4;0.0;0.0;5.0;2094.0
8.3;70.2;67.7;3.0;2179.0
8.3;82.1;353.4;29.0;2731.0
49.7;2.7;0.2;78.0;2728.0
0.0;0.1;0.0;1.0;2727.0
0.0;0.3;0.0;1.0;2726.0
0.0;14.8;0.2;1.0;2726.0
0.0;0.3;0.0;1.0;2726.0
8.3;17.0;0.7;42.0;2766.0
8.3;0.0;0.0;29.0;2859.0
8.4;0.0;0.0;31.0;2953.0
8.3;0.0;0.0;37.0;3047.0
8.4;0.0;0.0;31.0;3141.0
46.2;0.0;0.0;63.0;5550.0
38.2;0.0;0.0;44.0;5547.0
8.4;0.0;0.0;54.0;5547.0
8.4;0.0;0.0;53.0;5547.0
8.4;0.0;0.0;53.0;5547.0
8.3;0.0;0.0;54.0;5547.0
8.4;0.0;0.0;54.0;5547.0
8.3;0.0;0.0;54.0;5547.0
8.3;0.0;0.0;54.0;5556.0
8.3;0.0;0.0;54.0;5556.0
8.3;0.0;0.0;55.0;5556.0
8.3;0.0;0.0;53.0;5556.0
8.3;0.0;0.0;55.0;5556.0
8.3;0.0;0.0;55.0;5556.0
2.4;10.6;0.8;20.0;5556.0
0.0;0.3;0.0;1.0;5556.0
1.4;14.7;0.2;1.0;5556.0
0.0;0.3;0.0;3.0;5558.0
4.2;14.9;0.4;5.0;5580.0
8.3;1.0;0.3;44.0;5580.0
8.4;0.0;0.0;43.0;5580.0
8.4;0.0;0.0;44.0;5580.0
50.2;0.0;0.0;48.0;5580.0
8.4;0.0;0.0;50.0;5580.0
8.3;0.0;0.0;54.0;5580.0
8.3;0.0;0.0;54.0;5580.0
8.3;0.0;0.0;54.0;5580.0
8.4;0.0;0.0;54.0;5580.0
8.4;0.0;0.0;54.0;5580.0
8.3;0.0;0.0;54.0;5580.0
8.3;0.0;0.0;54.0;5580.0
8.3;0.0;0.0;54.0;5580.0
8.3;0.0;0.0;54.0;5580.0
8.3;0.0;0.0;53.0;5577.0
8.3;0.0;0.0;55.0;5571.0
8.4;0.0;0.0;55.0;5571.0
0.0;10.6;0.8;1.0;5571.0
0.0;0.3;0.0;1.0;5571.0
0.0;13.1;0.2;1.0;5571.0
0.0;0.3;0.0;1.0;5571.0
8.4;15.1;0.7;44.0;5571.0
8.3;0.0;0.0;43.0;5572.0
8.3;0.0;0.0;44.0;5572.0
8.3;0.0;0.0;44.0;5572.0
49.9;0.0;0.0;50.0;5572.0
8.3;0.0;0.0;54.0;5572.0
8.3;0.0;0.0;54.0;5572.0
8.4;0.0;0.0;54.0;5572.0
8.3;0.0;0.0;54.0;5572.0
8.3;0.0;0.0;54.0;5572.0
8.4;0.0;0.0;54.0;5572.0
8.3;0.0;0.0;54.0;5572.0
8.4;0.0;0.0;55.0;5572.0
8.3;0.0;0.0;55.0;5572.0
8.4;0.0;0.0;55.0;5572.0
8.3;0.0;0.0;54.0;5572.0
8.4;0.0;0.0;48.0;5572.0
0.0;10.6;0.8;1.0;5573.0
0.0;0.3;0.0;1.0;5574.0
0.0;13.8;0.2;1.0;5574.0
0.0;0.3;0.0;1.0;5574.0
8.3;15.3;0.7;8.0;5574.0
8.3;0.0;0.0;43.0;5574.0
8.4;0.0;0.0;44.0;5574.0
8.4;0.0;0.0;43.0;5574.0
49.7;0.0;0.0;34.0;5574.0
8.3;0.0;0.0;55.0;5574.0
8.3;0.0;0.0;54.0;5574.0
8.3;0.0;0.0;55.0;5574.0
8.3;0.0;0.0;54.0;5574.0
8.3;0.0;0.0;53.0;5574.0
8.4;0.0;0.0;54.0;5575.0
8.4;0.0;0.0;53.0;5575.0
8.4;0.0;0.0;55.0;5575.0
8.4;0.0;0.0;54.0;5575.0
8.4;0.0;0.0;55.0;5575.0
8.4;0.0;0.0;55.0;5575.0
8.3;0.0;0.0;54.0;5575.0
8.4;0.0;0.0;55.0;5575.0
0.0;10.6;0.8;1.0;5575.0
0.0;0.3;0.0;1.0;5575.0
0.0;14.4;0.2;1.0;5575.0
0.0;0.3;0.0;1.0;5575.0
8.4;16.4;0.7;28.0;5575.0
8.3;0.0;0.0;44.0;5575.0
8.3;0.0;0.0;44.0;5575.0
8.4;0.0;0.0;53.0;5575.0
50.2;0.0;0.0;53.0;5575.0
8.4;0.0;0.0;41.0;5575.0
8.4;0.0;0.0;53.0;5575.0
8.3;0.0;0.0;55.0;5575.0
8.4;0.0;0.0;54.0;5575.0
8.3;0.0;0.0;54.0;5575.0
8.3;0.0;0.0;55.0;5575.0
8.4;0.0;0.0;54.0;5575.0
8.3;0.0;0.0;55.0;5575.0
8.4;0.0;0.0;55.0;5575.0
8.3;0.0;0.0;55.0;5576.0
8.3;0.0;0.0;55.0;5576.0
8.3;0.0;0.0;55.0;5576.0
0.0;10.6;0.8;1.0;5576.0
0.0;0.3;0.0;1.0;5576.0
0.0;14.2;0.2;1.0;5576.0
0.0;0.3;0.0;1.0;5576.0
8.3;16.7;0.7;8.0;5576.0
8.3;0.0;0.0;44.0;5576.0
8.4;0.0;0.0;44.0;5576.0
8.3;0.0;0.0;44.0;5576.0
50.2;0.0;0.0;33.0;5576.0
8.3;0.0;0.0;55.0;5576.0
8.3;0.0;0.0;55.0;5575.0
8.3;0.0;0.0;54.0;5575.0
8.4;0.0;0.0;54.0;5575.0
8.3;0.0;0.0;53.0;5575.0
8.3;0.0;0.0;55.0;5575.0
8.3;0.0;0.0;54.0;5575.0
8.3;0.0;0.0;55.0;5575.0
8.3;0.0;0.0;55.0;5575.0
8.4;0.0;0.0;55.0;5575.0
8.3;0.0;0.0;48.0;5575.0
8.4;0.0;0.0;55.0;5575.0
4.8;10.6;0.8;24.0;5575.0
0.0;0.3;0.0;1.0;5575.0
0.0;14.4;0.2;1.0;5575.0
0.0;0.3;0.0;1.0;5575.0
4.8;14.2;0.4;1.0;5575.0
