0.0;10506240;0
0.0;10506240;0
0.0;10506240;0
0.0;10506240;0
0.0;10506240;0
0.0;10506240;0
0.0;10506240;0
0.0;10506240;0
0.0;10506240;0
0.0;10506240;0
0.0;10506240;0
0.0;10506240;0
0.0;10506240;0
0.0;10506240;0
0.0;10506240;0
0.0;10506240;0
0.0;10506240;0
0.0;10506240;0
0.0;10506240;0
0.0;10506240;0
0.0;10506240;0
0.0;10506240;0
0.0;10506240;0
0.0;10506240;0
0.0;10506240;0
0.0;10506240;0
0.0;10506240;0
0.0;10506240;0
0.0;10506240;0
0.0;10506240;0
0.0;10506240;0
0.0;10506240;0
0.0;10506240;0
0.0;10506240;0
0.0;10506240;0
0.0;10506240;0
0.0;10506240;0
0.0;10506240;0
100.3;49065984;0
99.7;86876160;0
100.8;119296000;0
99.7;144965632;0
99.7;174780416;0
99.4;195178496;108
100.8;195178496;741
83.1;195145728;583
0.0;195145728;0
0.0;195145728;0
0.0;195145728;0
0.0;195145728;0
0.0;195145728;0
0.0;195145728;0
0.0;195145728;0
0.0;195145728;0
0.0;195145728;0
0.0;195145728;0
0.0;195145728;0
0.0;195145728;0
0.0;195145728;0
0.0;195145728;0
0.0;195145728;0
0.0;195145728;0
0.0;195145728;0
0.0;195145728;0
0.0;195145728;0
0.0;195145728;0
0.0;195145728;0
0.0;195145728;0
0.0;195145728;0
0.0;195145728;0
0.0;195145728;0
0.0;195145728;0
0.0;195145728;0
0.0;195145728;0
0.0;195145728;0
0.0;195145728;0
86.0;236384256;0
99.4;273764352;0
100.3;303538176;0
100.3;326995968;0
99.4;359182336;0
100.8;385179648;0
99.7;262918144;0
0.0;198230016;0
0.0;198230016;0
0.0;198230016;0
0.0;198230016;0
0.0;198230016;0
0.0;198230016;0
0.0;198230016;0
0.0;198230016;0
0.0;198230016;0
0.0;198230016;0
0.0;198230016;0
0.0;198230016;0
0.0;198230016;0
0.0;198230016;0
0.0;198230016;0
0.0;198230016;0
0.0;198230016;0
0.0;198230016;0
0.0;198230016;0
0.0;198230016;0
0.0;198230016;0
0.0;198230016;0
0.0;198230016;0
0.0;198230016;0
0.0;198230016;0
0.0;198230016;0
0.0;198230016;0
0.0;198230016;0
0.0;198230016;0
0.0;198230016;0
83.1;229789696;0
100.8;265998336;0
99.7;296796160;0
100.3;320933888;0
100.3;353083392;0
99.4;383205376;0
100.3;324968448;0
14.2;198291456;0
0.0;198291456;0
0.0;198291456;0
0.0;198291456;0
0.0;198291456;0
0.0;198291456;0
0.0;198291456;0
0.0;198291456;0
0.0;198291456;0
0.0;198291456;0
0.0;198291456;0
0.0;198291456;0
0.0;198291456;0
0.0;198291456;0
0.0;198291456;0
0.0;198291456;0
0.0;198291456;0
0.0;198291456;0
0.0;198291456;0
0.0;198291456;0
0.0;198291456;0
0.0;198291456;0
0.0;198291456;0
0.0;198291456;0
0.0;198291456;0
0.0;198291456;0
0.0;198291456;0
0.0;198291456;0
0.0;198291456;0
67.2;222531584;0
99.7;260272128;0
99.7;294412288;0
100.8;318640128;0
99.7;352960512;0
99.4;383823872;0
100.3;373690368;0
28.4;199368704;0
0.0;199368704;0
0.0;199368704;0
0.0;199368704;0
0.0;199368704;0
0.0;199368704;0
0.0;199368704;0
0.0;199368704;0
0.0;199368704;0
0.0;199368704;0
0.0;199368704;0
0.0;199368704;0
0.0;199368704;0
0.0;199368704;0
0.0;199368704;0
0.0;199368704;0
0.0;199368704;0
0.0;199368704;0
0.0;199368704;0
0.0;199368704;0
0.0;199368704;0
0.0;199368704;0
0.0;199368704;0
0.0;199368704;0
0.0;199368704;0
0.0;199368704;0
0.0;199368704;0
0.0;199368704;0
0.0;199368704;0
0.0;199368704;0
99.7;239820800;0
100.8;276140032;0
99.7;308408320;0
99.7;334868480;0
83.1;367144960;0
99.4;385548288;0
71.7;200445952;0
0.0;200445952;0
0.0;200445952;0
0.0;200445952;0
0.0;200445952;0
0.0;200445952;0
0.0;200445952;0
0.0;200445952;0
0.0;200445952;0
0.0;200445952;0
0.0;200445952;0
0.0;200445952;0
0.0;200445952;0
0.0;200445952;0
0.0;200445952;0
0.0;200445952;0
0.0;200445952;0
0.0;200445952;0
0.0;200445952;0
0.0;200445952;0
0.0;200445952;0
0.0;200445952;0
0.0;200445952;0
0.0;200445952;0
0.0;200445952;0
0.0;200445952;0
0.0;200445952;0
0.0;200445952;0
0.0;200445952;0
16.6;207646720;0
100.8;251080704;0
100.3;284114944;0
99.4;312434688;0
100.3;343023616;0
100.8;375222272;0
99.7;385892352;0
49.9;204390400;0
0.0;204390400;0
0.0;204390400;0
0.0;204390400;0
0.0;204390400;0
0.0;204390400;0
0.0;204390400;0
0.0;204390400;0
0.0;204390400;0
0.0;204390400;0
0.0;204390400;0
0.0;204390400;0
0.0;204390400;0
0.0;204390400;0
0.0;204390400;0
0.0;204390400;0
0.0;204390400;0
0.0;204390400;0
0.0;204390400;0
0.0;204390400;0
0.0;204390400;0
0.0;204390400;0
0.0;204390400;0
0.0;204390400;0
0.0;204390400;0
0.0;204390400;0
0.0;204390400;0
0.0;204390400;0
0.0;204390400;0
100.8;237498368;0
100.3;275673088;0
99.7;307556352;0
99.7;335323136;0
99.7;367271936;0
99.4;385798144;0
66.5;215719936;0
0.0;215719936;0
0.0;215719936;0
0.0;215719936;0
0.0;215719936;0
0.0;215719936;0
0.0;215719936;0
0.0;215719936;0
0.0;215719936;0
0.0;215719936;0
0.0;215719936;0
0.0;215719936;0
0.0;215719936;0
0.0;215719936;0
0.0;215719936;0
0.0;215719936;0
0.0;215719936;0
0.0;215719936;0
0.0;215719936;0
0.0;215719936;0
0.0;215719936;0
0.0;215719936;0
0.0;215719936;0
0.0;215719936;0
0.0;215719936;0
0.0;215719936;0
0.0;215719936;0
0.0;215719936;0
0.0;215719936;0
99.7;242642944;0
99.7;277360640;0
100.3;308850688;0
100.8;334745600;0
99.7;369168384;0
99.7;386158592;0
71.7;241348608;0
0.0;241348608;0
