0.0;10493952;0
0.0;10493952;0
0.0;10493952;0
0.0;10493952;0
0.0;10493952;0
0.0;10493952;0
0.0;10493952;0
0.0;10493952;0
0.0;10493952;0
0.0;10493952;0
0.0;10493952;0
0.0;10493952;0
0.0;10493952;0
0.0;10493952;0
0.0;10493952;0
0.0;10493952;0
0.0;10493952;0
0.0;10493952;0
0.0;10493952;0
0.0;10493952;0
0.0;10493952;0
0.0;10493952;0
0.0;10493952;0
0.0;10493952;0
0.0;10493952;0
0.0;10493952;0
0.0;10493952;0
0.0;10493952;0
0.0;10493952;0
0.0;10493952;0
0.0;10493952;0
0.0;10493952;0
0.0;10493952;0
0.0;10493952;0
0.0;10493952;0
0.0;10493952;0
0.0;10493952;0
71.7;36347904;0
99.4;75501568;0
100.8;109457408;0
99.7;132866048;0
99.7;167817216;0
99.4;197619712;0
100.3;195198976;654
99.7;195198976;778
0.0;195170304;0
0.0;195170304;0
0.0;195170304;0
0.0;195170304;0
0.0;195170304;0
0.0;195170304;0
0.0;195170304;0
0.0;195170304;0
0.0;195170304;0
0.0;195170304;0
0.0;195170304;0
0.0;195170304;0
0.0;195170304;0
0.0;195170304;0
0.0;195170304;0
0.0;195170304;0
0.0;195170304;0
0.0;195170304;0
0.0;195170304;0
0.0;195170304;0
0.0;195170304;0
0.0;195170304;0
0.0;195170304;0
0.0;195170304;0
0.0;195170304;0
0.0;195170304;0
0.0;195170304;0
0.0;195170304;0
0.0;195170304;0
0.0;195170304;0
66.5;221646848;0
99.7;259350528;0
100.8;292868096;0
99.7;316293120;0
100.3;350171136;0
100.3;381919232;0
99.4;356302848;0
28.7;199401472;0
0.0;199401472;0
0.0;199401472;0
0.0;199401472;0
0.0;199401472;0
0.0;199401472;0
0.0;199401472;0
0.0;199401472;0
0.0;199401472;0
0.0;199401472;0
0.0;199401472;0
0.0;199401472;0
0.0;199401472;0
0.0;199401472;0
0.0;199401472;0
0.0;199401472;0
0.0;199401472;0
0.0;199401472;0
0.0;199401472;0
0.0;199401472;0
0.0;199401472;0
0.0;199401472;0
0.0;199401472;0
0.0;199401472;0
0.0;199401472;0
0.0;199401472;0
0.0;199401472;0
0.0;199401472;0
0.0;199401472;0
0.0;199401472;0
0.0;199401472;0
83.1;232476672;0
100.8;269549568;0
99.7;299405312;0
99.7;324251648;0
100.8;356392960;0
99.7;385449984;0
100.3;290144256;0
14.2;198918144;0
0.0;198918144;0
0.0;198918144;0
0.0;198918144;0
0.0;198918144;0
0.0;198918144;0
0.0;198918144;0
0.0;198918144;0
0.0;198918144;0
0.0;198918144;0
0.0;198918144;0
0.0;198918144;0
0.0;198918144;0
0.0;198918144;0
0.0;198918144;0
0.0;198918144;0
0.0;198918144;0
0.0;198918144;0
0.0;198918144;0
0.0;198918144;0
0.0;198918144;0
0.0;198918144;0
0.0;198918144;0
0.0;198918144;0
0.0;198918144;0
0.0;198918144;0
0.0;198918144;0
0.0;198918144;0
0.0;198918144;0
0.0;198918144;0
66.5;221167616;0
99.7;260034560;0
99.7;293572608;0
99.7;316743680;0
100.8;349429760;0
99.7;381513728;0
99.7;385318912;0
33.6;199688192;0
0.0;199688192;0
0.0;199688192;0
0.0;199688192;0
0.0;199688192;0
0.0;199688192;0
0.0;199688192;0
0.0;199688192;0
0.0;199688192;0
0.0;199688192;0
0.0;199688192;0
0.0;199688192;0
0.0;199688192;0
0.0;199688192;0
0.0;199688192;0
0.0;199688192;0
0.0;199688192;0
0.0;199688192;0
0.0;199688192;0
0.0;199688192;0
0.0;199688192;0
0.0;199688192;0
0.0;199688192;0
0.0;199688192;0
0.0;199688192;0
0.0;199688192;0
0.0;199688192;0
0.0;199688192;0
0.0;199688192;0
16.6;207138816;0
100.8;249585664;0
99.7;283340800;0
83.1;311558144;0
100.8;337612800;0
99.7;369778688;0
99.7;385429504;0
66.5;200929280;0
0.0;200929280;0
0.0;200929280;0
0.0;200929280;0
0.0;200929280;0
0.0;200929280;0
0.0;200929280;0
0.0;200929280;0
0.0;200929280;0
0.0;200929280;0
0.0;200929280;0
0.0;200929280;0
0.0;200929280;0
0.0;200929280;0
0.0;200929280;0
0.0;200929280;0
0.0;200929280;0
0.0;200929280;0
0.0;200929280;0
0.0;200929280;0
0.0;200929280;0
0.0;200929280;0
0.0;200929280;0
0.0;200929280;0
0.0;200929280;0
0.0;200929280;0
0.0;200929280;0
0.0;200929280;0
0.0;200929280;0
33.2;209391616;0
100.8;248668160;0
100.3;282677248;0
99.4;312246272;0
100.3;340107264;0
100.3;371863552;0
99.4;385929216;0
49.9;204394496;0
0.0;204394496;0
0.0;204394496;0
0.0;204394496;0
0.0;204394496;0
0.0;204394496;0
0.0;204394496;0
0.0;204394496;0
0.0;204394496;0
0.0;204394496;0
0.0;204394496;0
0.0;204394496;0
0.0;204394496;0
0.0;204394496;0
0.0;204394496;0
0.0;204394496;0
0.0;204394496;0
0.0;204394496;0
0.0;204394496;0
0.0;204394496;0
0.0;204394496;0
0.0;204394496;0
0.0;204394496;0
0.0;204394496;0
0.0;204394496;0
0.0;204394496;0
0.0;204394496;0
0.0;204394496;0
0.0;204394496;0
99.4;231161856;0
100.3;267481088;0
99.7;298360832;0
99.7;324280320;0
100.8;357593088;0
99.7;386187264;0
99.7;255479808;0
0.0;206622720;0
0.0;206622720;0
0.0;206622720;0
0.0;206622720;0
0.0;206622720;0
0.0;206622720;0
0.0;206622720;0
0.0;206622720;0
0.0;206622720;0
0.0;206622720;0
0.0;206622720;0
0.0;206622720;0
0.0;206622720;0
0.0;206622720;0
0.0;206622720;0
0.0;206622720;0
0.0;206622720;0
0.0;206622720;0
0.0;206622720;0
0.0;206622720;0
0.0;206622720;0
0.0;206622720;0
0.0;206622720;0
0.0;206622720;0
0.0;206622720;0
0.0;206622720;0
0.0;206622720;0
0.0;206622720;0
33.2;215252992;0
99.7;255381504;0
99.7;289243136;0
99.4;314490880;0
99.7;349347840;0
100.8;381317120;0
100.3;386068480;0
