0.0;10493952;0
0.0;10493952;0
0.0;10493952;0
0.0;10493952;0
0.0;10493952;0
0.0;10493952;0
0.0;10493952;0
0.0;10493952;0
0.0;10493952;0
0.0;10493952;0
0.0;10493952;0
0.0;10493952;0
0.0;10493952;0
0.0;10493952;0
0.0;10493952;0
0.0;10493952;0
0.0;10493952;0
0.0;10493952;0
0.0;10493952;0
0.0;10493952;0
0.0;10493952;0
0.0;10493952;0
0.0;10493952;0
0.0;10493952;0
0.0;10493952;0
0.0;10493952;0
0.0;10493952;0
0.0;10493952;0
0.0;10493952;0
0.0;10493952;0
0.0;10493952;0
0.0;10493952;0
0.0;10493952;0
0.0;10493952;0
0.0;10493952;0
0.0;10493952;0
0.0;10493952;0
28.4;14835712;0
100.8;61190144;0
99.7;96550912;0
99.7;124997632;0
100.3;150355968;0
99.4;179478528;0
99.7;195162112;249
99.7;195162112;730
57.3;195129344;453
0.0;195129344;0
0.0;195129344;0
0.0;195129344;0
0.0;195129344;0
0.0;195129344;0
0.0;195129344;0
0.0;195129344;0
0.0;195129344;0
0.0;195129344;0
0.0;195129344;0
0.0;195129344;0
0.0;195129344;0
0.0;195129344;0
0.0;195129344;0
0.0;195129344;0
0.0;195129344;0
0.0;195129344;0
0.0;195129344;0
0.0;195129344;0
0.0;195129344;0
0.0;195129344;0
0.0;195129344;0
0.0;195129344;0
0.0;195129344;0
0.0;195129344;0
0.0;195129344;0
0.0;195129344;0
0.0;195129344;0
0.0;195129344;0
57.3;206520320;0
99.7;250982400;0
99.7;285491200;0
99.7;311521280;0
100.8;341626880;0
99.4;374804480;0
100.3;385105920;0
57.3;198283264;0
0.0;198283264;0
0.0;198283264;0
0.0;198283264;0
0.0;198283264;0
0.0;198283264;0
0.0;198283264;0
0.0;198283264;0
0.0;198283264;0
0.0;198283264;0
0.0;198283264;0
0.0;198283264;0
0.0;198283264;0
0.0;198283264;0
0.0;198283264;0
0.0;198283264;0
0.0;198283264;0
0.0;198283264;0
0.0;198283264;0
0.0;198283264;0
0.0;198283264;0
0.0;198283264;0
0.0;198283264;0
0.0;198283264;0
0.0;198283264;0
0.0;198283264;0
0.0;198283264;0
0.0;198283264;0
0.0;198283264;0
0.0;198283264;0
0.0;198283264;0
83.1;233754624;0
99.4;271364096;0
100.8;300892160;0
99.7;326864896;0
99.7;360067072;0
100.8;385118208;0
99.7;202502144;0
0.0;198488064;0
0.0;198488064;0
0.0;198488064;0
0.0;198488064;0
0.0;198488064;0
0.0;198488064;0
0.0;198488064;0
0.0;198488064;0
0.0;198488064;0
0.0;198488064;0
0.0;198488064;0
0.0;198488064;0
0.0;198488064;0
0.0;198488064;0
0.0;198488064;0
0.0;198488064;0
0.0;198488064;0
0.0;198488064;0
0.0;198488064;0
0.0;198488064;0
0.0;198488064;0
0.0;198488064;0
0.0;198488064;0
0.0;198488064;0
0.0;198488064;0
0.0;198488064;0
0.0;198488064;0
0.0;198488064;0
0.0;198488064;0
0.0;198488064;0
99.7;232189952;0
100.8;268951552;0
99.7;299888640;0
99.7;325120000;0
99.7;359137280;0
99.7;385585152;0
100.8;229715968;0
0.0;200523776;0
0.0;200523776;0
0.0;200523776;0
0.0;200523776;0
0.0;200523776;0
0.0;200523776;0
0.0;200523776;0
0.0;200523776;0
0.0;200523776;0
0.0;200523776;0
0.0;200523776;0
0.0;200523776;0
0.0;200523776;0
0.0;200523776;0
0.0;200523776;0
0.0;200523776;0
0.0;200523776;0
0.0;200523776;0
0.0;200523776;0
0.0;200523776;0
0.0;200523776;0
0.0;200523776;0
0.0;200523776;0
0.0;200523776;0
0.0;200523776;0
0.0;200523776;0
0.0;200523776;0
0.0;200523776;0
0.0;200523776;0
28.7;208920576;0
100.3;251502592;0
99.4;285143040;0
100.3;311984128;0
99.4;343805952;0
100.3;374779904;0
100.3;385646592;0
56.8;201334784;0
0.0;201334784;0
0.0;201334784;0
0.0;201334784;0
0.0;201334784;0
0.0;201334784;0
0.0;201334784;0
0.0;201334784;0
0.0;201334784;0
0.0;201334784;0
0.0;201334784;0
0.0;201334784;0
0.0;201334784;0
0.0;201334784;0
0.0;201334784;0
0.0;201334784;0
0.0;201334784;0
0.0;201334784;0
0.0;201334784;0
0.0;201334784;0
0.0;201334784;0
0.0;201334784;0
0.0;201334784;0
0.0;201334784;0
0.0;201334784;0
0.0;201334784;0
0.0;201334784;0
0.0;201334784;0
0.0;201334784;0
28.7;209567744;0
100.3;247664640;0
99.4;281985024;0
99.7;311869440;0
99.7;337162240;0
99.7;366510080;0
100.8;385679360;0
83.1;203988992;0
0.0;203988992;0
0.0;203988992;0
0.0;203988992;0
0.0;203988992;0
0.0;203988992;0
0.0;203988992;0
0.0;203988992;0
0.0;203988992;0
0.0;203988992;0
0.0;203988992;0
0.0;203988992;0
0.0;203988992;0
0.0;203988992;0
0.0;203988992;0
0.0;203988992;0
0.0;203988992;0
0.0;203988992;0
0.0;203988992;0
0.0;203988992;0
0.0;203988992;0
0.0;203988992;0
0.0;203988992;0
0.0;203988992;0
0.0;203988992;0
0.0;203988992;0
0.0;203988992;0
0.0;203988992;0
0.0;203988992;0
49.9;213528576;0
99.7;255012864;0
100.3;288243712;0
100.3;312184832;0
99.4;344117248;0
100.3;374398976;0
100.8;385835008;0
66.5;204345344;0
0.0;204345344;0
0.0;204345344;0
0.0;204345344;0
0.0;204345344;0
0.0;204345344;0
0.0;204345344;0
0.0;204345344;0
0.0;204345344;0
0.0;204345344;0
0.0;204345344;0
0.0;204345344;0
0.0;204345344;0
0.0;204345344;0
0.0;204345344;0
0.0;204345344;0
0.0;204345344;0
0.0;204345344;0
0.0;204345344;0
0.0;204345344;0
0.0;204345344;0
0.0;204345344;0
0.0;204345344;0
0.0;204345344;0
0.0;204345344;0
0.0;204345344;0
0.0;204345344;0
0.0;204345344;0
16.6;212840448;0
100.3;251670528;0
100.3;284712960;0
99.4;312537088;0
99.7;343834624;0
100.8;375869440;0
100.3;386113536;0
