0.0;10510336;0
0.0;10510336;0
0.0;10510336;0
0.0;10510336;0
0.0;10510336;0
0.0;10510336;0
0.0;10510336;0
0.0;10510336;0
0.0;10510336;0
0.0;10510336;0
0.0;10510336;0
0.0;10510336;0
0.0;10510336;0
0.0;10510336;0
0.0;10510336;0
0.0;10510336;0
0.0;10510336;0
0.0;10510336;0
0.0;10510336;0
0.0;10510336;0
0.0;10510336;0
0.0;10510336;0
0.0;10510336;0
0.0;10510336;0
0.0;10510336;0
0.0;10510336;0
0.0;10510336;0
0.0;10510336;0
0.0;10510336;0
0.0;10510336;0
0.0;10510336;0
0.0;10510336;0
0.0;10510336;0
0.0;10510336;0
0.0;10510336;0
0.0;10510336;0
0.0;10510336;0
66.5;35057664;0
99.7;107716608;0
100.3;128839680;0
100.3;162762752;0
99.7;194301952;0
100.8;195133440;592
99.7;195133440;748
0.0;195100672;92
0.0;195100672;0
0.0;195100672;0
0.0;195100672;0
0.0;195100672;0
0.0;195100672;0
0.0;195100672;0
0.0;195100672;0
0.0;195100672;0
0.0;195100672;0
0.0;195100672;0
0.0;195100672;0
0.0;195100672;0
0.0;195100672;0
0.0;195100672;0
0.0;195100672;0
0.0;195100672;0
0.0;195100672;0
0.0;195100672;0
0.0;195100672;0
0.0;195100672;0
0.0;195100672;0
0.0;195100672;0
0.0;195100672;0
0.0;195100672;0
0.0;195100672;0
0.0;195100672;0
0.0;195100672;0
0.0;195100672;0
0.0;195100672;0
86.0;228282368;0
100.3;265293824;0
99.4;296759296;0
99.7;322813952;0
99.7;354377728;0
100.8;385118208;0
99.7;281034752;0
16.6;198615040;0
0.0;198615040;0
0.0;198615040;0
0.0;198615040;0
0.0;198615040;0
0.0;198615040;0
0.0;198615040;0
0.0;198615040;0
0.0;198615040;0
0.0;198615040;0
0.0;198615040;0
0.0;198615040;0
0.0;198615040;0
0.0;198615040;0
0.0;198615040;0
0.0;198615040;0
0.0;198615040;0
0.0;198615040;0
0.0;198615040;0
0.0;198615040;0
0.0;198615040;0
0.0;198615040;0
0.0;198615040;0
0.0;198615040;0
0.0;198615040;0
0.0;198615040;0
0.0;198615040;0
0.0;198615040;0
0.0;198615040;0
0.0;198615040;0
43.0;208519168;0
100.3;251265024;0
99.4;285536256;0
99.7;311689216;0
99.7;340054016;0
100.8;372203520;0
99.7;385097728;0
66.5;199217152;0
0.0;199217152;0
0.0;199217152;0
0.0;199217152;0
0.0;199217152;0
0.0;199217152;0
0.0;199217152;0
0.0;199217152;0
0.0;199217152;0
0.0;199217152;0
0.0;199217152;0
0.0;199217152;0
0.0;199217152;0
0.0;199217152;0
0.0;199217152;0
0.0;199217152;0
0.0;199217152;0
0.0;199217152;0
0.0;199217152;0
0.0;199217152;0
0.0;199217152;0
0.0;199217152;0
0.0;199217152;0
0.0;199217152;0
0.0;199217152;0
0.0;199217152;0
0.0;199217152;0
0.0;199217152;0
0.0;199217152;0
0.0;199217152;0
28.4;206131200;0
100.3;246046720;0
100.3;278638592;0
99.4;308162560;0
100.3;332750848;0
99.4;365252608;0
100.3;385392640;0
86.0;199843840;0
0.0;199843840;0
0.0;199843840;0
0.0;199843840;0
0.0;199843840;0
0.0;199843840;0
0.0;199843840;0
0.0;199843840;0
0.0;199843840;0
0.0;199843840;0
0.0;199843840;0
0.0;199843840;0
0.0;199843840;0
0.0;199843840;0
0.0;199843840;0
0.0;199843840;0
0.0;199843840;0
0.0;199843840;0
0.0;199843840;0
0.0;199843840;0
0.0;199843840;0
0.0;199843840;0
0.0;199843840;0
0.0;199843840;0
0.0;199843840;0
0.0;199843840;0
0.0;199843840;0
0.0;199843840;0
0.0;199843840;0
0.0;199843840;0
49.9;214962176;0
99.4;254881792;0
100.3;288505856;0
100.3;311984128;0
99.4;345350144;0
100.3;377131008;0
100.8;385679360;0
33.2;201330688;0
0.0;201330688;0
0.0;201330688;0
0.0;201330688;0
0.0;201330688;0
0.0;201330688;0
0.0;201330688;0
0.0;201330688;0
0.0;201330688;0
0.0;201330688;0
0.0;201330688;0
0.0;201330688;0
0.0;201330688;0
0.0;201330688;0
0.0;201330688;0
0.0;201330688;0
0.0;201330688;0
0.0;201330688;0
0.0;201330688;0
0.0;201330688;0
0.0;201330688;0
0.0;201330688;0
0.0;201330688;0
0.0;201330688;0
0.0;201330688;0
0.0;201330688;0
0.0;201330688;0
0.0;201330688;0
0.0;201330688;0
0.0;201330688;0
66.5;218755072;0
99.7;260804608;0
100.3;292315136;0
99.4;316076032;0
100.3;348483584;0
100.3;381095936;0
99.4;384761856;0
16.6;204333056;0
0.0;204333056;0
0.0;204333056;0
0.0;204333056;0
0.0;204333056;0
0.0;204333056;0
0.0;204333056;0
0.0;204333056;0
0.0;204333056;0
0.0;204333056;0
0.0;204333056;0
0.0;204333056;0
0.0;204333056;0
0.0;204333056;0
0.0;204333056;0
0.0;204333056;0
0.0;204333056;0
0.0;204333056;0
0.0;204333056;0
0.0;204333056;0
0.0;204333056;0
0.0;204333056;0
0.0;204333056;0
0.0;204333056;0
0.0;204333056;0
0.0;204333056;0
0.0;204333056;0
0.0;204333056;0
0.0;204333056;0
99.7;233426944;0
100.8;270217216;0
99.7;300355584;0
99.4;327483392;0
99.7;361623552;0
100.8;386002944;0
99.7;204582912;0
0.0;204582912;0
0.0;204582912;0
0.0;204582912;0
0.0;204582912;0
0.0;204582912;0
0.0;204582912;0
0.0;204582912;0
0.0;204582912;0
0.0;204582912;0
0.0;204582912;0
0.0;204582912;0
0.0;204582912;0
0.0;204582912;0
0.0;204582912;0
0.0;204582912;0
0.0;204582912;0
0.0;204582912;0
0.0;204582912;0
0.0;204582912;0
0.0;204582912;0
0.0;204582912;0
0.0;204582912;0
0.0;204582912;0
0.0;204582912;0
0.0;204582912;0
0.0;204582912;0
0.0;204582912;0
0.0;204582912;0
0.0;204582912;0
100.3;234340352;0
100.8;273637376;0
99.7;305045504;0
99.4;329306112;0
99.7;362954752;0
100.8;386297856;0
