0.0;10522624;0
0.0;10522624;0
0.0;10522624;0
0.0;10522624;0
0.0;10522624;0
0.0;10522624;0
0.0;10522624;0
0.0;10522624;0
0.0;10522624;0
0.0;10522624;0
0.0;10522624;0
0.0;10522624;0
0.0;10522624;0
0.0;10522624;0
0.0;10522624;0
0.0;10522624;0
0.0;10522624;0
0.0;10522624;0
0.0;10522624;0
0.0;10522624;0
0.0;10522624;0
0.0;10522624;0
0.0;10522624;0
0.0;10522624;0
0.0;10522624;0
0.0;10522624;0
0.0;10522624;0
0.0;10522624;0
0.0;10522624;0
0.0;10522624;0
0.0;10522624;0
0.0;10522624;0
0.0;10522624;0
0.0;10522624;0
0.0;10522624;0
0.0;10522624;0
0.0;10522624;0
0.0;10522624;0
28.4;22716416;0
114.7;61804544;0
99.7;99446784;0
99.7;130482176;0
100.8;157741056;0
99.7;189292544;0
100.3;217886720;0
99.4;234643456;0
100.8;268140544;0
99.7;299311104;0
99.7;329519104;0
100.8;358543360;0
99.4;386940928;0
100.3;377856000;678
99.7;377856000;755
100.8;377856000;722
83.1;377827328;661
0.0;377827328;0
0.0;377827328;0
0.0;377827328;0
0.0;377827328;0
0.0;377827328;0
0.0;377827328;0
0.0;377827328;0
0.0;377827328;0
0.0;377827328;0
0.0;377827328;0
0.0;377827328;0
0.0;377827328;0
0.0;377827328;0
0.0;377827328;0
0.0;377827328;0
0.0;377827328;0
0.0;377827328;0
0.0;377827328;0
0.0;377827328;0
0.0;377827328;0
0.0;377827328;0
33.2;386908160;0
99.7;424972288;0
100.8;459976704;0
99.7;488189952;0
99.7;514285568;0
99.7;562806784;0
100.8;589172736;0
99.7;609374208;0
100.3;638918656;0
100.3;668782592;0
99.4;696569856;0
99.7;721756160;0
99.7;748814336;0
100.8;755871744;0
99.7;755871744;0
100.3;629911552;0
86.0;382783488;0
0.0;382783488;0
0.0;382783488;0
0.0;382783488;0
0.0;382783488;0
0.0;382783488;0
0.0;382783488;0
0.0;382783488;0
0.0;382783488;0
0.0;382783488;0
0.0;382783488;0
0.0;382783488;0
0.0;382783488;0
0.0;382783488;0
0.0;382783488;0
0.0;382783488;0
0.0;382783488;0
0.0;382783488;0
0.0;382783488;0
0.0;382783488;0
0.0;382783488;0
0.0;382783488;0
71.0;396857344;0
100.3;436871168;0
99.7;469688320;0
99.7;497360896;0
100.8;522063872;0
99.7;552292352;0
99.7;580812800;0
99.7;598589440;0
99.7;628396032;0
100.8;659636224;0
99.7;688504832;0
86.0;715489280;0
100.3;743268352;0
99.4;755929088;0
100.3;755929088;0
99.4;755929088;0
100.3;399282176;0
0.0;382812160;0
0.0;382812160;0
0.0;382812160;0
0.0;382812160;0
0.0;382812160;0
0.0;382812160;0
0.0;382812160;0
0.0;382812160;0
0.0;382812160;0
0.0;382812160;0
0.0;382812160;0
0.0;382812160;0
0.0;382812160;0
0.0;382812160;0
0.0;382812160;0
0.0;382812160;0
0.0;382812160;0
0.0;382812160;0
0.0;382812160;0
