8.3;57.6;26.3;1.9;0.0;870.0
6.9;103.6;126.8;11.2;0.0;870.0
8.4;139.6;137.9;7.4;0.0;870.0
8.3;176.2;135.4;7.0;2.0;870.0
7.0;208.6;99.8;7.0;0.0;870.0
8.3;242.4;104.0;14.2;0.0;870.0
8.4;304.5;6.6;33.0;0.0;870.0
8.4;355.6;5.5;27.5;0.0;870.0
8.3;415.2;6.5;32.5;0.0;870.0
8.4;477.8;6.8;34.0;0.0;870.0
8.3;523.3;5.0;25.0;0.0;870.0
8.4;586.0;6.7;33.5;0.0;870.0
8.3;646.9;6.6;33.0;0.0;870.0
8.3;688.9;4.7;23.5;0.0;870.0
8.3;747.6;6.3;31.5;0.0;870.0
8.3;804.8;6.4;32.0;0.0;870.0
8.4;869.5;6.9;34.5;0.0;870.0
8.3;921.2;5.7;28.5;0.0;870.0
8.3;968.6;2.5;11.3;0.0;870.0
8.3;1006.8;0.0;0.0;0.0;870.0
8.3;1036.4;0.0;0.0;0.0;870.0
8.4;1022.7;233.7;0.4;0.0;870.0
8.4;1022.7;338.7;0.6;0.0;870.0
8.3;1022.7;338.4;0.6;0.0;870.0
8.4;1022.7;334.8;0.6;0.0;870.0
8.3;1022.7;338.7;0.6;0.0;870.0
8.3;1022.7;337.2;0.6;0.0;870.0
8.3;1022.7;345.3;0.6;0.0;870.0
8.3;1022.7;320.7;0.6;0.0;870.0
8.4;1022.7;335.1;0.6;0.0;870.0
8.3;1022.7;337.5;0.6;0.0;870.0
8.3;1022.7;333.3;0.6;0.0;870.0
8.3;1022.7;353.1;0.6;0.0;870.0
8.3;1022.7;328.2;0.6;0.0;870.0
8.4;1022.7;337.8;0.6;0.0;870.0
8.4;1022.7;361.8;0.6;0.0;870.0
8.4;1022.7;316.5;0.6;0.0;870.0
8.4;1022.7;345.6;0.6;0.0;870.0
8.4;1022.7;334.8;0.6;0.0;870.0
8.4;1022.7;342.0;0.6;0.0;870.0
8.3;1022.7;336.9;0.6;0.0;870.0
8.4;1022.7;332.7;0.6;0.0;870.0
8.3;1022.7;336.9;0.6;0.0;870.0
8.4;1022.7;351.6;0.6;0.0;870.0
8.3;1022.7;332.4;0.6;0.0;870.0
8.3;1022.7;320.1;0.6;0.0;870.0
8.4;1022.7;341.1;0.6;0.0;870.0
8.3;1022.7;335.4;0.6;0.0;870.0
8.4;1022.7;330.6;0.6;0.0;870.0
8.3;1022.7;335.4;0.6;0.0;870.0
8.3;1022.7;332.7;0.6;0.0;870.0
8.4;1022.7;336.6;0.6;0.0;870.0
8.3;1022.7;333.6;0.6;0.0;870.0
8.3;1022.7;354.3;0.6;0.0;870.0
8.3;1022.7;338.1;0.6;0.0;870.0
8.3;1022.7;346.8;0.6;0.0;870.0
8.4;1022.7;316.5;0.6;0.0;870.0
8.4;1022.7;331.8;0.6;0.0;870.0
8.3;1022.7;346.5;0.6;0.0;870.0
8.4;1022.7;332.1;0.6;0.0;870.0
8.4;1022.7;325.2;0.6;0.0;870.0
8.4;1022.7;346.8;0.6;0.0;870.0
8.4;1022.7;335.7;0.6;0.0;870.0
8.3;1022.7;336.9;0.6;0.0;870.0
8.3;1022.7;319.2;0.6;0.0;870.0
8.4;1022.7;337.8;0.6;0.0;870.0
8.4;1022.7;357.0;0.6;0.0;870.0
8.3;1022.7;338.1;0.6;0.0;870.0
8.3;1022.7;337.5;0.6;0.0;870.0
8.3;1022.7;324.9;0.6;0.0;870.0
8.4;1022.7;335.7;0.6;0.0;870.0
8.3;1022.7;332.7;0.6;0.0;870.0
8.4;1022.8;330.3;0.6;0.0;870.0
8.4;1022.8;347.1;0.6;0.0;870.0
8.4;1022.8;346.5;0.6;0.0;870.0
8.4;1022.8;324.9;0.6;0.0;870.0
8.4;1022.8;343.5;0.6;0.0;870.0
8.4;1022.8;318.0;0.6;0.0;870.0
8.3;1022.8;334.2;0.6;0.0;870.0
8.3;1022.8;357.0;0.6;0.0;870.0
8.3;1022.8;311.1;0.6;0.0;870.0
8.4;1022.8;344.5;0.6;0.0;870.0
8.4;1022.8;322.7;0.6;0.0;870.0
8.3;1022.8;340.8;0.6;0.0;870.0
8.3;1022.8;341.4;0.6;0.0;870.0
8.3;1022.8;325.5;0.6;0.0;870.0
8.3;1022.8;333.9;0.6;0.0;870.0
8.3;1022.8;348.0;0.6;0.0;870.0
8.3;1022.8;314.4;0.6;0.0;870.0
8.4;1022.8;329.1;0.6;0.0;870.0
8.3;1022.8;331.2;0.6;0.0;870.0
8.4;1022.8;339.6;0.6;0.0;870.0
8.4;1022.8;340.5;0.6;0.0;870.0
8.4;1022.8;348.0;0.6;0.0;870.0
8.3;1022.8;334.2;0.6;0.0;870.0
8.3;1022.8;319.5;0.6;0.0;870.0
8.4;1022.8;339.9;0.6;0.0;870.0
8.3;1022.8;342.9;0.6;0.0;870.0
8.3;1022.8;330.6;0.6;0.0;870.0
8.3;1022.8;328.8;0.6;0.0;870.0
8.3;1022.8;332.7;0.6;0.0;870.0
8.4;1022.8;333.0;0.6;0.0;870.0
8.3;1022.8;351.3;0.6;0.0;870.0
8.4;1022.8;338.7;0.6;0.0;870.0
8.3;1022.8;340.8;0.6;0.0;870.0
8.3;1022.8;323.7;0.6;0.0;870.0
8.4;1022.8;325.5;0.6;0.0;870.0
8.3;1022.8;336.3;0.6;0.0;870.0
8.3;1022.8;353.7;0.6;0.0;870.0
8.4;1022.8;321.3;0.6;0.0;870.0
8.4;1022.8;332.7;0.6;0.0;870.0
8.3;1022.8;348.9;0.6;0.0;870.0
8.3;1022.8;326.3;0.6;0.0;870.0
8.4;1022.8;330.7;0.6;0.0;870.0
8.3;1022.8;338.7;0.6;0.0;870.0
8.4;1022.8;345.9;0.6;0.0;870.0
8.3;1022.8;312.9;0.6;0.0;870.0
8.3;1022.8;334.5;0.6;0.0;870.0
8.3;1022.8;352.8;0.6;0.0;870.0
8.3;1022.8;323.7;0.6;0.0;870.0
8.3;1022.8;341.1;0.6;0.0;870.0
8.3;1022.8;330.6;0.6;0.0;870.0
8.3;1022.8;333.6;0.6;0.0;870.0
8.3;1022.8;339.9;0.6;0.0;870.0
8.3;1022.8;320.1;0.6;0.0;870.0
8.4;1022.8;330.6;0.6;0.0;870.0
8.3;1022.8;332.4;0.6;0.0;870.0
8.4;1022.8;343.8;0.6;0.0;870.0
8.3;1022.8;336.9;0.6;0.0;870.0
8.3;1022.8;318.6;0.6;0.0;870.0
8.3;1022.8;347.7;0.6;0.0;870.0
8.4;1022.8;336.0;0.6;0.0;870.0
8.4;1022.8;338.7;0.6;0.0;870.0
8.3;1022.8;327.0;0.6;0.0;870.0
8.4;1022.8;351.0;0.6;0.0;870.0
8.3;1022.8;320.4;0.6;0.0;870.0
8.3;1022.8;326.1;0.6;0.0;870.0
8.3;1022.8;350.1;0.6;0.0;870.0
8.3;1022.7;333.9;0.6;0.0;870.0
8.3;1022.7;319.5;0.6;0.0;870.0
8.4;1022.7;337.2;0.6;0.0;870.0
8.3;1022.7;339.6;0.6;0.0;870.0
8.4;1022.7;334.5;0.6;0.0;870.0
8.3;1022.7;335.7;0.6;0.0;870.0
8.4;1022.7;333.3;0.6;0.0;870.0
8.4;1022.7;338.7;0.6;0.0;870.0
8.4;1022.7;329.7;0.6;0.0;870.0
8.4;1022.7;335.1;0.6;0.0;870.0
8.4;1022.7;348.9;0.6;0.0;870.0
8.4;1022.7;324.0;0.6;0.0;870.0
8.4;1022.7;347.7;0.6;0.0;870.0
8.3;1022.7;327.6;0.6;0.0;870.0
8.3;1022.7;344.1;0.6;0.0;870.0
8.3;1022.7;322.2;0.6;0.0;870.0
8.4;1022.7;335.4;0.6;0.0;870.0
8.3;1022.7;332.7;0.6;0.0;870.0
8.3;1022.7;334.2;0.6;0.0;870.0
8.3;1022.7;345.0;0.6;0.0;870.0
8.3;1022.7;318.3;0.6;0.0;870.0
8.3;1022.7;350.4;0.6;0.0;870.0
8.3;1022.7;303.0;0.5;0.0;870.0
8.3;1022.7;349.8;0.6;0.0;870.0
8.4;1022.7;321.9;0.6;0.0;870.0
8.4;1022.7;339.3;0.6;0.0;870.0
8.3;1022.7;344.7;0.6;0.0;870.0
8.3;1022.7;315.0;0.6;0.0;870.0
8.4;1022.7;331.5;0.6;0.0;870.0
8.4;1022.7;347.1;0.6;0.0;870.0
8.4;1022.7;321.3;0.6;0.0;870.0
8.3;1022.7;336.3;0.6;0.0;870.0
8.3;1022.7;341.4;0.6;0.0;870.0
8.4;1022.7;361.8;0.6;0.0;870.0
8.3;1022.7;311.4;0.6;0.0;870.0
8.4;1022.7;330.6;0.6;0.0;870.0
8.3;1022.7;342.4;0.6;0.0;870.0
8.3;1022.7;336.5;0.6;0.0;870.0
8.4;1022.7;333.9;0.6;0.0;870.0
8.4;1022.7;348.9;0.6;0.0;870.0
8.4;1022.7;319.2;0.6;0.0;870.0
8.3;1022.7;330.0;0.6;0.0;870.0
8.4;1022.7;340.2;0.6;0.0;870.0
8.4;1022.7;317.7;0.6;0.0;870.0
8.3;1022.7;341.7;0.6;0.0;870.0
8.4;1022.7;319.5;0.6;0.0;870.0
8.4;1022.7;351.0;0.6;0.0;870.0
8.4;1022.7;327.6;0.6;0.0;870.0
8.3;1022.7;345.9;0.6;0.0;870.0
8.3;1022.7;337.8;0.6;0.0;870.0
8.3;1022.7;336.0;0.6;0.0;870.0
8.4;1022.7;348.6;0.6;0.0;870.0
8.4;1022.7;318.6;0.6;0.0;870.0
8.3;1022.7;339.9;0.6;0.0;870.0
8.3;1022.7;328.2;0.6;0.0;870.0
8.3;1022.7;336.9;0.6;0.0;870.0
8.3;1022.7;331.8;0.6;0.0;870.0
8.4;1022.7;332.7;0.6;0.0;870.0
8.3;1022.7;346.8;0.6;0.0;870.0
8.4;1022.7;318.9;0.6;0.0;870.0
8.4;1022.7;334.2;0.6;0.0;870.0
8.3;1022.7;336.6;0.6;0.0;870.0
8.4;1022.7;318.6;0.6;0.0;870.0
8.4;1022.7;345.3;0.6;0.0;870.0
8.4;1022.7;320.7;0.6;0.0;870.0
8.3;1022.7;335.1;0.6;0.0;870.0
8.4;1022.7;331.5;0.6;0.0;870.0
8.3;1022.7;336.8;0.6;0.0;870.0
8.3;1022.7;334.6;0.6;0.0;870.0
8.3;1022.7;351.3;0.6;0.0;870.0
8.3;1022.7;313.8;0.6;0.0;870.0
8.3;1022.7;334.2;0.6;0.0;870.0
8.3;1022.7;351.3;0.6;0.0;870.0
8.3;1022.7;324.0;0.6;0.0;870.0
8.3;1022.7;344.1;0.6;0.0;870.0
8.4;1022.7;332.1;0.6;0.0;870.0
8.3;1022.7;333.0;0.6;0.0;870.0
8.3;1022.7;321.3;0.6;0.0;870.0
8.4;1022.7;335.7;0.6;0.0;870.0
8.3;1022.7;349.5;0.6;0.0;870.0
8.3;1022.7;322.5;0.6;0.0;870.0
8.4;1022.7;334.5;0.6;0.0;870.0
8.3;1022.7;328.8;0.6;0.0;870.0
8.4;1022.7;346.2;0.6;0.0;870.0
8.3;1022.7;321.9;0.6;0.0;870.0
8.3;1022.7;337.5;0.6;0.0;870.0
8.3;1022.7;340.5;0.6;0.0;870.0
8.3;1022.7;327.9;0.6;0.0;870.0
8.3;1022.7;340.2;0.6;0.0;870.0
8.4;1022.7;337.8;0.6;0.0;870.0
8.3;1022.7;311.4;0.6;0.0;870.0
8.3;1022.7;328.8;0.6;0.0;870.0
8.4;1022.7;326.7;0.6;0.0;870.0
8.3;1019.5;335.1;0.6;0.0;870.0
8.3;1019.5;327.3;0.6;0.0;870.0
8.3;1019.5;342.6;0.6;0.0;870.0
8.4;1019.5;322.5;0.6;0.0;870.0
8.4;1019.5;342.0;0.6;0.0;870.0
8.4;1019.5;336.3;0.6;0.0;870.0
8.3;1019.5;335.4;0.6;0.0;870.0
8.4;1019.5;348.6;0.6;0.0;870.0
8.3;1019.5;336.0;0.6;0.0;870.0
8.3;1019.5;344.1;0.6;0.0;870.0
8.3;1019.5;315.9;0.6;0.0;870.0
8.3;1019.5;331.2;0.6;0.0;870.0
8.4;1019.5;336.6;0.6;0.0;870.0
8.3;1019.5;329.1;0.6;0.0;870.0
8.3;1019.5;328.8;0.6;0.0;870.0
8.3;1019.5;333.6;0.6;0.0;870.0
8.4;1019.5;352.5;0.6;0.0;870.0
8.4;1019.5;325.8;0.6;0.0;870.0
8.3;1019.5;337.8;0.6;0.0;870.0
8.3;1019.5;345.6;0.6;0.0;870.0
8.3;1019.5;322.5;0.6;0.0;870.0
8.4;1019.5;335.1;0.6;0.0;870.0
8.4;1019.5;327.9;0.6;0.0;870.0
8.4;1019.5;341.7;0.6;0.0;870.0
8.4;1019.5;322.2;0.6;0.0;870.0
8.4;1019.5;339.9;0.6;0.0;870.0
8.4;1019.5;323.1;0.6;0.0;870.0
8.3;1019.5;334.5;0.6;0.0;870.0
8.3;1019.5;332.4;0.6;0.0;870.0
8.4;1019.5;355.2;0.6;0.0;870.0
8.4;1019.5;325.5;0.6;0.0;870.0
8.4;1019.5;323.4;0.6;0.0;870.0
8.3;1019.5;337.5;0.6;0.0;870.0
8.3;1019.5;363.9;0.6;0.0;870.0
8.4;1019.5;315.6;0.6;0.0;870.0
8.4;1019.5;353.7;0.6;0.0;870.0
8.3;1019.5;335.7;0.6;0.0;870.0
8.3;1019.5;335.7;0.6;0.0;870.0
8.4;1019.5;328.2;0.6;0.0;870.0
8.4;1019.5;324.3;0.6;0.0;870.0
8.4;1019.5;335.7;0.6;0.0;870.0
8.4;1019.5;333.9;0.6;0.0;870.0
8.3;1019.5;338.1;0.6;0.0;870.0
8.4;1019.5;329.1;0.6;0.0;870.0
8.3;1019.5;333.0;0.6;0.0;870.0
8.3;1019.5;333.6;0.6;0.0;870.0
8.3;1019.5;340.2;0.6;0.0;870.0
8.3;1019.5;337.8;0.6;0.0;870.0
8.4;1019.5;334.8;0.6;0.0;870.0
8.3;1019.5;337.5;0.6;0.0;870.0
8.3;1019.5;334.2;0.6;0.0;870.0
8.3;1019.5;332.7;0.6;0.0;870.0
8.3;1019.5;341.1;0.6;0.0;870.0
8.4;1019.5;337.5;0.6;0.0;870.0
8.3;1019.5;332.4;0.6;0.0;870.0
8.4;1019.5;336.9;0.6;0.0;870.0
8.4;1019.5;340.5;0.6;0.0;870.0
8.3;1019.5;342.3;0.6;0.0;870.0
8.3;1019.5;337.2;0.6;0.0;870.0
8.4;1019.5;335.1;0.6;0.0;870.0
8.3;1019.5;332.1;0.6;0.0;870.0
8.3;1019.5;334.5;0.6;0.0;870.0
8.4;1019.5;315.6;0.6;0.0;870.0
8.3;1019.5;335.4;0.6;0.0;870.0
8.3;1019.5;330.0;0.6;0.0;870.0
8.3;1019.5;331.8;0.6;0.0;870.0
8.3;1019.5;328.8;0.6;0.0;870.0
8.4;1019.5;335.4;0.6;0.0;870.0
8.3;1019.5;344.1;0.6;0.0;870.0
