8.4;29.5;10.3;0.7;1.0;702.0
8.3;36.6;47.3;3.7;1.0;702.0
8.3;50.6;26.0;2.0;0.0;702.0
8.3;63.2;21.4;1.7;0.0;702.0
8.4;75.3;23.5;1.8;0.0;702.0
8.3;87.5;21.8;1.7;0.0;702.0
8.4;100.0;21.0;1.6;1.0;702.0
8.4;113.5;25.1;2.0;0.0;702.0
8.4;123.5;16.4;1.3;0.0;702.0
8.4;137.7;26.1;2.0;0.0;702.0
8.3;146.6;17.4;1.4;0.0;702.0
8.3;161.2;26.1;2.0;1.0;702.0
8.3;170.0;17.4;1.4;0.0;702.0
8.4;182.8;21.5;1.7;0.0;702.0
8.3;197.0;27.4;2.1;0.0;702.0
8.3;205.6;13.4;1.0;1.0;702.0
8.4;216.6;18.7;1.5;1.0;702.0
8.3;231.3;24.4;1.9;0.0;702.0
8.4;235.0;49.9;3.9;0.0;702.0
8.4;235.3;54.0;4.2;0.0;652.0
8.3;235.6;48.5;3.8;4.0;626.0
8.4;235.8;48.6;3.8;2.0;626.0
8.3;236.0;53.0;4.1;0.0;627.0
8.4;236.4;57.1;4.5;0.0;627.0
8.4;236.5;56.0;4.4;0.0;627.0
8.3;236.8;59.6;4.7;0.0;627.0
8.4;241.1;49.8;3.9;0.0;627.0
8.3;252.6;21.9;1.7;0.0;627.0
8.4;257.2;9.5;0.7;0.0;627.0
8.3;271.6;26.7;2.1;0.0;627.0
8.3;286.1;27.0;2.1;0.0;627.0
8.4;300.8;29.7;2.3;0.0;627.0
8.3;307.8;13.5;1.1;0.0;627.0
8.4;313.8;13.1;1.0;0.0;627.0
8.3;328.3;30.4;2.4;0.0;627.0
8.3;342.8;26.2;2.0;0.0;627.0
8.3;357.4;28.6;2.2;0.0;627.0
8.3;372.1;27.7;2.2;0.0;627.0
8.4;376.8;9.5;0.7;0.0;627.0
8.3;380.9;8.9;0.7;0.0;627.0
8.4;395.5;30.5;2.4;0.0;627.0
8.4;409.9;29.3;2.3;0.0;627.0
8.4;424.5;27.6;2.2;0.0;627.0
8.4;439.1;26.6;2.1;0.0;627.0
8.3;453.6;28.1;2.2;0.0;627.0
8.4;463.0;20.7;1.6;1.0;627.0
8.3;463.0;0.0;0.0;0.0;627.0
8.4;472.1;18.0;1.4;0.0;627.0
8.3;486.8;30.7;2.4;0.0;627.0
8.3;501.3;27.5;2.1;1.0;627.0
8.4;515.8;27.9;2.2;1.0;627.0
8.3;530.3;27.6;2.2;0.0;627.0
8.3;544.7;30.0;2.3;0.0;627.0
8.3;559.3;30.7;2.4;0.0;627.0
8.3;569.8;20.0;1.6;1.0;627.0
8.4;569.8;0.0;0.0;1.0;627.0
8.3;571.3;2.7;0.2;0.0;627.0
8.4;586.0;26.4;2.1;0.0;627.0
8.4;600.5;29.3;2.3;1.0;627.0
8.4;614.9;28.0;2.2;1.0;627.0
8.3;630.0;32.1;2.5;0.0;627.0
8.3;644.0;26.4;2.1;0.0;627.0
8.4;658.3;27.8;2.2;0.0;627.0
8.3;673.1;28.4;2.2;1.0;627.0
8.3;687.8;29.3;2.3;1.0;627.0
8.3;701.7;26.9;2.1;0.0;627.0
8.3;702.7;1.4;0.1;0.0;627.0
8.3;702.7;0.0;0.0;0.0;627.0
8.3;705.9;6.7;0.5;1.0;627.0
8.4;720.6;28.1;2.2;0.0;627.0
8.3;735.3;28.8;2.2;0.0;627.0
8.3;749.8;27.6;2.2;0.0;627.0
8.3;764.5;27.1;2.1;0.0;627.0
8.3;778.9;29.3;2.3;1.0;627.0
8.4;793.5;27.3;2.1;0.0;627.0
8.3;808.1;27.1;2.1;0.0;627.0
8.4;822.6;28.8;2.2;0.0;627.0
8.4;837.3;27.5;2.1;0.0;627.0
8.4;852.0;29.9;2.3;0.0;627.0
8.4;866.3;27.8;2.2;0.0;627.0
8.3;867.5;2.1;0.2;0.0;627.0
8.4;867.5;0.0;0.0;0.0;627.0
8.3;867.5;0.0;0.0;0.0;627.0
8.3;875.5;14.0;1.1;0.0;627.0
8.3;889.9;29.4;2.3;0.0;627.0
8.3;904.5;28.7;2.2;0.0;627.0
8.4;919.1;27.3;2.1;0.0;627.0
8.3;933.8;29.6;2.3;1.0;627.0
8.3;948.5;28.8;2.2;0.0;627.0
8.3;962.9;29.2;2.3;0.0;627.0
8.3;977.6;27.2;2.1;0.0;627.0
8.4;992.3;28.3;2.2;0.0;627.0
8.3;1006.9;29.3;2.3;1.0;627.0
8.4;1021.5;27.8;2.2;0.0;627.0
8.4;1036.1;27.8;2.2;0.0;627.0
8.4;1050.5;29.2;2.3;0.0;627.0
8.4;1065.6;29.0;2.3;1.0;627.0
8.3;1073.9;17.0;1.3;1.0;627.0
8.4;1073.9;0.0;0.0;0.0;627.0
8.3;1073.9;0.0;0.0;0.0;627.0
8.4;1073.9;0.0;0.0;0.0;627.0
8.3;1076.9;6.2;0.5;1.0;627.0
8.3;1091.4;32.6;2.5;1.0;627.0
8.4;1105.9;28.9;2.3;0.0;627.0
8.3;1120.4;27.6;2.2;0.0;627.0
8.4;1135.0;27.9;2.2;1.0;627.0
8.3;1149.6;29.9;2.3;1.0;627.0
8.3;1163.8;31.5;2.5;0.0;627.0
8.4;1178.4;26.2;2.0;0.0;627.0
8.3;1193.3;27.3;2.1;0.0;627.0
8.4;1207.8;27.8;2.2;1.0;627.0
8.3;1222.4;29.7;2.3;2.0;627.0
8.4;1236.8;29.9;2.3;0.0;627.0
8.4;1251.5;28.4;2.2;0.0;627.0
8.4;1266.2;28.1;2.2;0.0;627.0
8.4;1280.5;28.9;2.3;1.0;627.0
8.3;1295.2;29.6;2.3;1.0;627.0
8.4;1309.8;29.4;2.3;0.0;627.0
8.3;1323.9;26.9;2.1;0.0;627.0
8.3;1329.9;11.6;0.9;0.0;627.0
8.3;1329.9;0.0;0.0;1.0;627.0
8.3;1329.9;0.0;0.0;1.0;627.0
8.4;1329.9;0.0;0.0;0.0;627.0
8.3;1329.9;0.0;0.0;0.0;627.0
8.3;1334.5;9.7;0.8;0.0;627.0
8.4;1348.9;29.5;2.3;1.0;627.0
8.3;1363.7;28.9;2.3;1.0;627.0
8.4;1378.2;30.9;2.4;0.0;627.0
8.3;1392.7;29.0;2.3;0.0;627.0
8.4;1407.4;29.0;2.3;0.0;627.0
8.4;1422.1;28.4;2.2;1.0;627.0
8.4;1436.6;29.8;2.3;0.0;627.0
8.4;1451.3;29.8;2.3;0.0;627.0
8.3;1466.0;27.3;2.1;0.0;627.0
8.4;1480.4;29.7;2.3;0.0;627.0
8.3;1495.1;28.5;2.2;1.0;627.0
8.4;1509.7;29.3;2.3;0.0;627.0
8.3;1524.2;29.9;2.3;0.0;627.0
8.3;1538.9;29.4;2.3;0.0;627.0
8.4;1553.5;29.1;2.3;1.0;627.0
8.3;1567.9;28.1;2.2;0.0;627.0
8.3;1582.6;28.5;2.2;0.0;627.0
8.3;1597.1;31.4;2.5;0.0;627.0
8.3;1611.7;29.7;2.3;0.0;627.0
8.4;1626.4;28.4;2.2;1.0;627.0
8.3;1640.8;28.6;2.2;0.0;627.0
8.4;1649.0;15.3;1.2;0.0;627.0
8.3;1649.0;0.0;0.0;0.0;627.0
8.4;1649.0;0.0;0.0;0.0;627.0
8.4;1649.0;0.0;0.0;0.0;627.0
8.3;1649.0;0.0;0.0;0.0;627.0
8.4;1649.0;0.0;0.0;0.0;627.0
8.3;1649.0;0.0;0.0;0.0;627.0
8.4;1661.7;25.3;2.0;0.0;627.0
8.3;1676.5;29.2;2.3;0.0;627.0
8.3;1691.2;28.1;2.2;0.0;627.0
8.3;1705.7;28.0;2.2;0.0;627.0
8.3;1720.3;29.4;2.3;0.0;627.0
8.4;1735.0;29.1;2.3;1.0;627.0
8.3;1749.2;29.6;2.3;0.0;627.0
8.3;1764.0;28.6;2.2;0.0;627.0
8.4;1778.4;29.1;2.3;0.0;627.0
8.3;1793.0;29.2;2.3;0.0;627.0
8.4;1807.7;28.1;2.2;1.0;627.0
8.3;1822.0;29.9;2.3;0.0;627.0
8.4;1836.7;28.5;2.2;0.0;627.0
8.4;1851.6;30.2;2.4;0.0;627.0
8.4;1866.2;30.0;2.3;1.0;627.0
8.4;1880.8;29.9;2.3;1.0;627.0
8.3;1895.4;30.0;2.3;0.0;627.0
8.4;1910.0;28.2;2.2;0.0;627.0
8.3;1924.6;25.7;2.0;0.0;627.0
8.4;1939.8;28.3;2.2;1.0;627.0
8.3;1953.7;27.6;2.2;1.0;627.0
8.3;1968.3;26.7;2.1;0.0;627.0
8.4;1982.8;27.0;2.1;0.0;627.0
8.3;1997.4;28.2;2.2;1.0;627.0
8.3;2011.9;27.8;2.2;1.0;627.0
8.3;2026.4;29.6;2.3;1.0;627.0
8.3;2041.1;29.5;2.3;0.0;627.0
8.4;2046.2;10.8;0.8;0.0;627.0
8.3;2046.2;0.0;0.0;1.0;627.0
8.4;2046.2;0.0;0.0;1.0;627.0
8.3;2046.2;0.0;0.0;1.0;627.0
8.3;2046.2;0.0;0.0;0.0;627.0
8.4;2046.2;0.0;0.0;0.0;627.0
8.3;2046.2;0.0;0.0;1.0;627.0
8.4;2046.2;0.0;0.0;1.0;627.0
8.3;2053.1;12.7;1.0;0.0;627.0
8.4;2067.6;28.5;2.2;0.0;627.0
8.3;2082.3;28.4;2.2;0.0;627.0
8.3;2097.3;28.9;2.3;1.0;627.0
8.3;2111.8;28.1;2.2;1.0;627.0
8.3;2126.5;29.2;2.3;0.0;627.0
8.4;2141.0;26.2;2.0;0.0;627.0
8.3;2155.8;28.4;2.2;0.0;627.0
8.3;2170.1;27.2;2.1;1.0;627.0
8.4;2184.7;31.7;2.5;1.0;627.0
8.3;2199.5;28.0;2.2;0.0;627.0
8.4;2214.0;25.1;2.0;0.0;627.0
8.3;2228.9;27.3;2.1;0.0;627.0
8.4;2243.6;29.0;2.3;1.0;627.0
8.4;2258.1;28.6;2.2;0.0;627.0
8.4;2272.9;28.4;2.2;0.0;627.0
8.4;2287.7;26.0;2.0;0.0;627.0
8.3;2302.1;25.5;2.0;0.0;627.0
8.4;2316.6;27.4;2.1;1.0;627.0
8.3;2330.9;27.3;2.1;0.0;627.0
8.3;2345.5;29.4;2.3;0.0;627.0
8.3;2360.2;27.6;2.2;0.0;627.0
8.3;2374.5;27.8;2.2;0.0;627.0
8.4;2389.2;27.5;2.1;0.0;627.0
8.3;2403.6;28.7;2.2;0.0;627.0
8.3;2418.2;27.7;2.2;0.0;627.0
8.3;2433.0;27.9;2.2;0.0;627.0
8.3;2447.4;27.2;2.1;1.0;627.0
8.4;2462.2;29.3;2.3;0.0;627.0
8.3;2476.8;29.3;2.3;0.0;627.0
8.4;2491.2;27.3;2.1;0.0;627.0
8.4;2505.9;27.5;2.1;0.0;627.0
8.3;2520.8;29.4;2.3;0.0;627.0
8.4;2534.9;27.6;2.2;0.0;627.0
8.3;2540.3;11.0;0.9;0.0;627.0
8.4;2540.3;0.0;0.0;0.0;627.0
8.3;2540.3;0.0;0.0;0.0;627.0
8.4;2540.3;0.0;0.0;0.0;627.0
8.3;2540.3;0.0;0.0;0.0;627.0
8.3;2540.3;0.0;0.0;0.0;627.0
8.3;2540.3;0.0;0.0;0.0;627.0
8.3;2540.3;0.0;0.0;0.0;627.0
8.4;2540.3;0.0;0.0;0.0;627.0
8.3;2540.3;0.0;0.0;0.0;627.0
8.3;2546.1;10.8;0.8;0.0;627.0
9.4;2557.3;825.1;1.0;0.0;627.0
8.3;2577.2;792.1;6.6;1.0;627.0
8.4;2600.0;693.5;18.1;0.0;627.0
8.3;2634.5;740.5;19.5;0.0;627.0
8.4;2684.5;531.8;30.4;0.0;627.0
8.4;2707.1;783.4;20.3;1.0;627.0
9.7;2756.4;59.1;49.1;1.0;627.0
8.4;2767.7;385.0;29.3;0.0;627.0
8.4;2803.3;677.1;19.5;0.0;627.0
8.4;2833.7;770.7;22.8;0.0;627.0
8.3;2882.4;158.6;44.8;1.0;627.0
8.4;2889.5;623.2;21.1;1.0;627.0
7.1;2908.7;818.0;17.9;0.0;627.0
8.4;2963.7;164.6;52.1;0.0;627.0
8.4;2986.0;851.4;12.1;1.0;627.0
8.3;3022.6;267.4;42.3;1.0;627.0
8.4;3051.6;687.1;26.0;1.0;627.0
6.9;3064.3;710.5;10.9;0.0;627.0
8.3;3128.9;303.2;43.1;0.0;627.0
8.4;3149.2;444.4;33.4;1.0;627.0
8.3;3166.3;858.7;18.6;1.0;627.0
8.4;3203.1;677.4;20.1;1.0;627.0
9.5;3237.5;337.4;42.1;0.0;627.0
8.4;3266.0;577.2;29.6;0.0;627.0
8.4;3299.2;503.7;29.6;1.0;627.0
8.3;3324.3;522.0;17.1;8.0;626.0
3.6;3354.4;4.8;38.2;10.0;626.0
6.2;3381.6;2.2;26.9;4.0;626.0
4.8;3408.1;2.8;27.5;5.0;626.0
7.2;3446.2;2.5;28.4;5.0;626.0
4.2;3465.2;1.2;25.5;5.0;626.0
1.2;3474.2;2.3;22.5;1.0;626.0
5.2;3513.6;1.6;27.8;2.0;626.0
8.4;3581.2;2.6;53.2;7.0;626.0
3.6;3591.0;3.3;34.1;7.0;626.0
4.2;3620.6;2.7;33.0;6.0;626.0
8.3;3651.3;4.0;37.8;6.0;626.0
3.6;3667.3;3.3;20.8;3.0;626.0
2.8;3692.4;3.5;27.2;4.0;626.0
6.9;3738.5;3.2;43.2;8.0;626.0
4.8;3760.8;3.0;27.0;8.0;626.0
8.3;3804.7;3.0;35.0;4.0;626.0
6.9;3814.2;3.3;25.9;6.0;626.0
7.2;3858.8;3.7;42.8;6.0;626.0
10.8;3870.3;5.7;18.5;7.0;626.0
8.3;3899.4;10.5;24.7;4.0;626.0
8.3;3934.5;5.4;37.3;5.0;626.0
8.4;3959.0;10.0;33.5;4.0;626.0
8.3;3988.9;6.4;35.8;8.0;626.0
8.3;4011.3;11.9;24.8;2.0;626.0
8.4;4044.2;9.9;32.3;6.0;626.0
6.9;4072.9;10.9;35.3;6.0;626.0
9.6;4103.6;12.7;25.6;6.0;626.0
8.3;4145.9;9.7;28.2;5.0;626.0
8.3;4145.7;10.6;20.7;2.0;626.0
8.4;4192.2;6.9;41.2;6.0;626.0
8.3;4198.1;12.3;23.0;5.0;626.0
8.4;4238.3;7.9;36.6;3.0;626.0
9.6;4266.9;8.8;31.9;7.0;626.0
8.3;4293.9;11.0;28.7;5.0;626.0
8.4;4314.6;12.4;30.2;7.0;626.0
9.7;4364.9;10.2;33.2;3.0;626.0
8.4;4368.6;12.0;24.6;2.0;626.0
7.1;4408.6;6.2;40.2;9.0;626.0
8.4;4425.8;12.7;26.7;5.0;626.0
8.3;4459.6;11.2;34.4;7.0;626.0
8.4;4486.7;9.8;26.6;6.0;626.0
