44.6;90.6;38.6;0.0
51.2;116.1;137.2;0.0
77.8;137.8;54.8;0.0
44.9;156.0;40.1;0.0
0.0;156.0;9.1;0.0
9.9;159.0;18.2;0.0
45.0;161.6;0.0;0.0
55.0;162.9;0.0;0.0
49.9;162.9;0.0;0.0
46.9;162.9;0.0;0.0
53.8;162.9;0.0;0.0
49.2;162.9;0.0;0.0
50.0;162.9;0.0;0.0
50.0;162.9;0.0;0.0
50.6;162.9;0.0;0.0
50.0;162.9;0.0;0.0
50.0;163.4;0.0;0.0
24.6;164.3;0.4;0.0
9.9;164.7;15.9;0.0
47.0;164.7;0.0;0.0
50.2;164.7;0.0;0.0
50.0;164.9;0.0;0.0
51.5;164.9;0.0;0.0
57.0;164.9;1.1;0.0
29.9;164.9;10.6;0.0
35.0;168.7;28.8;0.0
96.5;169.0;2.9;0.0
64.0;169.3;0.0;0.0
50.8;169.5;0.0;0.0
45.3;169.3;12.6;8.0
49.9;184.8;41.5;0.0
51.4;247.7;593.8;0.0
50.0;247.7;294.1;0.0
50.0;248.1;295.4;0.0
53.8;248.1;313.2;0.0
45.1;279.4;231.1;0.0
54.5;279.4;0.6;196.0
47.5;279.4;0.4;128.0
49.0;249.0;0.5;68.0
