0.0;10485760;0
0.0;10485760;0
0.0;10485760;0
0.0;10485760;0
57.3;14630912;0
99.7;14671872;0
166.2;19132416;0
198.9;19152896;0
218.4;23285760;0
116.4;23322624;0
215.0;27394048;0
200.7;27394048;0
232.7;31412224;0
199.5;31412224;0
215.0;35536896;0
199.5;35536896;0
216.1;43692032;0
186.4;39669760;0
216.1;47837184;0
199.5;47837184;0
199.5;47865856;0
200.7;47878144;0
133.0;51912704;0
201.6;56012800;0
199.5;56012800;0
200.7;56012800;0
198.9;56037376;0
201.6;56049664;0
199.5;56107008;0
99.7;53370880;0
235.2;64262144;0
198.9;64274432;0
216.1;68452352;0
182.8;68435968;0
218.4;72515584;0
198.9;72515584;0
201.6;72523776;0
199.5;72531968;0
199.5;72544256;0
198.9;72667136;95
151.2;76693504;182
216.1;80642048;0
199.5;80658432;0
200.7;80658432;0
199.5;80674816;0
199.5;84705280;0
199.5;84688896;0
200.7;84709376;0
199.5;84725760;0
151.2;84606976;0
199.5;88752128;0
200.7;88752128;0
198.9;88752128;0
201.6;96137216;0
199.5;96120832;0
301.0;130854912;0
301.0;158007296;0
298.3;181747712;0
301.0;207847424;0
299.2;226775040;0
302.4;251502592;0
249.3;272592896;0
299.2;285450240;427
243.7;290549760;755
241.5;294531072;250
229.4;296472576;0
199.5;302546944;0
200.7;302546944;0
200.7;302546944;0
199.5;302546944;0
151.2;306561024;0
199.5;306561024;0
199.5;306561024;0
142.0;306548736;0
157.7;310558720;0
182.8;314580992;0
199.5;314580992;0
134.4;314568704;0
199.5;318590976;0
200.7;318590976;0
166.2;318578688;0
201.6;322600960;0
199.5;322600960;0
199.5;322600960;0
201.6;322600960;0
133.0;322588672;0
186.4;330637312;0
198.9;330637312;0
201.6;330637312;0
199.5;330637312;0
199.5;330637312;0
201.6;334643200;0
198.9;334643200;0
200.7;334643200;0
127.8;334630912;0
129.0;338644992;0
216.1;342671360;0
199.5;342659072;0
100.8;342667264;0
199.5;350687232;0
182.8;350687232;0
199.5;354697216;0
157.7;362061824;0
186.4;362061824;0
199.5;362061824;0
201.6;362061824;0
199.5;362061824;0
243.7;376475648;0
284.1;403128320;0
243.7;429342720;0
229.4;463675392;0
298.3;486465536;0
301.0;505810944;0
301.0;530800640;0
298.3;554385408;0
301.0;559865856;0
213.1;373358592;0
201.6;373358592;0
99.7;373329920;0
232.7;382640128;0
201.6;382640128;0
199.5;382640128;0
199.5;382640128;0
199.5;380960768;0
199.5;386736128;0
200.7;386736128;0
198.9;390742016;0
200.7;390742016;0
186.4;398942208;0
199.5;398942208;0
199.5;402989056;0
156.2;402972672;0
172.0;407105536;0
182.8;407105536;0
199.5;407105536;0
201.6;407089152;0
199.5;415186944;0
199.5;415186944;0
199.5;419229696;0
199.5;419229696;0
201.6;419229696;0
199.5;419229696;0
49.9;416862208;0
229.4;427307008;0
200.7;427307008;0
198.9;427307008;0
200.7;427319296;0
227.3;431378432;0
186.4;431378432;0
200.7;431378432;0
156.2;431366144;0
172.0;435429376;0
182.8;439451648;0
199.5;439435264;0
199.5;446808064;0
199.5;446808064;0
201.6;446808064;0
199.5;446808064;0
199.5;446795776;0
100.8;445943808;0
319.2;484098048;0
282.6;504291328;0
299.2;524550144;0
299.2;544563200;0
299.2;562655232;0
252.0;590102528;0
299.2;615890944;0
255.7;640176128;0
258.0;616955904;0
215.0;458096640;0
198.9;458096640;0
200.7;458096640;0
198.9;458080256;0
143.3;460939264;0
201.6;467296256;0
199.5;467296256;0
199.5;467300352;0
184.8;471379968;0
199.5;471379968;0
199.5;471379968;0
199.5;471379968;0
99.7;471355392;0
235.2;479715328;0
199.5;479715328;0
199.5;479715328;0
201.6;479715328;0
182.8;479821824;0
213.1;483758080;0
200.7;483758080;0
184.7;483745792;0
143.3;487796736;0
157.7;491868160;0
170.5;491884544;0
172.0;495972352;0
168.0;495960064;0
199.5;499982336;0
200.7;499982336;0
198.9;499982336;0
133.0;500269056;0
201.6;504008704;0
199.5;504008704;0
199.5;503996416;0
100.8;503996416;0
99.7;503996416;0
232.7;512065536;0
200.7;512065536;0
198.9;512065536;0
200.7;512065536;0
200.7;516120576;0
198.9;516120576;0
182.8;516108288;0
168.0;520273920;0
182.8;520273920;0
266.0;538091520;0
299.2;564903936;0
299.2;587018240;0
302.4;606998528;0
301.0;625987584;0
269.9;644800512;0
286.7;675168256;0
302.4;699523072;0
315.8;720359424;0
266.0;602419200;0
199.5;537468928;0
182.8;537481216;0
149.6;546729984;0
199.5;546729984;0
184.8;550932480;0
200.7;550932480;0
198.9;550944768;0
200.7;550957056;0
186.4;550961152;0
198.9;555057152;0
200.7;555073536;0
127.8;557965312;0
199.5;559230976;0
201.6;559230976;0
199.5;559235072;0
166.2;563261440;0
168.0;563245056;0
149.6;571535360;0
199.5;571535360;0
200.7;575545344;0
198.9;575545344;0
172.0;575545344;0
200.7;575545344;0
184.7;575533056;0
157.7;579682304;0
186.4;583696384;0
199.5;587735040;0
199.5;587735040;0
199.5;587735040;0
199.5;587735040;0
172.0;586665984;0
184.7;595787776;0
200.7;595787776;0
213.1;599846912;0
199.5;599846912;0
201.6;599846912;0
199.5;599846912;0
166.2;599830528;0
151.2;607191040;0
315.4;631984128;0
298.3;654241792;0
301.0;675393536;0
255.7;695316480;0
298.3;719015936;0
258.0;746242048;0
302.4;772984832;0
299.2;798588928;0
255.7;805392384;0
215.0;619741184;0
201.6;619761664;0
216.1;625094656;0
199.5;625156096;0
199.5;625205248;0
213.1;629563392;0
200.7;629575680;0
201.6;629587968;0
149.6;633733120;0
199.5;633733120;0
168.0;637792256;0
199.5;637792256;0
170.5;637779968;0
200.7;641937408;0
198.9;646012928;0
200.7;646012928;0
201.6;646012928;0
182.8;650039296;0
199.5;650039296;0
184.8;654106624;0
199.5;654106624;0
199.5;654106624;0
149.6;654077952;0
156.2;662372352;0
200.7;662372352;0
201.6;662372352;0
199.5;662372352;0
166.2;658423808;0
186.4;666427392;0
