8.4;32.5;5.6;0.7;0.0;870.0
8.3;76.3;49.4;3.0;1.0;870.0
4.8;114.8;121.8;10.6;1.0;870.0
7.1;151.7;127.9;7.1;1.0;870.0
5.5;177.5;137.3;6.9;1.0;870.0
8.4;208.4;94.4;6.6;1.0;870.0
7.1;228.2;108.2;3.6;0.0;870.0
8.4;266.2;55.5;20.7;0.0;986.0
8.3;728.6;6.2;12.3;4.0;7252.0
8.3;991.5;1.0;32.9;0.0;7825.0
0.0;991.6;2.1;0.0;0.0;7825.0
0.0;991.6;0.0;0.0;0.0;7825.0
0.0;991.6;0.0;0.0;0.0;7825.0
0.0;991.6;0.0;0.0;0.0;7825.0
0.0;991.6;0.0;0.0;0.0;7825.0
0.0;991.6;0.0;0.0;0.0;7825.0
0.0;991.6;0.0;0.0;0.0;7825.0
0.0;991.6;0.0;0.0;0.0;7825.0
0.0;991.6;0.0;0.0;0.0;7822.0
3.1;1102.9;0.9;111.3;0.0;7822.0
0.0;1147.4;1.0;42.2;0.0;7820.0
8.3;1303.9;0.1;0.0;0.0;7820.0
8.3;1309.1;0.0;0.0;0.0;7820.0
8.3;1320.5;0.2;0.0;0.0;7820.0
8.4;1331.1;0.1;0.0;0.0;7820.0
8.3;1365.7;0.1;0.0;1.0;7820.0
6.9;1385.6;0.8;1.5;0.0;7820.0
8.4;1423.3;0.3;1.6;0.0;7820.0
8.3;1434.7;0.0;0.0;0.0;7820.0
8.4;1437.0;0.0;0.0;0.0;7820.0
8.3;1455.7;0.0;0.0;0.0;7820.0
8.4;1457.8;0.0;0.0;0.0;7838.0
8.4;1671.8;0.2;0.0;5.0;7979.0
9.6;1931.8;13.5;0.2;88.0;7989.0
8.4;1931.9;7.2;0.1;96.0;7989.0
8.3;1932.0;0.0;0.0;96.0;7989.0
9.6;1932.1;0.0;0.0;98.0;7989.0
7.1;1932.1;0.0;0.0;96.0;7989.0
8.3;1932.2;0.0;0.0;96.0;7989.0
8.3;1932.2;0.0;0.0;96.0;7989.0
8.3;1932.2;0.0;0.0;97.0;7989.0
8.4;1932.2;0.0;0.0;99.0;7989.0
14.2;1932.2;0.0;0.0;96.0;7989.0
6.9;1932.2;0.0;0.0;99.0;7989.0
15.2;1932.2;0.0;0.0;96.0;7989.0
8.3;1932.2;0.0;0.0;96.0;7989.0
8.4;1933.9;0.0;0.0;96.0;7989.0
9.7;1932.2;0.0;0.0;96.0;7989.0
9.8;1931.7;4.8;0.1;87.0;7989.0
8.4;1984.1;15.8;0.2;32.0;7989.0
8.4;1986.2;9.6;0.1;0.0;7989.0
70.5;2976.9;0.0;0.0;31.0;7989.0
13.1;2978.4;2.7;0.4;0.0;7989.0
8.4;2980.6;1.1;4.7;0.0;7989.0
8.3;2980.9;1.3;4.5;0.0;7989.0
8.4;2981.2;1.2;6.8;0.0;7989.0
8.3;2982.6;1.0;4.5;0.0;7992.0
8.3;2984.4;1.3;4.5;1.0;7992.0
8.4;2985.5;1.2;6.8;0.0;7992.0
8.3;2986.3;1.3;0.0;0.0;7992.0
8.4;2988.8;6.9;34.1;0.0;7993.0
8.3;2989.1;0.6;1.5;2.0;7998.0
8.3;2993.8;0.3;1.6;96.0;8000.0
8.4;2993.8;0.0;0.0;96.0;8000.0
9.6;2993.8;0.0;0.0;96.0;8000.0
8.4;2993.8;0.0;0.0;96.0;8000.0
9.7;2993.8;0.0;0.0;96.0;8000.0
8.4;2993.8;0.0;0.0;96.0;8000.0
8.4;2993.8;0.0;0.0;96.0;8000.0
11.1;2993.8;0.0;0.0;95.0;8000.0
11.2;2993.8;0.0;0.0;96.0;7996.0
8.3;2993.8;0.0;0.0;99.0;7996.0
7.2;2993.8;0.0;0.0;96.0;7996.0
8.3;2993.8;0.0;0.0;96.0;7996.0
12.5;2993.8;0.0;0.0;96.0;7996.0
9.7;2993.8;0.0;0.0;96.0;7996.0
8.3;2993.8;0.0;0.0;96.0;7996.0
8.4;2996.4;0.0;0.0;79.0;7996.0
30.5;2999.4;0.0;0.0;44.0;7996.0
97.0;2999.4;0.0;0.0;0.0;7996.0
99.7;2999.4;0.0;0.0;0.0;7996.0
8.3;2994.8;17.9;66.5;0.0;7996.0
8.4;2996.8;0.6;1.6;0.0;7996.0
12.5;3003.5;0.3;1.7;78.0;7996.0
8.4;3003.5;0.0;0.0;96.0;7996.0
8.4;3003.5;0.0;0.0;99.0;7996.0
10.8;3003.5;0.0;0.0;95.0;7996.0
9.8;3003.5;0.0;0.0;99.0;7996.0
8.3;3003.6;0.0;0.0;96.0;7996.0
8.4;3003.6;0.0;0.0;96.0;7996.0
8.3;3003.6;0.0;0.0;96.0;7996.0
8.4;3003.6;0.0;0.0;96.0;7996.0
9.7;3003.6;0.0;0.0;97.0;7996.0
13.8;3003.6;0.0;0.0;96.0;7996.0
10.8;3003.6;0.0;0.0;96.0;7996.0
8.4;3003.6;0.0;0.0;96.0;7996.0
11.1;3003.6;0.0;0.0;96.0;7996.0
8.3;3003.6;0.0;0.0;96.0;7996.0
8.3;3016.5;0.0;0.0;62.0;7996.0
72.9;3016.7;0.0;0.0;48.0;7996.0
94.2;3016.7;0.0;0.0;0.0;7996.0
100.3;3016.7;0.0;0.0;0.0;7996.0
8.3;3071.6;17.8;66.9;0.0;7996.0
8.3;3013.3;0.1;0.0;0.0;7996.0
8.4;3021.1;0.9;3.4;7.0;7996.0
8.3;3021.1;0.0;0.0;96.0;7996.0
8.4;3021.1;0.0;0.0;96.0;7996.0
8.4;3021.1;0.0;0.0;99.0;7996.0
11.9;3021.1;0.0;0.0;96.0;7996.0
12.6;3021.1;0.0;0.0;99.0;7996.0
11.1;3021.1;0.0;0.0;96.0;7996.0
8.4;3021.1;0.0;0.0;96.0;7996.0
8.3;3024.7;0.0;0.0;96.0;7996.0
8.3;3021.1;0.0;0.0;96.0;7996.0
11.1;3021.1;0.0;0.0;96.0;7996.0
8.3;3021.1;0.0;0.0;96.0;7996.0
8.3;3021.1;0.0;0.0;98.0;7996.0
8.3;3021.1;0.0;0.0;96.0;7996.0
8.3;3023.1;0.0;0.0;96.0;7996.0
11.1;3020.7;0.0;0.0;96.0;7996.0
8.4;3032.8;0.0;0.0;0.0;7996.0
94.8;3033.0;0.0;0.0;0.0;7996.0
99.1;3033.0;0.0;0.0;0.0;7996.0
93.2;3033.0;0.0;0.0;0.0;7996.0
98.2;3033.0;0.0;0.0;0.0;7996.0
99.0;3033.0;0.0;0.0;0.0;7996.0
8.3;3029.4;17.9;67.3;0.0;7996.0
8.3;3032.9;0.6;1.7;0.0;7996.0
8.3;3038.2;0.3;1.8;95.0;7996.0
8.4;3038.2;0.0;0.0;96.0;7996.0
8.3;3038.2;0.0;0.0;96.0;7996.0
9.7;3038.2;0.0;0.0;96.0;7996.0
9.7;3038.2;0.0;0.0;98.0;7996.0
8.3;3038.2;0.0;0.0;95.0;7996.0
8.4;3038.2;0.0;0.0;96.0;7996.0
12.5;3038.2;0.0;0.0;96.0;7996.0
8.4;3038.2;0.0;0.0;97.0;7996.0
9.7;3038.2;0.0;0.0;96.0;7996.0
14.3;3038.2;0.0;0.0;96.0;7996.0
8.4;3038.2;0.0;0.0;99.0;7996.0
8.3;3038.2;0.0;0.0;95.0;7996.0
9.6;3038.2;0.0;0.0;96.0;7996.0
8.3;3038.2;0.0;0.0;95.0;7970.0
8.4;3037.8;0.0;0.0;97.0;7968.0
8.3;3051.9;0.0;0.0;1.0;7968.0
92.0;3052.1;0.0;0.0;2.0;7972.0
100.3;3052.1;0.0;0.0;2.0;7966.0
93.8;3052.1;0.0;0.0;1.0;7969.0
98.4;3052.1;0.0;0.0;1.0;7969.0
95.9;3052.1;0.0;0.0;1.0;7969.0
94.4;3052.1;0.0;0.0;1.0;7969.0
8.4;3046.3;17.9;67.7;1.0;7969.0
8.3;3050.2;0.6;1.8;0.0;7969.0
8.3;3055.3;0.3;1.9;34.0;7969.0
8.4;3055.3;0.0;0.0;99.0;7969.0
9.5;3055.3;0.0;0.0;96.0;7969.0
8.3;3055.3;0.0;0.0;96.0;7969.0
8.3;3055.3;0.0;0.0;96.0;7969.0
8.3;3055.3;0.0;0.0;95.0;7969.0
8.3;3055.3;0.0;0.0;96.0;7969.0
8.3;3055.3;0.0;0.0;99.0;7969.0
8.4;3055.3;0.0;0.0;96.0;7969.0
8.3;3055.3;0.0;0.0;96.0;7969.0
8.3;3055.3;0.0;0.0;96.0;7969.0
8.3;3055.3;0.0;0.0;96.0;7969.0
5.9;3055.3;0.0;0.0;96.0;7969.0
9.8;3055.3;0.0;0.0;96.0;7969.0
8.3;3055.3;0.0;0.0;95.0;7969.0
8.4;3055.3;0.0;0.0;96.0;7969.0
8.4;3062.9;0.0;0.0;25.0;7969.0
8.4;3067.2;0.0;0.0;4.0;7969.0
100.8;3067.2;0.0;0.0;0.0;7969.0
98.0;3067.2;0.0;0.0;1.0;7969.0
94.4;3067.2;0.0;0.0;1.0;7969.0
99.0;3067.2;0.0;0.0;1.0;7969.0
94.4;3067.3;0.0;0.0;0.0;7969.0
93.5;3067.3;0.0;0.0;0.0;7969.0
8.4;3094.4;17.8;68.0;3.0;7969.0
8.3;3063.9;0.1;0.0;0.0;7969.0
8.3;3070.9;0.9;3.8;0.0;7969.0
8.3;3070.9;0.0;0.0;99.0;7969.0
9.6;3070.9;0.0;0.0;96.0;7969.0
9.6;3070.9;0.0;0.0;96.0;7969.0
9.7;3070.9;0.0;0.0;95.0;7969.0
8.4;3070.9;0.0;0.0;96.0;7969.0
9.5;3070.9;0.0;0.0;96.0;7969.0
8.4;3070.9;0.0;0.0;95.0;7969.0
13.1;3070.9;0.0;0.0;96.0;7969.0
8.3;3070.9;0.0;0.0;95.0;7969.0
8.4;3070.9;0.0;0.0;96.0;7969.0
8.3;3070.9;0.0;0.0;95.0;7969.0
9.6;3070.9;0.0;0.0;99.0;7969.0
8.3;3070.9;0.0;0.0;96.0;7969.0
8.4;3070.9;0.0;0.0;99.0;7969.0
8.4;3070.9;0.0;0.0;96.0;7969.0
8.3;3070.9;0.0;0.0;99.0;7969.0
8.4;3081.6;0.0;0.0;0.0;7969.0
20.1;3084.9;0.0;0.0;53.0;7969.0
94.2;3084.9;0.0;0.0;0.0;7969.0
100.0;3084.9;0.0;0.0;0.0;7969.0
94.8;3084.9;0.0;0.0;0.0;7969.0
98.2;3084.9;0.0;0.0;0.0;7969.0
98.4;3084.9;0.0;0.0;0.0;7969.0
92.8;3084.9;0.0;0.0;0.0;7969.0
100.0;3084.9;0.0;0.0;0.0;7969.0
92.0;3084.9;0.0;0.0;1.0;7974.0
8.4;3191.1;17.9;68.4;3.0;7972.0
8.4;3083.2;0.6;1.9;0.0;7972.0
8.3;3094.0;0.3;2.0;35.0;7972.0
8.4;3089.1;0.0;0.0;99.0;7972.0
9.5;3089.1;0.0;0.0;96.0;7972.0
8.3;3089.1;0.0;0.0;96.0;7972.0
14.3;3089.1;0.0;0.0;96.0;7968.0
11.8;3089.1;0.0;0.0;96.0;7968.0
9.8;3089.1;0.0;0.0;98.0;7968.0
8.3;3089.1;0.0;0.0;96.0;7968.0
8.4;3089.1;0.0;0.0;96.0;7968.0
8.4;3089.1;0.0;0.0;96.0;7968.0
8.4;3089.1;0.0;0.0;96.0;7968.0
8.4;3089.1;0.0;0.0;96.0;7968.0
8.3;3089.1;0.0;0.0;96.0;7968.0
8.4;3089.1;0.0;0.0;99.0;7968.0
9.5;3089.1;0.0;0.0;96.0;7968.0
8.3;3088.6;0.0;0.0;96.0;7968.0
8.3;3103.0;0.0;0.0;0.0;7966.0
8.3;3109.1;0.0;0.0;19.0;7966.0
100.0;3109.1;0.0;0.0;1.0;7966.0
96.8;3109.1;0.0;0.0;1.0;7966.0
99.7;3109.1;0.0;0.0;0.0;7966.0
92.0;3109.2;0.0;0.0;1.0;7966.0
94.8;3109.2;0.0;0.0;1.0;7966.0
92.8;3109.2;0.0;0.0;0.0;7966.0
98.0;3109.2;0.0;0.0;0.0;7966.0
93.5;3109.2;0.0;0.0;1.0;7966.0
51.0;3114.0;0.0;0.0;0.0;7966.0
8.3;3105.5;17.9;68.8;0.0;7966.0
8.3;3105.6;0.6;2.0;0.0;7966.0
8.4;3110.3;0.3;2.1;99.0;7966.0
8.4;3110.3;0.0;0.0;95.0;7966.0
10.4;3110.3;0.0;0.0;95.0;7966.0
11.1;3110.3;0.0;0.0;96.0;7966.0
9.7;3110.3;0.0;0.0;96.0;7966.0
8.4;3110.3;0.0;0.0;95.0;7966.0
8.4;3110.3;0.0;0.0;96.0;7966.0
8.3;3110.3;0.0;0.0;99.0;7966.0
8.4;3110.3;0.0;0.0;96.0;7965.0
9.5;3110.3;0.0;0.0;99.0;7965.0
8.4;3110.3;0.0;0.0;96.0;7965.0
9.6;3110.3;0.0;0.0;99.0;7965.0
8.3;3110.3;0.0;0.0;96.0;7965.0
8.4;3110.3;0.0;0.0;99.0;7965.0
10.4;3110.3;0.0;0.0;96.0;7965.0
8.4;3109.8;0.0;0.0;97.0;7965.0
8.3;3127.3;0.0;0.0;0.0;7965.0
31.2;3133.7;0.0;0.0;18.0;7965.0
96.8;3133.7;0.0;0.0;0.0;7965.0
99.0;3133.7;0.0;0.0;0.0;7964.0
86.0;3133.7;0.0;0.0;0.0;7964.0
98.0;3133.7;0.0;0.0;0.0;7964.0
99.4;3133.7;0.0;0.0;0.0;7964.0
100.0;3133.7;0.0;0.0;0.0;7964.0
100.3;3133.7;0.0;0.0;0.0;7964.0
99.4;3133.7;0.0;0.0;0.0;7964.0
100.3;3133.7;0.0;0.0;0.0;7964.0
98.0;3133.7;0.0;0.0;1.0;7964.0
8.3;3128.3;17.9;69.1;2.0;7964.0
8.4;3132.1;0.6;2.1;1.0;7964.0
8.3;3140.2;0.3;2.2;2.0;7964.0
8.4;3135.0;0.0;0.0;95.0;7964.0
10.4;3135.0;0.0;0.0;96.0;7964.0
8.3;3135.0;0.0;0.0;96.0;7964.0
8.3;3135.0;0.0;0.0;96.0;7964.0
8.3;3135.0;0.0;0.0;96.0;7964.0
11.9;3135.0;0.0;0.0;95.0;7964.0
8.3;3135.0;0.0;0.0;96.0;7964.0
8.3;3135.0;0.0;0.0;99.0;7964.0
8.3;3135.0;0.0;0.0;96.0;7964.0
9.6;3135.0;0.0;0.0;96.0;7964.0
13.1;3135.0;0.0;0.0;96.0;7964.0
8.3;3135.0;0.0;0.0;96.0;7964.0
8.4;3135.0;0.0;0.0;96.0;7964.0
8.3;3135.0;0.0;0.0;96.0;7952.0
8.4;3135.0;0.0;0.0;99.0;7952.0
8.4;3144.5;0.0;0.0;1.0;7952.0
8.3;3157.5;0.0;0.0;0.0;7952.0
98.4;3157.6;0.0;0.0;20.0;7952.0
97.9;3157.6;0.0;0.0;0.0;7952.0
100.3;3157.6;0.0;0.0;0.0;7952.0
96.8;3157.6;0.0;0.0;0.0;7952.0
100.8;3157.6;0.0;0.0;0.0;7952.0
93.5;3157.6;0.0;0.0;0.0;7948.0
95.6;3157.6;0.0;0.0;0.0;7948.0
99.4;3157.6;0.0;0.0;0.0;7948.0
99.4;3157.6;0.0;0.0;0.0;7948.0
100.0;3157.6;0.0;0.0;0.0;7948.0
99.1;3157.6;0.0;0.0;0.0;7948.0
8.3;3151.3;17.9;69.5;0.0;7948.0
7.2;3155.9;0.6;2.1;0.0;7948.0
8.3;3158.8;0.3;2.3;0.0;7948.0
13.1;3158.8;0.0;0.0;95.0;7948.0
