0.0;10498048;0
0.0;10498048;0
0.0;10498048;0
0.0;10498048;0
0.0;10498048;0
33.2;14602240;0
99.7;14663680;0
142.0;19034112;0
201.6;19132416;0
216.1;23293952;0
143.3;19296256;0
216.1;23240704;0
199.5;23281664;0
232.7;31338496;0
172.0;23384064;0
200.7;27537408;0
149.6;23543808;0
201.6;31481856;0
198.9;31506432;0
199.5;31531008;0
199.5;31563776;0
200.7;31633408;0
184.7;31776768;0
134.4;27750400;0
199.5;31895552;0
200.7;31895552;0
199.5;31895552;0
134.4;27873280;0
198.9;32542720;0
200.7;32542720;0
199.5;32542720;0
133.0;25624576;0
213.1;32108544;0
200.7;28803072;0
200.7;32997376;0
199.5;32997376;0
201.6;32997376;0
199.5;32997376;0
172.0;28971008;0
156.2;33050624;0
201.6;33050624;0
199.5;33050624;0
200.7;33050624;0
199.5;33050624;0
199.5;33050624;0
199.5;33050624;0
157.7;25006080;0
143.3;32698368;0
199.5;32698368;0
201.6;32698368;0
199.5;32755712;0
200.7;32755712;0
198.9;32759808;0
151.2;28737536;0
116.4;29474816;0
199.5;33574912;0
200.7;33574912;0
198.9;33574912;0
200.7;33574912;0
199.5;33574912;0
134.4;29569024;0
166.2;29040640;0
282.6;75194368;0
299.2;98238464;0
301.0;118304768;0
298.3;138670080;0
299.2;155267072;0
282.6;177352704;0
302.4;195747840;0
284.1;208986112;0
258.0;219205632;354
301.0;219205632;678
266.0;219176960;400
182.8;215154688;0
182.8;219176960;0
200.7;219176960;0
198.9;219176960;0
215.0;219176960;0
199.5;219176960;0
199.5;219176960;0
198.9;215212032;382
243.7;219197440;128
200.7;219197440;0
213.1;213635072;0
200.7;219332608;0
199.5;219332608;0
199.5;219332608;0
199.5;219336704;0
200.7;219336704;0
200.7;219336704;0
198.9;219336704;0
184.8;219467776;0
199.5;219467776;0
199.5;219467776;0
156.2;215441408;0
143.3;215441408;0
200.7;219467776;0
198.9;219467776;0
201.6;219467776;0
199.5;211447808;0
199.5;219467776;0
182.8;219467776;0
199.5;219467776;0
184.8;220028928;0
198.9;220028928;0
200.7;220028928;0
199.5;220028928;0
199.5;220041216;0
199.5;220041216;0
182.8;220045312;0
201.6;220045312;0
198.9;220045312;0
200.7;220045312;0
200.7;220045312;0
116.4;211992576;0
232.7;220037120;0
149.6;216014848;0
218.4;220041216;0
198.9;220041216;0
86.0;212766720;0
215.0;223387648;0
198.9;219365376;0
216.1;225734656;0
182.8;225734656;0
199.5;225734656;0
200.7;225734656;0
170.5;225734656;0
157.7;226197504;0
186.4;222175232;0
156.2;226258944;0
199.5;226258944;0
182.8;226271232;0
201.6;226271232;0
199.5;226271232;0
157.7;222248960;0
172.0;226275328;0
198.9;226275328;0
200.7;226275328;0
142.0;222253056;0
200.7;222277632;0
186.4;226304000;0
199.5;226304000;0
201.6;226304000;0
199.5;226304000;0
199.5;226304000;0
166.2;222023680;0
199.5;226299904;0
218.4;226304000;0
199.5;226304000;0
199.5;226304000;0
201.6;226304000;0
199.5;226304000;0
149.6;218251264;0
184.7;226299904;0
199.5;226299904;0
200.7;226299904;0
198.9;226299904;0
200.7;226299904;0
199.5;226299904;0
149.6;222277632;0
129.0;225308672;0
213.1;226299904;0
184.8;226299904;0
200.7;226299904;0
199.5;226299904;0
201.6;226304000;0
166.2;222281728;0
166.2;226304000;0
199.5;226304000;0
199.5;226299904;0
201.6;226299904;0
199.5;226299904;0
200.7;226299904;0
200.7;226299904;0
156.2;222277632;0
99.7;219107328;0
199.5;229662720;0
199.5;229662720;0
200.7;229662720;0
198.9;229662720;0
200.7;229662720;0
172.0;232013824;0
198.9;232013824;0
200.7;232013824;0
198.9;232013824;0
200.7;232013824;0
157.7;227987456;0
198.9;232009728;0
200.7;232013824;0
200.7;232013824;0
198.9;232013824;0
200.7;232013824;0
184.7;228007936;0
215.0;232017920;0
199.5;232017920;0
166.2;232017920;0
201.6;232017920;0
157.7;227991552;0
184.7;232013824;0
172.0;232013824;0
184.7;227991552;0
186.4;232013824;0
129.0;227987456;0
198.9;232013824;0
200.7;232013824;0
200.7;232013824;0
182.8;223051776;0
133.0;232013824;0
198.9;227991552;0
143.3;232013824;0
200.7;232013824;0
156.2;232013824;0
166.2;227991552;0
172.0;232017920;0
142.0;227991552;0
186.4;232017920;0
182.8;232017920;0
200.7;232017920;0
201.6;232017920;0
199.5;232017920;0
166.2;223059968;0
218.4;232009728;0
199.5;228425728;0
198.9;235360256;0
200.7;235360256;0
198.9;235360256;0
258.0;237715456;0
200.7;237715456;0
198.9;237715456;0
200.7;237715456;0
200.7;237715456;0
198.9;237715456;0
200.7;237715456;0
99.7;229666816;0
232.7;237715456;0
201.6;237715456;0
199.5;237715456;0
199.5;237715456;0
201.6;237715456;0
149.6;233566208;0
199.5;237715456;0
199.5;237715456;0
199.5;237715456;0
201.6;237715456;0
199.5;233693184;0
184.7;237719552;0
200.7;237719552;0
114.7;233693184;0
198.9;237719552;0
200.7;237719552;0
198.9;237719552;0
199.5;237715456;0
201.6;237715456;0
149.6;237711360;0
199.5;237711360;0
201.6;237711360;0
199.5;237707264;0
198.9;237707264;0
100.3;229662720;0
229.4;237711360;0
198.9;237711360;0
200.7;237711360;0
200.7;237711360;0
199.5;237711360;0
149.6;237715456;0
151.2;233689088;0
166.2;237715456;0
199.5;237715456;0
199.5;237715456;0
199.5;237715456;0
184.8;233689088;0
157.7;233684992;0
199.5;237711360;0
199.5;237674496;0
201.6;237694976;0
166.2;237694976;0
199.5;237690880;0
200.7;237690880;0
198.9;237690880;0
200.7;237690880;0
201.6;237690880;0
199.5;237690880;0
16.6;227090432;0
229.4;241045504;0
200.7;241045504;0
133.0;236560384;0
199.5;243408896;0
186.4;239382528;0
156.2;243404800;0
200.7;243404800;0
172.0;239382528;0
166.2;243404800;0
199.5;243404800;0
235.2;243404800;0
200.7;243404800;0
200.7;243404800;0
133.0;238354432;0
182.8;243404800;0
199.5;243404800;0
199.5;243404800;0
