0.0;10489856;0
0.0;10489856;0
0.0;10489856;0
0.0;10489856;0
42.6;14647296;0
100.8;14692352;0
149.6;19099648;0
200.7;19189760;0
166.2;19329024;0
201.6;19304448;0
216.1;23314432;0
200.7;23400448;0
216.1;31391744;0
149.6;19480576;0
156.2;23740416;0
200.7;23740416;0
216.1;31719424;0
199.5;31723520;0
200.7;31727616;0
199.5;31727616;0
182.8;27729920;0
172.0;31854592;0
229.4;32014336;0
199.5;32014336;0
201.6;32014336;0
198.9;32030720;0
200.7;32063488;0
199.5;32063488;0
218.4;32133120;0
113.6;28110848;0
235.2;32268288;0
199.5;32268288;0
199.5;32268288;0
142.0;26468352;0
200.7;32235520;0
200.7;32243712;0
199.5;32264192;0
201.6;32313344;0
198.9;32321536;0
200.7;32346112;0
199.5;32350208;0
184.8;28323840;0
170.5;28463104;0
172.0;32571392;0
199.5;32575488;0
199.5;32550912;0
198.9;32489472;0
200.7;32595968;0
199.5;32595968;0
166.2;28577792;0
200.7;32702464;0
198.9;32763904;0
199.5;32763904;0
199.5;32763904;0
200.7;32829440;0
213.1;25624576;0
218.4;32948224;0
116.4;26517504;0
199.5;36306944;0
199.5;36319232;0
182.8;36319232;0
200.7;36319232;0
198.9;36319232;0
215.0;50982912;0
302.4;86269952;0
282.6;109211648;0
227.3;136892416;0
282.6;150388736;0
299.2;175960064;0
301.0;197677056;0
301.0;221433856;0
269.9;213979136;682
319.2;219066368;676
199.5;219037696;74
133.0;211075072;0
199.5;219095040;0
200.7;219095040;0
186.4;215064576;0
133.0;215121920;80
201.6;219148288;430
199.5;219148288;0
200.7;219148288;0
198.9;219148288;0
201.6;215126016;0
149.6;214429696;0
199.5;219676672;0
199.5;219676672;0
182.8;219676672;0
200.7;219676672;0
170.5;215654400;0
186.4;219676672;0
199.5;215650304;0
182.8;219672576;0
199.5;219672576;0
199.5;219672576;0
200.7;219672576;0
113.6;211628032;0
200.7;219693056;0
199.5;219693056;0
199.5;219693056;0
199.5;219688960;0
172.0;215666688;0
216.1;219688960;0
199.5;219688960;0
151.2;213995520;0
199.5;219688960;0
182.8;219688960;0
198.9;219688960;0
200.7;219688960;0
200.7;219688960;0
199.5;219684864;0
168.0;215662592;0
166.2;219688960;0
199.5;219688960;0
198.9;219688960;0
186.4;219688960;0
200.7;219688960;0
182.8;215666688;0
134.4;216186880;0
216.1;220209152;0
199.5;220209152;0
199.5;220209152;0
186.4;216186880;0
129.0;216412160;0
184.7;219754496;0
200.7;225902592;0
200.7;225902592;0
198.9;225902592;0
199.5;225902592;0
199.5;225902592;0
201.6;225902592;0
116.4;221880320;0
172.0;225902592;0
200.7;225902592;0
198.9;225902592;0
200.7;225902592;0
113.6;217858048;0
200.7;225910784;0
199.5;225910784;0
199.5;225910784;0
184.8;225910784;0
99.7;222195712;0
149.6;218943488;0
199.5;225910784;0
200.7;225910784;0
200.7;225910784;0
198.9;225910784;0
201.6;225910784;0
199.5;225910784;0
182.8;221884416;0
199.5;225910784;0
199.5;225910784;0
201.6;225910784;0
116.4;221884416;0
216.1;225910784;0
201.6;225910784;0
198.9;225910784;0
143.3;215248896;0
227.3;225918976;0
200.7;225918976;0
172.0;221593600;0
198.9;225923072;0
200.7;225923072;0
200.7;225923072;0
198.9;225923072;0
186.4;225923072;0
199.5;225923072;0
168.0;221896704;0
182.8;225923072;0
199.5;225923072;0
168.0;221900800;0
216.1;225923072;0
199.5;225923072;0
199.5;225923072;0
200.7;225923072;0
86.0;221466624;0
213.1;226398208;0
200.7;226398208;0
200.7;226398208;0
198.9;226398208;0
172.0;226402304;0
198.9;226402304;0
157.7;222375936;0
172.0;229752832;0
198.9;229752832;0
200.7;229752832;0
200.7;229752832;0
142.0;225726464;0
166.2;228077568;0
216.1;232099840;0
199.5;232099840;0
201.6;232099840;0
199.5;232099840;0
182.8;232103936;0
201.6;232103936;0
198.9;232103936;0
200.7;232103936;0
199.5;232103936;0
199.5;232103936;0
117.6;228077568;0
199.5;228077568;0
216.1;232103936;0
200.7;232099840;0
200.7;232099840;0
198.9;232099840;0
182.8;232099840;0
182.8;232103936;0
166.2;232099840;0
201.6;232099840;0
199.5;232099840;0
199.5;228073472;0
200.7;232095744;0
200.7;232095744;0
170.5;232091648;0
199.5;232095744;0
182.8;224051200;0
99.7;225439744;0
200.7;232099840;0
200.7;232099840;0
184.7;232099840;0
186.4;228073472;0
184.8;232095744;0
166.2;228069376;0
199.5;232091648;0
199.5;232091648;0
199.5;232091648;0
201.6;232091648;0
199.5;228069376;0
127.8;228069376;0
143.3;232095744;0
186.4;232095744;0
199.5;232095744;0
199.5;232095744;0
166.2;224047104;0
216.1;232091648;0
200.7;232091648;0
200.7;232091648;0
198.9;232091648;0
200.7;232091648;0
200.7;232091648;0
113.6;224268288;0
216.1;237793280;0
199.5;237793280;0
199.5;237793280;0
199.5;233766912;0
143.3;237789184;0
157.7;237793280;0
198.9;237793280;0
200.7;237793280;0
200.7;237793280;0
199.5;237793280;0
182.8;237797376;0
149.6;233771008;0
216.1;237797376;0
201.6;233771008;0
133.0;237797376;0
199.5;237797376;0
201.6;237797376;0
186.4;233771008;0
170.5;237793280;0
199.5;237793280;0
166.2;233766912;0
199.5;237793280;0
201.6;237793280;0
182.8;230723584;0
198.9;237793280;0
199.5;237793280;0
201.6;237789184;0
199.5;237789184;0
149.6;233766912;0
186.4;237793280;0
198.9;237793280;0
172.0;233705472;0
200.7;237768704;0
172.0;237768704;0
182.8;237768704;0
198.9;237768704;0
200.7;237768704;0
200.7;237768704;0
166.2;233742336;0
133.0;233742336;0
216.1;237768704;0
199.5;237768704;0
200.7;237768704;0
200.7;237768704;0
184.7;233742336;0
149.6;233742336;0
168.0;237768704;0
199.5;237768704;0
184.7;237768704;0
200.7;237768704;0
198.9;237768704;0
216.1;237768704;0
200.7;237768704;0
143.3;241115136;0
199.5;241115136;0
199.5;241115136;0
252.0;243458048;0
200.7;243458048;0
198.9;243458048;0
