0.0;10493952;0
0.0;10493952;0
0.0;10493952;0
0.0;10493952;0
43.0;14622720;0
100.3;14655488;0
149.6;19091456;0
201.6;19152896;0
184.7;19296256;0
199.5;19296256;0
215.0;23408640;0
200.7;23416832;0
199.5;31469568;0
201.6;31469568;0
184.7;31535104;0
199.5;23420928;0
216.1;31571968;0
200.7;31571968;0
198.9;31600640;0
201.6;27643904;0
182.8;31666176;0
186.4;27750400;0
182.8;31887360;0
201.6;31903744;0
170.5;27848704;0
218.4;31961088;0
199.5;32026624;0
200.7;32022528;0
184.7;28000256;0
229.4;32075776;0
199.5;32108544;0
199.5;32247808;0
200.7;32235520;0
71.0;24190976;0
216.1;33005568;0
198.9;33001472;0
201.6;32403456;0
199.5;32411648;0
149.6;32452608;0
200.7;32509952;0
166.2;32866304;0
199.5;32866304;0
199.5;32866304;0
200.7;32866304;0
199.5;32866304;0
218.4;32849920;0
182.8;32813056;0
200.7;32813056;0
198.9;32813056;0
201.6;32829440;0
133.0;28807168;0
199.5;32833536;0
200.7;32833536;0
199.5;28807168;0
182.8;37003264;0
199.5;37003264;0
143.3;32985088;0
298.3;64831488;0
286.7;89403392;0
301.0;112848896;0
298.3;132452352;0
282.6;146178048;0
315.8;164954112;0
200.7;185888768;0
301.0;218677248;0
269.9;218509312;532
302.4;218509312;680
216.1;218480640;220
166.2;219729920;0
198.9;219729920;0
157.7;215703552;0
149.6;219729920;0
199.5;219729920;0
200.7;219729920;0
198.9;219729920;0
199.5;215760896;239
232.7;219750400;271
201.6;219750400;0
156.2;215724032;0
200.7;219791360;0
200.7;219791360;0
199.5;219791360;0
99.7;213680128;0
182.8;219791360;0
201.6;219787264;0
198.9;219787264;0
186.4;219791360;0
200.7;219791360;0
182.8;219787264;0
199.5;219787264;0
199.5;219787264;0
200.7;219783168;0
198.9;219783168;0
200.7;219783168;0
182.8;215760896;0
133.0;215760896;0
199.5;219787264;0
200.7;219787264;0
200.7;219787264;0
182.8;215760896;0
201.6;219279360;0
199.5;219820032;0
199.5;219820032;0
198.9;219820032;0
200.7;219820032;0
186.4;219820032;0
198.9;219820032;0
143.3;211771392;0
143.3;219824128;0
198.9;219824128;0
200.7;219824128;0
198.9;219824128;0
201.6;219824128;0
182.8;219824128;0
199.5;219824128;0
168.0;215797760;0
198.9;220606464;0
200.7;220606464;0
198.9;220606464;0
200.7;220606464;0
199.5;220606464;0
199.5;220606464;0
201.6;220606464;0
149.6;217186304;0
216.1;226304000;0
199.5;226304000;0
199.5;226304000;0
200.7;226304000;0
198.9;226304000;0
200.7;226304000;0
186.4;226304000;0
198.9;226304000;0
199.5;226304000;0
199.5;226299904;0
201.6;226299904;0
199.5;226299904;0
199.5;226299904;0
201.6;226299904;0
170.5;226308096;0
200.7;226308096;0
198.9;226308096;0
200.7;226308096;0
200.7;226308096;0
198.9;226308096;0
200.7;226308096;0
66.5;216207360;0
213.1;226299904;0
200.7;226299904;0
199.5;226299904;0
201.6;226299904;0
199.5;226299904;0
199.5;226299904;0
200.7;222277632;0
142.0;226304000;0
200.7;226304000;0
199.5;226304000;0
201.6;226304000;0
182.8;226304000;0
182.8;226304000;0
201.6;222277632;0
199.5;226304000;0
199.5;226304000;0
199.5;226304000;0
199.5;226304000;0
16.8;215752704;0
215.0;226299904;0
199.5;226299904;0
201.6;226299904;0
199.5;226299904;0
199.5;226299904;0
199.5;226299904;0
166.2;226304000;0
201.6;226304000;0
199.5;226304000;0
199.5;226304000;0
201.6;226304000;0
166.2;222281728;0
216.1;226304000;0
198.9;226304000;0
200.7;226304000;0
157.7;219242496;0
213.1;226299904;0
200.7;226299904;0
200.7;229654528;0
198.9;229654528;0
200.7;229654528;0
198.9;229654528;0
172.0;225632256;0
200.7;232009728;0
198.9;232009728;0
200.7;232005632;0
200.7;232005632;0
199.5;232005632;0
166.2;227979264;0
216.1;232013824;0
151.2;223997952;0
200.7;232017920;0
198.9;232017920;0
157.7;232017920;0
200.7;232017920;0
170.5;227995648;0
114.7;227995648;0
170.5;232022016;0
200.7;232022016;0
199.5;232022016;0
199.5;232022016;0
201.6;227995648;0
216.1;232022016;0
199.5;232022016;0
99.7;225062912;0
199.5;232022016;0
201.6;232022016;0
149.6;232022016;0
199.5;232022016;0
201.6;232022016;0
199.5;232017920;0
182.8;223969280;0
166.2;232017920;0
199.5;232017920;0
201.6;232017920;0
200.7;232017920;0
156.2;227991552;0
215.0;232017920;0
215.0;232022016;0
198.9;232022016;0
200.7;232022016;0
198.9;232022016;0
200.7;232022016;0
114.7;223969280;0
199.5;232017920;0
200.7;232017920;0
229.4;232017920;0
170.5;232017920;0
199.5;232017920;0
199.5;232017920;0
199.5;232017920;0
235.2;237719552;0
199.5;237719552;0
199.5;237723648;0
201.6;237723648;0
199.5;237723648;0
199.5;237723648;0
199.5;237723648;0
71.0;229888000;0
229.4;237723648;0
186.4;237707264;0
199.5;237723648;0
199.5;237723648;0
201.6;237723648;0
199.5;237723648;0
149.6;233697280;0
166.2;237719552;0
156.2;233693184;0
186.4;237719552;0
200.7;237719552;0
156.2;233697280;0
199.5;237719552;0
184.8;233533440;0
182.8;237719552;0
199.5;237719552;0
199.5;233697280;0
156.2;237723648;0
200.7;237723648;0
200.7;237723648;0
184.7;237723648;0
215.0;237727744;0
201.6;237727744;0
216.1;237727744;0
166.2;229703680;0
199.5;237723648;0
200.7;237723648;0
198.9;237723648;0
172.0;237723648;0
201.6;237723648;0
199.5;237727744;0
199.5;237764608;0
134.4;233738240;0
182.8;237760512;0
199.5;237760512;0
86.0;225734656;0
215.0;241115136;0
184.7;241115136;0
216.1;236613632;0
201.6;243462144;0
199.5;243458048;0
199.5;243458048;0
184.8;239431680;0
157.7;243453952;0
198.9;243453952;0
157.7;239431680;0
166.2;243453952;0
199.5;243453952;0
151.2;235409408;0
199.5;243462144;0
198.9;243462144;0
200.7;239448064;0
200.7;243933184;0
199.5;238690304;0
199.5;244015104;0
200.7;244015104;0
