0.0;10506240;0
0.0;10506240;0
0.0;10506240;0
0.0;10506240;0
49.9;14639104;0
99.7;14684160;0
151.2;18939904;0
198.9;19152896;0
218.4;19218432;0
199.5;19255296;0
215.0;23396352;0
198.9;23400448;0
201.6;31350784;0
149.6;23359488;0
215.0;31404032;0
182.8;27406336;0
199.5;31473664;0
198.9;31506432;0
200.7;31547392;0
199.5;31600640;0
149.6;27615232;0
218.4;31801344;0
113.6;27709440;0
215.0;31809536;0
199.5;31834112;0
200.7;31834112;0
184.7;24174592;0
218.4;31948800;0
199.5;31965184;0
199.5;32002048;0
198.9;27148288;0
200.7;32165888;0
199.5;32165888;0
199.5;32165888;0
201.6;32190464;0
198.9;32235520;0
199.5;28143616;0
166.2;32243712;0
200.7;32243712;0
198.9;32309248;0
184.8;28258304;0
182.8;32374784;0
200.7;32342016;0
198.9;32571392;0
200.7;32563200;0
129.0;28573696;0
216.1;32894976;0
201.6;32894976;0
199.5;32899072;0
186.4;25415680;0
199.5;32882688;0
186.4;28876800;0
133.0;32923648;0
199.5;32854016;0
200.7;32890880;0
184.7;28868608;0
149.6;36507648;0
199.5;36511744;0
268.8;48275456;0
299.2;81985536;0
299.2;109895680;0
301.0;131358720;0
298.3;150593536;0
286.7;172515328;0
266.0;201703424;0
302.4;218234880;67
284.1;214212608;672
286.7;219275264;693
200.7;219275264;0
149.6;215248896;0
199.5;219320320;0
199.5;219320320;0
151.2;215298048;0
199.5;219656192;0
200.7;219656192;0
200.7;219656192;0
198.9;215748608;88
149.6;215875584;422
149.6;219938816;0
201.6;219938816;0
198.9;219938816;0
200.7;219938816;0
199.5;219938816;0
199.5;219938816;0
166.2;211894272;0
157.7;219942912;0
200.7;219942912;0
182.8;215920640;0
184.8;219947008;0
199.5;219947008;0
149.6;215920640;0
142.0;215924736;0
200.7;220471296;0
199.5;220471296;0
166.2;216444928;0
201.6;220467200;0
133.0;216444928;0
114.7;216449024;0
213.1;220471296;0
201.6;220471296;0
199.5;220471296;0
199.5;220471296;0
200.7;216449024;0
85.2;215740416;0
199.5;220471296;0
199.5;220471296;0
100.3;213262336;0
200.7;223817728;0
198.9;223813632;0
168.0;219197440;0
216.1;226197504;0
133.0;218714112;0
199.5;226193408;0
199.5;226193408;0
200.7;226193408;0
198.9;226193408;0
172.0;222171136;0
116.4;220598272;0
198.9;226197504;0
200.7;226197504;0
198.9;226197504;0
201.6;226197504;0
166.2;222175232;0
199.5;226201600;0
199.5;226201600;0
201.6;226201600;0
156.2;226209792;0
200.7;226209792;0
200.7;226209792;0
199.5;226209792;0
199.5;226209792;0
199.5;226209792;0
134.4;222183424;0
216.1;226205696;0
116.4;222179328;0
218.4;226205696;0
198.9;226205696;0
200.7;226205696;0
156.2;220536832;0
172.0;218599424;0
215.0;226754560;0
198.9;226754560;0
201.6;226754560;0
199.5;226754560;0
232.7;226758656;0
182.8;226754560;0
199.5;226754560;0
201.6;226754560;0
198.9;226754560;0
200.7;226758656;0
186.4;222736384;0
184.7;226762752;0
200.7;226762752;0
199.5;226762752;0
201.6;226762752;0
199.5;226762752;0
116.4;214732800;0
235.2;232460288;0
199.5;232460288;0
199.5;232460288;0
199.5;232460288;0
182.8;232460288;0
201.6;232460288;0
199.5;232460288;0
166.2;227147776;0
215.0;232460288;0
198.9;232460288;0
200.7;232460288;0
184.7;228433920;0
157.7;232456192;0
200.7;232456192;0
170.5;228429824;0
186.4;232452096;0
215.0;232456192;0
199.5;232456192;0
199.5;232456192;0
198.9;232456192;0
182.8;228614144;0
201.6;232460288;0
198.9;232460288;0
166.2;232456192;0
201.6;232456192;0
182.8;228429824;0
133.0;228433920;0
156.2;232460288;0
198.9;232460288;0
129.0;228433920;0
200.7;232464384;0
199.5;232464384;0
199.5;232464384;0
201.6;232464384;0
166.2;232460288;0
199.5;232460288;0
199.5;232460288;0
199.5;228438016;0
134.4;232464384;0
199.5;232464384;0
199.5;232464384;0
186.4;232464384;0
157.7;228438016;0
127.8;228433920;0
200.7;232460288;0
198.9;232460288;0
200.7;225886208;0
201.6;232464384;0
198.9;232464384;0
186.4;232460288;0
168.0;228433920;0
166.2;235806720;0
199.5;235806720;0
199.5;235806720;0
166.2;231784448;0
235.2;238161920;0
199.5;238161920;0
199.5;238161920;0
151.2;234135552;0
199.5;238157824;0
166.2;234131456;0
216.1;238153728;0
199.5;238153728;0
201.6;238153728;0
199.5;238157824;0
199.5;238157824;0
168.0;238161920;0
157.7;234135552;0
170.5;238157824;0
200.7;238157824;0
198.9;238157824;0
129.0;230113280;0
186.4;238161920;0
198.9;238161920;0
199.5;238161920;0
201.6;238161920;0
199.5;238161920;0
182.8;234135552;0
149.6;238161920;0
199.5;238161920;0
201.6;238161920;0
199.5;234135552;0
166.2;238166016;0
201.6;238166016;0
199.5;238166016;0
142.0;234139648;0
200.7;238166016;0
198.9;238161920;0
200.7;238161920;0
157.7;231411712;0
199.5;238157824;0
199.5;238157824;0
200.7;238161920;0
200.7;238161920;0
198.9;238161920;0
149.6;234135552;0
199.5;238161920;0
199.5;238161920;0
201.6;238161920;0
200.7;238161920;0
198.9;234131456;0
216.1;243871744;0
201.6;243871744;0
199.5;243871744;0
182.8;239845376;0
133.0;243867648;0
199.5;239841280;0
157.7;243867648;0
200.7;243867648;0
198.9;243867648;0
199.5;243867648;0
184.8;239845376;0
199.5;243871744;0
199.5;243871744;0
143.3;239525888;0
198.9;243867648;0
200.7;243855360;0
186.4;243859456;0
199.5;243859456;0
199.5;243859456;0
100.8;235814912;0
215.0;243863552;0
198.9;243863552;0
199.5;243863552;0
199.5;243863552;0
199.5;243863552;0
218.4;243863552;0
200.7;243863552;0
184.7;243863552;0
200.7;243863552;0
200.7;243863552;0
199.5;243863552;0
116.4;235814912;0
200.7;243863552;0
198.9;243863552;0
182.8;243863552;0
168.0;237535232;0
199.5;243859456;0
156.2;243859456;0
200.7;243859456;0
200.7;243859456;0
182.8;239837184;0
199.5;243863552;0
