50.3;90.8;40.4;0.0
48.7;114.3;136.8;0.0
58.7;139.7;55.2;0.0
64.6;157.4;39.1;0.0
10.0;159.2;2.0;0.0
0.0;159.2;0.0;0.0
0.0;159.2;0.1;0.0
0.0;159.2;0.0;0.0
0.0;159.2;1.3;0.0
0.0;159.2;0.0;0.0
5.0;159.2;0.7;0.0
0.0;159.2;0.0;0.0
0.0;159.2;0.6;0.0
0.0;159.2;0.0;0.0
28.0;160.0;0.5;0.0
51.0;160.0;0.1;0.0
24.9;160.5;1.3;0.0
0.0;160.5;0.0;0.0
0.0;160.5;0.1;0.0
0.0;160.5;0.0;0.0
5.0;160.5;1.3;0.0
0.0;160.5;0.0;0.0
0.0;160.5;0.7;0.0
0.0;160.5;0.0;0.0
0.0;160.5;0.6;0.0
0.0;160.5;0.0;0.0
23.1;161.7;1.5;4.0
42.0;182.6;53.0;0.0
43.8;241.3;817.4;0.0
52.0;275.9;1575.6;0.0
48.5;276.1;0.6;196.0
49.2;276.1;0.6;192.0
