50.8;91.3;41.6;0.0
47.9;116.4;136.8;0.0
79.5;139.7;55.2;0.0
45.1;158.0;39.1;0.0
14.7;159.7;2.0;0.0
0.0;159.7;0.0;0.0
0.0;159.7;0.1;0.0
0.0;159.7;0.0;0.0
0.0;159.7;1.3;0.0
0.0;159.7;0.0;0.0
0.0;159.7;0.7;0.0
0.0;159.7;0.0;0.0
0.0;159.7;0.5;0.0
0.0;159.7;0.0;0.0
14.1;160.4;0.4;0.0
20.1;160.4;0.7;0.0
99.8;160.9;0.7;0.0
0.0;160.9;0.0;0.0
0.0;160.9;0.1;0.0
0.0;160.9;0.0;0.0
0.0;160.9;1.3;0.0
0.0;160.9;0.0;0.0
0.0;160.9;0.7;0.0
0.0;160.9;0.0;0.0
0.0;160.9;0.6;0.0
0.0;160.9;0.0;0.0
44.5;167.9;15.5;4.0
46.0;214.0;139.0;0.0
50.0;245.1;791.2;0.0
49.1;245.1;307.8;0.0
49.8;245.1;314.0;0.0
50.0;245.1;331.8;0.0
53.3;245.3;389.9;0.0
47.2;276.5;159.0;0.0
52.7;276.5;0.8;260.0
47.8;276.5;0.4;128.0
49.9;184.8;0.3;44.0
