45.0;100.1;64.9;0.0
50.0;113.1;90.8;0.0
89.9;138.4;58.0;0.0
50.0;157.6;39.1;0.0
29.9;159.3;2.0;0.0
0.0;159.3;0.0;0.0
0.0;159.3;0.1;0.0
0.0;159.3;0.0;0.0
0.0;159.3;0.0;0.0
0.0;159.3;1.3;0.0
0.0;159.3;0.0;0.0
0.0;159.3;0.7;0.0
0.0;159.3;0.0;0.0
0.0;159.3;0.6;0.0
0.0;159.3;0.0;0.0
47.0;160.3;0.6;0.0
48.6;160.3;0.0;0.0
35.0;160.7;1.4;0.0
0.0;160.7;0.0;0.0
0.0;160.7;0.0;0.0
0.0;160.7;0.1;0.0
0.0;160.7;0.0;0.0
0.0;160.7;1.1;0.0
0.0;160.7;0.0;0.0
0.0;160.7;0.7;0.0
0.0;160.7;0.0;0.0
0.0;160.7;0.6;0.0
0.0;160.7;0.0;0.0
23.9;162.0;3.6;4.0
51.0;182.8;50.6;0.0
44.0;238.4;818.0;0.0
48.5;244.6;287.9;0.0
49.1;244.6;362.6;0.0
49.5;245.0;361.6;0.0
55.9;245.0;473.0;0.0
48.3;276.0;91.9;68.0
45.0;276.3;0.8;256.0
49.1;269.3;0.7;132.0
