8.3;7.0;0.7;0.0;656.0


8.3;129.0;7.6;0.0;656.0


8.4;93.2;7.4;0.0;656.0


2.1;83.6;8.3;0.0;656.0


0.0;0.3;0.0;0.0;656.0


4.2;26.2;1.0;0.0;656.0


8.3;2.3;0.2;1.0;804.0


8.3;0.0;0.0;5.0;943.0


8.3;0.0;0.0;5.0;1077.0


8.3;0.0;0.0;6.0;1199.0


8.4;0.2;0.0;4.0;1303.0


8.3;70.2;67.7;6.0;1461.0


8.4;84.8;353.6;31.0;2025.0


4.2;0.1;0.0;39.0;2025.0


1.4;0.3;0.0;0.0;2025.0


5.2;215.5;9.2;0.0;2025.0


9.5;1275.8;56.1;0.0;2025.0


8.4;1.2;0.3;0.0;2025.0


8.3;0.0;0.0;0.0;2025.0


8.3;0.0;0.0;0.0;2025.0


8.4;0.0;0.0;0.0;2025.0


8.3;0.0;0.0;0.0;2025.0


8.4;0.0;0.0;0.0;2025.0


8.4;0.0;0.0;0.0;2025.0


8.4;0.0;0.0;0.0;2025.0


8.3;0.0;0.0;0.0;2025.0


8.3;0.0;0.0;0.0;2025.0


8.3;0.0;0.0;0.0;2025.0


8.3;0.0;0.0;0.0;2025.0


8.4;0.0;0.0;0.0;2025.0


8.3;0.0;0.0;0.0;2025.0


8.4;0.0;0.0;0.0;2025.0


8.4;0.0;0.0;0.0;2025.0


8.3;0.0;0.0;0.0;2025.0


8.4;0.0;0.0;0.0;2025.0


8.3;0.0;0.0;0.0;2025.0


8.4;0.0;0.0;0.0;2025.0


4.8;0.1;0.0;0.0;2025.0


0.0;0.3;0.0;0.0;2025.0


6.0;225.8;9.6;0.0;2025.0


8.3;1266.2;55.6;0.0;2025.0


8.4;1.0;0.3;0.0;2025.0


8.3;0.0;0.0;0.0;2025.0


8.4;0.0;0.0;0.0;2025.0


8.3;0.0;0.0;0.0;2025.0


8.3;0.0;0.0;0.0;2025.0


8.4;0.0;0.0;0.0;2025.0


8.3;0.0;0.0;0.0;2025.0


8.4;0.0;0.0;0.0;2025.0


8.3;0.0;0.0;0.0;2025.0


8.3;0.0;0.0;0.0;2025.0


8.3;0.0;0.0;0.0;2025.0


8.3;0.0;0.0;0.0;2025.0


8.4;0.0;0.0;0.0;2025.0


8.3;0.0;0.0;0.0;2025.0


8.4;0.0;0.0;0.0;2025.0


8.4;0.0;0.0;0.0;2025.0


8.3;0.0;0.0;0.0;2025.0


8.4;0.0;0.0;0.0;2025.0


8.4;0.0;0.0;0.0;2025.0


8.4;0.0;0.0;0.0;2025.0


8.3;1.0;0.3;0.0;2025.0


8.3;0.0;0.0;0.0;2025.0


8.3;0.0;0.0;0.0;2025.0


8.3;0.0;0.0;0.0;2025.0


8.4;0.0;0.0;0.0;2025.0


8.3;0.0;0.0;0.0;2025.0


8.4;0.0;0.0;0.0;2025.0


8.4;0.0;0.0;0.0;2025.0


8.3;0.0;0.0;0.0;2025.0


8.4;0.0;0.0;0.0;2025.0


8.3;0.0;0.0;0.0;2121.0


8.4;0.2;0.0;32.0;2199.0


8.4;0.0;0.0;36.0;2299.0


8.3;0.0;0.0;30.0;2399.0


8.4;0.0;0.0;42.0;2501.0


8.3;0.0;0.0;30.0;5001.0


50.2;0.0;0.0;40.0;5001.0


8.3;0.0;0.0;55.0;5001.0


8.4;0.0;0.0;54.0;5001.0


8.3;0.0;0.0;54.0;5001.0


8.3;0.0;0.0;54.0;5001.0


8.4;0.0;0.0;54.0;5001.0


8.3;0.0;0.0;54.0;5001.0


8.3;0.0;0.0;55.0;5001.0


8.3;0.0;0.0;53.0;5001.0


8.3;0.0;0.0;54.0;5001.0


8.3;0.0;0.0;54.0;5001.0


8.3;0.0;0.0;54.0;5001.0


8.4;0.0;0.0;54.0;5001.0


0.0;10.6;0.8;0.0;5001.0


0.0;0.3;0.0;0.0;5001.0


9.8;852.2;37.2;0.0;5001.0


8.3;640.3;28.3;0.0;5001.0


8.4;0.0;0.0;0.0;5001.0


8.3;0.0;0.0;0.0;5001.0


8.4;0.0;0.0;0.0;5001.0


8.3;0.0;0.0;0.0;5001.0


8.3;0.0;0.0;0.0;5001.0


8.3;0.0;0.0;0.0;5001.0


8.3;0.0;0.0;0.0;5001.0


8.3;0.0;0.0;0.0;5001.0


8.3;0.0;0.0;0.0;5001.0


8.4;0.0;0.0;0.0;5001.0


8.4;0.0;0.0;0.0;5001.0


8.3;0.0;0.0;0.0;5001.0


8.4;0.0;0.0;0.0;5001.0


8.3;0.0;0.0;0.0;5001.0


8.4;0.0;0.0;0.0;5001.0


8.4;0.0;0.0;0.0;5001.0


8.3;0.0;0.0;0.0;5001.0


8.4;0.0;0.0;0.0;5001.0


8.3;0.0;0.0;0.0;5001.0


8.4;0.0;0.0;0.0;5001.0


0.0;0.1;0.0;0.0;5001.0


0.0;0.3;0.0;0.0;5001.0


8.3;861.7;37.6;0.0;5001.0


8.3;631.3;28.0;0.0;5001.0


8.4;0.0;0.0;0.0;5001.0


8.3;0.0;0.0;0.0;5001.0


8.3;0.0;0.0;0.0;5001.0


8.3;0.0;0.0;0.0;5001.0


8.3;0.0;0.0;0.0;5001.0


8.3;0.0;0.0;0.0;5001.0


8.3;0.0;0.0;0.0;5001.0


8.4;0.0;0.0;0.0;5001.0


8.4;0.0;0.0;0.0;5001.0


8.3;0.0;0.0;0.0;5001.0


8.4;0.0;0.0;0.0;5001.0


8.4;0.0;0.0;0.0;5001.0


8.4;0.0;0.0;0.0;5001.0


8.3;0.0;0.0;0.0;5001.0


8.4;0.0;0.0;0.0;5001.0


8.3;0.0;0.0;0.0;5001.0


8.3;0.0;0.0;0.0;5001.0


8.3;0.0;0.0;0.0;5001.0


8.3;0.0;0.0;0.0;5001.0


8.3;0.0;0.0;0.0;5001.0


8.3;1.0;0.3;0.0;5001.0


8.4;0.0;0.0;0.0;5001.0


8.4;0.0;0.0;0.0;5001.0


8.3;0.0;0.0;0.0;5001.0


8.4;0.0;0.0;0.0;5001.0


8.3;0.0;0.0;0.0;5001.0


8.4;0.0;0.0;0.0;5001.0


8.4;0.0;0.0;0.0;5001.0


8.3;0.0;0.0;0.0;5001.0


8.4;0.0;0.0;0.0;5001.0


8.4;0.0;0.0;100.0;5023.0


8.4;0.0;0.0;42.0;5023.0


8.3;0.0;0.0;42.0;5023.0


8.4;0.0;0.0;42.0;5023.0


49.7;0.0;0.0;43.0;5023.0


8.3;0.0;0.0;54.0;5023.0


8.4;0.0;0.0;54.0;5023.0


8.3;0.0;0.0;54.0;5023.0


8.3;0.0;0.0;54.0;5023.0


8.4;0.0;0.0;54.0;5023.0


8.3;0.0;0.0;53.0;5023.0


8.4;0.0;0.0;54.0;5023.0


8.3;0.0;0.0;54.0;5023.0


8.4;0.0;0.0;54.0;5023.0


8.4;0.0;0.0;54.0;5023.0


8.3;0.0;0.0;53.0;5023.0


8.4;0.0;0.0;54.0;5023.0


0.0;10.6;0.8;0.0;5023.0


0.0;0.3;0.0;0.0;5023.0


8.3;902.7;39.4;0.0;5023.0


8.3;589.3;26.1;0.0;5023.0


8.3;0.0;0.0;0.0;5023.0


8.3;0.0;0.0;0.0;5023.0


8.3;0.0;0.0;0.0;5023.0


8.3;0.0;0.0;0.0;5023.0


8.3;0.0;0.0;0.0;5023.0


8.3;0.0;0.0;0.0;5023.0


8.4;0.0;0.0;0.0;5023.0


8.4;0.0;0.0;0.0;5023.0


8.3;0.0;0.0;0.0;5023.0


8.4;0.0;0.0;0.0;5023.0


8.3;0.0;0.0;0.0;5023.0


8.4;0.0;0.0;0.0;5023.0


8.4;0.0;0.0;0.0;5023.0


8.3;0.0;0.0;0.0;5023.0


8.4;0.0;0.0;0.0;5023.0


8.3;0.0;0.0;0.0;5023.0


8.4;0.0;0.0;0.0;5023.0


8.3;0.0;0.0;0.0;5023.0


8.4;0.0;0.0;0.0;5023.0


8.4;0.0;0.0;0.0;5023.0


0.0;0.1;0.0;0.0;5023.0


0.0;0.3;0.0;0.0;5023.0


10.7;886.5;38.8;0.0;5023.0


8.3;604.4;26.8;0.0;5023.0


8.4;0.0;0.0;0.0;5023.0


8.3;0.0;0.0;0.0;5023.0


8.4;0.0;0.0;0.0;5023.0


8.3;0.0;0.0;0.0;5023.0


8.4;0.0;0.0;0.0;5023.0


8.4;0.0;0.0;0.0;5023.0


8.4;0.0;0.0;0.0;5023.0


8.4;0.0;0.0;0.0;5023.0


8.3;0.0;0.0;0.0;5023.0


8.4;0.0;0.0;0.0;5023.0


8.3;0.0;0.0;0.0;5023.0


8.3;0.0;0.0;0.0;5023.0


8.3;0.0;0.0;0.0;5023.0


8.3;0.0;0.0;0.0;5023.0


8.3;0.0;0.0;0.0;5023.0


8.3;0.0;0.0;0.0;5023.0


8.3;0.0;0.0;0.0;5023.0


8.3;0.0;0.0;0.0;5023.0


8.3;0.0;0.0;0.0;5023.0


8.4;0.0;0.0;0.0;5023.0


8.3;1.0;0.3;0.0;5023.0


8.4;0.0;0.0;0.0;5023.0


8.3;0.0;0.0;0.0;5023.0


8.4;0.0;0.0;0.0;5023.0


8.4;0.0;0.0;0.0;5023.0


8.3;0.0;0.0;0.0;5023.0


8.4;0.0;0.0;0.0;5023.0


8.3;0.0;0.0;0.0;5023.0


8.4;0.0;0.0;0.0;5023.0


8.3;0.0;0.0;0.0;5023.0


8.4;0.0;0.0;35.0;5023.0


8.4;0.0;0.0;43.0;5023.0


8.3;0.0;0.0;42.0;5023.0


8.3;0.0;0.0;49.0;5023.0


8.4;0.0;0.0;51.0;5023.0


8.4;0.0;0.0;54.0;5023.0


8.3;0.0;0.0;53.0;5023.0


8.4;0.0;0.0;52.0;5023.0


8.3;0.0;0.0;54.0;5023.0


8.4;0.0;0.0;51.0;5023.0


8.4;0.0;0.0;54.0;5023.0


8.4;0.0;0.0;54.0;5023.0


8.3;0.0;0.0;54.0;5023.0


8.3;0.0;0.0;54.0;5023.0


8.3;0.0;0.0;53.0;5023.0


8.3;0.0;0.0;54.0;5023.0


2.8;10.6;0.8;35.0;5023.0


0.0;0.3;0.0;0.0;5023.0


6.0;219.5;9.4;0.0;5023.0


9.6;1272.3;55.9;0.0;5023.0


8.3;1.0;0.3;0.0;5023.0


8.4;0.0;0.0;0.0;5023.0


8.3;0.0;0.0;0.0;5023.0


8.4;0.0;0.0;0.0;5023.0


8.4;0.0;0.0;0.0;5023.0


8.3;0.0;0.0;0.0;5023.0


8.4;0.0;0.0;0.0;5023.0


8.3;0.0;0.0;0.0;5023.0


8.4;0.0;0.0;0.0;5023.0


8.3;0.0;0.0;0.0;5023.0


8.4;0.0;0.0;0.0;5023.0


8.3;0.0;0.0;0.0;5023.0


8.3;0.0;0.0;0.0;5023.0


8.4;0.0;0.0;0.0;5023.0


8.3;0.0;0.0;0.0;5023.0


8.3;0.0;0.0;0.0;5023.0


8.3;0.0;0.0;0.0;5023.0


8.3;0.0;0.0;0.0;5023.0


8.3;0.0;0.0;0.0;5023.0


8.3;0.0;0.0;0.0;5023.0


2.8;0.1;0.0;0.0;5023.0


0.0;0.3;0.0;0.0;5023.0


4.2;226.7;9.7;0.0;5023.0


8.4;1264.2;55.5;0.0;5023.0


8.3;1.0;0.3;0.0;5023.0


8.4;0.0;0.0;0.0;5023.0


8.3;0.0;0.0;0.0;5023.0


8.3;0.0;0.0;0.0;5023.0


8.3;0.0;0.0;0.0;5023.0


8.3;0.0;0.0;0.0;5023.0


8.3;0.0;0.0;0.0;5023.0


8.3;0.0;0.0;0.0;5023.0


8.3;0.0;0.0;0.0;5023.0


8.3;0.0;0.0;0.0;5023.0


8.4;0.0;0.0;0.0;5023.0


8.4;0.0;0.0;0.0;5023.0


8.3;0.0;0.0;0.0;5023.0


8.4;0.0;0.0;0.0;5023.0


8.3;0.0;0.0;0.0;5023.0


8.4;0.0;0.0;0.0;5023.0


8.4;0.0;0.0;0.0;5023.0


8.3;0.0;0.0;0.0;5023.0


8.4;0.0;0.0;0.0;5023.0


8.3;0.0;0.0;0.0;5023.0


8.4;1.0;0.3;0.0;5023.0


8.3;0.0;0.0;0.0;5023.0


8.4;0.0;0.0;0.0;5023.0


8.3;0.0;0.0;0.0;5023.0


8.3;0.0;0.0;0.0;5023.0


8.4;0.0;0.0;0.0;5023.0


8.3;0.0;0.0;0.0;5023.0


8.3;0.0;0.0;0.0;5023.0


8.4;0.0;0.0;0.0;5023.0


8.3;0.0;0.0;0.0;5023.0


8.4;0.0;0.0;1.0;5023.0


8.3;0.0;0.0;45.0;5023.0


8.4;0.0;0.0;43.0;5023.0


