8.3;1.2;0.1;0.0;656.0


8.3;128.6;7.6;0.0;656.0


8.4;93.4;7.4;0.0;656.0


3.6;83.8;8.3;0.0;656.0


1.4;0.3;0.0;0.0;656.0


4.8;24.9;1.0;0.0;656.0


8.3;2.3;0.2;0.0;808.0


8.4;0.0;0.0;5.0;948.0


8.4;0.0;0.0;6.0;1084.0


8.4;0.0;0.0;6.0;1209.0


8.3;0.2;0.0;5.0;1359.0


8.4;70.2;67.7;9.0;1461.0


8.3;84.8;353.6;23.0;2079.0


20.3;0.0;0.0;35.0;2079.0


0.0;0.4;0.0;0.0;2079.0


5.9;220.9;9.5;0.0;2079.0


8.3;1269.8;55.8;0.0;2079.0


8.4;1.0;0.3;0.0;2079.0


8.3;0.0;0.0;0.0;2079.0


8.3;0.0;0.0;0.0;2079.0


8.3;0.0;0.0;0.0;2079.0


8.4;0.0;0.0;0.0;2079.0


8.4;0.0;0.0;0.0;2079.0


8.3;0.0;0.0;0.0;2079.0


8.4;0.0;0.0;0.0;2079.0


8.3;0.0;0.0;0.0;2079.0


8.4;0.0;0.0;0.0;2079.0


8.3;0.0;0.0;0.0;2079.0


8.4;0.0;0.0;0.0;2079.0


8.3;0.0;0.0;0.0;2079.0


8.3;0.0;0.0;0.0;2079.0


8.3;0.0;0.0;0.0;2079.0


8.3;0.0;0.0;0.0;2079.0


8.3;0.0;0.0;0.0;2079.0


8.3;0.0;0.0;0.0;2079.0


8.4;0.0;0.0;0.0;2079.0


8.4;0.0;0.0;0.0;2079.0


0.0;0.1;0.0;0.0;2079.0


0.0;0.3;0.0;0.0;2079.0


10.7;577.4;25.1;0.0;2079.0


8.3;914.0;40.1;0.0;2079.0


8.4;1.0;0.3;0.0;2079.0


8.3;0.0;0.0;0.0;2079.0


8.4;0.0;0.0;0.0;2079.0


8.3;0.0;0.0;0.0;2079.0


8.3;0.0;0.0;0.0;2079.0


8.3;0.0;0.0;0.0;2079.0


8.4;0.0;0.0;0.0;2079.0


8.3;0.0;0.0;0.0;2079.0


8.3;0.0;0.0;0.0;2079.0


8.4;0.0;0.0;0.0;2079.0


8.3;0.0;0.0;0.0;2079.0


8.3;0.0;0.0;0.0;2079.0


8.4;0.0;0.0;0.0;2079.0


8.3;0.0;0.0;0.0;2079.0


8.4;0.0;0.0;0.0;2079.0


8.3;0.0;0.0;0.0;2079.0


8.4;0.0;0.0;0.0;2079.0


8.4;0.0;0.0;0.0;2079.0


8.3;0.0;0.0;0.0;2079.0


8.4;0.0;0.0;0.0;2079.0


8.3;1.0;0.3;0.0;2079.0


8.4;0.0;0.0;0.0;2079.0


8.4;0.0;0.0;0.0;2079.0


8.3;0.0;0.0;0.0;2079.0


8.3;0.0;0.0;0.0;2079.0


8.3;0.0;0.0;0.0;2079.0


8.3;0.0;0.0;0.0;2079.0


8.3;0.0;0.0;0.0;2079.0


8.3;0.0;0.0;0.0;2079.0


8.3;0.0;0.0;0.0;2079.0


8.4;0.0;0.0;99.0;2079.0


8.4;0.2;0.0;32.0;2161.0


8.3;0.0;0.0;37.0;2261.0


8.4;0.0;0.0;33.0;2359.0


8.3;0.0;0.0;32.0;2459.0


8.4;0.0;0.0;46.0;4921.0


50.0;0.0;0.0;32.0;4921.0


8.3;0.0;0.0;55.0;4921.0


8.4;0.0;0.0;53.0;4921.0


8.3;0.0;0.0;54.0;4921.0


8.4;0.0;0.0;54.0;4921.0


8.3;0.0;0.0;54.0;4921.0


8.4;0.0;0.0;55.0;4921.0


8.3;0.0;0.0;54.0;4921.0


8.3;0.0;0.0;54.0;4921.0


8.4;0.0;0.0;55.0;4921.0


8.3;0.0;0.0;54.0;4921.0


8.4;0.0;0.0;53.0;4921.0


8.4;0.0;0.0;53.0;4921.0


0.0;10.6;0.8;0.0;4921.0


0.0;0.3;0.0;0.0;4921.0


5.9;917.9;40.1;0.0;4921.0


8.4;574.4;25.5;0.0;4921.0


8.4;0.0;0.0;0.0;4921.0


8.4;0.0;0.0;0.0;4921.0


8.4;0.0;0.0;0.0;4921.0


8.3;0.0;0.0;0.0;4921.0


8.4;0.0;0.0;0.0;4921.0


8.3;0.0;0.0;0.0;4921.0


8.3;0.0;0.0;0.0;4921.0


8.3;0.0;0.0;0.0;4921.0


8.3;0.0;0.0;0.0;4921.0


8.3;0.0;0.0;0.0;4921.0


8.3;0.0;0.0;0.0;4921.0


8.3;0.0;0.0;0.0;4921.0


8.3;0.0;0.0;0.0;4921.0


8.3;0.0;0.0;0.0;4921.0


8.4;0.0;0.0;0.0;4921.0


8.3;0.0;0.0;0.0;4921.0


8.4;0.0;0.0;0.0;4921.0


8.3;0.0;0.0;0.0;4921.0


8.4;0.0;0.0;0.0;4921.0


8.4;0.0;0.0;0.0;4921.0


0.0;0.1;0.0;0.0;4921.0


0.0;0.3;0.0;0.0;4921.0


7.1;739.1;32.2;0.0;4921.0


8.3;752.8;33.1;0.0;4921.0


8.3;1.0;0.3;0.0;4921.0


8.4;0.0;0.0;0.0;4921.0


8.4;0.0;0.0;0.0;4921.0


8.3;0.0;0.0;0.0;4921.0


8.4;0.0;0.0;0.0;4921.0


8.3;0.0;0.0;0.0;4921.0


8.4;0.0;0.0;0.0;4921.0


8.3;0.0;0.0;0.0;4921.0


8.3;0.0;0.0;0.0;4921.0


8.4;0.0;0.0;0.0;4921.0


8.3;0.0;0.0;0.0;4921.0


8.3;0.0;0.0;0.0;4921.0


8.3;0.0;0.0;0.0;4921.0


8.4;0.0;0.0;0.0;4921.0


8.4;0.0;0.0;0.0;4921.0


8.4;0.0;0.0;0.0;4921.0


8.4;0.0;0.0;0.0;4921.0


8.3;0.0;0.0;0.0;4921.0


8.3;0.0;0.0;0.0;4921.0


8.3;0.0;0.0;0.0;4921.0


8.3;0.0;0.0;0.0;4921.0


8.3;1.0;0.3;0.0;4921.0


8.3;0.0;0.0;0.0;4921.0


8.3;0.0;0.0;0.0;4921.0


8.4;0.0;0.0;0.0;4921.0


8.3;0.0;0.0;0.0;4921.0


8.4;0.0;0.0;0.0;4921.0


8.3;0.0;0.0;0.0;4921.0


8.4;0.0;0.0;0.0;4921.0


8.3;0.0;0.0;0.0;4921.0


8.4;0.0;0.0;0.0;4921.0


8.4;0.0;0.0;0.0;4921.0


8.4;0.0;0.0;32.0;4943.0


8.4;0.0;0.0;43.0;4943.0


8.3;0.0;0.0;42.0;4943.0


8.3;0.0;0.0;42.0;4943.0


49.9;0.0;0.0;50.0;4943.0


8.4;0.0;0.0;54.0;4943.0


8.4;0.0;0.0;54.0;4943.0


8.3;0.0;0.0;54.0;4943.0


8.3;0.0;0.0;53.0;4943.0


8.3;0.0;0.0;54.0;4943.0


8.3;0.0;0.0;54.0;4943.0


8.4;0.0;0.0;54.0;4943.0


8.3;0.0;0.0;54.0;4943.0


8.4;0.0;0.0;53.0;4943.0


8.3;0.0;0.0;54.0;4943.0


8.4;0.0;0.0;54.0;4943.0


8.4;0.0;0.0;53.0;4943.0


0.0;10.6;0.8;0.0;4943.0


0.0;0.3;0.0;0.0;4943.0


10.7;1177.4;51.5;0.0;4943.0


8.4;314.9;14.0;0.0;4943.0


8.3;0.0;0.0;0.0;4943.0


8.3;0.0;0.0;0.0;4943.0


8.4;0.0;0.0;0.0;4943.0


8.3;0.0;0.0;0.0;4943.0


8.3;0.0;0.0;0.0;4943.0


8.3;0.0;0.0;0.0;4943.0


8.3;0.0;0.0;0.0;4943.0


8.4;0.0;0.0;0.0;4943.0


8.3;0.0;0.0;0.0;4943.0


8.4;0.0;0.0;0.0;4943.0


8.3;0.0;0.0;0.0;4943.0


8.4;0.0;0.0;0.0;4943.0


8.3;0.0;0.0;0.0;4943.0


8.4;0.0;0.0;0.0;4943.0


8.4;0.0;0.0;0.0;4943.0


8.3;0.0;0.0;0.0;4943.0


8.4;0.0;0.0;0.0;4943.0


8.3;0.0;0.0;0.0;4943.0


8.4;0.0;0.0;0.0;4943.0


8.3;0.0;0.0;0.0;4943.0


0.0;0.1;0.0;0.0;4943.0


0.0;0.3;0.0;0.0;4943.0


7.1;1182.1;51.7;0.0;4943.0


8.4;310.9;13.9;0.0;4943.0


8.3;0.0;0.0;0.0;4943.0


8.3;0.0;0.0;0.0;4943.0


8.4;0.0;0.0;0.0;4943.0


8.3;0.0;0.0;0.0;4943.0


8.4;0.0;0.0;0.0;4943.0


8.4;0.0;0.0;0.0;4943.0


8.4;0.0;0.0;0.0;4943.0


8.4;0.0;0.0;0.0;4943.0


8.4;0.0;0.0;0.0;4943.0


8.4;0.0;0.0;0.0;4943.0


8.3;0.0;0.0;0.0;4943.0


8.3;0.0;0.0;0.0;4943.0


8.3;0.0;0.0;0.0;4943.0


8.3;0.0;0.0;0.0;4943.0


8.4;0.0;0.0;0.0;4943.0


8.3;0.0;0.0;0.0;4943.0


8.4;0.0;0.0;0.0;4943.0


8.3;0.0;0.0;0.0;4943.0


8.3;0.0;0.0;0.0;4943.0


8.4;1.0;0.3;0.0;4943.0


8.3;0.0;0.0;0.0;4943.0


8.4;0.0;0.0;0.0;4943.0


8.3;0.0;0.0;0.0;4943.0


8.4;0.0;0.0;0.0;4943.0


8.3;0.0;0.0;0.0;4943.0


8.3;0.0;0.0;0.0;4943.0


8.4;0.0;0.0;0.0;4943.0


8.3;0.0;0.0;0.0;4943.0


8.3;0.0;0.0;0.0;4943.0


8.3;0.0;0.0;0.0;4943.0


8.4;0.0;0.0;50.0;4943.0


8.3;0.0;0.0;43.0;4943.0


8.4;0.0;0.0;42.0;4943.0


8.4;0.0;0.0;48.0;4943.0


49.9;0.0;0.0;41.0;4943.0


8.3;0.0;0.0;55.0;4943.0


8.3;0.0;0.0;53.0;4943.0


8.3;0.0;0.0;54.0;4943.0


8.4;0.0;0.0;54.0;4943.0


8.3;0.0;0.0;54.0;4943.0


8.4;0.0;0.0;54.0;4943.0


8.4;0.0;0.0;54.0;4943.0


8.4;0.0;0.0;54.0;4943.0


8.4;0.0;0.0;54.0;4943.0


8.4;0.0;0.0;54.0;4943.0


8.4;0.0;0.0;55.0;4943.0


8.3;0.0;0.0;54.0;4943.0


0.0;10.6;0.8;0.0;4943.0


0.0;0.3;0.0;0.0;4943.0


9.7;1186.1;51.9;0.0;4943.0


8.4;306.1;13.7;0.0;4943.0


8.3;0.0;0.0;0.0;4943.0


8.4;0.0;0.0;0.0;4943.0


8.3;0.0;0.0;0.0;4943.0


8.3;0.0;0.0;0.0;4943.0


8.4;0.0;0.0;0.0;4943.0


8.3;0.0;0.0;0.0;4943.0


8.4;0.0;0.0;0.0;4943.0


8.3;0.0;0.0;0.0;4943.0


8.4;0.0;0.0;0.0;4943.0


8.3;0.0;0.0;0.0;4943.0


8.3;0.0;0.0;0.0;4943.0


8.4;0.0;0.0;0.0;4943.0


8.3;0.0;0.0;0.0;4943.0


8.3;0.0;0.0;0.0;4943.0


8.3;0.0;0.0;0.0;4943.0


8.3;0.0;0.0;0.0;4943.0


8.3;0.0;0.0;0.0;4943.0


7.3;0.0;0.0;0.0;4943.0


8.4;0.0;0.0;0.0;4943.0


8.3;0.0;0.0;0.0;4943.0


0.0;0.4;0.0;0.0;4943.0


7.1;228.6;9.8;0.0;4943.0


8.3;1263.4;55.5;0.0;4943.0


8.4;1.0;0.3;0.0;4943.0


8.3;0.0;0.0;0.0;4943.0


8.4;0.0;0.0;0.0;4943.0


8.4;0.0;0.0;0.0;4943.0


8.4;0.0;0.0;0.0;4943.0


8.4;0.0;0.0;0.0;4943.0


8.4;0.0;0.0;0.0;4943.0


8.4;0.0;0.0;0.0;4943.0


8.3;0.0;0.0;0.0;4943.0


8.3;0.0;0.0;0.0;4943.0


8.3;0.0;0.0;0.0;4943.0


8.3;0.0;0.0;0.0;4943.0


8.4;0.0;0.0;0.0;4943.0


8.3;0.0;0.0;0.0;4943.0


8.4;0.0;0.0;0.0;4943.0


8.3;0.0;0.0;0.0;4943.0


8.3;0.0;0.0;0.0;4943.0


8.4;0.0;0.0;0.0;4943.0


8.3;0.0;0.0;0.0;4943.0


8.4;0.0;0.0;0.0;4943.0


8.4;1.0;0.3;0.0;4943.0


8.4;0.0;0.0;0.0;4943.0


8.4;0.0;0.0;0.0;4943.0


8.3;0.0;0.0;0.0;4943.0


8.4;0.0;0.0;0.0;4943.0


8.3;0.0;0.0;0.0;4943.0


8.3;0.0;0.0;0.0;4943.0


8.3;0.0;0.0;0.0;4943.0


8.3;0.0;0.0;0.0;4943.0


8.4;0.0;0.0;0.0;4943.0


8.3;0.0;0.0;23.0;4943.0


