10.8;15.6;1.8;0.0;656.0


8.4;111.4;6.7;0.0;656.0


8.4;93.2;5.8;0.0;656.0


8.4;95.9;10.7;0.0;656.0


0.0;5.3;0.2;0.0;656.0


0.0;0.3;0.0;0.0;656.0


8.3;29.0;1.1;0.0;667.0


8.4;0.1;0.0;5.0;901.0


8.3;0.0;0.0;6.0;1023.0


8.4;0.0;0.0;5.0;1167.0


8.4;0.2;0.0;4.0;1273.0


8.3;70.2;67.7;10.0;1445.0


8.3;8.3;45.4;14.0;1865.0


49.7;76.5;308.2;63.0;2029.0


0.0;0.1;0.0;0.0;2029.0


0.0;0.3;0.0;0.0;2029.0


9.7;1197.5;52.4;0.0;2029.0


8.4;294.5;13.2;0.0;2029.0


8.3;0.0;0.0;0.0;2029.0


8.3;0.0;0.0;0.0;2029.0


8.4;0.0;0.0;0.0;2029.0


8.3;0.0;0.0;0.0;2029.0


8.4;0.0;0.0;0.0;2029.0


8.4;0.0;0.0;0.0;2029.0


8.4;0.0;0.0;0.0;2029.0


8.3;0.0;0.0;0.0;2029.0


8.3;0.0;0.0;0.0;2029.0


8.3;0.0;0.0;0.0;2029.0


8.3;0.0;0.0;0.0;2029.0


8.4;0.0;0.0;0.0;2029.0


8.3;0.0;0.0;0.0;2029.0


8.4;0.0;0.0;0.0;2029.0


8.4;0.0;0.0;0.0;2029.0


8.3;0.0;0.0;0.0;2029.0


8.4;0.0;0.0;0.0;2029.0


8.3;0.0;0.0;0.0;2029.0


8.4;0.0;0.0;0.0;2029.0


8.4;0.1;0.0;0.0;2029.0


0.0;0.3;0.0;0.0;2029.0


4.8;234.1;10.0;0.0;2029.0


6.9;1257.4;55.2;0.0;2029.0


8.4;1.0;0.3;0.0;2029.0


8.3;0.0;0.0;0.0;2029.0


8.4;0.0;0.0;0.0;2029.0


8.3;0.0;0.0;0.0;2029.0


8.3;0.0;0.0;0.0;2029.0


8.4;0.0;0.0;0.0;2029.0


8.3;0.0;0.0;0.0;2029.0


8.3;0.0;0.0;0.0;2029.0


8.4;0.0;0.0;0.0;2029.0


8.3;0.0;0.0;0.0;2029.0


8.3;0.0;0.0;0.0;2029.0


8.3;0.0;0.0;0.0;2029.0


8.4;0.0;0.0;0.0;2029.0


8.4;0.0;0.0;0.0;2029.0


8.3;0.0;0.0;0.0;2029.0


8.4;0.0;0.0;0.0;2029.0


8.3;0.0;0.0;0.0;2029.0


8.4;0.0;0.0;0.0;2029.0


8.3;0.0;0.0;0.0;2029.0


8.4;0.0;0.0;0.0;2029.0


8.3;1.0;0.3;0.0;2029.0


8.3;0.0;0.0;0.0;2029.0


8.3;0.0;0.0;0.0;2029.0


8.3;0.0;0.0;0.0;2029.0


8.3;0.0;0.0;0.0;2029.0


8.3;0.0;0.0;0.0;2029.0


8.4;0.0;0.0;0.0;2029.0


8.4;0.0;0.0;0.0;2029.0


8.4;0.0;0.0;0.0;2029.0


8.4;0.0;0.0;0.0;2029.0


8.3;0.0;0.0;61.0;2127.0


8.4;0.2;0.0;38.0;2225.0


8.4;0.0;0.0;31.0;2323.0


8.3;0.0;0.0;43.0;2423.0


8.4;0.0;0.0;32.0;2523.0


13.8;0.0;0.0;37.0;5005.0


50.0;0.0;0.0;52.0;5005.0


8.3;0.0;0.0;54.0;5005.0


8.4;0.0;0.0;54.0;5005.0


8.3;0.0;0.0;53.0;5005.0


8.3;0.0;0.0;54.0;5005.0


8.4;0.0;0.0;54.0;5005.0


8.3;0.0;0.0;54.0;5005.0


8.3;0.0;0.0;54.0;5005.0


8.4;0.0;0.0;52.0;5005.0


8.3;0.0;0.0;54.0;5005.0


8.3;0.0;0.0;53.0;5005.0


8.3;0.0;0.0;54.0;5005.0


8.4;0.0;0.0;44.0;5005.0


0.0;10.6;0.8;0.0;5005.0


0.0;0.3;0.0;0.0;5005.0


8.4;1198.9;52.4;0.0;5005.0


8.3;293.0;13.1;0.0;5005.0


8.4;0.0;0.0;0.0;5005.0


8.3;0.0;0.0;0.0;5005.0


8.3;0.0;0.0;0.0;5005.0


8.3;0.0;0.0;0.0;5005.0


8.3;0.0;0.0;0.0;5005.0


8.3;0.0;0.0;0.0;5005.0


8.3;0.0;0.0;0.0;5005.0


8.3;0.0;0.0;0.0;5005.0


8.3;0.0;0.0;0.0;5005.0


8.4;0.0;0.0;0.0;5005.0


8.4;0.0;0.0;0.0;5005.0


8.3;0.0;0.0;0.0;5005.0


8.4;0.0;0.0;0.0;5005.0


8.3;0.0;0.0;0.0;5005.0


8.4;0.0;0.0;0.0;5005.0


8.4;0.0;0.0;0.0;5005.0


8.3;0.0;0.0;0.0;5005.0


8.4;0.0;0.0;0.0;5005.0


8.3;0.0;0.0;0.0;5005.0


3.6;0.1;0.0;0.0;5005.0


0.0;0.3;0.0;0.0;5005.0


3.6;231.3;9.9;0.0;5005.0


6.9;1260.6;55.4;0.0;5005.0


8.3;1.0;0.3;0.0;5005.0


8.4;0.0;0.0;0.0;5005.0


8.3;0.0;0.0;0.0;5005.0


8.3;0.0;0.0;0.0;5005.0


8.4;0.0;0.0;0.0;5005.0


8.3;0.0;0.0;0.0;5005.0


8.4;0.0;0.0;0.0;5005.0


8.3;0.0;0.0;0.0;5005.0


8.4;0.0;0.0;0.0;5005.0


8.4;0.0;0.0;0.0;5005.0


8.4;0.0;0.0;0.0;5005.0


8.4;0.0;0.0;0.0;5005.0


8.3;0.0;0.0;0.0;5005.0


8.4;0.0;0.0;0.0;5005.0


8.3;0.0;0.0;0.0;5005.0


8.3;0.0;0.0;0.0;5005.0


8.3;0.0;0.0;0.0;5005.0


8.3;0.0;0.0;0.0;5005.0


8.3;0.0;0.0;0.0;5005.0


8.3;0.0;0.0;0.0;5005.0


8.3;1.0;0.3;0.0;5005.0


8.3;0.0;0.0;0.0;5005.0


8.3;0.0;0.0;0.0;5005.0


8.4;0.0;0.0;0.0;5005.0


8.3;0.0;0.0;0.0;5005.0


8.4;0.0;0.0;0.0;5005.0


8.3;0.0;0.0;0.0;5005.0


8.4;0.0;0.0;0.0;5005.0


8.4;0.0;0.0;0.0;5005.0


8.3;0.0;0.0;0.0;5005.0


8.4;0.0;0.0;32.0;5027.0


8.3;0.0;0.0;43.0;5027.0


8.4;0.0;0.0;43.0;5027.0


8.3;0.0;0.0;43.0;5027.0


50.2;0.0;0.0;52.0;5027.0


8.4;0.0;0.0;54.0;5027.0


8.4;0.0;0.0;54.0;5027.0


8.3;0.0;0.0;54.0;5027.0


8.4;0.0;0.0;54.0;5027.0


8.3;0.0;0.0;54.0;5027.0


8.4;0.0;0.0;54.0;5027.0


8.4;0.0;0.0;54.0;5027.0


8.3;0.0;0.0;55.0;5027.0


8.4;0.0;0.0;54.0;5027.0


8.3;0.0;0.0;55.0;5027.0


8.4;0.0;0.0;54.0;5027.0


8.3;10.6;0.8;37.0;5027.0


0.0;0.3;0.0;0.0;5027.0


4.8;176.6;7.5;0.0;5027.0


7.1;1314.4;57.7;0.0;5027.0


8.3;1.0;0.3;0.0;5027.0


8.3;0.0;0.0;0.0;5027.0


8.3;0.0;0.0;0.0;5027.0


8.4;0.0;0.0;0.0;5027.0


8.3;0.0;0.0;0.0;5027.0


8.4;0.0;0.0;0.0;5027.0


8.3;0.0;0.0;0.0;5027.0


8.4;0.0;0.0;0.0;5027.0


8.4;0.0;0.0;0.0;5027.0


8.4;0.0;0.0;0.0;5027.0


8.4;0.0;0.0;0.0;5027.0


8.4;0.0;0.0;0.0;5027.0


8.4;0.0;0.0;0.0;5027.0


8.3;0.0;0.0;0.0;5027.0


8.3;0.0;0.0;0.0;5027.0


8.3;0.0;0.0;0.0;5027.0


8.3;0.0;0.0;0.0;5027.0


8.3;0.0;0.0;0.0;5027.0


8.3;0.0;0.0;0.0;5027.0


8.3;0.0;0.0;0.0;5027.0


1.4;0.1;0.0;0.0;5027.0


0.0;0.3;0.0;0.0;5027.0


9.4;567.5;24.7;0.0;5027.0


8.3;924.0;40.6;0.0;5027.0


8.4;1.0;0.3;0.0;5027.0


8.3;0.0;0.0;0.0;5027.0


8.4;0.0;0.0;0.0;5027.0


8.4;0.0;0.0;0.0;5027.0


8.3;0.0;0.0;0.0;5027.0


8.4;0.0;0.0;0.0;5027.0


8.3;0.0;0.0;0.0;5027.0


8.4;0.0;0.0;0.0;5027.0


8.3;0.0;0.0;0.0;5027.0


8.4;0.0;0.0;0.0;5027.0


8.4;0.0;0.0;0.0;5027.0


8.3;0.0;0.0;0.0;5027.0


8.3;0.0;0.0;0.0;5027.0


8.3;0.0;0.0;0.0;5027.0


8.3;0.0;0.0;0.0;5027.0


8.4;0.0;0.0;0.0;5027.0


8.3;0.0;0.0;0.0;5027.0


8.4;0.0;0.0;0.0;5027.0


8.3;0.0;0.0;0.0;5027.0


8.4;0.0;0.0;0.0;5027.0


8.4;1.0;0.3;0.0;5027.0


8.4;0.0;0.0;0.0;5027.0


8.4;0.0;0.0;0.0;5027.0


8.3;0.0;0.0;0.0;5027.0


8.4;0.0;0.0;0.0;5027.0


8.3;0.0;0.0;0.0;5027.0


8.3;0.0;0.0;0.0;5027.0


8.3;0.0;0.0;0.0;5027.0


8.3;0.0;0.0;0.0;5027.0


8.3;0.0;0.0;0.0;5027.0


8.3;0.0;0.0;100.0;5027.0


8.4;0.0;0.0;44.0;5027.0


8.3;0.0;0.0;43.0;5027.0


8.3;0.0;0.0;41.0;5027.0


50.2;0.0;0.0;46.0;5027.0


8.3;0.0;0.0;52.0;5027.0


8.4;0.0;0.0;54.0;5027.0


8.3;0.0;0.0;54.0;5027.0


8.4;0.0;0.0;54.0;5027.0


8.4;0.0;0.0;54.0;5027.0


8.3;0.0;0.0;53.0;5027.0


8.4;0.0;0.0;54.0;5027.0


8.3;0.0;0.0;54.0;5027.0


8.3;0.0;0.0;54.0;5027.0


8.3;0.0;0.0;54.0;5027.0


8.4;0.0;0.0;54.0;5027.0


8.4;0.0;0.0;54.0;5027.0


0.0;10.6;0.8;0.0;5027.0


0.0;0.3;0.0;0.0;5027.0


8.3;582.1;25.3;0.0;5027.0


8.4;910.3;40.0;0.0;5027.0


8.4;1.0;0.3;0.0;5027.0


8.3;0.0;0.0;0.0;5027.0


8.4;0.0;0.0;0.0;5027.0


8.3;0.0;0.0;0.0;5027.0


8.4;0.0;0.0;0.0;5027.0


8.4;0.0;0.0;0.0;5027.0


8.4;0.0;0.0;0.0;5027.0


8.4;0.0;0.0;0.0;5027.0


8.3;0.0;0.0;0.0;5027.0


8.4;0.0;0.0;0.0;5027.0


8.3;0.0;0.0;0.0;5027.0


8.3;0.0;0.0;0.0;5027.0


8.3;0.0;0.0;0.0;5027.0


8.3;0.0;0.0;0.0;5027.0


8.3;0.0;0.0;0.0;5027.0


8.3;0.0;0.0;0.0;5027.0


8.3;0.0;0.0;0.0;5027.0


8.4;0.0;0.0;0.0;5027.0


8.3;0.0;0.0;0.0;5027.0


8.4;0.0;0.0;0.0;5027.0


0.0;0.1;0.0;0.0;5027.0


0.0;0.3;0.0;0.0;5027.0


11.5;930.6;40.6;0.0;5027.0


8.3;562.0;24.9;0.0;5027.0


8.4;0.0;0.0;0.0;5027.0


8.3;0.0;0.0;0.0;5027.0


8.4;0.0;0.0;0.0;5027.0


8.3;0.0;0.0;0.0;5027.0


8.3;0.0;0.0;0.0;5027.0


8.3;0.0;0.0;0.0;5027.0


8.4;0.0;0.0;0.0;5027.0


8.4;0.0;0.0;0.0;5027.0


8.3;0.0;0.0;0.0;5027.0


8.3;0.0;0.0;0.0;5027.0


8.3;0.0;0.0;0.0;5027.0


8.3;0.0;0.0;0.0;5027.0


8.4;0.0;0.0;0.0;5027.0


8.3;0.0;0.0;0.0;5027.0


8.4;0.0;0.0;0.0;5027.0


8.4;0.0;0.0;0.0;5027.0


8.4;0.0;0.0;0.0;5027.0


8.4;0.0;0.0;0.0;5027.0


8.4;0.0;0.0;0.0;5027.0


8.4;0.0;0.0;0.0;5027.0


8.3;1.0;0.3;0.0;5027.0


8.4;0.0;0.0;0.0;5027.0


8.3;0.0;0.0;0.0;5027.0


8.3;0.0;0.0;0.0;5027.0


8.4;0.0;0.0;0.0;5027.0


8.3;0.0;0.0;0.0;5027.0


8.4;0.0;0.0;0.0;5027.0


8.3;0.0;0.0;0.0;5027.0


8.3;0.0;0.0;0.0;5027.0


8.3;0.0;0.0;0.0;5027.0


8.3;0.0;0.0;51.0;5027.0


8.4;0.0;0.0;43.0;5027.0


8.4;0.0;0.0;43.0;5027.0


8.3;0.0;0.0;48.0;5027.0


