8.3;16.6;1.7;0.0;656.0


8.3;128.2;6.8;0.0;656.0


7.0;108.8;9.6;0.0;656.0


0.0;52.2;5.2;0.0;656.0


0.0;0.3;0.0;0.0;656.0


7.3;28.2;1.1;0.0;656.0


8.3;0.3;0.0;6.0;840.0


8.4;0.0;0.0;5.0;972.0


8.3;0.0;0.0;4.0;1110.0


8.4;0.2;0.0;5.0;1231.0


8.3;0.0;0.0;4.0;1403.0


8.4;70.2;67.7;1.0;1655.0


8.3;84.8;353.6;27.0;2019.0


3.6;0.1;0.0;38.0;2019.0


0.0;0.3;0.0;0.0;2019.0


5.9;217.5;9.3;0.0;2019.0


6.9;1273.2;55.9;0.0;2019.0


8.4;1.0;0.3;0.0;2019.0


8.3;0.0;0.0;0.0;2019.0


8.4;0.0;0.0;0.0;2019.0


8.3;0.0;0.0;0.0;2019.0


8.4;0.0;0.0;0.0;2019.0


8.4;0.0;0.0;0.0;2019.0


8.4;0.0;0.0;0.0;2019.0


8.4;0.0;0.0;0.0;2019.0


8.3;0.0;0.0;0.0;2019.0


8.4;0.0;0.0;0.0;2019.0


8.3;0.0;0.0;0.0;2019.0


8.3;0.0;0.0;0.0;2019.0


8.3;0.0;0.0;0.0;2019.0


8.3;0.0;0.0;0.0;2019.0


8.3;0.0;0.0;0.0;2019.0


8.3;0.0;0.0;0.0;2019.0


8.3;0.0;0.0;0.0;2019.0


8.3;0.0;0.0;0.0;2019.0


8.3;0.0;0.0;0.0;2019.0


8.4;0.0;0.0;0.0;2019.0


0.0;0.1;0.0;0.0;2019.0


0.0;0.3;0.0;0.0;2019.0


8.3;552.8;24.0;0.0;2019.0


8.4;938.8;41.2;0.0;2019.0


8.4;1.0;0.3;0.0;2019.0


8.3;0.0;0.0;0.0;2019.0


8.4;0.0;0.0;0.0;2019.0


8.3;0.0;0.0;0.0;2019.0


8.4;0.0;0.0;0.0;2019.0


8.3;0.0;0.0;0.0;2019.0


8.4;0.0;0.0;0.0;2019.0


8.4;0.0;0.0;0.0;2019.0


8.3;0.0;0.0;0.0;2019.0


8.3;0.0;0.0;0.0;2019.0


8.3;0.0;0.0;0.0;2019.0


8.3;0.0;0.0;0.0;2019.0


8.4;0.0;0.0;0.0;2019.0


8.3;0.0;0.0;0.0;2019.0


8.4;0.0;0.0;0.0;2019.0


8.3;0.0;0.0;0.0;2019.0


8.4;0.0;0.0;0.0;2019.0


8.4;0.0;0.0;0.0;2019.0


8.4;0.0;0.0;0.0;2019.0


8.4;0.0;0.0;0.0;2019.0


8.3;1.0;0.3;0.0;2019.0


8.4;0.0;0.0;0.0;2019.0


8.3;0.0;0.0;0.0;2019.0


8.3;0.0;0.0;0.0;2019.0


8.3;0.0;0.0;0.0;2019.0


8.3;0.0;0.0;0.0;2019.0


8.3;0.0;0.0;0.0;2019.0


8.3;0.0;0.0;0.0;2019.0


8.3;0.0;0.0;0.0;2019.0


8.4;0.0;0.0;0.0;2019.0


7.3;0.2;0.0;23.0;2139.0


8.4;0.0;0.0;36.0;2239.0


8.3;0.0;0.0;32.0;2339.0


8.4;0.0;0.0;32.0;2441.0


8.3;0.0;0.0;40.0;2539.0


46.6;0.0;0.0;40.0;4995.0


36.4;0.0;0.0;53.0;4995.0


8.3;0.0;0.0;54.0;4995.0


8.4;0.0;0.0;54.0;4995.0


8.3;0.0;0.0;54.0;4995.0


8.3;0.0;0.0;53.0;4995.0


8.3;0.0;0.0;54.0;4995.0


8.4;0.0;0.0;54.0;4995.0


8.4;0.0;0.0;53.0;4995.0


7.1;0.0;0.0;54.0;4995.0


8.3;0.0;0.0;51.0;4995.0


8.3;0.0;0.0;54.0;4995.0


8.3;0.0;0.0;54.0;4995.0


6.0;10.6;0.8;23.0;4995.0


0.0;0.3;0.0;0.0;4995.0


7.2;226.0;9.6;0.0;4995.0


9.7;1265.9;55.6;0.0;4995.0


8.4;1.0;0.3;0.0;4995.0


8.4;0.0;0.0;0.0;4995.0


8.4;0.0;0.0;0.0;4995.0


8.4;0.0;0.0;0.0;4995.0


8.3;0.0;0.0;0.0;4995.0


8.4;0.0;0.0;0.0;4995.0


8.3;0.0;0.0;0.0;4995.0


8.3;0.0;0.0;0.0;4995.0


8.4;0.0;0.0;0.0;4995.0


8.3;0.0;0.0;0.0;4995.0


8.4;0.0;0.0;0.0;4995.0


8.3;0.0;0.0;0.0;4995.0


8.3;0.0;0.0;0.0;4995.0


8.4;0.0;0.0;0.0;4995.0


8.3;0.0;0.0;0.0;4995.0


8.4;0.0;0.0;0.0;4995.0


8.3;0.0;0.0;0.0;4995.0


8.4;0.0;0.0;0.0;4995.0


8.3;0.0;0.0;0.0;4995.0


8.3;0.0;0.0;0.0;4995.0


0.0;0.1;0.0;0.0;4995.0


0.0;0.3;0.0;0.0;4995.0


8.4;578.2;25.1;0.0;4995.0


8.3;913.5;40.1;0.0;4995.0


8.3;1.0;0.3;0.0;4995.0


8.3;0.0;0.0;0.0;4995.0


8.4;0.0;0.0;0.0;4995.0


8.4;0.0;0.0;0.0;4995.0


8.3;0.0;0.0;0.0;4995.0


8.3;0.0;0.0;0.0;4995.0


8.3;0.0;0.0;0.0;4995.0


8.3;0.0;0.0;0.0;4995.0


8.4;0.0;0.0;0.0;4995.0


8.3;0.0;0.0;0.0;4995.0


8.4;0.0;0.0;0.0;4995.0


8.4;0.0;0.0;0.0;4995.0


8.4;0.0;0.0;0.0;4995.0


8.4;0.0;0.0;0.0;4995.0


8.4;0.0;0.0;0.0;4995.0


8.4;0.0;0.0;0.0;4995.0


8.3;0.0;0.0;0.0;4995.0


8.4;0.0;0.0;0.0;4995.0


8.3;0.0;0.0;0.0;4995.0


8.3;0.0;0.0;0.0;4995.0


8.4;1.0;0.3;0.0;4995.0


8.3;0.0;0.0;0.0;4995.0


8.4;0.0;0.0;0.0;4995.0


8.3;0.0;0.0;0.0;4995.0


8.4;0.0;0.0;0.0;4995.0


8.4;0.0;0.0;0.0;4995.0


8.3;0.0;0.0;0.0;4995.0


8.4;0.0;0.0;0.0;4995.0


8.3;0.0;0.0;0.0;4995.0


8.4;0.0;0.0;0.0;4995.0


8.3;0.0;0.0;63.0;5017.0


8.4;0.0;0.0;43.0;5017.0


8.4;0.0;0.0;43.0;5017.0


8.3;0.0;0.0;42.0;5017.0


50.2;0.0;0.0;40.0;5017.0


8.3;0.0;0.0;54.0;5017.0


8.3;0.0;0.0;54.0;5017.0


8.3;0.0;0.0;53.0;5017.0


8.4;0.0;0.0;54.0;5017.0


8.4;0.0;0.0;54.0;5017.0


8.3;0.0;0.0;54.0;5017.0


8.3;0.0;0.0;54.0;5017.0


8.3;0.0;0.0;54.0;5017.0


8.3;0.0;0.0;54.0;5017.0


8.4;0.0;0.0;54.0;5017.0


8.3;0.0;0.0;54.0;5017.0


8.4;0.0;0.0;54.0;5017.0


0.0;10.6;0.8;0.0;5017.0


0.0;0.3;0.0;0.0;5017.0


8.4;840.0;36.7;0.0;5017.0


8.4;651.6;28.8;0.0;5017.0


8.4;0.0;0.0;0.0;5017.0


8.3;0.0;0.0;0.0;5017.0


8.3;0.0;0.0;0.0;5017.0


8.3;0.0;0.0;0.0;5017.0


8.3;0.0;0.0;0.0;5017.0


8.4;0.0;0.0;0.0;5017.0


8.3;0.0;0.0;0.0;5017.0


8.4;0.0;0.0;0.0;5017.0


8.3;0.0;0.0;0.0;5017.0


8.4;0.0;0.0;0.0;5017.0


8.4;0.0;0.0;0.0;5017.0


8.3;0.0;0.0;0.0;5017.0


8.4;0.0;0.0;0.0;5017.0


8.3;0.0;0.0;0.0;5017.0


8.4;0.0;0.0;0.0;5017.0


8.3;0.0;0.0;0.0;5017.0


8.4;0.0;0.0;0.0;5017.0


8.4;0.0;0.0;0.0;5017.0


8.3;0.0;0.0;0.0;5017.0


8.3;0.0;0.0;0.0;5017.0


0.0;0.1;0.0;0.0;5017.0


0.0;0.3;0.0;0.0;5017.0


9.7;1179.8;51.6;0.0;5017.0


8.3;312.5;13.9;0.0;5017.0


8.4;0.0;0.0;0.0;5017.0


8.3;0.0;0.0;0.0;5017.0


8.3;0.0;0.0;0.0;5017.0


8.3;0.0;0.0;0.0;5017.0


8.3;0.0;0.0;0.0;5017.0


8.4;0.0;0.0;0.0;5017.0


8.3;0.0;0.0;0.0;5017.0


8.4;0.0;0.0;0.0;5017.0


8.4;0.0;0.0;0.0;5017.0


8.4;0.0;0.0;0.0;5017.0


8.4;0.0;0.0;0.0;5017.0


8.4;0.0;0.0;0.0;5017.0


8.4;0.0;0.0;0.0;5017.0


8.3;0.0;0.0;0.0;5017.0


8.3;0.0;0.0;0.0;5017.0


8.3;0.0;0.0;0.0;5017.0


8.3;0.0;0.0;0.0;5017.0


8.4;0.0;0.0;0.0;5017.0


8.3;0.0;0.0;0.0;5017.0


8.4;1.0;0.3;0.0;5017.0


8.3;0.0;0.0;0.0;5017.0


8.3;0.0;0.0;0.0;5017.0


8.4;0.0;0.0;0.0;5017.0


8.3;0.0;0.0;0.0;5017.0


8.4;0.0;0.0;0.0;5017.0


8.4;0.0;0.0;0.0;5017.0


8.4;0.0;0.0;0.0;5017.0


8.4;0.0;0.0;0.0;5017.0


8.3;0.0;0.0;0.0;5017.0


8.4;0.0;0.0;0.0;5017.0


8.3;0.0;0.0;44.0;5017.0


8.3;0.0;0.0;43.0;5017.0


8.3;0.0;0.0;43.0;5017.0


49.9;0.0;0.0;55.0;5017.0


8.4;0.0;0.0;54.0;5017.0


8.3;0.0;0.0;54.0;5017.0


8.3;0.0;0.0;54.0;5017.0


8.3;0.0;0.0;54.0;5017.0


8.3;0.0;0.0;53.0;5017.0


8.3;0.0;0.0;54.0;5017.0


8.3;0.0;0.0;53.0;5017.0


8.4;0.0;0.0;54.0;5017.0


8.3;0.0;0.0;54.0;5017.0


8.4;0.0;0.0;54.0;5017.0


8.4;0.0;0.0;54.0;5017.0


8.3;0.0;0.0;54.0;5017.0


0.0;10.6;0.8;0.0;5017.0


0.0;0.3;0.0;0.0;5017.0


9.6;512.3;22.3;0.0;5017.0


8.3;978.8;43.0;0.0;5017.0


8.3;1.0;0.3;0.0;5017.0


8.3;0.0;0.0;0.0;5017.0


8.3;0.0;0.0;0.0;5017.0


8.4;0.0;0.0;0.0;5017.0


8.3;0.0;0.0;0.0;5017.0


8.4;0.0;0.0;0.0;5017.0


8.3;0.0;0.0;0.0;5017.0


8.3;0.0;0.0;0.0;5017.0


8.4;0.0;0.0;0.0;5017.0


8.3;0.0;0.0;0.0;5017.0


8.4;0.0;0.0;0.0;5017.0


8.4;0.0;0.0;0.0;5017.0


8.4;0.0;0.0;0.0;5017.0


8.4;0.0;0.0;0.0;5017.0


8.3;0.0;0.0;0.0;5017.0


8.4;0.0;0.0;0.0;5017.0


8.3;0.0;0.0;0.0;5017.0


8.3;0.0;0.0;0.0;5017.0


8.3;0.0;0.0;0.0;5017.0


8.3;0.0;0.0;0.0;5017.0


0.0;0.1;0.0;0.0;5017.0


0.0;0.3;0.0;0.0;5017.0


9.6;892.3;39.0;0.0;5017.0


8.3;599.7;26.6;0.0;5017.0


8.3;0.0;0.0;0.0;5017.0


8.3;0.0;0.0;0.0;5017.0


8.3;0.0;0.0;0.0;5017.0


8.4;0.0;0.0;0.0;5017.0


8.3;0.0;0.0;0.0;5017.0


8.4;0.0;0.0;0.0;5017.0


8.4;0.0;0.0;0.0;5017.0


8.3;0.0;0.0;0.0;5017.0


8.4;0.0;0.0;0.0;5017.0


8.4;0.0;0.0;0.0;5017.0


8.4;0.0;0.0;0.0;5017.0


8.3;0.0;0.0;0.0;5017.0


8.3;0.0;0.0;0.0;5017.0


8.3;0.0;0.0;0.0;5017.0


8.3;0.0;0.0;0.0;5017.0


8.4;0.0;0.0;0.0;5017.0


8.3;0.0;0.0;0.0;5017.0


8.4;0.0;0.0;0.0;5017.0


8.4;0.0;0.0;0.0;5017.0


8.3;1.0;0.3;0.0;5017.0


8.4;0.0;0.0;0.0;5017.0


8.3;0.0;0.0;0.0;5017.0


8.4;0.0;0.0;0.0;5017.0


8.4;0.0;0.0;1.0;5017.0


8.4;0.0;0.0;0.0;5017.0


8.4;0.0;0.0;0.0;5017.0


8.3;0.0;0.0;0.0;5017.0


8.4;0.0;0.0;0.0;5017.0


8.3;0.0;0.0;0.0;5017.0


8.4;0.0;0.0;0.0;5017.0


8.3;0.0;0.0;42.0;5017.0


8.3;0.0;0.0;43.0;5017.0


8.4;0.0;0.0;42.0;5017.0


8.3;0.0;0.0;42.0;5017.0


