8.4;10.4;1.2;0.0;317.0


8.3;118.6;6.4;0.0;317.0


8.3;93.0;7.4;0.0;317.0


3.6;83.8;8.3;1.0;317.0


1.2;0.3;0.0;0.0;317.0


4.8;25.6;1.0;0.0;317.0


8.3;2.3;0.2;2.0;454.0


8.4;0.0;0.0;9.0;594.0


8.3;0.0;0.0;6.0;734.0


8.3;0.0;0.0;8.0;852.0


8.4;0.2;0.0;5.0;954.0


8.3;70.2;67.7;13.0;1106.0


8.4;46.1;194.0;19.0;1526.0


49.7;38.7;159.6;66.0;1724.0


0.0;0.1;0.0;0.0;1724.0


0.0;0.3;0.0;0.0;1724.0


0.0;15.1;0.2;0.0;1724.0


0.0;0.3;0.0;0.0;1724.0


8.3;15.8;0.7;39.0;1726.0


13.5;0.0;0.0;50.0;2452.0


8.3;0.0;0.0;48.0;2452.0


8.3;0.0;0.0;50.0;2452.0


8.4;0.0;0.0;50.0;2452.0


8.3;0.0;0.0;50.0;2452.0


8.3;0.0;0.0;49.0;2452.0


8.3;0.0;0.0;49.0;2452.0


8.3;0.0;0.0;50.0;2452.0


8.3;0.0;0.0;49.0;2452.0


8.3;0.0;0.0;38.0;2454.0


8.4;0.0;0.0;50.0;2454.0


8.3;0.0;0.0;49.0;2454.0


8.4;0.0;0.0;50.0;2454.0


0.0;4.1;0.3;19.0;2454.0


0.0;0.3;0.0;0.0;2454.0


0.0;14.2;0.2;0.0;2454.0


0.0;0.3;0.0;0.0;2454.0


8.4;17.3;0.7;22.0;2460.0


8.3;0.0;0.0;44.0;3184.0


8.3;0.0;0.0;48.0;3184.0


8.3;0.0;0.0;49.0;3184.0


8.3;0.0;0.0;49.0;3184.0


8.4;0.0;0.0;49.0;3184.0


8.3;0.0;0.0;49.0;3184.0


8.4;0.0;0.0;50.0;3184.0


8.3;0.0;0.0;50.0;3184.0


8.3;0.0;0.0;49.0;3184.0


8.4;0.0;0.0;50.0;3184.0


8.3;0.0;0.0;49.0;3184.0


8.4;0.0;0.0;50.0;3184.0


8.4;0.0;0.0;49.0;3184.0


0.0;4.2;0.3;1.0;3184.0


0.0;0.3;0.0;0.0;3184.0


0.0;13.9;0.2;0.0;3184.0


0.0;0.3;0.0;0.0;3184.0


8.3;15.4;0.7;0.0;3186.0


8.4;0.0;0.0;44.0;3926.0


15.2;0.0;0.0;49.0;3926.0


8.3;0.0;0.0;48.0;3926.0


8.4;0.0;0.0;49.0;3926.0


8.3;0.0;0.0;48.0;3926.0


8.3;0.0;0.0;49.0;3926.0


8.3;0.0;0.0;47.0;3926.0


8.4;0.0;0.0;49.0;3926.0


8.4;0.0;0.0;49.0;3926.0


8.4;0.0;0.0;48.0;3926.0


8.3;0.0;0.0;49.0;3926.0


8.4;0.0;0.0;48.0;3926.0


8.3;0.0;0.0;49.0;3926.0


0.0;4.3;0.3;9.0;3926.0


0.0;0.3;0.0;0.0;3926.0


0.0;13.0;0.2;0.0;3926.0


0.0;0.3;0.0;0.0;3926.0


8.3;16.1;0.7;23.0;3928.0


8.3;0.0;0.0;45.0;3928.0


8.3;0.0;0.0;49.0;3928.0


8.3;0.0;0.0;49.0;3928.0


8.3;0.0;0.0;48.0;3928.0


8.3;0.0;0.0;49.0;3928.0


8.4;0.0;0.0;49.0;3928.0


8.3;0.0;0.0;48.0;3928.0


8.3;0.0;0.0;48.0;3928.0


8.4;0.0;0.0;48.0;3928.0


8.3;0.0;0.0;49.0;3928.0


8.4;0.0;0.0;48.0;3928.0


8.4;0.0;0.0;49.0;3928.0


8.4;0.0;0.0;48.0;3928.0


0.0;4.0;0.3;4.0;3928.0


0.0;0.3;0.0;0.0;3928.0


0.0;13.7;0.2;0.0;3928.0


0.0;0.3;0.0;0.0;3928.0


8.3;16.4;0.7;1.0;3928.0


8.3;0.0;0.0;46.0;3928.0


8.4;0.0;0.0;48.0;3928.0


8.4;0.0;0.0;48.0;3928.0


8.3;0.0;0.0;48.0;3928.0


8.4;0.0;0.0;48.0;3928.0


8.3;0.0;0.0;48.0;3928.0


8.4;0.0;0.0;47.0;3928.0


8.4;0.0;0.0;48.0;3928.0


8.3;0.0;0.0;48.0;3928.0


8.4;0.0;0.0;48.0;3928.0


8.3;0.0;0.0;48.0;3928.0


8.4;0.0;0.0;48.0;3928.0


8.3;0.0;0.0;48.0;3928.0


8.4;0.0;0.0;27.0;3928.0


0.0;4.1;0.3;0.0;3928.0


0.0;0.3;0.0;0.0;3928.0


0.0;14.3;0.2;0.0;3928.0


0.0;0.3;0.0;0.0;3928.0


8.3;15.9;0.7;44.0;3928.0


49.7;0.0;0.0;43.0;3928.0


8.3;0.0;0.0;49.0;3928.0


8.3;0.0;0.0;48.0;3928.0


8.3;0.0;0.0;48.0;3928.0


8.4;0.0;0.0;48.0;3928.0


8.4;0.0;0.0;48.0;3928.0


8.3;0.0;0.0;49.0;3928.0


8.4;0.0;0.0;49.0;3928.0


8.3;0.0;0.0;49.0;3928.0


8.4;0.0;0.0;47.0;3928.0


8.3;0.0;0.0;48.0;3928.0


8.4;0.0;0.0;49.0;3928.0


8.3;0.0;0.0;49.0;3928.0


0.0;4.2;0.3;0.0;3928.0


0.0;0.3;0.0;0.0;3928.0


0.0;15.6;0.2;0.0;3928.0


0.0;0.3;0.0;0.0;3928.0


8.3;15.4;0.7;32.0;3928.0


32.2;0.0;0.0;43.0;3928.0


8.4;0.0;0.0;49.0;3928.0


8.3;0.0;0.0;48.0;3928.0


8.4;0.0;0.0;48.0;3928.0


8.3;0.0;0.0;48.0;3928.0


8.4;0.0;0.0;48.0;3928.0


8.4;0.0;0.0;49.0;3928.0


8.3;0.0;0.0;48.0;3928.0


8.4;0.0;0.0;49.0;3928.0


8.3;0.0;0.0;48.0;3928.0


8.4;0.0;0.0;48.0;3928.0


8.3;0.0;0.0;47.0;3928.0


8.4;0.0;0.0;49.0;3928.0


0.0;4.2;0.3;12.0;3928.0


0.0;0.3;0.0;0.0;3928.0


0.0;15.1;0.2;0.0;3928.0


0.0;0.3;0.0;0.0;3928.0


8.3;17.5;0.7;21.0;3928.0


8.4;0.0;0.0;44.0;3928.0


8.3;0.0;0.0;48.0;3928.0


8.4;0.0;0.0;48.0;3928.0


8.3;0.0;0.0;48.0;3928.0


8.4;0.0;0.0;48.0;3928.0


8.4;0.0;0.0;47.0;3928.0


8.3;0.0;0.0;49.0;3928.0


8.4;0.0;0.0;48.0;3928.0


8.3;0.0;0.0;48.0;3928.0


7.2;0.0;0.0;48.0;3928.0


8.3;0.0;0.0;48.0;3928.0


8.3;0.0;0.0;48.0;3928.0


8.3;0.0;0.0;48.0;3928.0


0.0;3.9;0.3;9.0;3928.0


0.0;0.3;0.0;0.0;3928.0


0.0;13.0;0.2;0.0;3928.0


0.0;0.3;0.0;0.0;3928.0


8.3;15.8;0.7;0.0;3928.0


8.4;0.0;0.0;46.0;3928.0


8.3;0.0;0.0;49.0;3928.0


8.3;0.0;0.0;47.0;3928.0


8.4;0.0;0.0;48.0;3928.0


8.3;0.0;0.0;48.0;3928.0


8.4;0.0;0.0;48.0;3928.0


8.4;0.0;0.0;48.0;3928.0


8.3;0.0;0.0;48.0;3928.0


8.4;0.0;0.0;48.0;3928.0


8.3;0.0;0.0;47.0;3928.0


8.4;0.0;0.0;48.0;3928.0


8.3;0.0;0.0;48.0;3928.0


8.4;0.0;0.0;48.0;3928.0


3.6;3.9;0.3;4.0;3928.0


0.0;0.3;0.0;0.0;3928.0


1.2;14.6;0.2;0.0;3928.0


0.0;0.3;0.0;0.0;3928.0


5.5;15.4;0.4;0.0;3928.0


8.4;1.0;0.3;45.0;3928.0


39.6;0.0;0.0;41.0;3928.0


8.4;0.0;0.0;49.0;3928.0


8.3;0.0;0.0;48.0;3928.0


8.4;0.0;0.0;48.0;3928.0


8.3;0.0;0.0;48.0;3928.0


8.4;0.0;0.0;48.0;3928.0


8.4;0.0;0.0;49.0;3928.0


8.3;0.0;0.0;48.0;3928.0


8.4;0.0;0.0;49.0;3928.0


8.3;0.0;0.0;49.0;3928.0


8.3;0.0;0.0;49.0;3928.0


8.3;0.0;0.0;48.0;3928.0


8.3;0.0;0.0;48.0;3928.0


0.0;4.1;0.3;1.0;3928.0


0.0;0.3;0.0;0.0;3928.0


0.0;14.1;0.2;0.0;3928.0


0.0;0.3;0.0;0.0;3928.0


8.3;16.7;0.7;44.0;3928.0


50.2;0.0;0.0;46.0;4696.0


8.3;0.0;0.0;48.0;4696.0


8.4;0.0;0.0;48.0;4696.0


8.3;0.0;0.0;48.0;4696.0


8.4;0.0;0.0;48.0;4696.0


8.4;0.0;0.0;49.0;4696.0


8.3;0.0;0.0;48.0;4696.0


8.4;0.0;0.0;49.0;4696.0


8.3;0.0;0.0;49.0;4696.0


8.3;0.0;0.0;48.0;4696.0


8.3;0.0;0.0;49.0;4696.0


8.4;0.0;0.0;49.0;4696.0


8.4;0.0;0.0;49.0;4696.0


0.0;4.4;0.3;0.0;4696.0


0.0;0.3;0.0;0.0;4696.0


0.0;14.1;0.2;0.0;4696.0


0.0;0.3;0.0;0.0;4696.0


7.2;17.2;0.7;11.0;4700.0


8.3;0.0;0.0;46.0;4700.0


8.4;0.0;0.0;47.0;4700.0


8.3;0.0;0.0;48.0;4700.0


8.4;0.0;0.0;47.0;4700.0


8.4;0.0;0.0;48.0;4700.0


8.4;0.0;0.0;48.0;4700.0


8.4;0.0;0.0;48.0;4700.0


8.3;0.0;0.0;49.0;4700.0


8.4;0.0;0.0;48.0;4700.0


8.3;0.0;0.0;50.0;4700.0


8.3;0.0;0.0;49.0;4700.0


8.3;0.0;0.0;50.0;4700.0


8.3;0.0;0.0;49.0;4700.0


2.1;4.1;0.3;29.0;4700.0


0.0;0.3;0.0;0.0;4700.0


0.0;14.7;0.2;0.0;4700.0


0.0;0.3;0.0;0.0;4700.0


5.2;14.2;0.4;0.0;4700.0


8.4;1.0;0.3;44.0;4700.0


42.9;0.0;0.0;47.0;4700.0


8.4;0.0;0.0;49.0;4700.0


8.3;0.0;0.0;49.0;4700.0


8.3;0.0;0.0;49.0;4700.0


8.4;0.0;0.0;49.0;4700.0


8.3;0.0;0.0;49.0;4700.0


8.3;0.0;0.0;49.0;4700.0


8.3;0.0;0.0;50.0;4700.0


8.3;0.0;0.0;49.0;4700.0


8.3;0.0;0.0;49.0;4700.0


8.4;0.0;0.0;49.0;4700.0


8.4;0.0;0.0;49.0;4700.0


2.8;4.0;0.3;12.0;4700.0


0.0;0.3;0.0;0.0;4700.0


1.2;15.4;0.2;0.0;4700.0


0.0;0.3;0.0;0.0;4700.0


4.8;14.7;0.4;0.0;4700.0


8.3;1.0;0.3;44.0;4700.0


44.2;0.0;0.0;40.0;4700.0


8.4;0.0;0.0;49.0;4700.0


8.4;0.0;0.0;49.0;4700.0


8.4;0.0;0.0;49.0;4700.0


8.4;0.0;0.0;49.0;4700.0


8.4;0.0;0.0;48.0;4700.0


8.3;0.0;0.0;50.0;4700.0


8.3;0.0;0.0;48.0;4700.0


8.3;0.0;0.0;50.0;4700.0


8.3;0.0;0.0;49.0;4700.0


8.4;0.0;0.0;49.0;4700.0


8.3;0.0;0.0;49.0;4700.0


8.4;0.0;0.0;23.0;4700.0


0.0;4.1;0.3;0.0;4700.0


0.0;0.3;0.0;0.0;4700.0


0.0;14.7;0.2;0.0;4700.0


0.0;0.3;0.0;0.0;4700.0


8.4;15.3;0.7;40.0;4700.0


49.7;0.0;0.0;41.0;4700.0


8.4;0.0;0.0;49.0;4700.0


8.3;0.0;0.0;48.0;4700.0


8.3;0.0;0.0;48.0;4700.0


8.4;0.0;0.0;49.0;4700.0


8.3;0.0;0.0;49.0;4700.0


8.3;0.0;0.0;49.0;4700.0


8.3;0.0;0.0;49.0;4700.0


8.4;0.0;0.0;48.0;4700.0


8.3;0.0;0.0;49.0;4700.0


8.3;0.0;0.0;49.0;4700.0


8.4;0.0;0.0;49.0;4700.0


8.3;0.0;0.0;49.0;4700.0


0.0;4.3;0.3;0.0;4700.0


0.0;0.3;0.0;0.0;4700.0


0.0;14.3;0.2;0.0;4700.0


0.0;0.3;0.0;0.0;4700.0


8.3;15.2;0.7;33.0;4700.0


38.2;0.0;0.0;43.0;4700.0


8.3;0.0;0.0;44.0;4700.0


8.4;0.0;0.0;48.0;4700.0


8.4;0.0;0.0;49.0;4700.0


8.4;0.0;0.0;49.0;4700.0


8.4;0.0;0.0;49.0;4700.0


8.3;0.0;0.0;49.0;4700.0


8.3;0.0;0.0;49.0;4700.0


