0.0;10489856;0
0.0;10489856;0
0.0;10489856;0
0.0;10489856;0
0.0;10489856;0
42.6;14651392;0
100.3;14680064;0
133.0;19079168;0
199.5;19124224;0
215.0;23187456;0
182.8;19275776;0
99.7;27328512;0
100.3;27353088;0
114.7;27463680;0
99.7;27463680;0
168.0;31440896;0
198.9;31539200;0
172.0;27480064;0
99.7;27541504;0
100.8;27525120;0
116.4;27762688;0
100.3;27750400;0
216.1;31834112;0
199.5;31846400;0
198.9;31879168;0
200.7;31903744;0
133.0;27893760;0
0.0;27893760;0
0.0;20754432;0
116.4;28016640;0
133.0;32014336;0
199.5;32071680;0
200.7;32079872;0
133.0;28073984;0
49.9;28073984;0
67.2;28098560;0
99.4;28106752;0
172.0;32227328;0
199.5;32227328;0
201.6;32227328;0
198.9;32227328;0
184.8;28217344;0
49.9;28217344;0
0.0;24195072;0
133.0;28336128;0
99.7;28319744;0
215.0;32358400;0
199.5;32362496;0
117.6;28356608;0
99.4;28356608;0
71.7;21848064;0
113.6;28495872;0
143.3;32526336;0
199.5;32538624;0
199.5;32538624;0
200.7;32673792;0
199.5;32677888;0
66.5;28667904;0
0.0;28667904;0
100.8;28794880;0
99.4;28778496;0
186.4;32731136;0
199.5;32882688;0
199.5;32894976;0
184.7;28897280;0
14.3;28897280;0
0.0;24870912;0
113.6;32366592;0
100.8;32780288;0
301.0;69230592;0
199.5;103145472;0
199.5;129097728;0
299.2;154877952;0
301.0;179949568;0
282.6;199311360;0
200.7;213995520;149
143.3;209969152;778
116.4;215212032;505
99.7;215195648;0
149.6;219230208;0
200.7;219230208;0
199.5;219226112;0
201.6;219226112;0
199.5;219226112;0
57.3;215216128;0
0.0;215216128;0
114.7;215261184;0
114.7;215322624;91
249.3;219312128;419
201.6;219312128;0
133.0;215302144;0
100.3;215302144;0
142.0;219308032;0
200.7;219308032;0
99.7;215298048;0
99.7;215298048;0
168.0;219308032;0
184.7;215298048;0
100.3;215298048;0
99.4;215285760;0
168.0;215298048;0
99.7;215298048;0
99.7;215281664;0
201.6;219303936;0
199.5;219303936;0
200.7;219303936;0
142.0;215293952;0
57.3;215293952;0
0.0;208957440;0
99.4;215293952;0
114.7;219303936;0
200.7;219303936;0
170.5;215293952;0
100.3;215293952;0
99.4;215281664;0
100.8;215293952;0
99.7;215281664;0
216.1;219303936;0
201.6;219303936;0
99.7;215293952;0
83.1;215293952;0
66.5;209117184;0
99.7;215298048;0
129.0;219312128;0
198.9;219312128;0
200.7;219312128;0
157.7;215302144;0
85.2;215302144;0
66.5;215830528;0
99.7;215830528;0
184.8;219975680;0
199.5;219975680;0
199.5;219975680;0
201.6;219975680;0
182.8;215965696;0
83.1;215965696;0
33.2;209547264;0
99.7;215965696;0
168.0;223326208;0
199.5;223326208;0
199.5;223326208;0
134.4;219316224;0
49.9;219316224;0
157.7;240762880;0
198.9;275718144;0
258.0;305094656;0
301.0;325275648;0
298.3;339357696;0
301.0;356184064;0
301.0;375586816;0
298.3;393637888;0
129.0;404553728;0
113.6;212275200;0
99.7;218394624;0
151.2;222674944;0
198.9;222679040;0
157.7;218669056;0
100.3;218669056;0
184.7;223420416;0
200.7;223424512;0
198.9;223424512;0
129.0;219414528;0
71.7;219414528;0
0.0;215392256;0
116.4;216686592;0
184.8;223674368;0
149.6;219664384;0
99.7;219664384;0
99.7;219721728;0
99.7;219721728;0
151.2;223793152;0
199.5;223793152;0
199.5;223793152;0
201.6;223793152;0
199.5;219783168;0
33.2;219783168;0
28.7;213364736;0
100.3;219795456;0
156.2;223821824;0
200.7;223821824;0
200.7;223821824;0
198.9;223821824;0
143.3;219811840;0
14.3;219811840;0
0.0;215785472;0
113.6;219918336;0
143.3;223977472;0
149.6;219967488;0
100.3;219967488;0
116.4;220033024;0
99.7;220033024;0
67.2;216006656;0
100.3;220069888;0
99.4;220053504;0
199.5;224083968;0
199.5;224083968;0
201.6;224083968;0
116.4;220073984;0
99.7;220073984;0
117.6;220184576;0
99.7;220184576;0
99.7;220168192;0
149.6;224223232;0
166.2;220213248;0
16.8;220213248;0
0.0;216190976;0
99.7;220258304;0
99.7;220246016;0
218.4;227868672;0
199.5;227872768;0
116.4;223862784;0
99.7;223862784;0
229.4;255750144;0
199.5;288481280;0
326.7;318308352;0
301.0;338022400;0
299.2;364531712;0
229.4;389296128;0
186.4;404267008;0
156.2;217108480;0
100.3;217092096;0
172.0;222040064;0
199.5;222044160;0
199.5;222044160;0
198.9;222109696;0
199.5;218099712;0
71.7;218099712;0
14.2;211173376;0
99.7;218378240;0
157.7;222416896;0
199.5;222416896;0
198.9;222416896;0
99.7;218406912;0
99.7;218394624;0
100.8;218542080;0
100.3;218542080;0
198.9;222560256;0
129.0;218550272;0
100.3;218550272;0
133.0;218611712;0
100.3;218611712;0
99.7;218595328;0
166.2;218611712;0
100.8;218611712;0
99.7;218595328;0
182.8;222638080;0
201.6;222638080;0
166.2;218628096;0
99.7;218628096;0
99.7;218775552;0
199.5;218656768;0
100.3;218656768;0
143.3;222703616;0
156.2;218693632;0
99.7;218693632;0
168.0;222748672;0
199.5;222748672;0
199.5;222748672;0
182.8;218738688;0
99.7;218738688;0
16.8;218734592;0
100.8;218791936;0
149.6;222806016;0
199.5;222806016;0
151.2;218796032;0
99.7;218796032;0
83.1;214769664;0
99.7;218800128;0
99.7;218783744;0
201.6;222822400;0
199.5;222822400;0
170.5;218812416;0
28.7;218783744;0
67.2;218816512;0
100.3;218816512;0
170.5;226189312;0
129.0;222179328;0
99.4;222179328;0
315.8;254488576;0
302.4;284635136;0
301.0;311713792;0
198.9;331493376;0
241.5;362176512;0
301.0;386584576;0
235.2;405196800;0
199.5;262303744;0
99.7;218103808;0
86.0;219332608;0
99.4;219332608;0
216.1;222830592;0
201.6;222830592;0
199.5;222834688;0
149.6;218824704;0
100.8;218824704;0
116.4;218873856;0
99.4;218873856;0
100.3;218861568;0
182.8;223027200;0
200.7;223027200;0
100.8;219017216;0
