0.0;10526720;0
0.0;10526720;0
0.0;10526720;0
0.0;10526720;0
33.2;18616320;0
99.4;14790656;0
134.4;19091456;0
184.7;15159296;0
114.7;19206144;0
99.7;19197952;0
151.2;23306240;0
198.9;23306240;0
134.4;27484160;0
99.7;27484160;0
172.0;31543296;0
199.5;31543296;0
184.8;27533312;0
0.0;27533312;0
0.0;23506944;0
86.0;27676672;0
99.7;27660288;0
182.8;31690752;0
199.5;31711232;0
200.7;31907840;0
170.5;27901952;0
50.4;27901952;0
0.0;23875584;0
116.4;27951104;0
99.7;23953408;0
215.0;31932416;0
200.7;32034816;0
33.2;28024832;0
0.0;24002560;0
66.5;28057600;0
99.7;28045312;0
156.2;32116736;0
201.6;32116736;0
199.5;32251904;0
199.5;32251904;0
133.0;28241920;0
99.7;28241920;0
114.7;28286976;0
100.3;28286976;0
216.1;32403456;0
117.6;28446720;0
99.7;28446720;0
100.3;28459008;0
182.8;28594176;0
100.8;28594176;0
99.7;25165824;0
182.8;28725248;0
100.3;28725248;0
113.6;32813056;0
199.5;32735232;0
199.5;32870400;0
200.7;32874496;0
49.9;28864512;0
0.0;24842240;0
86.0;28995584;0
99.7;29044736;0
133.0;32428032;0
66.5;32428032;0
0.0;28405760;0
184.7;59785216;0
243.7;93507584;0
299.2;114769920;0
299.2;133939200;0
298.3;151457792;0
301.0;171241472;0
232.7;191770624;0
166.2;219217920;0
100.8;210731008;707
198.9;216059904;716
100.3;216010752;9
184.7;216035328;0
100.8;216035328;0
116.4;215212032;0
199.5;220045312;0
117.6;216035328;0
99.4;216039424;0
243.7;220094464;510
184.7;216084480;0
100.3;216084480;0
99.7;216072192;0
149.6;216088576;0
100.8;216088576;0
99.7;216076288;0
186.4;220098560;0
198.9;220098560;0
201.6;216088576;0
99.7;216088576;0
99.7;216072192;0
184.8;216092672;0
99.4;216092672;0
114.7;216096768;0
99.4;216096768;0
100.8;216080384;0
83.1;216096768;0
99.7;216096768;0
168.0;220143616;0
198.9;220143616;0
157.7;216133632;0
56.8;216133632;0
0.0;212107264;0
100.3;216129536;0
99.7;216113152;0
201.6;220135424;0
199.5;220135424;0
199.5;220135424;0
198.9;220135424;0
71.7;216125440;0
0.0;216125440;0
66.5;211779584;0
99.7;216125440;0
157.7;220139520;0
198.9;220139520;0
200.7;220139520;0
199.5;220139520;0
84.0;216129536;0
0.0;216129536;0
0.0;212107264;0
116.4;216137728;0
134.4;215109632;0
199.5;220143616;0
99.7;216133632;0
99.4;216154112;0
143.3;216170496;0
100.3;216170496;0
85.2;212148224;0
67.2;219525120;0
99.7;219508736;0
266.0;246173696;0
299.2;277426176;0
299.2;303816704;0
301.0;328765440;0
241.5;347017216;0
200.7;375422976;0
172.0;399409152;0
227.3;406396928;0
143.3;216330240;0
198.9;223244288;0
200.7;223244288;0
114.7;219234304;0
99.4;219234304;0
67.2;219365376;0
99.7;219365376;0
166.2;223035392;0
199.5;223035392;0
199.5;223035392;0
200.7;223035392;0
99.4;219025408;0
86.0;215003136;0
99.7;219107328;0
99.7;219090944;0
143.3;219209728;0
99.7;219209728;0
134.4;223354880;0
199.5;223354880;0
199.5;223354880;0
100.8;219344896;0
99.7;219328512;0
133.0;219090944;0
99.7;219090944;0
99.7;219074560;0
201.6;223117312;0
199.5;223145984;0
199.5;223145984;0
117.6;219136000;0
99.7;219136000;0
66.5;219140096;0
99.4;219140096;0
143.3;223178752;0
200.7;223178752;0
198.9;223178752;0
200.7;223178752;0
129.0;219168768;0
99.7;219168768;0
116.4;219213824;0
99.7;219213824;0
201.6;223277056;0
129.0;219267072;0
83.1;219267072;0
0.0;214269952;0
99.7;219262976;0
133.0;223272960;0
149.6;219262976;0
99.7;219262976;0
184.8;223379456;0
200.7;223379456;0
142.0;223379456;0
99.7;219369472;0
16.8;215347200;0
114.7;219398144;0
127.8;218378240;0
200.7;223440896;0
198.9;223440896;0
200.7;223440896;0
129.0;219430912;0
99.7;219430912;0
99.7;222797824;0
100.8;222797824;0
315.8;246300672;0
299.2;268836864;0
216.1;289001472;0
156.2;316125184;0
100.3;339591168;0
243.7;368398336;0
268.8;383778816;0
299.2;403341312;0
249.3;404762624;0
129.0;217874432;0
200.7;222941184;0
198.9;222998528;0
129.0;218988544;0
99.7;219045888;0
49.9;212971520;0
100.8;219119616;0
149.6;223313920;0
149.6;219303936;0
100.8;219303936;0
49.9;219344896;0
99.7;219344896;0
182.8;223490048;0
199.5;223490048;0
200.7;223490048;0
199.5;223490048;0
113.6;219480064;0
100.3;219463680;0
43.0;218624000;0
99.7;219529216;0
166.2;223629312;0
199.5;223629312;0
166.2;219619328;0
50.4;219619328;0
0.0;215592960;0
116.4;219631616;0
99.7;215625728;0
201.6;223670272;0
133.0;219660288;0
0.0;219660288;0
83.1;219697152;0
99.4;219680768;0
172.0;223752192;0
200.7;223752192;0
133.0;219742208;0
99.7;219742208;0
50.4;215719936;0
100.8;219795456;0
166.2;223805440;0
199.5;223805440;0
149.6;219795456;0
49.9;219795456;0
84.0;219807744;0
100.3;219807744;0
198.9;219828224;0
100.3;219828224;0
100.3;222900224;0
199.5;223862784;0
199.5;223862784;0
182.8;219852800;0
33.2;219852800;0
0.0;215830528;0
100.3;223219712;0
100.3;223207424;0
332.4;250494976;0
299.2;275357696;0
285.6;295768064;0
232.7;313958400;0
99.4;337002496;0
143.3;368488448;0
199.5;396156928;0
249.3;409317376;0
184.8;221974528;0
200.7;221978624;0
198.9;221982720;0
166.2;217972736;0
84.0;217972736;0
16.6;212934656;0
99.7;219111424;0
166.2;223182848;0
200.7;223182848;0
198.9;223244288;0
200.7;223244288;0
143.3;219234304;0
49.9;219234304;0
28.4;213278720;0
99.4;219348992;0
157.7;223510528;0
134.4;219500544;0
99.7;219500544;0
198.9;223555584;0
200.7;223555584;0
198.9;223555584;0
28.7;219545600;0
0.0;215519232;0
84.0;219594752;0
99.7;219578368;0
184.7;223739904;0
200.7;223739904;0
201.6;219729920;0
