8.4;2.8;0.2;0.0;474.0


6.9;128.6;7.6;0.0;474.0


8.3;93.4;7.4;0.0;474.0


3.6;84.0;8.3;1.0;474.0


1.2;0.3;0.0;0.0;474.0


4.8;26.6;1.0;0.0;474.0


8.3;2.3;0.2;5.0;616.0


8.4;0.0;0.0;6.0;754.0


8.3;0.0;0.0;7.0;884.0


8.3;0.0;0.0;5.0;1012.0


8.4;0.2;0.0;5.0;1118.0


8.3;70.2;67.7;5.0;1264.0


8.4;46.0;178.0;18.0;1684.0


50.0;38.8;175.6;71.0;1928.0


0.0;0.1;0.0;0.0;1928.0


0.0;0.3;0.0;0.0;1928.0


0.0;13.1;0.2;0.0;1928.0


0.0;0.3;0.0;0.0;1928.0


8.3;15.9;0.7;51.0;2230.0


8.4;0.0;0.0;41.0;2986.0


8.3;0.0;0.0;55.0;3742.0


8.3;0.0;0.0;38.0;4470.0


8.4;0.0;0.0;44.0;5224.0


8.3;0.0;0.0;45.0;5976.0


28.7;0.0;0.0;34.0;6594.0


8.3;0.0;0.0;8.0;6978.0


50.0;0.0;0.0;30.0;7194.0


8.3;0.0;0.0;54.0;7194.0


8.3;0.0;0.0;54.0;7194.0


8.4;0.0;0.0;54.0;7194.0


8.4;0.0;0.0;54.0;7194.0


8.3;0.0;0.0;54.0;7194.0


8.4;0.0;0.0;54.0;7194.0


8.3;0.0;0.0;54.0;7194.0


8.4;0.0;0.0;54.0;7194.0


8.3;0.0;0.0;55.0;7194.0


8.4;0.0;0.0;54.0;7194.0


8.3;0.0;0.0;55.0;7194.0


8.3;0.0;0.0;54.0;7194.0


0.0;10.6;0.8;0.0;7194.0


0.0;0.3;0.0;0.0;7194.0


0.0;14.2;0.2;0.0;7194.0


0.0;0.3;0.0;0.0;7194.0


8.4;16.1;0.7;27.0;7196.0


8.4;0.0;0.0;57.0;7196.0


8.3;0.0;0.0;56.0;7196.0


8.4;0.0;0.0;57.0;7198.0


49.7;0.0;0.0;34.0;7198.0


8.4;0.0;0.0;53.0;7198.0


8.4;0.0;0.0;55.0;7198.0


8.3;0.0;0.0;54.0;7198.0


8.4;0.0;0.0;54.0;7198.0


8.3;0.0;0.0;55.0;7198.0


8.4;0.0;0.0;55.0;7198.0


8.3;0.0;0.0;55.0;7198.0


8.4;0.0;0.0;55.0;7198.0


8.3;0.0;0.0;55.0;7198.0


8.3;0.0;0.0;55.0;7198.0


8.4;0.0;0.0;54.0;7198.0


8.3;0.0;0.0;54.0;7198.0


0.0;10.6;0.8;1.0;7198.0


0.0;0.3;0.0;0.0;7198.0


0.0;15.5;0.2;0.0;7198.0


0.0;0.3;0.0;0.0;7198.0


8.3;15.9;0.7;41.0;7198.0


8.4;0.0;0.0;56.0;7198.0


8.4;0.0;0.0;56.0;7198.0


8.3;0.0;0.0;56.0;7198.0


50.2;0.0;0.0;54.0;7414.0


8.3;0.0;0.0;55.0;7414.0


8.4;0.0;0.0;55.0;7414.0


8.3;0.0;0.0;55.0;7414.0


8.3;0.0;0.0;55.0;7414.0


8.3;0.0;0.0;55.0;7414.0


8.3;0.0;0.0;54.0;7414.0


8.3;0.0;0.0;55.0;7414.0


8.3;0.0;0.0;55.0;7414.0


8.3;0.0;0.0;54.0;7414.0


8.3;0.0;0.0;55.0;7414.0


8.4;0.0;0.0;49.0;7414.0


8.4;0.0;0.0;55.0;7414.0


8.3;0.0;0.0;34.0;7414.0


0.0;10.6;0.8;0.0;7414.0


0.0;0.3;0.0;1.0;7414.0


0.0;13.9;0.2;0.0;7414.0


0.0;0.3;0.0;1.0;7414.0


8.3;16.1;0.7;54.0;7414.0


8.4;0.0;0.0;56.0;7414.0


8.3;0.0;0.0;56.0;7414.0


8.4;0.0;0.0;59.0;7414.0


50.2;0.0;0.0;54.0;7414.0


8.3;0.0;0.0;54.0;7414.0


8.4;0.0;0.0;55.0;7414.0


8.4;0.0;0.0;54.0;7414.0


8.3;0.0;0.0;54.0;7414.0


8.4;0.0;0.0;55.0;7414.0


8.3;0.0;0.0;54.0;7414.0


8.4;0.0;0.0;55.0;7414.0


8.4;0.0;0.0;54.0;7414.0


8.3;0.0;0.0;55.0;7414.0


8.4;0.0;0.0;55.0;7414.0


8.3;0.0;0.0;55.0;7414.0


8.4;0.0;0.0;42.0;7414.0


0.0;10.6;0.8;0.0;7414.0


0.0;0.3;0.0;0.0;7414.0


0.0;14.3;0.2;0.0;7414.0


0.0;0.3;0.0;0.0;7414.0


8.4;15.9;0.7;44.0;7414.0


8.3;0.0;0.0;56.0;7414.0


8.3;0.0;0.0;47.0;7414.0


8.4;0.0;0.0;58.0;7414.0


50.0;0.0;0.0;41.0;7414.0


8.4;0.0;0.0;54.0;7414.0


8.3;0.0;0.0;53.0;7414.0


8.4;0.0;0.0;54.0;7414.0


8.4;0.0;0.0;54.0;7414.0


8.3;0.0;0.0;54.0;7414.0


8.4;0.0;0.0;55.0;7414.0


8.3;0.0;0.0;54.0;7414.0


8.4;0.0;0.0;55.0;7414.0


8.4;0.0;0.0;55.0;7414.0


8.4;0.0;0.0;54.0;7414.0


8.3;0.0;0.0;55.0;7414.0


8.3;0.0;0.0;55.0;7414.0


0.0;10.6;0.8;0.0;7414.0


0.0;0.3;0.0;0.0;7414.0


0.0;15.0;0.2;0.0;7414.0


0.0;0.3;0.0;0.0;7414.0


7.2;15.7;0.7;41.0;7414.0


8.4;0.0;0.0;56.0;7414.0


8.3;0.0;0.0;55.0;7414.0


8.4;0.0;0.0;56.0;7414.0


49.7;0.0;0.0;40.0;7414.0


8.4;0.0;0.0;55.0;7414.0


8.4;0.0;0.0;55.0;7414.0


8.3;0.0;0.0;54.0;7414.0


8.4;0.0;0.0;55.0;7414.0


8.3;0.0;0.0;54.0;7414.0


8.3;0.0;0.0;54.0;7414.0


8.3;0.0;0.0;55.0;7414.0


8.4;0.0;0.0;55.0;7414.0


8.3;0.0;0.0;55.0;7414.0


8.3;0.0;0.0;55.0;7414.0


8.4;0.0;0.0;40.0;7414.0


8.3;0.0;0.0;55.0;7414.0


0.0;10.6;0.8;1.0;7414.0


0.0;0.3;0.0;0.0;7414.0


0.0;13.4;0.2;0.0;7414.0


0.0;0.3;0.0;0.0;7414.0


8.3;17.5;0.7;42.0;7414.0


8.4;0.0;0.0;56.0;7414.0


8.4;0.0;0.0;56.0;7414.0


8.4;0.0;0.0;56.0;7414.0


50.2;0.0;0.0;33.0;7414.0


8.4;0.0;0.0;55.0;7414.0


8.4;0.0;0.0;54.0;7414.0


8.3;0.0;0.0;55.0;7414.0


8.3;0.0;0.0;54.0;7414.0


8.3;0.0;0.0;54.0;7414.0


8.3;0.0;0.0;55.0;7414.0


8.3;0.0;0.0;55.0;7414.0


8.3;0.0;0.0;55.0;7414.0


8.3;0.0;0.0;55.0;7414.0


8.3;0.0;0.0;55.0;7414.0


8.4;0.0;0.0;56.0;7414.0


8.4;0.0;0.0;54.0;7414.0


0.0;10.6;0.8;0.0;7414.0


0.0;0.3;0.0;0.0;7414.0


0.0;14.4;0.2;1.0;7414.0


0.0;0.3;0.0;0.0;7414.0


8.4;16.5;0.7;41.0;7414.0


8.3;0.0;0.0;57.0;7414.0


8.4;0.0;0.0;56.0;7414.0


8.3;0.0;0.0;56.0;7414.0


50.0;0.0;0.0;43.0;7414.0


8.3;0.0;0.0;55.0;7414.0


8.4;0.0;0.0;53.0;7414.0


8.4;0.0;0.0;54.0;7414.0


8.3;0.0;0.0;55.0;7414.0


8.3;0.0;0.0;55.0;7414.0


8.3;0.0;0.0;55.0;7414.0


8.3;0.0;0.0;55.0;7414.0


8.4;0.0;0.0;54.0;7414.0


8.3;0.0;0.0;55.0;7414.0


8.4;0.0;0.0;55.0;7414.0


8.3;0.0;0.0;54.0;7414.0


8.3;0.0;0.0;55.0;7414.0


0.0;10.6;0.8;1.0;7414.0


0.0;0.3;0.0;0.0;7414.0


0.0;14.2;0.2;0.0;7414.0


0.0;0.3;0.0;0.0;7414.0


8.4;16.0;0.7;41.0;7414.0


8.3;0.0;0.0;56.0;7414.0


8.3;0.0;0.0;56.0;7414.0


8.3;0.0;0.0;56.0;7414.0


49.7;0.0;0.0;44.0;7414.0


8.3;0.0;0.0;55.0;7414.0


8.3;0.0;0.0;55.0;7414.0


8.3;0.0;0.0;55.0;7414.0


8.4;0.0;0.0;54.0;7414.0


8.3;0.0;0.0;54.0;7414.0


8.4;0.0;0.0;54.0;7414.0


8.3;0.0;0.0;54.0;7414.0


8.4;0.0;0.0;54.0;7414.0


8.3;0.0;0.0;54.0;7414.0


8.3;0.0;0.0;54.0;7414.0


8.4;0.0;0.0;54.0;7414.0


8.3;0.0;0.0;54.0;7414.0


1.2;10.6;0.8;0.0;7414.0


0.0;0.3;0.0;0.0;7414.0


0.0;14.1;0.2;0.0;7414.0


0.0;0.3;0.0;0.0;7414.0


4.8;16.9;0.7;0.0;7414.0


8.3;0.0;0.0;44.0;7414.0


8.3;0.0;0.0;56.0;7414.0


8.3;0.0;0.0;56.0;7414.0


8.3;0.0;0.0;55.0;7414.0


37.5;0.0;0.0;52.0;7414.0


8.3;0.0;0.0;53.0;7414.0


8.3;0.0;0.0;54.0;7414.0


8.4;0.0;0.0;55.0;7414.0


8.4;0.0;0.0;54.0;7414.0


8.4;0.0;0.0;54.0;7414.0


8.4;0.0;0.0;54.0;7414.0


8.4;0.0;0.0;54.0;7414.0


8.4;0.0;0.0;55.0;7414.0


8.3;0.0;0.0;54.0;7414.0


8.4;0.0;0.0;55.0;7414.0


8.3;0.0;0.0;54.0;7414.0


8.4;0.0;0.0;54.0;7414.0


0.0;10.6;0.8;1.0;7414.0


0.0;0.3;0.0;0.0;7414.0


0.0;14.7;0.2;0.0;7414.0


0.0;0.3;0.0;0.0;7414.0


8.3;16.6;0.7;39.0;7414.0


8.4;0.0;0.0;56.0;7414.0


8.3;0.0;0.0;55.0;7414.0


8.4;0.0;0.0;58.0;7414.0


49.7;0.0;0.0;39.0;7414.0


8.4;0.0;0.0;54.0;7414.0


8.3;0.0;0.0;54.0;7414.0


8.3;0.0;0.0;54.0;7414.0


8.4;0.0;0.0;54.0;7414.0


8.3;0.0;0.0;54.0;7414.0


8.3;0.0;0.0;54.0;7414.0


8.3;0.0;0.0;54.0;7414.0


8.3;0.0;0.0;54.0;7414.0


8.3;0.0;0.0;54.0;7414.0


8.4;0.0;0.0;54.0;7414.0


8.4;0.0;0.0;54.0;7414.0


8.3;0.0;0.0;54.0;7414.0


0.0;10.6;0.8;0.0;7414.0


0.0;0.3;0.0;0.0;7414.0


0.0;13.9;0.2;0.0;7414.0


0.0;0.3;0.0;0.0;7414.0


8.3;16.8;0.7;42.0;7414.0


8.4;0.0;0.0;56.0;7414.0


8.4;0.0;0.0;56.0;7414.0


8.4;0.0;0.0;56.0;7414.0


50.2;0.0;0.0;39.0;7414.0


8.4;0.0;0.0;54.0;7414.0


8.4;0.0;0.0;54.0;7414.0


8.3;0.0;0.0;54.0;7414.0


8.3;0.0;0.0;54.0;7414.0


8.3;0.0;0.0;54.0;7414.0


8.3;0.0;0.0;54.0;7414.0


8.4;0.0;0.0;54.0;7414.0


8.3;0.0;0.0;54.0;7414.0


8.4;0.0;0.0;52.0;7414.0


8.3;0.0;0.0;54.0;7414.0


8.3;0.0;0.0;55.0;7414.0


8.4;0.0;0.0;55.0;7414.0


0.0;10.6;0.8;3.0;7414.0


0.0;0.3;0.0;0.0;7414.0


0.0;14.0;0.2;0.0;7414.0


0.0;0.3;0.0;0.0;7414.0


8.3;16.8;0.7;36.0;7414.0


8.4;0.0;0.0;56.0;7414.0


8.4;0.0;0.0;56.0;7414.0


8.3;0.0;0.0;56.0;7414.0


50.0;0.0;0.0;50.0;7414.0


8.3;0.0;0.0;55.0;7414.0


8.3;0.0;0.0;54.0;7414.0


8.3;0.0;0.0;54.0;7414.0


8.4;0.0;0.0;54.0;7414.0


8.4;0.0;0.0;54.0;7414.0


8.3;0.0;0.0;54.0;7414.0


8.3;0.0;0.0;54.0;7414.0


8.3;0.0;0.0;54.0;7414.0


8.3;0.0;0.0;54.0;7414.0


8.4;0.0;0.0;54.0;7414.0


8.3;0.0;0.0;54.0;7414.0


8.4;0.0;0.0;54.0;7414.0


3.6;10.6;0.8;8.0;7414.0


0.0;0.3;0.0;0.0;7414.0


0.0;14.2;0.2;0.0;7414.0


0.0;0.3;0.0;0.0;7414.0


3.6;15.0;0.4;1.0;7414.0


8.3;1.0;0.3;56.0;7414.0


8.3;0.0;0.0;56.0;7414.0


