0.0;10489856;0
0.0;10489856;0
0.0;10489856;0
0.0;10489856;0
0.0;10489856;0
56.8;12644352;0
100.8;12656640;0
66.5;12750848;0
100.3;12783616;0
86.0;12922880;0
99.7;10899456;0
83.1;12992512;0
86.0;10973184;0
83.1;13037568;0
83.1;11046912;0
86.0;13127680;0
71.0;11108352;0
99.7;13279232;0
66.5;11255808;0
100.3;13361152;0
56.8;11337728;0
100.3;13377536;0
83.1;11354112;0
99.7;13422592;0
49.9;14528512;0
100.3;13373440;0
49.9;13639680;0
99.4;13639680;0
84.0;13615104;161
99.7;13615104;0
49.9;13553664;0
99.4;13553664;0
57.3;13754368;0
99.7;13754368;0
49.9;13750272;0
100.8;13750272;0
71.0;13586432;0
100.3;13643776;0
49.9;21331968;0
201.6;61706240;0
232.7;91447296;0
243.7;107548672;51
166.2;110645248;689
49.9;108638208;0
99.7;110751744;0
57.3;108740608;0
99.7;110772224;0
133.0;108769280;0
100.3;110780416;0
28.4;108761088;0
86.0;110784512;0
99.7;110768128;0
151.2;110780416;0
83.1;110780416;0
14.3;112791552;0
86.0;110800896;0
99.4;114802688;0
157.7;110804992;0
83.1;114819072;0
0.0;114819072;0
99.7;114819072;0
116.4;116826112;0
100.8;114819072;0
33.2;114819072;0
66.5;114823168;0
99.4;114806784;0
84.0;114819072;0
99.7;114819072;0
166.2;114819072;0
100.3;114819072;0
14.2;112799744;0
100.3;114823168;0
85.2;112799744;0
117.6;114823168;0
99.7;114806784;0
149.6;114835456;0
71.7;114835456;0
28.4;112525312;0
100.3;114831360;0
127.8;116838400;0
129.0;114831360;0
33.2;114831360;0
83.1;116518912;0
100.8;116518912;0
249.3;139370496;0
215.0;170995712;0
198.9;201023488;0
200.7;116125696;0
99.7;116158464;0
66.5;114151424;0
100.8;117346304;0
99.7;117346304;0
157.7;117460992;0
99.4;117489664;0
86.0;115503104;0
99.7;117510144;0
133.0;119627776;0
134.4;117620736;0
42.6;117620736;0
49.9;117714944;0
99.7;117714944;0
182.8;119906304;0
114.7;117911552;0
99.4;117911552;0
71.7;117940224;0
99.7;117932032;0
149.6;117952512;0
99.7;117952512;0
0.0;115933184;0
100.8;117952512;0
116.4;119963648;0
133.0;117956608;0
71.7;117989376;0
42.6;118042624;0
99.7;118042624;0
83.1;118038528;0
100.8;118038528;0
56.8;118087680;0
100.3;118087680;0
157.7;120123392;0
99.7;118116352;0
33.2;116097024;0
99.4;118116352;0
84.0;116097024;0
99.7;118128640;0
49.9;114728960;0
100.8;118140928;0
83.1;119836672;0
99.7;119836672;0
99.7;127086592;0
199.5;159207424;0
218.4;187064320;0
199.5;210677760;0
182.8;118919168;0
100.8;116912128;0
71.0;116912128;0
71.7;116965376;0
99.4;116948992;0
143.3;116985856;0
99.7;116985856;0
0.0;113086464;0
100.3;117145600;0
100.3;117157888;0
99.4;117157888;0
86.0;117223424;0
99.7;117223424;0
84.0;117227520;0
99.7;117227520;0
182.8;117231616;0
100.8;117231616;0
66.5;115212288;0
83.1;117272576;0
83.1;115249152;0
114.7;117280768;0
86.0;114094080;0
99.4;117436416;0
86.0;117460992;0
100.3;117460992;0
156.2;119533568;0
114.7;117526528;0
42.6;117526528;0
50.4;117628928;0
99.7;117616640;0
133.0;117641216;0
100.8;117641216;0
0.0;115617792;0
113.6;117682176;0
129.0;119701504;0
142.0;117694464;0
71.7;117694464;0
43.0;119427072;0
99.7;119427072;0
134.4;127680512;0
199.5;160178176;0
216.1;188342272;0
199.5;210636800;0
116.4;117534720;0
67.2;117534720;0
99.7;117706752;0
83.1;117706752;0
117.6;117723136;0
99.7;117710848;0
149.6;117919744;0
66.5;117919744;0
33.2;118022144;0
100.8;118038528;0
133.0;120201216;0
33.2;118194176;0
0.0;116174848;0
86.0;118321152;0
14.2;116301824;0
116.4;118345728;0
99.7;117710848;0
99.7;118390784;0
50.4;116367360;0
57.3;118403072;0
99.4;118390784;0
100.3;118464512;0
100.3;118464512;0
85.2;118566912;0
100.3;118550528;0
127.8;118562816;0
100.3;118562816;0
28.7;114552832;0
99.7;118603776;0
66.5;118620160;0
100.3;118620160;0
143.3;120684544;0
113.6;118677504;0
14.3;118677504;0
116.4;118669312;0
66.5;116645888;0
117.6;120352768;0
129.0;118759424;0
232.7;161021952;0
199.5;192831488;0
168.0;154624000;0
100.3;116547584;0
170.5;119775232;0
100.3;117768192;0
56.8;115785728;0
71.7;117891072;0
100.3;117874688;0
113.6;117993472;0
86.0;118005760;0
28.7;115650560;0
99.7;118173696;0
149.6;120295424;0
99.7;118288384;0
33.2;116269056;0
84.0;118382592;0
99.7;118370304;0
184.7;118419456;0
100.3;118419456;0
57.3;116400128;0
99.4;118431744;0
57.3;118489088;0
99.7;118489088;0
49.9;118505472;0
100.8;118505472;0
149.6;120668160;0
99.7;118661120;0
67.2;116641792;0
99.7;118759424;0
99.7;118743040;0
133.0;118759424;0
66.5;118759424;0
0.0;116736000;0
0.0;116723712;0
201.6;120819712;0
199.5;120819712;0
199.5;120819712;0
134.4;118812672;0
0.0;118812672;0
56.8;118923264;0
71.7;118923264;0
83.1;118943744;0
66.5;117776384;0
100.8;120684544;0
99.7;120393728;0
199.5;162295808;0
199.5;194371584;0
117.6;134344704;0
99.7;119799808;0
156.2;122994688;0
100.3;120987648;0
56.8;118968320;0
100.3;121094144;0
100.3;121114624;0
99.7;121225216;0
99.7;121208832;0
33.6;121634816;0
99.7;121622528;0
83.1;121733120;0
100.3;121749504;0
142.0;121880576;0
100.3;121880576;0
0.0;119861248;0
116.4;121929728;0
127.8;123953152;0
114.7;121946112;0
86.0;119922688;0
56.8;122048512;0
99.7;122032128;0
83.1;122138624;0
99.7;122138624;0
100.8;122142720;0
99.7;122130432;0
142.0;122187776;0
100.3;122187776;0
43.0;122191872;0
99.7;122191872;0
66.5;122347520;0
99.7;122347520;0
71.0;122363904;0
100.3;122351616;0
134.4;122429440;0
99.7;122429440;0
16.6;119812096;0
100.8;122454016;0
