0.0;10510336;0
0.0;10510336;0
0.0;10510336;0
56.8;12648448;0
100.8;12685312;0
66.5;12771328;0
100.3;12771328;0
56.8;12836864;0
100.8;12845056;0
49.9;12980224;0
100.3;12980224;0
49.9;13045760;0
99.7;13062144;0
56.8;13213696;0
100.8;13205504;0
66.5;13160448;0
86.0;11190272;0
71.7;13352960;0
99.7;11329536;0
83.1;13357056;0
86.0;11337728;0
49.9;13414400;0
99.7;11395072;0
67.2;13484032;0
99.7;13467648;0
71.7;13611008;0
71.0;11415552;0
84.0;13586432;0
83.1;13639680;155
57.3;13434880;6
100.3;13537280;0
66.5;13565952;0
99.7;13565952;0
66.5;13692928;0
86.0;11452416;0
71.0;13586432;0
84.0;11620352;0
99.7;28336128;0
199.5;67694592;0
255.7;95375360;0
258.0;107319296;151
182.8;110440448;589
0.0;108417024;0
100.8;110514176;0
99.4;110497792;0
149.6;110518272;0
99.7;110583808;0
0.0;112627712;0
71.0;110637056;0
100.3;114634752;0
149.6;110632960;0
83.1;114671616;0
0.0;112648192;0
99.7;114671616;0
114.7;112664576;0
149.6;114671616;0
67.2;114671616;0
49.9;114671616;0
99.7;114671616;0
83.1;114675712;0
100.3;114675712;0
86.0;114675712;0
99.7;114675712;0
184.8;114675712;0
99.7;114675712;0
0.0;112652288;0
71.0;114675712;0
100.8;114659328;0
149.6;114675712;0
99.7;114675712;0
57.3;112652288;0
113.6;114675712;0
99.7;113586176;0
133.0;114675712;0
100.8;114675712;0
85.2;114671616;0
100.3;114671616;0
157.7;116678656;0
116.4;114671616;0
16.6;114671616;0
71.0;114675712;0
100.8;112652288;0
83.1;116363264;0
99.7;116346880;0
235.2;138944512;0
198.9;171446272;0
200.7;198914048;0
249.3;115400704;0
100.8;115400704;0
0.0;113381376;0
99.7;116527104;0
67.2;114376704;0
99.7;116678656;0
149.6;118820864;0
127.8;116813824;0
28.7;116813824;0
57.3;116879360;0
99.4;116879360;0
71.7;116875264;0
99.7;116875264;0
182.8;116912128;0
99.7;116912128;0
66.5;114892800;0
86.0;116916224;0
71.0;114892800;0
100.3;117075968;0
114.7;119095296;0
149.6;117088256;0
99.7;117088256;0
83.1;117088256;0
100.3;117088256;0
156.2;119099392;0
151.2;117092352;0
33.2;117092352;0
56.8;117092352;0
100.3;117092352;0
142.0;117125120;0
100.8;117125120;0
0.0;115101696;0
100.3;117121024;0
142.0;119242752;0
157.7;117235712;0
57.3;117235712;0
42.6;117239808;0
100.3;117239808;0
85.2;117248000;0
100.8;117248000;0
166.2;118931456;0
83.1;118931456;0
84.0;116912128;0
216.1;151150592;0
199.5;184332288;0
213.1;210571264;0
143.3;115494912;0
28.7;114737152;0
99.7;116822016;0
66.5;117043200;0
100.3;117043200;0
142.0;117133312;0
100.3;117133312;0
14.2;115109888;0
86.0;117166080;0
99.7;117149696;0
199.5;117174272;0
100.8;117174272;0
83.1;115150848;0
99.7;117272576;0
49.9;113287168;0
99.7;117313536;0
117.6;119492608;0
116.4;117485568;0
16.6;117485568;0
67.2;117506048;0
99.7;117493760;0
172.0;119529472;0
113.6;117522432;0
0.0;117522432;0
117.6;117518336;0
99.4;117501952;0
157.7;117522432;0
100.3;117522432;0
71.0;117567488;0
100.3;117567488;0
142.0;119586816;0
129.0;117579776;0
83.1;117579776;0
66.5;117637120;0
100.3;117620736;0
83.1;117661696;0
99.7;117645312;0
182.8;117657600;0
83.1;117657600;0
0.0;115638272;0
114.7;119349248;0
71.0;117784576;0
198.9;160927744;0
229.4;191455232;0
282.6;210321408;0
99.4;115937280;0
0.0;113917952;0
71.0;117194752;0
86.0;115175424;0
100.3;117293056;0
71.0;115269632;0
114.7;117399552;0
129.0;117227520;0
142.0;117510144;0
100.3;117510144;0
56.8;117604352;0
99.7;117604352;0
151.2;119668736;0
116.4;117661696;0
99.7;117661696;0
100.8;117719040;0
99.7;117702656;0
182.8;117788672;0
99.7;117788672;0
49.9;117817344;0
100.8;117817344;0
49.9;117821440;0
99.7;117821440;0
134.4;119828480;0
99.7;117821440;0
99.7;117821440;0
83.1;117829632;0
99.7;117813248;0
184.8;117874688;0
71.7;117874688;0
0.0;113864704;0
99.7;117899264;0
151.2;119910400;0
99.7;117903360;0
99.7;117886976;0
57.3;117932032;0
99.4;117915648;0
143.3;117927936;0
100.8;117927936;0
33.2;115904512;0
99.7;119615488;0
151.2;124047360;0
216.1;160755712;0
198.9;192733184;0
200.7;158490624;0
99.4;116867072;0
143.3;118140928;0
86.0;118140928;0
28.4;116117504;0
83.1;118235136;0
100.8;118222848;0
143.3;118345728;0
42.6;118345728;0
49.9;118394880;0
99.7;118394880;0
66.5;118390784;0
84.0;116371456;0
66.5;118558720;0
99.7;118546432;0
151.2;118595584;0
99.7;118595584;0
85.2;115351552;0
100.3;118657024;0
71.0;118685696;0
99.7;118685696;0
67.2;118775808;0
99.7;118775808;0
182.8;120823808;0
100.8;118816768;0
99.7;116797440;0
85.2;118833152;0
43.0;114827264;0
99.7;118890496;0
149.6;118915072;0
100.3;118915072;0
86.0;116891648;0
56.8;118910976;0
99.7;118894592;0
151.2;118939648;0
66.5;118939648;0
0.0;114929664;0
99.7;118951936;0
133.0;120676352;0
99.4;120676352;0
86.0;118652928;0
114.7;141770752;0
199.5;175771648;0
299.2;201703424;0
235.2;128040960;0
33.2;120221696;0
33.2;121462784;0
99.4;121450496;0
143.3;123580416;0
127.8;121556992;0
99.7;121556992;0
67.2;121651200;0
99.7;121638912;0
166.2;121708544;0
100.8;121708544;0
86.0;121802752;0
99.4;121802752;0
100.3;121860096;0
99.4;121860096;0
33.2;119836672;0
84.0;121892864;0
166.2;123899904;0
199.5;123904000;0
151.2;121896960;0
16.6;121896960;0
33.2;121929728;0
99.4;121929728;0
114.7;121937920;0
99.4;121937920;0
66.5;119918592;0
67.2;121982976;0
66.5;119959552;0
99.7;122077184;0
66.5;122232832;0
100.3;122232832;0
129.0;122261504;0
99.4;122261504;0
83.1;120242176;0
