0.0;10522624;0
0.0;10522624;0
0.0;10522624;0
0.0;10522624;0
56.8;12673024;0
100.3;12800000;0
66.5;12865536;0
100.8;12890112;0
56.8;13041664;0
100.8;13041664;0
83.1;13033472;0
86.0;13033472;0
66.5;13201408;0
100.8;11177984;0
71.0;13127680;0
86.0;11112448;0
83.1;13287424;0
83.1;11264000;0
85.2;13418496;0
84.0;11399168;0
116.4;13352960;0
66.5;11329536;0
100.3;13398016;0
71.0;13467648;0
99.7;13467648;0
66.5;13606912;0
100.3;13606912;0
66.5;13602816;161
100.8;13602816;0
49.9;13553664;0
100.3;13553664;0
56.8;13697024;0
100.8;13697024;0
49.9;13647872;0
99.7;13647872;0
71.7;13426688;0
99.7;13557760;0
49.9;16797696;0
199.5;54657024;0
143.3;86134784;0
199.5;108695552;0
134.4;108941312;706
99.7;108904448;34
133.0;111017984;0
113.6;109010944;0
14.3;111079424;0
57.3;109092864;0
99.7;111083520;0
151.2;111099904;0
113.6;111099904;0
100.3;109076480;0
71.0;111099904;0
100.8;111083520;0
149.6;111099904;0
66.5;111099904;0
0.0;113090560;0
99.4;111095808;0
114.7;113102848;0
142.0;115150848;0
50.4;115150848;0
33.2;115154944;0
99.7;115154944;0
129.0;117161984;0
99.4;115154944;0
99.7;115138560;0
83.1;115150848;0
100.8;115150848;0
170.5;117157888;0
100.3;115150848;0
0.0;113131520;0
85.2;115154944;0
99.7;115142656;0
133.0;115159040;0
100.8;115159040;0
56.8;113135616;0
99.7;115159040;0
129.0;117161984;0
142.0;115154944;0
100.3;115154944;0
83.1;115154944;0
100.8;115154944;0
166.2;116846592;0
83.1;116846592;0
0.0;114823168;0
127.8;140861440;0
200.7;174518272;0
282.6;203911168;0
201.6;167174144;0
99.7;115445760;0
33.2;113422336;0
100.8;116596736;0
66.5;114573312;0
100.3;116715520;0
99.4;116703232;0
184.8;116789248;0
66.5;116789248;0
0.0;113864704;0
100.3;116883456;0
33.2;116940800;0
99.7;116940800;0
49.9;117035008;0
99.7;117035008;0
184.8;119148544;0
85.2;117141504;0
0.0;115122176;0
100.8;117145600;0
56.8;115126272;0
86.0;117149696;0
28.4;115126272;0
99.7;117198848;0
114.7;119304192;0
142.0;117297152;0
33.6;117297152;0
57.3;117297152;0
85.2;117297152;0
66.5;117325824;0
99.7;117325824;0
84.0;115306496;0
0.0;115306496;0
83.1;119398400;0
201.6;119398400;0
199.5;119398400;0
199.5;119398400;0
66.5;117391360;0
0.0;117391360;0
100.8;117399552;0
66.5;115376128;0
113.6;117395456;0
71.7;114114560;0
100.8;119095296;0
182.8;125366272;0
249.3;153587712;0
156.2;184086528;0
157.7;210272256;0
143.3;115331072;0
71.0;116420608;0
100.3;116420608;0
182.8;118583296;0
83.1;116576256;0
0.0;116576256;0
83.1;116854784;0
33.6;114835456;0
100.8;116887552;0
113.6;118898688;0
114.7;116891648;0
86.0;114868224;0
56.8;116920320;0
86.0;114900992;0
66.5;116932608;0
57.3;114909184;0
71.7;116965376;0
42.6;114941952;0
86.0;116977664;0
100.3;117243904;0
99.7;117026816;0
49.9;115003392;0
49.9;117047296;0
99.7;117035008;0
168.0;119054336;0
99.7;117047296;0
0.0;115863552;0
71.7;117075968;0
86.0;115056640;0
113.6;117075968;0
57.3;113737728;0
99.7;117121024;0
149.6;119148544;0
129.0;117141504;0
0.0;117141504;0
83.1;117194752;0
99.7;117178368;0
100.8;118878208;0
33.2;116854784;0
216.1;147935232;0
149.6;176730112;0
198.9;203165696;0
129.0;116965376;0
100.3;116965376;0
156.2;119132160;0
100.8;117059584;0
0.0;115040256;0
71.0;117161984;0
57.3;115142656;0
71.0;117260288;0
100.3;117243904;0
157.7;117374976;0
49.9;117374976;0
0.0;113422336;0
100.8;117469184;0
49.9;117563392;0
99.7;117563392;0
66.5;117723136;0
99.7;117723136;0
184.8;119824384;0
85.2;117817344;0
0.0;115793920;0
84.0;117977088;0
99.7;117964800;0
166.2;118009856;0
99.7;118009856;0
66.5;118009856;0
100.8;118009856;0
133.0;120053760;0
99.7;118046720;0
0.0;116023296;0
86.0;118050816;0
56.8;116027392;0
116.4;118210560;0
33.2;118210560;0
99.7;118226944;0
149.6;120233984;0
117.6;118226944;0
0.0;118226944;0
71.0;119975936;0
100.3;119963648;0
229.4;141139968;0
184.7;169963520;0
100.3;201371648;0
166.2;118284288;0
28.7;115593216;0
100.8;119304192;0
116.4;121475072;0
133.0;119472128;0
100.8;119480320;0
83.1;119652352;0
99.7;119660544;0
182.8;119816192;0
99.7;119824384;0
84.0;117686272;0
83.1;119955456;0
99.7;119951360;0
50.4;120152064;0
0.0;120152064;0
57.3;120299520;0
99.7;120287232;0
182.8;122347520;0
83.1;120340480;0
0.0;118317056;0
57.3;120434688;0
33.6;118312960;0
100.3;120475648;0
66.5;120504320;0
99.7;120520704;0
168.0;118009856;0
83.1;116002816;0
0.0;113983488;0
57.3;117141504;0
0.0;113983488;0
99.4;117350400;0
43.0;117518336;0
100.3;117518336;0
142.0;119652352;0
99.7;117645312;0
56.8;117743616;0
0.0;117743616;0
71.7;119578624;0
71.0;117559296;0
143.3;144093184;0
200.7;178393088;0
282.6;202625024;0
216.1;119009280;0
0.0;119009280;0
28.4;120176640;0
99.7;120164352;0
134.4;122490880;0
99.7;120483840;0
66.5;118460416;0
84.0;120672256;0
49.9;118648832;0
85.2;120758272;0
28.7;118734848;0
99.7;120827904;0
42.6;120991744;0
16.6;120991744;0
71.7;121081856;0
50.4;119058432;0
83.1;121311232;0
99.7;121298944;0
100.3;121344000;0
57.3;119336960;0
42.6;121458688;0
99.7;119435264;0
66.5;121491456;0
56.8;119468032;0
71.7;121495552;0
100.3;121483264;0
116.4;121659392;0
16.6;121659392;0
33.6;120578048;0
100.8;119652352;0
66.5;121733120;0
83.1;119713792;0
86.0;121765888;0
99.4;121753600;0
129.0;121769984;0
100.8;121769984;0
0.0;118800384;0
28.4;121470976;0
66.5;127963136;0
218.4;160153600;0
