0.0;10498048;0
0.0;10498048;0
0.0;10498048;0
0.0;10498048;0
57.3;12263424;0
157.7;14393344;0
166.2;14581760;0
186.4;14643200;0
156.2;16265216;0
182.8;16371712;0
199.5;19628032;0
200.7;19685376;0
149.6;18079744;0
134.4;18223104;0
182.8;19976192;0
200.7;20004864;0
166.2;18423808;0
201.6;18571264;0
199.5;20209664;0
200.7;20312064;0
199.5;20258816;0
83.1;16486400;0
213.1;20447232;0
215.0;18763776;0
199.5;20611072;0
199.5;20701184;0
157.7;20652032;0
170.5;20729856;0
199.5;20770816;0
199.5;21049344;0
200.7;21024768;0
198.9;21032960;0
201.6;21053440;0
199.5;21139456;0
182.8;21282816;0
198.9;21291008;0
186.4;21401600;0
199.5;21438464;0
149.6;19845120;0
143.3;21516288;0
184.7;21536768;0
282.6;21790720;483
199.5;21762048;19
200.7;20209664;0
170.5;21712896;0
184.8;21712896;0
182.8;21774336;0
200.7;21774336;0
133.0;20033536;0
172.0;18632704;0
200.7;21659648;0
198.9;21663744;0
201.6;21663744;0
182.8;21712896;0
149.6;21684224;0
198.9;21692416;0
200.7;21692416;0
200.7;21749760;0
149.6;20140032;0
184.8;21852160;0
198.9;21696512;0
200.7;21774336;0
198.9;21839872;0
184.8;20217856;0
182.8;22093824;0
232.7;30171136;0
286.7;56791040;0
298.3;84811776;0
299.2;109973504;0
299.2;135127040;0
201.6;151326720;0
299.2;175439872;0
215.0;199909376;0
319.2;205180928;200
266.0;205180928;737
272.4;205148160;495
315.8;207888384;0
299.2;207888384;0
285.6;207888384;0
298.3;207888384;0
301.0;207888384;0
315.8;207925248;0
282.6;207925248;0
299.2;207925248;0
299.2;207925248;0
252.0;207945728;0
298.3;207945728;0
286.7;207941632;0
299.2;207941632;0
315.8;207941632;0
284.1;207937536;0
301.0;207937536;0
299.2;207945728;0
299.2;207945728;0
285.6;207949824;0
312.5;207949824;0
301.0;207949824;0
298.3;207949824;0
268.8;206323712;0
299.2;207949824;0
282.6;207949824;0
301.0;207949824;0
298.3;207949824;0
299.2;206323712;0
243.7;206327808;0
255.7;207949824;0
301.0;207949824;0
299.2;207949824;0
299.2;207949824;0
302.4;207949824;0
166.2;204701696;0
272.4;208482304;0
298.3;208478208;0
301.0;208478208;0
282.6;208478208;0
266.0;206852096;0
302.4;206856192;0
199.5;206856192;0
199.5;206856192;0
249.3;208482304;0
299.2;208482304;0
301.0;208478208;0
299.2;208478208;0
302.4;208482304;0
199.5;206856192;0
282.6;206852096;0
298.3;208478208;0
301.0;208474112;0
301.0;208474112;0
284.1;208478208;0
301.0;208478208;0
249.3;208478208;0
299.2;208478208;0
299.2;208478208;0
232.7;205230080;0
201.6;208486400;0
299.2;208486400;0
284.1;208486400;0
301.0;208486400;0
299.2;208486400;0
166.2;205234176;0
299.2;206864384;0
299.2;208490496;0
285.6;206864384;0
315.8;216637440;0
275.0;216633344;0
401.4;245071872;0
325.0;277557248;0
401.4;297058304;0
383.5;314241024;0
300.0;341127168;0
401.4;365764608;0
362.5;388866048;0
382.3;390565888;0
365.7;388943872;0
352.8;391827456;0
362.5;391827456;0
272.4;391827456;0
365.7;391827456;0
382.3;391892992;0
352.8;391892992;0
365.7;390266880;0
340.9;391888896;0
344.0;390262784;0
355.1;391888896;0
400.0;391888896;0
329.7;390266880;0
344.0;391917568;0
372.7;391913472;0
340.9;390287360;0
372.7;391909376;0
387.0;391909376;0
387.0;391909376;0
369.3;391909376;0
315.4;388665344;0
340.9;391909376;0
382.3;391909376;0
403.2;391909376;0
401.4;391909376;0
315.8;391921664;0
397.7;391921664;0
400.0;391921664;0
325.0;391921664;0
383.5;390295552;0
301.0;391921664;0
401.4;391921664;0
401.4;391917568;0
400.0;391917568;0
344.0;390295552;0
387.0;391921664;0
355.1;391921664;0
383.5;391917568;0
401.4;391917568;0
369.3;391921664;0
340.9;391921664;0
400.0;391921664;0
369.3;390295552;0
401.4;391917568;0
401.4;391917568;0
401.4;391917568;0
329.7;391921664;0
332.4;391921664;0
365.7;391925760;0
372.7;391925760;0
403.2;391925760;0
382.3;391925760;0
398.9;391925760;0
349.1;390299648;0
312.5;391925760;0
400.0;391921664;0
382.3;391921664;0
401.4;391921664;0
329.7;391921664;0
340.9;391921664;0
382.3;391921664;0
387.0;391921664;0
403.2;390299648;0
332.4;391917568;0
383.5;391917568;0
365.7;400068608;0
401.4;398446592;0
355.1;417734656;0
401.4;441036800;0
401.4;466309120;0
344.0;488443904;0
401.4;505380864;0
400.0;527290368;0
387.0;542875648;0
397.7;563437568;0
400.0;575664128;0
400.0;575660032;0
400.0;575660032;0
383.5;575672320;0
398.9;574046208;0
329.7;575668224;0
387.0;575668224;0
387.5;575668224;0
400.0;574046208;0
400.0;575688704;0
400.0;575688704;0
401.4;575688704;0
401.4;575688704;0
403.2;574062592;0
401.4;574062592;0
397.7;574062592;0
401.4;574066688;0
397.7;575741952;0
383.5;575741952;0
398.9;574115840;0
358.4;575737856;0
387.0;575737856;0
387.0;575741952;0
383.5;575741952;0
401.4;574115840;0
375.0;575741952;0
400.0;572489728;0
401.4;575741952;0
401.4;575741952;0
358.4;575741952;0
387.0;574115840;0
397.7;575737856;0
397.7;575737856;0
400.0;575737856;0
382.3;574115840;0
383.5;575741952;0
400.0;575700992;0
372.7;575762432;0
401.4;574136320;0
369.3;574148608;0
383.5;575770624;0
397.7;575770624;0
397.7;575770624;0
401.4;575770624;0
401.4;575782912;0
387.5;575782912;0
397.7;574160896;0
397.7;575787008;0
387.0;575787008;0
403.2;574160896;0
387.0;575782912;0
401.4;574160896;0
382.3;575787008;0
400.0;575787008;0
387.5;575787008;0
401.4;575787008;0
326.7;572538880;0
387.0;583938048;0
401.4;583938048;0
400.0;583938048;0
401.4;582316032;0
275.0;583933952;0
401.4;608174080;0
334.8;629927936;0
372.7;653520896;0
401.4;672178176;0
325.0;687345664;0
387.5;721960960;0
400.0;746782720;0
369.3;763703296;0
387.5;759414784;0
