0.0;10493952;0
0.0;10493952;0
0.0;10493952;0
49.9;12238848;0
157.7;14278656;0
182.8;14372864;0
201.6;16048128;0
213.1;16138240;0
172.0;17969152;0
149.6;19595264;0
199.5;19603456;0
156.2;18014208;0
184.8;19730432;0
149.6;18141184;0
186.4;19779584;0
200.7;19800064;0
133.0;16596992;0
249.3;20811776;0
200.7;20811776;0
149.6;19185664;0
216.1;21000192;0
168.0;19378176;0
156.2;18378752;0
143.3;18395136;0
149.6;18448384;0
201.6;20701184;0
199.5;20701184;0
129.0;21532672;0
199.5;21532672;0
166.2;21561344;0
127.8;22138880;0
200.7;22138880;0
199.5;22138880;0
199.5;22138880;0
201.6;22675456;0
156.2;22679552;0
199.5;22679552;0
182.8;22679552;0
184.8;22679552;0
213.1;21454848;0
143.3;19828736;0
199.5;21524480;0
199.5;21528576;0
199.5;21561344;0
243.7;22704128;502
116.4;19456000;0
216.1;22421504;0
201.6;22437888;0
127.8;19218432;0
200.7;22638592;0
113.6;21008384;0
134.4;21774336;0
199.5;21852160;0
200.7;21856256;0
199.5;20262912;0
133.0;21835776;0
133.0;21897216;0
200.7;21901312;0
200.7;21901312;0
199.5;20414464;0
184.8;21504000;0
156.2;23146496;0
200.7;23150592;0
199.5;23150592;0
218.4;22958080;0
199.5;22958080;0
172.0;22982656;0
200.7;22982656;0
116.4;19738624;0
332.4;52195328;0
299.2;77524992;0
272.4;100737024;0
269.9;123387904;0
243.7;140087296;0
266.0;161296384;0
315.8;182177792;0
232.7;201080832;0
326.7;206966784;425
387.0;206970880;715
329.7;207003648;292
269.9;207003648;0
268.8;208314368;0
299.2;208314368;0
299.2;208310272;0
299.2;208310272;0
258.0;206688256;0
200.7;208318464;0
298.3;208318464;0
302.4;208322560;0
299.2;208322560;0
301.0;208322560;0
269.9;208363520;0
252.0;206737408;0
266.0;208367616;0
299.2;208367616;0
301.0;208367616;0
298.3;208379904;0
215.0;205131776;0
315.8;208375808;0
302.4;206753792;0
299.2;208375808;0
299.2;208375808;0
229.4;208379904;0
241.5;208384000;0
301.0;208384000;0
299.2;208384000;0
285.6;208388096;0
299.2;208388096;0
249.3;208384000;0
301.0;208384000;0
298.3;208384000;0
286.7;208384000;0
282.6;206761984;0
258.0;208396288;0
301.0;208396288;0
298.3;208396288;0
301.0;208396288;0
200.7;205152256;0
315.8;208400384;0
299.2;208400384;0
282.6;208400384;0
302.4;208400384;0
149.6;205664256;0
299.2;208883712;0
302.4;208883712;0
299.2;208883712;0
299.2;208883712;0
255.7;208883712;0
301.0;208883712;0
286.7;208883712;0
298.3;208883712;0
302.4;208883712;0
282.6;208883712;0
249.3;205631488;0
266.0;208883712;0
299.2;208883712;0
301.0;208883712;0
298.3;207257600;0
258.0;207253504;0
301.0;208875520;0
266.0;207253504;0
266.0;208883712;0
299.2;208883712;0
302.4;208883712;0
299.2;217034752;0
282.6;215412736;0
386.4;240791552;0
382.3;262664192;0
397.7;293707776;0
401.4;319102976;0
344.0;342700032;0
397.7;366915584;0
315.4;389664768;0
336.0;391229440;0
298.3;391225344;0
325.0;392859648;0
401.4;392859648;0
403.2;392859648;0
382.3;392859648;0
398.9;391237632;0
349.1;392863744;0
397.7;392863744;0
383.5;392859648;0
387.0;392859648;0
401.4;392859648;0
383.5;391233536;0
315.4;391245824;0
387.0;392867840;0
387.0;392867840;0
397.7;392867840;0
398.9;391245824;0
262.5;392867840;0
369.3;391245824;0
344.0;392871936;0
403.2;391245824;0
266.0;392867840;0
398.9;392867840;0
387.0;392867840;0
401.4;392867840;0
382.3;392863744;0
326.7;392859648;0
401.4;392859648;0
398.9;392859648;0
398.9;391237632;0
319.2;392912896;0
382.3;392912896;0
355.1;392916992;0
400.0;392916992;0
329.7;391290880;0
372.7;392916992;0
397.7;392916992;0
387.0;391286784;0
397.7;392949760;0
382.3;391327744;0
315.4;392949760;0
398.9;392949760;0
397.7;392949760;0
401.4;392949760;0
301.0;391327744;0
332.4;392953856;0
401.4;392953856;0
401.4;392953856;0
397.7;392953856;0
365.7;391327744;0
336.0;392953856;0
387.0;392949760;0
299.2;391323648;0
383.5;392949760;0
387.0;391323648;0
401.4;392949760;0
398.9;392949760;0
350.0;401096704;0
397.7;401096704;0
362.5;408047616;0
397.7;440639488;0
397.7;466518016;0
401.4;494518272;0
397.7;518062080;0
397.7;546213888;0
387.0;572092416;0
400.0;575574016;0
401.4;575574016;0
401.4;575639552;0
397.7;575119360;0
362.5;576761856;0
355.1;576761856;0
397.7;576757760;0
397.7;576757760;0
332.4;575131648;0
387.0;576761856;0
387.5;576761856;0
400.0;576761856;0
329.7;575135744;0
372.7;576761856;0
397.7;576761856;0
355.1;576761856;0
401.4;575135744;0
401.4;576761856;0
358.4;575135744;0
401.4;575135744;0
400.0;576757760;0
344.0;573513728;0
375.0;575135744;0
397.7;576757760;0
383.5;576757760;0
401.4;576774144;0
401.4;576778240;0
372.7;576778240;0
403.2;576778240;0
401.4;576778240;0
400.0;576778240;0
400.0;576778240;0
403.2;575152128;0
401.4;576778240;0
401.4;576778240;0
337.5;576774144;0
398.9;576774144;0
397.7;576778240;0
362.5;576778240;0
387.0;576778240;0
400.0;576778240;0
387.0;576778240;0
400.0;576778240;0
398.9;576778240;0
387.5;575156224;0
387.0;576741376;0
401.4;575139840;0
403.2;575135744;0
387.0;576765952;0
401.4;576765952;0
387.5;575139840;0
369.3;575139840;0
400.0;575135744;0
323.7;576757760;0
340.9;576757760;0
400.0;576757760;0
376.8;576757760;0
387.5;576761856;0
362.5;576761856;0
401.4;584908800;0
337.5;584908800;0
387.0;583286784;0
375.0;584908800;0
400.0;617140224;0
387.5;645640192;0
383.5;661626880;0
397.7;688001024;0
397.7;703787008;0
397.7;724717568;0
375.0;740847616;0
372.7;761147392;0
325.0;760741888;0
400.0;760741888;0
400.0;760741888;0
382.3;759119872;0
387.5;760750080;0
400.0;760750080;0
400.0;760750080;0
329.7;760750080;0
400.0;759132160;0
