0.0;10502144;0
0.0;10502144;0
0.0;10502144;0
0.0;10502144;0
28.4;14217216;0
100.3;14725120;0
129.0;18837504;0
199.5;18923520;0
216.1;22962176;0
200.7;22974464;0
199.5;31068160;0
116.4;23171072;0
186.4;23314432;0
198.9;23252992;0
216.1;31293440;0
199.5;31334400;0
200.7;31334400;0
199.5;31399936;0
201.6;31399936;0
156.2;31477760;0
200.7;31477760;0
199.5;31608832;0
201.6;31608832;0
198.9;31608832;0
200.7;31608832;0
199.5;27582464;0
199.5;31932416;0
184.7;31940608;0
200.7;31940608;0
199.5;31940608;0
199.5;31940608;0
200.7;31940608;0
182.8;27914240;0
199.5;32067584;0
200.7;32034816;0
114.7;28008448;0
232.7;32124928;0
201.6;32129024;0
198.9;32165888;0
200.7;32227328;0
99.7;25948160;0
201.6;32358400;0
184.7;28352512;0
200.7;32362496;0
199.5;32317440;0
199.5;32354304;0
198.9;32354304;0
200.7;28495872;224
149.6;32727040;53
199.5;32727040;0
201.6;32727040;0
184.7;32526336;0
200.7;32538624;0
199.5;32538624;0
168.0;28512256;0
182.8;32354304;0
200.7;32362496;0
243.7;47165440;0
199.5;47169536;0
199.5;47169536;0
182.8;43065344;0
336.0;81911808;0
298.3;114135040;0
301.0;129245184;0
301.0;151072768;0
299.2;165568512;0
299.2;184594432;0
299.2;203276288;0
215.0;217169920;0
298.3;235638784;0
286.7;247013376;0
302.4;275632128;0
282.6;298344448;0
299.2;321576960;0
299.2;343855104;0
299.2;365297664;0
268.8;382926848;0
241.5;407269376;0
286.7;400646144;491
243.7;396619776;666
284.1;401252352;719
282.6;401252352;682
232.7;401219584;257
184.8;397197312;0
216.1;401227776;0
200.7;401227776;0
200.7;401227776;0
133.0;395288576;0
199.5;401223680;0
199.5;401223680;0
201.6;401223680;0
184.7;397201408;0
172.0;401227776;0
199.5;401227776;0
166.2;397205504;0
166.2;401231872;0
182.8;401231872;0
200.7;401231872;0
142.0;397205504;0
186.4;401227776;0
157.7;397201408;0
199.5;401227776;0
199.5;401227776;0
199.5;401227776;0
129.0;398360576;0
199.5;401235968;0
133.0;396804096;0
200.7;401248256;0
198.9;401248256;0
199.5;401248256;0
199.5;401248256;0
201.6;401248256;0
199.5;401252352;0
172.0;401252352;0
157.7;397230080;0
184.7;401256448;0
200.7;401256448;0
199.5;401256448;0
201.6;401252352;0
199.5;401252352;0
199.5;401252352;0
117.6;394424320;0
199.5;401252352;0
199.5;401252352;0
149.6;397230080;0
218.4;401252352;0
199.5;401252352;0
199.5;401252352;0
184.7;397418496;0
229.4;415932416;0
200.7;415932416;0
198.9;415932416;0
168.0;411910144;0
216.1;430317568;0
299.2;465047552;0
282.6;492638208;0
299.2;518352896;0
319.2;525680640;0
299.2;545533952;0
301.0;560394240;0
315.4;582090752;0
298.3;599052288;0
301.0;618008576;0
298.3;634908672;0
299.2;654913536;0
301.0;671285248;0
299.2;689143808;0
266.0;706019328;0
268.8;730853376;0
299.2;748228608;0
299.2;763691008;0
232.7;774508544;0
315.8;779067392;0
302.4;779067392;0
216.1;538447872;0
216.1;404463616;0
201.6;404463616;0
199.5;404463616;0
199.5;404467712;0
149.6;400441344;0
166.2;405676032;0
201.6;401653760;0
170.5;405819392;0
200.7;405823488;0
200.7;405827584;0
198.9;405827584;0
186.4;405827584;0
142.0;401805312;0
215.0;405889024;0
143.3;401866752;0
213.1;406167552;0
201.6;406167552;0
199.5;406167552;0
199.5;406167552;0
200.7;406188032;0
156.2;402169856;0
172.0;406233088;0
186.4;406233088;0
199.5;406233088;0
199.5;406233088;0
200.7;406233088;0
99.7;402210816;0
199.5;406278144;0
99.7;402255872;0
99.7;402255872;0
100.8;395128832;0
216.1;406335488;0
184.7;406335488;0
200.7;406335488;0
200.7;406335488;0
199.5;406335488;0
182.8;402309120;0
182.8;406482944;0
199.5;406482944;0
201.6;406482944;0
199.5;406482944;0
184.7;406482944;0
200.7;406482944;0
157.7;402456576;0
156.2;402460672;0
232.7;421273600;0
198.9;421273600;0
200.7;421277696;0
200.7;421281792;0
198.9;421281792;0
166.2;417255424;0
218.4;432963584;0
299.2;470126592;0
282.6;487317504;0
299.2;506429440;0
299.2;522878976;0
301.0;542707712;0
301.0;562282496;0
269.9;575188992;0
299.2;596824064;0
268.8;612327424;0
199.5;629825536;0
199.5;652054528;0
266.0;675258368;0
298.3;698933248;0
301.0;721821696;0
301.0;744669184;0
298.3;766611456;0
299.2;779235328;0
302.4;779235328;0
301.0;779243520;0
266.0;478801920;0
216.1;404635648;0
199.5;404635648;0
199.5;404635648;0
201.6;404635648;0
216.1;399126528;0
172.0;405942272;0
198.9;405942272;0
200.7;405942272;0
200.7;405942272;0
198.9;405942272;0
199.5;405942272;0
199.5;405962752;0
149.6;401940480;0
218.4;406110208;0
199.5;406110208;0
198.9;406110208;0
186.4;402083840;0
143.3;400068608;0
199.5;406286336;0
199.5;406286336;0
199.5;406286336;0
199.5;406286336;0
157.7;402264064;0
186.4;406364160;0
133.0;402337792;0
232.7;406368256;0
201.6;406368256;0
199.5;406368256;0
199.5;406368256;0
172.0;406425600;0
166.2;406560768;0
199.5;406560768;0
184.8;406597632;0
200.7;406597632;0
198.9;406597632;0
200.7;406597632;0
201.6;406597632;0
49.9;397742080;0
199.5;406683648;0
198.9;406683648;0
200.7;406683648;0
198.9;406712320;0
199.5;406712320;0
151.2;402690048;0
166.2;417370112;0
282.6;436584448;0
301.0;460070912;0
301.0;479985664;0
299.2;500502528;0
282.6;518270976;0
299.2;534454272;0
227.3;551026688;0
229.4;585175040;0
302.4;607051776;0
299.2;619188224;0
284.1;633819136;0
299.2;652996608;0
301.0;672477184;0
200.7;684490752;0
329.7;711884800;0
299.2;729907200;0
299.2;747589632;0
299.2;765247488;0
298.3;780644352;0
299.2;780652544;0
302.4;776650752;0
186.4;516218880;0
229.4;404250624;0
199.5;404250624;0
199.5;404250624;0
201.6;404250624;0
172.0;400228352;0
199.5;405639168;0
