0.0;10489856;0
0.0;10489856;0
0.0;10489856;0
57.3;12623872;0
100.3;12681216;0
66.5;12738560;0
99.7;12771328;0
71.7;12914688;0
99.7;12898304;0
66.5;12943360;0
86.0;10924032;0
71.0;12996608;0
99.7;11010048;0
83.1;13172736;0
86.0;11165696;0
83.1;13250560;0
84.0;11227136;0
99.4;13324288;0
71.7;11304960;0
99.7;13324288;0
67.2;12152832;0
99.7;13385728;0
71.7;15319040;0
99.7;13451264;0
66.5;13586432;0
99.4;13586432;0
100.3;13594624;161
99.7;13594624;0
66.5;13578240;0
100.3;13578240;0
142.0;15716352;0
116.4;13713408;0
116.4;15564800;0
50.4;13557760;0
113.6;15577088;0
151.2;15495168;0
99.7;13488128;0
99.7;24788992;0
199.5;59674624;0
215.0;91316224;0
301.0;112386048;0
199.5;132681728;0
100.8;165347328;0
116.4;192081920;0
200.7;205873152;306
170.5;201875456;719
151.2;205918208;407
133.0;201904128;0
100.3;205959168;0
83.1;203935744;0
66.5;205967360;0
99.7;205950976;0
86.0;205967360;0
100.3;205955072;0
66.5;205971456;0
100.8;203948032;0
85.2;205971456;0
100.3;205955072;0
149.6;205979648;0
100.8;205979648;0
0.0;203956224;0
99.7;205975552;0
100.8;205971456;0
99.4;205971456;0
86.0;205971456;0
99.7;205971456;0
100.8;205971456;0
99.7;205971456;0
71.7;205971456;0
100.3;205971456;0
83.1;205975552;0
99.7;205975552;0
83.1;205979648;0
100.8;205979648;0
156.2;205979648;0
100.3;205979648;0
0.0;203956224;0
83.1;205979648;0
83.1;203956224;0
116.4;213336064;0
57.3;211345408;0
216.1;251265024;0
199.5;284471296;0
272.4;307986432;0
149.6;331423744;0
149.6;360378368;0
199.5;382402560;0
216.1;395669504;0
157.7;208347136;0
170.5;211419136;0
117.6;209412096;0
33.2;209412096;0
99.7;209637376;0
99.7;209625088;0
182.8;209698816;0
84.0;209698816;0
0.0;209694720;0
99.7;209780736;0
67.2;209797120;0
99.4;209797120;0
57.3;209838080;0
99.4;209838080;0
84.0;209846272;0
99.7;209846272;0
66.5;210006016;0
100.8;210006016;0
66.5;210034688;0
83.1;208015360;0
99.4;210022400;0
86.0;207998976;0
114.7;210100224;0
66.5;207081472;0
100.8;210104320;0
133.0;212160512;0
116.4;210153472;0
16.6;210153472;0
49.9;210165760;0
100.8;210157568;0
66.5;210272256;0
100.3;210272256;0
86.0;217653248;0
99.4;217653248;0
232.7;236998656;0
199.5;268771328;0
151.2;297308160;0
199.5;321245184;0
199.5;343617536;0
218.4;372355072;0
198.9;395055104;0
200.7;252686336;0
83.1;209039360;0
100.3;209039360;0
86.0;209092608;0
99.4;209092608;0
71.7;209100800;0
100.3;209100800;0
166.2;209145856;0
99.7;209145856;0
83.1;207122432;0
100.8;209158144;0
83.1;207138816;0
86.0;209219584;0
71.7;207200256;0
113.6;209317888;0
129.0;208986112;0
142.0;209326080;0
57.3;209326080;0
28.7;209367040;0
99.4;209367040;0
71.7;207343616;0
0.0;207343616;0
133.0;211451904;0
199.5;211451904;0
99.4;209444864;0
28.7;207421440;0
84.0;209502208;0
99.4;209489920;0
157.7;209514496;0
100.3;209514496;0
0.0;207495168;0
99.7;209563648;0
99.4;207339520;0
100.3;209580032;0
100.3;211177472;0
99.4;216932352;0
129.0;220737536;0
200.7;252108800;0
198.9;280514560;0
200.7;308084736;0
269.9;329912320;0
258.0;356130816;0
200.7;384196608;0
127.8;393277440;0
143.3;208306176;0
86.0;206282752;0
99.4;209457152;0
86.0;209575936;0
99.4;209575936;0
84.0;209756160;0
99.7;209756160;0
83.1;209768448;0
100.8;209768448;0
66.5;209936384;0
99.7;209936384;0
83.1;210030592;0
99.7;210022400;0
0.0;208007168;0
43.0;209195008;0
199.5;212254720;0
199.5;212254720;0
100.8;210247680;0
0.0;210247680;0
71.0;210251776;0
100.3;210235392;0
85.2;210251776;0
86.0;208232448;0
100.3;210272256;0
71.0;208248832;0
114.7;210333696;0
71.7;210436096;0
99.4;210436096;0
71.7;210432000;0
85.2;210432000;0
149.6;212467712;0
114.7;210460672;0
83.1;210460672;0
116.4;217841664;0
100.8;217829376;0
266.0;242880512;0
199.5;274948096;0
149.6;301273088;0
198.9;322904064;0
186.4;350470144;0
100.8;381984768;0
166.2;397119488;0
232.7;212033536;0
201.6;212033536;0
200.7;210026496;0
28.4;210026496;0
0.0;207994880;0
114.7;211230720;0
127.8;209371136;0
143.3;211419136;0
28.7;211419136;0
33.2;211582976;0
99.4;211570688;0
71.7;211681280;0
100.3;211677184;0
71.0;211681280;0
100.3;211668992;0
149.6;211730432;0
99.7;211730432;0
33.6;211828736;0
100.3;211828736;0
156.2;213893120;0
129.0;211886080;0
16.8;211886080;0
66.5;211910656;0
83.1;211894272;0
166.2;211906560;0
99.7;211906560;0
0.0;208941056;0
100.8;211939328;0
66.5;212033536;0
99.7;212033536;0
84.0;212193280;0
100.3;212193280;0
156.2;212217856;0
100.3;212217856;0
14.2;210194432;0
99.4;212267008;0
114.7;217604096;0
100.3;219729920;0
127.8;224804864;0
200.7;263753728;0
268.8;291975168;0
249.3;308338688;0
166.2;330928128;0
99.7;363393024;0
184.7;394289152;0
186.4;361046016;0
200.7;216383488;0
100.3;216383488;0
0.0;214364160;0
57.3;213536768;0
100.8;213520384;0
83.1;214736896;0
99.7;212713472;0
86.0;214986752;0
56.8;212963328;0
99.7;215171072;0
67.2;215261184;0
99.7;215261184;0
133.0;217411584;0
100.8;215404544;0
86.0;213385216;0
71.0;215506944;0
0.0;213483520;0
116.4;215519232;0
66.5;212660224;0
71.7;215564288;0
57.3;215580672;0
100.3;215580672;0
182.8;217645056;0
99.7;215638016;0
14.3;213626880;0
114.7;215777280;0
99.4;212877312;0
100.3;215805952;0
66.5;215965696;0
99.7;215969792;0
168.0;218009600;0
49.9;216014848;0
0.0;213991424;0
116.4;223551488;0
71.7;221540352;0
184.8;248811520;0
232.7;283111424;0
213.1;305516544;0
157.7;324337664;0
