8.4;5.4;0.5;31.0;876.0
7.3;128.2;7.6;9.0;876.0
7.2;88.6;6.4;16.0;876.0
7.2;84.7;9.2;20.0;827.0
0.0;4.3;0.2;8.0;819.0
0.0;0.3;0.0;8.0;819.0
8.3;28.1;1.1;12.0;873.0
8.4;0.1;0.0;9.0;1073.0
8.3;0.0;0.0;11.0;1201.0
8.3;0.0;0.0;7.0;1317.0
8.4;0.2;0.0;6.0;1439.0
8.3;0.0;0.0;5.0;1613.0
8.3;70.2;67.7;2.0;1701.0
8.3;84.8;353.6;18.0;2255.0
8.4;0.1;0.0;49.0;2255.0
0.0;0.3;0.0;0.0;2255.0
2.8;162.3;6.9;0.0;2255.0
7.2;1328.0;58.3;0.0;2255.0
8.4;1.0;0.3;0.0;2255.0
8.4;0.0;0.0;0.0;2255.0
8.4;0.0;0.0;0.0;2255.0
8.3;0.0;0.0;0.0;2255.0
8.4;0.0;0.0;0.0;2253.0
8.3;0.0;0.0;1.0;2229.0
8.3;0.0;0.0;1.0;2217.0
8.3;0.0;0.0;4.0;2217.0
8.4;0.0;0.0;5.0;2221.0
8.3;0.0;0.0;2.0;2221.0
8.3;0.0;0.0;0.0;2221.0
8.3;0.0;0.0;5.0;2221.0
8.3;0.0;0.0;2.0;2221.0
8.3;0.0;0.0;5.0;2221.0
8.4;0.0;0.0;2.0;2221.0
8.3;0.0;0.0;0.0;2221.0
8.4;0.0;0.0;4.0;2221.0
8.3;0.0;0.0;4.0;2221.0
8.4;0.0;0.0;5.0;2221.0
8.4;0.0;0.0;3.0;2221.0
8.3;0.0;0.0;1.0;2221.0
0.0;0.1;0.0;0.0;2217.0
0.0;0.3;0.0;1.0;2217.0
9.6;1142.4;50.0;0.0;2217.0
8.3;349.5;15.6;0.0;2217.0
8.4;0.0;0.0;1.0;2217.0
8.4;0.0;0.0;1.0;2217.0
8.3;0.0;0.0;0.0;2217.0
8.3;0.0;0.0;0.0;2217.0
8.3;0.0;0.0;0.0;2217.0
8.3;0.0;0.0;0.0;2217.0
8.4;0.0;0.0;0.0;2217.0
8.3;0.0;0.0;0.0;2217.0
8.4;0.0;0.0;0.0;2217.0
8.3;0.0;0.0;0.0;2217.0
8.4;0.0;0.0;0.0;2217.0
8.4;0.0;0.0;0.0;2217.0
8.4;0.0;0.0;0.0;2217.0
8.4;0.0;0.0;1.0;2217.0
8.3;0.0;0.0;1.0;2217.0
8.4;0.0;0.0;0.0;2217.0
8.3;0.0;0.0;0.0;2217.0
8.3;0.0;0.0;1.0;2217.0
8.3;0.0;0.0;2.0;2217.0
8.3;0.0;0.0;1.0;2217.0
8.3;1.0;0.3;1.0;2217.0
8.3;0.0;0.0;1.0;2217.0
8.4;0.0;0.0;2.0;2217.0
8.3;0.0;0.0;5.0;2217.0
8.3;0.0;0.0;0.0;2217.0
8.4;0.0;0.0;0.0;2217.0
8.3;0.0;0.0;0.0;2217.0
8.4;0.0;0.0;0.0;2217.0
8.3;0.0;0.0;0.0;2217.0
8.4;0.0;0.0;0.0;2217.0
19.1;0.2;0.0;62.0;2233.0
8.3;0.0;0.0;31.0;2333.0
8.4;0.0;0.0;41.0;2429.0
8.3;0.0;0.0;30.0;2527.0
8.3;0.0;0.0;34.0;2625.0
19.4;0.0;0.0;50.0;5051.0
50.2;0.0;0.0;51.0;5051.0
8.3;0.0;0.0;53.0;5051.0
8.4;0.0;0.0;54.0;5051.0
8.3;0.0;0.0;53.0;5051.0
8.4;0.0;0.0;40.0;5051.0
8.3;0.0;0.0;54.0;5057.0
8.4;0.0;0.0;53.0;5057.0
8.4;0.0;0.0;53.0;5057.0
8.3;0.0;0.0;54.0;5051.0
8.4;0.0;0.0;58.0;5066.0
8.3;0.0;0.0;53.0;5068.0
8.3;0.0;0.0;56.0;5048.0
8.3;0.0;0.0;56.0;5053.0
8.4;0.0;0.0;49.0;5056.0
0.0;10.6;0.8;2.0;5063.0
0.0;0.3;0.0;3.0;5055.0
9.6;1117.9;48.9;5.0;5055.0
8.3;374.7;16.7;1.0;5055.0
8.3;0.0;0.0;1.0;5055.0
8.4;0.0;0.0;2.0;5051.0
8.3;0.0;0.0;1.0;5051.0
8.4;0.0;0.0;3.0;5055.0
8.3;0.0;0.0;7.0;5055.0
8.4;0.0;0.0;2.0;5055.0
8.4;0.0;0.0;0.0;5055.0
8.4;0.0;0.0;0.0;5055.0
8.4;0.0;0.0;0.0;5055.0
8.3;0.0;0.0;0.0;5055.0
8.4;0.0;0.0;0.0;5055.0
8.3;0.0;0.0;1.0;5055.0
8.3;0.0;0.0;7.0;5055.0
8.3;0.0;0.0;1.0;5055.0
8.3;0.0;0.0;8.0;5055.0
8.4;0.0;0.0;15.0;5064.0
8.3;0.0;0.0;0.0;5064.0
8.3;0.0;0.0;0.0;5064.0
8.4;0.0;0.0;0.0;5064.0
8.3;0.0;0.0;0.0;5064.0
0.0;0.1;0.0;0.0;5064.0
0.0;0.3;0.0;39.0;5084.0
14.0;808.0;35.3;20.0;5084.0
8.3;681.9;29.9;12.0;5068.0
8.3;1.0;0.3;0.0;5068.0
8.4;0.0;0.0;1.0;5068.0
8.4;0.0;0.0;0.0;5068.0
8.3;0.0;0.0;0.0;5068.0
8.3;0.0;0.0;0.0;5068.0
8.3;0.0;0.0;0.0;5068.0
8.3;0.0;0.0;0.0;5068.0
8.4;0.0;0.0;0.0;5068.0
8.4;0.0;0.0;1.0;5068.0
8.3;0.0;0.0;0.0;5068.0
8.3;0.0;0.0;0.0;5068.0
8.3;0.0;0.0;0.0;5068.0
8.3;0.0;0.0;0.0;5068.0
8.4;0.0;0.0;0.0;5068.0
8.3;0.0;0.0;0.0;5068.0
8.4;0.0;0.0;1.0;5068.0
8.4;0.0;0.0;0.0;5068.0
8.4;0.0;0.0;1.0;5068.0
8.4;0.0;0.0;0.0;5068.0
8.4;0.0;0.0;0.0;5068.0
8.4;1.0;0.3;0.0;5068.0
8.3;0.0;0.0;0.0;5068.0
8.4;0.0;0.0;0.0;5068.0
8.3;0.0;0.0;38.0;5084.0
8.4;0.0;0.0;6.0;5084.0
8.4;0.0;0.0;0.0;5084.0
8.3;0.0;0.0;0.0;5084.0
8.4;0.0;0.0;1.0;5084.0
8.3;0.0;0.0;0.0;5084.0
