8.4;4.6;0.4;0.0;647.0


8.3;128.6;7.6;0.0;647.0


7.2;93.4;7.4;0.0;647.0


2.1;83.8;8.3;0.0;647.0


0.0;0.3;0.0;0.0;647.0


4.2;27.5;1.0;0.0;647.0


8.3;2.3;0.2;0.0;796.0


8.3;0.0;0.0;6.0;934.0


8.3;0.0;0.0;7.0;1072.0


8.3;0.0;0.0;5.0;1194.0


8.4;0.2;0.0;5.0;1330.0


8.3;70.2;67.7;11.0;1452.0


8.4;84.8;353.6;26.0;2032.0


6.9;0.1;0.0;16.0;2032.0


1.4;0.3;0.0;0.0;2032.0


6.2;228.0;9.7;0.0;2032.0


8.4;1264.1;55.5;0.0;2032.0


8.4;1.0;0.3;0.0;2032.0


8.3;0.0;0.0;0.0;2032.0


8.4;0.0;0.0;0.0;2032.0


8.3;0.0;0.0;0.0;2032.0


8.3;0.0;0.0;0.0;2032.0


8.3;0.0;0.0;0.0;2032.0


8.4;0.0;0.0;0.0;2032.0


8.4;0.0;0.0;0.0;2032.0


8.3;0.0;0.0;0.0;2032.0


8.3;0.0;0.0;0.0;2032.0


8.3;0.0;0.0;0.0;2032.0


8.3;0.0;0.0;0.0;2032.0


8.4;0.0;0.0;0.0;2032.0


8.3;0.0;0.0;0.0;2032.0


8.4;0.0;0.0;0.0;2032.0


8.4;0.0;0.0;0.0;2032.0


8.4;0.0;0.0;0.0;2032.0


8.4;0.0;0.0;0.0;2032.0


8.4;0.0;0.0;0.0;2032.0


8.4;0.0;0.0;0.0;2032.0


0.0;0.1;0.0;0.0;2032.0


0.0;0.3;0.0;0.0;2032.0


8.3;574.8;25.0;0.0;2032.0


8.4;916.5;40.3;0.0;2032.0


8.4;1.0;0.3;0.0;2032.0


8.3;0.0;0.0;0.0;2032.0


8.4;0.0;0.0;0.0;2032.0


8.3;0.0;0.0;0.0;2032.0


8.3;0.0;0.0;0.0;2032.0


8.4;0.0;0.0;0.0;2032.0


8.3;0.0;0.0;0.0;2032.0


8.4;0.0;0.0;0.0;2032.0


8.3;0.0;0.0;0.0;2032.0


8.4;0.0;0.0;0.0;2032.0


8.3;0.0;0.0;0.0;2032.0


8.3;0.0;0.0;0.0;2032.0


8.4;0.0;0.0;0.0;2032.0


8.3;0.0;0.0;0.0;2032.0


8.3;0.0;0.0;0.0;2032.0


8.3;0.0;0.0;0.0;2032.0


8.3;0.0;0.0;0.0;2032.0


8.3;0.0;0.0;0.0;2032.0


8.3;0.0;0.0;0.0;2032.0


8.4;0.0;0.0;0.0;2032.0


8.3;1.0;0.3;0.0;2032.0


8.3;0.0;0.0;0.0;2032.0


8.3;0.0;0.0;0.0;2032.0


8.3;0.0;0.0;0.0;2032.0


8.4;0.0;0.0;0.0;2032.0


8.3;0.0;0.0;0.0;2032.0


8.4;0.0;0.0;0.0;2032.0


8.4;0.0;0.0;0.0;2032.0


8.4;0.0;0.0;0.0;2032.0


8.4;0.0;0.0;0.0;2032.0


8.4;0.2;0.0;70.0;2284.0


8.4;0.0;0.0;40.0;3038.0


8.3;0.0;0.0;43.0;3818.0


8.3;0.0;0.0;45.0;4574.0


8.3;0.0;0.0;40.0;5354.0


8.3;0.0;0.0;55.0;6132.0


21.5;0.0;0.0;42.0;7032.0


8.3;0.0;0.0;6.0;7376.0


44.2;0.0;0.0;51.0;7376.0


8.3;0.0;0.0;54.0;7376.0


8.3;0.0;0.0;54.0;7376.0


8.4;0.0;0.0;54.0;7376.0


8.3;0.0;0.0;54.0;7376.0


8.4;0.0;0.0;53.0;7376.0


8.3;0.0;0.0;55.0;7376.0


8.4;0.0;0.0;54.0;7376.0


8.4;0.0;0.0;54.0;7376.0


8.4;0.0;0.0;54.0;7376.0


8.4;0.0;0.0;52.0;7376.0


8.3;0.0;0.0;54.0;7376.0


7.2;10.6;0.8;8.0;7376.0


0.0;0.3;0.0;0.0;7376.0


5.5;177.3;7.6;0.0;7376.0


8.4;1313.5;57.7;0.0;7376.0


8.3;1.0;0.3;0.0;7376.0


8.4;0.0;0.0;0.0;7376.0


8.3;0.0;0.0;0.0;7376.0


8.3;0.0;0.0;0.0;7376.0


8.4;0.0;0.0;0.0;7376.0


8.3;0.0;0.0;0.0;7376.0


8.4;0.0;0.0;0.0;7376.0


8.3;0.0;0.0;0.0;7376.0


8.4;0.0;0.0;0.0;7376.0


8.3;0.0;0.0;0.0;7376.0


8.3;0.0;0.0;0.0;7376.0


8.4;0.0;0.0;0.0;7376.0


8.3;0.0;0.0;0.0;7376.0


8.4;0.0;0.0;0.0;7376.0


8.3;0.0;0.0;0.0;7376.0


8.3;0.0;0.0;0.0;7376.0


8.3;0.0;0.0;0.0;7376.0


8.4;0.0;0.0;0.0;7376.0


8.4;0.0;0.0;0.0;7376.0


8.3;0.0;0.0;0.0;7376.0


0.0;0.1;0.0;0.0;7376.0


0.0;0.3;0.0;0.0;7376.0


9.4;566.9;24.7;0.0;7376.0


8.3;924.0;40.6;0.0;7376.0


8.3;1.0;0.3;0.0;7376.0


8.4;0.0;0.0;0.0;7376.0


8.4;0.0;0.0;0.0;7376.0


8.4;0.0;0.0;0.0;7376.0


8.4;0.0;0.0;0.0;7376.0


8.4;0.0;0.0;0.0;7376.0


8.4;0.0;0.0;0.0;7376.0


8.3;0.0;0.0;0.0;7376.0


8.4;0.0;0.0;0.0;7376.0


8.3;0.0;0.0;0.0;7376.0


8.3;0.0;0.0;0.0;7376.0


8.4;0.0;0.0;0.0;7376.0


8.3;0.0;0.0;0.0;7376.0


8.4;0.0;0.0;0.0;7376.0


8.3;0.0;0.0;0.0;7376.0


8.3;0.0;0.0;0.0;7376.0


8.4;0.0;0.0;0.0;7376.0


8.3;0.0;0.0;0.0;7376.0


8.4;0.0;0.0;0.0;7376.0


8.3;0.0;0.0;0.0;7376.0


8.4;1.0;0.3;0.0;7376.0


8.3;0.0;0.0;0.0;7376.0


8.3;0.0;0.0;0.0;7376.0


8.4;0.0;0.0;0.0;7376.0


8.3;0.0;0.0;0.0;7376.0


8.3;0.0;0.0;0.0;7376.0


8.3;0.0;0.0;0.0;7376.0


8.3;0.0;0.0;0.0;7376.0


8.3;0.0;0.0;0.0;7376.0


8.4;0.0;0.0;0.0;7376.0


19.8;0.0;0.0;25.0;7378.0


8.3;0.0;0.0;37.0;7378.0


8.3;0.0;0.0;56.0;7378.0


8.3;0.0;0.0;56.0;7378.0


8.3;0.0;0.0;56.0;7378.0


49.9;0.0;0.0;41.0;7594.0


8.3;0.0;0.0;54.0;7594.0


8.4;0.0;0.0;53.0;7594.0


8.4;0.0;0.0;53.0;7594.0


8.4;0.0;0.0;53.0;7594.0


8.4;0.0;0.0;53.0;7594.0


8.4;0.0;0.0;54.0;7594.0


8.4;0.0;0.0;54.0;7594.0


8.3;0.0;0.0;53.0;7594.0


8.4;0.0;0.0;53.0;7594.0


8.3;0.0;0.0;51.0;7594.0


8.3;0.0;0.0;54.0;7594.0


8.4;0.0;0.0;54.0;7594.0


0.0;10.6;0.8;0.0;7594.0


0.0;0.3;0.0;0.0;7594.0


6.9;1193.6;52.2;0.0;7594.0


8.3;298.4;13.3;0.0;7594.0


8.4;0.0;0.0;0.0;7594.0


8.3;0.0;0.0;0.0;7594.0


8.4;0.0;0.0;0.0;7594.0


8.3;0.0;0.0;0.0;7594.0


8.4;0.0;0.0;0.0;7594.0


8.3;0.0;0.0;0.0;7594.0


8.3;0.0;0.0;0.0;7594.0


8.4;0.0;0.0;0.0;7594.0


8.3;0.0;0.0;0.0;7594.0


8.3;0.0;0.0;0.0;7594.0


8.3;0.0;0.0;0.0;7594.0


8.3;0.0;0.0;0.0;7594.0


8.3;0.0;0.0;0.0;7594.0


8.3;0.0;0.0;0.0;7594.0


8.4;0.0;0.0;0.0;7594.0


8.3;0.0;0.0;0.0;7594.0


8.3;0.0;0.0;0.0;7594.0


8.3;0.0;0.0;0.0;7594.0


8.3;0.0;0.0;0.0;7594.0


8.4;0.1;0.0;0.0;7594.0


0.0;0.3;0.0;0.0;7594.0


6.0;231.0;9.9;0.0;7594.0


8.4;1260.8;55.4;0.0;7594.0


8.4;1.0;0.3;0.0;7594.0


8.4;0.0;0.0;0.0;7594.0


8.4;0.0;0.0;0.0;7594.0


8.4;0.0;0.0;0.0;7594.0


8.3;0.0;0.0;0.0;7594.0


8.3;0.0;0.0;0.0;7594.0


8.3;0.0;0.0;0.0;7594.0


8.3;0.0;0.0;0.0;7594.0


8.4;0.0;0.0;0.0;7594.0


8.3;0.0;0.0;0.0;7594.0


8.4;0.0;0.0;0.0;7594.0


8.3;0.0;0.0;0.0;7594.0


8.3;0.0;0.0;0.0;7594.0


8.4;0.0;0.0;0.0;7594.0


8.3;0.0;0.0;0.0;7594.0


8.4;0.0;0.0;0.0;7594.0


8.4;0.0;0.0;0.0;7594.0


8.4;0.0;0.0;0.0;7594.0


8.3;0.0;0.0;0.0;7594.0


8.3;0.0;0.0;0.0;7594.0


8.4;1.0;0.3;0.0;7594.0


8.3;0.0;0.0;0.0;7594.0


8.3;0.0;0.0;0.0;7594.0


8.3;0.0;0.0;0.0;7594.0


8.3;0.0;0.0;0.0;7594.0


8.4;0.0;0.0;0.0;7594.0


8.3;0.0;0.0;0.0;7594.0


8.3;0.0;0.0;0.0;7594.0


8.3;0.0;0.0;0.0;7594.0


8.3;0.0;0.0;0.0;7594.0


8.3;0.0;0.0;1.0;7594.0


8.4;0.0;0.0;43.0;7594.0


8.4;0.0;0.0;56.0;7594.0


8.3;0.0;0.0;56.0;7594.0


8.4;0.0;0.0;59.0;7594.0


50.2;0.0;0.0;50.0;7594.0


8.3;0.0;0.0;55.0;7594.0


8.4;0.0;0.0;54.0;7594.0


8.4;0.0;0.0;54.0;7594.0


8.4;0.0;0.0;51.0;7594.0


8.3;0.0;0.0;53.0;7594.0


8.3;0.0;0.0;54.0;7594.0


8.3;0.0;0.0;54.0;7594.0


8.4;0.0;0.0;54.0;7594.0


8.4;0.0;0.0;54.0;7594.0


8.3;0.0;0.0;54.0;7594.0


8.4;0.0;0.0;55.0;7594.0


8.3;6.1;0.5;53.0;7594.0


0.0;4.8;0.3;0.0;7594.0


4.8;181.2;7.7;0.0;7594.0


8.3;1309.9;57.5;0.0;7594.0


8.4;1.0;0.3;0.0;7594.0


8.4;0.0;0.0;0.0;7594.0


8.4;0.0;0.0;0.0;7594.0


8.4;0.0;0.0;0.0;7594.0


8.4;0.0;0.0;0.0;7594.0


8.4;0.0;0.0;0.0;7594.0


8.3;0.0;0.0;0.0;7594.0


8.3;0.0;0.0;0.0;7594.0


8.3;0.0;0.0;0.0;7594.0


8.3;0.0;0.0;0.0;7594.0


8.4;0.0;0.0;0.0;7594.0


8.3;0.0;0.0;0.0;7594.0


8.3;0.0;0.0;0.0;7594.0


8.3;0.0;0.0;0.0;7594.0


8.3;0.0;0.0;0.0;7594.0


8.3;0.0;0.0;0.0;7594.0


8.3;0.0;0.0;0.0;7594.0


8.4;0.0;0.0;0.0;7594.0


8.3;0.0;0.0;0.0;7594.0


8.3;0.0;0.0;0.0;7594.0


0.0;0.1;0.0;0.0;7594.0


0.0;0.3;0.0;0.0;7594.0


8.4;531.5;23.1;0.0;7594.0


8.4;959.9;42.2;0.0;7594.0


8.4;1.0;0.3;0.0;7594.0


8.3;0.0;0.0;0.0;7594.0


8.3;0.0;0.0;0.0;7594.0


8.3;0.0;0.0;0.0;7594.0


8.3;0.0;0.0;0.0;7594.0


8.4;0.0;0.0;0.0;7594.0


8.3;0.0;0.0;0.0;7594.0


8.4;0.0;0.0;0.0;7594.0


8.4;0.0;0.0;0.0;7594.0


8.3;0.0;0.0;0.0;7594.0


8.4;0.0;0.0;0.0;7594.0


8.3;0.0;0.0;0.0;7594.0


8.4;0.0;0.0;0.0;7594.0


8.4;0.0;0.0;0.0;7594.0


8.4;0.0;0.0;0.0;7594.0


8.4;0.0;0.0;0.0;7594.0


8.3;0.0;0.0;0.0;7594.0


8.4;0.0;0.0;0.0;7594.0


8.3;0.0;0.0;0.0;7594.0


8.4;0.0;0.0;0.0;7594.0


8.3;1.0;0.3;0.0;7594.0


8.3;0.0;0.0;0.0;7594.0


8.4;0.0;0.0;0.0;7594.0


8.3;0.0;0.0;0.0;7594.0


8.3;0.0;0.0;0.0;7594.0


8.3;0.0;0.0;0.0;7594.0


8.3;0.0;0.0;0.0;7594.0


8.3;0.0;0.0;0.0;7594.0


8.3;0.0;0.0;0.0;7594.0


8.4;0.0;0.0;0.0;7594.0


7.1;0.0;0.0;42.0;7594.0


