7.1;16.2;2.0;0.0;647.0


8.3;128.6;7.6;0.0;647.0


8.3;93.6;7.4;0.0;647.0


2.4;83.6;8.3;0.0;647.0


0.0;0.3;0.0;0.0;647.0


4.2;26.5;1.0;0.0;647.0


8.3;2.3;0.2;2.0;786.0


8.3;0.0;0.0;5.0;922.0


8.3;0.0;0.0;5.0;1050.0


8.3;0.0;0.0;6.0;1178.0


8.3;0.2;0.0;4.0;1284.0


8.4;70.2;67.7;11.0;1436.0


8.4;45.4;130.0;16.0;1856.0


50.2;39.4;223.6;68.0;2040.0


0.0;0.1;0.0;0.0;2040.0


0.0;0.3;0.0;0.0;2040.0


8.4;1204.9;52.7;0.0;2040.0


8.3;286.8;12.8;0.0;2040.0


8.3;0.0;0.0;0.0;2040.0


8.3;0.0;0.0;0.0;2040.0


8.3;0.0;0.0;0.0;2040.0


8.4;0.0;0.0;0.0;2040.0


8.3;0.0;0.0;0.0;2040.0


8.4;0.0;0.0;0.0;2040.0


8.3;0.0;0.0;0.0;2040.0


8.3;0.0;0.0;0.0;2040.0


8.4;0.0;0.0;0.0;2040.0


8.3;0.0;0.0;0.0;2040.0


8.4;0.0;0.0;0.0;2040.0


8.3;0.0;0.0;0.0;2040.0


8.4;0.0;0.0;0.0;2040.0


8.3;0.0;0.0;0.0;2040.0


8.3;0.0;0.0;0.0;2040.0


8.4;0.0;0.0;0.0;2040.0


8.3;0.0;0.0;0.0;2040.0


8.3;0.0;0.0;0.0;2040.0


8.3;0.0;0.0;0.0;2040.0


4.2;0.1;0.0;0.0;2040.0


1.4;0.3;0.0;0.0;2040.0


7.2;230.8;9.9;0.0;2040.0


8.4;1260.2;55.4;0.0;2040.0


8.3;1.0;0.3;0.0;2040.0


8.3;0.0;0.0;0.0;2040.0


8.3;0.0;0.0;0.0;2040.0


8.3;0.0;0.0;0.0;2040.0


8.4;0.0;0.0;0.0;2040.0


8.3;0.0;0.0;0.0;2040.0


8.4;0.0;0.0;0.0;2040.0


8.4;0.0;0.0;0.0;2040.0


8.4;0.0;0.0;0.0;2040.0


8.4;0.0;0.0;0.0;2040.0


8.4;0.0;0.0;0.0;2040.0


8.4;0.0;0.0;0.0;2040.0


8.3;0.0;0.0;0.0;2040.0


8.4;0.0;0.0;0.0;2040.0


8.3;0.0;0.0;0.0;2040.0


8.3;0.0;0.0;0.0;2040.0


8.4;0.0;0.0;0.0;2040.0


8.3;0.0;0.0;0.0;2040.0


8.4;0.0;0.0;0.0;2040.0


8.3;0.0;0.0;0.0;2040.0


8.3;1.0;0.3;0.0;2040.0


8.4;0.0;0.0;0.0;2040.0


8.3;0.0;0.0;0.0;2040.0


8.4;0.0;0.0;0.0;2040.0


8.4;0.0;0.0;0.0;2040.0


8.4;0.0;0.0;0.0;2040.0


8.3;0.0;0.0;0.0;2040.0


8.3;0.0;0.0;0.0;2040.0


8.4;0.0;0.0;0.0;2040.0


8.3;0.0;0.0;0.0;2040.0


8.3;0.0;0.0;5.0;2152.0


8.3;0.2;0.0;52.0;2916.0


8.3;0.0;0.0;38.0;3674.0


8.4;0.0;0.0;41.0;4452.0


8.3;0.0;0.0;47.0;5230.0


8.4;0.0;0.0;40.0;5986.0


8.3;0.0;0.0;63.0;6762.0


8.3;0.0;0.0;44.0;7146.0


49.7;0.0;0.0;40.0;7362.0


8.3;0.0;0.0;54.0;7362.0


8.4;0.0;0.0;54.0;7362.0


8.3;0.0;0.0;54.0;7362.0


8.4;0.0;0.0;53.0;7362.0


8.3;0.0;0.0;54.0;7362.0


8.4;0.0;0.0;54.0;7362.0


8.4;0.0;0.0;54.0;7362.0


8.4;0.0;0.0;54.0;7362.0


8.4;0.0;0.0;53.0;7362.0


8.3;0.0;0.0;52.0;7362.0


8.3;0.0;0.0;54.0;7362.0


8.3;0.0;0.0;54.0;7362.0


0.0;10.6;0.8;0.0;7362.0


0.0;0.3;0.0;0.0;7362.0


8.3;1185.0;51.8;0.0;7362.0


8.4;307.1;13.7;0.0;7362.0


8.3;0.0;0.0;0.0;7362.0


8.3;0.0;0.0;0.0;7362.0


8.4;0.0;0.0;0.0;7362.0


8.3;0.0;0.0;0.0;7362.0


8.4;0.0;0.0;0.0;7362.0


8.4;0.0;0.0;0.0;7362.0


8.4;0.0;0.0;0.0;7362.0


8.4;0.0;0.0;0.0;7362.0


8.3;0.0;0.0;0.0;7362.0


8.4;0.0;0.0;0.0;7362.0


8.3;0.0;0.0;0.0;7362.0


8.3;0.0;0.0;0.0;7362.0


8.3;0.0;0.0;0.0;7362.0


8.3;0.0;0.0;0.0;7362.0


8.4;0.0;0.0;0.0;7362.0


8.3;0.0;0.0;0.0;7362.0


8.3;0.0;0.0;0.0;7362.0


8.3;0.0;0.0;0.0;7362.0


8.3;0.0;0.0;0.0;7362.0


8.3;0.1;0.0;0.0;7362.0


0.0;0.3;0.0;0.0;7362.0


4.2;179.1;7.6;0.0;7362.0


9.7;1313.1;57.7;0.0;7362.0


8.4;1.0;0.3;0.0;7362.0


8.4;0.0;0.0;0.0;7362.0


8.3;0.0;0.0;0.0;7362.0


8.4;0.0;0.0;0.0;7362.0


8.4;0.0;0.0;0.0;7362.0


8.4;0.0;0.0;0.0;7362.0


8.3;0.0;0.0;0.0;7362.0


8.3;0.0;0.0;0.0;7362.0


8.3;0.0;0.0;0.0;7362.0


8.3;0.0;0.0;0.0;7362.0


8.4;0.0;0.0;0.0;7362.0


8.3;0.0;0.0;0.0;7362.0


8.4;0.0;0.0;0.0;7362.0


8.4;0.0;0.0;0.0;7362.0


8.3;0.0;0.0;0.0;7362.0


8.4;0.0;0.0;0.0;7362.0


8.3;0.0;0.0;0.0;7362.0


8.4;0.0;0.0;0.0;7362.0


8.4;0.0;0.0;0.0;7362.0


8.4;0.0;0.0;0.0;7362.0


8.4;1.0;0.3;0.0;7362.0


8.3;0.0;0.0;0.0;7362.0


8.4;0.0;0.0;0.0;7362.0


8.3;0.0;0.0;0.0;7362.0


8.4;0.0;0.0;0.0;7362.0


8.3;0.0;0.0;0.0;7362.0


8.4;0.0;0.0;0.0;7362.0


8.4;0.0;0.0;0.0;7362.0


8.3;0.0;0.0;0.0;7362.0


8.3;0.0;0.0;0.0;7362.0


8.3;0.0;0.0;37.0;7364.0


8.4;0.0;0.0;37.0;7364.0


8.4;0.0;0.0;56.0;7364.0


8.4;0.0;0.0;56.0;7364.0


8.4;0.0;0.0;56.0;7366.0


50.2;0.0;0.0;39.0;7582.0


8.3;0.0;0.0;55.0;7582.0


8.4;0.0;0.0;54.0;7582.0


8.3;0.0;0.0;55.0;7582.0


8.3;0.0;0.0;54.0;7582.0


8.4;0.0;0.0;53.0;7582.0


8.3;0.0;0.0;54.0;7582.0


8.4;0.0;0.0;54.0;7582.0


8.3;0.0;0.0;54.0;7582.0


8.3;0.0;0.0;54.0;7582.0


8.3;0.0;0.0;54.0;7582.0


8.3;0.0;0.0;55.0;7582.0


8.4;0.0;0.0;55.0;7582.0


0.0;10.6;0.8;0.0;7582.0


0.0;0.3;0.0;0.0;7582.0


8.3;1251.5;54.7;0.0;7582.0


8.3;240.8;10.8;0.0;7582.0


8.4;0.0;0.0;0.0;7582.0


8.3;0.0;0.0;0.0;7582.0


8.3;0.0;0.0;0.0;7582.0


8.3;0.0;0.0;0.0;7582.0


8.3;0.0;0.0;0.0;7582.0


8.3;0.0;0.0;0.0;7582.0


8.3;0.0;0.0;0.0;7582.0


8.4;0.0;0.0;0.0;7582.0


8.3;0.0;0.0;0.0;7582.0


8.3;0.0;0.0;0.0;7582.0


8.3;0.0;0.0;0.0;7582.0


8.3;0.0;0.0;0.0;7582.0


8.4;0.0;0.0;0.0;7582.0


8.3;0.0;0.0;0.0;7582.0


8.4;0.0;0.0;0.0;7582.0


8.4;0.0;0.0;0.0;7582.0


8.4;0.0;0.0;0.0;7582.0


8.4;0.0;0.0;0.0;7582.0


8.4;0.0;0.0;0.0;7582.0


8.4;0.0;0.0;0.0;7582.0


0.0;0.1;0.0;0.0;7582.0


0.0;0.3;0.0;0.0;7582.0


9.5;1246.6;54.5;0.0;7582.0


8.3;245.4;11.0;0.0;7582.0


8.4;0.0;0.0;0.0;7582.0


8.3;0.0;0.0;0.0;7582.0


8.4;0.0;0.0;0.0;7582.0


8.3;0.0;0.0;0.0;7582.0


8.3;0.0;0.0;0.0;7582.0


8.4;0.0;0.0;0.0;7582.0


8.3;0.0;0.0;0.0;7582.0


8.4;0.0;0.0;0.0;7582.0


8.4;0.0;0.0;0.0;7582.0


8.4;0.0;0.0;0.0;7582.0


8.3;0.0;0.0;0.0;7582.0


8.3;0.0;0.0;0.0;7582.0


8.4;0.0;0.0;0.0;7582.0


8.3;0.0;0.0;0.0;7582.0


8.3;0.0;0.0;0.0;7582.0


8.3;0.0;0.0;0.0;7582.0


8.3;0.0;0.0;0.0;7582.0


8.4;0.0;0.0;0.0;7582.0


8.3;0.0;0.0;0.0;7582.0


8.4;1.0;0.3;0.0;7582.0


8.3;0.0;0.0;0.0;7582.0


8.3;0.0;0.0;0.0;7582.0


8.3;0.0;0.0;0.0;7582.0


8.3;0.0;0.0;0.0;7582.0


8.4;0.0;0.0;0.0;7582.0


8.3;0.0;0.0;0.0;7582.0


8.4;0.0;0.0;0.0;7582.0


8.4;0.0;0.0;0.0;7582.0


8.4;0.0;0.0;0.0;7582.0


8.4;0.0;0.0;0.0;7582.0


7.0;0.0;0.0;66.0;7582.0


8.4;0.0;0.0;56.0;7582.0


8.3;0.0;0.0;56.0;7582.0


8.3;0.0;0.0;55.0;7582.0


49.7;0.0;0.0;34.0;7582.0


8.3;0.0;0.0;54.0;7582.0


8.4;0.0;0.0;54.0;7582.0


8.3;0.0;0.0;54.0;7582.0


8.4;0.0;0.0;54.0;7582.0


8.3;0.0;0.0;53.0;7582.0


8.3;0.0;0.0;54.0;7582.0


8.4;0.0;0.0;54.0;7582.0


8.3;0.0;0.0;54.0;7582.0


8.4;0.0;0.0;54.0;7582.0


8.3;0.0;0.0;53.0;7582.0


8.4;0.0;0.0;54.0;7582.0


8.4;0.0;0.0;54.0;7582.0


0.0;10.6;0.8;0.0;7582.0


0.0;0.3;0.0;0.0;7582.0


9.5;843.3;36.8;0.0;7582.0


8.3;650.2;28.8;0.0;7582.0


8.3;0.0;0.0;0.0;7582.0


8.3;0.0;0.0;0.0;7582.0


8.4;0.0;0.0;0.0;7582.0


8.3;0.0;0.0;0.0;7582.0


8.3;0.0;0.0;0.0;7582.0


8.3;0.0;0.0;0.0;7582.0


8.3;0.0;0.0;0.0;7582.0


8.3;0.0;0.0;0.0;7582.0


8.3;0.0;0.0;0.0;7582.0


8.4;0.0;0.0;0.0;7582.0


8.3;0.0;0.0;0.0;7582.0


8.4;0.0;0.0;0.0;7582.0


8.4;0.0;0.0;0.0;7582.0


8.3;0.0;0.0;0.0;7582.0


8.4;0.0;0.0;0.0;7582.0


8.4;0.0;0.0;0.0;7582.0


8.4;0.0;0.0;0.0;7582.0


8.3;0.0;0.0;0.0;7582.0


8.3;0.0;0.0;0.0;7582.0


8.3;0.0;0.0;0.0;7582.0


0.0;0.1;0.0;0.0;7582.0


0.0;0.3;0.0;0.0;7582.0


8.3;1172.7;51.3;0.0;7582.0


8.4;320.1;14.3;0.0;7582.0


8.4;0.0;0.0;0.0;7582.0


8.3;0.0;0.0;0.0;7582.0


8.4;0.0;0.0;0.0;7582.0


8.3;0.0;0.0;0.0;7582.0


8.4;0.0;0.0;0.0;7582.0


8.4;0.0;0.0;0.0;7582.0


8.4;0.0;0.0;0.0;7582.0


8.4;0.0;0.0;0.0;7582.0


8.3;0.0;0.0;0.0;7582.0


8.4;0.0;0.0;0.0;7582.0


8.3;0.0;0.0;0.0;7582.0


8.4;0.0;0.0;0.0;7582.0


8.3;0.0;0.0;0.0;7582.0


8.3;0.0;0.0;0.0;7582.0


8.4;0.0;0.0;0.0;7582.0


8.3;0.0;0.0;0.0;7582.0


8.3;0.0;0.0;0.0;7582.0


8.3;0.0;0.0;0.0;7582.0


8.3;0.0;0.0;0.0;7582.0


8.3;1.0;0.3;0.0;7582.0


8.3;0.0;0.0;0.0;7582.0


8.4;0.0;0.0;0.0;7582.0


8.4;0.0;0.0;0.0;7582.0


8.3;0.0;0.0;0.0;7582.0


8.4;0.0;0.0;0.0;7582.0


8.3;0.0;0.0;0.0;7582.0


8.4;0.0;0.0;0.0;7582.0


8.4;0.0;0.0;0.0;7582.0


8.4;0.0;0.0;0.0;7582.0


8.3;0.0;0.0;0.0;7582.0


