7.1;10.0;1.2;0.0;647.0


8.4;133.6;7.3;0.0;647.0


8.4;106.2;9.4;0.0;647.0


0.0;56.0;5.4;0.0;647.0


0.0;0.3;0.0;0.0;647.0


7.1;27.3;1.1;0.0;647.0


8.4;0.3;0.0;6.0;820.0


8.3;0.0;0.0;5.0;954.0


8.3;0.0;0.0;7.0;1108.0


8.4;0.2;0.0;5.0;1218.0


8.3;0.0;0.0;4.0;1394.0


8.4;70.2;67.7;2.0;1616.0


8.3;84.8;353.6;21.0;2070.0


8.4;0.1;0.0;61.0;2070.0


0.0;0.3;0.0;0.0;2070.0


7.3;226.3;9.7;0.0;2070.0


8.4;1265.0;55.6;0.0;2070.0


8.3;1.0;0.3;0.0;2070.0


8.4;0.0;0.0;0.0;2070.0


8.3;0.0;0.0;0.0;2070.0


8.3;0.0;0.0;0.0;2070.0


8.4;0.0;0.0;0.0;2070.0


8.3;0.0;0.0;0.0;2070.0


8.3;0.0;0.0;0.0;2070.0


8.3;0.0;0.0;0.0;2070.0


8.3;0.0;0.0;0.0;2070.0


8.3;0.0;0.0;0.0;2070.0


8.4;0.0;0.0;0.0;2070.0


8.4;0.0;0.0;0.0;2070.0


8.3;0.0;0.0;0.0;2070.0


8.3;0.0;0.0;0.0;2070.0


8.3;0.0;0.0;0.0;2070.0


8.3;0.0;0.0;0.0;2070.0


8.4;0.0;0.0;0.0;2070.0


8.3;0.0;0.0;0.0;2070.0


8.4;0.0;0.0;0.0;2070.0


8.4;0.0;0.0;0.0;2070.0


0.0;0.1;0.0;0.0;2070.0


0.0;0.3;0.0;0.0;2070.0


9.6;570.5;24.8;0.0;2070.0


8.4;921.7;40.5;0.0;2070.0


8.3;1.0;0.3;0.0;2070.0


8.3;0.0;0.0;0.0;2070.0


8.3;0.0;0.0;0.0;2070.0


8.3;0.0;0.0;0.0;2070.0


8.4;0.0;0.0;0.0;2070.0


8.3;0.0;0.0;0.0;2070.0


8.4;0.0;0.0;0.0;2070.0


8.3;0.0;0.0;0.0;2070.0


8.3;0.0;0.0;0.0;2070.0


8.4;0.0;0.0;0.0;2070.0


8.3;0.0;0.0;0.0;2070.0


8.4;0.0;0.0;0.0;2070.0


8.3;0.0;0.0;0.0;2070.0


8.4;0.0;0.0;0.0;2070.0


8.3;0.0;0.0;0.0;2070.0


8.3;0.0;0.0;0.0;2070.0


8.4;0.0;0.0;0.0;2070.0


8.3;0.0;0.0;0.0;2070.0


8.3;0.0;0.0;0.0;2070.0


8.3;0.0;0.0;0.0;2070.0


8.3;1.0;0.3;0.0;2070.0


8.3;0.0;0.0;0.0;2070.0


8.3;0.0;0.0;0.0;2070.0


8.4;0.0;0.0;0.0;2070.0


8.3;0.0;0.0;0.0;2070.0


8.3;0.0;0.0;0.0;2070.0


8.3;0.0;0.0;0.0;2070.0


8.3;0.0;0.0;0.0;2070.0


8.4;0.0;0.0;0.0;2070.0


8.3;0.0;0.0;0.0;2070.0


8.3;0.2;0.0;57.0;2622.0


8.3;0.0;0.0;43.0;3400.0


8.3;0.0;0.0;40.0;4178.0


8.4;0.0;0.0;51.0;4908.0


8.3;0.0;0.0;40.0;5688.0


8.4;0.0;0.0;45.0;6598.0


2.1;0.0;0.0;59.0;6956.0


50.2;0.0;0.0;52.0;7372.0


8.3;0.0;0.0;53.0;7372.0


8.4;0.0;0.0;55.0;7372.0


8.4;0.0;0.0;54.0;7372.0


8.4;0.0;0.0;54.0;7372.0


8.4;0.0;0.0;54.0;7372.0


8.3;0.0;0.0;53.0;7372.0


8.4;0.0;0.0;54.0;7372.0


8.3;0.0;0.0;54.0;7372.0


8.3;0.0;0.0;54.0;7372.0


8.3;0.0;0.0;54.0;7372.0


8.3;0.0;0.0;54.0;7372.0


8.3;0.0;0.0;47.0;7372.0


0.0;10.6;0.8;0.0;7372.0


0.0;0.3;0.0;0.0;7372.0


9.6;1192.7;52.1;0.0;7372.0


8.3;300.0;13.4;0.0;7372.0


8.4;0.0;0.0;0.0;7372.0


8.3;0.0;0.0;0.0;7372.0


8.4;0.0;0.0;0.0;7372.0


8.3;0.0;0.0;0.0;7372.0


8.4;0.0;0.0;0.0;7372.0


8.4;0.0;0.0;0.0;7372.0


8.4;0.0;0.0;0.0;7372.0


8.4;0.0;0.0;0.0;7372.0


8.3;0.0;0.0;0.0;7372.0


8.3;0.0;0.0;0.0;7372.0


8.3;0.0;0.0;0.0;7372.0


8.4;0.0;0.0;0.0;7372.0


8.4;0.0;0.0;0.0;7372.0


8.3;0.0;0.0;0.0;7372.0


8.4;0.0;0.0;0.0;7372.0


8.3;0.0;0.0;0.0;7372.0


8.3;0.0;0.0;0.0;7372.0


8.4;0.0;0.0;0.0;7372.0


8.3;0.0;0.0;0.0;7372.0


6.0;0.1;0.0;0.0;7372.0


1.4;0.3;0.0;0.0;7372.0


4.8;174.7;7.4;0.0;7372.0


8.3;1316.0;57.8;0.0;7372.0


8.4;1.0;0.3;0.0;7372.0


8.4;0.0;0.0;0.0;7372.0


8.3;0.0;0.0;0.0;7372.0


8.4;0.0;0.0;0.0;7372.0


8.3;0.0;0.0;0.0;7372.0


8.4;0.0;0.0;0.0;7372.0


8.3;0.0;0.0;0.0;7372.0


8.3;0.0;0.0;0.0;7372.0


8.3;0.0;0.0;0.0;7372.0


8.3;0.0;0.0;0.0;7372.0


8.4;0.0;0.0;0.0;7372.0


8.4;0.0;0.0;0.0;7372.0


8.3;0.0;0.0;0.0;7372.0


8.4;0.0;0.0;0.0;7372.0


8.3;0.0;0.0;0.0;7372.0


8.4;0.0;0.0;0.0;7372.0


8.3;0.0;0.0;0.0;7372.0


8.4;0.0;0.0;0.0;7372.0


8.4;0.0;0.0;0.0;7372.0


8.3;0.0;0.0;0.0;7372.0


8.4;1.0;0.3;0.0;7372.0


8.3;0.0;0.0;0.0;7372.0


8.4;0.0;0.0;0.0;7372.0


8.3;0.0;0.0;0.0;7372.0


8.4;0.0;0.0;0.0;7372.0


8.4;0.0;0.0;0.0;7372.0


8.3;0.0;0.0;0.0;7372.0


8.3;0.0;0.0;0.0;7372.0


8.3;0.0;0.0;0.0;7372.0


8.3;0.0;0.0;0.0;7372.0


8.3;0.0;0.0;1.0;7374.0


8.3;0.0;0.0;42.0;7374.0


8.4;0.0;0.0;55.0;7374.0


8.3;0.0;0.0;55.0;7374.0


8.4;0.0;0.0;56.0;7376.0


50.4;0.0;0.0;34.0;7592.0


8.4;0.0;0.0;54.0;7592.0


8.4;0.0;0.0;54.0;7592.0


8.3;0.0;0.0;54.0;7592.0


8.4;0.0;0.0;54.0;7592.0


8.3;0.0;0.0;53.0;7592.0


8.3;0.0;0.0;54.0;7592.0


8.4;0.0;0.0;54.0;7592.0


8.3;0.0;0.0;54.0;7592.0


8.4;0.0;0.0;54.0;7592.0


8.3;0.0;0.0;55.0;7592.0


8.3;0.0;0.0;54.0;7592.0


8.3;0.0;0.0;54.0;7592.0


0.0;10.6;0.8;0.0;7592.0


0.0;0.3;0.0;0.0;7592.0


9.7;1212.8;53.1;0.0;7592.0


8.4;279.0;12.5;0.0;7592.0


8.3;0.0;0.0;0.0;7592.0


8.3;0.0;0.0;0.0;7592.0


8.4;0.0;0.0;0.0;7592.0


8.3;0.0;0.0;0.0;7592.0


8.4;0.0;0.0;0.0;7592.0


8.3;0.0;0.0;0.0;7592.0


8.3;0.0;0.0;0.0;7592.0


8.3;0.0;0.0;0.0;7592.0


8.4;0.0;0.0;0.0;7592.0


8.4;0.0;0.0;0.0;7592.0


8.3;0.0;0.0;0.0;7592.0


8.3;0.0;0.0;0.0;7592.0


8.3;0.0;0.0;0.0;7592.0


8.3;0.0;0.0;0.0;7592.0


8.4;0.0;0.0;0.0;7592.0


8.3;0.0;0.0;0.0;7592.0


8.4;0.0;0.0;0.0;7592.0


8.4;0.0;0.0;0.0;7592.0


8.4;0.0;0.0;0.0;7592.0


7.0;0.1;0.0;0.0;7592.0


0.0;0.3;0.0;0.0;7592.0


1.4;179.6;7.6;0.0;7592.0


8.3;1311.6;57.6;0.0;7592.0


8.4;1.0;0.3;0.0;7592.0


8.3;0.0;0.0;0.0;7592.0


8.3;0.0;0.0;0.0;7592.0


8.4;0.0;0.0;0.0;7592.0


8.3;0.0;0.0;0.0;7592.0


8.4;0.0;0.0;0.0;7592.0


8.3;0.0;0.0;0.0;7592.0


8.3;0.0;0.0;0.0;7592.0


8.4;0.0;0.0;0.0;7592.0


8.3;0.0;0.0;0.0;7592.0


8.4;0.0;0.0;0.0;7592.0


8.3;0.0;0.0;0.0;7592.0


8.4;0.0;0.0;0.0;7592.0


8.3;0.0;0.0;0.0;7592.0


8.3;0.0;0.0;0.0;7592.0


8.4;0.0;0.0;0.0;7592.0


8.3;0.0;0.0;0.0;7592.0


8.3;0.0;0.0;0.0;7592.0


8.3;0.0;0.0;0.0;7592.0


8.3;0.0;0.0;0.0;7592.0


8.3;1.0;0.3;0.0;7592.0


8.4;0.0;0.0;0.0;7592.0


8.4;0.0;0.0;0.0;7592.0


8.3;0.0;0.0;0.0;7592.0


8.3;0.0;0.0;0.0;7592.0


8.3;0.0;0.0;0.0;7592.0


8.3;0.0;0.0;0.0;7592.0


8.4;0.0;0.0;0.0;7592.0


8.3;0.0;0.0;0.0;7592.0


8.4;0.0;0.0;0.0;7592.0


8.3;0.0;0.0;65.0;7592.0


8.4;0.0;0.0;40.0;7592.0


8.4;0.0;0.0;56.0;7592.0


8.4;0.0;0.0;56.0;7592.0


8.4;0.0;0.0;57.0;7592.0


49.7;0.0;0.0;40.0;7592.0


8.3;0.0;0.0;53.0;7592.0


8.3;0.0;0.0;54.0;7592.0


8.3;0.0;0.0;54.0;7592.0


8.4;0.0;0.0;53.0;7592.0


8.3;0.0;0.0;53.0;7592.0


8.4;0.0;0.0;54.0;7592.0


8.3;0.0;0.0;51.0;7592.0


8.3;0.0;0.0;54.0;7592.0


8.4;0.0;0.0;54.0;7592.0


8.3;0.0;0.0;54.0;7592.0


8.4;0.0;0.0;54.0;7592.0


8.3;0.0;0.0;21.0;7592.0


0.0;10.6;0.8;0.0;7592.0


0.0;0.3;0.0;0.0;7592.0


6.9;1215.2;53.1;0.0;7592.0


8.4;277.4;12.4;0.0;7592.0


8.3;0.0;0.0;0.0;7592.0


8.3;0.0;0.0;0.0;7592.0


8.3;0.0;0.0;0.0;7592.0


8.3;0.0;0.0;0.0;7592.0


8.3;0.0;0.0;0.0;7592.0


8.3;0.0;0.0;0.0;7592.0


8.4;0.0;0.0;0.0;7592.0


8.3;0.0;0.0;0.0;7592.0


8.3;0.0;0.0;0.0;7592.0


8.3;0.0;0.0;0.0;7592.0


8.3;0.0;0.0;0.0;7592.0


8.4;0.0;0.0;0.0;7592.0


8.3;0.0;0.0;0.0;7592.0


8.4;0.0;0.0;0.0;7592.0


8.4;0.0;0.0;0.0;7592.0


8.4;0.0;0.0;0.0;7592.0


8.4;0.0;0.0;0.0;7592.0


8.4;0.0;0.0;0.0;7592.0


8.4;0.0;0.0;0.0;7592.0


4.7;0.1;0.0;0.0;7592.0


0.0;0.3;0.0;0.0;7592.0


4.7;232.7;10.0;0.0;7592.0


6.9;1258.4;55.3;0.0;7592.0


8.4;1.0;0.3;0.0;7592.0


8.3;0.0;0.0;0.0;7592.0


8.4;0.0;0.0;0.0;7592.0


8.3;0.0;0.0;0.0;7592.0


8.3;0.0;0.0;0.0;7592.0


8.4;0.0;0.0;0.0;7592.0


8.3;0.0;0.0;0.0;7592.0


8.4;0.0;0.0;0.0;7592.0


8.4;0.0;0.0;0.0;7592.0


8.4;0.0;0.0;0.0;7592.0


8.3;0.0;0.0;0.0;7592.0


8.3;0.0;0.0;0.0;7592.0


8.4;0.0;0.0;0.0;7592.0


8.3;0.0;0.0;0.0;7592.0


8.3;0.0;0.0;0.0;7592.0


8.3;0.0;0.0;0.0;7592.0


8.3;0.0;0.0;0.0;7592.0


8.4;0.0;0.0;0.0;7592.0


8.3;0.0;0.0;0.0;7592.0


8.3;0.0;0.0;0.0;7592.0


8.3;1.0;0.3;0.0;7592.0


8.3;0.0;0.0;0.0;7592.0


8.3;0.0;0.0;0.0;7592.0


8.3;0.0;0.0;0.0;7592.0


8.4;0.0;0.0;0.0;7592.0


8.3;0.0;0.0;0.0;7592.0


8.4;0.0;0.0;0.0;7592.0


8.4;0.0;0.0;0.0;7592.0


8.3;0.0;0.0;0.0;7592.0


8.4;0.0;0.0;0.0;7592.0


8.4;0.0;0.0;0.0;7592.0


8.3;0.0;0.0;56.0;7592.0


