0.0;10493952;0
0.0;10493952;0
0.0;10493952;0
0.0;10493952;0
42.6;18644992;0
100.8;18690048;0
166.2;26951680;0
200.7;27172864;0
229.4;43413504;0
199.5;35397632;0
232.7;42795008;0
200.7;51462144;0
200.7;51527680;0
199.5;51580928;0
235.2;44212224;0
213.1;51867648;0
199.5;51867648;0
182.8;42553344;0
201.6;51896320;0
198.9;51933184;0
201.6;51945472;0
199.5;51953664;0
200.7;51970048;0
198.9;52027392;0
201.6;52043776;0
199.5;52092928;0
200.7;52097024;0
199.5;52097024;0
166.2;52142080;0
199.5;52162560;0
143.3;44163072;0
215.0;52338688;0
182.8;52346880;0
134.4;44306432;0
199.5;52416512;0
200.7;52379648;0
199.5;52363264;0
184.8;52531200;0
198.9;52547584;0
200.7;52547584;0
199.5;52535296;0
199.5;52609024;0
198.9;52678656;0
200.7;40140800;0
166.2;52682752;0
199.5;52707328;0
201.6;52723712;0
198.9;52736000;0
200.7;52756480;0
199.5;52789248;0
172.0;52928512;0
182.8;52928512;0
199.5;52928512;0
201.6;52994048;0
113.6;44957696;0
229.4;52994048;0
133.0;50339840;0
235.2;53026816;0
199.5;53026816;0
200.7;53092352;0
186.4;53235712;0
199.5;53235712;0
199.5;53235712;0
199.5;53235712;0
200.7;53297152;0
198.9;53297152;0
201.6;53366784;0
216.1;51654656;0
182.8;45633536;0
199.5;53465088;0
186.4;53526528;0
200.7;53530624;0
199.5;53530624;0
201.6;53530624;0
199.5;53530624;0
200.7;53592064;0
198.9;53727232;0
201.6;53727232;0
199.5;53727232;0
216.1;40603648;366
235.2;40853504;144
216.1;53800960;0
200.7;53800960;0
198.9;53809152;0
200.7;53809152;0
199.5;53948416;0
199.5;53948416;0
201.6;54079488;0
182.8;46047232;0
143.3;45694976;0
198.9;53592064;0
200.7;53600256;0
200.7;53735424;0
199.5;53739520;0
201.6;53739520;0
198.9;53862400;0
200.7;53862400;0
198.9;53862400;0
201.6;53862400;0
182.8;42848256;0
199.5;53956608;0
184.8;45629440;0
166.2;53837824;0
186.4;53899264;0
198.9;53899264;0
201.6;53899264;0
199.5;53903360;0
199.5;53903360;0
201.6;53903360;0
198.9;53903360;0
200.7;53903360;0
199.5;46002176;0
252.0;54083584;0
199.5;54108160;0
99.7;52064256;0
218.4;54145024;0
199.5;54165504;0
199.5;54173696;0
198.9;54190080;0
200.7;54198272;0
200.7;54202368;0
198.9;54218752;0
201.6;54218752;0
199.5;54276096;0
201.6;54284288;0
184.7;54284288;0
200.7;54284288;0
200.7;54108160;0
199.5;54116352;0
166.2;45637632;0
199.5;53895168;0
201.6;53903360;0
199.5;53903360;0
200.7;54038528;0
200.7;54038528;0
170.5;54038528;0
199.5;54038528;0
199.5;54038528;0
168.0;42442752;0
133.0;42397696;0
198.9;54288384;0
201.6;54288384;0
199.5;54288384;0
199.5;54288384;0
166.2;54345728;0
199.5;54345728;0
201.6;54345728;0
184.7;46313472;0
215.0;54145024;0
200.7;54145024;0
198.9;54145024;0
200.7;54145024;0
198.9;54145024;0
200.7;54145024;0
182.8;46166016;0
166.2;54226944;0
201.6;54226944;0
182.8;46198784;0
166.2;54181888;0
199.5;54181888;0
199.5;54181888;0
201.6;54181888;0
182.8;54181888;0
199.5;54185984;0
200.7;54304768;0
198.9;54304768;0
200.7;54304768;0
198.9;54308864;0
200.7;54308864;0
200.7;54308864;0
198.9;54308864;0
186.4;54308864;0
166.2;46272512;0
213.1;54214656;0
199.5;54226944;0
199.5;54288384;0
201.6;54288384;0
199.5;54292480;0
199.5;54292480;0
201.6;54292480;0
199.5;54292480;0
199.5;54292480;0
199.5;54292480;0
199.5;54292480;0
201.6;54292480;0
199.5;54353920;0
199.5;54353920;0
201.6;46317568;0
166.2;40005632;0
216.1;54255616;0
199.5;54255616;0
199.5;54255616;0
201.6;54272000;0
199.5;54272000;0
199.5;54272000;0
201.6;54272000;0
133.0;46239744;0
216.1;54382592;0
200.7;54382592;0
170.5;46350336;0
129.0;41963520;0
215.0;54222848;0
199.5;54222848;0
166.2;54222848;0
200.7;54222848;0
200.7;54222848;0
198.9;54222848;0
200.7;54222848;0
198.9;54222848;0
200.7;54222848;0
201.6;54222848;0
199.5;43585536;0
166.2;45830144;0
184.8;53952512;0
199.5;53956608;0
198.9;53956608;0
200.7;53956608;0
198.9;53956608;0
200.7;54013952;0
200.7;54013952;0
198.9;54013952;0
199.5;54149120;0
184.8;46112768;0
99.7;39854080;0
213.1;54177792;0
200.7;54181888;0
198.9;54206464;0
200.7;54210560;0
201.6;54231040;0
199.5;54239232;0
182.8;54263808;0
201.6;54263808;0
200.7;54280192;0
127.8;40316928;0
200.7;54263808;0
199.5;54272000;0
199.5;54272000;0
201.6;54272000;0
166.2;45871104;0
199.5;54120448;0
184.8;54124544;0
199.5;54140928;0
198.9;54140928;0
200.7;54140928;0
198.9;54140928;0
216.1;43282432;0
201.6;53903360;0
199.5;53907456;0
198.9;53907456;0
200.7;53907456;0
201.6;53907456;0
199.5;53907456;0
199.5;53907456;0
199.5;53907456;0
199.5;43192320;0
200.7;53760000;0
201.6;53821440;0
199.5;53825536;0
199.5;53886976;0
201.6;53886976;0
166.2;45854720;0
241.5;53846016;0
186.4;53854208;0
199.5;53886976;0
199.5;53948416;0
201.6;54079488;0
182.8;54079488;0
198.9;54079488;0
200.7;54136832;0
184.8;46104576;0
182.8;46219264;0
232.7;54272000;0
200.7;54247424;0
198.9;54247424;0
199.5;54251520;0
201.6;54251520;0
199.5;54251520;0
198.9;54251520;0
200.7;54308864;0
201.6;54308864;0
66.5;44380160;0
249.3;54206464;0
199.5;54206464;0
200.7;54206464;0
198.9;54206464;0
200.7;54272000;0
201.6;54272000;0
199.5;54272000;0
199.5;54272000;0
200.7;54276096;0
200.7;54325248;0
198.9;54325248;0
199.5;54325248;0
199.5;54325248;0
199.5;54325248;0
229.4;35250176;0
218.4;54407168;0
199.5;54407168;0
198.9;54407168;0
200.7;54407168;0
