0.0;10493952;0
0.0;10493952;0
0.0;10493952;0
0.0;10493952;0
43.0;18632704;0
99.7;18632704;0
133.0;34926592;0
198.9;26968064;0
229.4;32026624;0
216.1;35229696;0
232.7;51433472;0
200.7;51257344;0
198.9;51372032;0
199.5;51404800;0
199.5;51400704;0
200.7;51437568;0
199.5;51470336;0
201.6;36917248;0
227.3;51531776;0
200.7;51490816;0
199.5;51576832;0
201.6;51576832;0
213.1;40759296;0
216.1;52756480;0
200.7;52756480;0
199.5;52756480;0
199.5;52756480;0
216.1;51843072;0
200.7;51843072;0
199.5;51900416;0
201.6;51900416;0
198.9;51900416;0
200.7;51912704;0
199.5;52183040;0
201.6;52183040;0
198.9;52183040;0
200.7;52191232;0
199.5;52211712;0
266.0;53035008;0
198.9;53035008;0
200.7;53035008;0
199.5;53035008;0
199.5;53035008;0
200.7;53035008;0
198.9;53035008;0
199.5;53035008;0
182.8;53043200;0
200.7;53043200;0
199.5;53043200;0
134.4;40640512;0
216.1;53309440;0
200.7;53309440;0
198.9;53309440;0
235.2;52748288;0
199.5;52748288;0
199.5;52748288;0
200.7;52748288;0
199.5;52748288;0
199.5;52748288;0
199.5;52809728;0
200.7;52809728;0
198.9;52858880;0
200.7;52858880;0
199.5;52858880;0
199.5;52858880;0
85.2;36855808;0
282.6;52957184;0
200.7;52994048;0
199.5;53010432;0
201.6;53010432;0
199.5;53010432;0
199.5;53174272;0
198.9;53178368;0
201.6;53178368;0
199.5;53178368;0
199.5;53239808;0
129.0;45203456;0
227.3;53362688;0
200.7;53362688;0
199.5;53432320;0
201.6;42258432;510
199.5;54587392;0
199.5;54587392;0
200.7;54587392;0
198.9;54587392;0
199.5;54587392;0
199.5;54587392;0
201.6;54587392;0
182.8;54587392;0
200.7;54587392;0
200.7;46555136;0
216.1;54595584;0
199.5;54595584;0
182.8;54595584;0
201.6;54595584;0
198.9;54595584;0
172.0;38088704;0
215.0;54300672;0
199.5;54300672;0
199.5;54300672;0
199.5;54300672;0
201.6;54300672;0
182.8;46268416;0
172.0;54423552;0
200.7;54431744;0
198.9;54431744;0
199.5;54431744;0
199.5;54431744;0
201.6;54431744;0
199.5;54431744;0
200.7;54431744;0
129.0;46465024;0
227.3;53886976;0
200.7;53886976;0
198.9;53886976;0
168.0;53886976;0
199.5;53886976;0
166.2;53915648;0
201.6;53915648;0
216.1;53829632;0
199.5;53829632;0
198.9;53829632;0
200.7;53829632;0
186.4;45801472;0
199.5;54779904;0
201.6;54792192;0
199.5;54837248;0
199.5;54841344;0
199.5;54841344;0
199.5;54841344;0
200.7;54865920;0
198.9;54870016;0
229.4;43220992;0
200.7;53784576;0
198.9;53784576;0
216.1;54689792;0
199.5;54689792;0
201.6;54693888;0
199.5;54693888;0
199.5;54693888;0
200.7;54693888;0
198.9;54706176;0
200.7;54767616;0
198.9;54767616;0
186.4;54767616;0
200.7;54767616;0
198.9;54767616;0
200.7;54767616;0
182.8;45576192;0
198.9;54902784;0
200.7;54902784;0
149.6;45531136;0
168.0;54661120;0
199.5;54677504;0
199.5;54792192;0
201.6;46755840;0
199.5;54878208;0
199.5;54878208;0
199.5;54878208;0
182.8;42475520;0
235.2;53850112;0
199.5;53850112;0
199.5;53850112;0
201.6;53850112;0
198.9;53850112;0
157.7;45817856;0
184.7;53673984;0
200.7;53735424;0
200.7;53735424;0
198.9;53735424;0
200.7;53735424;0
200.7;53796864;0
198.9;53796864;0
200.7;53796864;0
199.5;53796864;0
172.0;45015040;0
201.6;54624256;0
199.5;54624256;0
199.5;54624256;0
201.6;54624256;0
199.5;54624256;0
116.4;46592000;0
229.4;54685696;0
198.9;54685696;0
200.7;54685696;0
200.7;54685696;0
198.9;54685696;0
157.7;52060160;0
200.7;54358016;0
198.9;54358016;0
200.7;54358016;0
198.9;54358016;0
157.7;46325760;0
200.7;54435840;0
184.7;54439936;0
200.7;54439936;0
200.7;54439936;0
184.7;45023232;0
229.4;54640640;0
198.9;54640640;0
200.7;54640640;0
200.7;54640640;0
198.9;54640640;0
200.7;54640640;0
200.7;46608384;0
170.5;45719552;0
200.7;54489088;0
198.9;54489088;0
200.7;54489088;0
200.7;54489088;0
198.9;54489088;0
200.7;54546432;0
200.7;54607872;0
198.9;54607872;0
200.7;54607872;0
198.9;54607872;0
200.7;54607872;0
201.6;54607872;0
198.9;54607872;0
200.7;46587904;0
215.0;55111680;0
198.9;55111680;0
200.7;55111680;0
198.9;55111680;0
200.7;55111680;0
186.4;55111680;0
198.9;55111680;0
199.5;55115776;0
201.6;55115776;0
199.5;55111680;0
166.2;55201792;0
199.5;55201792;0
199.5;55201792;0
201.6;55201792;0
133.0;47165440;0
227.3;55250944;0
200.7;55250944;0
200.7;55250944;0
198.9;55250944;0
200.7;55250944;0
198.9;55250944;0
200.7;55250944;0
184.8;54042624;0
149.6;46006272;0
199.5;55062528;0
201.6;55062528;0
199.5;55062528;0
198.9;55062528;0
200.7;55083008;0
198.9;55087104;0
200.7;55087104;0
200.7;55091200;0
184.7;43458560;0
199.5;55214080;0
201.6;55214080;0
199.5;55230464;0
182.8;55230464;0
199.5;55230464;0
182.8;55230464;0
199.5;55230464;0
201.6;55230464;0
199.5;55230464;0
166.2;55230464;0
201.6;55234560;0
200.7;55234560;0
199.5;55234560;0
199.5;55234560;0
182.8;47202304;0
216.1;55291904;0
201.6;55291904;0
200.7;55291904;0
142.0;40513536;0
216.1;55291904;0
201.6;55250944;0
199.5;55287808;0
199.5;55287808;0
200.7;55287808;0
184.7;47251456;0
200.7;54018048;0
201.6;54018048;0
199.5;54018048;0
199.5;54022144;0
201.6;54022144;0
215.0;45645824;0
199.5;54734848;0
182.8;54734848;0
199.5;54796288;0
199.5;54796288;0
184.8;54796288;0
200.7;54796288;0
198.9;54804480;0
199.5;54865920;0
201.6;54865920;0
149.6;39907328;0
216.1;54976512;0
200.7;54976512;0
198.9;54976512;0
200.7;54976512;0
201.6;54976512;0
199.5;54976512;0
