209.7;321560576;382
109.9;408199168;1010
99.9;504406016;950
129.8;552640512;1167
89.9;552640512;1530
129.8;553197568;1324
109.8;557522944;1499
109.8;557522944;1538
99.8;557522944;1489
99.8;557522944;1525
109.8;557522944;1510
109.8;557654016;1473
89.9;557654016;1540
99.9;626728960;1145
109.8;728702976;1007
99.9;830939136;1010
99.8;933830656;1016
99.9;1036066816;1009
99.8;1091772416;1249
99.8;1091772416;1528
99.8;1091772416;1550
99.8;1091772416;1548
109.8;1121394688;537
99.8;1121394688;0
99.8;1121525760;1
339.5;1122979840;3
792.9;1125728256;3
797.6;1125859328;2
788.9;1125859328;3
788.4;1138442240;2
792.4;1138442240;2
796.3;1138442240;4
796.6;1138442240;2
790.6;1138442240;2
792.8;1138442240;2
698.5;1138442240;2
408.8;1139228672;7
98.5;1139228672;2
99.5;1139228672;1
334.0;1139884032;1
670.1;1140146176;1
750.6;1329430528;2
776.9;1713340416;0
792.6;1746894848;2
798.8;1746894848;1
803.5;1746894848;2
785.6;1746894848;0
718.2;1746894848;0
608.6;1746894848;0
538.0;1746894848;0
139.8;1747156992;8
99.8;1747156992;0
179.7;1747419136;0
648.4;1747812352;0
698.5;1747812352;0
751.5;1747812352;0
803.3;1747943424;1
798.0;1747943424;0
784.0;1747943424;0
715.3;1747943424;0
449.2;1747943424;0
399.1;1747943424;0
399.2;1747943424;0
339.2;1747943424;0
189.6;1748205568;7
99.8;1748205568;0
129.8;1748336640;0
459.1;1748992000;1
611.3;1748992000;0
698.5;1748992000;0
775.7;1748992000;0
806.8;1748992000;0
796.9;1749123072;0
708.7;1749123072;0
608.6;1749123072;0
598.7;1749123072;0
598.6;1749123072;0
319.2;1749516288;7
99.8;1749647360;3
99.8;1749647360;0
335.0;1750302720;1
655.0;1750302720;0
701.5;1750302720;0
798.6;1750302720;0
717.3;1754497024;0
671.8;1754497024;0
598.8;1754497024;0
636.8;1754497024;0
668.6;1754497024;0
509.1;1754497024;0
409.2;1754497024;1
209.7;1754628096;7
99.9;1754628096;0
119.8;1754759168;0
403.2;1755545600;1
688.0;1755545600;0
634.8;1755545600;0
688.6;1755545600;2
698.7;1755545600;0
658.9;1755545600;0
608.9;1755545600;0
658.5;1755545600;0
698.6;1755545600;0
688.6;1755545600;2
439.1;1755676672;5
99.8;1755807744;2
99.8;1755807744;0
218.5;1756594176;1
688.9;1756594176;0
682.7;1756594176;1
801.1;1756594176;0
808.0;1756594176;0
789.7;1756594176;0
810.0;1756594176;0
791.5;1756594176;0
705.8;1756594176;0
668.4;1756594176;0
498.8;1756725248;5
99.8;1756856320;2
99.8;1756856320;0
302.4;1757380608;1
695.0;1757380608;1
588.7;1757380608;0
688.7;1757380608;0
698.7;1757380608;0
711.5;1757380608;1
802.0;1757380608;0
673.6;1757380608;0
698.5;1757380608;0
678.9;1757380608;3
486.1;1757380608;3
99.0;1757642752;7
99.3;1757642752;0
159.7;1757773824;0
566.0;1758298112;1
698.0;1758298112;0
778.2;1758298112;2
797.4;1758298112;0
787.0;1762623488;0
787.8;1762623488;0
788.1;1762623488;0
689.0;1762623488;0
632.1;1762623488;0
568.7;1762623488;0
129.8;1762885632;7
99.8;1762885632;0
149.7;1763016704;0
445.2;1763540992;0
721.1;1763540992;0
731.7;1763540992;0
