229.6;322625536;558
99.9;419487744;957
109.8;515039232;943
119.8;550952960;1288
119.8;550952960;1485
109.8;551280640;1530
109.8;555474944;1486
99.8;555474944;1548
99.8;555474944;1505
99.8;575922176;1416
99.9;678158336;1008
109.8;780787712;1015
99.8;854056960;1150
99.9;854188032;1526
99.8;854188032;1545
99.8;854188032;1548
89.9;854188032;1542
99.8;854188032;1516
89.9;854188032;1531
99.8;854188032;1560
99.8;854188032;1508
109.8;883941376;372
99.8;883941376;0
129.8;884072448;1
417.1;886038528;2
795.8;889659392;4
717.8;890052608;4
742.2;898834432;5
778.7;898834432;2
774.4;899096576;2
792.4;1212751872;2
788.5;1248141312;2
758.2;1248141312;2
698.1;1248141312;2
678.4;1248141312;0
509.1;1254170624;7
99.8;1254170624;2
99.8;1254170624;0
235.5;1254825984;1
639.7;1254825984;0
693.3;1254825984;0
734.5;1254825984;0
787.7;1254957056;1
789.2;1255743488;1
794.1;1255743488;1
798.8;1255743488;0
803.1;1255743488;0
728.9;1255743488;0
695.0;1255743488;0
528.8;1255743488;1
129.8;1256116224;7
99.9;1256116224;0
169.7;1256378368;0
721.0;1256771584;3
786.2;1256902656;0
779.9;1256902656;1
788.9;1256902656;0
791.5;1256902656;2
798.3;1256902656;0
789.8;1256902656;0
796.4;1256902656;0
675.9;1256902656;1
598.9;1256902656;0
508.8;1256902656;0
139.7;1257029632;7
99.8;1257029632;0
169.7;1257160704;0
604.0;1257553920;1
608.9;1257553920;0
698.8;1257553920;0
797.3;1257553920;1
801.2;1257553920;0
787.6;1257553920;0
636.1;1257684992;1
588.9;1257684992;0
598.8;1257684992;0
598.8;1257684992;0
578.7;1257684992;0
399.4;1257947136;3
99.8;1258328064;8
99.8;1258328064;0
179.7;1258590208;0
701.3;1259114496;1
705.6;1259245568;0
658.3;1263570944;0
698.5;1502777344;0
688.8;1503039488;0
688.8;1503039488;0
757.8;1503039488;0
718.9;1503039488;0
702.1;1503039488;0
528.8;1503039488;0
498.9;1503039488;0
429.0;1507102720;5
109.8;1507233792;2
99.8;1507233792;0
315.8;1508151296;1
683.4;1508151296;1
797.9;1508151296;0
790.9;1508151296;0
798.6;1508151296;0
786.9;1508151296;0
790.8;1508151296;0
803.1;1508151296;0
798.7;1508151296;0
801.9;1508151296;0
765.5;1508151296;1
366.5;1508413440;7
99.8;1508413440;0
129.8;1508413440;0
442.5;1508937728;1
637.5;1508937728;0
639.2;1508937728;0
688.6;1508937728;0
696.4;1508937728;0
704.6;1508937728;0
758.6;1508937728;1
782.1;1508937728;0
688.7;1508937728;0
698.4;1508937728;1
678.5;1508937728;0
548.4;1509199872;5
99.8;1509330944;2
99.8;1509330944;0
239.6;1509986304;0
744.8;1509986304;0
795.5;1509986304;0
700.9;1510117376;0
788.7;1510117376;0
784.5;1510117376;0
797.8;1510117376;0
801.7;1510117376;0
779.7;1510117376;0
705.5;1510117376;0
574.7;1510117376;1
479.3;1510379520;6
99.8;1510510592;4
99.8;1510510592;0
179.7;1510641664;0
555.3;1511165952;1
636.8;1511165952;0
698.4;1511165952;0
744.8;1515360256;0
801.2;1515360256;0
801.4;1515360256;0
799.9;1515360256;0
765.8;1515360256;0
698.5;1515360256;0
668.7;1515360256;0
608.5;1515360256;0
