219.6;321212416;540
99.9;418729984;967
99.9;515723264;958
129.8;551374848;1278
119.8;551505920;1510
109.8;551763968;1519
109.8;555958272;1504
99.8;555958272;1543
109.8;555958272;1479
109.8;555958272;1528
99.8;555958272;1549
109.8;555958272;1483
99.8;557400064;1519
99.8;657145856;1023
99.8;760692736;1022
99.9;863322112;1014
109.8;966606848;1019
99.9;1069498368;1017
99.9;1090076672;1416
99.9;1090076672;1548
109.8;1090076672;1554
99.9;1090076672;1534
109.8;1119961088;14
99.8;1119961088;0
149.7;1119961088;1
606.3;1124950016;4
783.0;1125093376;2
769.1;1137807360;12
788.8;1137807360;2
801.9;1137807360;2
776.8;1138200576;1
599.1;1138462720;3
359.2;1314230272;8
99.8;1314230272;3
99.8;1314230272;0
289.6;1314754560;1
709.4;1381208064;1
790.2;1390383104;0
799.8;1391824896;0
779.5;1391824896;2
800.2;1391824896;0
788.6;1391824896;2
799.5;1391824896;0
798.8;1391824896;0
793.1;1391824896;1
763.3;1391824896;0
229.7;1391955968;8
99.8;1391955968;0
159.7;1391955968;0
599.1;1392611328;1
707.5;1392611328;0
708.4;1392611328;1
698.4;1392611328;0
708.4;1392611328;2
698.6;1392611328;0
698.7;1392611328;0
698.8;1392611328;0
699.0;1392611328;0
648.5;1392611328;0
489.0;1392611328;4
279.5;1393004544;6
99.8;1393004544;0
129.8;1393004544;0
409.2;1393659904;1
698.5;1393659904;1
734.5;1393659904;0
799.3;1393659904;0
796.2;1393790976;0
763.0;1393790976;0
798.6;1393790976;2
718.7;1393790976;0
688.4;1393790976;0
718.4;1393790976;0
578.8;1394184192;8
99.8;1394315264;3
109.8;1394315264;0
189.7;1394446336;0
657.9;1394970624;0
791.7;1395101696;2
798.8;1399427072;2
784.8;1476104192;0
799.7;1861455872;0
807.5;2241302528;0
809.2;2663092224;0
799.4;3029045248;0
698.9;3203371008;1
464.4;3203371008;0
399.3;3203371008;0
399.4;3203633152;3
346.6;2566348800;4
149.8;1866055680;0
139.8;1780899840;0
429.4;1781555200;1
715.7;1781948416;0
711.4;1781948416;1
782.6;1781948416;0
795.0;1781948416;0
778.5;1781948416;0
698.8;1781948416;0
708.8;1781948416;1
708.8;1781948416;0
578.9;1781948416;2
488.8;1781948416;0
268.1;1782079488;6
99.8;1782079488;0
119.8;1782079488;0
389.2;1782865920;0
684.9;1782865920;0
652.8;1782865920;1
698.6;1782865920;0
704.3;1782865920;0
708.3;1782865920;0
698.5;1782865920;0
608.6;1782865920;0
598.7;1782865920;0
499.0;1782865920;0
498.9;1782865920;0
448.8;1783128064;5
99.9;1783259136;3
99.8;1783259136;0
257.2;1783652352;1
705.3;1783783424;0
698.7;1783783424;0
782.9;1783783424;0
798.7;1783783424;0
792.5;1783783424;0
785.8;1783783424;0
439.1;1783783424;0
329.3;1783783424;0
347.9;1783783424;0
298.6;1783783424;1
259.4;1783783424;0
199.7;1783783424;0
239.6;1784045568;6
99.7;1784176640;4
99.8;1784176640;0
179.7;1784307712;1
692.0;1784700928;0
698.4;1784700928;0
688.4;1784700928;2
698.4;1784700928;0
688.6;1788895232;0
698.6;1788895232;0
708.1;1788895232;0
697.8;1788895232;0
678.5;1788895232;0
588.9;1788895232;0
548.8;1789157376;4
99.0;1789288448;2
99.8;1789288448;0
