8.4;53.6;23.7;2.5;0.0;991.0
6.9;93.2;115.6;10.1;0.0;991.0
8.4;137.8;154.7;8.8;0.0;991.0
8.4;176.0;137.4;7.3;0.0;991.0
7.2;203.8;92.2;6.7;0.0;991.0
8.4;280.0;122.5;32.6;0.0;991.0
8.3;328.0;0.0;0.0;0.0;991.0
8.4;345.4;0.0;0.0;0.0;991.0
8.3;362.1;0.0;0.0;0.0;991.0
8.3;378.9;0.0;0.0;0.0;991.0
8.3;395.4;0.0;0.0;0.0;991.0
8.3;406.7;0.0;0.0;0.0;991.0
8.4;423.1;0.0;0.0;0.0;991.0
8.3;440.0;0.0;0.0;0.0;991.0
8.3;456.9;0.0;0.0;0.0;991.0
8.3;473.1;0.0;0.0;0.0;991.0
8.3;468.9;2.1;0.1;1.0;991.0
