8.4;0.6;0.1;0.0;648.0


8.3;128.0;7.5;0.0;648.0


8.3;93.4;7.4;0.0;648.0


3.6;83.8;8.3;0.0;648.0


0.0;0.3;0.0;0.0;648.0


1.4;26.7;1.0;0.0;648.0


8.3;2.3;0.2;1.0;796.0


8.4;0.0;0.0;8.0;937.0


8.4;0.0;0.0;6.0;1085.0


8.3;0.0;0.0;5.0;1201.0


8.4;0.2;0.0;4.0;1351.0


8.3;70.2;67.7;4.0;1453.0


8.3;84.8;353.6;30.0;2025.0


4.8;0.1;0.0;50.0;2025.0


0.0;0.3;0.0;0.0;2025.0


0.0;15.0;0.2;0.0;2025.0


1.2;0.3;0.0;0.0;2025.0


4.8;14.9;0.4;7.0;2117.0


8.3;1.2;0.3;41.0;2843.0


8.4;0.0;0.0;54.0;3597.0


8.4;0.0;0.0;40.0;4351.0


8.3;0.0;0.0;47.0;5109.0


8.3;0.0;0.0;42.0;5863.0


8.3;0.0;0.0;40.0;7148.0


1.4;0.0;0.0;42.0;6892.0


8.4;0.0;0.0;23.0;7308.0


8.3;0.0;0.0;54.0;7308.0


8.4;0.0;0.0;53.0;7308.0


8.3;0.0;0.0;53.0;7308.0


8.4;0.0;0.0;54.0;7308.0


8.4;0.0;0.0;53.0;7308.0


8.4;0.0;0.0;53.0;7308.0


8.4;0.0;0.0;53.0;7308.0


8.3;0.0;0.0;54.0;7308.0


8.4;0.0;0.0;54.0;7308.0


8.3;0.0;0.0;54.0;7308.0


8.3;0.0;0.0;54.0;7308.0


8.3;0.0;0.0;54.0;7308.0


0.0;10.6;0.8;0.0;7308.0


0.0;0.3;0.0;0.0;7308.0


0.0;14.1;0.2;0.0;7308.0


0.0;0.3;0.0;0.0;7308.0


8.4;16.1;0.7;0.0;7310.0


8.3;0.0;0.0;56.0;7310.0


8.4;0.0;0.0;55.0;7310.0


8.3;0.0;0.0;56.0;7310.0


8.4;0.0;0.0;30.0;7528.0


8.3;0.0;0.0;54.0;7528.0


8.4;0.0;0.0;54.0;7528.0


8.4;0.0;0.0;53.0;7528.0


8.3;0.0;0.0;53.0;7528.0


8.4;0.0;0.0;53.0;7528.0


8.3;0.0;0.0;53.0;7528.0


8.3;0.0;0.0;52.0;7528.0


8.3;0.0;0.0;52.0;7528.0


8.4;0.0;0.0;53.0;7528.0


8.4;0.0;0.0;53.0;7528.0


8.3;0.0;0.0;53.0;7528.0


8.3;0.0;0.0;54.0;7528.0


8.3;0.0;0.0;52.0;7528.0


0.0;10.9;0.8;0.0;7528.0


1.2;14.0;0.2;0.0;7528.0


0.0;0.3;0.0;0.0;7528.0


4.8;15.5;0.4;0.0;7528.0


8.4;1.0;0.3;54.0;7528.0


8.4;0.0;0.0;56.0;7528.0


8.4;0.0;0.0;56.0;7528.0


8.4;0.0;0.0;59.0;7528.0


8.4;0.0;0.0;55.0;7528.0


8.3;0.0;0.0;54.0;7528.0


8.4;0.0;0.0;53.0;7528.0


8.3;0.0;0.0;53.0;7528.0


8.3;0.0;0.0;53.0;7528.0


8.4;0.0;0.0;54.0;7528.0


8.3;0.0;0.0;53.0;7528.0


8.4;0.0;0.0;54.0;7528.0


8.3;0.0;0.0;54.0;7545.0


8.3;0.0;0.0;54.0;7545.0


8.4;0.0;0.0;54.0;7545.0


8.3;0.0;0.0;54.0;7545.0


8.4;0.0;0.0;38.0;7545.0


0.0;10.6;0.8;0.0;7545.0


0.0;0.3;0.0;0.0;7545.0


0.0;13.9;0.2;0.0;7545.0


0.0;0.3;0.0;0.0;7545.0


8.4;16.6;0.7;54.0;7545.0


8.4;0.0;0.0;54.0;7545.0


8.3;0.0;0.0;56.0;7545.0


8.3;0.0;0.0;53.0;7545.0


8.3;0.0;0.0;33.0;7545.0


8.3;0.0;0.0;54.0;7545.0


8.4;0.0;0.0;53.0;7545.0


8.4;0.0;0.0;53.0;7545.0


8.3;0.0;0.0;52.0;7545.0


8.3;0.0;0.0;53.0;7545.0


8.3;0.0;0.0;53.0;7545.0


8.3;0.0;0.0;53.0;7545.0


8.4;0.0;0.0;53.0;7545.0


8.3;0.0;0.0;52.0;7545.0


8.4;0.0;0.0;53.0;7545.0


8.4;0.0;0.0;53.0;7545.0


8.4;0.0;0.0;41.0;7545.0


0.0;10.6;0.8;0.0;7545.0


0.0;0.3;0.0;0.0;7545.0


0.0;13.2;0.2;0.0;7545.0


0.0;0.3;0.0;0.0;7545.0


8.3;16.6;0.7;13.0;7545.0


8.3;0.0;0.0;55.0;7545.0


8.3;0.0;0.0;56.0;7545.0


8.4;0.0;0.0;55.0;7545.0


8.3;0.0;0.0;19.0;7545.0


8.4;0.0;0.0;54.0;7545.0


8.3;0.0;0.0;54.0;7545.0


8.3;0.0;0.0;52.0;7545.0


8.4;0.0;0.0;53.0;7545.0


8.3;0.0;0.0;53.0;7545.0


8.4;0.0;0.0;52.0;7545.0


8.3;0.0;0.0;54.0;7545.0


8.4;0.0;0.0;53.0;7545.0


8.3;0.0;0.0;53.0;7545.0


8.3;0.0;0.0;53.0;7545.0


8.4;0.0;0.0;53.0;7545.0


8.3;0.0;0.0;52.0;7545.0


5.2;10.6;0.8;35.0;7545.0


0.0;0.3;0.0;0.0;7545.0


0.0;14.3;0.2;0.0;7545.0


1.2;0.3;0.0;0.0;7545.0


5.2;15.6;0.4;6.0;7545.0


8.3;1.0;0.3;56.0;7545.0


8.3;0.0;0.0;56.0;7545.0


8.3;0.0;0.0;56.0;7545.0


8.3;0.0;0.0;51.0;7545.0


8.3;0.0;0.0;54.0;7545.0


8.4;0.0;0.0;54.0;7545.0


8.3;0.0;0.0;54.0;7545.0


8.4;0.0;0.0;52.0;7545.0


8.4;0.0;0.0;52.0;7545.0


8.3;0.0;0.0;53.0;7545.0


8.4;0.0;0.0;53.0;7545.0


8.4;0.0;0.0;53.0;7545.0


8.4;0.0;0.0;53.0;7545.0


8.3;0.0;0.0;53.0;7545.0


8.3;0.0;0.0;52.0;7545.0


8.3;0.0;0.0;53.0;7545.0


8.3;0.0;0.0;39.0;7545.0


0.0;10.6;0.8;0.0;7545.0


0.0;0.3;0.0;0.0;7545.0


0.0;15.1;0.2;0.0;7545.0


0.0;0.3;0.0;0.0;7545.0


8.3;15.1;0.7;56.0;7545.0


8.4;0.0;0.0;56.0;7545.0


8.3;0.0;0.0;56.0;7545.0


8.4;0.0;0.0;55.0;7545.0


8.3;0.0;0.0;44.0;7545.0


8.4;0.0;0.0;52.0;7545.0


8.4;0.0;0.0;52.0;7545.0


8.3;0.0;0.0;53.0;7545.0


8.4;0.0;0.0;52.0;7545.0


8.3;0.0;0.0;52.0;7545.0


8.4;0.0;0.0;53.0;7545.0


8.3;0.0;0.0;52.0;7545.0


8.3;0.0;0.0;53.0;7545.0


8.3;0.0;0.0;51.0;7545.0


8.3;0.0;0.0;52.0;7545.0


8.3;0.0;0.0;53.0;7545.0


8.3;0.0;0.0;53.0;7545.0


0.0;10.6;0.8;0.0;7545.0


0.0;0.3;0.0;0.0;7545.0


0.0;15.2;0.2;0.0;7545.0


0.0;0.3;0.0;0.0;7545.0


8.4;15.6;0.7;21.0;7545.0


8.3;0.0;0.0;56.0;7545.0


8.4;0.0;0.0;55.0;7545.0


8.3;0.0;0.0;55.0;7545.0


8.4;0.0;0.0;48.0;7545.0


8.3;0.0;0.0;54.0;7545.0


8.4;0.0;0.0;53.0;7545.0


8.3;0.0;0.0;52.0;7545.0


8.3;0.0;0.0;52.0;7545.0


8.3;0.0;0.0;51.0;7545.0


8.3;0.0;0.0;52.0;7545.0


8.3;0.0;0.0;53.0;7545.0


8.3;0.0;0.0;52.0;7545.0


8.4;0.0;0.0;52.0;7545.0


8.4;0.0;0.0;53.0;7545.0


8.3;0.0;0.0;52.0;7545.0


8.4;0.0;0.0;53.0;7545.0


8.3;0.0;0.0;52.0;7545.0


0.0;10.6;0.8;0.0;7545.0


0.0;0.3;0.0;0.0;7545.0


0.0;14.5;0.2;0.0;7545.0


0.0;0.3;0.0;0.0;7545.0


8.3;15.1;0.7;40.0;7545.0


8.4;0.0;0.0;56.0;7545.0


8.3;0.0;0.0;56.0;7545.0


8.4;0.0;0.0;57.0;7545.0


8.3;0.0;0.0;32.0;7545.0


8.3;0.0;0.0;53.0;7545.0


8.4;0.0;0.0;53.0;7545.0


8.3;0.0;0.0;52.0;7545.0


8.3;0.0;0.0;53.0;7545.0


8.4;0.0;0.0;52.0;7545.0


8.3;0.0;0.0;53.0;7545.0


8.4;0.0;0.0;53.0;7545.0


8.3;0.0;0.0;53.0;7545.0


8.4;0.0;0.0;53.0;7545.0


8.4;0.0;0.0;53.0;7545.0


8.3;0.0;0.0;53.0;7545.0


8.4;0.0;0.0;53.0;7545.0


0.0;10.6;0.8;0.0;7545.0


0.0;0.3;0.0;0.0;7545.0


0.0;14.8;0.2;0.0;7545.0


0.0;0.3;0.0;0.0;7545.0


8.3;15.7;0.7;36.0;7545.0


8.3;0.0;0.0;56.0;7545.0


8.3;0.0;0.0;55.0;7545.0


8.3;0.0;0.0;56.0;7545.0


8.4;0.0;0.0;24.0;7545.0


8.3;0.0;0.0;54.0;7545.0


8.4;0.0;0.0;53.0;7545.0


8.4;0.0;0.0;52.0;7545.0


8.3;0.0;0.0;52.0;7545.0


8.4;0.0;0.0;52.0;7545.0


8.3;0.0;0.0;53.0;7545.0


8.4;0.0;0.0;53.0;7545.0


8.4;0.0;0.0;53.0;7545.0


8.3;0.0;0.0;53.0;7545.0


8.4;0.0;0.0;52.0;7545.0


8.3;0.0;0.0;53.0;7545.0


8.4;0.0;0.0;53.0;7545.0


2.8;10.6;0.8;32.0;7545.0


0.0;0.3;0.0;0.0;7545.0


0.0;14.0;0.2;0.0;7545.0


0.0;0.3;0.0;0.0;7545.0


4.2;14.7;0.4;0.0;7545.0


8.3;1.0;0.3;54.0;7545.0


8.3;0.0;0.0;56.0;7545.0


8.4;0.0;0.0;56.0;7545.0


8.3;0.0;0.0;58.0;7545.0


8.4;0.0;0.0;54.0;7545.0


8.3;0.0;0.0;53.0;7545.0


8.4;0.0;0.0;53.0;7545.0


8.4;0.0;0.0;53.0;7545.0


8.4;0.0;0.0;53.0;7545.0


8.4;0.0;0.0;53.0;7545.0


8.3;0.0;0.0;53.0;7545.0


8.4;0.0;0.0;53.0;7545.0


8.3;0.0;0.0;53.0;7545.0


8.3;0.0;0.0;51.0;7545.0


8.3;0.0;0.0;54.0;7545.0


8.3;0.0;0.0;53.0;7545.0


8.3;0.0;0.0;52.0;7545.0


0.0;10.6;0.8;0.0;7545.0


0.0;0.3;0.0;0.0;7545.0


0.0;14.1;0.2;0.0;7545.0


0.0;0.3;0.0;0.0;7545.0


8.4;16.4;0.7;51.0;7545.0


8.3;0.0;0.0;56.0;7545.0


8.4;0.0;0.0;56.0;7545.0


8.3;0.0;0.0;59.0;7545.0


8.4;0.0;0.0;35.0;7545.0


8.4;0.0;0.0;54.0;7545.0


8.3;0.0;0.0;53.0;7545.0


8.4;0.0;0.0;53.0;7545.0


8.3;0.0;0.0;53.0;7545.0


8.4;0.0;0.0;52.0;7545.0


8.3;0.0;0.0;53.0;7545.0


8.4;0.0;0.0;53.0;7545.0


8.4;0.0;0.0;53.0;7545.0


8.3;0.0;0.0;53.0;7545.0


8.3;0.0;0.0;53.0;7545.0


8.3;0.0;0.0;54.0;7545.0


8.3;0.0;0.0;53.0;7545.0


0.0;10.6;0.8;0.0;7545.0


0.0;0.3;0.0;0.0;7545.0


0.0;13.8;0.2;0.0;7545.0


0.0;0.3;0.0;0.0;7545.0


8.3;15.1;0.7;42.0;7545.0


8.4;0.0;0.0;56.0;7545.0


8.4;0.0;0.0;55.0;7545.0


8.4;0.0;0.0;56.0;7545.0


8.3;0.0;0.0;33.0;7545.0


8.4;0.0;0.0;53.0;7545.0


8.3;0.0;0.0;53.0;7545.0


8.3;0.0;0.0;52.0;7545.0


8.3;0.0;0.0;51.0;7545.0


8.3;0.0;0.0;52.0;7545.0


8.3;0.0;0.0;52.0;7545.0


8.3;0.0;0.0;53.0;7545.0


8.3;0.0;0.0;52.0;7545.0


8.4;0.0;0.0;53.0;7545.0


8.3;0.0;0.0;53.0;7545.0


8.4;0.0;0.0;53.0;7545.0


8.3;0.0;0.0;53.0;7545.0


1.4;10.6;0.8;21.0;7545.0


0.0;0.3;0.0;0.0;7545.0


0.0;15.7;0.2;0.0;7545.0


0.0;0.3;0.0;0.0;7545.0


4.7;14.9;0.4;3.0;7545.0


8.3;1.0;0.3;56.0;7545.0


