0.0;10522624;0
0.0;10522624;0
0.0;10522624;0
0.0;10522624;0
56.8;14659584;0
99.7;14790656;0
149.6;18968576;0
200.7;18931712;0
166.2;19091456;0
201.6;19156992;0
213.1;23203840;0
186.4;19214336;0
216.1;23261184;0
200.7;23359488;0
198.9;31412224;0
134.4;19283968;0
166.2;23445504;0
200.7;23449600;0
216.1;31526912;0
201.6;31531008;0
198.9;31535104;0
168.0;31662080;0
199.5;31662080;0
186.4;31662080;0
142.0;27643904;0
184.8;32002048;0
182.8;27983872;0
216.1;31993856;0
200.7;31997952;0
156.2;27897856;0
166.2;31952896;0
199.5;31993856;0
200.7;32010240;0
166.2;31064064;0
200.7;32108544;0
200.7;32112640;0
166.2;28418048;0
199.5;32415744;0
200.7;32436224;0
199.5;32399360;0
252.0;32477184;0
198.9;32489472;0
200.7;32505856;0
199.5;32522240;0
201.6;32530432;0
170.5;28520448;0
172.0;32686080;0
166.2;28663808;0
182.8;32608256;0
199.5;32649216;0
200.7;32657408;0
200.7;32792576;0
199.5;32808960;0
67.2;24756224;0
349.1;60002304;0
301.0;90603520;0
298.3;117022720;0
302.4;142508032;0
299.2;161308672;0
299.2;186818560;0
301.0;210202624;0
298.3;218116096;272
286.7;218116096;678
99.7;213327872;482
218.4;218656768;0
199.5;218656768;0
200.7;218656768;0
200.7;218656768;0
199.5;218673152;0
199.5;218673152;0
200.7;214646784;0
143.3;212434944;0
199.5;219148288;0
201.6;219148288;0
199.5;219148288;0
199.5;219148288;0
184.7;219164672;0
200.7;219164672;0
186.4;219164672;0
199.5;215195648;135
134.4;215158784;375
182.8;219205632;0
199.5;219205632;0
198.9;219205632;0
200.7;219205632;0
199.5;219205632;0
199.5;219205632;0
100.8;215179264;0
156.2;218255360;0
215.0;219201536;0
198.9;219201536;0
201.6;219201536;0
199.5;219201536;0
149.6;214962176;0
200.7;219201536;0
198.9;219201536;0
200.7;219201536;0
198.9;219201536;0
201.6;219201536;0
199.5;219201536;0
99.7;211152896;0
168.0;219209728;0
199.5;219209728;0
200.7;219209728;0
198.9;219209728;0
184.8;215187456;0
199.5;219209728;0
199.5;219209728;0
134.4;215183360;0
182.8;219217920;0
200.7;219217920;0
198.9;219217920;0
184.8;213778432;0
216.1;215560192;0
199.5;219217920;0
184.8;215191552;0
149.6;219213824;0
200.7;219213824;0
198.9;219213824;0
172.0;219217920;0
200.7;219217920;0
199.5;219217920;0
201.6;219217920;0
116.4;215195648;0
199.5;222572544;0
170.5;218546176;0
301.0;254406656;0
301.0;282521600;0
298.3;308391936;0
301.0;333942784;0
301.0;350736384;0
227.3;379133952;0
299.2;403300352;0
249.3;408567808;0
199.5;221143040;0
201.6;221143040;0
182.8;221143040;0
199.5;221143040;0
157.7;213024768;0
156.2;222273536;0
200.7;222277632;0
198.9;222277632;0
201.6;222277632;0
199.5;222277632;0
199.5;222277632;0
184.8;218480640;0
166.2;216129536;0
199.5;223105024;0
182.8;223105024;0
199.5;223105024;0
172.0;223244288;0
213.1;223277056;0
200.7;223277056;0
199.5;223277056;0
199.5;223277056;0
199.5;223277056;0
199.5;223277056;0
100.8;215228416;0
142.0;223338496;0
200.7;223338496;0
200.7;223338496;0
184.7;219312128;0
215.0;223342592;0
199.5;223342592;0
134.4;216629248;0
200.7;223350784;0
198.9;223350784;0
200.7;223350784;0
186.4;223367168;0
199.5;223367168;0
200.7;223367168;0
149.6;219344896;0
184.8;223404032;0
199.5;223408128;0
149.6;219385856;0
218.4;223453184;0
99.7;219426816;0
216.1;223506432;0
198.9;217010176;0
199.5;219848704;0
201.6;223514624;0
199.5;223514624;0
199.5;223514624;0
215.0;226914304;0
227.3;235098112;0
301.0;263315456;0
298.3;284987392;0
299.2;304881664;0
302.4;325210112;0
299.2;340709376;0
282.6;357425152;0
319.2;381194240;0
301.0;401686528;0
284.1;402558976;0
266.0;222203904;0
199.5;222203904;0
199.5;222203904;0
100.8;214204416;0
172.0;223559680;0
198.9;223559680;0
201.6;223559680;0
199.5;223563776;0
199.5;223596544;0
199.5;219570176;0
213.1;223735808;0
200.7;223735808;0
200.7;223735808;0
198.9;223735808;0
172.0;221446144;0
200.7;223768576;0
199.5;223768576;0
182.8;223809536;0
199.5;219783168;0
199.5;223858688;0
168.0;219832320;0
199.5;223911936;0
133.0;219885568;0
200.7;223916032;0
200.7;223916032;0
198.9;223916032;0
200.7;223916032;0
199.5;223916032;0
149.6;219901952;0
168.0;223952896;0
199.5;223952896;0
182.8;219930624;0
184.8;223989760;0
199.5;223989760;0
198.9;223989760;0
200.7;219963392;0
127.8;218292224;0
200.7;223989760;0
201.6;224043008;0
199.5;224043008;0
199.5;224043008;0
201.6;224043008;0
199.5;224043008;0
182.8;220016640;0
199.5;227393536;0
170.5;223367168;0
329.7;253812736;0
301.0;283324416;0
299.2;309891072;0
299.2;335355904;0
302.4;356102144;0
286.7;375918592;0
241.5;401530880;0
249.3;408760320;0
199.5;221745152;0
199.5;221745152;0
200.7;221745152;0
200.7;221745152;0
198.9;221745152;0
199.5;222949376;0
134.4;223088640;0
199.5;223088640;0
199.5;223088640;0
199.5;223088640;0
198.9;223219712;0
186.4;223219712;0
200.7;223219712;0
198.9;223219712;0
99.7;219197440;0
134.4;217292800;0
200.7;223571968;0
198.9;223571968;0
200.7;223576064;0
198.9;223772672;0
199.5;223772672;0
168.0;223903744;0
199.5;223903744;0
199.5;223903744;0
114.7;215859200;0
218.4;224149504;0
199.5;224149504;0
199.5;224149504;0
200.7;224149504;0
156.2;224219136;0
200.7;224219136;0
201.6;224239616;0
199.5;224239616;0
199.5;224374784;0
200.7;224374784;0
200.7;224374784;0
216.1;219070464;0
182.8;220446720;0
157.7;224518144;0
198.9;224518144;0
199.5;224518144;0
201.6;224518144;0
199.5;220557312;0
198.9;227966976;0
200.7;227966976;0
184.8;221065216;0
315.4;264880128;0
299.2;294023168;0
298.3;319873024;0
286.7;340279296;0
299.2;366956544;0
299.2;389218304;0
