0.0;10506240;0
0.0;10506240;0
0.0;10506240;0
0.0;10506240;0
0.0;10506240;0
42.6;14622720;0
99.7;14667776;0
129.0;19099648;0
200.7;19152896;0
216.1;23212032;0
186.4;19296256;0
213.1;23347200;0
182.8;19390464;0
133.0;23420928;0
200.7;23465984;0
149.6;23515136;0
201.6;23474176;0
213.1;31547392;0
199.5;31633408;0
199.5;31662080;0
200.7;31690752;0
198.9;31965184;0
201.6;31973376;0
182.8;27951104;0
186.4;32038912;0
198.9;32067584;0
201.6;32067584;0
199.5;32067584;0
200.7;28045312;0
182.8;32219136;0
199.5;32223232;0
199.5;32153600;0
133.0;28188672;0
215.0;32227328;0
199.5;28213248;0
218.4;32985088;0
199.5;32985088;0
199.5;32985088;0
184.7;28356608;0
134.4;33116160;0
199.5;33128448;0
200.7;33128448;0
215.0;32583680;0
199.5;32636928;0
199.5;32624640;0
200.7;32636928;0
186.4;28614656;0
166.2;32591872;0
168.0;32821248;0
198.9;32829440;0
200.7;32829440;0
199.5;32829440;0
201.6;32829440;0
198.9;32829440;0
200.7;32829440;0
116.4;24780800;0
232.7;32968704;0
199.5;32968704;0
200.7;32968704;0
199.5;32968704;0
199.5;32968704;0
201.6;32968704;0
113.6;23027712;0
329.7;64188416;0
298.3;92213248;0
301.0;113266688;0
301.0;131796992;0
299.2;150073344;0
302.4;166895616;0
299.2;181772288;0
299.2;203780096;0
272.4;223072256;0
299.2;219275264;718
302.4;219275264;714
199.5;219242496;0
200.7;219242496;0
200.7;219242496;0
198.9;219242496;0
200.7;215273472;411
149.6;215240704;99
184.8;219303936;0
216.1;219303936;0
200.7;219303936;0
200.7;219303936;0
199.5;219303936;0
199.5;219303936;0
199.5;219303936;0
134.4;218873856;0
199.5;219844608;0
200.7;219844608;0
200.7;219844608;0
199.5;219844608;0
199.5;219844608;0
149.6;214499328;0
201.6;220123136;0
198.9;220123136;0
200.7;220123136;0
199.5;220123136;0
199.5;220123136;0
199.5;220123136;0
172.0;216092672;0
157.7;220114944;0
216.1;220114944;0
201.6;220114944;0
199.5;220119040;0
199.5;220119040;0
149.6;216096768;0
157.7;216096768;0
200.7;220086272;0
213.1;220119040;0
200.7;220119040;0
199.5;220119040;0
199.5;220119040;0
199.5;220119040;0
149.6;223473664;0
200.7;223473664;0
198.9;233549824;0
301.0;262893568;0
301.0;283074560;0
298.3;302579712;0
286.7;323407872;0
298.3;339554304;0
301.0;358608896;0
172.0;373993472;0
299.2;388841472;0
298.3;408383488;0
258.0;392806400;0
200.7;221396992;0
198.9;221392896;0
200.7;221392896;0
198.9;221392896;0
200.7;221392896;0
199.5;222646272;0
166.2;222777344;0
201.6;222777344;0
149.6;222777344;0
149.6;218750976;0
199.5;222822400;0
199.5;222822400;0
201.6;222822400;0
99.7;217759744;0
116.4;217030656;0
201.6;222949376;0
199.5;222949376;0
199.5;222949376;0
166.2;222961664;0
199.5;222961664;0
201.6;222961664;0
166.2;218935296;0
166.2;218951680;0
201.6;222978048;0
199.5;222978048;0
199.5;222978048;0
149.6;214958080;0
184.7;219000832;0
134.4;221229056;0
149.6;223072256;0
199.5;223072256;0
201.6;223072256;0
199.5;223072256;0
149.6;219049984;0
186.4;223076352;0
198.9;223076352;0
114.7;219054080;0
215.0;219074560;0
170.5;215109632;0
200.7;222097408;0
143.3;221261824;0
302.4;265707520;0
299.2;292888576;0
315.8;315564032;0
272.4;335224832;0
269.9;351596544;0
301.0;371372032;0
336.0;390651904;0
266.0;405643264;0
249.3;281968640;0
199.5;222154752;0
218.4;223461376;0
199.5;223461376;0
199.5;223469568;0
133.0;219447296;0
199.5;223875072;0
218.4;224006144;0
156.2;219979776;0
199.5;224141312;0
201.6;224141312;0
127.8;216944640;0
198.9;224354304;0
200.7;224354304;0
198.9;224354304;0
200.7;224354304;0
157.7;220327936;0
142.0;220344320;0
172.0;224505856;0
200.7;224505856;0
198.9;224505856;0
200.7;224505856;0
198.9;224505856;0
157.7;218755072;0
134.4;224587776;0
199.5;224591872;0
199.5;224591872;0
200.7;224591872;0
198.9;224591872;0
216.1;220618752;0
199.5;224641024;0
200.7;224641024;0
200.7;224641024;0
198.9;224641024;0
199.5;220618752;0
166.2;224710656;0
201.6;224710656;0
199.5;224710656;0
199.5;224710656;0
201.6;224710656;0
199.5;224710656;0
216.1;228061184;0
99.7;220344320;0
301.0;266878976;0
298.3;295051264;0
282.6;318865408;0
285.6;336334848;0
301.0;354754560;0
298.3;374964224;0
286.7;394256384;0
301.0;409960448;0
282.6;282353664;0
199.5;221736960;0
182.8;217718784;0
83.1;216776704;0
172.0;223019008;0
200.7;223019008;0
199.5;223019008;0
199.5;223019008;0
201.6;223019008;0
182.8;223068160;0
133.0;219041792;0
200.7;223207424;0
198.9;223207424;0
186.4;223207424;0
200.7;223207424;0
198.9;223207424;0
116.4;222486528;0
201.6;223514624;0
199.5;223514624;0
200.7;223514624;0
198.9;223514624;0
199.5;219492352;0
114.7;219549696;0
199.5;223576064;0
199.5;223576064;0
201.6;223576064;0
199.5;223576064;0
199.5;223576064;0
186.4;217006080;0
199.5;223698944;0
199.5;223698944;0
201.6;223698944;0
199.5;223698944;0
182.8;219676672;0
200.7;223870976;0
200.7;223870976;0
184.7;223870976;0
199.5;223870976;0
198.9;223870976;0
199.5;223870976;0
184.8;218632192;0
182.8;224055296;0
182.8;224055296;0
200.7;224055296;0
200.7;224055296;0
198.9;224030720;0
166.2;220008448;0
199.5;224096256;0
166.2;220069888;0
218.4;224227328;0
200.7;224227328;0
198.9;224227328;0
200.7;227577856;0
186.4;226295808;0
232.7;236544000;0
299.2;270184448;0
299.2;295174144;0
298.3;320811008;0
301.0;339574784;0
285.6;361222144;0
249.3;379461632;0
315.8;403038208;0
302.4;409444352;0
243.7;222208000;0
99.4;222208000;0
157.7;227573760;0
198.9;227573760;0
199.5;227573760;0
201.6;227610624;0
199.5;227610624;0
184.7;227610624;0
215.0;227721216;0
157.7;223719424;0
