0.0;10502144;0
0.0;10502144;0
0.0;10502144;0
0.0;10502144;0
0.0;10502144;0
28.7;14639104;0
99.7;14680064;0
133.0;19181568;0
200.7;19333120;0
182.8;19312640;0
199.5;19263488;0
215.0;23547904;0
182.8;23400448;0
216.1;31522816;0
143.3;19521536;0
229.4;23629824;0
199.5;23638016;0
218.4;31715328;0
198.9;31723520;0
199.5;31784960;0
199.5;31789056;0
172.0;31813632;0
213.1;31940608;0
201.6;27930624;0
199.5;23879680;0
199.5;33132544;0
198.9;33132544;0
200.7;33136640;0
199.5;33136640;0
166.2;32169984;0
200.7;32169984;0
199.5;32174080;0
232.7;32428032;0
199.5;32428032;0
200.7;32428032;0
199.5;32428032;0
201.6;32432128;0
49.9;24387584;0
266.0;32477184;0
198.9;32477184;0
200.7;32477184;0
199.5;32579584;0
199.5;32587776;0
200.7;32735232;0
198.9;32735232;0
149.6;28708864;0
216.1;33759232;0
200.7;33759232;0
198.9;33759232;0
184.8;33759232;0
213.1;28581888;0
172.0;30904320;0
198.9;37130240;0
200.7;37130240;0
199.5;37130240;0
198.9;47579136;0
301.0;78073856;0
299.2;104407040;0
299.2;125714432;0
282.6;150413312;0
284.1;167026688;0
258.0;186847232;0
299.2;211234816;0
266.0;213970944;333
302.4;219131904;702
255.7;219099136;397
200.7;219099136;0
116.4;215072768;0
218.4;219095040;0
199.5;215080960;0
129.0;213336064;0
200.7;219144192;0
241.5;219205632;481
199.5;219168768;29
199.5;219168768;0
200.7;219168768;0
198.9;219168768;0
200.7;219168768;0
199.5;219164672;0
199.5;215138304;0
170.5;219172864;0
199.5;219168768;0
199.5;219168768;0
199.5;219168768;0
199.5;219168768;0
143.3;219168768;0
198.9;219168768;0
201.6;219168768;0
199.5;219168768;0
199.5;219168768;0
184.7;215146496;0
172.0;219172864;0
182.8;215146496;0
182.8;219168768;0
201.6;219168768;0
199.5;219168768;0
215.0;219172864;0
198.9;219172864;0
201.6;219172864;0
199.5;219172864;0
166.2;213041152;0
201.6;219582464;0
198.9;219582464;0
215.0;219697152;0
199.5;219697152;0
184.8;219697152;0
199.5;219697152;0
199.5;219697152;0
186.4;215674880;0
170.5;219701248;0
199.5;219701248;0
133.0;215678976;0
218.4;219701248;0
199.5;219701248;0
149.6;215674880;0
200.7;219697152;0
198.9;219697152;0
199.5;219697152;0
199.5;219697152;0
201.6;211468288;0
133.0;216211456;0
199.5;223055872;0
201.6;223055872;0
182.8;223055872;0
199.5;223055872;0
199.5;223055872;0
299.2;236285952;0
302.4;265572352;0
249.3;283410432;0
266.0;310906880;0
243.7;335400960;0
299.2;354566144;0
216.1;375734272;0
315.8;403193856;0
299.2;408842240;0
201.6;221282304;0
149.6;215191552;0
182.8;222339072;0
201.6;222339072;0
198.9;222339072;0
157.7;218460160;0
156.2;222519296;0
200.7;222519296;0
200.7;222519296;0
198.9;222519296;0
184.8;218492928;0
182.8;218570752;0
216.1;222654464;0
199.5;222654464;0
199.5;222654464;0
168.0;218791936;0
199.5;222785536;0
199.5;222785536;0
201.6;222785536;0
166.2;222822400;0
182.8;222822400;0
182.8;222822400;0
186.4;218800128;0
172.0;222863360;0
198.9;222863360;0
200.7;222863360;0
200.7;222863360;0
198.9;222863360;0
116.4;218836992;0
216.1;222912512;0
184.8;214962176;0
200.7;222982144;0
199.5;222982144;0
201.6;222982144;0
199.5;222982144;0
182.8;219013120;0
166.2;223064064;0
199.5;223064064;0
201.6;223064064;0
199.5;223064064;0
216.1;223096832;0
201.6;223096832;0
199.5;223096832;0
213.1;218451968;0
186.4;223141888;0
198.9;223141888;0
200.7;223141888;0
215.0;223195136;0
198.9;223195136;0
200.7;223195136;0
172.0;219172864;0
216.1;226549760;0
286.7;249729024;0
299.2;279363584;0
298.3;305348608;0
286.7;331399168;0
302.4;350167040;0
243.7;378818560;0
299.2;400859136;0
299.2;408715264;0
201.6;221233152;0
199.5;221237248;0
198.9;221237248;0
143.3;217214976;0
216.1;222306304;0
199.5;222306304;0
134.4;217444352;0
199.5;222498816;0
198.9;222498816;0
200.7;222498816;0
216.1;222646272;0
198.9;222646272;0
186.4;218624000;0
184.7;222699520;0
172.0;218673152;0
200.7;222769152;0
199.5;222769152;0
199.5;222769152;0
201.6;222769152;0
199.5;222781440;0
199.5;222806016;0
199.5;222806016;0
199.5;222806016;0
201.6;222806016;0
129.0;218779648;0
127.8;218832896;0
200.7;222892032;0
200.7;222892032;0
198.9;222892032;0
200.7;222892032;0
199.5;222945280;0
199.5;222945280;0
184.8;222945280;0
166.2;223002624;0
199.5;223002624;0
201.6;223002624;0
200.7;223002624;0
184.7;214949888;0
229.4;223080448;0
198.9;223080448;0
199.5;223080448;0
201.6;223080448;0
182.8;223117312;0
199.5;223121408;0
184.8;219095040;0
172.0;223158272;0
198.9;223158272;0
200.7;223158272;0
198.9;223158272;0
166.2;219193344;0
201.6;223260672;0
149.6;218603520;0
198.9;226611200;0
200.7;226611200;0
186.4;222584832;0
241.5;234995712;0
282.6;270704640;0
299.2;298426368;0
299.2;322904064;0
301.0;343396352;0
301.0;369610752;0
298.3;394887168;0
299.2;408825856;0
151.2;213762048;0
215.0;222691328;0
198.9;222691328;0
200.7;222691328;0
199.5;222691328;0
182.8;222834688;0
168.0;218808320;0
182.8;222965760;0
142.0;218951680;0
100.3;218951680;0
218.4;223162368;0
199.5;223170560;0
199.5;219148288;0
199.5;223244288;0
198.9;223219712;0
200.7;223219712;0
200.7;223219712;0
133.0;217214976;0
199.5;223498240;0
200.7;223498240;0
186.4;223690752;0
198.9;223690752;0
200.7;223690752;0
199.5;223690752;0
133.0;219664384;0
218.4;219770880;0
216.1;223932416;0
199.5;223932416;0
200.7;223932416;0
157.7;224067584;0
198.9;224067584;0
199.5;224067584;0
182.8;220041216;0
166.2;220114944;0
201.6;224141312;0
157.7;220119040;0
198.9;224276480;0
199.5;224276480;0
201.6;224276480;0
199.5;224276480;0
156.2;220282880;0
157.7;227893248;0
