8.4;28.7;9.9;1.0;2.0;1066.0
8.4;32.9;47.0;3.6;2.0;1066.0
8.3;46.1;24.7;1.9;0.0;1066.0
8.4;59.2;23.3;1.8;0.0;1066.0
8.3;72.0;24.4;1.9;2.0;1066.0
8.3;84.0;21.5;1.7;0.0;1066.0
8.3;95.4;18.5;1.4;0.0;1066.0
8.3;106.1;20.8;1.6;0.0;1066.0
8.4;118.5;21.0;1.6;1.0;1066.0
8.3;129.9;19.4;1.5;0.0;1066.0
8.3;141.1;20.9;1.6;0.0;1066.0
8.3;152.5;21.3;1.7;1.0;1066.0
8.3;166.8;27.6;2.2;1.0;1066.0
8.4;172.8;11.0;0.9;0.0;1066.0
8.3;187.4;24.7;1.9;0.0;1066.0
8.4;201.7;27.0;2.1;0.0;1066.0
8.4;205.9;5.9;0.5;0.0;1066.0
8.4;220.0;25.7;2.0;0.0;1066.0
8.4;234.3;23.2;1.8;1.0;1066.0
8.3;234.9;56.8;4.4;0.0;1066.0
8.4;235.2;56.8;4.4;0.0;1066.0
8.3;235.2;57.3;4.5;0.0;1066.0
8.4;235.8;57.4;4.5;0.0;1066.0
8.3;236.1;56.7;4.4;0.0;1066.0
8.3;236.6;56.7;4.4;0.0;1066.0
8.4;236.8;57.4;4.5;1.0;1066.0
8.3;236.6;57.8;4.5;1.0;1066.0
8.3;250.2;31.9;2.5;0.0;1067.0
8.3;252.3;3.6;0.3;0.0;1067.0
8.3;265.3;24.6;1.9;0.0;1067.0
8.4;279.6;26.1;2.0;0.0;1067.0
8.3;293.8;28.1;2.2;0.0;1067.0
8.4;307.5;27.6;2.2;1.0;1067.0
8.3;307.5;0.0;0.0;0.0;1067.0
8.4;320.5;28.4;2.2;1.0;1067.0
8.4;334.8;27.4;2.1;0.0;1067.0
8.3;349.2;26.8;2.1;0.0;1067.0
8.4;363.3;28.1;2.2;0.0;1067.0
8.3;376.5;24.8;1.9;0.0;1067.0
8.4;376.5;0.0;0.0;0.0;1067.0
8.3;386.6;21.4;1.7;0.0;1067.0
8.3;400.6;29.1;2.3;1.0;1067.0
8.4;414.9;28.1;2.2;0.0;1067.0
8.3;429.0;26.0;2.0;0.0;1067.0
8.3;443.4;27.8;2.2;0.0;1067.0
8.4;457.6;27.8;2.2;0.0;1067.0
8.3;462.7;11.5;0.9;0.0;1067.0
8.4;462.7;0.0;0.0;0.0;1067.0
8.3;475.4;25.9;2.0;1.0;1067.0
8.4;489.9;29.0;2.3;0.0;1067.0
8.4;504.3;27.2;2.1;0.0;1067.0
8.4;519.0;28.6;2.2;0.0;1067.0
8.4;532.9;26.7;2.1;0.0;1067.0
8.3;547.0;30.6;2.4;0.0;1067.0
8.4;561.3;29.2;2.3;0.0;1067.0
8.3;569.5;15.2;1.2;1.0;1067.0
8.3;569.5;0.0;0.0;0.0;1067.0
8.4;573.0;6.0;0.5;0.0;1067.0
8.3;587.3;26.7;2.1;0.0;1067.0
8.3;601.6;28.4;2.2;0.0;1067.0
8.3;615.9;28.0;2.2;0.0;1067.0
8.3;630.4;30.3;2.4;0.0;1067.0
8.4;644.9;27.8;2.2;1.0;1067.0
8.3;659.1;27.3;2.1;0.0;1067.0
8.4;673.4;27.5;2.1;1.0;1067.0
8.4;687.8;28.8;2.2;0.0;1067.0
8.4;702.1;27.6;2.2;0.0;1067.0
8.4;702.4;0.3;0.0;0.0;1067.0
8.3;702.4;0.0;0.0;0.0;1067.0
8.4;705.9;7.2;0.6;0.0;1067.0
8.3;720.4;27.7;2.2;0.0;1067.0
8.4;734.9;28.2;2.2;1.0;1067.0
8.3;749.1;27.3;2.1;0.0;1067.0
8.3;763.7;26.8;2.1;1.0;1067.0
8.4;777.9;29.2;2.3;0.0;1067.0
8.3;792.5;27.2;2.1;0.0;1067.0
8.3;806.1;25.0;2.0;0.0;1067.0
8.3;819.8;26.6;2.1;0.0;1067.0
8.3;834.2;28.0;2.2;0.0;1067.0
8.4;848.4;29.2;2.3;0.0;1067.0
8.3;862.9;27.1;2.1;1.0;1067.0
8.4;867.2;8.6;0.7;0.0;1067.0
8.3;867.2;0.0;0.0;0.0;1067.0
8.4;867.2;0.0;0.0;0.0;1067.0
8.4;871.4;8.1;0.6;0.0;1067.0
8.3;885.9;28.4;2.2;0.0;1067.0
8.4;900.4;28.1;2.2;0.0;1067.0
8.3;914.7;27.3;2.1;1.0;1067.0
8.4;929.2;28.0;2.2;0.0;1067.0
8.3;943.7;28.2;2.2;0.0;1067.0
8.3;958.0;30.2;2.4;0.0;1067.0
8.3;972.7;28.2;2.2;0.0;1067.0
8.3;986.9;26.8;2.1;0.0;1067.0
8.4;1001.5;27.8;2.2;0.0;1067.0
8.3;1016.1;29.7;2.3;1.0;1067.0
8.3;1030.3;26.8;2.1;0.0;1067.0
8.4;1044.8;27.8;2.2;0.0;1067.0
8.3;1059.7;29.1;2.3;0.0;1067.0
8.4;1073.6;28.1;2.2;0.0;1067.0
8.3;1073.6;0.0;0.0;0.0;1067.0
8.4;1073.6;0.0;0.0;0.0;1067.0
8.4;1073.6;0.0;0.0;1.0;1067.0
8.4;1073.6;0.0;0.0;0.0;1067.0
8.4;1084.5;24.2;1.9;0.0;1067.0
8.3;1098.9;29.8;2.3;0.0;1067.0
8.4;1113.0;28.7;2.2;0.0;1067.0
8.3;1127.6;27.1;2.1;0.0;1067.0
8.3;1141.8;27.6;2.2;0.0;1067.0
8.3;1156.2;31.2;2.4;1.0;1067.0
8.3;1170.8;29.2;2.3;0.0;1067.0
8.4;1184.7;25.6;2.0;1.0;1067.0
8.3;1199.3;26.4;2.1;0.0;1067.0
8.3;1213.7;28.5;2.2;0.0;1067.0
8.3;1227.2;28.1;2.2;3.0;1068.0
8.3;1241.0;27.3;2.1;0.0;1068.0
8.4;1255.3;27.6;2.2;0.0;1068.0
8.3;1269.8;28.2;2.2;1.0;1068.0
8.4;1284.2;28.9;2.3;0.0;1068.0
8.4;1298.5;29.6;2.3;0.0;1068.0
8.4;1313.0;27.9;2.2;0.0;1068.0
8.4;1327.3;28.5;2.2;0.0;1068.0
8.3;1329.6;4.0;0.3;0.0;1068.0
8.4;1329.6;0.0;0.0;0.0;1068.0
8.3;1329.6;0.0;0.0;1.0;1068.0
8.4;1329.6;0.0;0.0;0.0;1068.0
8.3;1329.6;0.0;0.0;1.0;1068.0
8.3;1337.2;15.1;1.2;0.0;1068.0
8.3;1352.0;30.5;2.4;0.0;1068.0
8.3;1364.9;26.0;2.0;0.0;1068.0
8.3;1379.7;30.8;2.4;0.0;1068.0
8.3;1393.9;28.6;2.2;1.0;1068.0
8.3;1408.3;28.2;2.2;0.0;1068.0
8.4;1422.9;28.5;2.2;1.0;1068.0
8.3;1437.1;29.6;2.3;0.0;1068.0
8.4;1451.7;29.2;2.3;0.0;1068.0
8.4;1466.3;26.9;2.1;0.0;1068.0
8.4;1480.6;29.3;2.3;0.0;1068.0
8.4;1495.1;27.8;2.2;0.0;1068.0
8.3;1509.8;29.2;2.3;0.0;1068.0
8.4;1524.1;29.5;2.3;1.0;1068.0
8.3;1538.5;29.1;2.3;0.0;1068.0
8.4;1552.9;28.5;2.2;0.0;1068.0
8.3;1567.3;28.2;2.2;0.0;1068.0
8.3;1581.8;28.2;2.2;0.0;1068.0
8.4;1596.0;30.7;2.4;0.0;1068.0
8.3;1610.6;29.4;2.3;0.0;1068.0
8.3;1625.2;28.4;2.2;1.0;1068.0
8.3;1639.6;28.4;2.2;0.0;1068.0
8.3;1649.1;18.1;1.4;0.0;1068.0
8.4;1649.1;0.0;0.0;0.0;1068.0
8.3;1649.1;0.0;0.0;0.0;1068.0
8.4;1649.1;0.0;0.0;0.0;1068.0
8.4;1649.1;0.0;0.0;0.0;1068.0
8.4;1649.1;0.0;0.0;1.0;1068.0
8.4;1649.1;0.0;0.0;0.0;1068.0
8.3;1659.6;21.4;1.7;0.0;1068.0
8.4;1674.4;28.1;2.2;0.0;1068.0
8.3;1689.0;29.1;2.3;0.0;1068.0
8.4;1703.3;27.5;2.1;0.0;1068.0
8.3;1717.8;28.6;2.2;0.0;1068.0
8.3;1732.2;28.9;2.3;1.0;1068.0
8.3;1746.7;29.2;2.3;0.0;1068.0
8.3;1761.2;29.0;2.3;1.0;1068.0
8.4;1775.7;28.4;2.2;0.0;1068.0
8.3;1790.3;28.6;2.2;0.0;1068.0
8.3;1804.8;29.4;2.3;0.0;1068.0
8.4;1819.1;28.1;2.2;0.0;1068.0
8.3;1833.7;29.3;2.3;1.0;1068.0
8.4;1848.5;30.3;2.4;0.0;1068.0
8.3;1862.6;29.6;2.3;1.0;1068.0
8.4;1876.9;28.9;2.3;0.0;1068.0
8.4;1891.6;29.8;2.3;0.0;1068.0
8.4;1905.9;27.8;2.2;0.0;1068.0
8.4;1920.5;27.3;2.1;0.0;1068.0
8.3;1934.9;26.2;2.0;0.0;1068.0
8.4;1949.5;28.6;2.2;0.0;1068.0
8.3;1964.0;26.8;2.1;1.0;1068.0
8.3;1978.3;26.1;2.0;0.0;1068.0
8.3;1992.8;28.9;2.3;0.0;1068.0
8.3;2007.2;26.1;2.0;0.0;1068.0
8.4;2021.8;28.9;2.3;0.0;1068.0
8.3;2036.3;29.9;2.3;0.0;1068.0
8.3;2046.3;20.8;1.6;0.0;1068.0
8.3;2046.3;0.0;0.0;1.0;1068.0
8.3;2046.3;0.0;0.0;0.0;1068.0
8.4;2046.3;0.0;0.0;0.0;1068.0
8.3;2046.3;0.0;0.0;0.0;1068.0
8.4;2046.3;0.0;0.0;0.0;1068.0
8.4;2046.3;0.0;0.0;0.0;1068.0
8.4;2046.3;0.0;0.0;0.0;1068.0
8.4;2047.3;1.7;0.1;0.0;1068.0
8.3;2061.9;28.6;2.2;0.0;1068.0
8.4;2076.4;27.4;2.1;0.0;1068.0
8.3;2090.6;28.4;2.2;0.0;1068.0
8.4;2105.7;27.8;2.2;0.0;1068.0
8.3;2120.5;30.1;2.4;0.0;1068.0
8.3;2134.4;25.6;2.0;0.0;1068.0
8.4;2149.1;27.4;2.1;0.0;1068.0
8.3;2163.3;27.9;2.2;0.0;1068.0
8.3;2177.9;29.6;2.3;0.0;1068.0
8.3;2192.3;28.9;2.3;0.0;1068.0
8.3;2206.7;26.3;2.1;1.0;1068.0
8.4;2221.3;25.0;2.0;0.0;1068.0
8.3;2235.6;28.2;2.2;0.0;1068.0
8.4;2250.2;28.8;2.2;0.0;1068.0
8.4;2264.7;28.2;2.2;0.0;1068.0
8.4;2279.0;27.1;2.1;0.0;1068.0
7.0;2293.7;24.2;1.9;0.0;1068.0
8.3;2307.8;26.5;2.1;1.0;1068.0
8.4;2322.5;27.0;2.1;0.0;1068.0
8.3;2336.9;28.5;2.2;0.0;1068.0
8.3;2350.8;28.1;2.2;0.0;1068.0
8.3;2365.0;26.4;2.1;0.0;1068.0
8.3;2379.3;27.8;2.2;0.0;1068.0
8.4;2393.8;27.7;2.2;0.0;1068.0
8.3;2408.3;28.1;2.2;1.0;1068.0
8.3;2422.8;28.6;2.2;0.0;1068.0
8.4;2437.0;25.7;2.0;0.0;1068.0
8.3;2451.3;28.2;2.2;0.0;1068.0
8.4;2466.0;28.5;2.2;0.0;1068.0
8.3;2480.5;28.2;2.2;0.0;1068.0
8.4;2494.8;27.8;2.2;0.0;1068.0
8.4;2509.1;26.6;2.1;1.0;1068.0
8.4;2524.0;28.6;2.2;0.0;1068.0
8.4;2538.1;28.6;2.2;0.0;1068.0
8.3;2540.4;5.0;0.4;0.0;1068.0
8.4;2540.4;0.0;0.0;0.0;1068.0
8.3;2540.4;0.0;0.0;0.0;1068.0
8.4;2540.4;0.0;0.0;0.0;1068.0
8.3;2540.4;0.0;0.0;1.0;1068.0
8.3;2540.4;0.0;0.0;0.0;1068.0
8.3;2540.4;0.0;0.0;1.0;1068.0
8.3;2540.4;0.0;0.0;0.0;1068.0
8.3;2540.4;0.0;0.0;0.0;1068.0
8.3;2540.4;0.0;0.0;0.0;1068.0
8.4;2549.6;17.3;1.3;1.0;1068.0
8.3;2557.7;905.7;0.5;1.0;1068.0
8.3;2587.5;636.3;15.2;0.0;1068.0
8.4;2626.9;727.2;23.2;1.0;1068.0
8.3;2663.4;595.5;26.2;0.0;1068.0
8.3;2660.1;1090.5;2.0;0.0;1068.0
8.3;2723.4;262.0;42.9;0.0;1068.0
9.6;2763.2;268.2;34.5;0.0;1068.0
8.4;2771.9;560.3;27.6;0.0;1068.0
8.3;2802.9;539.3;21.2;0.0;1068.0
8.4;2822.8;812.5;16.9;1.0;1068.0
8.3;2888.8;3.8;49.0;0.0;1068.0
8.4;2891.1;699.9;22.9;0.0;1068.0
8.3;2911.2;609.2;17.9;0.0;1068.0
8.3;2961.3;149.6;42.0;0.0;1068.0
8.4;2977.9;485.7;26.4;0.0;1068.0
8.3;3031.4;167.6;38.0;0.0;1068.0
5.5;3028.6;830.0;6.7;1.0;1068.0
8.3;3061.6;530.0;30.2;0.0;1068.0
8.3;3118.5;221.4;43.1;0.0;1068.0
8.4;3134.9;547.3;26.8;0.0;1068.0
8.3;3142.9;801.4;6.6;0.0;1068.0
8.4;3194.3;470.4;35.9;0.0;1068.0
8.4;3241.8;134.9;43.3;0.0;1068.0
8.4;3255.4;693.8;29.5;1.0;1068.0
8.4;3271.7;823.9;7.5;0.0;1068.0
8.4;3307.7;394.1;36.2;0.0;1068.0
8.4;3344.6;413.1;28.9;0.0;1068.0
8.4;3367.7;388.5;21.8;3.0;1068.0
2.4;3400.5;2.5;33.9;2.0;1068.0
1.4;3410.6;2.8;19.7;2.0;1068.0
4.2;3449.3;2.0;31.4;4.0;1068.0
7.1;3469.9;2.5;32.6;4.0;1068.0
8.3;3508.4;1.2;24.7;1.0;1068.0
8.3;3571.7;1.5;33.3;2.0;1068.0
8.4;3609.8;3.0;47.9;4.0;1068.0
6.0;3604.3;3.0;27.1;1.0;1068.0
8.4;3632.4;3.5;36.4;3.0;1068.0
5.9;3665.2;4.0;32.8;6.0;1068.0
7.2;3683.5;3.0;22.4;5.0;1068.0
8.3;3727.3;3.0;35.4;2.0;1068.0
4.2;3738.1;3.3;28.5;6.0;1068.0
6.0;3764.3;3.0;27.8;9.0;1040.0
8.4;3798.9;3.5;37.7;5.0;1040.0
6.0;3822.4;2.7;24.1;3.0;1040.0
8.3;3868.6;3.0;35.0;12.0;1057.0
8.4;3870.2;6.2;18.6;8.0;1057.0
9.5;3899.2;11.1;31.0;8.0;1063.0
8.4;3937.2;4.7;31.0;8.0;1060.0
8.3;3966.4;8.9;28.2;2.0;1060.0
8.3;3995.3;6.4;39.5;8.0;1060.0
8.3;4013.7;10.6;26.1;4.0;1067.0
9.5;4044.9;10.3;32.3;14.0;1069.0
9.5;4068.2;8.4;31.1;1.0;1073.0
8.4;4084.5;10.7;18.1;11.0;1074.0
8.3;4104.3;10.8;22.0;5.0;1075.0
8.4;4132.2;10.1;21.4;1.0;1071.0
8.3;4183.2;7.5;37.2;0.0;1071.0
7.2;4188.6;8.6;33.2;1.0;1071.0
8.4;4206.5;11.5;20.7;1.0;1071.0
7.2;4253.6;5.4;41.3;8.0;1067.0
9.6;4277.8;11.5;27.7;2.0;1067.0
8.3;4307.6;9.5;36.9;1.0;1066.0
8.4;4329.9;11.0;22.3;2.0;1066.0
8.3;4359.1;8.1;37.1;1.0;1066.0
