8.3;29.5;12.0;0.9;14.0;1066.0
8.3;36.4;42.3;3.3;14.0;1066.0
8.3;50.2;25.9;2.0;6.0;1066.0
8.3;63.1;22.1;1.7;0.0;1066.0
8.3;75.1;23.1;1.8;0.0;1066.0
8.4;86.9;21.5;1.7;0.0;1066.0
8.3;100.1;21.7;1.7;0.0;1066.0
8.4;112.9;23.9;1.9;0.0;1065.0
8.3;122.4;14.9;1.2;0.0;1065.0
8.4;136.9;27.1;2.1;0.0;1065.0
8.4;145.4;16.5;1.3;0.0;1065.0
8.3;160.0;26.3;2.1;0.0;1053.0
8.4;170.1;19.8;1.5;13.0;1053.0
8.3;181.0;18.3;1.4;13.0;1053.0
8.4;195.3;27.2;2.1;3.0;1053.0
8.3;205.8;16.8;1.3;0.0;1053.0
8.3;214.4;13.7;1.1;14.0;1053.0
8.4;229.2;26.1;2.0;14.0;1053.0
8.3;235.0;45.2;3.5;13.0;1053.0
8.4;235.2;57.3;4.5;13.0;1053.0
8.3;235.5;59.0;4.6;13.0;1053.0
8.3;236.0;58.4;4.6;15.0;1063.0
8.4;236.1;58.1;4.5;13.0;1063.0
8.3;236.3;56.5;4.4;0.0;1063.0
8.4;236.8;58.7;4.6;13.0;1063.0
8.3;237.0;58.2;4.5;13.0;1063.0
8.4;246.5;39.4;3.1;13.0;1063.0
8.3;252.4;10.9;0.9;0.0;1063.0
8.4;262.7;19.7;1.5;0.0;1063.0
8.4;277.2;26.9;2.1;0.0;1063.0
8.3;291.4;27.6;2.2;0.0;1063.0
8.4;305.8;29.4;2.3;0.0;1063.0
8.3;307.3;2.8;0.2;0.0;1059.0
8.3;318.6;24.6;1.9;0.0;1059.0
8.3;333.2;28.8;2.2;0.0;1059.0
8.3;347.8;26.7;2.1;0.0;1059.0
8.4;362.1;28.6;2.2;0.0;1059.0
8.3;376.3;26.8;2.1;0.0;1059.0
8.3;376.3;0.0;0.0;0.0;1059.0
8.3;385.2;18.5;1.4;0.0;1059.0
8.3;399.8;31.0;2.4;0.0;1059.0
8.4;414.4;28.5;2.2;0.0;1059.0
8.3;428.9;26.7;2.1;0.0;1059.0
8.4;443.6;28.5;2.2;0.0;1059.0
8.3;458.4;29.6;2.3;13.0;1035.0
8.4;462.5;8.9;0.7;15.0;1050.0
8.4;462.5;0.0;0.0;13.0;1050.0
8.3;476.3;27.9;2.2;0.0;1050.0
8.4;490.9;29.0;2.3;0.0;1050.0
8.3;505.6;28.0;2.2;0.0;1050.0
8.4;519.8;28.2;2.2;13.0;1050.0
8.3;534.8;28.8;2.2;14.0;1052.0
8.3;548.7;29.4;2.3;10.0;1061.0
8.4;563.0;28.3;2.2;14.0;1043.0
8.3;569.5;12.8;1.0;2.0;1036.0
8.4;569.5;0.0;0.0;1.0;1036.0
8.3;575.0;10.0;0.8;0.0;1036.0
8.3;589.4;26.8;2.1;0.0;1036.0
8.4;604.1;28.5;2.2;0.0;1036.0
8.3;618.5;28.9;2.3;0.0;1036.0
8.4;633.2;30.8;2.4;0.0;1036.0
8.3;647.9;27.9;2.2;0.0;1036.0
8.4;662.3;28.1;2.2;0.0;1036.0
8.4;677.0;27.6;2.2;0.0;1036.0
8.4;691.7;29.4;2.3;0.0;1036.0
8.4;702.4;20.7;1.6;0.0;1036.0
8.3;702.4;0.0;0.0;2.0;1020.0
8.4;702.4;0.0;0.0;8.0;1020.0
8.3;710.1;15.6;1.2;10.0;1050.0
8.3;724.8;27.5;2.1;0.0;1050.0
8.3;739.6;28.2;2.2;0.0;1050.0
8.3;754.1;28.5;2.2;2.0;1050.0
8.4;768.8;27.9;2.2;0.0;1050.0
8.3;783.5;29.8;2.3;0.0;1050.0
8.3;798.1;26.9;2.1;0.0;1050.0
8.3;812.7;27.1;2.1;8.0;1042.0
8.3;827.1;28.1;2.2;10.0;1042.0
8.4;841.9;28.9;2.3;4.0;1042.0
8.3;856.7;29.4;2.3;1.0;1042.0
8.4;867.2;20.2;1.6;6.0;1042.0
8.4;867.2;0.0;0.0;0.0;1040.0
8.4;867.2;0.0;0.0;4.0;1040.0
8.4;867.2;0.0;0.0;0.0;1040.0
8.3;880.2;24.3;1.9;0.0;1040.0
8.4;894.8;29.5;2.3;0.0;1040.0
8.3;909.7;27.8;2.2;0.0;1040.0
8.4;924.0;27.8;2.2;1.0;1040.0
8.3;938.4;28.7;2.2;0.0;1040.0
8.3;953.2;30.1;2.4;0.0;1040.0
8.4;967.9;28.6;2.2;0.0;1040.0
8.3;982.4;27.4;2.1;0.0;1040.0
8.3;997.1;28.3;2.2;0.0;1040.0
8.3;1011.7;29.6;2.3;0.0;1040.0
8.3;1026.4;27.8;2.2;0.0;1040.0
8.4;1041.2;27.5;2.1;0.0;1040.0
8.3;1056.1;30.0;2.3;0.0;1040.0
8.4;1070.8;28.4;2.2;0.0;1040.0
8.3;1073.8;6.8;0.5;0.0;1040.0
8.4;1073.8;0.0;0.0;0.0;1040.0
8.4;1073.8;0.0;0.0;0.0;1040.0
8.3;1073.8;0.0;0.0;0.0;1040.0
8.4;1082.2;16.1;1.3;0.0;1040.0
8.3;1096.7;33.7;2.6;0.0;1040.0
8.4;1111.3;28.9;2.3;0.0;1040.0
8.3;1126.0;27.2;2.1;0.0;1040.0
8.3;1140.5;29.1;2.3;0.0;1040.0
8.3;1155.3;31.5;2.5;0.0;1040.0
8.3;1170.1;29.5;2.3;0.0;1040.0
8.4;1184.5;26.5;2.1;0.0;1040.0
8.3;1199.3;26.8;2.1;0.0;1040.0
8.3;1213.7;28.9;2.3;0.0;1040.0
8.3;1228.5;30.5;2.4;0.0;1040.0
8.3;1243.3;29.3;2.3;0.0;1040.0
8.4;1257.8;28.2;2.2;0.0;1040.0
8.3;1272.5;28.0;2.2;0.0;1040.0
8.4;1287.4;29.9;2.3;0.0;1040.0
8.4;1301.8;30.7;2.4;0.0;1040.0
8.4;1316.5;27.4;2.1;0.0;1040.0
8.4;1329.8;26.2;2.0;0.0;1040.0
8.3;1329.8;0.0;0.0;0.0;1040.0
8.4;1329.8;0.0;0.0;0.0;1040.0
8.3;1329.8;0.0;0.0;0.0;1040.0
8.4;1329.8;0.0;0.0;0.0;1040.0
8.3;1329.8;0.0;0.0;1.0;1040.0
8.3;1341.8;24.1;1.9;0.0;1040.0
8.4;1356.6;30.0;2.3;0.0;1035.0
8.3;1371.2;30.6;2.4;0.0;1035.0
8.3;1386.0;30.2;2.4;0.0;1035.0
8.3;1400.7;28.6;2.2;0.0;1035.0
8.3;1415.4;27.8;2.2;0.0;1035.0
8.4;1430.1;30.1;2.4;0.0;1035.0
8.3;1444.5;29.4;2.3;0.0;1035.0
8.4;1459.1;29.2;2.3;0.0;1035.0
8.4;1473.9;29.0;2.3;0.0;1035.0
8.4;1488.6;27.7;2.2;0.0;1035.0
8.4;1503.1;30.2;2.4;0.0;1035.0
8.3;1518.2;29.5;2.3;0.0;1035.0
8.4;1532.8;29.6;2.3;0.0;1035.0
8.3;1547.2;29.8;2.3;0.0;1035.0
8.4;1562.0;29.0;2.3;0.0;1035.0
8.3;1576.5;27.8;2.2;0.0;1035.0
8.3;1591.2;30.3;2.4;0.0;1035.0
8.4;1606.1;31.3;2.4;0.0;1035.0
8.3;1620.5;28.6;2.2;0.0;1035.0
8.4;1635.3;28.5;2.2;0.0;1035.0
8.3;1649.3;26.9;2.1;0.0;1035.0
8.3;1649.3;0.0;0.0;0.0;1035.0
8.4;1649.3;0.0;0.0;0.0;1035.0
8.3;1649.3;0.0;0.0;0.0;1035.0
8.4;1649.3;0.0;0.0;0.0;1035.0
8.3;1649.3;0.0;0.0;0.0;1035.0
8.4;1649.3;0.0;0.0;0.0;1035.0
8.4;1656.5;14.9;1.2;0.0;1035.0
8.4;1671.5;28.6;2.2;0.0;1035.0
8.4;1686.0;30.0;2.3;0.0;1035.0
8.3;1700.9;27.6;2.2;0.0;1035.0
8.4;1715.3;27.8;2.2;0.0;1035.0
8.3;1729.9;29.8;2.3;0.0;1035.0
8.3;1744.6;29.5;2.3;0.0;1035.0
8.3;1759.3;29.3;2.3;0.0;1035.0
8.3;1773.9;28.7;2.2;0.0;1035.0
8.4;1788.8;28.1;2.2;0.0;1035.0
8.3;1803.5;31.5;2.5;0.0;1035.0
8.3;1818.0;27.7;2.2;0.0;1035.0
8.3;1832.8;29.5;2.3;0.0;1035.0
8.3;1847.5;30.4;2.4;0.0;1035.0
8.4;1862.0;30.7;2.4;0.0;1035.0
8.3;1876.8;29.6;2.3;0.0;1035.0
8.4;1891.5;29.9;2.3;0.0;1035.0
8.4;1906.1;28.3;2.2;0.0;1035.0
8.4;1921.0;28.0;2.2;0.0;1035.0
8.4;1935.5;26.7;2.1;0.0;1035.0
8.3;1950.2;28.5;2.2;0.0;1035.0
8.4;1964.9;27.0;2.1;0.0;1035.0
8.3;1979.5;26.9;2.1;0.0;1035.0
8.4;1994.3;29.4;2.3;0.0;1035.0
8.3;2008.8;26.4;2.1;0.0;1035.0
8.3;2023.6;29.4;2.3;0.0;1035.0
8.4;2038.2;29.8;2.3;0.0;1035.0
8.3;2046.5;17.6;1.4;0.0;1035.0
8.4;2046.5;0.0;0.0;0.0;1035.0
8.3;2046.5;0.0;0.0;0.0;1035.0
8.3;2046.5;0.0;0.0;0.0;1035.0
8.3;2046.5;0.0;0.0;0.0;1035.0
8.3;2046.5;0.0;0.0;0.0;1035.0
8.4;2046.5;0.0;0.0;0.0;1035.0
8.3;2046.5;0.0;0.0;0.0;1035.0
8.4;2049.7;5.4;0.4;0.0;1035.0
8.4;2064.2;29.2;2.3;0.0;1035.0
8.4;2079.0;27.5;2.1;0.0;1035.0
8.4;2094.3;30.0;2.3;0.0;1035.0
8.3;2108.9;28.1;2.2;0.0;1035.0
8.4;2123.4;29.3;2.3;0.0;1031.0
8.3;2138.1;26.5;2.1;3.0;1032.0
8.3;2152.8;28.0;2.2;10.0;1033.0
8.3;2167.1;27.6;2.2;2.0;1033.0
8.3;2181.9;30.9;2.4;3.0;1029.0
8.4;2196.4;28.8;2.2;4.0;1035.0
8.3;2211.0;25.2;2.0;6.0;1031.0
8.3;2225.7;26.1;2.0;12.0;1048.0
8.4;2240.1;28.6;2.2;0.0;1048.0
8.3;2254.9;29.0;2.3;0.0;1048.0
8.4;2269.8;29.3;2.3;0.0;1043.0
8.3;2284.7;25.9;2.0;0.0;1043.0
8.4;2299.0;25.6;2.0;21.0;1050.0
8.4;2313.4;27.2;2.1;5.0;1050.0
8.4;2328.0;27.3;2.1;4.0;1051.0
8.4;2342.7;29.0;2.3;0.0;1051.0
8.3;2357.2;28.4;2.2;0.0;1051.0
8.4;2371.9;28.3;2.2;0.0;1051.0
8.3;2386.8;28.0;2.2;0.0;1051.0
8.3;2401.7;29.6;2.3;14.0;1059.0
8.3;2415.6;26.3;2.1;1.0;1050.0
8.3;2430.0;27.5;2.1;5.0;1050.0
8.4;2444.5;27.2;2.1;2.0;1030.0
8.3;2459.8;29.9;2.3;11.0;1019.0
8.3;2473.8;27.8;2.2;0.0;1019.0
8.3;2488.5;28.6;2.2;9.0;1019.0
8.3;2503.2;27.3;2.1;2.0;1020.0
8.3;2518.1;28.7;2.2;3.0;1020.0
8.3;2532.2;27.4;2.1;9.0;1027.0
8.4;2540.6;17.6;1.4;3.0;1027.0
8.3;2540.6;0.0;0.0;1.0;1027.0
8.4;2540.6;0.0;0.0;0.0;1027.0
8.4;2540.6;0.0;0.0;0.0;1027.0
8.3;2540.6;0.0;0.0;10.0;1027.0
8.4;2540.6;0.0;0.0;13.0;1018.0
8.4;2540.6;0.0;0.0;1.0;1032.0
8.4;2540.6;0.0;0.0;8.0;1018.0
8.3;2540.6;0.0;0.0;1.0;1018.0
8.3;2540.6;0.0;0.0;0.0;1026.0
8.3;2542.3;2.9;0.2;10.0;1044.0
10.8;2554.9;543.9;1.6;1.0;1044.0
8.4;2560.0;880.4;0.0;1.0;1029.0
8.3;2594.8;772.3;17.4;0.0;1029.0
8.3;2628.6;504.9;22.9;10.0;1029.0
8.3;2667.1;421.0;26.3;16.0;1029.0
8.4;2696.2;721.8;15.4;1.0;1029.0
8.4;2787.3;10.9;53.8;0.0;1029.0
8.3;2769.5;769.2;16.3;10.0;1028.0
8.4;2775.2;490.6;25.9;0.0;1028.0
8.4;2816.0;454.5;28.8;6.0;1028.0
8.3;2837.9;313.9;31.2;2.0;1028.0
8.4;2902.3;579.0;29.9;20.0;1066.0
7.2;2900.3;398.5;24.8;1.0;1048.0
8.4;2928.7;668.2;25.8;4.0;1044.0
8.3;2959.0;172.2;35.3;0.0;1044.0
8.3;2993.2;810.7;20.7;0.0;1043.0
8.3;3019.8;447.5;31.4;0.0;1047.0
8.4;3057.5;688.0;26.0;0.0;1047.0
7.2;3063.9;694.6;10.9;0.0;1047.0
8.3;3128.1;362.4;43.1;0.0;1047.0
8.4;3154.6;538.7;26.8;4.0;1050.0
8.4;3155.2;825.2;11.0;1.0;1050.0
8.4;3201.7;444.3;34.3;0.0;1050.0
8.3;3232.9;182.6;42.0;2.0;1048.0
8.3;3261.0;594.6;25.5;0.0;1048.0
8.4;3295.4;625.1;24.0;0.0;1046.0
8.3;3320.1;498.2;26.8;1.0;1046.0
8.4;3344.7;360.3;20.6;1.0;1046.0
4.2;3370.3;3.0;25.6;0.0;1046.0
1.2;3386.5;2.8;27.2;1.0;1046.0
1.4;3410.9;2.5;26.4;0.0;1046.0
4.8;3460.2;2.2;40.6;5.0;1047.0
8.3;3469.9;2.3;23.4;1.0;1047.0
8.3;3515.7;1.2;24.7;1.0;1047.0
8.3;3567.8;1.5;33.3;1.0;1047.0
8.3;3592.9;3.0;47.9;1.0;1047.0
5.9;3602.2;3.0;27.1;1.0;1047.0
8.4;3630.5;3.5;36.4;1.0;1047.0
2.8;3662.8;3.5;30.4;1.0;1047.0
8.4;3683.1;4.0;28.9;1.0;1047.0
4.8;3720.6;2.5;31.3;0.0;1047.0
4.7;3738.2;3.3;28.5;1.0;1047.0
4.8;3764.5;3.0;27.8;1.0;1047.0
3.6;3799.2;3.5;37.7;0.0;1047.0
7.2;3829.3;3.2;29.7;4.0;1015.0
8.4;3876.3;2.5;29.4;7.0;1015.0
8.4;3870.2;9.0;18.8;8.0;1015.0
9.6;3913.0;10.1;38.6;8.0;1023.0
8.3;3943.7;6.6;29.7;2.0;1023.0
8.4;3964.1;7.9;27.1;28.0;1047.0
8.3;4000.2;6.2;40.7;8.0;1038.0
8.4;4011.6;11.7;19.9;3.0;1030.0
8.3;4052.9;11.2;36.6;20.0;1040.0
8.3;4076.5;9.4;31.0;2.0;1040.0
8.3;4091.0;12.5;21.0;13.0;1024.0
8.3;4130.5;9.3;32.8;15.0;1026.0
9.6;4135.0;10.3;14.9;22.0;1042.0
8.3;4178.8;7.1;35.9;12.0;1048.0
8.4;4192.6;11.9;27.7;12.0;1048.0
9.4;4241.2;8.0;30.2;3.0;1048.0
9.5;4249.2;6.9;33.4;5.0;1048.0
8.4;4276.1;11.9;25.9;3.0;1049.0
8.3;4313.4;9.0;36.7;2.0;1061.0
9.6;4324.5;11.9;20.6;23.0;1041.0
8.3;4356.1;6.7;34.8;17.0;1048.0
8.4;4383.2;9.6;22.1;10.0;1049.0
7.0;4407.0;7.9;33.9;9.0;1049.0
8.4;4425.9;13.1;21.3;3.0;1057.0
