7.2;35.2;17.5;1.4;0.0;838.0
8.4;97.0;110.9;9.5;0.0;838.0
6.0;138.6;141.7;8.7;0.0;838.0
7.3;168.7;135.7;7.3;0.0;838.0
8.4;195.4;88.4;6.0;0.0;838.0
8.3;219.8;147.4;5.4;0.0;838.0
8.4;233.0;1.7;0.1;0.0;946.0
8.3;696.8;61.0;33.4;5.0;6068.0
8.4;982.9;0.9;33.3;1.0;7793.0
0.0;983.1;2.8;0.0;0.0;7793.0
0.0;983.1;0.0;0.0;0.0;7793.0
0.0;983.1;0.0;0.0;0.0;7791.0
0.0;983.1;0.0;0.0;0.0;7791.0
0.0;983.1;0.0;0.0;2.0;7791.0
0.0;983.1;0.0;0.0;0.0;7791.0
0.0;983.1;0.0;0.0;0.0;7791.0
0.0;983.1;0.0;0.0;0.0;7791.0
0.0;983.1;0.0;0.0;0.0;7791.0
4.8;1094.4;0.9;111.3;0.0;7791.0
0.0;1138.8;1.0;42.2;0.0;7791.0
8.4;1294.5;0.1;0.0;0.0;7791.0
8.4;1299.8;0.0;0.0;0.0;7791.0
8.3;1310.5;0.0;0.0;0.0;7791.0
8.4;1320.7;0.3;0.0;0.0;7791.0
8.3;1355.7;0.1;0.0;1.0;7791.0
8.4;1373.5;0.8;1.4;0.0;7791.0
8.3;1415.9;0.3;1.5;0.0;7791.0
8.3;1421.6;0.0;0.0;0.0;7791.0
8.3;1419.7;0.0;0.0;0.0;7791.0
8.3;1436.8;0.0;0.0;0.0;7791.0
8.4;1500.4;0.1;0.0;5.0;7902.0
9.5;1918.9;3.8;0.1;16.0;7960.0
8.3;1919.7;16.2;0.2;92.0;7958.0
8.4;1919.8;0.0;0.0;96.0;7958.0
10.7;1919.8;0.0;0.0;96.0;7958.0
8.4;1919.9;0.0;0.0;96.0;7958.0
8.3;1919.9;0.0;0.0;96.0;7958.0
8.4;1919.9;0.0;0.0;98.0;7958.0
9.6;1919.9;0.0;0.0;96.0;7958.0
8.4;1919.9;0.0;0.0;96.0;7958.0
11.2;1919.9;0.0;0.0;99.0;7958.0
8.3;1919.9;0.0;0.0;95.0;7958.0
8.4;1919.9;0.0;0.0;96.0;7958.0
8.3;1919.9;0.0;0.0;96.0;7958.0
12.5;1919.9;0.0;0.0;96.0;7958.0
9.7;1919.9;0.0;0.0;96.0;7958.0
10.7;1919.5;12.6;0.2;79.0;7958.0
8.4;1967.3;7.6;0.1;26.0;7958.0
8.3;1969.4;9.2;0.1;0.0;7958.0
99.4;2959.5;0.0;0.0;0.0;7958.0
11.1;2961.8;2.7;0.4;0.0;7958.0
8.4;2963.6;1.4;4.9;0.0;7958.0
9.6;2963.2;1.2;6.8;0.0;7958.0
8.3;2963.9;1.3;4.5;0.0;7958.0
8.4;2964.2;1.5;6.8;0.0;7959.0
8.3;2965.8;1.2;6.8;0.0;7959.0
8.4;2967.0;1.4;2.3;0.0;7959.0
8.4;2967.4;4.6;34.7;0.0;7959.0
8.3;2970.4;0.6;1.4;0.0;7959.0
10.8;2973.6;0.3;1.5;99.0;7959.0
8.3;2973.6;0.0;0.0;95.0;7959.0
8.4;2973.6;0.0;0.0;96.0;7959.0
8.3;2973.6;0.0;0.0;96.0;7959.0
8.3;2973.6;0.0;0.0;95.0;7959.0
8.4;2973.6;0.0;0.0;96.0;7959.0
10.7;2973.6;0.0;0.0;96.0;7959.0
8.4;2973.6;0.0;0.0;96.0;7959.0
8.3;2973.6;0.0;0.0;96.0;7959.0
13.0;2973.6;0.0;0.0;96.0;7959.0
9.6;2973.6;0.0;0.0;98.0;7959.0
8.3;2973.6;0.0;0.0;95.0;7959.0
8.4;2973.6;0.0;0.0;96.0;7959.0
9.7;2973.6;0.0;0.0;96.0;7959.0
8.4;2977.3;0.0;0.0;32.0;7959.0
97.1;2978.2;0.0;0.0;0.0;7959.0
98.4;2978.2;0.0;0.0;0.0;7959.0
95.9;2978.2;0.0;0.0;0.0;7959.0
8.3;3006.3;15.1;67.4;2.0;7959.0
7.2;2976.2;0.7;1.5;0.0;7959.0
10.7;2983.1;0.3;1.6;96.0;7959.0
8.3;2983.1;0.0;0.0;97.0;7959.0
8.3;2983.1;0.0;0.0;96.0;7959.0
8.3;2983.1;0.0;0.0;97.0;7959.0
10.8;2983.1;0.0;0.0;99.0;7959.0
8.3;2983.1;0.0;0.0;96.0;7959.0
8.3;2983.1;0.0;0.0;96.0;7959.0
8.4;2983.1;0.0;0.0;99.0;7959.0
8.3;2983.1;0.0;0.0;96.0;7959.0
8.4;2983.1;0.0;0.0;96.0;7959.0
8.3;2983.1;0.0;0.0;97.0;7959.0
8.4;2983.1;0.0;0.0;96.0;7959.0
8.3;2983.1;0.0;0.0;96.0;7959.0
8.4;2983.1;0.0;0.0;98.0;7959.0
9.8;2982.6;0.0;0.0;96.0;7959.0
8.3;2994.8;0.0;0.0;27.0;7959.0
98.2;2995.0;0.0;0.0;0.0;7959.0
99.1;2995.0;0.0;0.0;0.0;7959.0
94.4;2995.0;0.0;0.0;0.0;7959.0
100.8;2995.0;0.0;0.0;0.0;7959.0
44.2;2995.0;0.0;0.0;0.0;7959.0
8.4;2990.0;15.2;67.7;0.0;7959.0
8.3;2996.2;0.9;3.2;0.0;7959.0
11.1;2996.7;0.0;0.0;95.0;7959.0
8.3;2996.7;0.0;0.0;96.0;7959.0
8.3;2996.7;0.0;0.0;96.0;7959.0
9.6;2996.7;0.0;0.0;96.0;7959.0
8.3;2996.7;0.0;0.0;96.0;7959.0
8.4;2996.7;0.0;0.0;96.0;7959.0
16.6;2996.7;0.0;0.0;96.0;7959.0
8.4;2996.7;0.0;0.0;95.0;7959.0
8.4;3000.9;0.0;0.0;95.0;7959.0
9.7;2996.7;0.0;0.0;96.0;7959.0
9.8;2996.7;0.0;0.0;96.0;7959.0
8.3;2996.7;0.0;0.0;96.0;7959.0
8.4;2996.7;0.0;0.0;99.0;7959.0
10.7;2996.7;0.0;0.0;96.0;7959.0
8.3;3005.8;0.0;0.0;71.0;7959.0
99.1;3007.8;0.0;0.0;54.0;7959.0
100.3;3007.8;0.0;0.0;0.0;7959.0
98.2;3007.8;0.0;0.0;0.0;7959.0
94.4;3007.8;0.0;0.0;0.0;7959.0
94.4;3007.8;0.0;0.0;0.0;7959.0
92.0;3007.8;0.0;0.0;0.0;7959.0
8.3;3121.7;15.2;68.1;1.0;7959.0
8.3;3005.8;0.6;1.6;1.0;7972.0
8.3;3012.4;0.3;1.7;68.0;7980.0
9.5;3012.4;0.0;0.0;96.0;7980.0
8.4;3012.4;0.0;0.0;99.0;7972.0
8.3;3012.4;0.0;0.0;95.0;7972.0
11.2;3012.4;0.0;0.0;96.0;7972.0
8.3;3012.4;0.0;0.0;99.0;7972.0
8.4;3012.4;0.0;0.0;95.0;7972.0
8.4;3012.4;0.0;0.0;96.0;7972.0
8.3;3012.4;0.0;0.0;96.0;7972.0
9.8;3012.4;0.0;0.0;96.0;7972.0
8.3;3012.4;0.0;0.0;96.0;7972.0
8.4;3012.4;0.0;0.0;96.0;7972.0
9.7;3012.3;0.0;0.0;96.0;7972.0
8.3;3012.3;0.0;0.0;96.0;7972.0
8.4;3011.9;0.0;0.0;96.0;7972.0
8.3;3025.9;0.0;0.0;0.0;7972.0
98.0;3026.2;0.0;0.0;38.0;7972.0
99.1;3026.2;0.0;0.0;0.0;7972.0
99.4;3026.2;0.0;0.0;0.0;7972.0
98.2;3026.2;0.0;0.0;0.0;7972.0
100.3;3026.2;0.0;0.0;0.0;7972.0
100.3;3026.2;0.0;0.0;0.0;7972.0
100.3;3026.2;0.0;0.0;0.0;7972.0
56.1;3026.2;0.0;0.0;0.0;7972.0
8.3;3022.6;15.2;68.5;0.0;7972.0
8.3;3024.2;0.6;1.7;0.0;7972.0
8.3;3028.1;0.3;1.8;96.0;7972.0
8.3;3028.1;0.0;0.0;96.0;7972.0
8.4;3028.1;0.0;0.0;95.0;7972.0
10.7;3028.1;0.0;0.0;97.0;7972.0
8.4;3028.1;0.0;0.0;99.0;7972.0
8.4;3028.1;0.0;0.0;96.0;7972.0
14.3;3028.1;0.0;0.0;97.0;7972.0
10.8;3028.1;0.0;0.0;99.0;7972.0
10.8;3028.1;0.0;0.0;96.0;7972.0
8.4;3028.1;0.0;0.0;96.0;7972.0
9.5;3028.1;0.0;0.0;96.0;7972.0
8.4;3028.1;0.0;0.0;96.0;7972.0
8.3;3028.1;0.0;0.0;96.0;7972.0
8.3;3028.1;0.0;0.0;96.0;7972.0
8.4;3039.8;0.0;0.0;14.0;7972.0
31.2;3041.5;0.0;0.0;0.0;7972.0
100.3;3041.5;0.0;0.0;0.0;7972.0
100.3;3041.5;0.0;0.0;0.0;7972.0
99.1;3041.5;0.0;0.0;0.0;7972.0
80.5;3041.5;0.0;0.0;0.0;7972.0
98.2;3041.5;0.0;0.0;0.0;7972.0
98.0;3041.5;0.0;0.0;0.0;7972.0
97.1;3041.5;0.0;0.0;0.0;7972.0
98.0;3041.5;0.0;0.0;0.0;7972.0
97.9;3041.5;0.0;0.0;0.0;7972.0
8.3;3037.7;15.2;68.8;0.0;7972.0
8.3;3040.0;0.6;1.7;0.0;7972.0
9.6;3045.2;0.3;1.8;97.0;7972.0
8.4;3045.2;0.0;0.0;96.0;7972.0
8.3;3045.2;0.0;0.0;96.0;7972.0
8.4;3045.2;0.0;0.0;96.0;7972.0
9.7;3045.2;0.0;0.0;96.0;7972.0
8.4;3045.2;0.0;0.0;95.0;7972.0
9.6;3045.2;0.0;0.0;96.0;7972.0
8.3;3045.2;0.0;0.0;96.0;7972.0
9.8;3045.2;0.0;0.0;96.0;7972.0
8.3;3045.2;0.0;0.0;96.0;7972.0
9.6;3045.2;0.0;0.0;95.0;7985.0
8.3;3045.2;0.0;0.0;95.0;7990.0
8.3;3045.2;0.0;0.0;99.0;7990.0
8.3;3045.2;0.0;0.0;95.0;7999.0
8.3;3044.7;0.0;0.0;97.0;7999.0
8.4;3059.1;0.0;0.0;2.0;8004.0
29.2;3062.7;0.0;0.0;4.0;8000.0
96.8;3062.7;0.0;0.0;0.0;7996.0
91.1;3062.7;0.0;0.0;1.0;7992.0
91.1;3062.7;0.0;0.0;1.0;7992.0
89.6;3062.7;0.0;0.0;2.0;7988.0
92.0;3062.7;0.0;0.0;1.0;7995.0
90.0;3062.7;0.0;0.0;1.0;8000.0
94.4;3062.7;0.0;0.0;1.0;8000.0
100.3;3062.7;0.0;0.0;0.0;8000.0
88.4;3062.7;0.0;0.0;0.0;8010.0
88.4;3062.7;0.0;0.0;1.0;8006.0
97.1;3062.7;0.0;0.0;0.0;7994.0
8.4;3057.1;15.2;69.2;0.0;7994.0
8.3;3060.9;0.6;1.8;2.0;7999.0
8.4;3065.2;0.3;1.9;2.0;7982.0
9.5;3065.2;0.0;0.0;95.0;7973.0
9.6;3065.2;0.0;0.0;95.0;7996.0
9.7;3065.2;0.0;0.0;96.0;7996.0
9.7;3065.2;0.0;0.0;99.0;7989.0
8.4;3065.2;0.0;0.0;95.0;7989.0
8.3;3065.2;0.0;0.0;96.0;7989.0
9.6;3065.2;0.0;0.0;99.0;7989.0
6.9;3065.2;0.0;0.0;96.0;7989.0
11.1;3065.2;0.0;0.0;95.0;7989.0
10.8;3065.2;0.0;0.0;95.0;7989.0
8.3;3065.2;0.0;0.0;96.0;7989.0
8.4;3065.2;0.0;0.0;96.0;7989.0
9.7;3065.2;0.0;0.0;96.0;7989.0
8.4;3065.2;0.0;0.0;95.0;7989.0
8.4;3067.8;0.0;0.0;97.0;7989.0
8.4;3077.3;0.0;0.0;1.0;7985.0
91.1;3083.5;0.0;0.0;52.0;7989.0
89.6;3083.5;0.0;0.0;1.0;7989.0
98.2;3083.5;0.0;0.0;1.0;7994.0
98.0;3083.6;0.0;0.0;1.0;7994.0
92.4;3083.6;0.0;0.0;0.0;7994.0
93.5;3083.6;0.0;0.0;0.0;7994.0
99.4;3083.6;0.0;0.0;0.0;7994.0
98.0;3083.6;0.0;0.0;0.0;7989.0
99.1;3083.6;0.0;0.0;2.0;7989.0
99.7;3083.6;0.0;0.0;0.0;7989.0
94.2;3083.6;0.0;0.0;0.0;7989.0
99.4;3083.6;0.0;0.0;0.0;7989.0
100.3;3083.6;0.0;0.0;0.0;7989.0
63.7;3083.6;0.0;0.0;1.0;8005.0
8.4;3079.8;15.2;69.6;2.0;8005.0
8.3;3080.3;0.6;1.9;1.0;7998.0
8.4;3086.3;0.3;2.0;96.0;7994.0
9.6;3086.3;0.0;0.0;97.0;7991.0
8.3;3086.3;0.0;0.0;96.0;7993.0
15.4;3086.3;0.0;0.0;96.0;8001.0
9.5;3086.3;0.0;0.0;95.0;7989.0
8.4;3086.3;0.0;0.0;96.0;7989.0
8.3;3086.3;0.0;0.0;97.0;7989.0
9.7;3086.3;0.0;0.0;95.0;7989.0
9.6;3086.3;0.0;0.0;95.0;7989.0
13.0;3086.3;0.0;0.0;96.0;7989.0
8.4;3086.3;0.0;0.0;95.0;7996.0
8.3;3086.3;0.0;0.0;96.0;7985.0
13.8;3086.3;0.0;0.0;97.0;8002.0
8.4;3086.3;0.0;0.0;94.0;8002.0
8.3;3086.3;0.0;0.0;96.0;8021.0
8.4;3100.5;0.0;0.0;1.0;8021.0
8.3;3108.4;0.0;0.0;2.0;8013.0
99.7;3108.4;0.0;0.0;1.0;8000.0
89.6;3108.4;0.0;0.0;1.0;8000.0
82.9;3108.4;0.0;0.0;2.0;8005.0
99.1;3108.4;0.0;0.0;0.0;8005.0
99.4;3108.4;0.0;0.0;0.0;8005.0
98.2;3108.4;0.0;0.0;0.0;8005.0
99.1;3108.4;0.0;0.0;0.0;8005.0
99.4;3108.4;0.0;0.0;0.0;8008.0
95.9;3108.4;0.0;0.0;0.0;8008.0
100.3;3108.5;0.0;0.0;0.0;8008.0
99.4;3108.5;0.0;0.0;0.0;8008.0
99.1;3108.5;0.0;0.0;0.0;8008.0
98.0;3108.5;0.0;0.0;0.0;8008.0
93.5;3108.5;0.0;0.0;0.0;8008.0
8.4;3102.4;15.2;69.9;0.0;8008.0
8.3;3106.7;0.6;1.9;0.0;8008.0
8.4;3109.7;0.3;2.1;34.0;8008.0
8.4;3109.7;0.0;0.0;96.0;8008.0
10.8;3109.7;0.0;0.0;96.0;8008.0
8.4;3109.7;0.0;0.0;96.0;8013.0
8.3;3109.7;0.0;0.0;96.0;8013.0
8.4;3109.7;0.0;0.0;95.0;8013.0
15.4;3109.7;0.0;0.0;96.0;8013.0
9.6;3109.7;0.0;0.0;96.0;8010.0
8.3;3109.7;0.0;0.0;96.0;8002.0
8.3;3109.7;0.0;0.0;95.0;8005.0
9.6;3109.7;0.0;0.0;96.0;8001.0
10.7;3109.7;0.0;0.0;96.0;8011.0
8.3;3109.7;0.0;0.0;96.0;8011.0
8.3;3109.7;0.0;0.0;96.0;8011.0
8.3;3109.7;0.0;0.0;96.0;8011.0
8.4;3109.7;0.0;0.0;16.0;8011.0
8.3;3127.3;0.0;0.0;0.0;8011.0
99.1;3131.4;0.0;0.0;47.0;8011.0
99.4;3131.4;0.0;0.0;0.0;8011.0
100.3;3131.5;0.0;0.0;0.0;8011.0
93.8;3131.5;0.0;0.0;0.0;8011.0
91.4;3131.5;0.0;0.0;1.0;8011.0
96.8;3131.5;0.0;0.0;0.0;8011.0
99.1;3131.5;0.0;0.0;0.0;8011.0
93.2;3131.5;0.0;0.0;0.0;8007.0
92.8;3131.5;0.0;0.0;0.0;8007.0
