45.0;90.6;40.4;0.0
49.9;106.7;87.2;0.0
74.7;129.0;83.7;0.0
60.0;143.1;29.0;0.0
25.0;156.1;32.2;0.0
0.0;156.1;0.0;0.0
0.0;156.1;0.1;0.0
0.0;156.1;0.0;0.0
0.0;156.1;1.2;0.0
0.0;156.1;0.0;0.0
0.0;156.1;0.7;0.0
0.0;156.1;0.0;0.0
0.0;156.1;0.5;0.0
0.0;156.1;0.0;0.0
0.0;156.1;0.4;0.0
0.0;156.1;0.0;0.0
0.0;156.1;0.7;0.0
0.0;156.1;0.0;0.0
14.9;159.0;0.2;0.0
40.0;159.6;0.5;0.0
10.0;160.3;6.1;0.0
49.7;160.3;0.0;0.0
50.0;160.3;0.0;0.0
50.0;160.3;0.0;0.0
48.8;160.3;0.0;0.0
54.4;160.3;0.0;0.0
50.0;160.3;0.0;0.0
50.0;160.3;0.0;0.0
5.0;160.3;3.1;0.0
24.9;161.2;4.1;0.0
0.0;161.2;0.1;0.0
0.0;161.2;0.0;0.0
0.0;161.2;1.2;0.0
0.0;161.2;0.0;0.0
0.0;161.2;0.7;0.0
0.0;161.2;0.0;0.0
0.0;161.2;0.6;0.0
0.0;161.2;0.0;0.0
0.0;161.2;0.4;0.0
0.0;161.2;0.0;0.0
0.0;161.2;0.5;0.0
0.0;161.2;0.0;0.0
34.8;163.3;15.6;4.0
50.0;183.2;38.5;0.0
49.4;215.3;485.6;0.0
45.0;215.3;1405.5;0.0
55.0;246.4;347.2;0.0
48.2;246.4;318.4;0.0
51.8;246.4;338.6;0.0
51.2;246.4;352.0;0.0
51.4;246.4;345.8;0.0
45.0;246.4;339.8;0.0
50.0;246.4;325.4;0.0
48.4;246.4;356.7;0.0
54.3;246.9;359.6;0.0
50.6;246.9;386.7;0.0
50.0;246.9;355.2;0.0
50.0;246.9;373.2;0.0
50.0;278.4;78.1;68.0
52.5;278.4;0.8;256.0
49.6;278.4;0.4;128.0
50.0;247.9;0.3;28.0
