44.8;100.9;68.8;0.0
50.0;114.2;88.8;0.0
89.9;138.4;55.2;0.0
40.0;156.0;40.1;0.0
0.0;156.0;0.0;0.0
0.0;156.0;0.0;0.0
0.0;156.0;0.1;0.0
0.0;156.0;0.0;0.0
0.0;156.0;1.2;0.0
0.0;156.0;0.0;0.0
0.0;156.0;0.7;0.0
0.0;156.0;0.0;0.0
0.0;156.0;0.6;0.0
0.0;156.0;0.0;0.0
0.0;156.0;0.4;0.0
0.0;156.0;0.0;0.0
0.0;156.0;0.5;0.0
0.0;156.0;0.0;0.0
29.3;159.1;0.2;0.0
29.9;159.7;0.6;0.0
20.7;160.5;5.8;0.0
48.6;160.5;0.0;0.0
52.2;160.5;0.1;0.0
3.5;161.2;6.9;0.0
19.9;161.4;0.1;0.0
0.0;161.4;0.0;0.0
0.0;161.4;1.2;0.0
0.0;161.4;0.0;0.0
0.0;161.4;0.7;0.0
0.0;161.4;0.0;0.0
0.0;161.4;0.4;0.0
0.0;161.4;0.2;0.0
0.0;161.4;0.0;0.0
0.0;161.4;0.7;0.0
0.0;161.4;0.1;0.0
0.0;161.4;0.6;0.0
0.0;161.4;0.1;0.0
48.2;169.4;15.7;4.0
49.4;184.0;38.5;0.0
47.0;215.5;865.5;0.0
53.8;215.9;1214.3;0.0
51.5;246.7;246.1;0.0
49.9;246.7;317.2;0.0
50.0;246.7;329.2;0.0
49.6;246.7;317.0;0.0
48.2;246.7;348.5;0.0
47.6;246.7;351.1;0.0
52.8;246.7;358.0;0.0
50.0;246.7;341.4;0.0
50.9;246.7;435.3;0.0
49.3;247.1;401.9;0.0
49.5;247.1;358.3;0.0
49.3;278.4;234.8;0.0
51.0;278.7;0.6;196.0
52.1;278.7;0.8;256.0
48.2;248.2;0.3;28.0
