39.9;100.0;66.4;0.0
55.0;114.1;92.1;0.0
84.9;138.7;55.3;0.0
40.0;156.4;40.1;0.0
0.0;156.4;0.0;0.0
0.0;156.4;0.0;0.0
0.0;156.4;0.1;0.0
0.0;156.4;0.0;0.0
0.0;156.4;1.3;0.0
0.0;156.4;0.0;0.0
0.0;156.4;0.7;0.0
0.0;156.4;0.0;0.0
0.0;156.4;0.5;0.0
0.0;156.4;0.0;0.0
0.0;156.4;0.6;0.0
0.0;156.4;0.0;0.0
0.0;156.4;0.6;0.0
0.0;156.4;0.0;0.0
34.3;159.2;0.2;0.0
24.9;159.8;0.6;0.0
28.4;160.4;5.6;0.0
50.0;160.4;0.0;0.0
50.0;160.4;0.0;0.0
49.7;160.4;0.0;0.0
49.7;160.4;0.0;0.0
50.0;160.4;0.0;0.0
49.4;160.4;0.0;0.0
40.0;160.4;1.1;0.0
0.0;160.6;6.2;0.0
29.9;161.3;0.1;0.0
0.0;161.3;0.0;0.0
0.0;161.3;0.0;0.0
0.0;161.3;1.3;0.0
0.0;161.3;0.0;0.0
0.0;161.3;0.7;0.0
0.0;161.3;0.0;0.0
0.0;161.3;0.7;0.0
0.0;161.3;0.0;0.0
0.0;161.3;0.6;0.0
0.0;161.3;0.0;0.0
0.0;161.3;0.6;0.0
0.0;161.3;0.0;0.0
28.8;161.8;0.2;0.0
45.4;182.9;53.8;4.0
49.1;215.4;844.5;0.0
50.5;246.9;4275.2;0.0
47.6;246.9;587.6;0.0
52.6;278.1;513.5;0.0
48.1;278.4;0.4;132.0
51.8;278.4;1.2;384.0
49.0;248.0;0.3;28.0
