6.0;37.0;20.3;1.8;0.0;877.0
6.0;99.3;110.5;9.3;0.0;877.0
8.3;140.7;140.3;8.8;0.0;877.0
7.0;171.2;137.9;7.4;0.0;877.0
8.3;198.7;91.4;6.1;0.0;877.0
8.4;222.9;145.2;5.2;0.0;877.0
8.3;236.0;0.8;0.0;0.0;883.0
8.4;615.2;61.1;33.0;5.0;2652.0
8.4;966.1;0.6;0.0;50.0;7832.0
0.0;991.5;3.1;32.9;0.0;7832.0
0.0;991.5;0.0;0.0;0.0;7832.0
0.0;991.5;0.0;0.0;0.0;7832.0
0.0;991.5;0.0;0.0;0.0;7832.0
0.0;991.5;0.0;0.0;0.0;7832.0
0.0;991.5;0.0;0.0;0.0;7832.0
0.0;991.5;0.0;0.0;0.0;7832.0
0.0;991.5;0.0;0.0;0.0;7832.0
0.0;991.5;0.0;0.0;0.0;7832.0
2.4;1027.9;0.3;36.1;0.0;7832.0
0.0;1147.0;1.6;117.4;0.0;7832.0
8.4;1302.0;0.1;0.0;0.0;7832.0
8.3;1305.5;0.0;0.0;0.0;7832.0
8.4;1315.2;0.0;0.0;0.0;7832.0
8.3;1326.7;0.3;0.0;0.0;7832.0
8.3;1398.0;0.0;0.0;0.0;7832.0
8.3;1380.5;0.3;0.0;0.0;7832.0
8.3;1377.2;0.9;3.1;0.0;7832.0
8.3;1433.2;0.0;0.0;0.0;7832.0
8.3;1434.0;0.0;0.0;0.0;7832.0
8.3;1434.7;0.0;0.0;0.0;7832.0
8.4;1455.2;0.0;0.0;0.0;7832.0
8.3;1489.2;0.1;0.0;5.0;7927.0
8.4;1912.3;0.1;0.0;4.0;8001.0
8.3;1930.6;20.9;0.3;94.0;8001.0
8.3;1930.7;0.0;0.0;96.0;8001.0
11.9;1930.8;0.0;0.0;96.0;8001.0
9.7;1930.8;0.0;0.0;96.0;8001.0
8.4;1930.8;0.0;0.0;95.0;8001.0
8.3;1930.9;0.0;0.0;96.0;8001.0
8.4;1930.9;0.0;0.0;97.0;8001.0
8.3;1930.9;0.0;0.0;96.0;8001.0
8.3;1930.9;0.0;0.0;97.0;8001.0
11.8;1930.9;0.0;0.0;96.0;8001.0
9.4;1930.9;0.0;0.0;97.0;8001.0
8.3;1930.9;0.0;0.0;96.0;8001.0
8.3;1930.9;0.0;0.0;96.0;8001.0
9.5;1930.9;0.0;0.0;98.0;8001.0
8.3;1930.9;0.0;0.0;96.0;8001.0
9.7;1930.5;18.6;0.3;97.0;8001.0
8.4;1981.4;4.8;0.1;8.0;8001.0
9.6;2132.9;6.8;0.1;11.0;8001.0
88.5;2974.3;0.0;0.0;0.0;8001.0
8.3;2977.0;3.3;2.8;0.0;8001.0
8.3;2979.4;1.3;4.5;0.0;8001.0
8.3;2983.3;1.2;6.8;0.0;8001.0
8.4;2982.9;1.3;4.5;0.0;8001.0
8.3;2983.7;1.0;4.5;0.0;8001.0
8.4;2984.4;1.2;6.8;0.0;8001.0
8.4;2985.2;1.0;2.3;0.0;8001.0
7.1;3018.7;7.6;34.1;0.0;8001.0
8.4;2989.1;0.7;1.5;0.0;8001.0
9.5;2992.5;0.3;1.6;66.0;8001.0
8.3;2992.5;0.0;0.0;96.0;8001.0
7.2;2992.5;0.0;0.0;96.0;8001.0
8.3;2992.5;0.0;0.0;96.0;8001.0
8.4;2992.5;0.0;0.0;99.0;8001.0
7.1;2992.5;0.0;0.0;96.0;8001.0
8.4;2992.5;0.0;0.0;96.0;8001.0
8.3;2992.5;0.0;0.0;96.0;8001.0
9.7;2992.5;0.0;0.0;96.0;8001.0
8.3;2992.5;0.0;0.0;97.0;8001.0
8.3;2992.5;0.0;0.0;96.0;8001.0
8.4;2992.5;0.0;0.0;96.0;8001.0
13.0;2992.5;0.0;0.0;96.0;8001.0
8.3;2992.5;0.0;0.0;96.0;8001.0
8.4;2992.5;0.0;0.0;96.0;8001.0
8.3;2992.1;0.0;0.0;85.0;8001.0
11.2;2996.8;0.0;0.0;0.0;8001.0
98.4;2996.8;0.0;0.0;0.0;8001.0
99.4;2996.8;0.0;0.0;0.0;8001.0
8.4;2993.9;17.9;66.6;0.0;8001.0
8.3;2995.3;0.6;1.6;0.0;8001.0
8.3;3000.7;0.3;1.7;96.0;8001.0
9.5;3000.7;0.0;0.0;96.0;8001.0
9.5;3000.7;0.0;0.0;95.0;8001.0
14.3;3000.7;0.0;0.0;96.0;8001.0
8.3;3000.7;0.0;0.0;96.0;8001.0
8.3;3000.7;0.0;0.0;96.0;8001.0
8.4;3000.7;0.0;0.0;99.0;8001.0
10.7;3000.7;0.0;0.0;96.0;8001.0
8.4;3000.7;0.0;0.0;99.0;8001.0
8.3;3000.7;0.0;0.0;96.0;8001.0
8.4;3000.7;0.0;0.0;96.0;8001.0
8.4;3000.7;0.0;0.0;99.0;8001.0
8.4;3000.7;0.0;0.0;96.0;8001.0
14.0;3000.7;0.0;0.0;99.0;8001.0
8.3;3000.7;0.0;0.0;96.0;8001.0
8.4;3013.3;0.0;0.0;0.0;8001.0
97.9;3014.7;0.0;0.0;0.0;8001.0
92.3;3014.7;0.0;0.0;0.0;8001.0
94.2;3014.7;0.0;0.0;0.0;8001.0
18.9;3009.2;9.9;32.8;0.0;8001.0
8.3;3011.2;8.0;34.1;0.0;8001.0
8.3;3017.6;0.9;3.4;27.0;8001.0
8.4;3017.6;0.0;0.0;99.0;8001.0
9.5;3017.6;0.0;0.0;95.0;8001.0
8.3;3017.6;0.0;0.0;96.0;8001.0
9.7;3017.6;0.0;0.0;96.0;8001.0
8.3;3017.6;0.0;0.0;96.0;8001.0
9.6;3017.6;0.0;0.0;96.0;8001.0
8.3;3017.6;0.0;0.0;96.0;8001.0
8.3;3017.6;0.0;0.0;96.0;8001.0
9.6;3017.6;0.0;0.0;96.0;8001.0
8.3;3017.6;0.0;0.0;96.0;8001.0
9.8;3017.6;0.0;0.0;96.0;8001.0
8.3;3017.6;0.0;0.0;97.0;8001.0
8.4;3017.6;0.0;0.0;99.0;8001.0
9.6;3017.6;0.0;0.0;96.0;8001.0
8.3;3017.2;0.0;0.0;96.0;8001.0
8.4;3030.7;0.0;0.0;0.0;8001.0
97.1;3030.7;0.0;0.0;0.0;8001.0
96.8;3030.7;0.0;0.0;0.0;8001.0
99.4;3030.7;0.0;0.0;0.0;8001.0
100.8;3030.7;0.0;0.0;0.0;8001.0
8.4;3051.6;17.9;67.3;2.0;8001.0
8.3;3028.7;0.6;1.7;0.0;8001.0
9.6;3036.0;0.3;1.8;16.0;8001.0
8.3;3036.0;0.0;0.0;95.0;8001.0
8.3;3036.0;0.0;0.0;96.0;8001.0
8.3;3036.0;0.0;0.0;96.0;8001.0
9.4;3036.0;0.0;0.0;95.0;8001.0
8.3;3036.0;0.0;0.0;99.0;8001.0
8.3;3036.0;0.0;0.0;95.0;8001.0
8.3;3036.0;0.0;0.0;96.0;8001.0
8.4;3036.0;0.0;0.0;95.0;8001.0
11.1;3036.0;0.0;0.0;96.0;8001.0
11.2;3036.0;0.0;0.0;96.0;8001.0
8.4;3036.0;0.0;0.0;96.0;8001.0
9.4;3036.0;0.0;0.0;98.0;8001.0
8.4;3036.0;0.0;0.0;95.0;8001.0
12.5;3036.0;0.0;0.0;96.0;8001.0
23.6;3035.5;0.0;0.0;96.0;8001.0
8.3;3046.6;0.0;0.0;0.0;8001.0
95.9;3047.2;0.0;0.0;17.0;8001.0
89.6;3047.2;0.0;0.0;0.0;8001.0
100.8;3047.2;0.0;0.0;0.0;8001.0
94.8;3047.2;0.0;0.0;0.0;8001.0
100.0;3047.2;0.0;0.0;0.0;8001.0
8.4;3041.7;8.5;26.8;1.0;8001.0
8.3;3042.6;9.4;40.8;0.0;8001.0
8.3;3052.6;0.9;3.7;0.0;8001.0
8.4;3053.8;0.0;0.0;99.0;8001.0
9.7;3053.8;0.0;0.0;95.0;8001.0
8.3;3053.8;0.0;0.0;96.0;8001.0
10.7;3053.8;0.0;0.0;95.0;8001.0
8.3;3053.8;0.0;0.0;96.0;8001.0
7.0;3053.8;0.0;0.0;95.0;8001.0
8.3;3053.8;0.0;0.0;96.0;8001.0
7.2;3053.8;0.0;0.0;98.0;8001.0
7.2;3053.8;0.0;0.0;96.0;8001.0
8.3;3056.4;0.0;0.0;96.0;8001.0
9.8;3053.8;0.0;0.0;95.0;8001.0
9.4;3053.8;0.0;0.0;97.0;8001.0
11.1;3053.8;0.0;0.0;96.0;8001.0
12.5;3053.8;0.0;0.0;96.0;8001.0
8.3;3053.8;0.0;0.0;99.0;8001.0
8.3;3063.4;0.0;0.0;0.0;8001.0
33.1;3066.2;0.0;0.0;7.0;8001.0
88.8;3066.2;0.0;0.0;0.0;8001.0
98.2;3066.2;0.0;0.0;0.0;8001.0
94.2;3066.2;0.0;0.0;0.0;8001.0
98.0;3066.2;0.0;0.0;0.0;8001.0
98.0;3066.2;0.0;0.0;0.0;8001.0
98.2;3066.2;0.0;0.0;0.0;8001.0
94.8;3066.2;0.0;0.0;0.0;8001.0
8.3;3062.6;17.9;68.0;0.0;8001.0
8.3;3065.7;0.6;1.8;0.0;8001.0
9.5;3071.7;0.3;2.0;100.0;8001.0
8.3;3071.7;0.0;0.0;99.0;8001.0
8.3;3071.7;0.0;0.0;95.0;8001.0
8.4;3071.7;0.0;0.0;99.0;8001.0
9.4;3071.7;0.0;0.0;96.0;8001.0
8.4;3071.7;0.0;0.0;96.0;8001.0
8.4;3071.7;0.0;0.0;96.0;8001.0
8.4;3071.7;0.0;0.0;96.0;8001.0
8.3;3071.7;0.0;0.0;99.0;8001.0
8.3;3071.7;0.0;0.0;95.0;8001.0
8.4;3071.7;0.0;0.0;99.0;8001.0
10.8;3071.7;0.0;0.0;96.0;8001.0
8.3;3071.7;0.0;0.0;96.0;8001.0
8.3;3071.7;0.0;0.0;95.0;8001.0
8.3;3071.7;0.0;0.0;96.0;8001.0
8.3;3071.3;0.0;0.0;96.0;8001.0
8.4;3083.1;0.0;0.0;0.0;8001.0
72.9;3086.6;0.0;0.0;54.0;8001.0
98.0;3086.6;0.0;0.0;0.0;8001.0
98.0;3086.6;0.0;0.0;0.0;8001.0
99.1;3086.6;0.0;0.0;0.0;8001.0
100.3;3086.6;0.0;0.0;0.0;8001.0
98.2;3086.6;0.0;0.0;0.0;8001.0
100.3;3086.6;0.0;0.0;0.0;8001.0
99.4;3086.6;0.0;0.0;0.0;8001.0
96.9;3086.6;0.0;0.0;0.0;8001.0
8.4;3080.6;17.9;68.4;0.0;8001.0
8.4;3084.8;0.6;1.9;0.0;8001.0
10.8;3090.2;0.3;2.0;0.0;8001.0
9.6;3090.2;0.0;0.0;95.0;8001.0
8.3;3090.2;0.0;0.0;96.0;8001.0
10.8;3090.2;0.0;0.0;96.0;8001.0
9.5;3090.2;0.0;0.0;96.0;8001.0
8.3;3090.2;0.0;0.0;96.0;8001.0
8.4;3090.2;0.0;0.0;96.0;8001.0
8.3;3090.2;0.0;0.0;99.0;8001.0
9.6;3090.2;0.0;0.0;96.0;8001.0
8.3;3090.2;0.0;0.0;99.0;8001.0
9.5;3090.2;0.0;0.0;96.0;8001.0
8.4;3090.2;0.0;0.0;96.0;8001.0
8.3;3090.2;0.0;0.0;96.0;8001.0
8.4;3090.2;0.0;0.0;96.0;8001.0
8.4;3090.2;0.0;0.0;96.0;8001.0
9.6;3089.7;0.0;0.0;96.0;8001.0
8.4;3100.8;0.0;0.0;0.0;8001.0
37.4;3107.5;0.0;0.0;55.0;8001.0
100.0;3107.5;0.0;0.0;0.0;8001.0
99.4;3107.5;0.0;0.0;0.0;8001.0
99.1;3107.5;0.0;0.0;0.0;8001.0
99.1;3107.5;0.0;0.0;0.0;8001.0
100.0;3107.5;0.0;0.0;0.0;8001.0
99.7;3107.5;0.0;0.0;0.0;8001.0
99.1;3107.5;0.0;0.0;0.0;8001.0
98.2;3107.5;0.0;0.0;0.0;8001.0
97.9;3107.5;0.0;0.0;0.0;8001.0
8.3;3101.5;9.5;32.4;1.0;8001.0
8.4;3102.4;8.4;36.3;0.0;8001.0
8.3;3106.1;0.6;2.0;0.0;8001.0
10.8;3109.0;0.3;2.1;96.0;8001.0
13.1;3109.0;0.0;0.0;98.0;8001.0
8.4;3109.0;0.0;0.0;95.0;8009.0
8.4;3109.0;0.0;0.0;99.0;8009.0
8.3;3109.0;0.0;0.0;96.0;8009.0
8.4;3109.0;0.0;0.0;96.0;8009.0
8.3;3109.0;0.0;0.0;96.0;8009.0
9.7;3109.0;0.0;0.0;96.0;8009.0
9.6;3109.0;0.0;0.0;96.0;8009.0
8.3;3109.0;0.0;0.0;96.0;8009.0
8.4;3109.0;0.0;0.0;99.0;8009.0
8.3;3109.0;0.0;0.0;96.0;8009.0
8.3;3109.0;0.0;0.0;96.0;8009.0
8.4;3109.0;0.0;0.0;95.0;8009.0
8.3;3109.0;0.0;0.0;96.0;8009.0
8.4;3117.0;0.0;0.0;30.0;8009.0
8.3;3129.5;0.0;0.0;0.0;8009.0
98.0;3132.5;0.0;0.0;40.0;8009.0
92.7;3132.5;0.0;0.0;0.0;8009.0
99.4;3132.5;0.0;0.0;0.0;8009.0
97.1;3132.5;0.0;0.0;0.0;8009.0
99.7;3132.5;0.0;0.0;0.0;8009.0
100.0;3132.5;0.0;0.0;0.0;8009.0
99.4;3132.5;0.0;0.0;0.0;8009.0
96.8;3132.5;0.0;0.0;0.0;8009.0
94.7;3132.5;0.0;0.0;0.0;8009.0
99.1;3132.5;0.0;0.0;0.0;8009.0
35.4;3126.4;2.4;3.3;0.0;8009.0
8.3;3128.5;15.5;65.8;0.0;8009.0
8.3;3128.8;0.6;2.1;0.0;8009.0
8.4;3133.6;0.3;2.2;96.0;8009.0
8.3;3133.6;0.0;0.0;96.0;8009.0
8.4;3133.6;0.0;0.0;95.0;8009.0
9.7;3133.6;0.0;0.0;99.0;8009.0
11.8;3133.6;0.0;0.0;96.0;8009.0
8.4;3133.6;0.0;0.0;99.0;8009.0
9.5;3133.6;0.0;0.0;96.0;8009.0
8.4;3133.6;0.0;0.0;96.0;8009.0
8.4;3133.6;0.0;0.0;96.0;8009.0
8.3;3133.6;0.0;0.0;96.0;8009.0
12.6;3133.6;0.0;0.0;96.0;8009.0
8.3;3133.6;0.0;0.0;96.0;8009.0
10.8;3133.6;0.0;0.0;98.0;8009.0
8.3;3133.6;0.0;0.0;96.0;8009.0
8.4;3133.6;0.0;0.0;96.0;8009.0
8.4;3136.2;0.0;0.0;36.0;8009.0
8.3;3145.9;0.0;0.0;0.0;8009.0
34.6;3155.5;0.0;0.0;2.0;8009.0
100.3;3155.5;0.0;0.0;0.0;8009.0
96.9;3155.5;0.0;0.0;0.0;8009.0
98.0;3155.5;0.0;0.0;0.0;8009.0
97.1;3155.6;0.0;0.0;0.0;8009.0
98.0;3155.6;0.0;0.0;0.0;8009.0
97.9;3155.6;0.0;0.0;0.0;8009.0
97.1;3155.6;0.0;0.0;0.0;8009.0
98.0;3155.6;0.0;0.0;0.0;8009.0
98.2;3155.6;0.0;0.0;0.0;8009.0
100.0;3155.6;0.0;0.0;0.0;8009.0
90.0;3155.6;0.0;0.0;0.0;8009.0
17.8;3149.5;8.0;26.3;2.0;8009.0
8.4;3152.0;9.9;43.1;0.0;8009.0
8.4;3152.3;0.6;2.1;0.0;8009.0
9.8;3157.0;0.3;2.3;100.0;8009.0
9.6;3157.0;0.0;0.0;99.0;8009.0
10.8;3157.0;0.0;0.0;96.0;8009.0
