8.4;35.9;17.5;1.1;1.0;954.0
8.3;96.5;106.1;9.2;1.0;954.0
5.9;135.5;141.7;8.9;1.0;954.0
4.8;168.7;131.5;7.4;1.0;954.0
8.3;195.6;94.8;6.0;0.0;954.0
8.4;219.4;148.0;5.4;1.0;954.0
8.4;233.4;1.7;0.1;1.0;1053.0
8.3;691.6;61.0;33.4;6.0;5033.0
9.6;1017.0;0.8;33.3;21.0;7909.0
0.0;983.8;2.9;0.0;1.0;7909.0
0.0;983.8;0.0;0.0;1.0;7909.0
0.0;983.8;0.0;0.0;0.0;7909.0
0.0;983.8;0.0;0.0;0.0;7909.0
0.0;983.8;0.0;0.0;0.0;7909.0
0.0;983.8;0.0;0.0;1.0;7909.0
0.0;983.8;0.0;0.0;0.0;7909.0
0.0;983.8;0.0;0.0;1.0;7909.0
0.0;983.8;0.0;0.0;0.0;7909.0
2.4;1024.3;0.2;36.1;1.0;7909.0
0.0;1139.5;1.7;117.4;0.0;7909.0
8.4;1294.6;0.1;0.0;1.0;7909.0
8.3;1298.1;0.0;0.0;1.0;7909.0
8.4;1309.0;0.0;0.0;0.0;7909.0
8.3;1319.6;0.3;0.0;0.0;7909.0
8.4;1355.0;0.0;0.0;1.0;7909.0
8.4;1373.0;0.9;1.4;1.0;7909.0
8.4;1406.8;0.3;1.5;1.0;7909.0
8.4;1421.0;0.0;0.0;1.0;7909.0
8.3;1420.4;0.0;0.0;0.0;7909.0
8.4;1437.5;0.0;0.0;1.0;7909.0
8.3;1407.9;0.0;0.0;1.0;7949.0
8.4;1775.0;0.2;0.0;6.0;8074.0
9.7;1920.0;17.3;0.3;88.0;8074.0
8.3;1920.3;2.8;0.0;99.0;8074.0
8.4;1920.3;0.0;0.0;95.0;8074.0
8.3;1920.3;0.0;0.0;96.0;8074.0
9.7;1920.5;0.0;0.0;99.0;8074.0
8.3;1920.5;0.0;0.0;95.0;8074.0
9.5;1920.5;0.0;0.0;99.0;8074.0
8.4;1920.5;0.0;0.0;96.0;8074.0
8.3;1920.5;0.0;0.0;96.0;8074.0
8.4;1920.5;0.0;0.0;99.0;8074.0
10.8;1920.5;0.0;0.0;96.0;8074.0
12.5;1920.6;0.0;0.0;96.0;8074.0
9.6;1920.6;0.0;0.0;95.0;8074.0
8.3;1920.6;0.0;0.0;96.0;8074.0
8.4;1920.6;0.0;0.0;99.0;8074.0
9.5;1920.1;17.4;0.3;89.0;8074.0
11.9;1968.2;7.6;0.1;0.0;8074.0
37.4;2408.9;4.8;0.1;16.0;8074.0
99.1;2961.4;0.0;0.0;1.0;8074.0
8.3;2963.3;2.8;0.8;1.0;8074.0
8.3;2964.0;1.3;4.5;1.0;8074.0
8.4;2962.4;1.2;6.8;1.0;8074.0
8.3;2962.8;1.0;4.5;1.0;8074.0
8.4;2963.2;1.5;6.8;1.0;8074.0
8.4;2965.4;1.3;4.5;1.0;8074.0
8.3;2964.5;1.2;4.5;1.0;8074.0
7.0;2998.8;4.9;34.7;1.0;8074.0
8.3;2968.6;0.7;1.4;1.0;8074.0
10.8;2972.6;0.3;1.5;96.0;8074.0
8.4;2972.6;0.0;0.0;99.0;8074.0
8.3;2972.6;0.0;0.0;96.0;8074.0
11.2;2972.6;0.0;0.0;96.0;8074.0
8.3;2972.6;0.0;0.0;96.0;8074.0
8.4;2972.6;0.0;0.0;95.0;8074.0
8.3;2972.6;0.0;0.0;95.0;8074.0
8.3;2972.6;0.0;0.0;96.0;8074.0
15.2;2972.6;0.0;0.0;96.0;8074.0
8.3;2972.6;0.0;0.0;99.0;8074.0
8.4;2972.6;0.0;0.0;96.0;8074.0
8.3;2972.6;0.0;0.0;96.0;8074.0
9.7;2972.6;0.0;0.0;95.0;8074.0
10.8;2972.6;0.0;0.0;95.0;8074.0
8.3;2972.6;0.0;0.0;96.0;8074.0
8.3;2977.5;0.0;0.0;31.0;8074.0
99.7;2977.6;0.0;0.0;1.0;8074.0
99.1;2977.6;0.0;0.0;0.0;8074.0
94.4;2977.6;0.0;0.0;0.0;8074.0
8.4;3005.9;15.1;67.4;2.0;8074.0
8.4;2975.8;0.7;1.5;1.0;8074.0
8.3;2981.5;0.3;1.6;58.0;8074.0
8.4;2981.5;0.0;0.0;96.0;8074.0
8.3;2981.5;0.0;0.0;95.0;8074.0
8.4;2982.9;0.0;0.0;96.0;8074.0
11.1;2981.5;0.0;0.0;96.0;8074.0
11.1;2981.5;0.0;0.0;95.0;8074.0
9.6;2981.5;0.0;0.0;96.0;8074.0
8.3;2981.5;0.0;0.0;99.0;8074.0
9.7;2981.5;0.0;0.0;96.0;8074.0
11.1;2981.5;0.0;0.0;96.0;8074.0
9.5;2981.5;0.0;0.0;96.0;8074.0
8.4;2981.5;0.0;0.0;96.0;8074.0
8.3;2981.5;0.0;0.0;96.0;8074.0
8.4;2981.5;0.0;0.0;95.0;8074.0
8.3;2981.5;0.0;0.0;96.0;8074.0
8.4;2989.9;0.0;0.0;11.0;8074.0
96.9;2991.1;0.0;0.0;0.0;8074.0
95.9;2991.1;0.0;0.0;1.0;8074.0
99.4;2991.1;0.0;0.0;0.0;8074.0
98.0;2991.1;0.0;0.0;0.0;8074.0
92.3;2991.1;0.0;0.0;1.0;8074.0
8.4;2987.5;15.2;67.8;1.0;8074.0
8.3;2991.0;0.6;1.5;1.0;8074.0
8.3;2996.5;0.3;1.6;98.0;8074.0
9.6;2996.5;0.0;0.0;95.0;8074.0
9.5;2996.5;0.0;0.0;96.0;8074.0
11.2;2996.5;0.0;0.0;96.0;8074.0
8.3;2996.5;0.0;0.0;96.0;8074.0
8.4;2996.5;0.0;0.0;97.0;8074.0
9.4;2996.5;0.0;0.0;96.0;8074.0
11.1;2996.5;0.0;0.0;96.0;8074.0
8.4;2996.5;0.0;0.0;96.0;8074.0
7.1;2996.5;0.0;0.0;96.0;8074.0
8.3;2996.5;0.0;0.0;96.0;8074.0
9.5;2996.5;0.0;0.0;96.0;8074.0
12.5;2996.5;0.0;0.0;96.0;8074.0
8.3;2996.5;0.0;0.0;99.0;8074.0
8.3;2996.5;0.0;0.0;96.0;8074.0
8.4;3007.5;0.0;0.0;1.0;8074.0
98.2;3007.9;0.0;0.0;0.0;8074.0
94.7;3007.9;0.0;0.0;1.0;8074.0
98.0;3007.9;0.0;0.0;1.0;8074.0
100.3;3007.9;0.0;0.0;1.0;8074.0
96.9;3007.9;0.0;0.0;1.0;8074.0
95.6;3007.9;0.0;0.0;1.0;8074.0
41.8;3007.9;0.0;0.0;1.0;8074.0
8.3;3004.4;15.2;68.1;1.0;8074.0
8.4;3007.8;0.6;1.6;1.0;8074.0
8.4;3012.5;0.3;1.7;99.0;8074.0
8.3;3012.5;0.0;0.0;95.0;8074.0
8.4;3012.5;0.0;0.0;97.0;8074.0
8.3;3012.5;0.0;0.0;96.0;8074.0
10.8;3012.5;0.0;0.0;96.0;8074.0
9.7;3012.5;0.0;0.0;96.0;8074.0
8.3;3012.5;0.0;0.0;96.0;8074.0
9.6;3012.5;0.0;0.0;96.0;8074.0
13.0;3012.5;0.0;0.0;96.0;8074.0
8.3;3012.4;0.0;0.0;96.0;8074.0
8.3;3012.4;0.0;0.0;96.0;8074.0
8.3;3012.4;0.0;0.0;96.0;8074.0
10.8;3012.4;0.0;0.0;96.0;8074.0
10.7;3012.4;0.0;0.0;99.0;8074.0
15.5;3012.4;0.0;0.0;96.0;8074.0
8.3;3021.8;0.0;0.0;1.0;8074.0
70.5;3022.9;0.0;0.0;26.0;8074.0
100.0;3022.9;0.0;0.0;1.0;8074.0
90.8;3022.9;0.0;0.0;1.0;8074.0
99.4;3022.9;0.0;0.0;0.0;8074.0
89.6;3022.9;0.0;0.0;1.0;8074.0
100.0;3022.9;0.0;0.0;1.0;8074.0
90.0;3022.9;0.0;0.0;0.0;8074.0
99.4;3022.9;0.0;0.0;1.0;8074.0
8.4;3050.6;15.0;35.2;2.0;8074.0
8.4;3019.5;0.2;33.3;1.0;8074.0
8.4;3029.4;0.9;3.4;35.0;8074.0
8.3;3026.7;0.0;0.0;96.0;8074.0
8.4;3026.7;0.0;0.0;95.0;8074.0
9.5;3026.7;0.0;0.0;96.0;8074.0
8.4;3026.7;0.0;0.0;99.0;8074.0
8.3;3026.7;0.0;0.0;96.0;8074.0
8.3;3026.7;0.0;0.0;96.0;8074.0
8.4;3026.7;0.0;0.0;96.0;8074.0
8.3;3026.7;0.0;0.0;96.0;8074.0
8.3;3026.7;0.0;0.0;96.0;8074.0
8.3;3026.7;0.0;0.0;95.0;8074.0
11.9;3026.7;0.0;0.0;95.0;8074.0
8.4;3026.7;0.0;0.0;96.0;8074.0
9.5;3026.7;0.0;0.0;96.0;8074.0
8.4;3026.7;0.0;0.0;96.0;8074.0
8.3;3029.3;0.0;0.0;99.0;8074.0
8.4;3038.1;0.0;0.0;1.0;8074.0
98.0;3038.3;0.0;0.0;0.0;8074.0
98.4;3038.3;0.0;0.0;1.0;8074.0
95.9;3038.3;0.0;0.0;1.0;8074.0
100.3;3038.3;0.0;0.0;0.0;8074.0
100.3;3038.3;0.0;0.0;1.0;8074.0
99.1;3038.3;0.0;0.0;1.0;8074.0
99.7;3038.3;0.0;0.0;1.0;8074.0
97.1;3038.3;0.0;0.0;1.0;8074.0
100.3;3038.3;0.0;0.0;1.0;8074.0
78.1;3038.3;0.0;0.0;1.0;8074.0
8.3;3034.6;15.2;69.0;1.0;8074.0
8.3;3037.6;0.6;1.7;1.0;8074.0
8.3;3043.6;0.3;1.8;96.0;8074.0
8.3;3043.6;0.0;0.0;96.0;8074.0
9.6;3043.6;0.0;0.0;95.0;8074.0
8.3;3043.6;0.0;0.0;96.0;8074.0
8.4;3043.6;0.0;0.0;99.0;8074.0
8.4;3043.6;0.0;0.0;96.0;8074.0
9.6;3043.6;0.0;0.0;96.0;8074.0
14.0;3043.6;0.0;0.0;96.0;8074.0
8.3;3043.6;0.0;0.0;96.0;8074.0
8.4;3043.6;0.0;0.0;99.0;8074.0
8.3;3043.6;0.0;0.0;95.0;8074.0
8.4;3043.6;0.0;0.0;96.0;8074.0
9.7;3043.6;0.0;0.0;96.0;8074.0
8.3;3043.6;0.0;0.0;96.0;8074.0
8.4;3043.6;0.0;0.0;99.0;8074.0
8.3;3056.6;0.0;0.0;37.0;8074.0
8.3;3059.9;0.0;0.0;13.0;8074.0
98.0;3059.9;0.0;0.0;0.0;8074.0
95.9;3059.9;0.0;0.0;1.0;8074.0
99.1;3059.9;0.0;0.0;1.0;8074.0
99.1;3059.9;0.0;0.0;1.0;8074.0
98.2;3059.9;0.0;0.0;0.0;8074.0
95.6;3059.9;0.0;0.0;0.0;8074.0
98.0;3059.9;0.0;0.0;1.0;8074.0
99.4;3059.9;0.0;0.0;1.0;8074.0
99.4;3059.9;0.0;0.0;1.0;8074.0
99.1;3059.9;0.0;0.0;1.0;8074.0
89.6;3060.0;0.0;0.0;1.0;8074.0
8.3;3056.3;15.2;69.3;0.0;8074.0
8.3;3058.6;0.6;1.8;0.0;8074.0
7.1;3065.7;0.3;1.9;92.0;8074.0
9.5;3065.7;0.0;0.0;96.0;8074.0
8.4;3065.7;0.0;0.0;96.0;8074.0
9.5;3065.7;0.0;0.0;96.0;8074.0
9.8;3065.7;0.0;0.0;96.0;8074.0
9.7;3065.7;0.0;0.0;96.0;8074.0
9.6;3065.7;0.0;0.0;96.0;8074.0
7.2;3065.7;0.0;0.0;96.0;8074.0
8.3;3065.7;0.0;0.0;95.0;8074.0
8.4;3065.7;0.0;0.0;96.0;8074.0
9.5;3065.7;0.0;0.0;99.0;8074.0
10.8;3065.7;0.0;0.0;96.0;8074.0
8.3;3065.7;0.0;0.0;96.0;8074.0
8.3;3065.7;0.0;0.0;95.0;8074.0
8.3;3065.7;0.0;0.0;96.0;8074.0
8.3;3075.0;0.0;0.0;9.0;8074.0
8.3;3083.5;0.0;0.0;1.0;8074.0
99.1;3083.7;0.0;0.0;1.0;8074.0
99.7;3083.7;0.0;0.0;1.0;8074.0
95.9;3083.7;0.0;0.0;1.0;8074.0
97.9;3083.7;0.0;0.0;0.0;8074.0
97.0;3083.7;0.0;0.0;1.0;8074.0
100.3;3083.7;0.0;0.0;0.0;8074.0
96.8;3083.7;0.0;0.0;1.0;8074.0
100.3;3083.7;0.0;0.0;1.0;8074.0
100.8;3083.7;0.0;0.0;1.0;8074.0
98.0;3083.7;0.0;0.0;2.0;8074.0
100.8;3083.7;0.0;0.0;1.0;8074.0
95.6;3083.7;0.0;0.0;1.0;8074.0
8.3;3077.8;15.2;69.7;2.0;8074.0
6.9;3081.9;0.6;1.9;3.0;8074.0
8.4;3090.0;0.3;2.0;4.0;8074.0
10.7;3085.2;0.0;0.0;95.0;8074.0
9.4;3085.2;0.0;0.0;96.0;8074.0
8.3;3085.2;0.0;0.0;99.0;8074.0
8.3;3085.2;0.0;0.0;96.0;8074.0
8.4;3085.2;0.0;0.0;96.0;8074.0
8.4;3085.2;0.0;0.0;95.0;8074.0
14.3;3085.2;0.0;0.0;95.0;8074.0
8.3;3085.2;0.0;0.0;96.0;8074.0
8.3;3085.2;0.0;0.0;96.0;8074.0
9.6;3085.2;0.0;0.0;96.0;8074.0
8.3;3085.2;0.0;0.0;97.0;8074.0
11.2;3085.2;0.0;0.0;96.0;8074.0
8.3;3085.2;0.0;0.0;96.0;8074.0
8.4;3085.2;0.0;0.0;95.0;8074.0
8.4;3084.7;0.0;0.0;95.0;8074.0
8.4;3100.4;0.0;0.0;1.0;8074.0
8.4;3108.2;0.0;0.0;2.0;8074.0
100.3;3108.2;0.0;0.0;1.0;8074.0
98.0;3108.2;0.0;0.0;1.0;8074.0
100.3;3108.2;0.0;0.0;1.0;8074.0
99.1;3108.2;0.0;0.0;1.0;8074.0
99.7;3108.2;0.0;0.0;1.0;8074.0
100.3;3108.2;0.0;0.0;0.0;8074.0
92.7;3108.2;0.0;0.0;1.0;8074.0
98.2;3108.2;0.0;0.0;1.0;8074.0
98.0;3108.2;0.0;0.0;1.0;8074.0
100.3;3108.2;0.0;0.0;1.0;8074.0
94.8;3108.2;0.0;0.0;1.0;8074.0
99.7;3108.2;0.0;0.0;1.0;8074.0
100.3;3108.2;0.0;0.0;1.0;8074.0
94.2;3108.2;0.0;0.0;1.0;8074.0
8.3;3104.5;15.2;70.1;1.0;8074.0
8.3;3104.8;0.6;1.9;0.0;8074.0
12.5;3109.4;0.3;2.1;25.0;8074.0
9.7;3109.4;0.0;0.0;96.0;8074.0
8.3;3109.4;0.0;0.0;96.0;8074.0
10.7;3109.4;0.0;0.0;95.0;8074.0
8.4;3109.4;0.0;0.0;96.0;8074.0
13.8;3109.4;0.0;0.0;96.0;8074.0
10.8;3109.4;0.0;0.0;97.0;8074.0
9.6;3109.4;0.0;0.0;96.0;8074.0
8.4;3109.4;0.0;0.0;96.0;8074.0
8.4;3109.4;0.0;0.0;96.0;8074.0
11.1;3109.4;0.0;0.0;96.0;8074.0
8.4;3109.4;0.0;0.0;97.0;8074.0
8.3;3109.4;0.0;0.0;96.0;8074.0
8.3;3109.4;0.0;0.0;96.0;8074.0
8.3;3109.4;0.0;0.0;96.0;8074.0
8.3;3109.0;0.0;0.0;75.0;8074.0
8.4;3123.6;0.0;0.0;0.0;8074.0
100.3;3132.9;0.0;0.0;21.0;8074.0
98.2;3132.9;0.0;0.0;1.0;8074.0
98.0;3132.9;0.0;0.0;1.0;8074.0
98.2;3132.9;0.0;0.0;1.0;8074.0
