8.4;37.6;17.1;1.4;1.0;890.0
8.4;95.9;95.9;8.4;2.0;910.0
8.4;134.1;130.4;8.8;2.0;911.0
8.4;169.1;118.0;7.7;0.0;911.0
8.4;197.5;130.4;6.6;2.0;917.0
6.9;216.1;120.2;4.2;1.0;915.0
8.4;233.4;31.2;1.3;0.0;915.0
7.2;450.0;61.1;33.0;3.0;1088.0
8.3;953.4;0.6;0.0;84.0;7870.0
0.0;991.2;3.1;32.9;1.0;7870.0
0.0;991.2;0.0;0.0;0.0;7884.0
0.0;991.2;0.0;0.0;2.0;7868.0
0.0;991.2;0.0;0.0;2.0;7874.0
0.0;991.2;0.0;0.0;1.0;7874.0
0.0;991.2;0.0;0.0;0.0;7874.0
0.0;991.2;0.0;0.0;0.0;7874.0
0.0;991.2;0.0;0.0;0.0;7872.0
0.0;991.2;0.0;0.0;0.0;7872.0
0.0;991.2;0.0;0.0;0.0;7872.0
0.0;1102.8;0.9;111.3;0.0;7872.0
1.2;1185.0;1.0;42.2;0.0;7875.0
8.4;1302.9;0.1;0.0;0.0;7870.0
8.4;1308.5;0.0;0.0;2.0;7895.0
8.4;1318.4;0.0;0.0;1.0;7895.0
8.3;1329.2;0.3;0.0;1.0;7895.0
8.4;1386.1;0.0;0.0;2.0;7896.0
8.3;1382.9;0.9;1.5;2.0;7896.0
8.3;1390.9;0.3;1.6;2.0;7896.0
8.3;1432.2;0.0;0.0;2.0;7900.0
8.3;1434.7;0.0;0.0;2.0;7900.0
8.4;1437.3;0.0;0.0;0.0;7900.0
8.3;1454.5;0.0;0.0;3.0;7892.0
8.4;1422.1;0.0;0.0;1.0;7926.0
8.3;1743.1;0.2;0.0;7.0;8047.0
9.5;1930.7;14.5;0.2;89.0;8049.0
8.4;1930.9;6.0;0.1;96.0;8049.0
8.3;1930.9;0.0;0.0;96.0;8049.0
8.4;1931.0;0.0;0.0;96.0;8049.0
10.8;1931.0;0.0;0.0;99.0;8049.0
10.8;1931.0;0.0;0.0;95.0;8047.0
8.4;1931.1;0.0;0.0;96.0;8048.0
8.3;1931.1;0.0;0.0;96.0;8048.0
8.4;1931.1;0.0;0.0;96.0;8048.0
8.3;1931.1;0.0;0.0;95.0;8050.0
10.4;1931.1;0.0;0.0;96.0;8050.0
9.7;1931.1;0.0;0.0;95.0;8050.0
9.7;1931.1;0.0;0.0;95.0;8050.0
8.4;1931.1;0.0;0.0;99.0;8050.0
9.4;1931.1;0.0;0.0;95.0;8044.0
6.9;1930.6;3.2;0.0;93.0;8044.0
8.3;1981.4;18.2;0.3;12.0;8044.0
8.4;1984.1;9.6;0.1;55.0;8044.0
62.1;2975.1;0.0;0.0;22.0;8042.0
8.3;2978.6;2.8;0.5;0.0;8042.0
8.3;2981.3;1.3;4.5;0.0;8042.0
8.4;2981.5;1.0;4.5;0.0;8042.0
8.3;2981.9;1.2;6.8;0.0;8042.0
8.3;2981.9;1.0;4.5;0.0;8042.0
8.3;2984.5;1.0;4.5;0.0;8042.0
8.3;2983.1;1.3;4.5;0.0;8042.0
8.4;2983.8;1.1;2.3;0.0;8042.0
8.3;2983.8;7.3;34.1;0.0;8042.0
8.4;2985.8;0.6;1.5;0.0;8042.0
8.3;2990.5;0.3;1.6;96.0;8042.0
9.7;2990.5;0.0;0.0;96.0;8042.0
7.1;2990.5;0.0;0.0;97.0;8042.0
8.3;2990.5;0.0;0.0;96.0;8042.0
8.4;2990.5;0.0;0.0;95.0;8042.0
8.3;2990.6;0.0;0.0;98.0;8042.0
8.4;2990.6;0.0;0.0;96.0;8028.0
9.6;2990.6;0.0;0.0;96.0;8013.0
9.7;2990.6;0.0;0.0;95.0;8013.0
8.4;2990.6;0.0;0.0;96.0;8032.0
10.8;2990.6;0.0;0.0;95.0;8032.0
8.4;2990.6;0.0;0.0;98.0;8032.0
9.5;2990.6;0.0;0.0;96.0;8032.0
8.3;2990.6;0.0;0.0;96.0;8032.0
8.3;2990.6;0.0;0.0;95.0;8032.0
8.3;2993.2;0.0;0.0;87.0;8032.0
45.4;2997.4;0.0;0.0;52.0;8032.0
99.4;2997.4;0.0;0.0;0.0;8032.0
94.2;2997.4;0.0;0.0;0.0;8032.0
8.3;2993.1;17.9;66.5;0.0;8032.0
8.3;2995.1;0.6;1.6;0.0;8032.0
8.4;3003.2;0.3;1.7;78.0;8032.0
9.7;3003.2;0.0;0.0;96.0;8032.0
8.4;3003.2;0.0;0.0;95.0;8032.0
8.4;3003.2;0.0;0.0;96.0;8032.0
10.8;3003.2;0.0;0.0;99.0;8032.0
9.8;3003.2;0.0;0.0;96.0;8032.0
8.3;3003.2;0.0;0.0;96.0;8032.0
8.4;3003.2;0.0;0.0;96.0;8032.0
8.3;3003.2;0.0;0.0;96.0;8032.0
11.9;3003.2;0.0;0.0;96.0;8032.0
11.8;3003.2;0.0;0.0;96.0;8032.0
8.3;3003.2;0.0;0.0;98.0;8032.0
8.4;3003.2;0.0;0.0;96.0;8032.0
13.0;3003.2;0.0;0.0;96.0;8032.0
8.4;3003.2;0.0;0.0;96.0;8032.0
8.3;3013.2;0.0;0.0;69.0;8032.0
95.6;3015.6;0.0;0.0;52.0;8026.0
98.2;3015.6;0.0;0.0;1.0;8031.0
95.6;3015.6;0.0;0.0;0.0;8031.0
91.1;3015.6;0.0;0.0;0.0;8031.0
8.3;3011.9;17.9;66.9;1.0;8037.0
8.4;3014.4;0.6;1.7;0.0;8037.0
8.3;3019.7;0.3;1.8;96.0;8036.0
8.3;3019.7;0.0;0.0;99.0;8042.0
13.0;3019.7;0.0;0.0;94.0;8042.0
10.7;3019.7;0.0;0.0;98.0;8042.0
11.9;3019.7;0.0;0.0;95.0;8027.0
8.3;3019.7;0.0;0.0;99.0;8027.0
8.4;3019.7;0.0;0.0;96.0;8027.0
8.4;3019.7;0.0;0.0;96.0;8027.0
9.6;3019.7;0.0;0.0;96.0;8009.0
8.4;3019.7;0.0;0.0;96.0;8005.0
9.6;3019.7;0.0;0.0;95.0;8005.0
11.2;3019.7;0.0;0.0;96.0;8005.0
8.3;3019.7;0.0;0.0;96.0;8005.0
8.4;3019.7;0.0;0.0;96.0;8031.0
8.3;3019.7;0.0;0.0;99.0;8011.0
8.3;3019.2;0.0;0.0;78.0;8011.0
8.4;3030.3;0.0;0.0;0.0;8004.0
97.9;3030.3;0.0;0.0;0.0;8004.0
99.4;3030.3;0.0;0.0;0.0;7997.0
90.8;3030.3;0.0;0.0;0.0;7998.0
84.0;3030.3;0.0;0.0;1.0;8006.0
71.9;3030.3;0.0;0.0;2.0;8006.0
8.4;3026.7;17.9;67.3;1.0;8005.0
8.3;3027.2;0.6;1.7;2.0;8005.0
8.4;3035.7;0.3;1.8;64.0;8009.0
10.8;3035.7;0.0;0.0;95.0;8009.0
8.3;3035.7;0.0;0.0;96.0;8009.0
11.1;3035.7;0.0;0.0;95.0;8009.0
9.5;3035.7;0.0;0.0;96.0;8012.0
8.3;3035.7;0.0;0.0;95.0;8010.0
8.4;3035.7;0.0;0.0;96.0;8010.0
8.3;3035.7;0.0;0.0;99.0;8010.0
8.4;3035.7;0.0;0.0;96.0;7998.0
9.7;3035.7;0.0;0.0;99.0;7998.0
10.8;3035.7;0.0;0.0;96.0;7998.0
8.4;3035.7;0.0;0.0;99.0;8004.0
10.8;3035.7;0.0;0.0;95.0;8004.0
12.6;3035.7;0.0;0.0;99.0;8004.0
8.3;3035.7;0.0;0.0;95.0;8011.0
8.4;3035.7;0.0;0.0;99.0;8010.0
8.3;3046.6;0.0;0.0;2.0;8011.0
38.8;3047.2;0.0;0.0;9.0;8011.0
99.7;3047.2;0.0;0.0;2.0;8011.0
94.8;3047.3;0.0;0.0;2.0;8013.0
96.8;3047.3;0.0;0.0;1.0;8029.0
94.4;3047.3;0.0;0.0;1.0;8029.0
98.0;3047.3;0.0;0.0;0.0;8027.0
10.4;3086.2;17.9;67.6;0.0;8026.0
8.3;3043.9;0.6;1.8;0.0;8026.0
8.3;3053.1;0.3;1.9;0.0;8022.0
8.3;3053.1;0.0;0.0;96.0;8015.0
8.3;3053.1;0.0;0.0;99.0;8009.0
9.4;3053.1;0.0;0.0;96.0;8009.0
9.7;3053.1;0.0;0.0;99.0;8009.0
9.8;3053.1;0.0;0.0;96.0;8009.0
8.4;3053.1;0.0;0.0;99.0;8009.0
9.4;3053.1;0.0;0.0;95.0;8004.0
11.2;3053.1;0.0;0.0;95.0;8004.0
8.3;3053.1;0.0;0.0;96.0;8004.0
8.4;3053.1;0.0;0.0;96.0;8001.0
8.3;3053.1;0.0;0.0;99.0;7996.0
8.4;3053.1;0.0;0.0;97.0;7996.0
8.3;3053.1;0.0;0.0;95.0;7996.0
11.1;3053.1;0.0;0.0;95.0;7996.0
8.3;3053.1;0.0;0.0;99.0;7996.0
8.3;3060.8;0.0;0.0;55.0;7996.0
8.3;3063.5;0.0;0.0;0.0;7996.0
99.1;3063.5;0.0;0.0;0.0;7996.0
99.4;3063.5;0.0;0.0;0.0;7996.0
95.9;3063.5;0.0;0.0;0.0;7996.0
99.0;3063.5;0.0;0.0;0.0;7996.0
93.2;3063.5;0.0;0.0;0.0;7996.0
99.4;3063.6;0.0;0.0;0.0;7996.0
87.6;3063.6;0.0;0.0;0.0;7996.0
8.3;3058.0;17.9;68.0;0.0;7996.0
8.3;3061.7;0.6;1.8;0.0;7996.0
8.3;3068.8;0.3;2.0;53.0;7996.0
8.4;3069.3;0.0;0.0;95.0;7996.0
8.3;3069.3;0.0;0.0;95.0;7996.0
9.6;3069.3;0.0;0.0;96.0;7996.0
12.5;3069.3;0.0;0.0;96.0;7996.0
9.5;3069.3;0.0;0.0;96.0;7996.0
8.4;3069.3;0.0;0.0;99.0;7996.0
8.3;3069.3;0.0;0.0;95.0;7996.0
8.4;3069.3;0.0;0.0;96.0;7996.0
10.8;3069.3;0.0;0.0;96.0;7996.0
8.4;3069.3;0.0;0.0;96.0;7996.0
11.2;3069.3;0.0;0.0;96.0;7996.0
8.3;3069.3;0.0;0.0;96.0;7996.0
9.6;3069.3;0.0;0.0;99.0;7996.0
9.5;3069.3;0.0;0.0;96.0;7996.0
10.8;3068.8;0.0;0.0;96.0;7996.0
8.3;3082.1;0.0;0.0;0.0;7996.0
67.5;3084.5;0.0;0.0;59.0;7996.0
99.0;3084.5;0.0;0.0;0.0;7996.0
98.0;3084.5;0.0;0.0;0.0;7996.0
100.3;3084.5;0.0;0.0;0.0;7996.0
99.4;3084.5;0.0;0.0;0.0;7996.0
95.8;3084.5;0.0;0.0;0.0;7996.0
95.6;3084.5;0.0;0.0;0.0;7996.0
99.4;3084.5;0.0;0.0;0.0;7996.0
95.6;3084.5;0.0;0.0;0.0;7996.0
8.3;3080.8;17.9;68.4;0.0;7996.0
8.3;3081.1;0.6;1.9;0.0;7996.0
8.3;3089.5;0.3;2.0;92.0;7996.0
8.3;3089.5;0.0;0.0;96.0;7996.0
9.5;3089.5;0.0;0.0;99.0;7996.0
8.4;3089.5;0.0;0.0;95.0;7996.0
9.7;3089.5;0.0;0.0;96.0;7996.0
8.3;3089.5;0.0;0.0;96.0;7996.0
8.4;3089.5;0.0;0.0;97.0;7996.0
8.3;3089.5;0.0;0.0;96.0;7996.0
9.6;3089.5;0.0;0.0;96.0;7996.0
8.3;3089.5;0.0;0.0;99.0;7996.0
8.4;3089.5;0.0;0.0;96.0;7996.0
13.1;3089.5;0.0;0.0;96.0;7996.0
10.8;3089.5;0.0;0.0;96.0;7996.0
10.8;3089.5;0.0;0.0;96.0;7996.0
8.3;3089.5;0.0;0.0;98.0;7996.0
8.4;3092.1;0.0;0.0;74.0;7996.0
8.3;3103.6;0.0;0.0;0.0;7996.0
99.1;3109.3;0.0;0.0;60.0;7996.0
97.0;3109.3;0.0;0.0;0.0;7996.0
98.0;3109.3;0.0;0.0;0.0;7996.0
100.0;3109.3;0.0;0.0;0.0;7996.0
99.0;3109.3;0.0;0.0;0.0;7996.0
98.4;3109.3;0.0;0.0;0.0;7996.0
8.4;3213.0;17.9;68.8;0.0;7996.0
8.3;3107.6;0.6;2.0;0.0;7996.0
8.3;3115.9;0.3;2.1;7.0;7996.0
9.8;3110.8;0.0;0.0;96.0;7996.0
8.3;3110.8;0.0;0.0;96.0;7996.0
10.4;3110.8;0.0;0.0;96.0;7996.0
8.3;3110.8;0.0;0.0;96.0;7996.0
8.3;3110.8;0.0;0.0;97.0;7996.0
8.4;3110.8;0.0;0.0;99.0;7996.0
8.3;3110.8;0.0;0.0;96.0;7995.0
8.4;3110.8;0.0;0.0;96.0;7994.0
9.7;3110.8;0.0;0.0;96.0;7994.0
8.3;3110.8;0.0;0.0;96.0;7994.0
9.6;3110.8;0.0;0.0;96.0;7994.0
8.3;3110.8;0.0;0.0;99.0;7994.0
8.4;3110.8;0.0;0.0;96.0;7994.0
8.4;3110.8;0.0;0.0;95.0;7994.0
8.3;3110.8;0.0;0.0;96.0;7994.0
8.4;3110.3;0.0;0.0;88.0;7994.0
8.3;3125.4;0.0;0.0;0.0;7994.0
100.3;3132.5;0.0;0.0;17.0;7994.0
99.0;3132.5;0.0;0.0;0.0;7994.0
99.1;3132.5;0.0;0.0;0.0;7994.0
99.1;3132.5;0.0;0.0;0.0;7994.0
97.9;3132.5;0.0;0.0;0.0;7994.0
99.4;3132.5;0.0;0.0;0.0;7994.0
99.4;3132.5;0.0;0.0;0.0;7994.0
100.0;3132.5;0.0;0.0;0.0;7994.0
97.9;3132.5;0.0;0.0;0.0;7994.0
99.4;3132.5;0.0;0.0;0.0;7994.0
11.1;3126.3;6.7;21.6;2.0;7994.0
8.4;3126.7;11.2;47.6;0.0;7994.0
8.4;3128.7;0.6;2.1;0.0;7994.0
9.7;3133.5;0.3;2.2;96.0;7994.0
8.4;3133.5;0.0;0.0;95.0;7994.0
8.3;3133.5;0.0;0.0;96.0;8003.0
8.4;3133.5;0.0;0.0;98.0;8003.0
8.3;3133.5;0.0;0.0;96.0;8003.0
8.4;3133.5;0.0;0.0;96.0;8003.0
11.1;3133.5;0.0;0.0;97.0;8003.0
9.5;3133.5;0.0;0.0;95.0;8003.0
8.4;3133.5;0.0;0.0;96.0;8003.0
8.3;3133.5;0.0;0.0;96.0;8003.0
8.3;3133.5;0.0;0.0;99.0;8003.0
9.7;3133.5;0.0;0.0;96.0;8003.0
8.3;3133.5;0.0;0.0;98.0;8003.0
8.3;3133.5;0.0;0.0;96.0;8003.0
8.3;3133.5;0.0;0.0;96.0;8003.0
8.4;3133.0;0.0;0.0;96.0;8003.0
8.4;3146.9;0.0;0.0;0.0;7999.0
8.3;3158.2;0.0;0.0;0.0;7999.0
92.0;3158.2;0.0;0.0;9.0;7999.0
99.1;3158.2;0.0;0.0;0.0;7999.0
98.4;3158.2;0.0;0.0;0.0;7999.0
99.0;3158.2;0.0;0.0;0.0;7999.0
100.0;3158.2;0.0;0.0;0.0;7999.0
100.3;3158.2;0.0;0.0;0.0;7999.0
99.1;3158.2;0.0;0.0;0.0;7999.0
97.9;3158.2;0.0;0.0;0.0;7999.0
97.1;3158.2;0.0;0.0;0.0;7999.0
100.3;3158.2;0.0;0.0;0.0;7999.0
98.0;3158.2;0.0;0.0;0.0;7999.0
100.0;3158.2;0.0;0.0;0.0;7999.0
8.3;3152.5;17.9;69.6;0.0;7999.0
8.3;3156.6;0.6;2.1;0.0;7999.0
8.3;3159.5;0.3;2.3;18.0;7999.0
8.3;3159.5;0.0;0.0;95.0;7999.0
