51.8;96.6;60.0;0.0
48.8;116.0;112.5;0.0
82.5;139.1;55.2;0.0
35.0;156.3;40.1;0.0
0.0;156.3;0.0;0.0
0.0;156.3;0.0;0.0
0.0;156.3;0.1;0.0
0.0;156.3;0.0;0.0
0.0;156.3;1.3;0.0
0.0;156.3;0.0;0.0
0.0;156.3;0.7;0.0
0.0;156.3;0.0;0.0
0.0;156.3;0.6;0.0
0.0;156.3;0.7;0.0
0.0;156.3;0.0;0.0
26.8;159.5;0.3;0.0
24.9;160.1;0.6;0.0
25.2;160.9;6.0;0.0
50.6;160.9;0.0;0.0
49.8;160.9;0.0;0.0
49.9;160.9;0.0;0.0
50.2;160.9;0.0;0.0
54.0;160.9;0.0;0.0
48.7;160.9;0.0;0.0
14.8;160.9;2.6;0.0
24.6;161.8;4.3;0.0
0.0;161.8;0.1;0.0
0.0;161.8;0.0;0.0
0.0;161.8;1.3;0.0
0.0;161.8;0.0;0.0
0.0;161.8;0.7;0.0
0.0;161.8;0.0;0.0
0.0;161.8;0.6;0.0
0.0;161.8;0.0;0.0
0.0;161.8;0.8;0.0
0.0;161.8;0.0;0.0
5.0;162.3;0.3;0.0
50.8;175.9;16.4;4.0
49.4;247.4;3205.4;0.0
49.5;279.0;3100.0;0.0
48.1;279.3;0.6;196.0
52.0;248.9;1.3;352.0
