0.0;10514432;0
0.0;10514432;0
0.0;10514432;0
0.0;10514432;0
57.3;14655488;0
99.7;14790656;0
166.2;19120128;0
198.9;19152896;0
186.4;19222528;0
199.5;19230720;0
182.8;23269376;0
200.7;23355392;0
216.1;31412224;0
166.2;27344896;0
129.0;23523328;0
200.7;23547904;0
232.7;31551488;0
201.6;31617024;0
170.5;31617024;0
200.7;31641600;0
199.5;31731712;0
201.6;31752192;0
166.2;23678976;0
172.0;31842304;0
199.5;31842304;0
199.5;31858688;0
198.9;31858688;0
186.4;31911936;0
199.5;27885568;0
199.5;31944704;0
200.7;31948800;0
133.0;27951104;0
232.7;32026624;0
199.5;32055296;0
200.7;32051200;0
199.5;32092160;0
100.8;25128960;0
213.1;32165888;0
186.4;32227328;0
170.5;28221440;0
134.4;32346112;0
199.5;28327936;0
149.6;32325632;0
200.7;32378880;0
199.5;32387072;0
199.5;32423936;0
199.5;32432128;0
186.4;28409856;0
198.9;32440320;0
168.0;28528640;0
182.8;32632832;0
199.5;32698368;0
198.9;32702464;0
201.6;32698368;0
199.5;32763904;0
133.0;24784896;0
235.2;33013760;0
198.9;33017856;0
199.5;33017856;0
199.5;33075200;0
201.6;33075200;0
198.9;26103808;0
243.7;34668544;0
315.4;84111360;0
301.0;108449792;0
284.1;129380352;0
286.7;154910720;0
298.3;169005056;0
302.4;189108224;0
299.2;207884288;0
299.2;225886208;0
285.6;245903360;0
284.1;257998848;0
286.7;283217920;0
284.1;300875776;0
301.0;318984192;0
299.2;337133568;0
298.3;356089856;0
301.0;373211136;0
315.4;380858368;0
227.3;411684864;0
299.2;401358848;667
298.3;401358848;803
215.0;397332480;746
182.8;397299712;599
216.1;402788352;0
201.6;402788352;0
199.5;402788352;0
200.7;402788352;0
156.2;398761984;0
200.7;402788352;0
199.5;402788352;0
116.4;396988416;0
201.6;402825216;0
199.5;402825216;0
129.0;398811136;0
213.1;402821120;0
200.7;402817024;0
199.5;403345408;0
199.5;403345408;0
201.6;403345408;0
170.5;403353600;0
200.7;403353600;0
199.5;403353600;0
168.0;403378176;0
166.2;399351808;0
182.8;403374080;0
218.4;403378176;0
199.5;403378176;0
200.7;403378176;0
127.8;399351808;0
200.7;403902464;0
182.8;399876096;0
216.1;404307968;0
134.4;392982528;0
315.8;424652800;0
299.2;457252864;0
299.2;485261312;0
299.2;507805696;0
302.4;525180928;0
299.2;550866944;0
299.2;575823872;0
268.8;595148800;0
299.2;619491328;0
299.2;635723776;0
298.3;653639680;0
301.0;672067584;0
301.0;690544640;0
299.2;708292608;0
272.4;726544384;0
243.7;744906752;0
298.3;762785792;0
299.2;777416704;0
299.2;781639680;0
299.2;781639680;0
201.6;582221824;0
266.0;406548480;0
199.5;406548480;0
117.6;402522112;0
199.5;407777280;0
199.5;407777280;0
198.9;407777280;0
186.4;403755008;0
116.4;407834624;0
199.5;407834624;0
201.6;407920640;0
199.5;407920640;0
199.5;407920640;0
198.9;407920640;0
186.4;408027136;0
200.7;408031232;0
198.9;408031232;0
186.4;404004864;0
200.7;408035328;0
198.9;408035328;0
199.5;408035328;0
149.6;403013632;0
201.6;408178688;0
199.5;408178688;0
149.6;408199168;0
201.6;408199168;0
199.5;408244224;0
199.5;408244224;0
199.5;408244224;0
199.5;408244224;0
172.0;408244224;0
166.2;404221952;0
216.1;408289280;0
143.3;404262912;0
199.5;408285184;0
199.5;408285184;0
199.5;408285184;0
199.5;408285184;0
186.4;404262912;0
142.0;408420352;0
200.7;408420352;0
200.7;408424448;0
198.9;408424448;0
199.5;408424448;0
182.8;404402176;0
186.4;408551424;0
172.0;404525056;0
213.1;423264256;0
200.7;423264256;0
200.7;423264256;0
199.5;423264256;0
199.5;412196864;0
286.7;447389696;0
298.3;472989696;0
301.0;492412928;0
301.0;511303680;0
298.3;527974400;0
243.7;548503552;0
302.4;573968384;0
299.2;592531456;0
326.7;615141376;0
286.7;628793344;0
298.3;653668352;0
301.0;676401152;0
301.0;700059648;0
284.1;716267520;0
258.0;743043072;0
268.8;763359232;0
299.2;780521472;0
299.2;783626240;0
299.2;783626240;0
266.0;645935104;0
252.0;408682496;0
116.4;400896000;0
213.1;409899008;0
200.7;409899008;0
200.7;409899008;0
198.9;409899008;0
200.7;409899008;0
170.5;409944064;0
200.7;409944064;0
186.4;409960448;0
198.9;409960448;0
200.7;409960448;0
200.7;405934080;0
184.7;410005504;0
200.7;410005504;0
170.5;405983232;0
215.0;410050560;0
200.7;410050560;0
198.9;410050560;0
200.7;410050560;0
186.4;410103808;0
184.7;410161152;0
200.7;410161152;0
198.9;410161152;0
200.7;410161152;0
200.7;410161152;0
198.9;410161152;0
186.4;406134784;0
218.4;410165248;0
116.4;403124224;0
199.5;410181632;0
200.7;410181632;0
184.7;406155264;0
157.7;410206208;0
200.7;410206208;0
198.9;410206208;0
157.7;406179840;0
186.4;410243072;0
198.9;410243072;0
166.2;406216704;0
199.5;410284032;0
199.5;410284032;0
201.6;410284032;0
200.7;410865664;0
199.5;424964096;0
199.5;424964096;0
252.0;429137920;0
249.3;453636096;0
298.3;474365952;0
299.2;493920256;0
299.2;511057920;0
299.2;526884864;0
285.6;542715904;0
200.7;568991744;0
182.8;591740928;0
199.5;615043072;0
301.0;635420672;0
302.4;660135936;0
299.2;685142016;0
298.3;708378624;0
299.2;730337280;0
299.2;753111040;0
299.2;776015872;0
301.0;786558976;0
301.0;786583552;0
302.4;786534400;0
243.7;462315520;0
213.1;411283456;0
199.5;411283456;0
201.6;411283456;0
199.5;411283456;0
199.5;412463104;0
149.6;412610560;0
199.5;412610560;0
201.6;412610560;0
199.5;412610560;0
170.5;408584192;0
186.4;412798976;0
201.6;412798976;0
199.5;412798976;0
99.7;405086208;0
200.7;412930048;0
198.9;412930048;0
172.0;408903680;0
168.0;413011968;0
199.5;413011968;0
199.5;413011968;0
201.6;408989696;0
200.7;413089792;0
198.9;413089792;0
186.4;413089792;0
166.2;409133056;0
199.5;413159424;0
