0.0;10514432;0
0.0;10514432;0
0.0;10514432;0
0.0;10514432;0
66.5;14704640;0
99.7;14819328;0
151.2;19095552;0
198.9;19193856;0
218.4;23183360;0
199.5;23257088;0
186.4;27271168;0
127.8;19410944;0
201.6;23367680;0
198.9;23433216;0
218.4;31502336;0
199.5;31514624;0
199.5;31510528;0
198.9;31576064;0
201.6;31580160;0
149.6;27680768;0
200.7;31920128;0
199.5;31768576;0
199.5;31838208;0
198.9;31793152;0
200.7;31969280;0
133.0;27865088;0
232.7;31903744;0
143.3;27938816;0
227.3;32030720;0
199.5;32108544;0
199.5;32112640;0
200.7;32137216;0
170.5;27336704;0
134.4;27545600;0
182.8;28184576;0
149.6;32251904;0
198.9;32251904;0
186.4;32264192;0
186.4;32411648;0
198.9;32485376;0
201.6;32485376;0
199.5;32534528;0
200.7;32542720;0
198.9;32460800;0
168.0;28459008;0
182.8;32567296;0
199.5;32624640;0
200.7;32624640;0
198.9;32657408;0
199.5;32673792;0
116.4;28651520;0
201.6;27459584;0
199.5;32833536;0
200.7;32833536;0
199.5;32968704;0
199.5;32968704;0
199.5;33030144;0
200.7;33030144;0
157.7;30674944;0
349.1;69902336;0
302.4;97005568;0
299.2;119074816;0
301.0;138289152;0
282.6;155979776;0
301.0;175075328;0
243.7;199835648;0
315.4;225632256;0
299.2;246571008;0
302.4;262377472;0
282.6;284917760;0
299.2;309637120;0
299.2;333611008;0
299.2;357097472;0
286.7;375672832;0
255.7;398114816;0
286.7;401145856;371
299.2;401145856;705
298.3;401207296;747
282.6;401211392;664
249.3;401248256;328
201.6;401313792;0
149.6;396431360;0
182.8;397152256;0
200.7;402579456;0
199.5;402579456;0
199.5;402579456;0
199.5;402579456;0
199.5;402579456;0
201.6;402579456;0
170.5;402583552;0
184.8;402628608;0
199.5;402628608;0
199.5;402628608;0
199.5;402628608;0
200.7;402628608;0
114.7;398606336;0
213.1;402628608;0
134.4;395866112;0
216.1;402628608;0
199.5;402628608;0
199.5;402628608;0
200.7;402628608;0
172.0;398598144;0
156.2;402624512;0
200.7;402624512;0
199.5;402624512;0
199.5;402624512;0
199.5;402624512;0
200.7;402624512;0
114.7;394575872;0
216.1;403152896;0
201.6;403152896;0
199.5;403152896;0
199.5;403152896;0
198.9;403152896;0
200.7;403152896;0
200.7;403148800;0
149.6;391737344;0
215.0;403546112;0
200.7;403546112;0
199.5;403546112;0
199.5;403546112;0
182.8;403546112;0
201.6;403546112;0
199.5;403546112;0
172.0;403668992;0
200.7;403668992;0
198.9;403668992;0
200.7;403668992;0
198.9;403668992;0
201.6;403668992;0
133.0;399646720;0
255.7;411041792;0
284.1;445480960;0
301.0;467996672;0
301.0;488132608;0
298.3;507707392;0
301.0;522838016;0
298.3;543379456;0
200.7;561004544;0
272.4;590422016;0
284.1;610586624;0
302.4;626524160;0
301.0;645947392;0
298.3;666132480;0
299.2;685617152;0
282.6;698503168;0
312.5;728068096;0
301.0;746311680;0
301.0;763904000;0
298.3;781238272;0
302.4;781238272;0
272.4;777211904;0
213.1;582598656;0
272.4;407781376;0
199.5;407789568;0
201.6;407789568;0
199.5;407789568;0
199.5;407789568;0
50.4;399740928;0
186.4;409088000;0
198.9;409088000;0
199.5;409088000;0
199.5;409088000;0
184.8;409088000;0
199.5;409088000;0
149.6;405114880;0
134.4;409239552;0
199.5;409239552;0
200.7;409239552;0
199.5;409239552;0
199.5;409239552;0
200.7;409239552;0
184.7;405217280;0
172.0;405250048;0
218.4;409374720;0
199.5;409374720;0
200.7;409374720;0
198.9;409374720;0
200.7;409374720;0
200.7;409374720;0
170.5;409509888;0
200.7;409505792;0
200.7;409505792;0
198.9;409505792;0
200.7;409505792;0
199.5;409505792;0
200.7;409509888;0
200.7;409509888;0
198.9;409509888;0
215.0;409534464;0
200.7;409534464;0
198.9;409534464;0
200.7;409534464;0
184.7;405168128;0
200.7;409718784;0
200.7;409718784;0
198.9;409718784;0
200.7;409718784;0
199.5;409718784;0
149.6;405692416;0
258.0;416935936;0
301.0;456847360;0
298.3;483995648;0
286.7;508063744;0
301.0;526987264;0
298.3;552992768;0
301.0;577310720;0
301.0;593731584;0
269.9;621412352;0
299.2;638787584;0
301.0;659312640;0
299.2;681955328;0
299.2;704315392;0
301.0;726171648;0
301.0;745484288;0
298.3;767488000;0
282.6;784953344;0
302.4;784953344;0
282.6;780926976;0
282.6;508723200;0
229.4;408522752;0
198.9;408522752;0
172.0;404500480;0
184.8;409657344;0
199.5;409657344;0
149.6;409718784;0
201.6;409718784;0
199.5;409718784;0
199.5;409718784;0
166.2;405692416;0
182.8;409853952;0
134.4;405831680;0
182.8;409890816;0
199.5;409890816;0
201.6;409890816;0
216.1;404652032;0
199.5;409935872;0
199.5;409935872;0
199.5;409935872;0
182.8;410034176;0
218.4;410030080;0
182.8;410030080;0
166.2;406003712;0
201.6;410038272;0
200.7;410038272;0
156.2;402022400;0
215.0;410062848;0
199.5;410062848;0
166.2;410062848;0
184.8;406040576;0
166.2;410103808;0
199.5;410103808;0
201.6;410103808;0
116.4;406081536;0
199.5;410189824;0
200.7;410189824;0
156.2;406163456;0
229.4;424890368;0
200.7;424890368;0
215.0;416706560;0
299.2;451072000;0
299.2;473264128;0
319.2;495067136;0
286.7;519598080;0
298.3;539860992;0
301.0;565481472;0
299.2;590733312;0
249.3;611577856;0
302.4;627195904;0
332.4;655781888;0
298.3;681914368;0
284.1;699981824;0
243.7;727699456;0
286.7;750743552;0
299.2;772915200;0
282.6;783114240;0
282.6;787197952;0
298.3;787197952;0
272.4;541650944;0
134.4;405471232;0
199.5;412491776;0
133.0;408657920;0
157.7;412815360;0
200.7;412815360;0
199.5;412815360;0
199.5;412815360;0
166.2;408788992;0
199.5;412946432;0
200.7;412946432;0
168.0;409030656;0
199.5;413016064;0
166.2;413143040;0
200.7;413143040;0
200.7;413143040;0
170.5;409124864;0
186.4;413163520;0
199.5;413163520;0
182.8;409141248;0
200.7;413192192;0
