0.0;10510336;0
0.0;10510336;0
0.0;10510336;0
0.0;10510336;0
0.0;10510336;0
0.0;10510336;0
0.0;10510336;0
0.0;10510336;0
0.0;10510336;0
0.0;10510336;0
0.0;10510336;0
0.0;10510336;0
0.0;10510336;0
0.0;10510336;0
0.0;10510336;0
0.0;10510336;0
0.0;10510336;0
0.0;10510336;0
0.0;10510336;0
0.0;10510336;0
0.0;10510336;0
0.0;10510336;0
0.0;10510336;0
0.0;10510336;0
0.0;10510336;0
0.0;10510336;0
0.0;10510336;0
0.0;10510336;0
0.0;10510336;0
0.0;10510336;0
0.0;10510336;0
0.0;10510336;0
0.0;10510336;0
0.0;10510336;0
0.0;10510336;0
0.0;10510336;0
49.9;20488192;114
0.0;20488192;0
0.0;20488192;0
0.0;20488192;0
0.0;20488192;0
0.0;20488192;0
0.0;20488192;0
0.0;20488192;0
0.0;20488192;0
0.0;20488192;0
0.0;20488192;0
0.0;20488192;0
0.0;20488192;0
0.0;20488192;0
0.0;20488192;0
0.0;20488192;0
0.0;20488192;0
0.0;20488192;0
0.0;20488192;0
0.0;20488192;0
0.0;20488192;0
0.0;20488192;0
0.0;20488192;0
0.0;20488192;0
0.0;20488192;0
0.0;20488192;0
0.0;20488192;0
0.0;20488192;0
0.0;20488192;0
0.0;20488192;0
0.0;20488192;0
0.0;20488192;0
0.0;20488192;0
0.0;20488192;0
0.0;20488192;0
0.0;20488192;0
0.0;20488192;0
28.7;26509312;0
14.2;21180416;0
0.0;21180416;0
0.0;21180416;0
0.0;21180416;0
0.0;21180416;0
0.0;21180416;0
0.0;21180416;0
0.0;21180416;0
0.0;21180416;0
0.0;21180416;0
0.0;21180416;0
0.0;21180416;0
0.0;21180416;0
0.0;21180416;0
0.0;21180416;0
0.0;21180416;0
0.0;21180416;0
0.0;21180416;0
0.0;21180416;0
0.0;21180416;0
0.0;21180416;0
0.0;21180416;0
0.0;21180416;0
0.0;21180416;0
0.0;21180416;0
0.0;21180416;0
0.0;21180416;0
0.0;21180416;0
0.0;21180416;0
0.0;21180416;0
0.0;21180416;0
0.0;21180416;0
0.0;21180416;0
0.0;21180416;0
0.0;21180416;0
0.0;21180416;0
28.7;21024768;0
0.0;21024768;0
0.0;21024768;0
0.0;21024768;0
0.0;21024768;0
0.0;21024768;0
0.0;21024768;0
0.0;21024768;0
0.0;21024768;0
0.0;21024768;0
0.0;21024768;0
0.0;21024768;0
0.0;21024768;0
0.0;21024768;0
0.0;21024768;0
0.0;21024768;0
0.0;21024768;0
0.0;21024768;0
0.0;21024768;0
0.0;21024768;0
0.0;21024768;0
0.0;21024768;0
0.0;21024768;0
0.0;21024768;0
0.0;21024768;0
0.0;21024768;0
0.0;21024768;0
0.0;21024768;0
0.0;21024768;0
0.0;21024768;0
0.0;21024768;0
0.0;21024768;0
0.0;21024768;0
0.0;21024768;0
0.0;21024768;0
0.0;21024768;0
0.0;22720512;0
28.7;21299200;0
0.0;21299200;0
0.0;21299200;0
