0.0;10514432;0
0.0;10514432;0
0.0;10514432;0
0.0;10514432;0
0.0;10514432;0
0.0;10514432;0
0.0;10514432;0
0.0;10514432;0
0.0;10514432;0
0.0;10514432;0
0.0;10514432;0
0.0;10514432;0
0.0;10514432;0
0.0;10514432;0
0.0;10514432;0
0.0;10514432;0
0.0;10514432;0
0.0;10514432;0
0.0;10514432;0
0.0;10514432;0
0.0;10514432;0
0.0;10514432;0
0.0;10514432;0
0.0;10514432;0
0.0;10514432;0
0.0;10514432;0
0.0;10514432;0
0.0;10514432;0
0.0;10514432;0
0.0;10514432;0
0.0;10514432;0
0.0;10514432;0
0.0;10514432;0
0.0;10514432;0
0.0;10514432;0
0.0;10514432;0
50.4;20508672;114
0.0;20508672;0
0.0;20508672;0
0.0;20508672;0
0.0;20508672;0
0.0;20508672;0
0.0;20508672;0
0.0;20508672;0
0.0;20508672;0
0.0;20508672;0
0.0;20508672;0
0.0;20508672;0
0.0;20508672;0
0.0;20508672;0
0.0;20508672;0
0.0;20508672;0
0.0;20508672;0
0.0;20508672;0
0.0;20508672;0
0.0;20508672;0
0.0;20508672;0
0.0;20508672;0
0.0;20508672;0
0.0;20508672;0
0.0;20508672;0
0.0;20508672;0
0.0;20508672;0
0.0;20508672;0
0.0;20508672;0
0.0;20508672;0
0.0;20508672;0
0.0;20508672;0
0.0;20508672;0
0.0;20508672;0
0.0;20508672;0
0.0;20508672;0
0.0;20508672;0
28.4;28442624;0
14.3;21204992;0
0.0;21204992;0
0.0;21204992;0
0.0;21204992;0
0.0;21204992;0
0.0;21204992;0
0.0;21204992;0
0.0;21204992;0
0.0;21204992;0
0.0;21204992;0
0.0;21204992;0
0.0;21204992;0
0.0;21204992;0
0.0;21204992;0
0.0;21204992;0
0.0;21204992;0
0.0;21204992;0
0.0;21204992;0
0.0;21204992;0
0.0;21204992;0
0.0;21204992;0
0.0;21204992;0
0.0;21204992;0
0.0;21204992;0
0.0;21204992;0
0.0;21204992;0
0.0;21204992;0
0.0;21204992;0
0.0;21204992;0
0.0;21204992;0
0.0;21204992;0
0.0;21204992;0
0.0;21204992;0
0.0;21204992;0
0.0;21204992;0
0.0;21204992;0
50.4;21041152;0
0.0;21041152;0
0.0;21041152;0
0.0;21041152;0
0.0;21041152;0
0.0;21041152;0
0.0;21041152;0
0.0;21041152;0
0.0;21041152;0
0.0;21041152;0
0.0;21041152;0
0.0;21041152;0
0.0;21041152;0
0.0;21041152;0
0.0;21041152;0
0.0;21041152;0
0.0;21041152;0
0.0;21041152;0
0.0;21041152;0
0.0;21041152;0
0.0;21041152;0
0.0;21041152;0
0.0;21041152;0
0.0;21041152;0
0.0;21041152;0
0.0;21041152;0
0.0;21041152;0
0.0;21041152;0
0.0;21041152;0
0.0;21041152;0
0.0;21041152;0
0.0;21041152;0
0.0;21041152;0
0.0;21041152;0
0.0;21041152;0
0.0;21041152;0
28.7;25432064;0
0.0;21307392;0
0.0;21307392;0
0.0;21307392;0
