45.0;93.3;44.5;0.0
49.9;107.0;78.7;0.0
79.3;130.0;78.5;0.0
59.9;139.5;16.7;0.0
45.0;154.6;38.2;0.0
5.0;155.9;1.9;0.0
0.0;155.9;0.0;0.0
0.0;155.9;0.1;0.0
0.0;155.9;0.0;0.0
5.0;155.9;1.3;0.0
0.0;155.9;0.0;0.0
0.0;155.9;0.7;0.0
0.0;155.9;0.0;0.0
0.0;155.9;0.6;0.0
0.0;155.9;0.0;0.0
0.0;155.9;0.7;0.0
0.0;155.9;0.0;0.0
0.0;155.9;0.6;0.0
0.0;155.9;0.0;0.0
0.0;155.9;0.7;0.0
0.0;155.9;0.0;0.0
0.0;155.9;0.6;0.0
0.0;155.9;0.0;0.0
19.9;160.0;0.6;0.0
49.3;160.0;0.0;0.0
49.3;161.0;0.0;0.0
39.9;161.0;0.3;0.0
0.0;161.0;0.0;0.0
0.0;161.0;0.1;0.0
0.0;161.0;0.0;0.0
0.0;161.0;1.3;0.0
0.0;161.0;0.0;0.0
0.0;161.0;0.7;0.0
0.0;161.0;0.0;0.0
0.0;161.0;0.5;0.0
0.0;161.0;0.0;0.0
0.0;161.0;0.5;0.0
0.0;161.0;0.0;0.0
0.0;161.0;0.4;0.0
0.0;161.0;0.0;0.0
0.0;161.0;0.5;0.0
0.0;161.0;0.0;0.0
9.2;161.2;0.6;0.0
52.5;161.2;1.1;0.0
34.5;161.2;0.0;0.0
0.0;161.2;0.0;0.0
0.0;161.2;0.2;0.0
0.0;161.2;0.0;0.0
0.0;161.2;2.6;0.0
0.0;161.2;0.0;0.0
0.0;161.2;1.4;0.0
0.0;161.2;0.0;0.0
5.0;161.2;1.1;0.0
0.0;161.2;0.0;0.0
0.0;161.2;0.9;0.0
0.0;161.2;0.0;0.0
0.0;161.2;0.9;0.0
0.0;161.2;0.0;0.0
0.0;161.2;0.9;0.0
0.0;161.2;0.0;0.0
49.8;162.2;1.0;0.0
38.3;162.2;0.0;0.0
0.0;162.5;0.5;0.0
0.0;162.5;0.0;0.0
0.0;162.5;0.0;0.0
0.0;162.5;0.0;0.0
0.0;162.5;0.0;0.0
0.0;162.5;0.0;0.0
0.0;162.5;0.0;0.0
0.0;162.5;0.0;0.0
0.0;162.5;0.0;0.0
0.0;162.5;0.0;0.0
0.0;162.5;0.0;0.0
0.0;162.5;0.0;0.0
0.0;162.5;0.0;0.0
0.0;162.5;0.0;0.0
0.0;162.5;0.0;0.0
0.0;162.5;0.0;0.0
0.0;162.5;0.0;0.0
0.0;162.5;0.0;0.0
0.0;162.5;0.0;0.0
0.0;162.5;0.0;0.0
0.0;162.5;0.0;0.0
0.0;162.5;0.0;0.0
0.0;162.5;0.0;0.0
0.0;162.5;0.0;0.0
0.0;162.5;0.0;0.0
0.0;162.5;0.0;0.0
0.0;162.5;0.0;0.0
0.0;162.5;0.0;0.0
0.0;162.5;0.0;0.0
0.0;162.5;0.0;0.0
0.0;162.5;0.0;0.0
0.0;162.5;0.0;0.0
0.0;162.5;0.0;0.0
0.0;162.5;0.0;0.0
0.0;162.5;0.0;0.0
0.0;162.5;0.0;0.0
0.0;162.5;0.0;0.0
0.0;162.5;0.0;0.0
