0.0;10493952;0
0.0;10493952;0
0.0;10493952;0
0.0;10493952;0
49.9;12644352;0
100.3;12689408;0
71.0;12713984;0
99.7;12754944;0
66.5;12808192;0
86.0;10801152;0
66.5;12959744;0
84.0;10940416;0
71.0;13012992;0
83.1;11026432;0
83.1;13185024;0
84.0;11198464;0
85.2;13287424;0
84.0;11268096;0
99.7;13291520;0
71.7;11268096;0
85.2;13352960;0
67.2;12529664;0
99.7;13422592;0
66.5;13471744;0
100.8;13484032;0
42.6;12505088;0
100.3;13488128;0
71.0;13619200;173
100.8;13619200;0
49.9;13463552;0
99.7;13463552;0
50.4;13574144;0
99.4;13574144;0
66.5;13701120;0
99.7;13701120;0
67.2;13508608;0
99.7;13508608;0
43.0;13889536;0
200.7;49348608;0
133.0;83591168;0
199.5;107143168;0
143.3;108834816;639
114.7;107810816;101
16.6;108916736;0
100.3;108916736;0
33.2;108953600;0
99.7;106934272;0
49.9;108957696;0
86.0;106934272;0
49.9;108957696;0
99.4;107085824;0
50.4;108953600;0
66.5;106934272;0
57.3;108957696;0
56.8;106934272;0
71.7;108957696;0
66.5;106934272;0
83.1;108953600;0
57.3;106934272;0
85.2;108957696;0
33.2;106934272;0
83.1;108953600;0
50.4;106934272;0
99.7;108957696;0
33.2;106934272;0
100.8;108953600;0
28.4;107294720;0
99.7;108953600;0
42.6;108953600;0
100.3;108953600;0
0.0;108953600;0
99.7;108953600;0
33.6;108957696;0
99.7;108957696;0
33.2;108957696;0
99.4;108957696;0
0.0;106934272;0
186.4;142925824;0
199.5;175575040;0
302.4;203255808;0
166.2;112484352;0
156.2;110477312;0
86.0;110637056;0
99.7;110637056;0
83.1;110632960;0
83.1;108613632;0
99.7;110686208;0
71.7;108675072;0
99.4;110727168;0
114.7;112820224;0
116.4;110800896;0
116.4;112824320;0
133.0;110804992;0
133.0;112828416;0
143.3;110804992;0
113.6;110800896;0
100.3;110800896;0
86.0;110804992;0
99.7;110804992;0
83.1;110874624;0
99.7;110874624;0
151.2;110927872;0
99.4;110927872;0
100.3;110985216;0
86.0;108965888;0
99.4;110989312;0
83.1;108965888;0
99.7;110985216;0
33.6;111013888;0
99.7;111013888;0
116.4;113033216;0
100.8;111009792;0
56.8;111013888;0
100.3;111013888;0
113.6;111853568;0
200.7;147759104;0
216.1;178790400;0
199.5;202383360;0
100.8;110931968;0
99.7;110931968;0
114.7;111022080;0
85.2;109002752;0
43.0;111108096;0
100.3;111112192;0
71.0;111235072;0
100.3;111251456;0
133.0;111296512;0
99.7;111296512;0
182.8;111800320;0
99.7;111800320;0
117.6;111804416;0
99.4;111804416;0
157.7;111800320;0
57.3;110886912;0
99.7;111845376;0
28.7;111845376;0
99.4;111845376;0
84.0;111861760;0
99.7;111861760;0
83.1;111865856;0
100.8;111865856;0
133.0;111861760;0
99.7;111861760;0
99.7;111882240;0
99.7;111882240;0
134.4;111964160;0
99.7;111964160;0
166.2;111960064;0
57.3;109940736;0
99.7;112537600;0
99.7;113831936;0
142.0;112533504;0
100.3;112533504;0
172.0;140214272;0
198.9;174063616;0
272.4;201957376;0
143.3;114401280;0
170.5;110374912;0
129.0;112398336;0
133.0;110379008;0
117.6;112402432;0
116.4;110379008;0
133.0;110522368;0
100.8;110522368;0
116.4;110784512;0
83.1;108765184;0
49.9;111026176;0
99.7;111042560;0
117.6;111067136;0
99.7;111067136;0
116.4;111173632;0
100.8;111173632;0
116.4;111255552;0
99.7;111255552;0
116.4;111251456;0
116.4;113287168;0
100.8;111267840;0
133.0;111325184;0
100.3;111325184;0
28.7;111403008;0
99.4;111403008;0
114.7;111407104;0
99.4;111407104;0
114.7;111407104;0
14.3;109383680;0
83.1;111407104;0
99.7;111407104;0
117.6;111407104;0
33.2;109383680;0
99.4;111464448;0
100.3;111464448;0
198.9;138973184;0
186.4;169250816;0
200.7;197042176;0
184.7;114028544;0
114.7;112005120;0
129.0;114110464;0
149.6;112091136;0
133.0;114163712;0
116.4;112140288;0
151.2;114290688;0
149.6;112267264;0
66.5;112295936;0
100.8;112295936;0
116.4;112291840;0
49.9;110280704;0
100.3;112345088;0
113.6;114368512;0
100.3;112345088;0
129.0;114429952;0
127.8;112406528;0
43.0;112517120;0
100.8;112517120;0
149.6;114634752;0
99.7;112611328;0
133.0;112664576;0
99.7;112664576;0
134.4;112664576;0
49.9;110645248;0
99.7;112664576;0
43.0;111726592;0
100.8;112672768;0
86.0;112713728;0
99.4;112713728;0
71.7;112713728;0
99.4;112713728;0
86.0;112717824;0
100.3;112717824;0
127.8;122318848;0
199.5;162840576;0
268.8;193683456;0
232.7;113561600;0
149.6;114782208;0
99.7;114782208;0
166.2;115019776;0
50.4;112996352;0
100.3;115064832;0
28.4;115220480;0
100.3;115220480;0
84.0;115306496;0
99.7;115306496;0
83.1;115306496;0
99.7;115306496;0
133.0;115458048;0
84.0;113434624;0
66.5;115458048;0
99.7;113434624;0
84.0;115453952;0
100.3;115453952;0
113.6;115453952;0
86.0;115507200;0
99.4;115507200;0
83.1;115601408;0
100.8;115601408;0
83.1;115597312;0
99.7;115597312;0
134.4;115621888;0
99.7;115638272;0
116.4;115716096;0
99.7;113696768;0
99.7;115716096;0
86.0;113696768;0
100.3;115716096;0
99.4;115716096;0
99.7;115716096;0
71.7;115716096;0
199.5;148471808;0
216.1;181882880;0
249.3;205156352;0
127.8;118272000;0
100.3;119513088;0
129.0;121614336;0
99.4;119590912;0
49.9;119623680;0
100.8;119623680;0
116.4;119664640;0
99.7;119664640;0
100.3;119808000;0
85.2;117784576;0
86.0;119808000;0
100.3;119808000;0
99.7;119873536;0
116.4;121921536;0
100.8;119902208;0
33.2;120016896;0
99.4;120016896;0
83.1;120049664;0
99.7;120049664;0
116.4;120147968;0
100.8;118124544;0
99.7;120193024;0
83.1;118173696;0
100.3;120197120;0
100.3;120233984;0
99.7;120233984;0
99.7;120336384;0
83.1;118312960;0
56.8;120336384;0
100.3;120336384;0
86.0;120336384;0
