0.0;10498048;0
0.0;10498048;0
0.0;10498048;0
0.0;10498048;0
71.0;11812864;0
184.8;11964416;0
116.4;13217792;0
143.3;13316096;0
85.2;12468224;0
168.0;13545472;0
66.5;12574720;0
172.0;13697024;0
49.9;12791808;0
199.5;13860864;0
99.7;13312000;0
186.4;14127104;0
129.0;14544896;0
199.5;14544896;0
67.2;14217216;0
199.5;14217216;0
114.7;14209024;0
184.7;13819904;0
84.0;14581760;0
149.6;13602816;0
86.0;14905344;0
199.5;14938112;0
133.0;14946304;0
182.8;14290944;0
129.0;15036416;0
157.7;14012416;0
99.7;15130624;0
184.8;14143488;0
113.6;15147008;0
133.0;14139392;0
133.0;15126528;0
151.2;14241792;0
142.0;15130624;0
114.7;14344192;0
166.2;15613952;0
116.4;14352384;0
199.5;15515648;0
86.0;14544896;0
201.6;15638528;0
113.6;15708160;0
186.4;15089664;0
49.9;15704064;0
199.5;15704064;0
99.7;15773696;0
199.5;15773696;0
114.7;16064512;0
127.8;15077376;0
117.6;16084992;0
133.0;15736832;0
86.0;16777216;0
156.2;15765504;0
134.4;16498688;0
83.1;15519744;0
133.0;16449536;0
134.4;15470592;0
142.0;16584704;0
100.3;15613952;0
166.2;16932864;0
134.4;15880192;0
199.5;17014784;0
28.7;15953920;0
201.6;17059840;0
113.6;17633280;0
199.5;27131904;0
85.2;29044736;0
301.0;66158592;0
232.7;95731712;0
282.6;119943168;0
168.0;140992512;0
298.3;163414016;0
229.4;186318848;0
282.6;206745600;0
201.6;202301440;780
133.0;202280960;192
114.7;202731520;0
149.6;202698752;0
133.0;202768384;0
83.1;202743808;0
166.2;203022336;0
84.0;202997760;0
255.7;203251712;460
57.3;203223040;0
200.7;203251712;0
56.8;203251712;0
199.5;203235328;0
49.9;203390976;0
200.7;203390976;0
85.2;203649024;0
172.0;203628544;0
114.7;203649024;0
199.5;203649024;0
99.7;203681792;0
133.0;203653120;0
114.7;203681792;0
133.0;203653120;0
134.4;204070912;0
99.7;204038144;0
182.8;204062720;0
113.6;204034048;0
172.0;204087296;0
99.7;204058624;0
213.1;204087296;0
50.4;204087296;0
199.5;204087296;0
16.6;204079104;0
43.0;204062720;0
0.0;204062720;0
0.0;204062720;0
100.8;204500992;0
156.2;204468224;0
114.7;204615680;0
157.7;204578816;0
142.0;204800000;0
149.6;204771328;0
166.2;205004800;0
117.6;204976128;0
200.7;205029376;0
56.8;205414400;0
186.4;205398016;0
71.7;205410304;0
198.9;205418496;0
57.3;205414400;0
198.9;205410304;0
114.7;205410304;0
151.2;205381632;0
49.9;205393920;0
43.0;205381632;0
0.0;205381632;0
0.0;205381632;0
0.0;205381632;0
0.0;205381632;0
57.3;205819904;0
170.5;205799424;0
100.3;205811712;0
151.2;205783040;0
127.8;205930496;0
114.7;205901824;0
143.3;206225408;0
99.4;206217216;0
199.5;206245888;0
49.9;206217216;0
199.5;206241792;0
117.6;206229504;0
49.9;206651392;0
199.5;211148800;0
100.8;216993792;0
299.2;250470400;0
99.7;286187520;0
99.7;318439424;0
99.7;345604096;0
100.8;378884096;0
99.7;393543680;0
66.5;206622720;0
0.0;206622720;0
0.0;206622720;0
56.8;209813504;0
149.6;209784832;0
85.2;209969152;0
129.0;209940480;0
114.7;210124800;0
99.4;210096128;0
166.2;210157568;0
117.6;210141184;0
83.1;210128896;0
0.0;210128896;0
182.8;210300928;0
116.4;210268160;0
186.4;210354176;0
57.3;210456576;0
166.2;210440192;0
99.7;210440192;0
28.7;210427904;0
0.0;210427904;0
0.0;210427904;0
0.0;210427904;0
0.0;210427904;0
199.5;210583552;0
33.2;210583552;0
201.6;210583552;0
99.7;210591744;0
166.2;210558976;0
50.4;210604032;0
149.6;210575360;0
99.7;210608128;0
166.2;210587648;0
99.7;210587648;0
0.0;210575360;0
143.3;210604032;0
116.4;210587648;0
168.0;210604032;0
66.5;210575360;0
199.5;210604032;0
43.0;210587648;0
66.5;210575360;0
0.0;210575360;0
0.0;210575360;0
0.0;210575360;0
0.0;210575360;0
166.2;210608128;0
33.2;210575360;0
201.6;210608128;0
43.0;210739200;0
166.2;210845696;0
33.2;210857984;0
49.9;210845696;0
0.0;210845696;0
0.0;210845696;0
43.0;210944000;0
184.7;210927616;0
100.3;210944000;0
198.9;211079168;0
114.7;211210240;0
157.7;211185664;0
113.6;211214336;0
86.0;211185664;0
143.3;211214336;0
99.4;211185664;0
172.0;211259392;0
42.6;211537920;0
166.2;211640320;0
134.4;211668992;0
99.7;211640320;0
166.2;211668992;0
67.2;211640320;0
199.5;211988480;0
33.2;211955712;0
143.3;211955712;0
85.2;212033536;0
0.0;212021248;0
16.8;212033536;0
49.9;212021248;0
0.0;212021248;0
66.5;212021248;0
50.4;212033536;0
16.6;212021248;0
0.0;212021248;0
99.7;212021248;0
0.0;212021248;0
0.0;212021248;0
0.0;212021248;0
0.0;212021248;0
0.0;212021248;0
50.4;212217856;0
33.2;212205568;0
0.0;212205568;0
0.0;212205568;0
0.0;212205568;0
0.0;212205568;0
67.2;212340736;0
0.0;212340736;0
0.0;212340736;0
0.0;212340736;0
0.0;212340736;0
0.0;212340736;0
0.0;212340736;0
0.0;212340736;0
0.0;212340736;0
0.0;212340736;0
0.0;212340736;0
33.2;212357120;0
50.4;212340736;0
0.0;212316160;0
0.0;212316160;0
0.0;212316160;0
0.0;212316160;0
0.0;212316160;0
0.0;212316160;0
0.0;212316160;0
0.0;212316160;0
0.0;212316160;0
83.1;212520960;0
0.0;212520960;0
0.0;212520960;0
0.0;212520960;0
0.0;212520960;0
0.0;212520960;0
14.2;212537344;0
49.9;212520960;0
0.0;212520960;0
71.7;212520960;0
0.0;212520960;0
0.0;212520960;0
0.0;212520960;0
0.0;212520960;0
0.0;212520960;0
0.0;212520960;0
0.0;212520960;0
28.7;215015424;0
184.7;253685760;0
99.7;291684352;0
99.7;323596288;0
99.7;352702464;0
100.3;386453504;0
100.3;396886016;0
33.2;209874944;0
0.0;209874944;0
