0.0;10514432;0
0.0;10514432;0
0.0;10514432;0
0.0;10514432;0
66.5;11378688;0
143.3;11882496;0
33.2;12357632;0
149.6;12439552;0
200.7;13651968;0
85.2;13488128;0
116.4;14032896;0
166.2;13332480;0
100.3;13398016;0
142.0;14512128;0
201.6;13139968;0
116.4;14065664;0
172.0;13234176;0
85.2;14245888;0
117.6;13434880;0
83.1;14372864;0
114.7;13590528;0
99.7;14577664;0
166.2;13737984;0
85.2;14999552;0
129.0;14389248;0
133.0;14987264;0
116.4;14516224;0
114.7;15151104;0
133.0;14733312;0
116.4;15400960;0
116.4;14757888;0
129.0;15364096;0
127.8;14897152;0
134.4;15532032;0
166.2;14553088;0
114.7;15716352;0
85.2;14811136;0
134.4;15228928;0
172.0;16125952;0
116.4;15073280;0
166.2;16093184;0
99.7;15138816;0
199.5;16130048;0
71.7;15138816;0
149.6;16334848;0
100.3;16306176;0
143.3;16023552;0
99.7;16941056;0
199.5;16941056;0
83.1;17006592;0
200.7;17006592;0
71.0;17039360;0
117.6;17051648;0
133.0;27131904;0
143.3;33034240;0
266.0;67837952;0
201.6;96763904;0
232.7;120958976;0
272.4;139300864;0
229.4;163381248;0
269.9;185663488;0
249.3;202055680;78
199.5;202854400;651
215.0;202825728;703
116.4;202895360;0
168.0;203218944;0
83.1;203415552;0
172.0;203501568;0
85.2;203464704;0
157.7;203493376;0
114.7;203755520;0
149.6;203821056;0
117.6;203825152;0
149.6;203825152;0
71.7;203812864;0
113.6;203857920;0
129.0;204148736;0
166.2;204304384;0
33.2;204316672;0
201.6;204316672;0
85.2;204320768;0
143.3;204697600;0
113.6;204713984;0
201.6;204713984;0
66.5;204713984;0
182.8;204709888;0
86.0;204828672;0
170.5;204795904;0
99.7;205082624;0
99.7;205107200;0
151.2;205225984;0
71.0;205197312;0
129.0;205479936;0
99.7;205479936;0
149.6;205524992;0
99.4;205520896;0
143.3;205529088;0
43.0;205869056;0
156.2;205885440;0
129.0;205905920;0
133.0;205881344;0
133.0;206311424;0
133.0;206290944;0
99.7;206311424;0
114.7;206282752;0
127.8;206454784;0
114.7;206663680;0
200.7;218046464;0
133.0;218013696;0
232.7;232480768;0
232.7;261681152;0
252.0;285843456;0
213.1;309669888;0
258.0;329166848;0
215.0;357007360;0
269.9;379244544;0
232.7;395575296;0
182.8;208568320;0
151.2;209330176;0
133.0;209399808;0
114.7;210493440;0
157.7;210624512;0
85.2;210640896;0
199.5;210624512;0
99.7;210640896;0
168.0;210612224;0
133.0;210649088;0
143.3;210620416;0
143.3;210649088;0
113.6;210620416;0
172.0;210649088;0
99.7;210620416;0
201.6;210669568;0
66.5;210640896;0
198.9;210694144;0
100.3;210808832;0
149.6;210857984;0
49.9;210874368;0
199.5;210874368;0
66.5;210878464;0
134.4;210907136;0
99.7;210960384;0
166.2;210931712;0
100.3;210952192;0
170.5;211017728;0
114.7;210989056;0
149.6;211263488;0
100.8;211247104;0
166.2;211349504;0
66.5;211406848;0
200.7;211533824;0
83.1;211533824;0
198.9;211537920;0
100.3;211668992;0
199.5;211668992;0
67.2;211742720;0
199.5;211718144;0
99.7;211812352;0
168.0;211783680;0
133.0;211963904;0
143.3;212070400;0
142.0;212246528;0
114.7;212213760;0
166.2;212385792;0
83.1;212357120;0
201.6;212512768;0
49.9;212631552;0
198.9;212631552;0
86.0;212664320;0
142.0;212914176;0
86.0;212992000;0
172.0;212963328;0
170.5;225636352;0
200.7;261730304;0
258.0;289361920;0
241.5;311173120;0
232.7;331100160;0
266.0;358096896;0
268.8;381526016;0
216.1;399761408;0
241.5;244031488;0
66.5;213131264;0
143.3;214106112;0
142.0;214224896;0
100.3;214245376;0
142.0;214233088;0
100.3;214384640;0
200.7;214351872;0
113.6;214380544;0
143.3;214462464;0
134.4;214429696;0
127.8;214499328;0
49.9;214487040;0
170.5;214515712;0
86.0;214491136;0
200.7;214532096;0
56.8;214528000;0
199.5;214528000;0
67.2;214528000;0
99.7;214532096;0
133.0;214605824;0
99.7;214728704;0
156.2;214863872;0
114.7;214839296;0
143.3;215007232;0
42.6;215130112;0
168.0;215187456;0
100.3;215212032;0
142.0;215359488;0
114.7;215515136;0
127.8;215633920;0
114.7;215658496;0
100.3;215658496;0
113.6;215822336;0
100.3;215945216;0
129.0;215957504;0
99.4;216121344;0
172.0;216236032;0
66.5;216203264;0
149.6;216399872;0
134.4;216506368;0
133.0;216625152;0
85.2;216649728;0
114.7;216768512;0
129.0;216784896;0
99.4;216875008;0
172.0;228433920;0
142.0;247599104;0
215.0;275374080;0
252.0;297086976;0
266.0;319877120;0
232.7;341614592;0
268.8;363851776;0
216.1;388239360;0
227.3;405598208;0
229.4;277864448;0
99.7;221810688;0
149.6;222072832;0
168.0;222162944;0
33.2;222388224;0
166.2;222375936;0
50.4;222404608;0
129.0;222404608;0
142.0;222375936;0
99.7;222490624;0
116.4;222478336;0
133.0;222535680;0
134.4;222507008;0
166.2;222576640;0
99.7;222547968;0
199.5;222658560;0
67.2;222679040;0
149.6;222658560;0
99.4;222679040;0
172.0;222646272;0
99.4;222679040;0
172.0;222842880;0
67.2;222879744;0
182.8;223027200;0
83.1;223039488;0
168.0;223080448;0
86.0;223105024;0
184.7;223088640;0
57.3;223125504;0
199.5;223113216;0
99.7;223432704;0
117.6;223612928;0
149.6;223625216;0
71.0;223641600;0
143.3;223965184;0
84.0;224047104;0
166.2;224030720;0
99.7;224350208;0
199.5;224350208;0
66.5;224419840;0
129.0;224555008;0
143.3;224628736;0
170.5;224796672;0
243.7;246407168;0
184.8;278994944;0
249.3;306642944;0
166.2;332402688;0
249.3;352980992;0
142.0;382709760;0
258.0;408403968;0
184.8;399880192;0
199.5;227565568;0
116.4;227729408;0
151.2;228028416;0
149.6;227999744;0
99.7;228171776;0
100.3;228143104;0
127.8;228159488;0
199.5;228175872;0
50.4;228147200;0
199.5;228327424;0
66.5;228401152;0
186.4;228384768;0
100.8;228560896;0
149.6;228528128;0
