0.0;9437184;0
0.0;9437184;0
0.0;9437184;0
0.0;9437184;0
0.0;9437184;0
0.0;9437184;0
0.0;9510912;0
0.0;9543680;0
0.0;9592832;0
0.0;9695232;0
0.0;9879552;0
0.0;10129408;0
0.0;10129408;0
0.0;10129408;0
0.0;10264576;14
0.0;10264576;0
0.0;10264576;0
0.0;10264576;0
0.0;10264576;0
0.0;10264576;0
0.0;10264576;0
0.0;10264576;0
0.0;10481664;15
0.0;10481664;0
0.0;10481664;0
0.0;10481664;0
0.0;10481664;0
0.0;10481664;0
0.0;10481664;0
0.0;10481664;0
0.0;10481664;0
0.0;10481664;0
0.0;10481664;0
0.0;10481664;0
0.0;10481664;0
0.0;10481664;0
0.0;10481664;0
0.0;10481664;0
0.0;10481664;0
0.0;10481664;0
0.0;10481664;0
0.0;10481664;0
0.0;10481664;0
0.0;10481664;0
0.0;10481664;0
0.0;10481664;0
0.0;10481664;0
0.0;10481664;0
0.0;10481664;0
0.0;10481664;0
0.0;10481664;0
0.0;10481664;0
0.0;10481664;0
0.0;10481664;0
0.0;10481664;0
0.0;10481664;0
0.0;10481664;0
0.0;10481664;0
0.0;10481664;0
0.0;10481664;0
0.0;10481664;0
0.0;10481664;0
0.0;10481664;0
0.0;10481664;0
0.0;10481664;0
66.5;10633216;0
57.3;10690560;0
49.9;10760192;0
0.0;10760192;0
0.0;10760192;0
49.9;10792960;0
33.6;11632640;0
14.2;10993664;0
0.0;10993664;0
66.5;11898880;0
49.9;11915264;0
14.3;11096064;0
49.9;11161600;0
33.2;12046336;0
16.8;11227136;0
66.5;11694080;0
57.3;12517376;0
56.8;11427840;0
33.6;11845632;0
16.6;11833344;0
0.0;11833344;0
0.0;11833344;0
0.0;11833344;0
0.0;11833344;0
0.0;11833344;0
0.0;11833344;0
0.0;11833344;0
0.0;11833344;0
0.0;11833344;0
0.0;12263424;0
33.2;11563008;0
0.0;11563008;0
0.0;11563008;0
0.0;11563008;0
0.0;11563008;0
0.0;11563008;0
49.9;11563008;0
0.0;11563008;0
0.0;11563008;0
0.0;11563008;0
0.0;11563008;0
0.0;11563008;0
0.0;11563008;0
0.0;11563008;0
0.0;11563008;0
0.0;11563008;0
0.0;11563008;0
57.3;11563008;0
0.0;11563008;0
0.0;11563008;0
0.0;11563008;0
0.0;11563008;0
0.0;11563008;0
0.0;11563008;0
42.6;11698176;0
66.5;11698176;0
49.9;11698176;0
0.0;11698176;0
0.0;11698176;0
0.0;11698176;0
0.0;11698176;0
0.0;11698176;0
0.0;11698176;0
0.0;11698176;0
0.0;11698176;0
0.0;11698176;0
0.0;11698176;0
83.1;11833344;0
33.6;12247040;0
49.9;12644352;0
0.0;11833344;0
86.0;12386304;0
49.9;12783616;0
0.0;12926976;0
33.2;12103680;0
0.0;12103680;0
49.9;12517376;0
14.3;12103680;0
42.6;12238848;0
0.0;12238848;0
0.0;12238848;0
0.0;12238848;0
0.0;12238848;0
0.0;12238848;0
0.0;12238848;0
0.0;12238848;0
0.0;12238848;0
0.0;12238848;0
0.0;12238848;0
49.9;12652544;0
0.0;12238848;0
0.0;12238848;0
0.0;12238848;0
0.0;12238848;0
0.0;12238848;0
33.2;13058048;0
0.0;12238848;0
0.0;12238848;0
0.0;12238848;0
0.0;12238848;0
0.0;12238848;0
0.0;12238848;0
0.0;12238848;0
0.0;12238848;0
0.0;12238848;0
0.0;12656640;0
28.7;12374016;0
0.0;12374016;0
0.0;12374016;0
0.0;12374016;0
0.0;12374016;0
57.3;12378112;0
0.0;12378112;0
0.0;12378112;0
0.0;12378112;0
0.0;12378112;0
0.0;12378112;0
0.0;12378112;0
0.0;12378112;0
0.0;12378112;0
0.0;12378112;0
0.0;12378112;0
43.0;13197312;0
0.0;12378112;0
0.0;12378112;0
0.0;12378112;0
0.0;12378112;0
0.0;12378112;0
0.0;12378112;0
0.0;12378112;0
0.0;12378112;0
0.0;12378112;0
0.0;12378112;0
14.3;13676544;0
33.2;12513280;0
42.6;12931072;0
14.3;12513280;0
0.0;12513280;0
66.5;12513280;0
0.0;12513280;0
0.0;12513280;0
0.0;12513280;0
0.0;12513280;0
0.0;12513280;0
0.0;12513280;0
0.0;12513280;0
0.0;12513280;0
0.0;12513280;0
0.0;12513280;0
0.0;12513280;0
0.0;12513280;0
0.0;12513280;0
0.0;12513280;0
0.0;12513280;0
49.9;12652544;0
16.6;13078528;0
57.3;13074432;0
16.6;12795904;0
0.0;12795904;0
49.9;12795904;0
33.2;12795904;0
0.0;12795904;0
0.0;12795904;0
0.0;12795904;0
0.0;12795904;0
0.0;12795904;0
0.0;12795904;0
0.0;12795904;0
0.0;12795904;0
67.2;12931072;0
0.0;12931072;0
0.0;12931072;0
16.6;13742080;0
33.2;12931072;0
56.8;13348864;0
57.3;13484032;0
28.7;13479936;0
66.5;13885440;0
0.0;13066240;0
0.0;13066240;0
16.8;14020608;0
16.6;13201408;0
0.0;13897728;0
71.0;14024704;0
0.0;13201408;0
0.0;13201408;0
49.9;13340672;0
49.9;13340672;0
33.6;13754368;0
33.2;13475840;0
0.0;13475840;0
0.0;13475840;0
0.0;13475840;0
0.0;13475840;0
0.0;13475840;0
0.0;13475840;0
0.0;13475840;0
0.0;13475840;0
0.0;13475840;0
42.6;13516800;0
0.0;13516800;0
0.0;13516800;0
0.0;13516800;0
0.0;13516800;0
0.0;13516800;0
28.4;14340096;0
43.0;14344192;0
14.3;13651968;0
33.2;13651968;0
0.0;13651968;0
28.7;13651968;0
0.0;13651968;0
28.7;13795328;0
0.0;13795328;0
49.9;13795328;0
0.0;13795328;0
33.2;14606336;0
0.0;13795328;0
0.0;13795328;0
43.0;13934592;0
0.0;13934592;0
28.7;13934592;0
16.8;14344192;0
16.6;14647296;0
16.6;14069760;0
0.0;14069760;0
42.6;14069760;0
42.6;14209024;0
16.6;14622720;0
0.0;14209024;0
43.0;14209024;0
28.7;15155200;0
49.9;14348288;0
0.0;14348288;0
16.6;14757888;0
