0.0;10514432;0
0.0;10514432;0
0.0;10514432;0
49.9;11206656;0
99.7;11927552;0
156.2;12369920;0
134.4;13545472;0
133.0;12582912;0
143.3;13922304;0
149.6;12771328;0
166.2;13836288;0
142.0;12947456;0
151.2;13533184;0
99.7;13647872;0
200.7;14561280;0
143.3;13725696;0
182.8;13778944;0
66.5;13496320;0
200.7;14008320;0
143.3;14999552;0
199.5;15011840;0
84.0;14675968;0
199.5;14741504;0
57.3;15450112;0
182.8;15302656;0
134.4;15347712;0
182.8;15347712;0
86.0;15376384;0
182.8;15392768;0
83.1;15376384;0
184.7;15384576;0
143.3;15433728;0
199.5;14630912;0
99.7;15867904;0
168.0;14630912;0
113.6;15904768;0
182.8;14778368;0
133.0;15966208;0
157.7;14925824;0
142.0;15921152;0
134.4;15183872;0
166.2;16257024;0
143.3;15605760;0
116.4;15667200;0
168.0;16281600;0
127.8;15872000;0
157.7;15872000;0
116.4;15990784;0
182.8;16879616;0
116.4;16826368;0
66.5;16928768;0
184.8;16953344;0
133.0;23306240;0
301.0;60014592;0
133.0;93175808;0
282.6;118329344;0
232.7;137826304;0
199.5;166543360;0
258.0;190410752;0
216.1;202670080;264
184.8;202682368;578
266.0;202698752;590
114.7;202711040;0
166.2;202690560;0
117.6;202719232;0
182.8;202817536;0
114.7;203243520;0
100.3;203337728;0
99.4;203337728;0
182.8;203350016;0
116.4;203460608;0
168.0;203501568;0
99.7;203468800;0
200.7;203485184;0
151.2;203964416;0
71.0;203956224;0
182.8;203956224;0
133.0;203939840;0
100.8;203952128;0
182.8;203956224;0
133.0;203956224;0
151.2;203939840;0
170.5;204296192;0
157.7;204337152;0
184.7;204673024;0
168.0;204791808;0
149.6;204812288;0
116.4;204914688;0
218.4;205008896;0
142.0;204988416;0
172.0;205082624;0
99.4;205144064;0
200.7;205152256;0
86.0;205148160;0
198.9;205148160;0
100.8;205148160;0
182.8;205410304;0
166.2;205426688;0
184.7;205557760;0
157.7;205602816;0
157.7;205705216;0
149.6;205729792;0
151.2;205705216;0
182.8;205864960;0
129.0;205840384;0
184.7;205864960;0
117.6;205840384;0
216.1;206016512;0
66.5;205983744;0
201.6;206147584;0
83.1;206151680;0
198.9;206151680;0
99.7;206278656;0
199.5;206266368;0
151.2;214208512;0
266.0;249688064;0
282.6;277975040;0
200.7;305295360;0
282.6;323239936;0
215.0;347836416;0
255.7;368373760;0
272.4;390709248;0
258.0;395563008;0
198.9;208363520;0
85.2;209481728;0
172.0;209453056;0
99.7;209649664;0
182.8;209616896;0
134.4;209752064;0
166.2;209805312;0
166.2;209858560;0
99.7;209887232;0
157.7;209899520;0
157.7;209907712;0
184.7;209936384;0
114.7;210345984;0
182.8;210362368;0
99.7;210395136;0
133.0;210386944;0
116.4;210407424;0
201.6;210407424;0
99.7;210436096;0
186.4;210477056;0
143.3;210538496;0
156.2;210505728;0
133.0;210558976;0
166.2;210526208;0
151.2;210710528;0
66.5;210698240;0
199.5;210722816;0
117.6;210710528;0
199.5;210866176;0
100.3;211070976;0
182.8;211070976;0
149.6;211374080;0
117.6;211378176;0
99.7;211591168;0
199.5;211574784;0
100.8;211726336;0
127.8;211918848;0
114.7;211955712;0
142.0;211935232;0
157.7;211951616;0
114.7;211922944;0
166.2;212209664;0
117.6;212176896;0
201.6;212217856;0
66.5;212365312;0
198.9;212602880;0
133.0;212627456;0
133.0;212774912;0
168.0;212762624;0
232.7;222978048;0
266.0;255320064;0
218.4;286871552;0
249.3;310792192;0
282.6;329003008;0
216.1;357961728;0
249.3;380882944;0
258.0;400318464;0
198.9;253931520;0
199.5;217980928;0
67.2;218140672;0
199.5;218181632;0
83.1;218267648;0
129.0;218251264;0
127.8;218275840;0
186.4;218259456;0
114.7;218267648;0
156.2;218259456;0
186.4;218271744;0
129.0;218247168;0
170.5;218275840;0
114.7;218247168;0
198.9;218316800;0
114.7;218390528;0
186.4;218390528;0
127.8;218431488;0
186.4;218431488;0
157.7;218431488;0
156.2;218431488;0
172.0;218488832;0
170.5;218513408;0
129.0;218513408;0
157.7;218550272;0
99.4;218537984;0
157.7;218554368;0
157.7;218550272;0
199.5;218578944;0
66.5;218574848;0
166.2;218755072;0
99.7;218816512;0
201.6;219086848;0
99.7;219115520;0
166.2;219103232;0
168.0;219115520;0
166.2;219283456;0
166.2;219324416;0
133.0;219336704;0
83.1;219533312;0
186.4;219688960;0
86.0;219815936;0
198.9;219815936;0
100.3;219955200;0
172.0;219934720;0
127.8;219963392;0
172.0;219934720;0
133.0;219959296;0
199.5;220086272;0
151.2;220147712;0
166.2;231747584;0
299.2;246452224;0
268.8;275845120;0
249.3;297680896;0
282.6;317984768;0
186.4;338378752;0
241.5;361205760;0
215.0;390057984;0
252.0;404692992;0
232.7;221085696;0
99.4;220102656;0
200.7;220438528;0
157.7;220864512;0
182.8;220934144;0
116.4;221085696;0
149.6;221073408;0
166.2;221089792;0
201.6;221073408;0
149.6;221097984;0
149.6;221069312;0
117.6;221089792;0
83.1;221073408;0
166.2;221134848;0
149.6;221143040;0
199.5;221179904;0
57.3;221184000;0
200.7;221184000;0
85.2;221188096;0
199.5;221175808;0
100.8;221192192;0
116.4;221163520;0
133.0;221179904;0
116.4;221184000;0
156.2;221237248;0
100.3;221392896;0
186.4;221540352;0
99.4;221716480;0
149.6;221872128;0
129.0;221937664;0
186.4;221925376;0
113.6;222023680;0
143.3;222167040;0
71.0;222130176;0
216.1;222371840;0
151.2;222568448;0
83.1;222588928;0
199.5;222588928;0
84.0;222646272;0
184.8;222769152;0
116.4;222810112;0
149.6;222937088;0
172.0;223186944;0
113.6;223162368;0
172.0;223379456;0
100.3;223391744;0
199.5;223461376;0
113.6;226066432;0
199.5;235061248;0
134.4;236658688;0
301.0;269815808;0
213.1;301842432;0
243.7;327692288;0
266.0;343908352;0
166.2;372805632;0
302.4;393900032;0
266.0;408489984;0
269.9;257343488;0
116.4;226172928;0
201.6;226144256;0
133.0;226377728;0
