8.4;35.8;20.3;1.4;0.0;899.0
8.3;97.5;107.3;9.3;1.0;909.0
8.4;137.9;148.5;8.8;0.0;909.0
7.3;168.1;135.5;7.3;1.0;903.0
8.4;197.4;91.8;6.7;0.0;900.0
8.3;221.5;138.9;4.7;1.0;900.0
8.3;233.6;0.2;0.0;1.0;908.0
8.3;649.2;61.1;33.0;6.0;1074.0
8.4;948.6;0.6;0.0;98.0;7855.0
5.5;988.1;0.7;32.9;0.0;7855.0
0.0;988.1;45.2;0.1;1.0;7855.0
0.0;988.1;44.8;0.0;0.0;7855.0
0.0;988.1;44.8;0.0;0.0;7855.0
0.0;988.1;44.8;0.0;1.0;7855.0
0.0;988.1;44.8;0.0;0.0;7855.0
8.4;995.5;29.1;0.0;0.0;7909.0
8.3;1418.6;0.2;0.0;5.0;8023.0
7.0;1522.6;111.7;1.7;61.0;8023.0
9.7;1522.6;209.8;2.6;61.0;8023.0
9.6;1522.6;226.2;2.7;62.0;8023.0
7.1;1522.6;215.4;2.4;60.0;8023.0
12.5;1522.6;243.5;2.7;61.0;8023.0
11.1;1522.6;245.8;2.7;61.0;8023.0
8.3;1522.6;240.5;2.6;60.0;8018.0
9.4;1522.6;251.3;2.7;62.0;8018.0
8.3;1522.6;208.9;2.2;44.0;8018.0
8.3;1522.6;229.4;2.4;59.0;8027.0
7.2;1522.6;242.8;2.6;62.0;8027.0
10.4;1522.6;243.5;2.4;61.0;8022.0
7.2;1522.6;239.0;2.6;61.0;8022.0
5.5;1522.6;224.0;2.4;36.0;8022.0
13.1;1522.6;209.4;2.1;59.0;8022.0
9.8;1522.6;240.9;2.8;61.0;8022.0
11.1;1522.6;235.2;2.6;62.0;8022.0
9.6;1522.6;251.2;3.0;61.0;8022.0
8.3;1522.6;207.4;2.2;60.0;8022.0
9.6;1522.6;248.1;2.8;61.0;8022.0
9.7;1522.6;244.4;2.7;61.0;8022.0
6.0;1522.6;235.0;2.7;62.0;8023.0
8.4;1522.6;221.9;2.5;60.0;8023.0
7.3;1522.6;260.9;3.2;61.0;8023.0
9.7;1522.6;241.6;2.9;60.0;8023.0
4.2;1522.6;221.6;2.5;40.0;8023.0
9.5;1522.6;244.6;2.9;60.0;8023.0
8.4;1522.6;247.2;2.8;60.0;8023.0
8.3;1522.6;242.9;2.7;39.0;8018.0
18.2;1522.6;222.4;2.7;61.0;8018.0
11.9;1522.6;258.4;3.2;60.0;8018.0
0.0;1522.6;146.9;1.6;0.0;8027.0
9.8;1541.5;181.4;6.7;60.0;8027.0
6.9;1541.5;214.3;2.3;61.0;8022.0
8.4;1541.5;241.7;2.7;60.0;8022.0
10.8;1541.5;235.1;2.5;60.0;8026.0
9.6;1541.5;230.2;2.5;63.0;8026.0
6.9;1541.5;238.3;2.7;58.0;8026.0
4.2;1541.5;196.4;2.0;40.0;8022.0
8.3;1541.6;241.0;2.6;61.0;8022.0
10.7;1541.6;225.7;2.6;60.0;8022.0
8.3;1541.6;240.1;2.6;61.0;8022.0
8.3;1541.6;242.1;2.7;61.0;8022.0
3.6;1541.6;208.4;2.2;38.0;8022.0
8.4;1541.6;242.4;2.6;61.0;8022.0
9.7;1541.6;239.4;2.5;63.0;8022.0
11.2;1541.6;236.8;2.6;62.0;8022.0
9.5;1541.6;251.6;2.8;52.0;8025.0
9.6;1541.6;190.1;2.1;55.0;8025.0
9.6;1541.6;245.9;2.9;60.0;8025.0
11.1;1541.6;227.8;2.7;60.0;8021.0
9.8;1541.6;237.4;2.6;62.0;8021.0
8.3;1541.7;207.8;2.3;60.0;8021.0
8.4;1541.7;239.9;2.8;60.0;8030.0
11.1;1541.7;230.4;2.7;60.0;8030.0
7.2;1541.7;245.3;2.9;60.0;8021.0
11.9;1541.7;209.5;2.3;60.0;8024.0
8.3;1541.7;237.8;2.8;53.0;8024.0
6.9;1541.7;223.6;2.4;57.0;8024.0
9.7;1543.4;148.3;5.4;59.0;8024.0
7.1;1543.4;215.8;2.5;40.0;8024.0
8.4;1543.4;236.3;2.7;60.0;8030.0
8.3;1543.4;241.8;2.7;62.0;8030.0
8.4;1543.4;235.7;2.6;63.0;8011.0
8.3;1543.4;237.5;2.7;58.0;8022.0
8.4;1543.4;229.5;2.7;63.0;8023.0
4.8;1543.4;216.7;2.5;39.0;8023.0
9.7;1543.5;252.6;3.2;61.0;8023.0
7.0;1543.5;247.2;3.1;61.0;8007.0
9.5;1543.5;243.2;2.9;62.0;8011.0
8.4;1543.5;238.8;2.9;61.0;8011.0
9.7;1543.5;258.0;3.3;60.0;8011.0
8.3;1543.5;221.8;2.7;59.0;8011.0
8.4;1543.5;245.2;2.9;60.0;8002.0
8.3;1543.5;236.6;2.7;59.0;8004.0
7.2;1543.5;234.1;2.5;57.0;7998.0
8.3;1543.5;225.2;2.4;61.0;7998.0
7.1;1543.5;211.1;2.2;58.0;7982.0
7.2;1543.5;236.0;2.7;59.0;7982.0
8.3;1544.3;172.4;4.4;61.0;7982.0
11.2;1544.3;235.0;2.7;59.0;7982.0
7.2;1544.3;239.1;2.7;60.0;7982.0
8.4;1544.3;235.7;2.7;60.0;7982.0
8.4;1544.3;225.2;2.5;60.0;7982.0
8.3;1544.3;242.0;2.8;60.0;7982.0
9.6;1544.3;223.3;2.3;58.0;7982.0
9.5;1544.3;249.1;2.9;61.0;7982.0
11.1;1544.3;244.1;2.8;62.0;7982.0
8.3;1544.3;243.7;2.9;61.0;7982.0
9.5;1544.3;226.8;2.7;60.0;7982.0
13.1;1544.3;246.4;2.9;61.0;7982.0
11.8;1544.3;255.9;2.9;62.0;7982.0
8.3;1544.3;251.5;3.2;62.0;7982.0
5.5;1544.3;253.4;3.2;61.0;7982.0
8.3;1544.3;237.6;2.7;57.0;7982.0
7.1;1544.3;220.1;2.6;58.0;7982.0
11.1;1544.3;238.2;2.7;60.0;7982.0
5.6;1544.3;244.8;3.0;61.0;7982.0
9.6;1544.3;256.6;3.2;49.0;7982.0
6.2;1544.3;232.5;2.9;60.0;7982.0
8.4;1544.3;242.9;3.0;61.0;7982.0
9.7;1544.3;248.9;3.0;61.0;7982.0
6.0;1544.3;225.5;2.8;60.0;7982.0
7.1;1544.3;249.9;3.1;60.0;7982.0
6.9;1544.3;251.3;3.1;60.0;7982.0
8.3;1544.3;225.4;2.7;50.0;7982.0
7.1;1544.3;247.4;3.0;60.0;7982.0
10.8;1544.3;260.9;3.3;61.0;7982.0
11.1;1544.3;218.3;2.6;60.0;7982.0
13.8;1544.3;251.7;3.2;60.0;7982.0
10.8;1544.3;246.1;2.9;58.0;7982.0
9.4;1544.3;227.6;2.7;57.0;7982.0
7.2;1544.3;240.4;2.9;61.0;7982.0
8.3;1544.3;222.7;2.7;62.0;7982.0
7.0;1544.3;245.1;2.9;61.0;7982.0
9.6;1544.3;247.4;3.1;60.0;7982.0
7.2;1544.3;210.0;2.5;58.0;7994.0
9.8;1544.3;230.1;2.8;58.0;7982.0
6.9;1544.3;214.2;2.6;59.0;7982.0
7.0;1544.3;227.3;2.8;52.0;7973.0
3.6;1544.3;194.2;2.2;32.0;7973.0
6.0;1544.3;239.7;3.0;57.0;7973.0
5.5;1544.3;229.0;2.9;47.0;7973.0
8.3;1544.3;227.2;2.9;60.0;7973.0
8.4;1544.3;240.2;3.0;59.0;7973.0
9.5;1544.3;214.3;2.7;57.0;7973.0
8.3;1544.3;243.3;3.0;59.0;7973.0
8.3;1544.3;220.0;2.7;58.0;7974.0
7.1;1544.3;243.4;3.1;58.0;7974.0
8.4;1544.3;208.6;2.4;55.0;7974.0
9.5;1544.3;246.2;3.1;61.0;7974.0
9.6;1544.3;211.5;2.5;54.0;7974.0
12.5;1544.3;220.5;2.7;47.0;7974.0
7.2;1544.3;207.3;2.3;59.0;7974.0
2.4;1544.3;197.1;2.1;37.0;7974.0
8.3;1544.3;243.9;2.9;58.0;7974.0
8.4;1544.3;232.3;2.6;55.0;7974.0
8.3;1544.3;204.0;2.3;56.0;7974.0
7.2;1544.3;229.4;2.6;38.0;7974.0
11.1;1544.3;209.8;2.3;58.0;7974.0
5.5;1544.3;232.6;2.8;36.0;7974.0
4.8;1544.3;212.7;2.5;50.0;7974.0
8.3;1544.3;200.4;2.3;49.0;7974.0
9.6;1544.3;216.4;2.4;53.0;7974.0
6.9;1544.3;202.8;2.1;54.0;7974.0
6.9;1544.3;215.6;2.2;54.0;7974.0
8.4;1544.3;200.1;2.1;59.0;7974.0
9.5;1544.3;225.6;2.2;56.0;7974.0
4.2;1544.3;181.3;1.6;33.0;7983.0
8.3;1544.3;189.0;1.7;44.0;7983.0
8.4;1544.3;215.1;2.1;49.0;7983.0
8.4;1544.3;170.9;1.4;54.0;7983.0
8.3;1544.3;208.3;1.9;56.0;7983.0
2.8;1544.3;177.8;1.5;37.0;7983.0
9.5;1544.3;200.7;2.0;51.0;7983.0
4.2;1544.3;193.5;1.8;32.0;7983.0
11.1;1513.0;192.6;1.8;57.0;7983.0
4.2;1513.0;178.8;1.4;33.0;7978.0
0.0;1513.0;133.2;1.0;0.0;7981.0
0.0;1513.0;46.4;0.0;1.0;7981.0
8.4;1550.8;155.9;13.8;60.0;7981.0
8.3;1550.8;245.2;2.8;60.0;7981.0
8.3;1550.8;244.2;2.8;59.0;7981.0
8.3;1550.8;254.4;3.0;60.0;7981.0
7.1;1550.8;211.1;2.4;56.0;7981.0
8.4;1550.8;241.5;2.8;59.0;7981.0
8.3;1550.8;240.7;2.8;60.0;7981.0
10.8;1550.8;246.5;3.0;61.0;7981.0
9.6;1550.8;245.9;2.8;60.0;7978.0
16.6;1550.8;231.4;2.6;38.0;7978.0
7.0;1550.8;229.4;2.6;62.0;7978.0
8.4;1550.8;243.4;2.6;61.0;7981.0
8.4;1550.8;234.7;2.8;61.0;7981.0
8.3;1550.8;240.5;2.7;59.0;7981.0
9.7;1550.8;241.2;2.7;38.0;7981.0
9.7;1550.8;226.0;2.8;59.0;7981.0
9.5;1550.8;248.3;2.9;60.0;7981.0
7.2;1550.8;249.4;2.9;60.0;7981.0
12.5;1550.8;250.8;3.2;60.0;7981.0
8.4;1550.8;218.6;2.5;59.0;7981.0
8.4;1550.8;234.8;2.6;60.0;7981.0
4.7;1550.8;227.7;2.6;27.0;7981.0
9.8;1551.7;167.3;4.6;58.0;7981.0
9.7;1551.7;243.0;2.7;61.0;7981.0
5.6;1551.7;221.9;2.5;55.0;7981.0
9.6;1551.7;246.3;2.7;62.0;7981.0
6.0;1551.7;239.4;2.6;58.0;7981.0
10.8;1551.7;249.3;2.8;62.0;7981.0
8.3;1551.7;228.0;2.4;58.0;7981.0
7.2;1551.7;210.4;2.3;44.0;7985.0
8.3;1551.7;242.9;2.6;61.0;7985.0
6.0;1551.7;250.2;2.8;61.0;7985.0
8.3;1551.7;232.4;2.6;60.0;7985.0
8.3;1551.7;236.0;2.6;62.0;7985.0
9.6;1551.7;233.5;2.5;46.0;7985.0
9.5;1551.7;204.6;2.1;60.0;7983.0
6.9;1551.7;232.7;2.5;61.0;7983.0
11.1;1551.7;238.4;2.6;59.0;7983.0
8.3;1551.7;235.6;2.5;62.0;7978.0
5.2;1551.7;230.7;2.5;62.0;7978.0
1.4;1551.8;208.2;2.4;28.0;7978.0
8.4;1552.4;210.0;4.7;60.0;7978.0
8.4;1552.4;242.2;2.7;61.0;7987.0
10.8;1552.4;243.6;2.7;62.0;7982.0
9.8;1552.4;238.0;2.6;61.0;7982.0
6.9;1552.4;218.6;2.3;61.0;7987.0
8.4;1552.4;236.6;2.6;63.0;7982.0
8.4;1552.4;233.9;2.5;60.0;7988.0
11.9;1552.4;231.7;2.6;62.0;7982.0
11.1;1552.4;237.6;2.6;62.0;7988.0
8.3;1552.4;204.7;2.2;56.0;7988.0
8.4;1552.4;236.5;2.5;57.0;7981.0
10.7;1552.4;232.6;2.5;61.0;7981.0
11.1;1552.4;236.0;2.6;57.0;7981.0
8.3;1552.4;230.0;2.5;63.0;7981.0
10.8;1552.5;244.7;3.0;61.0;7981.0
10.8;1552.5;240.5;2.8;60.0;7981.0
5.5;1552.5;249.3;3.0;58.0;7981.0
8.4;1552.5;254.1;3.2;46.0;7980.0
7.2;1552.5;224.6;2.6;61.0;7980.0
8.4;1552.5;256.4;3.3;60.0;7980.0
5.6;1552.5;225.6;2.8;60.0;7980.0
11.1;1553.3;184.0;4.6;60.0;7980.0
8.3;1553.3;250.0;2.9;37.0;7980.0
9.5;1553.3;205.9;2.3;61.0;7980.0
8.3;1553.3;243.1;2.9;61.0;7980.0
7.2;1553.3;242.7;2.7;59.0;7980.0
6.2;1553.3;246.1;2.7;58.0;7956.0
8.4;1553.3;230.1;2.5;61.0;7956.0
8.3;1553.3;217.5;2.4;61.0;7956.0
9.5;1553.3;242.4;2.7;61.0;7956.0
7.2;1553.3;240.5;2.6;61.0;7956.0
7.3;1553.3;245.2;2.8;60.0;7980.0
9.8;1553.3;233.0;2.5;60.0;7984.0
11.1;1553.3;211.3;2.4;61.0;7984.0
7.3;1553.3;246.0;2.7;61.0;7984.0
9.6;1553.3;240.7;2.9;60.0;7984.0
5.5;1553.3;250.7;3.0;60.0;7984.0
9.8;1553.3;249.1;2.9;48.0;7984.0
8.3;1553.3;216.4;2.6;62.0;7990.0
8.4;1553.3;233.2;2.5;39.0;7990.0
8.3;1554.0;166.4;4.1;60.0;7990.0
8.3;1554.0;247.1;2.8;61.0;7990.0
8.3;1554.0;247.4;2.9;58.0;7990.0
8.3;1554.0;226.0;2.5;51.0;7990.0
9.6;1554.0;219.1;2.4;61.0;7991.0
9.7;1554.0;243.7;2.7;60.0;7991.0
6.9;1554.0;241.8;2.7;62.0;7991.0
7.2;1554.0;239.9;2.6;58.0;7991.0
7.1;1554.0;242.9;2.8;64.0;7991.0
7.0;1554.0;233.4;2.6;39.0;7991.0
9.5;1554.0;237.2;2.6;60.0;7991.0
9.6;1554.0;235.8;2.7;60.0;7991.0
8.4;1554.0;250.8;2.9;61.0;7991.0
8.3;1554.0;243.3;2.7;63.0;7991.0
9.8;1554.0;244.9;2.6;40.0;7991.0
10.7;1554.0;213.9;2.3;60.0;7991.0
8.4;1554.0;228.7;2.4;59.0;7991.0
8.3;1554.0;236.0;2.5;60.0;7991.0
8.3;1554.0;237.3;2.6;61.0;7991.0
8.3;1554.0;218.7;2.3;61.0;7991.0
7.1;1554.0;235.5;2.6;59.0;7991.0
9.6;1554.0;241.5;2.7;63.0;7991.0
9.7;1554.1;241.6;2.7;60.0;7991.0
8.3;1554.1;211.4;2.3;59.0;7991.0
9.6;1554.1;238.1;2.6;60.0;7991.0
8.3;1554.1;241.5;2.7;61.0;7991.0
5.2;1554.1;238.2;2.7;36.0;7991.0
6.9;1554.1;204.7;1.9;59.0;7991.0
8.4;1554.1;240.1;2.6;60.0;7991.0
6.0;1554.1;229.2;2.5;58.0;7991.0
8.3;1555.2;131.0;5.7;61.0;7991.0
9.8;1555.2;204.0;2.3;61.0;7991.0
8.3;1555.2;237.0;2.7;59.0;7991.0
10.8;1555.2;249.6;3.0;59.0;7991.0
10.4;1555.2;257.6;2.9;62.0;7991.0
8.4;1555.2;227.9;2.5;59.0;7991.0
6.9;1555.2;220.0;2.4;62.0;7991.0
6.9;1555.2;238.8;2.7;59.0;7991.0
7.1;1555.2;256.2;3.0;61.0;7991.0
10.7;1555.2;239.2;2.8;62.0;7991.0
6.9;1555.2;248.9;3.0;60.0;7991.0
9.7;1555.2;243.5;2.8;58.0;7991.0
