8.3;35.8;20.3;1.4;0.0;824.0
8.4;98.2;110.7;9.6;0.0;824.0
6.9;139.1;155.5;9.0;0.0;824.0
8.4;168.7;125.7;6.8;0.0;824.0
7.2;198.0;102.2;7.0;0.0;824.0
8.3;222.9;128.1;4.4;0.0;824.0
8.4;234.9;0.1;0.0;0.0;928.0
8.4;714.0;61.4;33.0;3.0;2086.0
8.4;948.8;0.2;0.0;99.0;7779.0
0.0;988.0;13.8;32.9;0.0;7779.0
0.0;988.0;44.9;0.1;0.0;7779.0
0.0;988.0;44.8;0.0;0.0;7779.0
0.0;988.0;44.8;0.0;0.0;7779.0
0.0;988.0;44.8;0.0;0.0;7779.0
0.0;988.0;44.8;0.0;0.0;7779.0
8.4;1086.6;16.4;0.0;3.0;7871.0
8.4;1485.3;0.1;0.0;7.0;7946.0
7.1;1522.7;149.9;2.2;58.0;7946.0
12.6;1522.7;218.9;2.7;60.0;7946.0
8.3;1522.7;231.8;2.8;59.0;7946.0
7.0;1522.7;204.6;2.1;57.0;7946.0
6.0;1522.7;241.8;2.7;62.0;7946.0
8.4;1522.7;233.1;2.7;61.0;7946.0
10.8;1522.7;242.4;2.7;58.0;7946.0
8.3;1522.7;234.3;2.7;61.0;7946.0
8.4;1522.7;244.7;2.7;59.0;7946.0
7.1;1522.7;222.8;2.4;62.0;7946.0
10.8;1522.7;242.1;2.8;55.0;7946.0
6.9;1522.7;233.3;2.8;58.0;7946.0
10.7;1522.7;249.2;2.9;61.0;7946.0
9.6;1522.7;251.5;3.0;60.0;7946.0
10.7;1522.7;220.3;2.5;61.0;7946.0
6.9;1522.7;239.4;2.6;62.0;7946.0
4.2;1522.7;244.4;2.9;61.0;7946.0
9.5;1522.7;244.3;2.8;38.0;7946.0
7.3;1534.0;140.2;3.6;59.0;7946.0
8.3;1534.0;215.9;2.5;61.0;7946.0
9.8;1534.0;241.3;2.8;61.0;7946.0
7.2;1534.0;241.8;2.7;60.0;7946.0
8.4;1534.0;243.8;2.7;61.0;7946.0
9.6;1534.0;247.0;2.8;62.0;7946.0
6.9;1534.0;245.8;2.9;62.0;7946.0
9.8;1534.0;231.4;2.7;61.0;7946.0
11.8;1534.0;244.1;2.8;59.0;7946.0
8.4;1534.0;240.0;2.6;60.0;7946.0
8.3;1534.0;239.9;2.7;57.0;7946.0
9.7;1534.0;245.1;2.8;62.0;7946.0
10.7;1534.0;228.2;2.6;37.0;7946.0
9.5;1534.0;238.3;2.7;61.0;7946.0
8.4;1534.0;241.6;2.7;59.0;7946.0
8.3;1534.0;248.3;2.9;62.0;7946.0
6.0;1534.0;227.3;2.5;56.0;7946.0
8.4;1534.0;233.5;2.6;59.0;7946.0
7.1;1534.0;237.8;2.4;59.0;7946.0
11.2;1534.0;236.8;2.5;61.0;7946.0
11.8;1534.0;246.3;2.8;59.0;7946.0
8.4;1534.0;206.5;2.3;61.0;7946.0
9.6;1534.0;244.8;2.8;59.0;7946.0
9.6;1534.0;230.3;2.3;62.0;7946.0
6.0;1534.0;248.5;2.8;60.0;7946.0
7.1;1534.0;203.8;2.2;59.0;7946.0
9.6;1534.0;221.9;2.2;62.0;7946.0
7.1;1534.0;224.7;2.3;55.0;7946.0
6.9;1534.0;220.9;2.2;37.0;7946.0
6.9;1534.0;211.3;2.3;60.0;7946.0
7.1;1534.0;241.2;2.8;60.0;7946.0
9.6;1534.0;246.5;2.8;58.0;7946.0
7.1;1534.0;212.4;2.4;36.0;7946.0
6.9;1503.0;226.3;2.6;57.0;7946.0
9.6;1503.3;234.7;2.8;61.0;7946.0
10.7;1503.3;216.0;2.5;58.0;7946.0
9.6;1503.3;237.9;2.6;60.0;7946.0
4.2;1503.3;208.9;2.3;36.0;7946.0
8.4;1503.3;238.6;2.7;57.0;7946.0
8.4;1503.3;235.9;2.7;57.0;7946.0
9.6;1503.3;210.5;2.3;57.0;7946.0
9.8;1503.3;226.4;2.5;56.0;7946.0
6.9;1503.3;228.5;2.3;54.0;7946.0
8.4;1503.3;203.7;2.2;60.0;7946.0
9.4;1503.3;255.7;3.1;59.0;7946.0
4.8;1503.3;208.4;2.4;50.0;7946.0
8.3;1503.3;240.4;2.8;58.0;7946.0
5.5;1503.3;227.1;2.7;40.0;7946.0
5.9;1503.3;239.3;2.9;58.0;7946.0
8.3;1503.3;235.6;2.8;57.0;7946.0
8.3;1503.3;215.1;2.5;57.0;7946.0
8.3;1503.3;231.6;2.6;55.0;7946.0
8.3;1503.3;211.8;2.4;61.0;7946.0
9.6;1503.3;228.9;2.5;55.0;7946.0
7.1;1503.3;215.6;2.3;52.0;7946.0
8.4;1503.3;223.7;2.4;57.0;7946.0
9.7;1503.3;221.5;2.2;51.0;7946.0
8.4;1503.3;203.4;2.1;57.0;7946.0
6.0;1503.3;237.6;2.9;52.0;7946.0
6.9;1503.3;209.3;2.4;58.0;7946.0
8.4;1503.4;253.8;3.1;55.0;7946.0
8.3;1503.4;183.9;2.0;46.0;7946.0
8.4;1503.4;233.9;2.6;60.0;7946.0
9.5;1503.4;212.6;2.4;57.0;7946.0
8.4;1503.4;241.1;2.8;55.0;7946.0
6.9;1503.4;203.0;2.3;57.0;7946.0
4.7;1503.4;211.9;2.7;35.0;7946.0
7.2;1503.4;245.7;3.2;57.0;7946.0
8.3;1503.4;213.3;2.5;42.0;7946.0
6.9;1503.4;220.2;2.5;55.0;7946.0
7.2;1503.4;207.4;2.2;54.0;7946.0
9.5;1503.4;215.2;2.0;57.0;7946.0
4.8;1503.4;202.2;1.8;31.0;7946.0
8.3;1503.4;198.3;1.8;50.0;7946.0
5.6;1503.4;198.9;1.9;33.0;7946.0
10.8;1503.5;199.8;1.8;52.0;7946.0
7.2;1503.5;205.6;1.9;52.0;7946.0
12.6;1503.5;201.0;1.9;61.0;7946.0
6.9;1503.5;207.1;1.9;52.0;7946.0
8.4;1503.5;177.9;1.5;46.0;7946.0
7.3;1503.5;225.7;2.0;60.0;7946.0
4.8;1503.5;172.1;1.5;30.0;7946.0
6.9;1503.5;209.4;2.0;50.0;7946.0
5.5;1503.5;180.6;1.6;30.0;7946.0
7.2;1503.5;218.3;2.0;52.0;7946.0
7.1;1503.5;203.1;1.8;51.0;7946.0
6.9;1503.5;187.5;1.7;55.0;7946.0
6.9;1503.5;192.7;1.7;52.0;7946.0
9.5;1503.5;189.8;1.6;47.0;7946.0
13.1;1503.5;204.9;1.7;50.0;7946.0
4.2;1503.5;174.1;1.4;35.0;7946.0
9.8;1503.5;193.1;1.6;44.0;7946.0
15.2;1503.5;177.6;1.4;53.0;7946.0
4.8;1503.5;166.9;1.2;44.0;7946.0
9.6;1503.5;191.5;1.4;54.0;7946.0
5.5;1503.5;176.4;1.2;47.0;7946.0
8.4;1503.5;157.2;1.1;46.0;7946.0
7.1;1503.5;175.6;1.4;43.0;7946.0
6.0;1503.5;150.0;1.1;35.0;7946.0
8.3;1503.5;168.8;1.2;52.0;7946.0
4.2;1503.5;153.3;1.1;17.0;7946.0
6.0;1503.5;153.5;1.1;45.0;7946.0
9.5;1503.5;162.0;1.1;41.0;7946.0
6.0;1503.4;150.8;1.0;30.0;7946.0
0.0;1503.4;153.6;1.0;31.0;7946.0
6.9;1503.4;154.5;1.0;51.0;7946.0
0.0;1503.4;44.8;0.0;0.0;7946.0
8.3;1549.7;37.4;13.6;0.0;7946.0
6.0;1549.9;221.2;2.4;40.0;7946.0
6.9;1549.9;231.1;2.7;61.0;7946.0
8.4;1549.9;244.0;2.8;60.0;7946.0
9.6;1550.0;244.5;2.9;60.0;7946.0
10.8;1550.0;243.8;2.7;62.0;7946.0
7.0;1550.0;248.5;3.0;61.0;7946.0
8.3;1550.0;211.8;2.3;61.0;7946.0
8.4;1550.1;247.9;2.9;59.0;7946.0
8.3;1550.1;240.8;2.9;60.0;7946.0
15.2;1550.1;250.7;3.1;60.0;7946.0
9.7;1550.1;245.7;2.9;61.0;7946.0
8.3;1550.1;242.1;2.7;59.0;7946.0
8.4;1550.1;210.6;2.2;60.0;7946.0
7.1;1550.1;249.6;2.9;60.0;7946.0
9.7;1550.7;177.4;3.6;55.0;7946.0
11.1;1550.7;244.5;2.8;59.0;7946.0
9.5;1550.7;243.7;2.9;57.0;7946.0
8.4;1550.7;211.8;2.3;38.0;7946.0
8.3;1550.7;241.6;2.7;61.0;7946.0
7.0;1550.7;241.3;2.6;61.0;7946.0
10.7;1550.7;248.1;2.6;60.0;7946.0
8.4;1550.7;230.6;2.6;58.0;7946.0
8.4;1550.7;245.0;2.8;59.0;7946.0
9.7;1550.7;220.6;2.4;62.0;7946.0
7.2;1550.7;247.1;2.7;57.0;7946.0
7.1;1550.7;229.9;2.5;60.0;7946.0
13.1;1550.7;239.3;2.7;59.0;7946.0
8.3;1550.7;246.9;2.8;61.0;7946.0
8.4;1550.7;223.6;2.4;61.0;7946.0
8.3;1550.7;240.2;2.8;61.0;7946.0
8.3;1550.7;244.4;2.7;60.0;7946.0
9.6;1550.7;242.8;2.6;61.0;7946.0
8.3;1550.7;221.3;2.4;60.0;7946.0
8.3;1550.7;231.9;2.7;57.0;7946.0
8.4;1550.7;241.1;2.8;58.0;7946.0
2.4;1550.7;220.8;2.4;40.0;7946.0
8.4;1550.7;249.2;2.9;58.0;7948.0
0.0;1550.7;172.8;1.9;0.0;7948.0
7.2;1551.4;211.1;5.2;59.0;7948.0
9.6;1551.4;242.7;2.8;61.0;7948.0
7.2;1551.4;248.0;2.9;62.0;7948.0
8.4;1551.4;219.8;2.5;39.0;7948.0
8.3;1551.4;247.6;2.8;60.0;7948.0
9.6;1551.4;237.7;2.6;61.0;7947.0
8.3;1551.4;252.1;2.8;60.0;7947.0
8.3;1551.4;233.7;2.6;61.0;7947.0
5.5;1551.4;218.6;2.4;39.0;7947.0
9.5;1551.4;240.9;2.7;63.0;7947.0
7.2;1551.4;240.0;2.6;62.0;7947.0
9.7;1551.4;242.3;2.7;58.0;7947.0
8.3;1551.4;235.4;2.6;60.0;7947.0
7.2;1551.4;216.4;2.4;60.0;7947.0
10.4;1551.4;249.2;2.7;57.0;7947.0
9.6;1551.4;238.7;2.7;60.0;7947.0
9.7;1551.4;245.6;2.8;62.0;7947.0
8.4;1551.4;211.1;2.2;59.0;7947.0
10.8;1551.4;236.5;2.5;60.0;7947.0
9.6;1551.4;232.8;2.4;61.0;7947.0
8.4;1551.4;251.9;2.9;61.0;7947.0
2.8;1552.2;136.3;4.0;14.0;7947.0
8.4;1552.2;236.8;2.7;61.0;7947.0
10.7;1552.2;248.4;3.0;61.0;7947.0
8.4;1552.2;245.7;2.8;61.0;7947.0
9.7;1552.2;243.0;2.7;60.0;7947.0
11.1;1552.2;245.8;2.8;59.0;7947.0
10.8;1552.2;210.5;2.1;42.0;7947.0
8.3;1552.2;241.5;2.6;60.0;7947.0
8.3;1552.2;245.3;2.7;61.0;7947.0
13.8;1552.2;236.7;2.6;61.0;7947.0
8.3;1552.2;238.6;2.6;59.0;7947.0
8.4;1552.2;212.5;2.3;40.0;7947.0
10.7;1552.2;243.4;2.6;62.0;7947.0
10.8;1552.2;248.9;2.6;62.0;7947.0
6.9;1552.2;233.7;2.5;62.0;7947.0
8.4;1552.2;239.8;2.6;60.0;7947.0
8.4;1552.2;214.8;2.2;60.0;7947.0
17.9;1552.2;244.9;2.5;59.0;7947.0
7.0;1552.2;224.8;2.4;59.0;7947.0
10.7;1552.2;226.8;2.2;60.0;7947.0
11.9;1552.2;213.5;2.3;61.0;7947.0
12.5;1552.2;247.2;2.7;60.0;7947.0
8.3;1552.2;231.8;2.4;63.0;7947.0
8.3;1552.2;236.9;2.5;59.0;7947.0
8.3;1552.2;209.1;2.2;59.0;7947.0
10.8;1552.2;248.3;2.8;60.0;7947.0
11.1;1552.2;236.9;2.6;61.0;7947.0
6.9;1552.2;232.4;2.5;37.0;7947.0
9.6;1552.2;222.5;2.6;59.0;7947.0
10.7;1552.2;244.6;2.8;56.0;7947.0
6.0;1553.4;113.5;5.4;44.0;7947.0
2.8;1553.4;213.0;2.4;45.0;7947.0
9.8;1553.4;228.5;2.5;57.0;7947.0
8.4;1553.4;243.0;2.7;60.0;7947.0
10.8;1553.4;241.8;2.7;59.0;7947.0
8.4;1553.4;242.9;2.6;61.0;7947.0
8.3;1553.4;243.1;2.7;59.0;7947.0
8.4;1553.4;228.4;2.6;62.0;7947.0
9.5;1553.4;235.5;2.6;60.0;7947.0
8.3;1553.4;246.5;2.8;60.0;7947.0
8.3;1553.4;244.5;2.7;59.0;7947.0
9.7;1553.4;233.0;2.6;53.0;7947.0
8.4;1553.4;224.8;2.5;61.0;7947.0
8.3;1553.4;247.3;2.8;61.0;7947.0
9.7;1553.4;248.2;2.8;61.0;7947.0
9.5;1553.4;248.9;2.8;58.0;7947.0
5.9;1553.4;213.2;2.4;41.0;7947.0
10.8;1553.4;239.6;2.7;59.0;7947.0
9.7;1553.4;248.1;2.9;61.0;7947.0
8.4;1553.4;257.6;3.0;61.0;7947.0
8.4;1553.4;209.9;2.4;38.0;7947.0
8.4;1553.4;241.7;2.9;59.0;7947.0
11.9;1553.4;247.9;2.9;60.0;7947.0
9.6;1553.4;249.1;2.9;59.0;7947.0
8.4;1553.4;212.8;2.5;60.0;7947.0
14.2;1553.4;250.6;3.0;60.0;7947.0
8.4;1553.4;250.9;3.0;55.0;7947.0
8.3;1554.5;134.4;5.2;59.0;7947.0
12.5;1554.5;217.2;2.5;60.0;7947.0
7.2;1554.5;247.9;3.0;60.0;7947.0
10.7;1554.5;245.4;2.9;60.0;7947.0
8.3;1554.5;243.6;2.8;59.0;7947.0
15.2;1554.5;240.7;2.8;60.0;7947.0
9.7;1554.5;251.2;3.0;62.0;7947.0
8.4;1554.5;218.3;2.5;60.0;7947.0
7.1;1554.5;245.9;2.9;62.0;7947.0
8.4;1554.5;247.0;2.8;60.0;7947.0
8.3;1554.5;247.7;2.8;60.0;7947.0
9.6;1554.5;242.5;2.7;53.0;7947.0
6.2;1554.5;234.9;2.7;61.0;7947.0
7.2;1554.5;240.2;2.8;60.0;7947.0
7.0;1554.5;246.2;2.8;59.0;7947.0
4.2;1554.5;224.3;2.7;58.0;7947.0
8.4;1554.5;247.7;3.0;61.0;7947.0
8.3;1554.5;249.7;2.9;61.0;7947.0
8.3;1554.5;242.2;2.7;60.0;7947.0
5.5;1554.5;228.9;2.4;38.0;7947.0
7.2;1554.5;225.9;2.4;61.0;7947.0
8.4;1554.5;234.6;2.7;61.0;7947.0
11.8;1554.5;248.7;2.9;61.0;7947.0
4.8;1554.5;227.2;2.5;38.0;7947.0
8.3;1554.5;239.8;2.9;60.0;7947.0
8.3;1554.5;251.7;3.1;60.0;7947.0
13.1;1554.5;250.7;2.9;58.0;7947.0
8.3;1554.5;220.9;2.6;60.0;7947.0
0.0;1554.5;210.8;2.4;19.0;7947.0
9.6;1555.5;160.9;6.1;61.0;7947.0
10.4;1555.5;258.2;3.0;61.0;7947.0
4.8;1555.5;212.4;2.4;42.0;7947.0
8.3;1555.5;245.6;2.6;61.0;7947.0
7.0;1555.5;245.3;2.7;59.0;7947.0
11.8;1555.5;234.1;2.6;56.0;7948.0
7.2;1555.5;237.7;2.8;60.0;7948.0
10.7;1555.5;256.0;2.9;61.0;7947.0
8.3;1555.5;207.4;2.3;40.0;7951.0
7.2;1555.5;232.0;2.5;59.0;7951.0
8.3;1555.5;236.9;2.5;59.0;7951.0
12.5;1556.1;194.7;3.3;61.0;7951.0
