0.0;10510336;0
0.0;10510336;0
0.0;10510336;0
0.0;10510336;0
99.7;26660864;0
100.8;26730496;0
99.4;26726400;0
100.3;26767360;0
99.7;26791936;0
218.4;43204608;0
198.9;43319296;0
201.6;43409408;0
199.5;43360256;0
200.7;43454464;0
232.7;59490304;0
201.6;59523072;0
199.5;59527168;0
200.7;59527168;0
199.5;59531264;0
249.3;91172864;0
156.2;75685888;0
186.4;75702272;0
149.6;75714560;0
182.8;75730944;0
258.0;91914240;0
199.5;91922432;0
199.5;91963392;0
199.5;91963392;0
200.7;91963392;0
266.0;124063744;0
201.6;124063744;0
198.9;124063744;0
200.7;124063744;0
199.5;124067840;0
201.6;124067840;0
198.9;124067840;0
200.7;124166144;0
199.5;124157952;0
199.5;124223488;0
198.9;124223488;0
157.7;124207104;0
266.0;140394496;0
249.3;156307456;0
200.7;156336128;0
198.9;156323840;0
199.5;156323840;0
199.5;156397568;0
200.7;156454912;0
198.9;156528640;0
201.6;156622848;0
199.5;156643328;0
200.7;156643328;0
198.9;156643328;0
201.6;156643328;0
199.5;156643328;0
199.5;156643328;0
200.7;156643328;0
199.5;156643328;0
199.5;156643328;0
200.7;156643328;0
157.7;156487680;230
216.1;163213312;0
358.4;194183168;0
329.7;241213440;0
284.1;261128192;0
243.7;272609280;0
298.3;291008512;0
302.4;311734272;0
299.2;324333568;0
299.2;343543808;0
285.6;360153088;0
269.9;376385536;0
301.0;394465280;0
298.3;409190400;0
302.4;426586112;0
249.3;440553472;0
299.2;458424320;0
302.4;475975680;0
299.2;493629440;0
301.0;511373312;0
213.1;523812864;0
272.4;540008448;0
301.0;555110400;0
315.8;583524352;0
285.6;573448192;724
315.8;590749696;622
299.2;590749696;704
299.2;590749696;765
200.7;590721024;0
200.7;590721024;0
198.9;590721024;0
184.8;590721024;0
199.5;590725120;0
199.5;590725120;0
199.5;590725120;0
200.7;590729216;0
199.5;590729216;0
199.5;590729216;0
201.6;590729216;0
199.5;590729216;0
200.7;590729216;0
127.8;590712832;0
243.7;592965632;0
249.3;622780416;0
199.5;622780416;0
201.6;622780416;0
199.5;622780416;0
199.5;622780416;0
199.5;622780416;0
199.5;622780416;0
200.7;622780416;0
198.9;622780416;0
200.7;622780416;0
199.5;622780416;0
199.5;622780416;0
199.5;622780416;0
199.5;622780416;0
184.8;622780416;0
198.9;622780416;0
200.7;622780416;0
200.7;622780416;0
227.3;612048896;0
216.1;638836736;0
199.5;633143296;0
216.1;654872576;0
200.7;654872576;0
198.9;654872576;0
200.7;654872576;0
200.7;654872576;0
184.7;654872576;0
200.7;654872576;0
198.9;654872576;0
200.7;654872576;0
200.7;654872576;0
198.9;654872576;0
200.7;654872576;0
157.7;654856192;0
184.7;659984384;0
200.7;661553152;0
156.2;661536768;0
286.7;681181184;0
344.0;740261888;0
301.0;766922752;0
298.3;791552000;0
301.0;809127936;0
302.4;835371008;0
301.0;858583040;0
298.3;880594944;0
299.2;900575232;0
298.3;919740416;0
286.7;942903296;0
302.4;966242304;0
298.3;988995584;0
229.4;1011097600;0
349.1;1047941120;0
285.6;1067839488;0
299.2;1079873536;0
299.2;1079873536;0
299.2;1079873536;0
184.7;736088064;0
200.7;708366336;0
129.0;708354048;0
269.9;725524480;0
200.7;725524480;0
200.7;725524480;0
198.9;725524480;0
200.7;725524480;0
200.7;725524480;0
200.7;725524480;0
198.9;725524480;0
200.7;725524480;0
198.9;725524480;0
200.7;715571200;0
229.4;741617664;0
198.9;741617664;0
200.7;741617664;0
200.7;741617664;0
198.9;741617664;0
200.7;741617664;0
198.9;757800960;0
199.5;757800960;0
201.6;757800960;0
199.5;757800960;0
199.5;757800960;0
201.6;757800960;0
199.5;757800960;0
199.5;757800960;0
199.5;757800960;0
199.5;757800960;0
201.6;757800960;0
199.5;757800960;0
266.0;773906432;0
201.6;773898240;0
266.0;790278144;0
199.5;790294528;0
199.5;790302720;0
199.5;790319104;0
201.6;790319104;0
199.5;790319104;0
199.5;790319104;0
201.6;790323200;0
199.5;790323200;0
199.5;790347776;0
199.5;790347776;0
199.5;790347776;0
200.7;790347776;0
200.7;790347776;0
170.5;775999488;0
199.5;797073408;0
200.7;792805376;0
301.0;852877312;0
302.4;873914368;0
299.2;892755968;0
298.3;910667776;0
301.0;931790848;0
298.3;944893952;0
299.2;963764224;0
302.4;982552576;0
299.2;1001119744;0
299.2;1020317696;0
302.4;1036378112;0
301.0;1055424512;0
298.3;1073201152;0
301.0;1091829760;0
301.0;1109041152;0
284.1;1125797888;0
299.2;1143496704;0
302.4;1160802304;0
299.2;1177260032;0
282.6;1192058880;0
387.0;1208606720;0
403.2;1224638464;0
299.2;1224638464;0
182.8;896516096;0
172.0;858456064;0
199.5;858460160;0
198.9;858460160;0
200.7;858460160;0
186.4;858460160;0
199.5;858460160;0
199.5;858460160;0
200.7;858460160;0
172.0;858460160;0
198.9;858460160;0
199.5;858501120;0
216.1;856326144;0
187.5;875769856;0
184.7;875769856;0
172.0;875757568;0
243.7;891879424;0
199.5;891908096;0
199.5;891908096;0
201.6;891908096;0
200.7;891908096;0
198.9;891908096;0
200.7;891908096;0
199.5;891908096;0
199.5;891908096;0
184.8;891908096;0
200.7;891908096;0
198.9;891908096;0
199.5;891908096;0
151.2;891891712;0
133.0;891731968;0
269.9;924127232;0
200.7;924127232;0
199.5;924127232;0
199.5;924127232;0
200.7;924127232;0
200.7;924127232;0
198.9;924127232;0
200.7;924127232;0
201.6;924155904;0
199.5;924155904;0
199.5;924155904;0
200.7;924155904;0
156.2;924143616;0
255.7;930959360;0
199.5;930959360;0
201.6;930959360;0
200.7;930959360;0
142.0;930947072;0
100.3;930947072;0
100.8;930947072;0
99.7;930947072;0
99.7;930947072;0
99.7;930947072;0
99.4;930947072;0
100.3;930947072;0
272.4;949415936;0
401.4;1000411136;0
301.0;1047601152;0
302.4;1070149632;0
299.2;1090842624;0
298.3;1116831744;0
301.0;1138941952;0
302.4;1161486336;0
301.0;1179127808;0
299.2;1202970624;0
299.2;1227870208;0
