0.0;10510336;0
0.0;10510336;0
0.0;10510336;0
0.0;10510336;0
0.0;11747328;0
99.4;26677248;0
100.8;26718208;0
99.7;26742784;0
100.3;26775552;0
113.6;28033024;0
218.4;43094016;0
199.5;43261952;0
200.7;43323392;0
199.5;43343872;0
199.5;43454464;0
282.6;59506688;0
199.5;59539456;0
200.7;59559936;0
198.9;59572224;0
201.6;59645952;0
232.7;91828224;0
166.2;75821056;0
166.2;75804672;0
157.7;75816960;0
199.5;75841536;0
282.6;91992064;0
201.6;91848704;0
199.5;91873280;0
200.7;91893760;0
199.5;91992064;0
268.8;124203008;0
199.5;124203008;0
200.7;124203008;0
199.5;124203008;0
199.5;124203008;0
199.5;124203008;0
199.5;124203008;0
200.7;124203008;0
199.5;124203008;0
201.6;124203008;0
199.5;124231680;0
286.7;140410880;0
199.5;140410880;0
134.4;154673152;0
255.7;156504064;0
200.7;156504064;0
199.5;156504064;0
199.5;156504064;0
198.9;156504064;0
200.7;156512256;0
199.5;156545024;0
199.5;156545024;0
200.7;156602368;0
198.9;156614656;0
199.5;156614656;0
199.5;156639232;0
200.7;156639232;0
184.7;156651520;0
218.4;156577792;230
249.3;163422208;0
133.0;163106816;0
284.1;181997568;0
365.7;242106368;0
302.4;267341824;0
298.3;290553856;0
301.0;311713792;0
299.2;331415552;0
284.1;340422656;0
301.0;389406720;0
298.3;413130752;0
302.4;428544000;0
282.6;449851392;0
299.2;474996736;0
302.4;499159040;0
266.0;522887168;0
344.0;558104576;0
282.6;572268544;0
299.2;589774848;0
302.4;589553664;241
298.3;589553664;622
301.0;589553664;629
301.0;589553664;612
299.2;589553664;711
199.5;589516800;0
199.5;589643776;0
200.7;589643776;0
184.7;589643776;0
200.7;589643776;0
199.5;589647872;0
182.8;589635584;0
127.8;581701632;0
301.0;622796800;0
200.7;622796800;0
198.9;622796800;0
200.7;622796800;0
199.5;622796800;0
199.5;622796800;0
199.5;622796800;0
199.5;622866432;0
200.7;622866432;0
198.9;622866432;0
201.6;622866432;0
199.5;622866432;0
199.5;622866432;0
182.8;622833664;0
157.7;618414080;0
285.6;654897152;0
198.9;654897152;0
200.7;654897152;0
200.7;654897152;0
199.5;654893056;0
199.5;654897152;0
199.5;654897152;0
201.6;654897152;0
198.9;654893056;0
200.7;654893056;0
199.5;654893056;0
199.5;654893056;0
199.5;654893056;0
199.5;654893056;0
252.0;659206144;0
199.5;661573632;0
199.5;661573632;0
201.6;661573632;0
201.6;661573632;0
298.3;672587776;0
383.5;732188672;0
302.4;752943104;0
299.2;773242880;0
299.2;791908352;0
299.2;806359040;0
299.2;826044416;0
302.4;845328384;0
298.3;864501760;0
301.0;882814976;0
329.7;898121728;0
301.0;935784448;0
298.3;954507264;0
301.0;973287424;0
298.3;992071680;0
301.0;1008852992;0
286.7;1026764800;0
284.1;1032581120;0
319.2;1078681600;0
299.2;1096302592;0
299.2;1096916992;0
302.4;1096916992;0
249.3;859791360;0
229.4;745635840;0
198.9;745635840;0
200.7;745635840;0
200.7;745635840;0
198.9;745635840;0
172.0;738316288;0
229.4;762920960;0
199.5;762920960;0
199.5;762920960;0
216.1;742633472;0
235.2;765165568;0
199.5;765165568;0
199.5;765165568;0
201.6;765165568;0
199.5;765165568;0
99.7;765251584;0
266.0;782295040;0
199.5;782295040;0
201.6;782295040;0
199.5;782323712;0
199.5;782323712;0
201.6;782323712;0
229.4;775266304;0
216.1;798437376;0
199.5;798437376;0
199.5;798437376;0
199.5;798437376;0
201.6;798437376;0
182.8;798437376;0
199.5;798437376;0
201.6;798437376;0
199.5;798437376;0
199.5;798466048;0
215.0;791207936;0
199.5;805339136;0
116.4;805326848;0
336.0;825868288;0
332.4;873164800;0
302.4;898555904;0
299.2;922071040;0
299.2;938733568;0
299.2;964231168;0
301.0;990117888;0
302.4;1011900416;0
299.2;1032691712;0
299.2;1054617600;0
299.2;1078263808;0
298.3;1101484032;0
301.0;1124900864;0
301.0;1146150912;0
299.2;1168678912;0
299.2;1190060032;0
301.0;1193373696;0
272.4;1193361408;0
369.3;1190400000;0
229.4;841760768;0
198.9;841768960;0
172.0;829607936;0
252.0;859029504;0
199.5;859029504;0
199.5;859033600;0
201.6;859017216;0
200.7;859017216;0
198.9;859017216;0
200.7;859017216;0
198.9;859017216;0
200.7;859017216;0
172.0;859017216;0
200.7;859017216;0
199.5;859017216;0
199.5;859017216;0
201.6;859017216;0
249.3;858947584;0
266.0;891305984;0
199.5;891305984;0
182.8;891305984;0
198.9;891305984;0
200.7;891305984;0
200.7;891305984;0
198.9;891305984;0
200.7;891305984;0
201.6;891305984;0
199.5;891305984;0
199.5;891305984;0
199.5;891305984;0
199.5;891293696;0
302.4;907427840;0
199.5;907427840;0
198.9;907427840;0
172.0;895811584;0
235.2;923533312;0
199.5;923533312;0
199.5;923533312;0
199.5;923533312;0
199.5;923541504;0
201.6;923545600;0
200.7;923545600;0
198.9;923545600;0
200.7;923553792;0
201.6;923566080;0
199.5;923578368;0
199.5;923578368;0
200.7;923590656;0
198.9;923602944;0
129.0;923586560;0
268.8;930316288;0
199.5;930316288;0
199.5;930316288;0
201.6;930316288;0
186.4;923955200;0
329.7;964087808;0
352.8;1022599168;0
301.0;1041473536;0
299.2;1059643392;0
284.1;1078448128;0
299.2;1091682304;0
301.0;1110417408;0
286.7;1126907904;0
298.3;1146032128;0
299.2;1167183872;0
301.0;1183125504;0
302.4;1203515392;0
286.7;1222504448;0
299.2;1241780224;0
298.3;1263210496;0
298.3;1280933888;0
272.4;1290027008;0
315.8;1343275008;0
299.2;1354911744;0
302.4;1354919936;0
200.7;1354907648;0
232.7;1109929984;0
213.1;1014923264;0
199.5;1014923264;0
199.5;1014923264;0
198.9;1014923264;0
200.7;1014927360;0
201.6;1014927360;0
199.5;1014927360;0
199.5;1014927360;0
201.6;1014927360;0
200.7;1014927360;0
198.9;1014927360;0
200.7;1014927360;0
199.5;1014927360;0
249.3;1020985344;0
157.7;1032155136;0
252.0;1048285184;0
199.5;1048285184;0
199.5;1048285184;0
200.7;1048285184;0
200.7;1048297472;0
