0.0;10502144;0
0.0;10502144;0
0.0;10502144;0
0.0;10502144;0
14.3;13385728;0
99.7;26701824;0
99.7;26710016;0
100.3;26750976;0
99.7;26775552;0
99.7;28983296;0
215.0;43270144;0
200.7;43343872;0
199.5;43331584;0
201.6;43401216;0
198.9;43442176;0
258.0;59494400;0
149.6;59555840;0
201.6;59604992;0
198.9;59637760;0
200.7;59723776;0
266.0;75628544;0
199.5;75710464;0
199.5;75702272;0
200.7;75681792;0
199.5;75829248;0
249.3;108027904;0
200.7;107933696;0
198.9;107966464;0
182.8;91955200;0
199.5;91959296;0
215.0;124145664;0
170.5;107982848;0
201.6;107982848;0
199.5;108105728;0
200.7;108105728;0
232.7;140357632;0
201.6;140361728;0
199.5;140361728;0
199.5;140361728;0
199.5;140423168;0
198.9;140423168;0
201.6;149073920;0
266.0;156618752;0
199.5;156618752;0
200.7;156618752;0
198.9;156680192;0
199.5;156712960;0
216.1;145293312;230
218.4;163393536;0
198.9;163393536;0
200.7;163393536;0
199.5;163393536;0
199.5;163393536;0
199.5;163393536;0
200.7;163393536;0
200.7;163393536;0
199.5;163393536;0
201.6;163393536;0
198.9;163532800;0
200.7;163532800;0
198.9;163532800;0
201.6;163532800;0
133.0;163520512;0
382.3;200110080;0
285.6;253255680;0
299.2;278102016;0
282.6;298266624;0
299.2;317505536;0
249.3;343973888;0
243.7;362618880;0
302.4;401633280;0
298.3;421072896;0
301.0;438611968;0
301.0;463486976;0
298.3;489377792;0
282.6;509800448;0
299.2;533159936;0
299.2;553435136;0
302.4;574308352;0
299.2;572932096;394
282.6;572932096;652
302.4;572932096;732
299.2;572932096;670
299.2;566296576;367
232.7;589942784;0
199.5;589942784;0
184.8;589942784;0
198.9;589942784;0
200.7;589942784;0
200.7;589942784;0
133.0;589930496;0
266.0;606007296;0
199.5;606007296;0
200.7;606007296;0
198.9;606007296;0
201.6;606007296;0
199.5;606007296;0
199.5;606007296;0
166.2;595267584;0
249.3;622026752;0
218.4;621715456;0
216.1;638046208;0
199.5;638046208;0
201.6;638046208;0
198.9;638046208;0
200.7;638046208;0
198.9;638046208;0
201.6;638046208;0
199.5;638046208;0
199.5;638046208;0
201.6;638074880;0
199.5;638074880;0
199.5;638074880;0
198.9;638074880;0
200.7;638074880;0
199.5;638074880;0
199.5;638074880;0
184.8;638074880;0
198.9;638070784;0
172.0;638054400;0
170.5;631533568;0
282.6;660774912;0
201.6;660774912;0
199.5;660774912;0
199.5;660774912;0
201.6;660774912;0
198.9;660774912;0
200.7;660774912;0
198.9;660774912;0
200.7;660774912;0
199.5;660774912;0
199.5;660774912;0
168.0;660758528;0
286.7;675123200;0
344.0;736309248;0
298.3;767729664;0
301.0;789843968;0
298.3;806854656;0
286.7;831373312;0
302.4;854294528;0
282.6;876077056;0
266.0;885895168;0
312.5;928772096;0
302.4;952844288;0
301.0;976875520;0
284.1;998133760;0
299.2;1020755968;0
299.2;1043169280;0
302.4;1064710144;0
299.2;1079492608;0
299.2;1079492608;0
302.4;1079492608;0
258.0;842403840;0
227.3;704204800;0
216.1;698019840;0
216.1;721457152;0
199.5;721457152;0
201.6;721518592;0
199.5;721518592;0
199.5;721580032;0
201.6;721580032;0
182.8;721563648;0
266.0;737923072;0
199.5;737923072;0
182.8;737923072;0
200.7;737951744;0
198.9;726654976;0
232.7;754221056;0
201.6;754221056;0
199.5;754221056;0
200.7;754229248;0
199.5;754229248;0
200.7;754229248;0
200.7;754237440;0
184.7;754274304;0
200.7;754274304;0
200.7;754274304;0
199.5;754286592;0
199.5;754286592;0
199.5;754327552;0
201.6;754327552;0
182.8;745873408;0
216.1;770551808;0
200.7;770551808;0
199.5;770551808;0
198.9;770551808;0
157.7;770531328;0
255.7;786628608;0
186.4;786636800;0
200.7;786636800;0
198.9;786636800;0
200.7;786636800;0
200.7;786632704;0
198.9;786632704;0
200.7;786632704;0
198.9;786632704;0
199.5;786632704;0
200.7;786702336;0
116.4;786685952;0
225.0;793571328;0
170.5;793571328;0
200.7;793571328;0
200.7;793579520;0
198.9;793587712;0
199.5;793604096;0
182.8;793587712;0
269.9;804397056;0
349.1;872640512;0
299.2;897032192;0
298.3;920756224;0
299.2;937058304;0
301.0;961941504;0
243.7;983011328;0
302.4;1004679168;0
299.2;1025699840;0
298.3;1042845696;0
301.0;1068363776;0
301.0;1090457600;0
299.2;1113952256;0
312.5;1131143168;0
269.9;1166155776;0
299.2;1182257152;0
282.6;1199308800;0
282.6;1208459264;0
285.6;1208467456;0
301.0;1208467456;0
269.9;1111859200;0
258.0;842338304;0
235.2;850251776;0
200.7;850251776;0
198.9;850251776;0
200.7;850251776;0
116.4;834265088;0
232.7;866398208;0
201.6;866398208;0
199.5;866398208;0
199.5;866398208;0
200.7;866398208;0
200.7;866398208;0
199.5;866398208;0
199.5;866398208;0
199.5;866402304;0
199.5;866414592;0
201.6;866426880;0
200.7;866439168;0
198.9;866439168;0
199.5;866451456;0
184.8;866439168;0
243.7;882286592;0
199.5;882556928;0
199.5;882556928;0
200.7;882585600;0
170.5;869416960;0
249.3;898801664;0
201.6;898801664;0
199.5;898801664;0
199.5;898801664;0
200.7;898863104;0
200.7;898863104;0
199.5;898863104;0
199.5;898916352;0
199.5;898916352;0
184.7;898899968;0
172.0;891084800;0
229.4;921591808;0
200.7;921796608;0
199.5;921796608;0
199.5;921796608;0
201.6;921796608;0
200.7;921772032;0
198.9;921772032;0
200.7;921772032;0
199.5;921772032;0
199.5;921772032;0
200.7;921772032;0
200.7;921772032;0
198.9;921772032;0
199.5;921804800;0
201.6;921804800;0
182.8;913960960;0
329.7;958427136;0
229.4;1011699712;0
319.2;1044803584;0
299.2;1064448000;0
298.3;1081528320;0
301.0;1101701120;0
299.2;1121185792;0
299.2;1139195904;0
301.0;1158799360;0
302.4;1176571904;0
301.0;1195003904;0
299.2;1213595648;0
299.2;1232994304;0
285.6;1251844096;0
301.0;1267482624;0
272.4;1314668544;0
302.4;1335685120;0
299.2;1352810496;0
298.3;1352810496;0
272.4;1352798208;0
