0.0;10510336;0
0.0;10510336;0
0.0;10510336;0
0.0;11980800;0
99.7;26660864;0
100.3;26689536;0
99.7;26705920;0
100.8;26759168;0
99.4;26787840;0
199.5;43270144;0
182.8;43343872;0
200.7;43388928;0
198.9;43429888;0
201.6;43421696;0
266.0;59547648;0
200.7;59523072;0
199.5;59535360;0
201.6;59637760;0
199.5;59645952;0
258.0;91631616;0
149.6;75689984;0
199.5;75722752;0
198.9;75788288;0
172.0;75927552;0
258.0;91996160;0
199.5;92000256;0
201.6;92024832;0
198.9;92024832;0
200.7;92049408;0
299.2;124289024;0
201.6;124289024;0
198.9;124289024;0
200.7;124289024;0
199.5;124289024;0
199.5;124350464;0
199.5;124350464;0
182.8;124334080;0
229.4;123138048;0
213.1;140369920;0
201.6;140369920;0
149.6;140492800;0
282.6;156639232;0
198.9;156663808;0
200.7;156663808;0
199.5;156860416;0
199.5;156925952;0
200.7;156925952;0
198.9;156925952;0
199.5;156925952;0
199.5;156803072;64
168.0;147378176;166
241.5;163688448;0
200.7;163688448;0
199.5;163688448;0
199.5;163688448;0
198.9;163717120;0
157.7;163500032;0
272.4;175702016;0
382.3;242839552;0
301.0;268996608;0
299.2;296378368;0
301.0;314863616;0
298.3;340537344;0
299.2;365092864;0
284.1;388870144;0
299.2;407883776;0
302.4;430460928;0
284.1;455462912;0
301.0;479608832;0
301.0;501571584;0
298.3;524693504;0
299.2;547528704;0
249.3;556634112;71
352.8;573898752;511
269.9;573898752;633
301.0;573898752;575
299.2;573898752;521
299.2;573898752;504
216.1;561553408;0
241.5;589901824;0
200.7;589901824;0
199.5;589901824;0
199.5;589901824;0
201.6;589901824;0
198.9;589901824;0
200.7;589901824;0
198.9;589901824;0
201.6;589901824;0
199.5;589901824;0
200.7;589901824;0
186.4;589889536;0
255.7;605929472;0
199.5;605929472;0
182.8;619159552;0
268.8;621948928;0
199.5;621948928;0
199.5;621948928;0
201.6;621948928;0
198.9;621948928;0
199.5;621948928;0
199.5;621948928;0
201.6;621948928;0
199.5;621948928;0
200.7;621948928;0
200.7;621948928;0
142.0;621936640;0
249.3;637972480;0
199.5;637972480;0
201.6;637972480;0
199.5;637972480;0
200.7;637972480;0
200.7;637972480;0
198.9;637972480;0
199.5;637972480;0
149.6;625659904;0
252.0;653987840;0
199.5;653987840;0
200.7;653987840;0
200.7;653987840;0
199.5;653987840;0
199.5;653987840;0
184.7;653971456;0
235.2;661192704;0
199.5;661192704;0
199.5;661192704;0
201.6;661192704;0
199.5;661192704;0
182.8;661192704;0
199.5;661192704;0
199.5;661192704;0
201.6;661192704;0
199.5;661192704;0
199.5;661192704;0
252.0;662020096;0
329.7;723341312;0
299.2;759078912;0
299.2;781328384;0
216.1;801976320;0
365.7;828567552;0
302.4;848302080;0
299.2;868188160;0
299.2;886050816;0
302.4;905146368;0
282.6;920100864;0
299.2;937177088;0
299.2;956690432;0
299.2;975458304;0
302.4;994914304;0
266.0;1013350400;0
282.6;1031581696;0
252.0;1052196864;0
415.6;1083084800;0
284.1;1096216576;0
282.6;1096216576;0
299.2;1096216576;0
266.0;858505216;0
243.7;730804224;0
200.7;730804224;0
198.9;730804224;0
157.7;730791936;0
229.4;730882048;0
199.5;748011520;0
199.5;748011520;0
199.5;748011520;0
199.5;748011520;0
201.6;748011520;0
182.8;748011520;0
199.5;748011520;0
201.6;748011520;0
199.5;748011520;0
182.8;747995136;0
232.7;745832448;0
184.7;764116992;0
200.7;764116992;0
200.7;764116992;0
198.9;764116992;0
200.7;764116992;0
200.7;750780416;0
232.7;780312576;0
199.5;780312576;0
199.5;780312576;0
199.5;780312576;0
201.6;780312576;0
198.9;780312576;0
200.7;780312576;0
200.7;780312576;0
198.9;780312576;0
200.7;780312576;0
198.9;780312576;0
200.7;780312576;0
172.0;766017536;0
269.9;796459008;0
157.7;785522688;0
229.4;803385344;0
198.9;803385344;0
200.7;803385344;0
198.9;803385344;0
200.7;803385344;0
301.0;810647552;0
344.0;867819520;0
284.1;890785792;0
299.2;913055744;0
302.4;933552128;0
282.6;953077760;0
300.0;984293376;0
275.0;1009070080;0
302.4;1029382144;0
299.2;1045000192;0
241.5;1052512256;0
286.7;1102401536;0
255.7;1121902592;0
301.0;1143730176;0
298.3;1166147584;0
301.0;1188757504;0
302.4;1209053184;0
299.2;1209065472;0
299.2;1209069568;0
258.0;1002160128;0
268.8;855052288;0
199.5;855052288;0
199.5;855052288;0
199.5;855052288;0
199.5;855056384;0
201.6;855056384;0
199.5;855056384;0
166.2;855044096;0
268.8;872218624;0
199.5;872222720;0
198.9;872222720;0
200.7;872222720;0
198.9;872222720;0
200.7;872222720;0
200.7;872222720;0
156.2;872206336;0
215.0;867184640;0
218.4;888315904;0
199.5;888328192;0
199.5;888344576;0
199.5;888344576;0
199.5;888344576;0
201.6;888344576;0
199.5;888344576;0
199.5;888385536;0
201.6;888385536;0
199.5;888373248;0
198.9;882622464;0
215.0;904470528;0
198.9;904470528;0
199.5;904499200;0
201.6;904499200;0
199.5;904531968;0
182.8;904531968;0
201.6;904531968;0
182.8;890695680;0
255.7;920641536;0
200.7;920641536;0
198.9;920641536;0
200.7;920641536;0
201.6;920641536;0
149.6;920629248;0
249.3;927453184;0
201.6;927453184;0
199.5;927453184;0
198.9;927465472;0
200.7;927465472;0
198.9;927485952;0
199.5;927485952;0
201.6;927485952;0
199.5;927485952;0
198.9;927485952;0
200.7;927485952;0
200.7;927485952;0
133.0;917225472;0
344.0;963620864;0
301.0;1017606144;0
301.0;1041743872;0
282.6;1061826560;0
298.3;1082126336;0
299.2;1106124800;0
301.0;1122627584;0
301.0;1158836224;0
298.3;1178423296;0
299.2;1195065344;0
302.4;1214935040;0
301.0;1233367040;0
298.3;1252413440;0
301.0;1269800960;0
285.6;1286451200;0
299.2;1304010752;0
255.7;1323991040;0
350.0;1354850304;0
299.2;1354850304;0
282.6;1354850304;0
255.7;1183416320;0
272.4;985649152;0
201.6;985661440;0
199.5;985661440;0
199.5;985661440;0
199.5;985661440;0
255.7;1002876928;0
