8.4;0.4;0.0;0.0;336.0
8.4;128.6;7.6;1.0;336.0
7.1;93.4;7.4;1.0;336.0
3.6;83.8;8.3;1.0;336.0
0.0;0.3;0.0;1.0;336.0
3.6;25.8;1.0;1.0;336.0
8.3;2.3;0.2;5.0;472.0
8.4;0.0;0.0;6.0;603.0
8.4;0.0;0.0;6.0;743.0
8.3;0.0;0.0;5.0;871.0
8.4;0.2;0.0;4.0;967.0
8.3;70.2;67.7;10.0;1125.0
8.3;45.9;178.0;20.0;1545.0
49.7;38.9;175.6;71.0;1733.0
0.0;0.1;0.0;0.0;1733.0
0.0;0.3;0.0;0.0;1733.0
11.1;861.2;37.6;0.0;1733.0
8.3;630.5;27.9;0.0;1733.0
8.4;0.0;0.0;0.0;1733.0
8.3;0.0;0.0;0.0;1733.0
8.4;0.0;0.0;0.0;1733.0
8.3;0.0;0.0;0.0;1733.0
8.4;0.0;0.0;0.0;1733.0
8.3;0.0;0.0;0.0;1733.0
8.4;0.0;0.0;0.0;1733.0
8.4;0.0;0.0;0.0;1733.0
8.3;0.0;0.0;0.0;1733.0
8.4;0.0;0.0;0.0;1733.0
8.3;0.0;0.0;0.0;1733.0
8.3;0.0;0.0;0.0;1733.0
8.3;0.0;0.0;0.0;1733.0
8.4;0.0;0.0;0.0;1733.0
8.4;0.0;0.0;0.0;1733.0
8.3;0.0;0.0;0.0;1733.0
8.3;0.0;0.0;0.0;1733.0
8.3;0.0;0.0;0.0;1733.0
8.3;0.0;0.0;0.0;1733.0
8.4;0.0;0.0;0.0;1733.0
0.0;0.1;0.0;0.0;1733.0
0.0;0.3;0.0;0.0;1733.0
11.1;524.6;22.8;0.0;1733.0
8.3;966.5;42.5;0.0;1733.0
8.4;1.0;0.3;0.0;1733.0
8.4;0.0;0.0;0.0;1733.0
8.4;0.0;0.0;0.0;1733.0
8.3;0.0;0.0;0.0;1733.0
8.4;0.0;0.0;0.0;1733.0
8.3;0.0;0.0;0.0;1733.0
8.3;0.0;0.0;0.0;1733.0
8.3;0.0;0.0;0.0;1733.0
8.3;0.0;0.0;0.0;1733.0
8.3;0.0;0.0;0.0;1733.0
8.3;0.0;0.0;0.0;1733.0
8.3;0.0;0.0;0.0;1733.0
8.4;0.0;0.0;0.0;1733.0
8.3;0.0;0.0;0.0;1733.0
8.4;0.0;0.0;0.0;1733.0
8.3;0.0;0.0;0.0;1733.0
8.4;0.0;0.0;0.0;1733.0
8.3;0.0;0.0;0.0;1733.0
8.4;0.0;0.0;0.0;1733.0
8.4;0.0;0.0;0.0;1733.0
8.3;1.0;0.3;0.0;1733.0
8.4;0.0;0.0;0.0;1733.0
8.3;0.0;0.0;0.0;1733.0
8.3;0.0;0.0;0.0;1733.0
8.3;0.0;0.0;0.0;1733.0
8.4;0.0;0.0;0.0;1733.0
8.4;0.0;0.0;0.0;1733.0
8.3;0.0;0.0;0.0;1733.0
8.3;0.0;0.0;0.0;1733.0
8.3;0.0;0.0;0.0;1733.0
8.3;0.0;0.0;0.0;1733.0
8.3;0.2;0.0;64.0;2039.0
8.3;0.0;0.0;46.0;2769.0
8.4;0.0;0.0;39.0;3521.0
8.4;0.0;0.0;37.0;4251.0
8.4;0.0;0.0;49.0;5003.0
8.4;0.0;0.0;37.0;5731.0
14.3;0.0;0.0;41.0;6455.0
8.4;0.0;0.0;21.0;6839.0
50.0;0.0;0.0;37.0;7055.0
8.4;0.0;0.0;50.0;7055.0
8.3;0.0;0.0;48.0;7055.0
8.3;0.0;0.0;49.0;7055.0
8.4;0.0;0.0;39.0;7055.0
8.3;0.0;0.0;49.0;7055.0
8.4;0.0;0.0;47.0;7055.0
4.2;0.0;0.0;46.0;7055.0
5.5;0.0;0.0;46.0;7055.0
8.4;0.0;0.0;46.0;7055.0
8.3;0.0;0.0;48.0;7055.0
4.2;0.0;0.0;47.0;7055.0
8.3;0.0;0.0;46.0;7055.0
8.4;0.0;0.0;47.0;7055.0
4.2;10.6;0.8;33.0;7055.0
0.0;0.3;0.0;0.0;7055.0
5.6;176.4;7.5;0.0;7055.0
6.9;1314.3;57.7;0.0;7055.0
8.3;1.0;0.3;0.0;7055.0
8.3;0.0;0.0;0.0;7055.0
8.3;0.0;0.0;0.0;7055.0
8.3;0.0;0.0;0.0;7055.0
8.4;0.0;0.0;0.0;7055.0
8.4;0.0;0.0;0.0;7055.0
8.3;0.0;0.0;0.0;7055.0
8.3;0.0;0.0;0.0;7055.0
8.3;0.0;0.0;0.0;7055.0
8.3;0.0;0.0;0.0;7055.0
8.4;0.0;0.0;0.0;7055.0
8.3;0.0;0.0;0.0;7055.0
8.4;0.0;0.0;0.0;7055.0
8.4;0.0;0.0;0.0;7055.0
8.4;0.0;0.0;0.0;7055.0
8.4;0.0;0.0;0.0;7055.0
8.4;0.0;0.0;0.0;7055.0
8.4;0.0;0.0;0.0;7055.0
8.3;0.0;0.0;0.0;7055.0
8.4;0.0;0.0;0.0;7055.0
8.3;0.0;0.0;0.0;7055.0
0.0;0.1;0.0;0.0;7055.0
0.0;0.3;0.0;0.0;7055.0
6.2;1228.0;53.7;0.0;7055.0
8.4;264.6;11.8;0.0;7055.0
8.3;0.0;0.0;0.0;7055.0
8.3;0.0;0.0;0.0;7055.0
8.4;0.0;0.0;1.0;7055.0
8.3;0.0;0.0;1.0;7055.0
8.4;0.0;0.0;1.0;7055.0
8.3;0.0;0.0;0.0;7055.0
8.4;0.0;0.0;0.0;7055.0
8.3;0.0;0.0;0.0;7055.0
8.4;0.0;0.0;0.0;7055.0
8.4;0.0;0.0;1.0;7055.0
8.3;0.0;0.0;1.0;7055.0
8.4;0.0;0.0;1.0;7055.0
8.3;0.0;0.0;1.0;7055.0
8.3;0.0;0.0;1.0;7055.0
8.3;0.0;0.0;0.0;7055.0
8.4;0.0;0.0;0.0;7055.0
8.4;0.0;0.0;1.0;7055.0
8.3;0.0;0.0;1.0;7055.0
8.3;0.0;0.0;0.0;7055.0
8.3;0.0;0.0;1.0;7055.0
8.3;1.0;0.3;1.0;7055.0
8.4;0.0;0.0;0.0;7055.0
8.3;0.0;0.0;0.0;7055.0
8.4;0.0;0.0;1.0;7055.0
8.4;0.0;0.0;0.0;7055.0
8.4;0.0;0.0;0.0;7055.0
