40.0;94.8;45.7;0.0
50.0;107.9;90.6;0.0
88.6;134.4;75.8;0.0
45.0;153.5;38.8;0.0
24.9;159.4;7.1;0.0
0.0;159.4;0.0;0.0
0.0;159.4;0.1;0.0
0.0;159.4;0.0;0.0
5.0;159.4;1.1;0.0
0.0;159.4;0.0;0.0
0.0;159.4;0.7;0.0
0.0;159.4;0.0;0.0
5.0;159.4;0.5;0.0
50.0;160.0;0.0;0.0
47.5;160.0;0.0;0.0
49.9;160.0;0.0;0.0
52.1;160.0;0.0;0.0
50.0;160.5;1.3;0.0
0.0;160.5;0.0;0.0
0.0;160.5;0.1;0.0
0.0;160.5;0.0;0.0
0.0;160.5;0.0;0.0
0.0;160.5;1.2;0.0
0.0;160.5;0.0;0.0
0.0;160.5;0.7;0.0
0.0;160.5;0.0;0.0
19.1;160.5;0.5;0.0
44.9;182.1;53.9;4.0
54.5;214.2;382.5;0.0
49.6;214.2;1275.5;0.0
49.4;245.0;262.1;0.0
50.1;245.3;377.6;0.0
49.2;245.3;328.6;0.0
49.0;245.3;318.0;0.0
50.9;245.3;362.9;0.0
45.0;245.3;338.3;0.0
52.4;245.3;364.0;0.0
48.8;245.3;384.6;0.0
55.0;245.3;345.4;0.0
48.5;277.0;133.1;68.0
50.0;277.0;0.6;192.0
50.0;277.0;0.6;192.0
48.6;185.5;0.3;40.0
