54.9;85.4;40.9;0.0
40.0;104.4;76.0;0.0
58.7;123.6;82.9;0.0
78.2;139.8;41.3;0.0
50.0;159.1;40.8;0.0
0.0;159.1;0.0;0.0
0.0;159.1;0.0;0.0
0.0;159.1;0.1;0.0
0.0;159.1;0.0;0.0
0.0;159.1;0.0;0.0
0.0;159.1;1.1;0.0
0.0;159.1;0.0;0.0
0.0;159.1;0.7;0.0
0.0;159.1;0.0;0.0
29.2;159.7;0.5;0.0
54.8;159.7;0.0;0.0
48.9;159.7;0.0;0.0
49.8;159.7;0.0;0.0
55.8;159.7;1.3;0.0
10.0;160.1;0.0;0.0
0.0;160.1;0.0;0.0
0.0;160.1;0.1;0.0
0.0;160.1;0.0;0.0
0.0;160.1;1.2;0.0
0.0;160.1;0.0;0.0
0.0;160.1;0.7;0.0
0.0;160.1;0.0;0.0
47.1;173.7;17.2;4.0
45.0;183.2;36.9;0.0
49.1;214.1;1403.0;0.0
54.5;244.8;400.5;0.0
49.5;245.3;311.8;0.0
50.0;245.3;311.4;0.0
49.9;245.3;323.6;0.0
50.9;245.3;355.8;0.0
44.9;245.3;346.2;0.0
50.0;245.3;339.8;0.0
49.2;245.3;347.0;0.0
49.8;245.3;354.6;0.0
55.0;245.3;353.0;0.0
45.0;276.8;24.7;68.0
49.9;276.8;0.8;256.0
49.6;276.8;0.4;128.0
52.3;184.7;0.3;16.0
