7.2;27.6;14.7;1.6;5.0;1283.0
8.4;31.6;44.9;3.4;1.0;1283.0
8.3;44.6;24.0;1.9;0.0;1283.0
8.3;57.2;22.4;1.8;1.0;1283.0
8.4;70.1;24.6;1.9;1.0;1283.0
8.3;82.3;22.3;1.7;1.0;1283.0
8.4;94.1;19.6;1.5;0.0;1283.0
8.3;104.9;21.0;1.6;0.0;1283.0
8.4;118.8;23.2;1.8;1.0;1283.0
8.4;128.9;17.6;1.4;1.0;1283.0
8.4;141.5;22.7;1.8;0.0;1283.0
8.4;151.6;19.8;1.5;0.0;1283.0
8.3;166.0;26.4;2.1;0.0;1283.0
8.4;172.4;12.1;0.9;1.0;1283.0
8.3;186.6;25.2;2.0;1.0;1283.0
8.4;201.1;27.0;2.1;0.0;1283.0
8.3;205.8;6.8;0.5;0.0;1283.0
8.3;220.0;24.9;1.9;0.0;1283.0
8.4;234.3;23.4;1.8;1.0;1283.0
8.3;235.1;55.8;4.4;0.0;1283.0
8.3;235.4;57.3;4.5;0.0;1283.0
8.3;235.6;57.3;4.5;0.0;1283.0
8.3;235.8;57.6;4.5;0.0;1283.0
8.4;236.1;55.5;4.3;1.0;1283.0
8.3;236.6;55.7;4.4;0.0;1283.0
8.4;237.0;56.8;4.4;0.0;1283.0
8.3;237.3;58.5;4.6;0.0;1283.0
8.4;249.5;32.9;2.6;1.0;1283.0
8.4;252.7;5.8;0.5;0.0;1283.0
8.3;265.4;23.8;1.9;0.0;1283.0
8.4;279.6;26.5;2.1;0.0;1283.0
8.3;293.7;27.8;2.2;0.0;1283.0
8.4;307.6;28.3;2.2;1.0;1283.0
8.3;307.6;0.0;0.0;0.0;1283.0
8.3;321.2;29.2;2.3;0.0;1283.0
8.3;335.6;27.4;2.1;0.0;1283.0
8.3;349.6;26.7;2.1;0.0;1283.0
8.4;364.1;28.1;2.2;1.0;1283.0
8.3;376.5;24.1;1.9;0.0;1283.0
8.3;376.5;0.0;0.0;0.0;1283.0
8.4;387.4;22.5;1.8;0.0;1283.0
8.3;401.8;29.8;2.3;1.0;1283.0
8.4;415.9;27.9;2.2;1.0;1283.0
8.3;430.4;26.1;2.0;0.0;1283.0
8.4;444.6;28.3;2.2;0.0;1283.0
8.4;458.9;27.7;2.2;0.0;1283.0
8.4;462.8;9.4;0.7;1.0;1283.0
8.4;463.1;0.7;0.1;0.0;1283.0
8.3;477.3;28.0;2.2;0.0;1283.0
8.4;491.4;28.5;2.2;0.0;1283.0
8.3;505.9;27.8;2.2;1.0;1283.0
8.3;520.3;28.1;2.2;1.0;1283.0
8.3;534.4;27.4;2.1;0.0;1283.0
8.3;548.7;30.0;2.3;0.0;1283.0
8.4;562.8;28.3;2.2;0.0;1283.0
8.3;569.9;13.6;1.1;1.0;1283.0
8.3;569.9;0.0;0.0;1.0;1283.0
8.3;574.9;9.6;0.8;0.0;1283.0
8.3;589.3;26.2;2.0;0.0;1283.0
8.4;603.5;27.9;2.2;0.0;1283.0
8.3;617.9;28.0;2.2;1.0;1283.0
8.4;632.3;30.6;2.4;1.0;1283.0
8.4;646.5;27.5;2.1;0.0;1283.0
8.4;660.8;27.4;2.1;0.0;1283.0
8.4;675.3;27.4;2.1;0.0;1283.0
8.3;689.0;27.9;2.2;2.0;1283.0
8.4;702.9;26.2;2.0;0.0;1283.0
8.3;702.9;0.0;0.0;0.0;1283.0
8.4;702.9;0.0;0.0;0.0;1283.0
8.3;708.2;10.0;0.8;0.0;1283.0
8.3;722.6;27.8;2.2;1.0;1283.0
8.3;736.7;28.0;2.2;0.0;1283.0
8.3;751.1;27.6;2.2;0.0;1283.0
8.4;765.4;26.6;2.1;0.0;1283.0
8.3;779.8;28.8;2.2;1.0;1283.0
8.3;794.2;26.9;2.1;0.0;1283.0
8.4;808.3;26.6;2.1;0.0;1283.0
8.3;822.8;28.2;2.2;0.0;1283.0
8.4;837.0;27.2;2.1;0.0;1283.0
8.3;851.5;29.3;2.3;1.0;1283.0
8.4;865.9;27.4;2.1;0.0;1283.0
8.4;867.9;3.7;0.3;0.0;1283.0
8.4;867.9;0.0;0.0;0.0;1283.0
8.4;867.9;0.0;0.0;0.0;1283.0
8.3;875.6;14.0;1.1;0.0;1283.0
8.4;890.0;29.0;2.3;0.0;1283.0
8.3;904.3;28.1;2.2;0.0;1283.0
8.3;918.6;26.6;2.1;0.0;1283.0
8.3;933.0;28.8;2.2;1.0;1283.0
8.3;947.3;28.3;2.2;0.0;1283.0
8.4;961.9;29.0;2.3;0.0;1283.0
8.3;976.3;27.4;2.1;0.0;1283.0
8.3;990.5;27.2;2.1;1.0;1283.0
8.4;1005.0;28.8;2.2;1.0;1283.0
8.3;1019.2;28.4;2.2;0.0;1283.0
8.4;1033.8;26.7;2.1;0.0;1283.0
8.3;1048.3;28.4;2.2;0.0;1283.0
8.4;1062.9;28.7;2.2;1.0;1283.0
8.4;1074.5;23.2;1.8;1.0;1283.0
8.3;1074.5;0.0;0.0;0.0;1283.0
8.4;1074.5;0.0;0.0;0.0;1283.0
8.3;1074.5;0.0;0.0;1.0;1283.0
8.4;1075.2;1.5;0.1;1.0;1283.0
8.3;1090.1;33.0;2.6;1.0;1283.0
8.4;1103.8;28.0;2.2;0.0;1283.0
8.3;1118.4;28.0;2.2;0.0;1283.0
8.3;1132.5;27.6;2.2;1.0;1283.0
8.4;1147.0;29.1;2.3;1.0;1283.0
8.3;1161.4;30.3;2.4;1.0;1283.0
8.3;1175.6;27.3;2.1;0.0;1283.0
8.3;1190.1;27.0;2.1;0.0;1283.0
8.3;1204.6;27.2;2.1;1.0;1283.0
8.4;1218.9;28.0;2.2;1.0;1283.0
8.3;1233.3;30.3;2.4;0.0;1283.0
8.4;1247.6;28.7;2.2;0.0;1283.0
8.3;1262.2;27.5;2.1;0.0;1283.0
8.4;1276.7;27.4;2.1;1.0;1283.0
8.4;1290.9;29.6;2.3;1.0;1283.0
8.3;1305.5;30.0;2.3;0.0;1283.0
8.4;1319.9;27.4;2.1;0.0;1283.0
8.3;1330.3;20.5;1.6;0.0;1283.0
8.4;1330.3;0.0;0.0;1.0;1283.0
8.3;1330.3;0.0;0.0;0.0;1283.0
8.3;1330.3;0.0;0.0;0.0;1283.0
8.3;1330.3;0.0;0.0;0.0;1283.0
8.3;1331.8;2.8;0.2;0.0;1283.0
8.4;1346.2;28.9;2.3;1.0;1283.0
8.3;1360.5;28.8;2.2;0.0;1283.0
8.3;1375.1;31.1;2.4;0.0;1283.0
8.4;1389.6;29.2;2.3;0.0;1283.0
8.3;1403.9;27.5;2.1;0.0;1283.0
8.4;1418.4;27.7;2.2;0.0;1283.0
8.3;1432.9;29.5;2.3;0.0;1283.0
8.4;1447.2;29.4;2.3;0.0;1283.0
8.4;1461.4;28.1;2.2;0.0;1283.0
8.4;1475.8;28.2;2.2;1.0;1283.0
8.4;1490.0;27.1;2.1;0.0;1283.0
8.3;1504.5;29.7;2.3;0.0;1283.0
8.4;1519.2;29.2;2.3;0.0;1283.0
8.3;1533.5;29.1;2.3;0.0;1283.0
8.4;1547.9;29.4;2.3;1.0;1283.0
8.3;1562.2;28.5;2.2;0.0;1283.0
8.3;1576.6;26.8;2.1;0.0;1283.0
8.4;1591.1;29.8;2.3;0.0;1283.0
8.3;1605.4;31.0;2.4;1.0;1283.0
8.3;1619.8;27.7;2.2;1.0;1283.0
8.3;1634.3;28.7;2.2;0.0;1283.0
8.3;1648.6;27.2;2.1;0.0;1283.0
8.4;1649.9;2.8;0.2;1.0;1283.0
8.3;1649.9;0.0;0.0;1.0;1283.0
8.4;1649.9;0.0;0.0;0.0;1283.0
8.3;1649.9;0.0;0.0;0.0;1283.0
8.4;1649.9;0.0;0.0;0.0;1283.0
8.4;1649.9;0.0;0.0;1.0;1283.0
8.3;1656.7;13.8;1.1;1.0;1283.0
8.4;1671.2;27.5;2.1;0.0;1283.0
8.3;1685.7;30.0;2.3;0.0;1283.0
8.4;1700.2;26.7;2.1;0.0;1283.0
8.3;1714.1;27.4;2.1;1.0;1283.0
8.3;1728.5;29.1;2.3;1.0;1283.0
8.4;1742.7;28.3;2.2;0.0;1283.0
8.3;1757.2;29.6;2.3;0.0;1283.0
8.4;1771.8;27.9;2.2;0.0;1283.0
8.3;1786.0;27.9;2.2;1.0;1283.0
8.3;1800.4;30.5;2.4;1.0;1283.0
8.3;1815.5;28.3;2.2;0.0;1283.0
8.3;1829.3;28.5;2.2;0.0;1283.0
8.4;1843.8;29.2;2.3;0.0;1283.0
8.3;1858.5;29.8;2.3;1.0;1283.0
8.4;1872.8;29.2;2.3;1.0;1283.0
8.4;1887.2;29.8;2.3;0.0;1283.0
8.4;1901.4;28.1;2.2;0.0;1283.0
8.4;1915.4;27.1;2.1;1.0;1283.0
8.3;1929.6;25.3;2.0;0.0;1283.0
8.4;1943.2;25.3;2.0;0.0;1283.0
8.3;1957.3;27.1;2.1;0.0;1283.0
8.3;1971.3;26.4;2.1;0.0;1283.0
8.3;1985.5;26.3;2.1;0.0;1283.0
8.3;1999.6;27.0;2.1;0.0;1283.0
8.4;2013.6;27.2;2.1;0.0;1283.0
8.3;2028.0;29.5;2.3;0.0;1283.0
8.3;2042.3;28.0;2.2;0.0;1283.0
8.3;2047.3;10.8;0.8;0.0;1283.0
8.3;2047.3;0.0;0.0;0.0;1283.0
8.4;2047.3;0.0;0.0;0.0;1283.0
8.3;2047.3;0.0;0.0;0.0;1283.0
8.4;2047.3;0.0;0.0;1.0;1283.0
8.3;2047.3;0.0;0.0;0.0;1283.0
8.4;2047.3;0.0;0.0;0.0;1283.0
8.4;2047.3;0.0;0.0;0.0;1283.0
8.3;2054.6;13.6;1.1;1.0;1283.0
8.4;2068.8;28.1;2.2;1.0;1283.0
8.3;2083.1;28.0;2.2;0.0;1283.0
8.4;2098.4;28.7;2.2;0.0;1283.0
8.3;2112.6;27.6;2.2;0.0;1283.0
8.3;2126.8;28.5;2.2;1.0;1283.0
8.4;2141.4;25.9;2.0;1.0;1283.0
8.3;2155.6;27.8;2.2;0.0;1283.0
8.4;2169.8;26.8;2.1;0.0;1283.0
8.3;2184.3;31.1;2.4;1.0;1283.0
8.3;2198.7;28.0;2.2;1.0;1283.0
8.4;2213.2;24.9;1.9;1.0;1283.0
8.3;2227.4;25.9;2.0;0.0;1283.0
8.4;2241.9;28.2;2.2;0.0;1283.0
8.3;2256.4;28.6;2.2;1.0;1283.0
8.4;2270.7;28.4;2.2;1.0;1283.0
8.4;2285.0;24.7;1.9;0.0;1283.0
8.4;2299.2;25.4;2.0;0.0;1283.0
8.4;2313.5;26.5;2.1;0.0;1283.0
8.3;2327.9;26.9;2.1;1.0;1283.0
8.4;2342.1;28.9;2.3;0.0;1283.0
8.3;2356.6;27.2;2.1;0.0;1283.0
8.3;2371.1;27.6;2.2;0.0;1283.0
8.3;2385.3;28.1;2.2;0.0;1283.0
8.3;2399.8;28.0;2.2;1.0;1283.0
8.4;2414.0;27.5;2.1;0.0;1283.0
8.3;2428.5;28.1;2.2;0.0;1283.0
8.3;2442.8;26.1;2.0;0.0;1283.0
8.4;2457.2;28.4;2.2;0.0;1283.0
8.3;2472.1;29.2;2.3;0.0;1283.0
8.4;2485.8;26.8;2.1;0.0;1283.0
8.3;2500.3;27.2;2.1;0.0;1283.0
8.4;2514.8;27.4;2.1;0.0;1283.0
8.3;2529.6;29.4;2.3;1.0;1283.0
8.4;2541.4;23.6;1.8;0.0;1283.0
8.4;2541.4;0.0;0.0;0.0;1283.0
8.3;2541.4;0.0;0.0;0.0;1283.0
8.4;2541.4;0.0;0.0;0.0;1283.0
8.3;2541.4;0.0;0.0;1.0;1283.0
8.4;2541.4;0.0;0.0;0.0;1283.0
8.3;2541.4;0.0;0.0;0.0;1283.0
8.3;2541.4;0.0;0.0;0.0;1283.0
8.4;2541.4;0.0;0.0;1.0;1283.0
8.3;2541.4;0.0;0.0;1.0;1283.0
8.3;2543.2;3.0;0.2;0.0;1283.0
11.8;2556.2;584.3;1.6;0.0;1283.0
8.4;2561.5;887.0;0.0;1.0;1283.0
8.4;2594.1;589.2;21.8;1.0;1283.0
8.3;2629.4;561.0;24.5;1.0;1283.0
8.4;2664.2;757.3;18.3;0.0;1283.0
8.3;2693.4;748.6;17.4;0.0;1283.0
8.4;2761.9;3.8;55.6;1.0;1283.0
8.3;2774.1;506.5;27.6;1.0;1283.0
9.6;2773.5;797.4;12.9;1.0;1283.0
8.4;2833.9;287.7;35.3;0.0;1283.0
8.3;2843.1;460.2;29.4;0.0;1283.0
9.6;2895.2;183.2;38.8;1.0;1283.0
8.3;2903.7;811.8;13.4;1.0;1283.0
8.4;2955.3;133.5;50.1;0.0;1283.0
8.3;2972.4;595.6;18.6;0.0;1283.0
8.3;3026.9;415.8;40.0;0.0;1283.0
10.4;3029.0;920.8;8.9;1.0;1283.0
6.9;3062.6;398.6;30.2;1.0;1283.0
8.4;3120.3;340.3;31.6;1.0;1291.0
8.3;3124.0;363.5;20.2;0.0;1291.0
8.3;3137.0;316.0;24.7;0.0;1291.0
10.4;3159.6;601.4;18.9;0.0;1291.0
8.3;3214.6;208.1;34.7;0.0;1291.0
8.4;3227.4;380.4;20.5;0.0;1291.0
8.3;3255.4;262.8;38.0;0.0;1291.0
8.4;3288.3;608.3;23.5;0.0;1291.0
11.2;3305.2;470.3;18.5;0.0;1291.0
8.3;3344.2;459.0;34.8;0.0;1291.0
8.4;3354.5;647.2;8.4;0.0;1291.0
8.3;3387.6;369.6;30.3;0.0;1291.0
8.3;3404.7;111.6;22.0;2.0;1291.0
4.7;3440.2;2.4;28.4;1.0;1291.0
7.2;3463.4;1.7;23.4;1.0;1291.0
4.8;3475.3;1.8;24.6;0.0;1291.0
3.6;3517.8;1.7;31.1;0.0;1291.0
8.3;3587.1;2.0;45.6;0.0;1291.0
2.4;3592.2;3.8;38.5;1.0;1291.0
4.8;3619.3;2.7;33.0;1.0;1291.0
7.3;3649.5;3.5;36.1;2.0;1291.0
1.0;3671.1;3.5;22.5;1.0;1291.0
2.4;3691.2;3.3;25.0;2.0;1291.0
8.3;3741.2;3.2;42.1;2.0;1291.0
8.4;3758.3;2.5;25.3;2.0;1291.0
8.3;3806.4;3.5;33.8;4.0;1291.0
2.4;3814.8;3.0;30.1;4.0;1291.0
8.4;3862.4;3.5;29.8;7.0;1291.0
8.4;3871.5;3.6;33.3;4.0;1291.0
8.3;3896.6;13.9;20.0;2.0;1291.0
9.5;3950.8;4.3;38.4;2.0;1291.0
8.4;3939.9;9.4;18.0;3.0;1291.0
8.3;3990.1;5.6;45.1;5.0;1291.0
8.3;4011.5;8.7;32.1;3.0;1291.0
8.3;4029.7;13.3;22.5;4.0;1291.0
8.3;4063.1;9.3;36.4;6.0;1291.0
8.4;4093.4;11.3;25.3;4.0;1291.0
8.3;4111.9;11.2;24.4;5.0;1291.0
8.4;4132.4;10.0;19.0;0.0;1291.0
9.4;4173.8;8.3;37.3;4.0;1291.0
8.3;4197.3;6.5;33.1;7.0;1291.0
8.4;4215.8;12.3;20.7;3.0;1291.0
8.3;4239.8;6.5;35.5;4.0;1291.0
8.4;4267.2;10.2;25.5;4.0;1291.0
9.6;4312.9;8.3;36.7;4.0;1291.0
8.4;4322.0;11.5;23.8;3.0;1291.0
8.4;4367.4;9.2;39.0;5.0;1291.0
