8.4;29.9;7.2;0.5;5.0;1291.0
8.3;32.4;39.9;3.1;2.0;1291.0
8.4;44.6;22.1;1.7;0.0;1291.0
8.4;56.9;21.7;1.7;1.0;1291.0
8.3;68.0;20.7;1.6;1.0;1291.0
8.4;79.0;21.0;1.6;1.0;1291.0
8.3;89.3;17.9;1.4;1.0;1291.0
8.3;100.4;18.3;1.4;0.0;1291.0
8.3;113.1;23.8;1.9;1.0;1291.0
8.3;121.4;13.5;1.1;1.0;1291.0
8.3;134.5;23.9;1.9;1.0;1291.0
8.4;142.4;14.6;1.1;0.0;1291.0
8.4;156.1;24.8;1.9;0.0;1291.0
8.3;169.2;25.7;2.0;1.0;1291.0
8.3;174.8;10.5;0.8;1.0;1291.0
8.3;188.9;23.4;1.8;0.0;1291.0
8.3;201.7;24.3;1.9;0.0;1291.0
8.4;206.0;6.3;0.5;0.0;1291.0
8.3;217.9;20.5;1.6;1.0;1291.0
8.4;231.7;22.5;1.8;1.0;1291.0
8.4;235.3;42.3;3.3;0.0;1291.0
8.4;235.4;53.3;4.2;0.0;1291.0
8.4;235.7;57.8;4.5;0.0;1291.0
8.3;236.2;57.7;4.5;1.0;1291.0
8.4;236.3;56.4;4.4;0.0;1291.0
8.3;236.6;57.1;4.5;0.0;1291.0
8.4;237.0;57.1;4.5;0.0;1291.0
8.3;237.2;57.9;4.5;0.0;1291.0
8.3;244.4;42.9;3.3;0.0;1291.0
8.4;252.7;16.0;1.2;0.0;1291.0
8.3;260.5;14.5;1.1;0.0;1291.0
8.3;274.6;26.2;2.0;0.0;1291.0
8.3;288.5;26.8;2.1;0.0;1291.0
8.3;302.9;29.2;2.3;0.0;1291.0
8.4;307.9;9.7;0.8;0.0;1291.0
8.3;315.9;16.8;1.3;0.0;1291.0
8.4;330.2;30.1;2.4;0.0;1291.0
8.3;344.4;25.5;2.0;1.0;1291.0
8.4;358.7;28.3;2.2;0.0;1291.0
8.4;373.2;27.5;2.1;0.0;1291.0
8.3;376.9;7.3;0.6;0.0;1291.0
8.4;382.3;11.4;0.9;0.0;1291.0
8.3;396.7;30.1;2.4;0.0;1291.0
8.4;410.6;28.4;2.2;0.0;1291.0
8.3;424.9;27.2;2.1;0.0;1291.0
8.3;439.4;25.9;2.0;0.0;1291.0
8.4;453.6;27.7;2.2;1.0;1291.0
8.3;463.1;21.0;1.6;0.0;1291.0
8.4;463.1;0.0;0.0;0.0;1291.0
8.3;471.8;17.0;1.3;0.0;1291.0
8.3;486.1;29.9;2.3;1.0;1291.0
8.3;500.3;27.5;2.1;1.0;1291.0
8.3;514.7;27.7;2.2;0.0;1291.0
8.4;529.2;27.1;2.1;0.0;1291.0
8.3;543.3;28.9;2.3;0.0;1291.0
8.4;558.2;31.5;2.5;1.0;1291.0
8.4;570.0;22.8;1.8;1.0;1291.0
8.4;570.0;0.0;0.0;0.0;1291.0
8.4;570.1;0.3;0.0;0.0;1291.0
8.3;584.7;26.4;2.1;0.0;1291.0
8.4;599.0;28.8;2.2;1.0;1291.0
8.3;613.2;26.7;2.1;1.0;1291.0
8.4;627.7;30.4;2.4;0.0;1291.0
8.3;642.0;27.9;2.2;0.0;1291.0
8.3;656.2;27.5;2.1;0.0;1291.0
8.4;670.6;27.5;2.1;1.0;1291.0
8.3;684.8;28.4;2.2;0.0;1291.0
8.4;699.6;28.8;2.2;0.0;1291.0
8.3;702.9;6.0;0.5;0.0;1291.0
8.3;702.9;0.0;0.0;1.0;1291.0
8.4;704.2;2.6;0.2;0.0;1291.0
8.3;718.6;27.8;2.2;0.0;1291.0
8.4;732.8;28.6;2.2;0.0;1291.0
8.4;747.2;26.9;2.1;0.0;1291.0
8.4;761.6;26.8;2.1;1.0;1291.0
8.3;776.0;29.0;2.3;0.0;1291.0
8.3;789.5;25.8;2.0;0.0;1291.0
8.4;803.1;25.5;2.0;0.0;1291.0
8.3;817.2;26.6;2.1;0.0;1291.0
8.3;831.7;28.6;2.2;0.0;1291.0
8.3;845.4;27.3;2.1;0.0;1291.0
8.3;859.8;27.9;2.2;0.0;1291.0
8.4;867.6;14.7;1.1;0.0;1291.0
8.3;867.6;0.0;0.0;0.0;1291.0
8.4;867.6;0.0;0.0;0.0;1291.0
8.3;867.7;0.4;0.0;0.0;1291.0
8.3;882.2;27.3;2.1;0.0;1291.0
8.4;896.6;28.8;2.2;0.0;1291.0
8.3;910.9;27.0;2.1;1.0;1291.0
8.4;925.2;27.9;2.2;0.0;1291.0
8.3;939.4;28.4;2.2;0.0;1291.0
8.4;954.0;29.4;2.3;0.0;1291.0
8.4;968.4;28.0;2.2;1.0;1291.0
8.4;982.6;27.0;2.1;1.0;1291.0
8.4;997.1;27.2;2.1;0.0;1291.0
8.3;1011.3;29.2;2.3;0.0;1291.0
8.4;1025.8;27.0;2.1;0.0;1291.0
8.3;1040.2;27.8;2.2;1.0;1291.0
8.3;1054.5;29.0;2.3;1.0;1291.0
8.3;1069.0;27.9;2.2;0.0;1291.0
8.3;1073.7;10.3;0.8;0.0;1291.0
8.4;1073.7;0.0;0.0;1.0;1291.0
8.3;1073.7;0.0;0.0;1.0;1291.0
8.3;1073.7;0.0;0.0;1.0;1291.0
8.3;1079.7;11.3;0.9;0.0;1291.0
8.3;1094.1;34.0;2.7;0.0;1291.0
8.4;1108.4;27.9;2.2;1.0;1291.0
8.3;1122.2;26.3;2.1;1.0;1291.0
8.4;1136.6;26.9;2.1;1.0;1291.0
8.4;1151.0;30.5;2.4;0.0;1291.0
8.4;1165.2;29.7;2.3;0.0;1291.0
8.3;1180.1;27.6;2.2;1.0;1291.0
8.3;1194.1;25.6;2.0;1.0;1291.0
8.4;1208.3;27.5;2.1;0.0;1291.0
8.3;1222.9;29.9;2.3;0.0;1291.0
8.4;1237.2;29.1;2.3;0.0;1291.0
8.3;1251.7;27.9;2.2;1.0;1291.0
8.3;1266.2;27.9;2.2;0.0;1291.0
8.4;1280.0;27.8;2.2;0.0;1291.0
8.3;1294.3;29.3;2.3;0.0;1291.0
8.4;1308.8;29.1;2.3;0.0;1291.0
8.3;1323.1;27.0;2.1;1.0;1291.0
8.3;1329.9;13.1;1.0;0.0;1291.0
8.3;1329.9;0.0;0.0;0.0;1291.0
8.3;1329.9;0.0;0.0;0.0;1291.0
8.4;1329.9;0.0;0.0;0.0;1291.0
8.3;1329.9;0.0;0.0;0.0;1291.0
8.4;1333.6;7.8;0.6;0.0;1291.0
8.4;1347.8;29.0;2.3;0.0;1291.0
8.3;1362.3;28.3;2.2;1.0;1291.0
8.4;1376.8;31.2;2.4;1.0;1291.0
8.3;1391.0;28.0;2.2;0.0;1291.0
8.4;1405.3;28.5;2.2;0.0;1291.0
8.3;1419.8;28.0;2.2;0.0;1291.0
8.3;1434.1;29.0;2.3;1.0;1291.0
8.3;1448.5;29.6;2.3;1.0;1291.0
8.3;1462.8;27.6;2.2;0.0;1291.0
8.4;1477.4;29.2;2.3;0.0;1291.0
8.3;1491.9;27.5;2.1;0.0;1291.0
8.3;1506.1;29.1;2.3;1.0;1291.0
8.4;1520.8;29.2;2.3;1.0;1291.0
8.3;1535.3;29.5;2.3;0.0;1291.0
8.4;1549.6;28.8;2.2;0.0;1291.0
8.3;1564.3;29.0;2.3;1.0;1291.0
8.4;1578.1;26.2;2.0;2.0;1291.0
8.4;1592.3;29.8;2.3;0.0;1291.0
8.4;1606.8;30.8;2.4;0.0;1291.0
8.4;1621.2;27.9;2.2;0.0;1291.0
8.3;1635.5;28.2;2.2;1.0;1291.0
8.4;1649.2;26.0;2.0;1.0;1291.0
8.3;1649.2;0.0;0.0;0.0;1291.0
8.3;1649.2;0.0;0.0;0.0;1291.0
8.3;1649.2;0.0;0.0;0.0;1291.0
8.3;1649.2;0.0;0.0;1.0;1291.0
8.4;1649.2;0.0;0.0;1.0;1291.0
8.3;1649.2;0.0;0.0;1.0;1291.0
8.3;1655.9;13.9;1.1;0.0;1291.0
8.3;1670.4;27.4;2.1;0.0;1291.0
8.3;1684.7;29.8;2.3;1.0;1291.0
8.4;1699.2;26.8;2.1;0.0;1291.0
8.3;1713.7;27.8;2.2;0.0;1291.0
8.4;1727.8;29.2;2.3;0.0;1291.0
8.3;1741.7;27.2;2.1;0.0;1291.0
8.4;1756.0;29.6;2.3;1.0;1291.0
8.4;1770.5;27.8;2.2;0.0;1291.0
8.3;1785.0;28.2;2.2;0.0;1291.0
8.4;1799.2;30.4;2.4;0.0;1291.0
8.4;1814.2;28.1;2.2;0.0;1291.0
8.4;1828.2;28.2;2.2;0.0;1291.0
8.3;1842.4;29.3;2.3;0.0;1291.0
8.3;1857.1;29.7;2.3;0.0;1291.0
8.3;1871.8;29.6;2.3;0.0;1291.0
8.3;1885.9;29.9;2.3;1.0;1291.0
8.4;1900.4;28.6;2.2;0.0;1291.0
8.3;1914.9;27.8;2.2;0.0;1291.0
8.3;1929.2;25.5;2.0;0.0;1291.0
8.4;1943.5;26.3;2.1;0.0;1291.0
8.3;1957.8;28.1;2.2;0.0;1291.0
8.4;1972.2;26.6;2.1;0.0;1291.0
8.3;1986.7;27.5;2.1;0.0;1291.0
8.4;2000.9;26.7;2.1;0.0;1291.0
8.4;2015.2;27.7;2.2;1.0;1291.0
8.4;2029.4;29.7;2.3;0.0;1291.0
8.4;2044.3;30.2;2.4;0.0;1291.0
8.3;2046.4;4.0;0.3;0.0;1291.0
8.4;2046.4;0.0;0.0;0.0;1291.0
8.3;2046.4;0.0;0.0;1.0;1291.0
8.4;2046.4;0.0;0.0;0.0;1291.0
8.3;2046.4;0.0;0.0;0.0;1291.0
8.3;2046.4;0.0;0.0;0.0;1291.0
8.4;2046.4;0.0;0.0;1.0;1291.0
8.3;2046.4;0.0;0.0;1.0;1291.0
8.3;2055.1;16.9;1.3;0.0;1291.0
8.3;2069.4;27.8;2.2;0.0;1291.0
8.3;2083.9;28.1;2.2;1.0;1291.0
8.4;2099.0;28.4;2.2;1.0;1291.0
8.3;2113.1;27.4;2.1;1.0;1291.0
8.4;2127.5;28.5;2.2;0.0;1291.0
8.4;2141.7;25.9;2.0;1.0;1291.0
8.4;2156.2;28.0;2.2;1.0;1291.0
8.4;2170.4;26.8;2.1;1.0;1291.0
8.3;2184.8;31.3;2.4;1.0;1291.0
8.4;2199.4;27.5;2.1;0.0;1291.0
8.3;2213.6;24.5;1.9;0.0;1291.0
8.4;2228.2;26.8;2.1;1.0;1291.0
8.3;2242.7;28.3;2.2;1.0;1291.0
8.3;2257.0;28.1;2.2;0.0;1291.0
8.3;2271.5;28.5;2.2;0.0;1291.0
8.3;2286.1;25.4;2.0;0.0;1291.0
8.4;2300.5;25.6;2.0;1.0;1291.0
8.3;2314.8;26.5;2.1;0.0;1291.0
8.3;2329.0;27.4;2.1;0.0;1291.0
8.4;2343.6;28.9;2.3;0.0;1291.0
8.3;2357.9;27.6;2.2;0.0;1291.0
8.4;2372.5;28.2;2.2;0.0;1291.0
8.3;2387.0;27.5;2.1;0.0;1291.0
8.4;2401.2;28.4;2.2;0.0;1291.0
8.4;2415.8;27.3;2.1;0.0;1291.0
8.4;2430.3;27.5;2.1;0.0;1291.0
8.4;2444.6;27.0;2.1;0.0;1291.0
8.3;2459.1;28.0;2.2;0.0;1291.0
8.4;2473.4;28.8;2.2;0.0;1291.0
8.3;2487.9;28.1;2.2;0.0;1291.0
8.3;2502.4;27.3;2.1;1.0;1291.0
8.3;2516.5;26.9;2.1;0.0;1291.0
8.3;2531.0;28.1;2.2;0.0;1291.0
8.4;2540.4;19.8;1.5;0.0;1291.0
8.3;2540.4;0.0;0.0;0.0;1291.0
8.3;2540.4;0.0;0.0;1.0;1291.0
8.3;2540.4;0.0;0.0;0.0;1291.0
8.3;2540.4;0.0;0.0;0.0;1291.0
8.3;2540.4;0.0;0.0;0.0;1291.0
8.3;2540.4;0.0;0.0;1.0;1291.0
8.4;2540.4;0.0;0.0;1.0;1291.0
8.4;2540.4;0.0;0.0;0.0;1291.0
8.4;2540.4;0.0;0.0;0.0;1291.0
8.4;2541.8;2.2;0.2;1.0;1291.0
8.4;2555.5;550.3;1.7;1.0;1291.0
9.8;2562.9;939.3;0.0;1.0;1291.0
8.4;2593.9;792.0;15.2;0.0;1291.0
8.4;2629.1;638.6;22.1;0.0;1291.0
8.3;2680.8;551.1;22.6;1.0;1291.0
8.3;2668.0;1031.4;6.7;1.0;1291.0
8.3;2724.6;431.0;42.9;0.0;1291.0
8.3;2769.7;325.4;34.5;0.0;1291.0
8.3;2777.2;441.4;27.6;0.0;1291.0
8.3;2810.1;690.0;21.2;1.0;1291.0
8.4;2825.2;768.2;14.0;1.0;1291.0
8.3;2893.9;5.1;53.6;0.0;1291.0
9.5;2897.9;635.6;21.1;0.0;1291.0
11.9;2917.9;683.9;17.9;0.0;1291.0
8.3;2970.2;371.3;42.0;1.0;1291.0
8.4;2973.4;623.8;12.3;1.0;1291.0
8.4;3033.2;166.7;47.0;0.0;1291.0
8.3;3038.8;809.6;11.7;0.0;1291.0
8.4;3072.9;501.5;30.2;0.0;1291.0
8.3;3156.2;266.4;36.7;1.0;1291.0
8.3;3147.9;424.8;33.2;0.0;1291.0
8.3;3150.9;805.5;6.6;0.0;1291.0
8.4;3202.4;328.6;35.9;0.0;1291.0
8.3;3233.4;164.0;44.9;0.0;1291.0
8.3;3264.5;660.4;25.5;1.0;1291.0
8.4;3289.2;796.2;14.6;0.0;1291.0
8.3;3314.8;270.1;26.3;2.0;1291.0
6.0;3346.4;102.5;36.8;5.0;1291.0
5.5;3378.4;2.5;20.4;3.0;1291.0
3.1;3395.1;3.0;30.5;4.0;1291.0
3.1;3419.2;2.5;26.0;4.0;1291.0
8.3;3461.2;2.0;36.6;0.0;1291.0
3.6;3470.1;2.3;23.4;4.0;1291.0
8.3;3515.4;1.2;24.7;1.0;1291.0
8.3;3557.5;2.0;41.5;4.0;1291.0
8.4;3587.9;2.5;39.6;6.0;1291.0
5.5;3602.9;3.0;27.1;2.0;1291.0
6.0;3633.7;3.5;36.4;4.0;1291.0
7.2;3661.5;4.0;33.1;5.0;1291.0
5.2;3681.9;3.0;22.1;6.0;1291.0
8.3;3725.3;3.0;35.4;2.0;1291.0
1.4;3744.2;3.0;28.5;2.0;1291.0
7.1;3774.0;3.5;34.7;6.0;1291.0
4.7;3799.3;3.3;30.8;7.0;1291.0
6.9;3827.2;2.7;27.7;6.0;1291.0
8.3;3875.0;3.0;31.4;4.0;1291.0
8.4;3870.5;9.3;18.8;3.0;1291.0
8.3;3914.3;8.8;38.5;6.0;1291.0
8.3;3949.2;7.6;30.9;3.0;1291.0
8.4;3959.2;9.6;26.1;4.0;1291.0
8.3;3992.8;6.9;40.0;6.0;1291.0
8.4;4011.5;11.3;20.6;2.0;1291.0
9.6;4056.6;9.4;45.1;7.0;1291.0
8.4;4080.9;12.6;26.7;4.0;1291.0
8.4;4098.0;10.7;24.3;5.0;1291.0
8.4;4154.6;8.3;25.2;1.0;1291.0
8.4;4140.2;12.6;20.8;3.0;1291.0
8.3;4179.0;7.4;41.2;5.0;1291.0
8.4;4206.4;11.5;22.9;4.0;1291.0
8.3;4240.7;8.3;36.4;4.0;1291.0
9.5;4266.9;7.0;29.2;5.0;1291.0
8.4;4298.2;11.3;27.2;4.0;1291.0
8.3;4314.7;7.9;34.1;9.0;1291.0
