189.7;226242560;761
99.7;324153344;965
109.8;351154176;1247
109.8;398077952;1224
109.8;481308672;1008
119.8;481517568;1398
99.8;485449728;1480
99.8;485449728;1519
99.8;485449728;1540
99.9;485449728;1523
99.8;485449728;1537
109.8;578248704;62
129.8;579731456;2
129.8;579239936;1
99.8;579239936;0
99.9;579502080;3
99.8;579502080;0
99.8;579502080;0
109.8;591953920;2
99.8;591953920;0
99.8;591953920;2
99.8;591953920;0
109.8;591953920;1
109.8;595230720;2
99.9;595230720;0
99.8;595230720;0
109.8;595230720;2
99.8;595230720;0
99.8;595230720;2
119.8;595316736;1
99.8;595316736;0
109.8;595316736;2
99.8;595316736;0
99.8;595316736;0
99.8;657444864;2
99.9;725209088;0
89.9;811978752;0
99.9;896389120;0
169.7;778960896;6
109.6;679985152;0
99.8;680116224;0
99.8;737787904;0
99.8;805945344;0
99.9;893370368;0
99.8;903593984;0
99.8;903593984;0
99.8;903593984;0
99.8;903593984;0
99.8;903593984;0
99.8;903593984;0
99.8;903593984;0
99.8;903593984;0
99.8;903593984;0
99.8;903593984;0
99.8;903593984;0
99.8;903593984;0
99.8;903593984;0
99.8;903593984;0
99.8;903593984;0
99.8;903593984;0
99.8;903593984;0
109.8;903593984;0
99.9;903593984;0
99.9;903593984;0
99.8;903593984;0
109.8;903725056;5
99.8;903725056;2
99.8;903725056;0
99.8;903725056;0
99.8;903725056;0
99.8;903725056;0
99.8;903725056;2
99.8;903725056;0
99.8;903725056;0
99.8;903725056;0
99.8;903725056;0
99.8;903725056;0
109.8;903725056;0
99.8;903725056;0
99.9;903725056;0
99.8;903725056;0
99.9;903725056;0
109.8;903725056;0
99.8;903725056;0
99.8;903725056;0
99.8;903725056;0
99.8;903725056;0
99.9;903725056;2
99.8;903725056;0
99.8;903725056;0
99.9;903725056;0
109.8;903856128;5
99.8;903856128;0
99.8;903856128;0
99.8;903856128;0
99.8;903856128;0
99.8;903856128;0
99.8;903856128;0
99.8;903856128;0
99.8;903856128;0
99.8;903856128;0
99.8;903856128;0
99.8;903856128;0
99.8;903856128;0
99.8;903856128;0
99.8;903856128;0
109.8;903856128;0
109.8;903856128;0
99.8;903856128;0
99.8;903856128;0
99.8;903856128;0
99.8;903856128;0
99.8;903856128;0
99.8;903856128;0
99.8;903856128;0
99.8;903856128;0
109.8;904118272;7
99.8;904118272;0
109.8;905166848;1
109.8;905166848;0
99.8;905166848;0
99.8;905166848;0
99.9;905166848;0
99.9;905166848;0
99.8;905166848;0
99.8;905166848;0
99.8;909361152;0
99.9;909361152;0
99.8;909361152;0
99.8;909361152;0
99.8;909361152;0
99.8;909361152;2
99.9;909361152;0
109.8;909361152;0
99.8;909361152;0
99.8;909361152;0
99.9;909361152;0
99.9;909361152;0
99.8;909361152;0
99.8;909361152;0
99.8;909361152;0
99.8;909361152;0
119.8;909361152;4
99.8;909361152;0
99.8;909492224;0
99.8;909492224;0
99.8;909492224;0
99.8;909492224;0
99.9;909492224;0
99.9;909492224;0
99.9;909492224;0
99.9;909492224;0
99.8;909492224;0
99.8;909492224;0
99.9;909492224;0
99.9;909492224;0
99.8;909492224;0
99.9;909492224;0
99.8;909492224;0
99.8;909492224;0
99.9;909492224;0
99.8;909492224;0
99.8;909492224;0
99.9;909492224;0
99.8;909492224;0
99.8;909492224;0
109.8;909492224;0
109.8;909492224;4
99.8;909492224;0
99.8;909623296;0
99.8;909623296;0
99.8;909623296;0
99.8;909623296;0
99.8;909623296;0
99.8;909623296;0
99.8;909623296;0
99.8;909623296;0
99.8;909623296;0
99.9;909623296;0
99.9;909623296;0
99.9;909623296;0
99.8;909623296;0
99.8;909623296;0
99.8;909623296;0
109.8;909623296;0
99.8;909623296;0
99.9;909623296;0
99.9;909623296;0
99.8;909623296;0
99.9;909623296;0
99.8;909623296;0
99.8;909623296;0
99.8;909623296;0
119.8;909754368;4
99.8;909754368;0
99.9;909754368;0
99.8;909754368;0
99.8;909754368;0
99.8;909754368;0
99.9;909754368;0
99.8;909754368;0
99.8;909754368;0
99.8;909754368;0
99.8;909754368;0
99.8;909754368;0
109.8;909754368;0
99.8;909754368;0
99.9;909754368;0
99.8;909754368;0
99.8;909754368;0
99.1;909754368;0
99.7;909754368;0
99.8;909754368;0
99.8;909754368;0
99.8;909754368;0
99.8;909754368;0
99.9;909754368;0
99.8;909754368;0
119.8;910016512;8
99.8;910147584;0
99.9;910147584;0
99.8;910147584;0
99.9;910147584;0
99.8;910147584;0
99.8;910147584;0
99.8;910147584;0
99.8;910147584;0
109.8;910147584;0
99.9;914341888;0
99.9;914341888;0
99.8;914341888;0
99.8;914341888;0
99.8;914341888;0
99.8;914341888;0
99.9;914341888;0
99.8;914341888;0
99.8;914341888;0
99.8;914341888;0
99.9;914341888;0
99.8;914341888;0
99.8;914341888;0
99.8;914341888;0
99.8;914341888;0
99.8;914341888;0
99.8;914604032;6
99.8;914604032;0
99.8;914604032;0
99.8;914604032;0
99.8;914604032;0
99.8;914604032;0
99.8;914604032;0
99.8;914604032;0
99.8;914604032;0
99.8;914604032;0
99.8;914604032;0
99.8;914604032;0
99.8;914604032;0
99.8;914604032;0
99.9;914604032;0
99.8;914604032;0
99.8;914604032;0
99.8;914604032;0
99.8;914604032;0
99.8;914604032;0
99.9;914604032;0
99.9;914604032;0
99.8;914604032;0
99.8;914604032;0
99.8;914604032;0
99.8;914604032;0
119.8;914735104;4
99.9;914735104;0
99.9;914735104;0
99.9;914735104;0
99.9;914735104;0
99.8;914735104;0
99.8;914735104;0
99.8;914735104;0
99.8;914735104;0
99.8;914735104;0
99.8;914735104;0
99.9;914735104;0
99.9;914735104;0
99.8;914735104;0
99.8;914735104;0
99.8;914735104;0
99.8;914735104;0
99.8;914735104;0
99.8;914735104;0
99.8;914735104;0
99.8;914735104;0
99.8;914735104;0
109.8;914735104;0
99.8;914735104;0
99.8;914735104;0
109.8;914735104;4
99.9;914866176;0
99.8;914866176;0
99.9;914866176;0
99.9;914866176;0
