219.7;217468928;678
99.7;313675776;952
119.8;356274176;1155
99.9;384847872;1332
99.9;482365440;989
129.8;482787328;1351
109.8;486850560;1508
89.9;486850560;1509
109.8;486850560;1532
99.8;486850560;1507
89.9;486850560;1536
99.8;487374848;231
169.7;488058880;3
99.8;488058880;0
99.9;488058880;0
109.8;573386752;0
99.8;580333568;2
99.8;580333568;0
109.8;592654336;2
99.8;592654336;0
99.8;592654336;2
99.9;592654336;0
99.8;592654336;1
99.8;592654336;0
99.8;595800064;2
99.8;595800064;0
109.8;595800064;2
99.8;595800064;0
99.8;595800064;0
129.8;595861504;4
99.8;595861504;0
109.8;595861504;2
99.8;595861504;0
99.8;595861504;0
99.8;595861504;2
99.8;595861504;0
109.8;595861504;2
109.8;596516864;5
99.8;596516864;0
99.9;596516864;0
99.9;596516864;0
99.9;609443840;0
109.8;695296000;0
99.9;776036352;0
89.9;843407360;0
109.8;915890176;0
99.8;934109184;0
99.8;934109184;0
99.8;934109184;0
99.8;934109184;0
99.8;934109184;0
99.8;934109184;0
99.8;934109184;0
99.8;934109184;0
99.8;938303488;2
99.8;938303488;0
99.8;938303488;0
99.8;938303488;0
99.8;938303488;0
99.8;938303488;0
99.8;938303488;0
99.8;938303488;0
99.8;938303488;0
99.8;938303488;0
109.5;938565632;5
99.8;934318080;1
99.8;934318080;0
99.8;934318080;0
99.8;934318080;0
99.9;934318080;0
99.8;934318080;0
99.8;934318080;0
99.8;934318080;0
109.8;934318080;0
99.9;934318080;0
99.9;934318080;0
99.8;934318080;0
99.8;934318080;0
99.9;934318080;0
99.9;934318080;0
99.9;934318080;0
99.8;934318080;0
99.8;934318080;0
99.8;934318080;0
99.8;934318080;0
99.8;934318080;0
109.8;934318080;0
99.9;934318080;0
99.8;934318080;0
109.8;934318080;0
109.8;934318080;4
99.8;934318080;0
99.8;934318080;0
99.9;934318080;0
99.8;934318080;0
99.9;934318080;0
99.8;934318080;0
99.8;934318080;0
109.8;934318080;0
99.8;934318080;0
99.9;934318080;0
99.8;934318080;0
99.8;934318080;0
99.8;934318080;0
99.8;934318080;0
99.8;934318080;0
99.9;934318080;0
99.8;934318080;0
99.9;934318080;0
99.8;934318080;0
99.9;934318080;0
99.8;934318080;0
99.8;934318080;0
99.9;934318080;0
99.8;934318080;0
99.8;934318080;0
109.8;934711296;8
109.8;934842368;1
99.9;934842368;0
99.9;934842368;0
99.9;934842368;0
99.9;934842368;0
99.9;934842368;0
99.8;934842368;0
99.9;934842368;0
99.8;934842368;0
99.9;934842368;0
109.8;939036672;0
99.8;939036672;0
99.8;939036672;0
99.8;939036672;0
99.8;939036672;0
99.8;939036672;0
99.8;939036672;0
99.9;939036672;0
99.9;939036672;0
99.8;939036672;0
99.9;939036672;0
99.8;939036672;0
99.8;939036672;0
99.8;939036672;0
109.9;939167744;4
99.8;935149568;0
99.8;935149568;0
99.9;935149568;0
99.8;935149568;0
99.8;935149568;0
99.8;935149568;0
99.8;935149568;0
99.8;935149568;0
99.8;935149568;0
99.8;935149568;0
99.8;935149568;0
99.9;935149568;0
99.8;935149568;0
99.8;935149568;0
99.8;935149568;0
99.8;935149568;0
99.8;935149568;0
99.8;935149568;0
99.8;935149568;0
99.8;935149568;0
99.9;935149568;0
99.8;935149568;0
99.9;935149568;0
99.8;935149568;0
99.8;935149568;0
119.8;935280640;4
99.8;935280640;0
99.8;935280640;0
99.8;935280640;0
99.8;935280640;0
99.8;935280640;0
99.8;935280640;0
99.8;935280640;0
99.8;935280640;0
99.8;935280640;0
99.8;935280640;0
99.8;935280640;0
99.8;935280640;0
99.8;935280640;0
99.8;935280640;0
99.8;935280640;0
99.8;935280640;0
99.8;935280640;0
109.8;935280640;0
99.8;935280640;0
99.9;935280640;0
99.8;935280640;0
99.8;935280640;0
99.8;935280640;0
99.8;935280640;0
109.8;935411712;4
99.9;935411712;0
99.8;935411712;0
99.8;935411712;0
99.8;935411712;0
99.8;935411712;0
99.8;935411712;0
99.9;935411712;2
99.8;935411712;0
99.8;935411712;0
99.8;935411712;0
99.8;935411712;0
99.8;935411712;0
99.8;935411712;0
99.8;935411712;0
99.8;935411712;0
99.8;935411712;0
99.9;935411712;0
99.8;935411712;0
109.8;935411712;0
99.8;935411712;0
99.8;935411712;0
99.8;935411712;0
109.8;935411712;0
99.8;935411712;0
99.8;935411712;0
99.8;935673856;8
99.8;935673856;0
99.8;935673856;0
99.8;935673856;0
99.9;935673856;0
109.8;935673856;0
99.8;935673856;0
99.8;935673856;0
99.8;935673856;0
99.8;935673856;0
99.8;939737088;0
99.7;939737088;0
99.8;939737088;0
99.8;939737088;0
99.8;939737088;0
99.8;939737088;0
99.8;939737088;0
99.8;939737088;0
109.8;939737088;0
99.8;939737088;0
99.8;939737088;0
99.8;939737088;0
99.8;939737088;0
99.8;939737088;0
109.1;939999232;4
99.8;935747584;0
99.8;935747584;0
99.8;935747584;0
99.8;935747584;0
99.8;935747584;0
99.8;935747584;0
109.8;935747584;0
99.8;935747584;0
99.8;935747584;0
99.8;935747584;0
99.9;935747584;0
99.9;935747584;0
109.8;935747584;0
99.8;935747584;0
99.8;935747584;0
99.8;935747584;0
99.9;935747584;0
99.8;935747584;0
99.8;935747584;0
109.8;935747584;0
99.8;935747584;0
99.8;935747584;0
99.8;935747584;0
99.8;935747584;0
99.8;935747584;0
109.8;935747584;4
99.8;935747584;0
99.8;935747584;0
99.8;935747584;0
99.8;935747584;0
99.8;935747584;0
99.8;935747584;0
109.8;935747584;0
99.8;935747584;0
99.8;935747584;0
99.8;935747584;0
99.8;935747584;0
99.8;935747584;0
99.8;935747584;0
99.9;935747584;0
99.9;935747584;0
99.9;935747584;0
99.8;935747584;0
99.8;935747584;0
99.8;935747584;0
99.9;935747584;0
99.8;935747584;0
99.8;935747584;0
99.9;935747584;0
99.9;935747584;0
109.8;935878656;4
99.8;935878656;0
99.8;935878656;0
99.8;935878656;0
99.8;935878656;0
99.8;935878656;0
99.8;935878656;0
