209.6;222777344;729
99.9;319639552;959
119.8;355684352;1202
99.8;394350592;1317
99.9;481775616;994
129.8;481947648;1423
99.8;485879808;1502
99.8;485879808;1522
99.9;485879808;1542
99.8;485879808;1528
99.8;486010880;1541
99.8;486535168;14
149.8;487452672;3
99.8;487452672;0
99.9;495054848;0
99.9;579727360;2
99.8;579727360;0
99.8;579727360;0
109.8;591917056;2
99.8;591917056;0
99.8;592179200;2
99.8;592179200;0
119.8;592179200;1
99.9;593358848;2
99.8;595324928;0
99.8;595324928;0
99.9;595324928;2
99.8;595324928;0
99.8;595324928;2
119.8;595435520;2
99.8;595435520;0
109.8;595435520;2
109.8;595435520;0
99.8;595435520;0
99.8;595435520;2
99.9;595435520;0
109.8;595435520;2
118.9;595959808;7
99.8;595959808;0
99.8;595959808;0
99.9;595959808;0
109.8;613355520;2
99.9;700125184;0
99.9;780210176;0
89.9;848760832;0
109.8;920850432;0
99.8;933564416;0
99.8;933564416;0
99.8;933695488;0
99.9;933695488;0
99.8;933695488;0
99.9;933695488;0
99.8;933695488;0
99.8;933695488;0
109.8;937889792;0
99.8;937889792;0
99.8;937889792;0
99.9;937889792;0
99.9;937889792;0
99.8;937889792;0
99.8;937889792;0
99.8;937889792;0
99.8;937889792;0
99.8;937889792;0
109.8;938283008;5
99.8;934010880;0
99.8;934010880;1
99.8;934010880;0
99.8;934010880;0
99.8;934010880;0
99.8;934010880;0
99.8;934010880;0
99.8;934010880;0
99.8;934010880;0
99.8;934010880;0
99.8;934010880;0
99.9;934010880;0
99.8;934010880;0
99.9;934010880;0
99.8;934010880;0
99.8;934010880;0
99.8;934010880;0
99.8;934010880;0
99.8;934010880;0
99.9;934010880;0
99.8;934010880;0
99.9;934010880;0
99.8;934010880;0
89.9;934010880;0
99.9;934010880;0
109.8;934010880;4
99.8;934010880;0
99.9;934141952;0
99.8;934141952;0
99.8;934141952;0
119.8;934141952;0
99.8;934141952;0
99.9;934141952;0
99.8;934141952;0
99.8;934141952;0
99.8;934141952;0
99.8;934141952;0
99.8;934141952;0
99.8;934141952;0
99.8;934141952;0
99.8;934141952;0
99.9;934141952;0
99.9;934141952;0
99.9;934141952;0
99.9;934141952;0
99.8;934141952;0
109.8;934141952;2
99.9;934141952;0
99.8;934141952;0
109.8;934404096;8
99.8;934535168;0
119.8;934666240;1
99.8;934666240;0
99.8;934666240;0
99.8;934666240;0
99.8;934666240;0
99.9;934666240;0
99.8;934666240;0
99.9;934666240;0
99.8;934666240;0
99.8;934666240;0
99.8;938860544;0
99.8;938860544;0
99.8;938860544;0
99.8;938860544;0
99.8;938860544;0
99.8;938860544;0
99.8;938860544;0
99.9;938860544;0
99.9;938860544;0
99.9;938860544;0
99.8;938860544;0
99.8;938860544;0
99.8;938860544;0
99.9;938860544;0
109.8;938991616;4
99.8;934793216;0
99.9;934793216;0
99.8;934793216;0
99.8;934793216;0
99.8;934793216;0
99.8;934793216;0
99.8;934793216;0
99.8;934793216;0
99.8;934793216;0
99.8;934793216;0
99.8;934793216;0
99.8;934793216;2
99.8;934793216;0
99.8;934793216;0
99.8;934793216;0
99.8;934793216;0
99.9;934793216;0
99.9;934793216;0
99.8;934793216;0
99.8;934793216;0
99.8;934793216;0
99.8;934793216;0
109.8;934793216;0
99.8;934793216;0
109.8;934793216;3
99.7;934924288;1
99.8;934924288;0
99.8;934924288;0
99.8;934924288;0
99.8;934924288;0
99.8;934924288;0
99.9;934924288;0
109.8;934924288;0
99.8;934924288;0
99.8;934924288;0
99.8;934924288;0
99.8;934924288;0
99.8;934924288;0
99.8;934924288;0
99.8;934924288;0
99.8;934924288;0
99.8;934924288;0
99.8;934924288;0
99.8;934924288;0
99.8;934924288;0
99.8;934924288;0
99.8;934924288;0
99.8;934924288;0
99.8;934924288;0
109.8;934924288;0
109.7;934924288;4
99.8;934924288;0
99.8;934924288;0
99.8;934924288;0
99.8;934924288;0
99.8;934924288;0
99.8;934924288;0
99.8;934924288;0
99.8;934924288;0
109.8;934924288;0
99.8;934924288;0
99.8;934924288;0
99.8;934924288;0
99.8;934924288;0
99.8;934924288;0
99.8;934924288;0
99.8;934924288;0
109.8;934924288;0
99.8;934924288;0
109.8;934924288;0
99.8;934924288;0
99.8;934924288;0
99.8;934924288;0
99.8;934924288;0
99.8;934924288;0
109.8;935055360;9
99.8;935055360;0
99.8;935055360;0
99.8;935055360;0
99.8;935055360;0
99.8;935055360;0
99.9;935055360;0
99.8;935055360;0
99.8;935055360;0
99.8;935055360;0
99.8;935055360;0
99.8;935055360;0
99.8;939249664;0
99.8;939249664;0
99.8;939249664;0
99.8;939249664;0
99.8;939249664;0
99.8;939249664;0
99.8;939249664;0
99.8;939249664;0
99.8;939249664;0
99.8;939249664;0
99.8;939249664;0
99.8;939249664;0
99.9;939249664;2
99.8;939249664;0
107.8;939380736;5
99.8;935215104;0
99.8;935215104;0
109.8;935215104;0
99.8;935215104;0
99.9;935215104;0
99.8;935215104;0
99.8;935215104;0
99.9;935215104;0
99.8;935215104;0
99.8;935215104;0
99.8;935215104;0
109.8;935215104;0
99.8;935215104;0
99.8;935215104;0
99.8;935215104;0
99.8;935215104;0
99.8;935215104;0
99.8;935215104;0
99.8;935215104;0
99.8;935215104;0
99.8;935215104;0
99.9;935215104;0
99.9;935215104;0
99.8;935215104;0
109.8;935215104;4
99.8;935215104;0
99.8;935215104;0
99.8;935215104;0
99.8;935215104;0
99.9;935215104;0
99.9;935215104;0
99.8;935215104;0
99.8;935215104;0
99.8;935215104;0
99.8;935215104;0
99.8;935215104;0
99.9;935215104;0
99.8;935215104;0
99.8;935215104;0
99.8;935215104;0
99.8;935215104;0
89.8;935215104;2
99.9;935215104;0
99.8;935215104;0
99.8;935215104;0
99.8;935215104;0
99.9;935215104;0
99.9;935215104;0
99.8;935215104;0
99.8;935215104;0
119.8;935477248;4
99.8;935477248;0
99.8;935477248;0
99.8;935477248;0
99.8;935477248;0
99.8;935477248;0
99.8;935477248;0
