199.7;316411904;244
109.8;395579392;1024
99.8;491524096;947
129.8;552341504;1154
99.8;552341504;1526
119.8;552644608;1497
109.8;556576768;1483
99.8;556576768;1526
119.8;556576768;1501
99.8;556576768;1545
99.9;653307904;1017
99.9;755806208;1012
99.9;858435584;1014
99.8;935243776;1140
99.8;935243776;1521
99.8;935243776;1538
99.8;935243776;1530
109.8;935243776;1533
99.8;935243776;1523
99.8;935243776;1541
109.8;935243776;1537
99.8;964997120;1175
109.8;965128192;8
99.8;965128192;0
189.7;965259264;1
745.0;971194368;2
728.4;971194368;3
693.2;975257600;5
773.0;981942272;2
783.4;981942272;2
798.1;981942272;2
719.1;1072513024;4
596.7;1341997056;0
608.9;1684226048;0
598.7;1897742336;0
578.6;1899053056;0
439.1;1899053056;0
199.7;1899315200;5
99.8;1899315200;0
119.8;1899446272;0
471.3;1900101632;1
712.2;1900101632;0
710.1;1900101632;0
798.5;1900101632;3
796.4;1900101632;0
798.6;1900101632;2
801.0;1900101632;0
791.6;1898696704;2
798.8;1898696704;0
597.7;1898696704;2
317.8;1898958848;6
109.8;1898958848;0
109.8;1899089920;0
379.5;1899614208;0
755.3;1899614208;2
698.7;1899614208;0
800.1;1899614208;0
784.2;1899614208;2
797.0;1899614208;0
792.8;1899614208;2
649.1;1899614208;0
497.3;1899614208;0
439.0;1899614208;2
369.2;1899614208;0
219.7;1899745280;5
99.8;1899745280;0
119.8;1899876352;0
444.3;1900531712;3
598.9;1900531712;0
658.7;1900531712;0
765.6;1900531712;2
798.8;1900531712;0
800.6;1900531712;2
794.6;1900531712;0
594.6;1900531712;0
589.0;1900662784;2
606.2;1900662784;0
588.9;1900662784;3
219.6;1901318144;8
99.8;1901318144;0
139.7;1901318144;0
433.8;1901973504;2
629.0;1901973504;0
704.7;1902104576;2
708.5;1902104576;0
698.8;1906298880;2
783.8;1906298880;0
791.5;1906298880;0
778.8;1906298880;0
692.5;1906298880;0
698.3;1906298880;1
429.1;1906298880;3
99.8;1906429952;2
109.8;1906561024;0
259.7;1907216384;1
696.4;1907216384;2
698.6;1907216384;0
698.9;1907216384;0
698.8;1907347456;0
698.4;1907347456;0
688.8;1907347456;0
569.0;1907347456;0
477.8;1907347456;0
449.0;1907347456;0
438.9;1907347456;0
319.4;1907347456;1
119.8;1907347456;4
99.8;1907347456;0
159.7;1907609600;0
618.7;1908133888;2
705.1;1908133888;0
759.2;1908133888;2
796.4;1908133888;0
799.1;1908264960;0
805.8;1908264960;0
698.7;1908264960;0
602.5;1908264960;0
598.9;1908264960;0
589.0;1908264960;0
219.6;1908264960;6
99.9;1908264960;0
149.8;1908527104;0
483.0;1909051392;1
597.0;1909051392;0
677.7;1909051392;0
767.8;1909051392;0
800.8;1909051392;0
802.1;1909051392;0
787.7;1909051392;0
678.7;1909051392;0
598.1;1909051392;2
518.8;1909051392;0
319.4;1909051392;2
109.8;1909575680;8
99.8;1909575680;0
179.7;1909837824;0
655.5;1910099968;1
697.0;1910099968;0
770.5;1910362112;3
809.1;1910362112;0
800.5;1914556416;0
806.9;1914556416;0
699.2;1914556416;0
642.2;1914556416;0
598.4;1914556416;0
528.8;1914556416;0
168.0;1914818560;4
99.8;1914818560;0
149.8;1914949632;0
551.7;1915211776;0
718.9;1915211776;0
793.3;1915211776;2
798.7;1915211776;0
791.1;1915211776;0
796.4;1915211776;0
788.8;1915211776;0
805.9;1915211776;0
801.0;1915211776;0
715.1;1915211776;0
119.8;1915211776;4
99.8;1915211776;0
199.7;1915604992;0
589.1;1916260352;2
505.4;1916260352;0
498.9;1916260352;0
498.8;1916260352;2
792.8;1916260352;0
744.1;1916260352;0
704.9;1916260352;0
629.0;1916260352;0
598.9;1916260352;0
558.9;1916260352;0
169.7;1916260352;0
99.8;1916260352;0
99.8;1916260352;0
99.8;1916522496;5
99.8;1916522496;0
149.7;1916653568;0
534.5;1917177856;1
707.6;1917177856;0
735.9;1917177856;0
811.4;1917177856;0
790.2;1917177856;0
807.0;1917177856;0
784.7;1917177856;2
429.1;1917177856;0
399.3;1917177856;0
399.3;1917177856;2
389.2;1917177856;0
129.8;1917308928;7
99.8;1917308928;0
149.7;1917440000;1
558.1;1917964288;0
698.6;1917964288;2
697.9;1917964288;0
688.6;1917964288;2
708.2;1917964288;0
708.1;1917964288;0
688.3;1918095360;2
698.6;1918095360;0
672.9;1918095360;0
598.9;1918095360;0
478.8;1918226432;5
99.8;1918357504;2
99.8;1918357504;0
199.7;1918619648;1
648.4;1919143936;1
713.2;1919143936;0
796.5;1919143936;0
808.5;1919143936;0
791.1;1919143936;0
798.3;1919143936;0
787.5;1919143936;2
790.7;1919143936;0
694.4;1919143936;0
488.9;1919275008;3
109.8;1919406080;2
99.8;1919406080;0
330.1;1920061440;0
685.7;1920061440;0
748.4;1920061440;2
797.8;1920061440;0
800.4;1920061440;0
805.6;1920061440;0
789.6;1920061440;2
715.2;1920061440;0
698.5;1920061440;2
658.8;1920061440;0
458.5;1920061440;2
99.8;1920192512;2
99.8;1920192512;0
299.5;1920978944;2
639.7;1920978944;0
805.5;1920978944;0
790.3;1920978944;2
802.7;1920978944;0
799.4;1920978944;0
797.7;1920978944;0
734.4;1920978944;2
598.9;1920978944;0
598.9;1920978944;0
588.8;1920978944;0
129.8;1920978944;7
99.8;1920978944;0
169.7;1921241088;0
672.0;1921634304;0
664.7;1921765376;0
788.2;1921765376;0
804.3;1921765376;0
788.8;1921896448;0
775.6;1921896448;0
548.4;1921896448;2
509.0;1921896448;0
578.7;1921896448;0
548.7;1921896448;1
309.5;1922027520;5
99.8;1922027520;0
119.8;1922158592;0
369.3;1922551808;0
638.1;1922551808;0
737.7;1922551808;0
796.2;1922551808;2
809.5;1922551808;0
808.6;1922551808;0
805.1;1922551808;0
568.7;1922551808;0
498.8;1922551808;0
499.0;1922551808;0
439.1;1922551808;2
139.7;1922813952;4
99.8;1922813952;0
169.7;1922945024;0
514.3;1923469312;0
675.0;1923469312;0
588.5;1923469312;2
730.4;1923469312;0
790.1;1923469312;2
803.9;1923469312;0
807.0;1923469312;0
696.2;1923469312;0
698.6;1923600384;0
628.4;1923600384;2
309.5;1923731456;4
99.8;1923731456;0
139.7;1923862528;0
478.8;1924517888;0
697.8;1924517888;0
766.5;1924517888;0
807.0;1924517888;0
796.8;1924517888;2
802.4;1924517888;0
799.2;1924648960;2
780.4;1924648960;0
698.6;1924648960;2
658.4;1924648960;0
296.6;1924911104;8
99.8;1924911104;0
129.8;1925042176;0
419.0;1925566464;0
789.8;1925566464;0
