0.0;10522624;0
0.0;10522624;0
0.0;10522624;0
0.0;10522624;0
33.2;12660736;0
99.7;12701696;0
71.7;12742656;0
99.7;12775424;0
49.9;12787712;0
100.3;12836864;0
56.8;12865536;0
99.7;12869632;0
66.5;13017088;0
100.3;13033472;0
66.5;13148160;0
100.8;11182080;0
83.1;13271040;0
86.0;11247616;0
66.5;13271040;0
86.0;11247616;0
71.0;13336576;0
100.8;11313152;0
83.1;13398016;0
71.7;11378688;0
85.2;13467648;0
84.0;11444224;0
99.7;13467648;0
86.0;11481088;173
86.0;13598720;0
66.5;14462976;0
99.7;13541376;0
66.5;13524992;0
100.3;13524992;0
66.5;13664256;0
100.8;13664256;0
83.1;13635584;0
100.3;13635584;0
66.5;13598720;0
100.8;13656064;0
56.8;13524992;0
100.3;13524992;0
71.7;13733888;0
99.7;13733888;0
49.9;13729792;0
99.7;13729792;0
57.3;13647872;0
99.4;13705216;0
67.2;13791232;0
99.7;11771904;0
71.7;13529088;0
85.2;11509760;0
67.2;13783040;0
83.1;11763712;0
83.1;13529088;0
71.7;11509760;0
85.2;13795328;0
83.1;11771904;0
99.7;13737984;0
71.7;11714560;0
99.4;13516800;0
86.0;14598144;0
99.7;13512704;0
66.5;13750272;0
99.4;13750272;0
71.7;13746176;0
99.7;13746176;0
66.5;13697024;0
100.8;13697024;0
49.9;13742080;0
100.3;13742080;0
56.8;13701120;0
100.8;13701120;0
49.9;13701120;0
99.7;13701120;0
57.3;13758464;0
85.2;11735040;0
66.5;13537280;0
99.7;11513856;0
84.0;13754368;0
85.2;11735040;0
86.0;13742080;0
83.1;11722752;0
99.7;13746176;0
66.5;11726848;0
99.7;13701120;0
67.2;13553664;0
99.4;13553664;0
57.3;13737984;0
100.3;13737984;0
71.0;13758464;0
100.3;13758464;0
49.9;13754368;0
100.8;13754368;0
66.5;13496320;0
99.7;13496320;0
71.7;13750272;0
99.4;13750272;0
71.7;13701120;0
99.7;11677696;0
84.0;13754368;0
83.1;11735040;0
99.7;13545472;0
71.7;11522048;0
99.4;13697024;0
57.3;11919360;0
99.4;13737984;0
50.4;13709312;0
99.7;13709312;0
49.9;13697024;0
100.8;13697024;0
66.5;13701120;0
83.1;13701120;0
49.9;13697024;0
100.3;13697024;0
71.7;13701120;0
99.4;13701120;0
50.4;13758464;0
99.7;13758464;0
66.5;13701120;0
99.7;11677696;0
83.1;13754368;0
84.0;11735040;0
116.4;13754368;0
71.7;11735040;0
100.8;13496320;0
71.0;14561280;0
100.3;13733888;0
56.8;13758464;0
100.8;13758464;0
49.9;13758464;0
99.7;13758464;0
50.4;13701120;0
99.7;13701120;0
57.3;13758464;0
99.4;13758464;0
57.3;13754368;0
100.3;13754368;0
71.0;13701120;0
71.7;11677696;0
83.1;13737984;0
83.1;11718656;0
99.7;13533184;0
66.5;12869632;0
100.8;13697024;0
66.5;13742080;0
99.7;13742080;0
50.4;13492224;0
99.7;13492224;0
71.7;13754368;0
99.4;13754368;0
71.7;13754368;0
100.3;13754368;0
56.8;13701120;0
86.0;11677696;0
71.7;13701120;0
71.0;11677696;0
86.0;13553664;0
66.5;11530240;0
100.8;13758464;0
49.9;15118336;0
99.7;13758464;0
67.2;13758464;0
99.7;13758464;0
86.0;13754368;0
99.7;13754368;0
66.5;13496320;0
100.8;13496320;0
66.5;13754368;0
100.3;11735040;0
71.7;13701120;0
85.2;11677696;0
86.0;13750272;0
71.0;11726848;0
100.3;13701120;0
66.5;11677696;0
99.4;13737984;0
57.3;13746176;0
100.3;13746176;0
56.8;13737984;0
100.3;13737984;0
71.0;13754368;0
100.3;13754368;0
57.3;13701120;0
99.4;13701120;0
71.7;13549568;0
86.0;11530240;0
85.2;13697024;0
66.5;11677696;0
99.7;13754368;0
66.5;13701120;0
100.8;13701120;0
66.5;13754368;0
99.7;13754368;0
67.2;13701120;0
99.7;13701120;0
83.1;13701120;0
99.7;11677696;0
83.1;13742080;0
84.0;11718656;0
83.1;13701120;0
56.8;11677696;0
100.3;13742080;0
71.7;13697024;0
99.4;13697024;0
49.9;13701120;0
99.7;13701120;0
49.9;13701120;0
100.8;13701120;0
83.1;13697024;0
99.7;11677696;0
84.0;13746176;0
83.1;11726848;0
99.7;13758464;0
66.5;11735040;0
99.4;13754368;0
57.3;13758464;0
100.3;13758464;0
56.8;13701120;0
100.3;13701120;0
57.3;13697024;0
99.4;13697024;0
57.3;13758464;0
99.4;11735040;0
83.1;13750272;0
67.2;11726848;0
83.1;13746176;0
71.7;11722752;0
100.8;13701120;0
49.9;12533760;0
99.7;13746176;0
49.9;13701120;0
99.7;13701120;0
50.4;13553664;0
99.7;13553664;0
66.5;13754368;0
100.8;13754368;0
66.5;13758464;0
99.7;11735040;0
83.1;13705216;0
83.1;11685888;0
100.8;13553664;0
66.5;11530240;0
99.4;13758464;0
57.3;13701120;0
100.3;13701120;0
49.9;13742080;0
99.7;13742080;0
66.5;13754368;0
99.7;13754368;0
67.2;13697024;0
86.0;11677696;0
85.2;13737984;0
71.7;11718656;0
100.3;13754368;0
66.5;13754368;0
99.7;13754368;0
66.5;13553664;0
99.7;13553664;0
50.4;13533184;0
100.3;13533184;0
56.8;13754368;0
100.3;13754368;0
71.7;13701120;0
83.1;11677696;0
99.7;13754368;0
66.5;12533760;0
99.7;13697024;0
67.2;13758464;0
99.7;13758464;0
71.0;13697024;0
100.3;13697024;0
71.7;13758464;0
99.7;13758464;0
83.1;13697024;0
99.7;13746176;0
99.7;13725696;0
16.8;11702272;0
99.7;13742080;0
0.0;13725696;0
100.8;13725696;0
28.7;13725696;0
85.2;11702272;0
49.9;13721600;0
83.1;11702272;0
49.9;13725696;0
43.0;11702272;0
71.7;13725696;0
42.6;11702272;0
86.0;13725696;0
86.0;15147008;0
149.6;13934592;0
49.9;13918208;0
83.1;13926400;0
142.0;15970304;0
86.0;11530240;0
67.2;13713408;0
99.7;13713408;0
133.0;13762560;0
100.3;13762560;0
186.4;13864960;0
