0.0;10510336;0
0.0;10510336;0
0.0;10510336;0
0.0;10510336;0
49.9;12693504;0
99.4;12713984;0
67.2;12800000;0
99.7;12800000;0
71.7;12808192;0
100.3;12857344;0
99.7;12988416;0
99.7;12988416;0
100.3;13058048;0
99.7;13058048;0
99.7;13103104;0
100.8;13135872;0
99.4;13275136;0
99.7;13275136;0
99.7;13328384;0
100.3;13328384;0
99.4;13369344;0
100.8;13369344;0
116.4;13443072;0
99.7;13443072;0
99.4;13488128;0
100.3;12869632;0
99.7;13651968;0
99.7;15618048;88
114.7;13635584;85
85.2;13611008;0
99.7;13611008;0
83.1;14438400;0
100.3;14438400;0
99.4;14389248;0
100.8;14389248;0
116.4;13459456;0
100.3;13459456;0
99.4;13647872;0
127.8;13910016;0
100.3;13910016;0
149.6;15773696;0
116.4;13635584;0
113.6;13836288;0
100.3;13893632;0
166.2;13729792;0
99.7;13729792;0
184.8;16035840;0
127.8;14016512;0
186.4;16031744;0
133.0;14012416;0
201.6;14929920;0
99.7;14929920;0
186.4;16424960;0
100.3;14405632;0
149.6;13864960;0
114.7;16928768;0
133.0;14909440;0
133.0;16928768;0
84.0;12886016;0
42.6;14905344;0
100.3;14905344;0
99.7;13996032;0
99.7;13996032;0
116.4;14004224;0
99.7;14004224;0
84.0;13991936;0
0.0;11972608;0
99.7;14848000;0
100.3;14848000;0
127.8;14020608;0
114.7;14336000;0
149.6;13848576;0
84.0;14860288;0
99.7;14860288;0
99.7;14012416;0
100.3;14012416;0
99.4;14024704;0
99.7;14024704;0
99.7;13996032;0
16.8;11972608;0
42.6;14843904;0
100.3;14843904;0
86.0;12013568;0
0.0;12013568;0
71.7;14897152;0
99.7;12873728;0
84.0;12017664;0
0.0;12017664;0
71.7;14888960;0
100.3;14888960;0
99.4;13996032;0
66.5;11972608;0
99.7;13979648;0
50.4;14254080;0
66.5;12808192;0
16.6;13762560;0
100.3;13762560;0
99.4;14893056;0
100.3;14893056;0
71.0;14897152;0
100.8;14897152;0
66.5;14897152;0
99.7;14897152;0
100.8;14004224;0
99.7;14004224;0
99.7;14008320;0
99.4;14008320;0
100.3;14888960;0
100.3;14888960;0
99.7;12869632;0
0.0;12869632;0
99.7;12001280;0
0.0;12001280;0
99.7;13697024;0
99.7;14864384;0
100.8;14864384;0
71.0;14872576;0
100.3;14872576;0
100.3;13930496;0
99.4;13930496;0
57.3;13959168;0
99.4;13959168;0
100.8;13955072;0
99.7;13955072;0
83.1;14893056;0
100.8;14893056;0
99.7;13934592;0
99.7;13934592;0
99.7;14036992;0
100.3;14036992;0
100.3;14888960;0
99.4;13950976;0
100.3;13950976;0
100.3;14954496;0
99.4;14954496;0
99.7;14962688;0
99.7;14962688;0
100.8;13959168;0
99.7;13959168;0
66.5;14884864;0
0.0;12861440;0
56.8;13975552;0
100.3;13975552;0
99.4;13946880;0
100.3;13946880;0
100.3;13975552;0
71.0;11952128;0
71.7;12857344;0
0.0;14610432;0
99.7;14888960;0
66.5;14893056;0
49.9;12869632;0
33.6;14893056;0
99.7;14893056;0
66.5;13934592;0
16.8;11915264;0
57.3;13950976;0
85.2;11927552;0
71.7;13750272;0
99.7;13750272;0
100.8;11964416;0
0.0;11964416;0
71.0;11956224;0
14.3;14344192;0
100.8;14893056;0
99.7;14004224;0
99.7;14004224;0
99.7;13991936;0
100.3;13991936;0
57.3;14000128;0
28.4;11976704;0
57.3;13922304;0
100.3;13922304;0
113.6;14016512;0
86.0;11993088;0
85.2;14004224;0
100.3;14004224;0
100.3;13996032;0
99.4;14897152;0
100.3;14897152;0
114.7;14901248;0
99.4;14901248;0
100.3;14901248;0
99.4;14901248;0
57.3;14901248;0
100.3;14901248;0
56.8;13922304;0
100.3;13922304;0
100.3;14888960;0
99.4;14888960;0
100.3;14962688;0
99.4;14962688;0
66.5;12943360;0
0.0;14823424;0
99.7;14962688;0
66.5;13942784;0
100.8;13942784;0
66.5;14954496;0
99.7;14954496;0
66.5;13922304;0
14.2;11898880;0
99.7;14897152;0
100.8;12873728;0
66.5;11943936;0
0.0;11943936;0
100.8;13926400;0
49.9;13959168;0
99.7;13959168;0
49.9;13963264;0
99.7;13963264;0
50.4;13737984;0
100.3;13737984;0
99.4;13991936;0
100.3;13991936;0
57.3;14016512;0
85.2;11997184;0
83.1;13950976;0
99.7;13950976;0
116.4;14897152;0
100.8;14897152;0
99.7;14897152;0
83.1;14893056;0
50.4;12873728;0
16.6;14901248;0
99.4;14901248;0
100.3;13950976;0
99.4;13950976;0
100.3;13996032;0
100.8;13996032;0
83.1;12828672;0
0.0;12828672;0
117.6;13946880;0
99.7;13946880;0
99.7;14888960;0
116.4;14008320;0
49.9;11988992;0
16.8;13668352;0
100.3;13668352;0
99.4;13914112;0
100.3;13914112;0
100.8;13922304;0
99.7;13922304;0
99.7;14888960;0
99.7;14888960;0
66.5;12873728;0
0.0;13701120;0
99.7;13701120;0
99.4;13963264;0
100.3;13963264;0
57.3;14893056;0
99.7;14893056;0
66.5;14893056;0
0.0;12873728;0
99.7;14901248;0
99.7;14901248;0
100.8;13950976;0
66.5;13996032;0
99.4;13996032;0
71.7;14897152;0
28.7;12877824;0
49.9;14000128;0
99.7;14000128;0
99.7;14876672;0
99.7;14876672;0
100.3;13987840;0
71.7;11968512;0
99.7;14888960;0
66.5;13733888;0
100.8;13733888;0
116.4;14848000;0
99.7;14848000;0
114.7;13938688;0
99.4;13975552;0
99.7;14880768;0
0.0;12857344;0
99.7;13832192;0
66.5;11808768;0
100.3;13668352;0
57.3;14938112;0
99.4;14938112;0
49.9;14942208;0
33.2;12918784;0
56.8;14938112;0
100.3;12918784;0
84.0;13807616;0
99.7;13807616;0
99.7;13955072;0
100.3;13836288;0
100.3;13950976;0
71.0;13938688;0
99.7;13938688;0
66.5;13934592;0
16.6;11915264;0
71.7;13750272;0
100.3;13750272;0
99.4;13938688;0
66.5;11915264;0
100.8;13950976;0
57.3;14848000;0
99.7;14848000;0
