0.0;10510336;0
0.0;10510336;0
0.0;10510336;0
0.0;10510336;0
50.4;12664832;0
99.7;12701696;0
66.5;12742656;0
100.3;12775424;0
66.5;12787712;0
99.7;12845056;0
66.5;12845056;0
86.0;10858496;0
66.5;13012992;0
100.8;13045760;0
71.0;13078528;0
86.0;11087872;0
66.5;13156352;0
84.0;11202560;0
71.0;13213696;0
71.7;11190272;0
83.1;13242368;0
66.5;11218944;0
85.2;13250560;0
57.3;11296768;0
116.4;13307904;0
66.5;11415552;0
86.0;13475840;0
85.2;11489280;173
99.7;13479936;0
49.9;13594624;0
100.8;13463552;0
71.0;13639680;0
100.8;13639680;0
49.9;13549568;0
99.7;13549568;0
56.8;13488128;0
100.3;13623296;0
66.5;13635584;0
71.7;13783040;0
99.7;13783040;0
66.5;13594624;0
99.7;13594624;0
71.7;13783040;0
99.7;13783040;0
67.2;13828096;0
99.7;13828096;0
57.3;13713408;0
85.2;11751424;0
67.2;13848576;0
99.7;11825152;0
83.1;13844480;0
71.7;11825152;0
85.2;13848576;0
99.7;11825152;0
99.7;13848576;0
50.4;11825152;0
99.4;13844480;0
57.3;11300864;0
100.3;13578240;0
49.9;13602816;0
99.7;13615104;0
49.9;13516800;0
100.8;13619200;0
66.5;13639680;0
100.3;13639680;0
71.7;13635584;0
99.7;13635584;0
66.5;13639680;0
99.7;13639680;0
67.2;13836288;0
99.4;13836288;0
57.3;13840384;0
86.0;11816960;0
66.5;13836288;0
83.1;11816960;0
83.1;13840384;0
71.7;11816960;0
85.2;13619200;0
67.2;11599872;0
99.7;13623296;0
66.5;12124160;0
99.7;13565952;0
57.3;13774848;0
100.3;13774848;0
56.8;13524992;0
100.8;13524992;0
49.9;13770752;0
99.7;13770752;0
66.5;13770752;0
100.3;13770752;0
66.5;13729792;0
99.7;13729792;0
67.2;13565952;0
99.7;11747328;0
83.1;13774848;0
85.2;11751424;0
71.7;13570048;0
83.1;11546624;0
83.1;13561856;0
67.2;11542528;0
99.7;13774848;0
57.3;12210176;0
99.4;13565952;0
57.3;13770752;0
99.7;13770752;0
49.9;13570048;0
100.8;13570048;0
49.9;13774848;0
99.7;13774848;0
66.5;13770752;0
100.3;13770752;0
71.7;13565952;0
99.4;13565952;0
71.7;13770752;0
99.7;11751424;0
66.5;13565952;0
83.1;11546624;0
83.1;13770752;0
67.2;11751424;0
85.2;13754368;0
57.3;11735040;0
100.3;13758464;0
56.8;13565952;0
99.7;13565952;0
49.9;13774848;0
100.8;13774848;0
49.9;13570048;0
99.7;13570048;0
50.4;13770752;0
99.7;13770752;0
71.7;13524992;0
85.2;11505664;0
71.7;13770752;0
86.0;11751424;0
85.2;13570048;0
71.7;11546624;0
99.7;13770752;0
66.5;11751424;0
100.3;13570048;0
56.8;13561856;0
100.3;13561856;0
57.3;13553664;0
99.4;13553664;0
71.7;13565952;0
100.3;13565952;0
71.0;13549568;0
100.3;12369920;0
71.0;13553664;0
100.8;11530240;0
83.1;13570048;0
66.5;11546624;0
100.8;13553664;0
66.5;11530240;0
99.7;13553664;0
66.5;13774848;0
99.7;13774848;0
67.2;13565952;0
99.4;13565952;0
71.7;13774848;0
100.3;13774848;0
56.8;13565952;0
100.3;13565952;0
71.0;13770752;0
100.3;13770752;0
71.7;13766656;0
85.2;11743232;0
84.0;13570048;0
83.1;11546624;0
99.7;13774848;0
66.5;11751424;0
99.4;13570048;0
50.4;13770752;0
99.7;13770752;0
49.9;13570048;0
100.8;13570048;0
66.5;13549568;0
99.4;13549568;0
49.9;13770752;0
99.7;13770752;0
84.0;13565952;0
99.7;11546624;0
83.1;13774848;0
84.0;11751424;0
85.2;13570048;0
71.7;11546624;0
99.4;13770752;0
71.7;14860288;0
100.3;13570048;0
66.5;13774848;0
100.3;13774848;0
71.7;13758464;0
99.4;13758464;0
71.7;13565952;0
99.4;13565952;0
71.7;13557760;0
84.0;11538432;0
83.1;13774848;0
71.7;11751424;0
86.0;13565952;0
49.9;13025280;0
100.3;13557760;0
56.8;13570048;0
100.3;13570048;0
57.3;13553664;0
99.7;13553664;0
57.3;13549568;0
100.3;13549568;0
66.5;13549568;0
83.1;11530240;0
99.7;13553664;0
66.5;11530240;0
84.0;13549568;0
83.1;11530240;0
99.7;13774848;0
50.4;13565952;0
99.7;13565952;0
71.0;13770752;0
100.3;13770752;0
71.0;13570048;0
100.3;13570048;0
71.7;13774848;0
99.4;11751424;0
71.7;13570048;0
86.0;11546624;0
99.7;13770752;0
66.5;11751424;0
99.7;13565952;0
49.9;11546624;0
100.3;13549568;0
57.3;13770752;0
99.7;13770752;0
49.9;13565952;0
100.8;13565952;0
66.5;13770752;0
99.7;13770752;0
66.5;13570048;0
99.7;11546624;0
84.0;13549568;0
83.1;11530240;0
85.2;13770752;0
57.3;11751424;0
100.3;13565952;0
56.8;13570048;0
99.7;13570048;0
66.5;13774848;0
99.4;13774848;0
57.3;13524992;0
100.3;13524992;0
71.0;13774848;0
86.0;11751424;0
100.8;13565952;0
66.5;11546624;0
99.7;13774848;0
66.5;13565952;0
99.4;13565952;0
57.3;13553664;0
100.3;13553664;0
71.7;13774848;0
85.2;11751424;0
83.1;13570048;0
67.2;11546624;0
99.7;13770752;0
49.9;13074432;0
99.7;13565952;0
83.1;13770752;0
99.7;13770752;0
50.4;13758464;0
100.3;13758464;0
71.0;13762560;0
83.1;11739136;0
117.6;13570048;0
49.9;11546624;0
99.4;13561856;0
100.3;13582336;0
99.7;13582336;0
149.6;15794176;0
100.8;13680640;0
66.5;13774848;0
99.7;13774848;0
157.7;13946880;0
71.7;11923456;0
99.7;13791232;0
113.6;15818752;0
143.3;13815808;0
71.0;13799424;0
100.3;13799424;0
151.2;15978496;0
99.7;13955072;0
149.6;15859712;0
84.0;11730944;0
66.5;13787136;0
56.8;11767808;0
99.7;13946880;0
114.7;16445440;0
142.0;13832192;0
133.0;15867904;0
100.8;13848576;0
49.9;13832192;0
83.1;11812864;0
50.4;13832192;0
