0.0;10518528;0
0.0;10518528;0
0.0;10518528;0
0.0;10518528;0
57.3;12660736;0
99.7;12693504;0
66.5;12746752;0
99.4;12779520;0
67.2;12894208;0
83.1;10870784;0
71.7;12943360;0
83.1;10919936;0
83.1;13004800;0
83.1;11030528;0
86.0;13172736;0
83.1;11173888;0
83.1;13262848;0
67.2;11239424;0
85.2;13189120;0
66.5;11165696;0
99.7;13328384;0
50.4;12451840;0
99.7;13393920;0
66.5;16347136;0
100.8;13455360;0
71.0;13459456;0
100.3;13459456;0
66.5;13619200;173
100.8;13619200;0
71.0;13529088;0
100.8;13529088;0
49.9;13508608;0
99.7;13508608;0
71.0;13598720;0
100.3;13598720;0
66.5;13434880;0
99.7;13565952;0
67.2;13770752;0
99.4;13770752;0
49.9;13778944;0
99.7;11759616;0
67.2;13778944;0
85.2;11755520;0
71.7;13774848;0
83.1;11464704;0
83.1;13471744;0
85.2;11579392;0
100.3;13615104;0
83.1;11595776;0
116.4;13824000;0
71.7;11804672;0
99.4;13811712;0
66.5;11788288;0
99.7;13791232;0
67.2;14106624;0
99.4;13836288;0
57.3;13791232;0
99.7;13791232;0
49.9;13836288;0
99.7;13836288;0
86.0;13795328;0
99.7;13795328;0
83.1;13795328;0
100.8;13795328;0
66.5;13783040;0
100.3;13783040;0
49.9;13692928;0
100.8;13692928;0
49.9;13737984;0
99.7;13737984;0
57.3;13697024;0
99.4;11673600;0
66.5;13733888;0
83.1;11714560;0
84.0;13692928;0
71.0;11673600;0
86.0;13697024;0
57.3;11673600;0
99.7;13733888;0
49.9;12746752;0
99.7;13733888;0
57.3;13533184;0
99.4;13533184;0
57.3;13729792;0
100.3;13729792;0
66.5;13737984;0
99.7;13737984;0
49.9;13733888;0
100.8;13733888;0
56.8;13733888;0
100.3;13733888;0
57.3;14725120;0
99.7;12701696;0
66.5;14725120;0
83.1;12701696;0
84.0;13488128;0
85.2;11468800;0
100.3;14721024;0
83.1;12701696;0
99.7;14725120;0
66.5;12705792;0
99.7;13692928;0
50.4;13737984;0
99.4;13737984;0
57.3;13705216;0
100.3;13705216;0
71.0;13697024;0
99.7;13697024;0
66.5;13492224;0
100.8;13492224;0
66.5;13737984;0
100.3;13737984;0
71.7;14725120;0
99.4;12701696;0
71.7;13697024;0
99.7;11673600;0
84.0;13729792;0
83.1;11706368;0
99.7;14725120;0
67.2;12701696;0
99.7;14725120;0
49.9;13692928;0
99.7;13692928;0
49.9;14725120;0
100.8;14725120;0
56.8;13717504;0
100.3;13717504;0
49.9;13717504;0
99.4;13717504;0
71.7;13692928;0
99.7;13692928;0
67.2;13737984;0
99.7;11714560;0
83.1;14725120;0
84.0;12701696;0
83.1;13492224;0
71.7;11468800;0
85.2;13737984;0
67.2;11714560;0
100.3;14721024;0
71.0;14729216;0
99.7;14729216;0
67.2;13733888;0
99.4;13733888;0
57.3;14721024;0
99.4;14721024;0
57.3;13692928;0
100.3;13692928;0
56.8;13733888;0
86.0;11714560;0
66.5;13697024;0
83.1;11673600;0
83.1;13729792;0
83.1;11706368;0
100.8;13733888;0
66.5;11714560;0
99.7;13717504;0
50.4;13697024;0
99.7;13697024;0
49.9;14721024;0
99.7;14721024;0
49.9;13733888;0
100.8;13733888;0
49.9;14721024;0
99.7;14721024;0
71.7;13692928;0
85.2;11673600;0
71.7;13692928;0
85.2;11673600;0
86.0;14721024;0
71.7;12701696;0
99.4;14725120;0
71.7;16457728;0
100.3;13492224;0
85.2;14721024;0
99.7;14721024;0
49.9;14729216;0
100.3;14729216;0
71.7;13488128;0
99.7;13488128;0
50.4;14721024;0
99.7;14721024;0
66.5;14729216;0
83.1;12705792;0
83.1;13697024;0
67.2;11673600;0
100.3;13733888;0
85.2;13697024;0
100.3;13697024;0
86.0;13733888;0
99.4;13733888;0
71.7;13488128;0
99.4;13488128;0
71.7;13717504;0
100.3;13717504;0
71.0;13692928;0
86.0;11673600;0
86.0;14725120;0
71.0;12701696;0
100.3;13733888;0
56.8;11714560;0
100.3;14725120;0
71.7;14725120;0
99.4;14725120;0
57.3;13697024;0
100.3;13697024;0
56.8;14729216;0
100.3;14729216;0
71.0;14729216;0
100.3;14729216;0
71.7;14725120;0
99.4;12705792;0
86.0;13713408;0
71.7;11694080;0
85.2;13697024;0
57.3;12619776;0
85.2;14725120;0
66.5;13488128;0
100.8;13488128;0
49.9;13733888;0
99.7;13733888;0
86.0;14729216;0
99.4;14729216;0
66.5;14725120;0
99.7;12705792;0
83.1;13697024;0
84.0;11673600;0
83.1;13701120;0
66.5;11677696;0
100.3;14725120;0
71.7;13492224;0
99.7;13492224;0
66.5;13733888;0
99.7;13733888;0
83.1;14725120;0
100.8;14725120;0
66.5;14725120;0
99.7;12701696;0
84.0;13697024;0
83.1;11673600;0
85.2;13737984;0
57.3;11714560;0
99.7;14725120;0
49.9;13697024;0
100.3;13697024;0
67.2;14725120;0
99.7;14725120;0
66.5;14729216;0
100.8;12705792;0
66.5;13697024;0
83.1;11673600;0
83.1;13697024;0
66.5;11673600;0
100.8;14725120;0
57.3;13537280;0
99.7;14725120;0
49.9;14721024;0
100.8;14721024;0
49.9;14729216;0
99.7;14729216;0
57.3;13692928;0
85.2;11673600;0
71.7;14721024;0
71.7;12701696;0
85.2;14725120;0
49.9;13774848;0
100.8;14721024;0
49.9;13697024;0
99.7;13697024;0
66.5;14721024;0
99.7;14721024;0
49.9;14721024;0
100.8;14721024;0
71.7;14696448;0
42.6;12673024;0
86.0;14700544;0
0.0;12677120;0
100.3;13709312;0
42.6;13664256;0
85.2;11644928;0
43.0;14696448;0
71.0;12673024;0
43.0;14692352;0
71.7;12673024;0
83.1;14696448;0
66.5;12673024;0
84.0;13664256;0
33.2;11644928;0
99.7;14622720;0
0.0;13705216;0
99.7;11685888;0
33.2;13664256;0
83.1;11644928;0
57.3;14696448;0
57.3;12673024;0
85.2;14696448;0
33.2;12673024;0
100.3;14696448;0
0.0;12832768;0
100.3;13668352;0
