0.0;10510336;0
0.0;10510336;0
0.0;10510336;0
0.0;10510336;0
0.0;10510336;0
16.6;12652544;0
100.8;12660736;0
127.8;15052800;0
116.4;13062144;0
133.0;13152256;0
100.3;13152256;0
99.4;13148160;0
100.8;13176832;0
49.9;13209600;0
100.3;13209600;0
85.2;13418496;0
100.8;13418496;0
99.7;13455360;0
100.3;13455360;0
129.0;13430784;0
99.7;13430784;0
99.7;13467648;0
100.3;13479936;0
86.0;13561856;0
99.7;13561856;0
151.2;13578240;0
99.7;13578240;0
172.0;13762560;161
99.7;13869056;0
201.6;15859712;0
116.4;15826944;0
200.7;15839232;0
116.4;15839232;0
199.5;15851520;0
127.8;15962112;0
143.3;13676544;0
133.0;15888384;0
166.2;13615104;0
129.0;15855616;0
184.7;13836288;0
133.0;15937536;0
133.0;13918208;0
151.2;15937536;0
156.2;13795328;0
100.3;13983744;0
99.7;13983744;0
133.0;13885440;0
99.7;13885440;0
114.7;14045184;0
100.3;14045184;0
99.7;13996032;0
100.8;13996032;0
113.6;13860864;0
100.3;13860864;0
99.7;13950976;0
100.8;13950976;0
133.0;13983744;0
100.3;14123008;0
157.7;13836288;0
99.7;16039936;0
133.0;13750272;0
116.4;15958016;0
129.0;13692928;0
113.6;13778944;0
100.8;13778944;0
133.0;13783040;0
99.7;13783040;0
113.6;13910016;0
100.3;13910016;0
116.4;13905920;0
99.7;13905920;0
100.8;13766656;0
99.4;13766656;0
100.3;13881344;0
99.4;13881344;0
84.0;13881344;0
99.7;13881344;0
116.4;13742080;0
33.6;11718656;0
99.4;13864960;0
86.0;13479936;0
99.4;13860864;0
67.2;13725696;0
99.7;13725696;0
100.3;13901824;0
100.3;13901824;0
99.4;13901824;0
99.7;13901824;0
66.5;13877248;0
100.8;13877248;0
83.1;13885440;0
99.7;13885440;0
100.3;13897728;0
99.4;13897728;0
129.0;13946880;0
99.4;13946880;0
84.0;13897728;0
99.7;13897728;0
99.7;13778944;0
100.8;13778944;0
99.4;13795328;0
114.7;16011264;0
113.6;13991936;0
117.6;13987840;0
99.7;13987840;0
99.7;13938688;0
100.8;13938688;0
85.2;13955072;0
100.3;13955072;0
99.4;13950976;0
100.3;13950976;0
100.3;13910016;0
99.4;13910016;0
100.8;13963264;0
99.7;13963264;0
133.0;13963264;0
99.7;13963264;0
116.4;13729792;0
84.0;11706368;0
99.7;13742080;0
99.7;13848576;0
100.3;13848576;0
99.4;13901824;0
99.7;13901824;0
133.0;15921152;0
100.8;13901824;0
99.7;13733888;0
100.3;13733888;0
86.0;13721600;0
99.4;13721600;0
100.3;13893632;0
99.7;13893632;0
100.8;13905920;0
99.7;13905920;0
83.1;13910016;0
100.8;13910016;0
133.0;13787136;0
99.7;14909440;0
149.6;13922304;0
99.7;13881344;0
100.8;13881344;0
83.1;13750272;0
100.3;13750272;0
100.3;13893632;0
99.4;13893632;0
100.3;13905920;0
99.7;13905920;0
134.4;13922304;0
99.7;13922304;0
133.0;13774848;0
100.8;13774848;0
133.0;13914112;0
99.7;11681792;0
99.7;13926400;0
116.4;13938688;0
100.3;13938688;0
85.2;13926400;0
100.3;13926400;0
143.3;15757312;0
99.4;13733888;0
143.3;13955072;0
99.7;13955072;0
84.0;13942784;0
99.7;13942784;0
66.5;13938688;0
100.3;13938688;0
83.1;13885440;0
99.7;13885440;0
100.3;13914112;0
99.4;13950976;0
100.3;13950976;0
129.0;15753216;0
99.7;13746176;0
129.0;13922304;0
99.7;13922304;0
133.0;13893632;0
100.3;13893632;0
83.1;13877248;0
100.8;13877248;0
86.0;13889536;0
99.7;11870208;0
100.8;13893632;0
99.7;11649024;0
99.7;13840384;0
99.7;15933440;0
116.4;13910016;0
84.0;13893632;0
99.7;13893632;0
99.7;13848576;0
100.8;13848576;0
99.7;13905920;0
99.7;13905920;0
133.0;13819904;0
99.7;13819904;0
100.8;13930496;0
99.7;13930496;0
133.0;13946880;0
100.3;13946880;0
113.6;13942784;0
71.7;12541952;0
99.7;13938688;0
66.5;13938688;0
100.8;13938688;0
83.1;13893632;0
99.7;13893632;0
100.8;13905920;0
99.7;13905920;0
99.7;13791232;0
99.7;13791232;0
83.1;13905920;0
100.8;13905920;0
99.7;13885440;0
99.7;12484608;0
100.8;13918208;0
116.4;13795328;0
99.7;13795328;0
83.1;13795328;0
99.7;13795328;0
100.8;13918208;0
100.3;13918208;0
99.4;13754368;0
100.3;13754368;0
86.0;13930496;0
99.4;13930496;0
86.0;13934592;0
99.4;13934592;0
100.3;13905920;0
100.8;13778944;0
99.4;13778944;0
116.4;15966208;0
100.8;13946880;0
116.4;13791232;0
99.7;13791232;0
83.1;13778944;0
99.7;13778944;0
100.8;13930496;0
99.7;13930496;0
133.0;13946880;0
100.3;13946880;0
100.3;13795328;0
85.2;13877248;0
100.3;13877248;0
133.0;15826944;0
100.3;13807616;0
117.6;13938688;0
99.7;13938688;0
83.1;13914112;0
100.8;13914112;0
83.1;13918208;0
99.7;13918208;0
116.4;13934592;0
99.4;13934592;0
129.0;13938688;0
114.7;15835136;0
99.4;13815808;0
100.3;13770752;0
100.8;13770752;0
99.7;13946880;0
99.7;13946880;0
99.7;13799424;0
99.7;13799424;0
86.0;13938688;0
100.3;13938688;0
99.4;13910016;0
100.3;13889536;0
100.3;13889536;0
116.4;13811712;0
99.7;13811712;0
99.7;13938688;0
99.7;13938688;0
84.0;13688832;0
99.7;13688832;0
113.6;13885440;0
100.3;13885440;0
114.7;13897728;0
66.5;13914112;0
99.7;13930496;0
133.0;13783040;0
99.7;13783040;0
117.6;13778944;0
99.7;13778944;0
133.0;13918208;0
16.8;11894784;0
84.0;13881344;0
99.7;13881344;0
99.7;13889536;0
99.7;15261696;0
99.7;13942784;0
86.0;13918208;0
100.3;13918208;0
99.4;13918208;0
99.7;13918208;0
100.8;13877248;0
0.0;11857920;0
99.4;13918208;0
99.7;13918208;0
99.7;13926400;0
49.9;12615680;0
99.7;13918208;0
100.8;13885440;0
