0.0;10498048;0
0.0;10498048;0
0.0;10498048;0
0.0;10498048;0
0.0;10498048;0
0.0;10498048;0
0.0;10498048;0
0.0;10498048;0
0.0;10498048;0
0.0;10498048;0
0.0;10498048;0
0.0;10498048;0
0.0;10498048;0
0.0;10498048;0
0.0;10498048;0
0.0;10498048;0
0.0;10498048;0
0.0;10498048;0
0.0;10498048;0
0.0;10498048;0
0.0;10498048;0
0.0;10498048;0
0.0;10498048;0
0.0;10498048;0
0.0;10498048;0
0.0;10498048;0
0.0;10498048;0
0.0;10498048;0
0.0;10498048;0
0.0;10498048;0
0.0;10498048;0
0.0;10498048;0
0.0;10498048;0
0.0;10498048;0
0.0;10498048;0
0.0;10498048;0
0.0;10498048;0
50.4;20537344;114
0.0;20504576;0
0.0;20504576;0
0.0;20504576;0
0.0;20504576;0
0.0;20504576;0
0.0;20504576;0
0.0;20504576;0
0.0;20504576;0
0.0;20504576;0
0.0;20504576;0
0.0;20504576;0
0.0;20504576;0
0.0;20504576;0
0.0;20504576;0
0.0;20504576;0
0.0;20504576;0
0.0;20504576;0
0.0;20504576;0
0.0;20504576;0
0.0;20504576;0
0.0;20504576;0
0.0;20504576;0
0.0;20504576;0
0.0;20504576;0
0.0;20504576;0
0.0;20504576;0
0.0;20504576;0
0.0;20504576;0
0.0;20504576;0
0.0;20504576;0
0.0;20504576;0
0.0;20504576;0
0.0;20504576;0
0.0;20504576;0
0.0;20504576;0
0.0;20504576;0
49.9;20885504;0
0.0;20885504;0
0.0;20885504;0
0.0;20885504;0
0.0;20885504;0
0.0;20885504;0
0.0;20885504;0
0.0;20885504;0
0.0;20885504;0
0.0;20885504;0
0.0;20885504;0
0.0;20885504;0
0.0;20885504;0
0.0;20885504;0
0.0;20885504;0
0.0;20885504;0
0.0;20885504;0
0.0;20885504;0
0.0;20885504;0
0.0;20885504;0
0.0;20885504;0
0.0;20885504;0
0.0;20885504;0
0.0;20885504;0
0.0;20885504;0
0.0;20885504;0
0.0;20885504;0
0.0;20885504;0
0.0;20885504;0
0.0;20885504;0
0.0;20885504;0
0.0;20885504;0
0.0;20885504;0
0.0;20885504;0
0.0;20885504;0
0.0;20885504;0
0.0;20885504;0
28.7;21024768;0
0.0;21024768;0
0.0;21024768;0
0.0;21024768;0
0.0;21024768;0
0.0;21024768;0
0.0;21024768;0
0.0;21024768;0
0.0;21024768;0
0.0;21024768;0
0.0;21024768;0
0.0;21024768;0
0.0;21024768;0
0.0;21024768;0
0.0;21024768;0
0.0;21024768;0
0.0;21024768;0
0.0;21024768;0
0.0;21024768;0
0.0;21024768;0
0.0;21024768;0
0.0;21024768;0
0.0;21024768;0
0.0;21024768;0
0.0;21024768;0
0.0;21024768;0
0.0;21024768;0
0.0;21024768;0
0.0;21024768;0
0.0;21024768;0
0.0;21024768;0
0.0;21024768;0
0.0;21024768;0
0.0;21024768;0
0.0;21024768;0
0.0;21024768;0
0.0;21024768;0
33.2;21590016;0
0.0;21590016;0
0.0;21590016;0
0.0;21590016;0
0.0;21590016;0
0.0;21590016;0
0.0;21590016;0
0.0;21590016;0
0.0;21590016;0
0.0;21590016;0
0.0;21590016;0
0.0;21590016;0
0.0;21590016;0
0.0;21590016;0
0.0;21590016;0
0.0;21590016;0
0.0;21590016;0
0.0;21590016;0
0.0;21590016;0
0.0;21590016;0
0.0;21590016;0
0.0;21590016;0
0.0;21590016;0
0.0;21590016;0
0.0;21590016;0
0.0;21590016;0
0.0;21590016;0
0.0;21590016;0
0.0;21590016;0
0.0;21590016;0
0.0;21590016;0
0.0;21590016;0
0.0;21590016;0
0.0;21590016;0
0.0;21590016;0
0.0;21590016;0
0.0;21590016;0
33.2;21594112;0
0.0;21594112;0
0.0;21594112;0
0.0;21594112;0
0.0;21594112;0
0.0;21594112;0
0.0;21594112;0
0.0;21594112;0
0.0;21594112;0
0.0;21594112;0
0.0;21594112;0
0.0;21594112;0
0.0;21594112;0
0.0;21594112;0
0.0;21594112;0
0.0;21594112;0
0.0;21594112;0
0.0;21594112;0
0.0;21594112;0
0.0;21594112;0
0.0;21594112;0
0.0;21594112;0
0.0;21594112;0
0.0;21594112;0
0.0;21594112;0
0.0;21594112;0
0.0;21594112;0
0.0;21594112;0
0.0;21594112;0
0.0;21594112;0
0.0;21594112;0
0.0;21594112;0
0.0;21594112;0
0.0;21594112;0
0.0;21594112;0
0.0;21594112;0
33.2;21893120;0
0.0;21893120;0
0.0;21893120;0
0.0;21893120;0
0.0;21893120;0
0.0;21893120;0
0.0;21893120;0
0.0;21893120;0
0.0;21893120;0
0.0;21893120;0
0.0;21856256;0
0.0;21774336;0
0.0;21774336;0
0.0;21774336;0
0.0;21774336;0
0.0;21774336;0
0.0;21774336;0
0.0;21774336;0
0.0;21774336;0
0.0;21774336;0
0.0;21774336;0
0.0;21774336;0
0.0;21774336;0
0.0;21774336;0
0.0;21774336;0
0.0;21774336;0
0.0;21774336;0
0.0;21774336;0
0.0;21774336;0
0.0;21774336;0
0.0;21774336;0
0.0;21774336;0
0.0;21774336;0
0.0;21774336;0
0.0;21774336;0
0.0;21774336;0
33.2;21811200;0
0.0;21811200;0
0.0;21811200;0
0.0;21811200;0
0.0;21811200;0
0.0;21811200;0
0.0;21811200;0
0.0;21811200;0
0.0;21811200;0
0.0;21811200;0
0.0;21811200;0
0.0;21811200;0
0.0;21811200;0
0.0;21811200;0
0.0;21811200;0
0.0;21843968;0
0.0;21843968;0
0.0;21843968;0
0.0;21843968;0
0.0;21843968;0
0.0;21843968;0
0.0;21843968;0
0.0;21843968;0
0.0;21843968;0
0.0;21843968;0
0.0;21843968;0
0.0;21843968;0
0.0;21843968;0
0.0;21843968;0
0.0;21843968;0
0.0;21843968;0
0.0;21843968;0
0.0;21843968;0
0.0;21843968;0
0.0;21843968;0
0.0;22933504;0
16.6;22663168;0
0.0;22663168;0
0.0;22663168;0
0.0;22663168;0
0.0;22663168;0
0.0;22663168;0
0.0;22663168;0
