0.0;10510336;0
0.0;10510336;0
0.0;10510336;0
0.0;10510336;0
0.0;10510336;0
0.0;10510336;0
0.0;10510336;0
0.0;10510336;0
0.0;10510336;0
0.0;10510336;0
0.0;10510336;0
0.0;10510336;0
0.0;10510336;0
0.0;10510336;0
0.0;10510336;0
0.0;10510336;0
0.0;10510336;0
0.0;10510336;0
0.0;10510336;0
0.0;10510336;0
0.0;10510336;0
0.0;10510336;0
0.0;10510336;0
0.0;10510336;0
0.0;10510336;0
0.0;10510336;0
0.0;10510336;0
0.0;10510336;0
0.0;10510336;0
0.0;10510336;0
0.0;10510336;0
0.0;10510336;0
0.0;10510336;0
0.0;10510336;0
0.0;10510336;0
0.0;10510336;0
0.0;10510336;0
49.9;20512768;114
0.0;20512768;0
0.0;20512768;0
0.0;20512768;0
0.0;20512768;0
0.0;20512768;0
0.0;20512768;0
0.0;20512768;0
0.0;20512768;0
0.0;20512768;0
0.0;20512768;0
0.0;20512768;0
0.0;20512768;0
0.0;20512768;0
0.0;20512768;0
0.0;20512768;0
0.0;20512768;0
0.0;20512768;0
0.0;20512768;0
0.0;20512768;0
0.0;20512768;0
0.0;20512768;0
0.0;20512768;0
0.0;20512768;0
0.0;20512768;0
0.0;20512768;0
0.0;20512768;0
0.0;20512768;0
0.0;20512768;0
0.0;20512768;0
0.0;20512768;0
0.0;20512768;0
0.0;20512768;0
0.0;20512768;0
0.0;20512768;0
0.0;20512768;0
0.0;20512768;0
28.7;21213184;0
0.0;21213184;0
0.0;21213184;0
0.0;21213184;0
0.0;21213184;0
0.0;21213184;0
0.0;21213184;0
0.0;21213184;0
0.0;21213184;0
0.0;21213184;0
0.0;21213184;0
0.0;21213184;0
0.0;21213184;0
0.0;21213184;0
0.0;21213184;0
0.0;21213184;0
0.0;21213184;0
0.0;21213184;0
0.0;21213184;0
0.0;21213184;0
0.0;21213184;0
0.0;21213184;0
0.0;21213184;0
0.0;21213184;0
0.0;21213184;0
0.0;21213184;0
0.0;21213184;0
0.0;21213184;0
0.0;21213184;0
0.0;21213184;0
0.0;21213184;0
0.0;21213184;0
0.0;21213184;0
0.0;21213184;0
0.0;21213184;0
0.0;21213184;0
0.0;21213184;0
28.7;21045248;0
0.0;21045248;0
0.0;21045248;0
0.0;21045248;0
0.0;21045248;0
0.0;21045248;0
0.0;21045248;0
0.0;21045248;0
0.0;21045248;0
0.0;21045248;0
0.0;21045248;0
0.0;21045248;0
0.0;21045248;0
0.0;21045248;0
0.0;21045248;0
0.0;21045248;0
0.0;21045248;0
0.0;21045248;0
0.0;21045248;0
0.0;21045248;0
0.0;21045248;0
0.0;21045248;0
0.0;21045248;0
0.0;21045248;0
0.0;21045248;0
0.0;21045248;0
0.0;21045248;0
0.0;21045248;0
0.0;21045248;0
0.0;21045248;0
0.0;21045248;0
0.0;21045248;0
0.0;21045248;0
0.0;21045248;0
0.0;21045248;0
0.0;21045248;0
42.6;21630976;0
0.0;21630976;0
0.0;21630976;0
0.0;21630976;0
0.0;21630976;0
0.0;21630976;0
0.0;21630976;0
0.0;21630976;0
0.0;21630976;0
0.0;21630976;0
0.0;21630976;0
0.0;21630976;0
0.0;21630976;0
0.0;21630976;0
0.0;21630976;0
0.0;21630976;0
0.0;21630976;0
0.0;21630976;0
0.0;21630976;0
0.0;21630976;0
0.0;21630976;0
0.0;21630976;0
0.0;21630976;0
0.0;21630976;0
0.0;21630976;0
0.0;21630976;0
0.0;21630976;0
0.0;21630976;0
0.0;21630976;0
0.0;21630976;0
0.0;21630976;0
0.0;21630976;0
0.0;21630976;0
0.0;21630976;0
0.0;21630976;0
0.0;21630976;0
28.7;21893120;0
0.0;21893120;0
0.0;21893120;0
0.0;21893120;0
0.0;21893120;0
0.0;21893120;0
0.0;21893120;0
0.0;21893120;0
0.0;21893120;0
0.0;21893120;0
0.0;21893120;0
0.0;21893120;0
0.0;21893120;0
0.0;21893120;0
0.0;21893120;0
0.0;21893120;0
0.0;21893120;0
0.0;21893120;0
0.0;21893120;0
0.0;21893120;0
0.0;21893120;0
0.0;21893120;0
0.0;21893120;0
0.0;21893120;0
0.0;21893120;0
0.0;21893120;0
0.0;21893120;0
0.0;21893120;0
0.0;21893120;0
0.0;21893120;0
0.0;21893120;0
0.0;21893120;0
0.0;21893120;0
0.0;21893120;0
0.0;21893120;0
0.0;21893120;0
33.2;21950464;0
0.0;21950464;0
0.0;21950464;0
0.0;21950464;0
0.0;21950464;0
0.0;21950464;0
0.0;21950464;0
0.0;21950464;0
0.0;21950464;0
0.0;21950464;0
0.0;21950464;0
0.0;21950464;0
0.0;21950464;0
0.0;21950464;0
0.0;21950464;0
0.0;21950464;0
0.0;21950464;0
0.0;21950464;0
0.0;21950464;0
0.0;21950464;0
0.0;21950464;0
0.0;21950464;0
0.0;21950464;0
0.0;21950464;0
0.0;21950464;0
0.0;21950464;0
0.0;21950464;0
0.0;21950464;0
0.0;21950464;0
0.0;21950464;0
0.0;21950464;0
0.0;21950464;0
0.0;21950464;0
0.0;21950464;0
0.0;21950464;0
43.0;22200320;0
0.0;22200320;0
0.0;22200320;0
0.0;22200320;0
0.0;22200320;0
0.0;22200320;0
0.0;22200320;0
0.0;22200320;0
0.0;22200320;0
0.0;22200320;0
0.0;22200320;0
0.0;22200320;0
0.0;22200320;0
0.0;22159360;0
0.0;22196224;0
0.0;22196224;0
0.0;22196224;0
0.0;22196224;0
0.0;22196224;0
0.0;22196224;0
0.0;22196224;0
0.0;22196224;0
0.0;22196224;0
0.0;22196224;0
0.0;22196224;0
0.0;22196224;0
0.0;22196224;0
0.0;22196224;0
0.0;22196224;0
0.0;22196224;0
0.0;22196224;0
0.0;22196224;0
0.0;22196224;0
0.0;22196224;0
0.0;22196224;0
43.0;22781952;0
0.0;22781952;0
0.0;22781952;0
0.0;22781952;0
0.0;22781952;0
0.0;22781952;0
0.0;22781952;0
0.0;22781952;0
0.0;22781952;0
0.0;22781952;0
0.0;22781952;0
