0.0;10506240;0
0.0;10506240;0
0.0;10506240;0
0.0;10506240;0
0.0;10506240;0
0.0;10506240;0
0.0;10506240;0
0.0;10506240;0
0.0;10506240;0
0.0;10506240;0
0.0;10506240;0
0.0;10506240;0
0.0;10506240;0
0.0;10506240;0
0.0;10506240;0
0.0;10506240;0
0.0;10506240;0
0.0;10506240;0
0.0;10506240;0
0.0;10506240;0
0.0;10506240;0
0.0;10506240;0
0.0;10506240;0
0.0;10506240;0
0.0;10506240;0
0.0;10506240;0
0.0;10506240;0
0.0;10506240;0
0.0;10506240;0
0.0;10506240;0
0.0;10506240;0
0.0;10506240;0
0.0;10506240;0
0.0;10506240;0
0.0;10506240;0
0.0;10506240;0
0.0;10506240;0
16.8;19709952;0
0.0;20504576;114
0.0;20504576;0
0.0;20504576;0
0.0;20504576;0
0.0;20504576;0
0.0;20504576;0
0.0;20504576;0
0.0;20504576;0
0.0;20504576;0
0.0;20504576;0
0.0;20504576;0
0.0;20504576;0
0.0;20504576;0
0.0;20504576;0
0.0;20504576;0
0.0;20504576;0
0.0;20504576;0
0.0;20504576;0
0.0;20504576;0
0.0;20504576;0
0.0;20504576;0
0.0;20504576;0
0.0;20504576;0
0.0;20504576;0
0.0;20504576;0
0.0;20504576;0
0.0;20504576;0
0.0;20504576;0
0.0;20504576;0
0.0;20504576;0
0.0;20504576;0
0.0;20504576;0
0.0;20504576;0
0.0;20504576;0
0.0;20504576;0
0.0;20504576;0
33.2;20901888;0
0.0;20901888;0
0.0;20901888;0
0.0;20901888;0
0.0;20901888;0
0.0;20901888;0
0.0;20901888;0
0.0;20901888;0
0.0;20901888;0
0.0;20901888;0
0.0;20901888;0
0.0;20901888;0
0.0;20901888;0
0.0;20901888;0
0.0;20901888;0
0.0;20901888;0
0.0;20901888;0
0.0;20901888;0
0.0;20901888;0
0.0;20901888;0
0.0;20901888;0
0.0;20901888;0
0.0;20901888;0
0.0;20901888;0
0.0;20901888;0
0.0;20901888;0
0.0;20901888;0
0.0;20901888;0
0.0;20901888;0
0.0;20901888;0
0.0;20901888;0
0.0;20901888;0
0.0;20901888;0
0.0;20901888;0
0.0;20901888;0
0.0;20901888;0
0.0;20901888;0
28.4;21037056;0
0.0;21037056;0
0.0;21037056;0
0.0;21037056;0
0.0;21037056;0
0.0;21037056;0
0.0;21037056;0
0.0;21037056;0
0.0;21037056;0
0.0;21037056;0
0.0;21037056;0
0.0;21037056;0
0.0;21037056;0
0.0;21037056;0
0.0;21037056;0
0.0;21037056;0
0.0;21037056;0
0.0;21037056;0
0.0;21037056;0
0.0;21037056;0
0.0;21037056;0
0.0;21037056;0
0.0;21037056;0
0.0;21037056;0
0.0;21037056;0
0.0;21037056;0
0.0;21037056;0
0.0;21037056;0
0.0;21037056;0
0.0;21037056;0
0.0;21037056;0
0.0;21037056;0
0.0;21037056;0
0.0;21037056;0
0.0;21037056;0
0.0;21037056;0
0.0;21037056;0
33.6;21614592;0
0.0;21614592;0
0.0;21614592;0
0.0;21614592;0
0.0;21614592;0
0.0;21614592;0
0.0;21614592;0
0.0;21614592;0
0.0;21614592;0
0.0;21614592;0
0.0;21614592;0
0.0;21614592;0
0.0;21614592;0
0.0;21614592;0
0.0;21614592;0
0.0;21614592;0
0.0;21614592;0
0.0;21614592;0
0.0;21614592;0
0.0;21614592;0
0.0;21614592;0
0.0;21614592;0
0.0;21614592;0
0.0;21614592;0
0.0;21614592;0
0.0;21614592;0
0.0;21614592;0
0.0;21614592;0
0.0;21614592;0
0.0;21614592;0
0.0;21614592;0
0.0;21614592;0
0.0;21614592;0
0.0;21614592;0
0.0;21614592;0
0.0;21614592;0
16.6;21905408;0
0.0;21905408;0
0.0;21905408;0
0.0;21905408;0
0.0;21905408;0
0.0;21905408;0
0.0;21905408;0
0.0;21905408;0
0.0;21905408;0
0.0;21905408;0
0.0;21905408;0
0.0;21905408;0
0.0;21905408;0
0.0;21905408;0
0.0;21905408;0
0.0;21905408;0
0.0;21905408;0
0.0;21905408;0
0.0;21905408;0
0.0;21905408;0
0.0;21905408;0
0.0;21905408;0
0.0;21905408;0
0.0;21905408;0
0.0;21905408;0
0.0;21905408;0
0.0;21905408;0
0.0;21905408;0
0.0;21905408;0
0.0;21905408;0
0.0;21905408;0
0.0;21905408;0
0.0;21905408;0
0.0;21905408;0
0.0;21905408;0
43.0;24367104;0
0.0;21909504;0
0.0;21909504;0
0.0;21909504;0
0.0;21909504;0
0.0;21909504;0
0.0;21909504;0
0.0;21909504;0
0.0;21909504;0
0.0;21909504;0
0.0;21909504;0
0.0;21909504;0
0.0;21909504;0
0.0;21909504;0
0.0;21909504;0
0.0;21909504;0
0.0;21909504;0
0.0;21909504;0
0.0;21909504;0
0.0;21909504;0
0.0;21909504;0
0.0;21909504;0
0.0;21909504;0
0.0;21909504;0
0.0;21909504;0
0.0;21909504;0
0.0;21909504;0
0.0;21909504;0
0.0;21909504;0
0.0;21909504;0
0.0;21909504;0
0.0;21909504;0
0.0;21909504;0
0.0;21909504;0
0.0;21909504;0
33.6;21983232;0
0.0;21983232;0
0.0;21983232;0
0.0;21983232;0
0.0;21983232;0
0.0;21983232;0
0.0;21983232;0
0.0;21983232;0
0.0;21983232;0
0.0;21983232;0
0.0;21983232;0
0.0;21983232;0
0.0;21983232;0
0.0;21983232;0
0.0;21983232;0
0.0;22016000;0
0.0;22016000;0
0.0;22016000;0
0.0;22016000;0
0.0;22016000;0
0.0;22016000;0
0.0;22016000;0
0.0;22016000;0
0.0;22016000;0
0.0;22016000;0
0.0;22016000;0
0.0;22016000;0
0.0;22016000;0
0.0;22016000;0
0.0;22016000;0
0.0;22016000;0
0.0;22016000;0
0.0;22016000;0
0.0;22016000;0
0.0;22016000;0
28.7;22781952;0
0.0;22781952;0
0.0;22781952;0
0.0;22781952;0
0.0;22781952;0
0.0;22781952;0
0.0;22781952;0
0.0;22781952;0
0.0;22781952;0
0.0;22781952;0
0.0;22781952;0
