54.9;72.2;37.8;0.0
44.7;93.6;44.4;0.0
49.1;116.1;119.6;0.0
68.3;154.9;93.3;0.0
0.0;156.2;2.0;0.0
0.0;156.2;0.0;0.0
0.0;156.2;0.0;0.0
0.0;156.2;0.0;0.0
0.0;156.2;0.0;0.0
0.0;156.2;0.0;0.0
0.0;156.2;0.0;0.0
0.0;156.2;0.0;0.0
0.0;156.2;0.0;0.0
0.0;156.2;0.0;0.0
0.0;156.2;0.0;0.0
0.0;156.2;0.0;0.0
0.0;156.2;0.0;0.0
0.0;156.2;0.0;0.0
0.0;156.2;0.0;0.0
0.0;156.2;0.0;0.0
0.0;156.2;0.0;0.0
0.0;156.2;0.0;0.0
0.0;156.2;0.0;0.0
0.0;156.2;0.0;0.0
0.0;156.2;0.0;0.0
0.0;156.2;0.0;0.0
0.0;156.2;0.0;0.0
0.0;156.2;0.0;0.0
0.0;156.2;0.0;0.0
0.0;156.2;0.0;0.0
0.0;156.2;0.0;0.0
0.0;156.2;0.0;0.0
0.0;156.2;0.0;0.0
0.0;156.2;0.0;0.0
0.0;156.2;0.0;0.0
0.0;156.2;0.0;0.0
0.0;156.2;0.0;0.0
0.0;156.2;0.0;0.0
0.0;156.2;0.0;0.0
0.0;156.2;0.0;0.0
0.0;156.2;0.0;0.0
0.0;156.2;0.0;0.0
0.0;156.2;0.0;0.0
0.0;156.2;0.0;0.0
0.0;156.2;0.0;0.0
0.0;156.2;0.0;0.0
0.0;156.2;0.0;0.0
0.0;156.2;0.0;0.0
0.0;156.2;0.0;0.0
0.0;156.2;0.0;0.0
0.0;156.2;0.0;0.0
0.0;156.2;0.0;0.0
0.0;156.2;0.0;0.0
0.0;156.2;0.0;0.0
0.0;156.2;0.0;0.0
0.0;156.2;0.0;0.0
0.0;156.2;0.1;0.0
0.0;156.2;0.0;0.0
0.0;156.2;1.2;0.0
0.0;156.2;0.0;0.0
0.0;156.2;0.7;0.0
0.0;156.2;0.0;0.0
0.0;156.2;0.6;0.0
0.0;156.2;0.0;0.0
0.0;156.2;0.5;0.0
0.0;156.2;0.0;0.0
0.0;156.2;0.4;0.0
0.0;156.2;0.0;0.0
14.8;159.0;0.2;0.0
44.8;160.0;0.3;0.0
5.0;160.4;6.3;0.0
50.0;160.4;0.0;0.0
49.5;160.4;0.0;0.0
50.0;160.4;0.0;0.0
50.0;160.4;0.0;0.0
50.1;160.4;0.0;0.0
50.0;160.4;0.0;0.0
49.4;160.4;0.0;0.0
50.0;160.8;1.1;0.0
0.0;160.8;2.0;0.0
28.9;161.7;4.0;0.0
0.0;161.7;0.1;0.0
0.0;161.7;0.0;0.0
0.0;161.7;1.3;0.0
0.0;161.7;0.0;0.0
0.0;161.7;0.7;0.0
0.0;161.7;0.0;0.0
0.0;161.7;0.5;0.0
0.0;161.7;0.0;0.0
0.0;161.7;0.3;0.0
0.0;161.7;0.0;0.0
0.0;161.7;0.5;0.0
0.0;161.7;0.0;0.0
0.0;162.2;0.2;0.0
0.0;162.2;0.0;0.0
0.0;162.2;0.0;0.0
0.0;162.2;0.0;0.0
0.0;162.2;0.0;0.0
0.0;162.2;0.0;0.0
0.0;162.2;0.0;0.0
