45.5;97.5;54.6;0.0
49.5;117.1;106.4;0.0
79.5;138.7;52.8;0.0
45.0;155.9;40.1;0.0
0.0;155.9;0.0;0.0
0.0;155.9;0.0;0.0
0.0;155.9;0.1;0.0
0.0;155.9;0.0;0.0
0.0;155.9;1.2;0.0
0.0;155.9;0.0;0.0
0.0;155.9;0.7;0.0
0.0;155.9;0.0;0.0
0.0;155.9;0.5;0.0
0.0;155.9;0.0;0.0
0.0;155.9;0.5;0.0
0.0;155.9;0.5;0.0
0.0;155.9;0.0;0.0
18.8;159.1;0.3;0.0
39.4;159.7;0.3;0.0
0.0;159.7;6.1;0.0
39.0;160.4;0.1;0.0
48.7;160.4;0.0;0.0
50.0;160.4;0.0;0.0
53.0;160.4;0.0;0.0
50.0;160.4;0.0;0.0
48.4;160.4;0.0;0.0
50.0;160.4;0.0;0.0
52.1;160.4;0.0;0.0
4.9;160.4;3.1;0.0
24.9;161.4;3.8;0.0
0.0;161.4;0.1;0.0
0.0;161.4;0.0;0.0
0.0;161.4;1.3;0.0
0.0;161.4;0.0;0.0
0.0;161.4;0.7;0.0
0.0;161.4;0.0;0.0
0.0;161.4;0.6;0.0
0.0;161.4;0.0;0.0
5.0;161.4;0.5;0.0
0.0;161.4;0.0;0.0
0.0;161.4;0.7;0.0
0.0;161.4;0.0;0.0
0.0;161.9;0.3;0.0
0.0;161.9;0.0;0.0
0.0;161.9;0.0;0.0
0.0;161.9;0.0;0.0
0.0;161.9;0.0;0.0
0.0;161.9;0.0;0.0
0.0;161.9;0.0;0.0
0.0;161.9;0.0;0.0
0.0;161.9;0.0;0.0
0.0;161.9;0.0;0.0
0.0;161.9;0.0;0.0
0.0;161.9;0.0;0.0
0.0;161.9;0.0;0.0
0.0;161.9;0.0;0.0
0.0;161.9;0.0;0.0
0.0;161.9;0.0;0.0
0.0;161.9;0.0;0.0
0.0;161.9;0.0;0.0
0.0;161.9;0.0;0.0
0.0;161.9;0.0;0.0
0.0;161.9;0.0;0.0
0.0;161.9;0.0;0.0
0.0;161.9;0.0;0.0
0.0;161.9;0.0;0.0
0.0;161.9;0.0;0.0
0.0;161.9;0.0;0.0
0.0;161.9;0.0;0.0
0.0;161.9;0.0;0.0
0.0;161.9;0.0;0.0
0.0;161.9;0.0;0.0
0.0;161.9;0.0;0.0
0.0;161.9;0.0;0.0
0.0;161.9;0.0;0.0
0.0;161.9;0.0;0.0
0.0;161.9;0.0;0.0
0.0;161.9;0.0;0.0
0.0;161.9;0.0;0.0
0.0;161.9;0.0;0.0
0.0;161.9;0.0;0.0
0.0;161.9;0.0;0.0
0.0;161.9;0.0;0.0
0.0;161.9;0.0;0.0
0.0;161.9;0.0;0.0
0.0;161.9;0.0;0.0
0.0;161.9;0.0;0.0
0.0;161.9;0.0;0.0
0.0;161.9;0.0;0.0
0.0;161.9;0.0;0.0
0.0;161.9;0.0;0.0
0.0;161.9;0.0;0.0
0.0;161.9;0.0;0.0
0.0;161.9;0.0;0.0
0.0;161.9;0.0;0.0
0.0;161.9;0.0;0.0
0.0;161.9;0.0;0.0
0.0;161.9;0.0;0.0
0.0;161.9;0.0;0.0
0.0;161.9;0.0;0.0
