40.0;99.4;63.1;0.0
54.9;111.6;84.3;0.0
83.3;134.8;61.8;0.0
50.0;156.8;44.0;0.0
34.8;159.2;2.0;0.0
0.0;159.2;0.0;0.0
0.0;159.2;0.1;0.0
0.0;159.2;0.0;0.0
0.0;159.2;1.3;0.0
0.0;159.2;0.0;0.0
0.0;159.2;0.0;0.0
0.0;159.2;0.7;0.0
0.0;159.2;0.0;0.0
0.0;159.2;0.6;0.0
0.0;159.2;0.0;0.0
44.9;160.1;0.5;0.0
49.9;160.1;1.4;0.0
24.9;160.5;0.0;0.0
0.0;160.5;0.0;0.0
0.0;160.5;0.1;0.0
0.0;160.5;0.0;0.0
0.0;160.5;1.3;0.0
0.0;160.5;0.0;0.0
0.0;160.5;0.7;0.0
0.0;160.5;0.0;0.0
0.0;160.5;0.6;0.0
0.0;160.5;0.0;0.0
29.9;165.2;15.9;4.0
49.4;182.5;38.5;0.0
49.5;244.5;628.1;0.0
50.0;244.5;295.0;0.0
50.0;244.5;326.7;0.0
48.9;244.5;351.4;0.0
49.0;275.8;21.8;68.0
49.3;275.8;0.6;192.0
49.5;275.8;0.4;128.0
54.1;183.6;0.3;36.0
