44.9;85.8;37.0;0.0
47.2;117.2;147.2;0.0
83.1;139.0;52.8;0.0
48.5;157.7;39.1;0.0
19.4;159.5;2.0;0.0
0.0;159.5;0.0;0.0
0.0;159.5;0.1;0.0
0.0;159.5;0.0;0.0
0.0;159.5;1.3;0.0
0.0;159.5;0.0;0.0
0.0;159.5;0.7;0.0
0.0;159.5;0.0;0.0
0.0;159.5;0.6;0.0
0.0;159.5;0.0;0.0
29.6;160.4;0.5;0.0
48.3;160.4;0.0;0.0
45.0;160.9;1.4;0.0
0.0;160.9;0.0;0.0
0.0;160.9;0.1;0.0
0.0;160.9;0.0;0.0
0.0;160.9;0.0;0.0
0.0;160.9;1.2;0.0
0.0;160.9;0.0;0.0
0.0;160.9;0.7;0.0
0.0;160.9;0.0;0.0
0.0;160.9;0.4;0.0
0.0;160.9;0.0;0.0
45.0;168.9;16.1;4.0
50.2;245.0;817.9;0.0
0.0;276.2;886.4;0.0
174.5;276.2;0.4;132.0
45.5;276.2;0.8;256.0
55.5;182.4;0.3;60.0
