50.0;91.2;41.6;0.0
45.0;107.0;71.8;0.0
64.0;127.2;91.1;0.0
74.1;140.7;29.4;0.0
50.0;157.8;38.8;0.0
5.0;159.6;2.0;0.0
0.0;159.6;0.0;0.0
0.0;159.6;0.1;0.0
0.0;159.6;0.0;0.0
0.0;159.6;0.5;0.0
0.0;159.6;0.8;0.0
0.0;159.6;0.0;0.0
0.0;159.6;0.7;0.0
0.0;159.6;0.0;0.0
5.0;159.6;0.6;0.0
0.0;159.6;0.0;0.0
44.6;160.3;0.5;0.0
49.2;160.3;0.0;0.0
24.3;160.9;1.4;0.0
0.0;160.9;0.0;0.0
0.0;160.9;0.1;0.0
0.0;160.9;0.0;0.0
0.0;160.9;1.2;0.0
0.0;160.9;0.0;0.0
0.0;160.9;0.7;0.0
0.0;160.9;0.0;0.0
0.0;160.9;0.4;0.0
0.0;160.9;0.0;0.0
18.3;161.1;0.4;0.0
46.6;182.2;53.0;4.0
48.8;244.7;831.5;0.0
49.0;244.7;404.8;0.0
50.9;275.9;434.1;132.0
45.8;275.9;0.8;256.0
57.3;183.7;0.3;48.0
