43.5;115.7;158.6;0.0
52.7;154.4;93.7;0.0
69.9;158.8;2.6;0.0
0.0;158.8;0.0;0.0
0.0;158.8;0.1;0.0
0.0;158.8;0.0;0.0
0.0;158.8;0.0;0.0
0.0;158.8;1.2;0.0
0.0;158.8;0.0;0.0
0.0;158.8;0.7;0.0
0.0;158.8;0.0;0.0
0.0;158.8;0.5;0.0
0.0;158.8;0.0;0.0
19.4;159.7;0.5;0.0
49.2;159.7;1.2;0.0
24.9;160.2;0.2;0.0
0.0;160.2;0.0;0.0
0.0;160.2;0.1;0.0
0.0;160.2;0.0;0.0
0.0;160.2;1.3;0.0
0.0;160.2;0.0;0.0
0.0;160.2;0.7;0.0
0.0;160.2;0.0;0.0
0.0;160.2;0.5;0.0
0.0;160.2;0.0;0.0
0.0;160.2;0.3;0.0
47.6;173.9;16.5;4.0
49.9;213.1;445.6;0.0
48.9;244.4;349.2;0.0
50.0;244.4;318.4;0.0
52.7;244.4;378.7;0.0
49.5;275.6;167.6;0.0
48.9;275.6;0.6;196.0
48.1;275.6;0.6;192.0
55.0;245.2;0.3;60.0
