49.9;85.9;41.3;0.0
44.9;106.1;79.0;0.0
60.0;124.9;81.2;0.0
73.1;140.3;39.7;0.0
29.9;156.6;40.0;0.0
0.0;156.6;1.9;0.0
0.0;156.6;0.0;0.0
0.0;156.6;0.0;0.0
0.0;156.6;0.0;0.0
0.0;156.6;0.0;0.0
0.0;156.6;0.0;0.0
0.0;156.6;0.0;0.0
0.0;156.6;0.0;0.0
0.0;156.6;12.5;0.0
14.9;160.3;14.9;0.0
52.6;163.0;0.0;0.0
49.7;163.3;0.0;0.0
48.8;163.3;0.0;0.0
52.5;163.3;0.0;0.0
49.6;163.3;0.0;0.0
47.0;163.3;0.0;0.0
49.8;163.3;0.0;0.0
49.4;163.3;0.0;0.0
49.5;163.3;0.0;0.0
24.4;164.3;0.3;0.0
0.0;164.3;0.1;0.0
0.0;164.3;1.9;0.0
0.0;164.3;0.0;0.0
0.0;164.3;0.0;0.0
0.0;164.3;0.0;0.0
0.0;164.3;0.0;0.0
0.0;164.3;0.0;0.0
0.0;164.3;0.0;0.0
0.0;164.3;0.0;0.0
5.0;164.3;12.7;0.0
39.0;164.4;2.9;0.0
50.1;164.4;0.0;0.0
49.9;164.4;0.0;0.0
52.1;164.4;0.0;0.0
39.9;164.9;6.1;0.0
34.5;168.5;31.3;0.0
95.0;172.0;6.7;0.0
50.5;170.1;0.2;0.0
49.0;250.8;731.8;4.0
50.1;281.9;1052.1;0.0
45.0;282.1;0.4;132.0
51.4;282.1;0.4;128.0
50.0;251.8;0.7;132.0
