0.0;10510336;0
0.0;10510336;0
0.0;10510336;0
0.0;10510336;0
83.1;12660736;0
100.3;12697600;0
71.7;14757888;0
99.7;14774272;0
83.1;16830464;0
86.0;16846848;0
66.5;18898944;0
83.1;18919424;0
71.7;21098496;0
83.1;21037056;0
83.1;23146496;0
66.5;23183360;0
86.0;25333760;0
66.5;25317376;0
100.8;27336704;0
56.8;27324416;0
100.3;29413376;0
49.9;31485952;0
100.8;31485952;0
56.8;33558528;0
100.3;33558528;0
86.0;35561472;0
99.7;35573760;0
83.1;37732352;173
99.7;37732352;0
71.7;39706624;0
99.4;39706624;0
67.2;41656320;0
99.7;41713664;0
49.9;44404736;0
99.4;44404736;0
71.7;45805568;0
99.7;45805568;0
0.0;49098752;0
218.4;87764992;0
213.1;122691584;0
282.6;147132416;0
216.1;168824832;0
302.4;194433024;0
284.1;221253632;0
258.0;238911488;75
216.1;242053120;590
266.0;242040832;754
66.5;244088832;13
100.3;244088832;0
114.7;246620160;0
99.7;246620160;0
50.4;248631296;0
99.7;248631296;0
133.0;250634240;0
42.6;250621952;0
71.7;252645376;0
28.7;252628992;0
71.0;254652416;0
84.0;254636032;0
83.1;256671744;0
99.7;256671744;0
133.0;258666496;0
0.0;258666496;0
100.8;260689920;0
56.8;262696960;0
100.3;262696960;0
114.7;264699904;0
99.7;264699904;0
49.9;266727424;0
66.5;266715136;0
28.7;268738560;0
99.4;268738560;0
33.6;270745600;0
49.9;270729216;0
49.9;272752640;0
99.7;272736256;0
0.0;276623360;0
201.6;306298880;0
170.5;335785984;0
200.7;359706624;0
172.0;386260992;0
199.5;408018944;0
232.7;436641792;0
282.6;460468224;0
143.3;471146496;0
142.0;284389376;0
71.7;287703040;0
99.7;287703040;0
149.6;289796096;0
99.7;289804288;0
149.6;291954688;0
134.4;291942400;0
85.2;293957632;0
100.8;293957632;0
166.2;295964672;0
99.7;295964672;0
133.0;298053632;0
71.7;298037248;0
71.7;300105728;0
99.4;300105728;0
129.0;302112768;0
66.5;302096384;0
66.5;304103424;0
0.0;305573888;0
99.7;306122752;0
117.6;308146176;0
149.6;308133888;0
133.0;310157312;0
134.4;310140928;0
66.5;312147968;0
99.7;312135680;0
49.9;314200064;0
99.7;314200064;0
157.7;316207104;0
85.2;316194816;0
16.8;320368640;0
199.5;354279424;0
232.7;385585152;0
299.2;405094400;0
215.0;429486080;0
200.7;450564096;0
241.5;477556736;0
215.0;502534144;0
258.0;512397312;0
156.2;325320704;0
166.2;328708096;0
133.0;328691712;0
201.6;330870784;0
66.5;330846208;0
99.7;332865536;0
100.8;332865536;0
99.7;334950400;0
116.4;337055744;0
99.4;337043456;0
100.3;339083264;0
100.3;339083264;0
113.6;341114880;0
100.8;341098496;0
33.2;343171072;0
99.7;343171072;0
116.4;345284608;0
16.6;345272320;0
67.2;347303936;0
99.7;347303936;0
99.7;349310976;0
100.8;349310976;0
83.1;351305728;0
0.0;351305728;0
99.7;353378304;0
99.7;356745216;0
100.8;355385344;0
33.2;357392384;0
99.7;357392384;0
0.0;357376000;0
143.3;373039104;0
127.8;415027200;0
172.0;448540672;0
99.4;472195072;0
172.0;503078912;0
99.7;534679552;0
198.9;549560320;0
186.4;366542848;0
157.7;366518272;0
42.6;368660480;0
99.7;368660480;0
142.0;370724864;0
114.7;370712576;0
157.7;372736000;0
83.1;372707328;0
71.7;374726656;0
100.3;374726656;0
71.0;376721408;0
0.0;376721408;0
99.7;379076608;0
33.2;380157952;0
100.3;381079552;0
86.0;383242240;0
99.4;383242240;0
86.0;385282048;0
28.7;385269760;0
42.6;387293184;0
100.3;387293184;0
85.2;389386240;0
100.3;389386240;0
143.3;391495680;0
14.2;391483392;0
99.7;393506816;0
33.6;393490432;0
99.7;395509760;0
33.2;397606912;0
100.3;397606912;0
56.8;397594624;0
166.2;423690240;0
201.6;456863744;0
216.1;486629376;0
199.5;513765376;0
184.8;536862720;0
116.4;568926208;0
199.5;589836288;0
229.4;462245888;0
156.2;407040000;0
71.7;410361856;0
71.7;410345472;0
83.1;412626944;0
99.7;412626944;0
134.4;414789632;0
83.1;416354304;0
66.5;416837632;0
16.6;418910208;0
99.7;418910208;0
66.5;420966400;0
100.8;420966400;0
83.1;423010304;0
99.7;423010304;0
67.2;425078784;0
99.7;425078784;0
83.1;427122688;0
33.2;427110400;0
99.7;429133824;0
83.1;431169536;0
100.8;431169536;0
66.5;433225728;0
33.2;433209344;0
43.0;435232768;0
100.8;435220480;0
66.5;437243904;0
49.9;437227520;0
86.0;439250944;0
85.2;439234560;0
57.3;447287296;0
200.7;481943552;0
213.1;512221184;0
199.5;538746880;0
268.8;559353856;0
199.5;588165120;0
184.7;617508864;0
100.3;630161408;0
149.6;452227072;0
99.7;455610368;0
184.8;455598080;0
116.4;457687040;0
99.4;457654272;0
43.0;459849728;0
28.7;459837440;0
66.5;462004224;0
99.7;462004224;0
133.0;464109568;0
99.7;464109568;0
184.8;466178048;0
99.7;466960384;0
142.0;468221952;0
129.0;470245376;0
157.7;470233088;0
56.8;472276992;0
86.0;472264704;0
42.6;474324992;0
100.3;474324992;0
117.6;476192768;0
99.7;476196864;0
116.4;478216192;0
50.4;478203904;0
99.7;480305152;0
42.6;480845824;0
99.7;482324480;0
116.4;484425728;0
49.9;484413440;0
0.0;484413440;0
99.7;495566848;0
198.9;534523904;0
215.0;561819648;0
172.0;583983104;0
199.5;604950528;0
133.0;634335232;0
199.5;661848064;0
213.1;672690176;0
186.4;490987520;0
86.0;494350336;0
99.7;494350336;0
149.6;496459776;0
100.8;496472064;0
99.7;498655232;0
99.4;498655232;0
86.0;500789248;0
16.6;502808576;0
99.4;502808576;0
57.3;504852480;0
100.3;504852480;0
49.9;507019264;0
0.0;507006976;0
66.5;509116416;0
100.8;509104128;0
83.1;511234048;0
66.5;511221760;0
99.7;513298432;0
49.9;513282048;0
33.2;515469312;0
33.2;517488640;0
100.8;517488640;0
71.7;519487488;0
0.0;519487488;0
