0.0;10498048;0
0.0;10498048;0
0.0;10498048;0
56.8;12652544;0
99.7;12693504;0
66.5;14749696;0
100.3;14770176;0
66.5;16805888;0
100.8;16842752;0
71.0;19005440;0
86.0;18989056;0
66.5;21061632;0
100.8;21082112;0
71.0;23232512;0
71.7;23220224;0
83.1;25382912;0
66.5;25366528;0
85.2;27353088;0
57.3;27336704;0
99.7;29454336;0
49.9;30265344;0
100.3;31510528;0
56.8;33443840;0
99.7;33443840;0
49.9;37392384;0
100.8;35577856;0
85.2;38457344;173
100.3;38457344;0
33.2;39747584;0
99.7;39747584;0
49.9;41725952;0
100.3;41725952;0
33.2;44523520;0
99.7;44523520;0
50.4;46530560;0
99.4;46530560;0
0.0;45592576;0
182.8;78909440;0
201.6;113393664;0
266.0;137125888;0
200.7;161689600;0
186.4;180469760;0
182.8;204947456;0
199.5;234201088;0
199.5;239075328;453
229.4;242241536;777
113.6;244817920;202
100.8;244817920;0
66.5;246824960;0
99.7;246824960;0
127.8;248848384;0
129.0;248836096;0
133.0;250855424;0
149.6;250839040;0
84.0;252850176;0
99.4;252850176;0
149.6;254873600;0
99.7;254857216;0
84.0;256864256;0
99.4;256864256;0
151.2;258887680;0
99.7;258871296;0
99.7;260878336;0
99.4;260878336;0
67.2;262885376;0
66.5;262868992;0
83.1;264892416;0
67.2;264876032;0
99.7;266899456;0
49.9;266883072;0
85.2;268935168;0
43.0;268918784;0
100.3;270942208;0
99.7;272965632;0
151.2;272949248;0
83.1;272932864;0
114.7;286961664;0
198.9;317145088;0
200.7;346910720;0
199.5;373440512;0
266.0;394891264;0
235.2;423473152;0
266.0;449433600;0
286.7;469348352;0
269.9;340119552;0
215.0;284618752;0
133.0;287973376;0
182.8;287981568;0
201.6;290082816;0
166.2;292704256;0
199.5;292151296;0
198.9;294285312;0
200.7;294285312;0
200.7;296288256;0
116.4;296296448;0
168.0;298299392;0
199.5;298299392;0
200.7;300367872;0
184.7;300363776;0
172.0;302718976;0
133.0;302731264;0
166.2;304852992;0
201.6;304836608;0
182.8;306888704;0
182.8;306872320;0
170.5;308895744;0
86.0;308879360;0
86.0;311508992;0
49.9;311492608;0
114.7;313516032;0
129.0;315547648;0
133.0;315531264;0
116.4;317550592;0
149.6;317538304;0
84.0;317538304;0
149.6;338636800;0
133.0;376639488;0
184.8;407293952;0
198.9;431718400;0
286.7;449441792;0
213.1;471375872;0
243.7;496627712;0
114.7;511758336;0
142.0;325136384;0
16.8;328523776;0
100.3;328523776;0
142.0;330629120;0
129.0;330612736;0
127.8;332627968;0
100.3;332627968;0
86.0;334786560;0
99.7;334786560;0
84.0;336846848;0
99.7;336846848;0
166.2;338927616;0
99.7;338915328;0
99.7;341045248;0
117.6;343134208;0
99.7;343121920;0
133.0;345145344;0
143.3;345128960;0
127.8;347152384;0
114.7;347136000;0
142.0;349286400;0
157.7;349270016;0
129.0;351346688;0
99.7;351346688;0
168.0;353357824;0
99.7;353357824;0
182.8;355377152;0
116.4;355360768;0
116.4;357384192;0
0.0;357384192;0
66.5;367357952;0
199.5;397631488;0
252.0;426688512;0
258.0;445386752;0
255.7;465702912;0
229.4;487395328;0
255.7;510566400;0
299.2;525475840;0
272.4;547241984;0
319.2;554045440;0
232.7;367181824;0
33.2;370348032;0
100.8;370348032;0
133.0;372563968;0
99.7;372563968;0
133.0;374710272;0
99.7;374710272;0
151.2;376745984;0
99.7;376745984;0
116.4;378806272;0
67.2;378789888;0
99.7;380813312;0
99.7;382885888;0
133.0;382881792;0
116.4;384929792;0
100.8;384929792;0
83.1;386981888;0
99.7;386981888;0
67.2;388988928;0
49.9;388972544;0
71.0;390995968;0
100.3;390995968;0
156.2;393052160;0
100.3;393052160;0
100.8;395587584;0
83.1;397611008;0
99.7;397611008;0
33.6;397594624;0
149.6;414531584;0
199.5;444071936;0
182.8;476733440;0
113.6;507371520;0
200.7;532811776;0
117.6;566009856;0
199.5;590389248;0
199.5;483733504;0
168.0;407093248;0
49.9;410443776;0
49.9;410431488;0
71.7;412540928;0
28.4;412524544;0
83.1;414601216;0
100.8;414601216;0
143.3;416784384;0
14.2;421728256;0
99.7;418906112;0
67.2;420937728;0
99.7;420937728;0
49.9;423084032;0
99.7;423084032;0
66.5;425140224;0
100.8;425127936;0
83.1;427151360;0
83.1;427134976;0
100.8;429174784;0
99.7;429174784;0
127.8;431255552;0
71.7;433483776;0
99.4;433483776;0
129.0;435539968;0
100.3;435527680;0
71.0;437579776;0
100.3;437579776;0
114.7;439693312;0
99.4;439693312;0
66.5;448282624;0
149.6;485416960;0
133.0;521338880;0
201.6;548143104;0
272.4;568516608;0
213.1;591413248;0
229.4;616869888;0
201.6;630661120;0
199.5;451850240;0
83.1;451833856;0
99.7;455229440;0
42.6;457392128;0
99.7;457392128;0
134.4;458928128;0
99.7;458915840;0
133.0;461471744;0
86.0;461455360;0
71.7;463536128;0
56.8;463523840;0
99.7;465727488;0
99.7;465727488;0
156.2;467734528;0
114.7;469798912;0
143.3;469794816;0
66.5;471822336;0
99.7;471805952;0
50.4;473853952;0
99.7;473853952;0
170.5;475922432;0
100.3;475906048;0
113.6;477913088;0
99.7;477913088;0
117.6;479977472;0
116.4;482017280;0
149.6;482000896;0
129.0;484020224;0
114.7;484007936;0
42.6;483995648;0
199.5;508493824;0
199.5;539467776;0
299.2;564854784;0
258.0;592957440;0
302.4;606842880;0
249.3;630448128;0
213.1;658231296;0
229.4;673198080;0
117.6;491945984;0
83.1;495325184;0
0.0;495312896;0
99.7;497397760;0
116.4;499490816;0
149.6;499462144;0
33.6;501592064;0
66.5;501575680;0
71.0;503595008;0
57.3;503582720;0
71.7;505651200;0
14.3;505638912;0
100.3;507662336;0
83.1;509702144;0
83.1;509689856;0
16.6;511750144;0
99.7;511750144;0
71.7;513843200;0
100.3;513843200;0
71.0;515850240;0
99.7;515850240;0
168.0;517865472;0
99.7;517865472;0
99.4;520015872;0
86.0;522022912;0
99.4;522022912;0
