0.0;10498048;0
0.0;10498048;0
0.0;10498048;0
0.0;10498048;0
0.0;10498048;0
43.0;12619776;0
99.4;12677120;0
84.0;14745600;0
99.7;14794752;0
71.7;16859136;0
85.2;16863232;0
67.2;18919424;0
83.1;18878464;0
71.7;21073920;0
99.7;21045248;0
83.1;23252992;0
66.5;23236608;0
86.0;25325568;0
71.7;25309184;0
99.7;27324416;0
67.2;27312128;0
99.7;29396992;0
57.3;29384704;0
113.6;31490048;0
71.7;33505280;0
100.3;33558528;0
66.5;35553280;0
100.8;35553280;0
71.0;37695488;173
100.3;37695488;0
49.9;39665664;0
100.8;39665664;0
49.9;41611264;0
100.3;41611264;0
71.7;43618304;0
99.7;43618304;0
49.9;45797376;0
99.7;45797376;0
14.3;45785088;0
156.2;77135872;0
151.2;111415296;0
199.5;139640832;0
133.0;166387712;0
199.5;186331136;0
157.7;218050560;0
200.7;238280704;0
149.6;242057216;516
201.6;242057216;802
56.8;244092928;114
99.7;244092928;0
127.8;246112256;0
134.4;246095872;0
49.9;248107008;0
99.7;248107008;0
143.3;250183680;0
99.4;250183680;0
157.7;252203008;0
99.7;252186624;0
67.2;254197760;0
99.7;254197760;0
86.0;256200704;0
100.3;256200704;0
127.8;258211840;0
83.1;258195456;0
83.1;260251648;0
100.8;260251648;0
127.8;262258688;0
100.3;262258688;0
143.3;264261632;0
99.7;267763712;0
116.4;266268672;0
114.7;268288000;0
99.7;268275712;0
99.7;270815232;0
100.8;270815232;0
116.4;272818176;0
100.3;272818176;0
71.0;272805888;0
172.0;303783936;0
199.5;337051648;0
232.7;362422272;0
184.8;386629632;0
199.5;405499904;0
182.8;430936064;0
198.9;458149888;0
200.7;471441408;0
143.3;283590656;0
49.9;286957568;0
100.8;286957568;0
33.2;289075200;0
99.7;289075200;0
149.6;291155968;0
129.0;291139584;0
143.3;293335040;0
99.4;293335040;0
151.2;295407616;0
99.7;295407616;0
99.7;297443328;0
99.7;297443328;0
157.7;299491328;0
100.3;299495424;0
156.2;301568000;0
100.8;301568000;0
114.7;303587328;0
49.9;305627136;0
99.7;305627136;0
116.4;307699712;0
143.3;307687424;0
71.0;309723136;0
100.3;309723136;0
49.9;311730176;0
99.7;311730176;0
83.1;313741312;0
99.7;313741312;0
168.0;315752448;0
99.7;315736064;0
43.0;317784064;0
200.7;344625152;0
170.5;377806848;0
200.7;405573632;0
232.7;433225728;0
218.4;450453504;0
199.5;475918336;0
199.5;498814976;0
184.8;512643072;0
166.2;324620288;0
116.4;327835648;0
99.7;327847936;0
116.4;330108928;0
50.4;330096640;0
99.7;332152832;0
33.2;334843904;0
84.0;334155776;0
16.6;336211968;0
99.7;336211968;0
49.9;338214912;0
99.7;338214912;0
151.2;340295680;0
127.8;340287488;0
157.7;342446080;0
114.7;342429696;0
99.4;344494080;0
100.3;344494080;0
170.5;346603520;0
100.8;346587136;0
166.2;348610560;0
83.1;348594176;0
100.8;350613504;0
99.7;351817728;0
99.7;352620544;0
99.7;354729984;0
100.3;354729984;0
86.0;356741120;0
99.4;356741120;0
50.4;356724736;0
133.0;375795712;0
198.9;411852800;0
258.0;440209408;0
213.1;466710528;0
200.7;491909120;0
215.0;522805248;0
255.7;548528128;0
232.7;518488064;0
218.4;364867584;0
71.0;368193536;0
99.7;368193536;0
71.0;370266112;0
33.2;370282496;0
67.2;372391936;0
99.7;372391936;0
116.4;374566912;0
100.8;374566912;0
166.2;376659968;0
0.0;378789888;0
99.7;378789888;0
49.9;380805120;0
100.8;380805120;0
133.0;382812160;0
99.7;382812160;0
50.4;384942080;0
99.7;384942080;0
116.4;387047424;0
99.7;387031040;0
66.5;389206016;0
84.0;389189632;0
71.0;391241728;0
100.3;391241728;0
168.0;393256960;0
0.0;393240576;0
99.7;395386880;0
0.0;397664256;0
99.4;397467648;0
16.6;397451264;0
67.2;405467136;0
149.6;446844928;0
149.6;481710080;0
201.6;509714432;0
249.3;531111936;0
199.5;560865280;0
282.6;584208384;0
199.5;589869056;0
134.4;406814720;0
99.7;406814720;0
184.7;410140672;0
100.8;412241920;0
166.2;412233728;0
66.5;414257152;0
100.3;414257152;0
142.0;416387072;0
71.7;416358400;0
57.3;418435072;0
49.9;418422784;0
67.2;420528128;0
99.7;420528128;0
133.0;422535168;0
99.7;422535168;0
184.7;424542208;0
100.3;424878080;0
157.7;426713088;0
113.6;428793856;0
129.0;428781568;0
57.3;430919680;0
99.4;430919680;0
71.7;432926720;0
85.2;432914432;0
57.3;435073024;0
100.3;435073024;0
99.4;437084160;0
71.7;437067776;0
86.0;439095296;0
83.1;439083008;0
99.7;449331200;0
199.5;481058816;0
166.2;514375680;0
201.6;540749824;0
249.3;563273728;0
149.6;595148800;0
184.8;624676864;0
199.5;629977088;0
133.0;446996480;0
116.4;450342912;0
133.0;450330624;0
99.4;452509696;0
100.3;452509696;0
100.8;454586368;0
33.2;454586368;0
71.0;456630272;0
57.3;456617984;0
100.8;458829824;0
66.5;458878976;0
99.7;460902400;0
33.2;462999552;0
99.4;462999552;0
86.0;465072128;0
84.0;465055744;0
66.5;467075072;0
99.7;467075072;0
84.0;469245952;0
99.7;469233664;0
83.1;471277568;0
83.1;471261184;0
99.4;473280512;0
28.7;475291648;0
100.8;475291648;0
33.2;477294592;0
99.4;477294592;0
100.3;479301632;0
100.8;479301632;0
16.6;481894400;0
199.5;512614400;0
166.2;548831232;0
199.5;578109440;0
201.6;602177536;0
200.7;632893440;0
227.3;658145280;0
200.7;670416896;0
151.2;493895680;0
99.7;493899776;0
166.2;497364992;0
100.3;497393664;0
99.4;499466240;0
114.7;501530624;0
100.8;501530624;0
83.1;503533568;0
99.7;503533568;0
67.2;505544704;0
99.7;505544704;0
71.0;507547648;0
100.3;507535360;0
85.2;509558784;0
100.3;509558784;0
100.8;511586304;0
66.5;513667072;0
99.4;513667072;0
57.3;515723264;0
100.8;515723264;0
116.4;517726208;0
99.7;517726208;0
116.4;519733248;0
99.4;519733248;0
