0.0;10489856;0
0.0;10489856;0
0.0;10489856;0
0.0;10489856;0
66.5;12623872;0
99.7;12656640;0
86.0;14716928;0
99.7;14749696;0
66.5;16773120;0
83.1;16793600;0
71.7;18923520;0
83.1;18907136;0
84.0;20992000;0
83.1;21012480;0
86.0;23089152;0
83.1;23113728;0
100.8;25276416;0
71.0;25260032;0
100.3;27205632;0
66.5;27193344;0
99.7;29356032;0
49.9;31428608;0
100.3;31428608;0
49.9;33435648;0
99.7;33435648;0
57.3;35508224;0
99.7;35508224;0
86.0;37650432;173
99.4;37650432;0
67.2;39661568;0
99.7;39661568;0
71.7;41586688;0
100.3;41644032;0
49.9;43724800;0
99.7;43724800;0
66.5;45670400;0
100.3;45670400;0
0.0;45461504;0
168.0;69828608;0
149.6;107433984;0
199.5;137850880;0
198.9;165748736;0
272.4;178077696;0
216.1;200122368;0
199.5;227475456;0
218.4;242405376;239
199.5;242388992;646
215.0;244379648;547
133.0;244350976;0
16.8;246435840;0
66.5;246419456;0
28.7;248442880;0
57.3;248426496;0
42.6;250449920;0
100.3;250449920;0
71.0;252452864;0
100.8;252452864;0
66.5;254459904;0
99.7;254459904;0
157.7;256499712;0
42.6;256487424;0
66.5;258506752;0
83.1;258506752;0
134.4;260517888;0
0.0;260501504;0
99.7;262524928;0
100.3;262524928;0
156.2;265023488;0
99.7;266522624;0
166.2;267034624;0
117.6;269053952;0
170.5;269037568;0
100.3;271048704;0
66.5;271032320;0
16.6;273051648;0
99.7;273051648;0
49.9;273039360;0
143.3;297955328;0
198.9;332210176;0
272.4;361320448;0
243.7;387452928;0
255.7;407154688;0
200.7;437374976;0
198.9;459231232;0
200.7;471203840;0
166.2;284430336;0
83.1;287756288;0
67.2;287739904;0
33.2;289906688;0
99.7;289906688;0
66.5;292024320;0
99.7;292024320;0
157.7;294113280;0
42.6;294080512;0
71.7;296099840;0
28.7;296087552;0
71.0;298110976;0
71.7;298094592;0
85.2;300113920;0
100.8;300113920;0
166.2;302125056;0
99.7;304357376;0
100.8;304340992;0
133.0;306425856;0
143.3;306409472;0
113.6;308441088;0
100.3;308441088;0
133.0;310464512;0
99.7;310435840;0
33.6;312492032;0
99.7;312492032;0
57.3;314499072;0
99.4;314499072;0
57.3;316502016;0
100.3;316502016;0
66.5;322043904;0
201.6;356749312;0
216.1;389173248;0
199.5;416161792;0
199.5;437465088;0
266.0;465985536;0
117.6;493576192;0
199.5;509124608;0
166.2;325165056;0
100.3;325165056;0
71.0;327524352;0
100.3;327524352;0
56.8;329662464;0
100.3;329662464;0
57.3;331718656;0
28.4;331706368;0
83.1;333737984;0
100.3;333737984;0
85.2;335749120;0
71.7;335732736;0
99.4;337854464;0
86.0;338923520;0
100.3;339865600;0
99.7;341991424;0
117.6;341975040;0
116.4;344092672;0
99.7;344080384;0
133.0;346136576;0
100.3;346136576;0
67.2;348200960;0
99.4;348200960;0
57.3;350212096;0
14.3;350195712;0
71.0;352305152;0
100.3;352305152;0
127.8;354312192;0
71.7;354295808;0
100.3;356315136;0
56.8;356302848;0
99.7;364331008;0
184.8;393449472;0
184.7;423645184;0
129.0;456093696;0
156.2;477212672;0
200.7;499527680;0
200.7;528039936;0
99.4;549580800;0
186.4;381800448;0
71.7;365432832;0
99.7;368697344;0
66.5;370839552;0
99.7;370839552;0
114.7;372998144;0
43.0;372985856;0
33.2;375119872;0
99.7;375119872;0
134.4;377184256;0
99.7;377184256;0
166.2;379207680;0
99.7;379191296;0
86.0;381218816;0
86.0;381206528;0
71.0;383258624;0
71.7;383246336;0
86.0;385327104;0
99.4;386101248;0
157.7;387432448;0
71.0;389443584;0
57.3;389447680;0
43.0;391557120;0
99.4;391557120;0
143.3;393592832;0
114.7;393576448;0
127.8;395603968;0
100.3;395603968;0
127.8;397647872;0
14.3;397631488;0
43.0;408223744;0
198.9;437301248;0
229.4;469426176;0
243.7;492924928;0
213.1;514732032;0
200.7;537444352;0
184.7;562819072;0
199.5;585551872;0
184.8;592121856;0
149.6;406736896;0
99.7;410071040;0
84.0;410058752;0
83.1;412356608;0
0.0;412356608;0
100.3;414498816;0
113.6;416563200;0
143.3;416538624;0
71.7;418762752;0
99.4;418762752;0
57.3;420773888;0
100.3;420773888;0
56.8;423149568;0
83.1;423141376;0
71.0;425164800;0
99.7;425164800;0
184.8;427270144;0
83.1;427253760;0
99.7;429604864;0
117.6;431616000;0
99.7;431616000;0
116.4;433668096;0
99.7;433651712;0
133.0;435716096;0
100.8;435699712;0
71.7;437710848;0
14.2;437698560;0
83.1;439787520;0
0.0;439771136;0
57.3;447590400;0
198.9;481116160;0
229.4;513650688;0
198.9;540684288;0
258.0;563040256;0
229.4;592171008;0
255.7;617787392;0
243.7;630210560;0
252.0;453246976;0
166.2;453234688;0
199.5;456552448;0
99.7;458686464;0
142.0;458211328;0
129.0;460443648;0
114.7;459898880;0
71.0;462057472;0
100.3;462057472;0
129.0;464117760;0
99.7;464142336;0
149.6;466337792;0
83.1;466325504;0
99.7;468443136;0
67.2;468402176;0
100.3;470425600;0
127.8;472449024;0
114.7;472412160;0
151.2;474456064;0
99.7;474439680;0
83.1;476516352;0
99.7;476516352;0
166.2;478523392;0
100.8;478507008;0
83.1;480530432;0
99.4;480530432;0
99.7;482533376;0
50.4;484577280;0
99.7;484577280;0
99.7;484577280;0
166.2;504934400;0
199.5;536662016;0
302.4;559742976;0
229.4;581779456;0
232.7;604520448;0
216.1;636166144;0
285.6;661819392;0
232.7;672514048;0
156.2;494768128;0
86.0;497778688;0
83.1;497766400;0
83.1;499974144;0
100.8;499974144;0
99.7;502063104;0
71.0;505540608;0
100.3;504287232;0
129.0;506003456;0
127.8;505991168;0
86.0;508030976;0
99.7;508030976;0
99.7;510128128;0
100.8;510115840;0
66.5;512159744;0
99.7;512159744;0
157.7;514232320;0
86.0;514215936;0
99.4;516366336;0
57.3;518406144;0
99.7;518406144;0
133.0;520536064;0
117.6;520523776;0
83.1;522530816;0
