8.3;55.9;24.7;1.9;0.0;705.0
7.2;103.1;132.0;11.6;0.0;705.0
7.1;140.6;138.9;7.4;0.0;705.0
8.4;175.9;132.2;6.9;0.0;705.0
6.9;208.2;99.8;7.1;0.0;705.0
8.4;288.7;110.9;32.2;0.0;705.0
8.4;328.4;0.0;0.0;0.0;705.0
8.4;345.6;0.0;0.0;0.0;705.0
8.4;363.1;0.0;0.0;0.0;705.0
8.3;379.5;0.0;0.0;0.0;705.0
8.3;395.7;0.0;0.0;0.0;705.0
8.3;408.6;0.0;0.0;0.0;705.0
8.3;424.6;0.0;0.0;0.0;705.0
8.3;441.8;0.0;0.0;0.0;705.0
8.4;458.0;0.0;0.0;0.0;705.0
8.3;474.9;0.0;0.0;0.0;705.0
7.1;469.2;12.6;0.1;0.0;705.0
8.3;469.3;60.6;0.3;0.0;705.0
8.3;469.3;64.5;0.3;0.0;705.0
8.3;469.3;63.3;0.3;0.0;705.0
8.4;469.3;60.0;0.3;0.0;705.0
8.4;469.4;65.1;0.3;0.0;705.0
8.4;469.4;64.8;0.3;0.0;705.0
8.3;469.4;64.8;0.3;0.0;705.0
8.4;469.4;60.6;0.3;0.0;705.0
8.4;469.4;62.7;0.3;0.0;705.0
8.3;469.4;65.4;0.3;0.0;705.0
8.4;469.4;62.1;0.3;0.0;705.0
8.4;469.4;61.5;0.3;0.0;705.0
8.4;469.4;65.7;0.3;0.0;705.0
8.3;469.4;61.8;0.3;0.0;705.0
8.3;469.5;64.5;0.3;0.0;705.0
8.3;469.5;62.1;0.3;0.0;705.0
8.3;469.5;66.0;0.3;0.0;705.0
8.3;469.5;60.6;0.3;0.0;705.0
8.4;469.5;62.4;0.3;0.0;705.0
8.3;469.5;65.1;0.3;0.0;705.0
8.4;469.5;60.9;0.3;0.0;705.0
8.3;469.5;65.7;0.3;0.0;705.0
8.3;469.5;62.1;0.3;0.0;705.0
8.3;469.5;66.6;0.3;0.0;705.0
8.3;469.5;59.7;0.3;0.0;705.0
8.4;469.5;61.5;0.3;0.0;705.0
8.3;469.5;67.2;0.3;0.0;705.0
8.4;469.5;66.6;0.3;0.0;705.0
8.4;469.5;59.1;0.3;0.0;705.0
8.3;469.5;63.0;0.3;0.0;705.0
8.4;469.5;63.3;0.3;0.0;705.0
8.4;469.5;70.2;0.3;0.0;705.0
8.3;469.5;57.0;0.3;0.0;705.0
8.4;469.5;65.4;0.3;0.0;705.0
8.3;469.5;62.7;0.3;0.0;705.0
8.4;469.5;62.1;0.3;0.0;705.0
8.3;469.5;62.7;0.3;0.0;705.0
8.4;469.5;62.4;0.3;0.0;705.0
8.3;469.5;65.1;0.3;0.0;705.0
8.4;469.5;61.8;0.3;0.0;705.0
8.4;469.5;62.7;0.3;0.0;705.0
8.4;469.5;63.0;0.3;0.0;705.0
8.4;469.5;61.8;0.3;0.0;705.0
8.3;469.5;62.4;0.3;0.0;705.0
8.3;469.5;62.1;0.3;0.0;705.0
8.3;469.5;61.8;0.3;0.0;705.0
8.4;469.5;63.6;0.3;0.0;705.0
8.3;469.5;63.6;0.3;0.0;705.0
8.4;469.5;62.7;0.3;0.0;705.0
8.3;469.5;59.1;0.3;0.0;705.0
8.3;469.5;63.0;0.3;0.0;705.0
8.3;469.5;67.2;0.3;0.0;705.0
8.4;469.5;59.1;0.3;0.0;705.0
8.3;469.5;64.2;0.3;0.0;705.0
8.4;469.5;63.0;0.3;0.0;705.0
8.3;469.5;63.3;0.3;0.0;705.0
8.4;469.5;58.8;0.3;0.0;705.0
8.3;469.5;64.2;0.3;0.0;705.0
8.4;469.5;61.5;0.3;0.0;705.0
8.4;469.5;59.7;0.3;0.0;705.0
8.3;469.5;62.7;0.3;0.0;705.0
8.4;469.5;62.4;0.3;0.0;705.0
8.3;469.5;62.7;0.3;0.0;705.0
8.3;469.5;62.7;0.3;0.0;705.0
8.4;469.5;63.3;0.3;0.0;705.0
8.4;469.5;65.1;0.3;0.0;705.0
8.4;469.5;60.9;0.3;0.0;705.0
8.4;469.5;67.8;0.3;0.0;705.0
8.3;469.5;60.0;0.3;0.0;705.0
8.3;469.5;64.8;0.3;0.0;705.0
8.3;469.5;61.5;0.3;0.0;705.0
8.4;469.5;62.7;0.3;0.0;705.0
8.3;469.5;63.9;0.3;0.0;705.0
8.4;469.5;62.7;0.3;0.0;705.0
8.3;469.5;63.9;0.3;0.0;705.0
8.4;469.5;65.7;0.3;0.0;705.0
8.4;469.5;57.9;0.3;0.0;705.0
8.3;469.5;62.7;0.3;0.0;705.0
8.4;469.5;62.4;0.3;0.0;705.0
8.3;469.5;65.7;0.3;0.0;705.0
8.4;469.5;63.3;0.3;0.0;705.0
8.3;469.5;60.9;0.3;0.0;705.0
8.3;469.5;63.6;0.3;0.0;705.0
8.4;469.5;61.8;0.3;0.0;705.0
8.3;469.5;64.8;0.3;0.0;705.0
8.3;469.5;59.7;0.3;0.0;705.0
8.3;469.5;65.1;0.3;0.0;705.0
8.3;469.5;68.1;0.3;0.0;705.0
8.4;469.5;60.6;0.3;0.0;705.0
8.3;469.5;63.0;0.3;0.0;705.0
8.3;469.5;63.3;0.3;0.0;705.0
8.4;469.5;66.9;0.3;0.0;705.0
8.4;469.5;60.0;0.3;0.0;705.0
8.3;469.5;63.3;0.3;0.0;705.0
8.4;469.5;63.3;0.3;0.0;705.0
8.4;469.5;60.6;0.3;0.0;705.0
8.4;469.5;66.0;0.3;0.0;705.0
8.4;469.5;61.8;0.3;0.0;705.0
8.3;469.5;61.2;0.3;0.0;705.0
8.4;469.5;67.2;0.3;0.0;705.0
8.3;469.5;61.8;0.3;0.0;705.0
8.4;469.5;64.8;0.3;0.0;705.0
8.3;469.5;59.4;0.3;0.0;705.0
8.3;469.5;64.8;0.3;0.0;705.0
8.4;469.5;62.4;0.3;0.0;705.0
8.4;469.5;59.4;0.3;0.0;705.0
8.3;469.5;63.6;0.3;0.0;705.0
8.3;469.5;66.0;0.3;0.0;705.0
8.3;469.5;60.9;0.3;0.0;705.0
8.4;469.5;65.7;0.3;0.0;705.0
8.4;469.5;59.7;0.3;0.0;705.0
8.3;469.5;63.0;0.3;0.0;705.0
8.4;469.5;62.4;0.3;0.0;705.0
8.3;469.5;63.0;0.3;0.0;705.0
8.4;469.5;65.4;0.3;0.0;705.0
8.3;469.5;64.8;0.3;0.0;705.0
8.4;469.5;61.8;0.3;0.0;705.0
8.3;469.5;61.8;0.3;0.0;705.0
8.4;469.5;64.2;0.3;0.0;705.0
8.3;469.5;61.8;0.3;0.0;705.0
8.3;469.5;63.0;0.3;0.0;705.0
8.3;469.5;62.4;0.3;0.0;705.0
8.4;469.5;66.0;0.3;0.0;705.0
8.3;469.5;67.8;0.3;0.0;705.0
8.3;469.5;61.2;0.3;0.0;705.0
8.3;469.5;59.7;0.3;0.0;705.0
8.4;469.5;64.5;0.3;0.0;705.0
8.3;469.5;64.2;0.3;0.0;705.0
8.4;469.5;62.7;0.3;0.0;705.0
8.4;469.5;60.9;0.3;0.0;705.0
8.3;469.5;63.6;0.3;0.0;705.0
8.3;469.5;68.1;0.3;0.0;705.0
8.4;469.5;60.6;0.3;0.0;705.0
8.4;469.5;62.4;0.3;0.0;705.0
8.3;469.5;60.0;0.3;0.0;705.0
8.4;469.5;66.6;0.3;0.0;705.0
8.4;469.5;58.5;0.3;0.0;705.0
8.4;469.5;64.8;0.3;0.0;705.0
8.3;469.5;60.6;0.3;0.0;705.0
8.4;469.5;68.4;0.3;0.0;705.0
8.3;469.5;60.0;0.3;0.0;705.0
8.4;469.5;65.7;0.3;0.0;705.0
8.3;469.5;63.9;0.3;0.0;705.0
8.4;469.5;60.9;0.3;0.0;705.0
8.4;469.5;66.9;0.3;0.0;705.0
8.4;469.5;58.5;0.3;0.0;705.0
8.4;469.5;63.6;0.3;0.0;705.0
8.3;469.5;63.6;0.3;0.0;705.0
8.4;469.5;65.1;0.3;0.0;705.0
8.3;469.5;60.0;0.3;0.0;705.0
8.4;469.5;63.9;0.3;0.0;705.0
8.3;470.2;63.3;0.3;0.0;705.0
8.3;470.2;59.4;0.3;0.0;705.0
8.3;470.2;65.1;0.3;0.0;705.0
8.4;470.2;63.3;0.3;0.0;705.0
8.3;470.2;63.6;0.3;0.0;705.0
8.4;470.2;63.6;0.3;0.0;705.0
8.3;470.2;62.4;0.3;0.0;705.0
8.3;470.2;63.0;0.3;0.0;705.0
8.3;470.2;60.0;0.3;0.0;705.0
8.3;470.2;67.8;0.3;0.0;705.0
8.3;470.2;58.2;0.3;0.0;705.0
8.4;470.2;58.8;0.3;0.0;705.0
8.3;470.2;66.0;0.3;0.0;705.0
8.4;470.2;62.4;0.3;0.0;705.0
8.4;470.2;60.3;0.3;0.0;705.0
8.3;470.2;63.9;0.3;0.0;705.0
8.4;470.2;66.0;0.3;0.0;705.0
8.3;470.2;66.9;0.3;0.0;705.0
8.3;470.2;57.6;0.3;0.0;705.0
8.3;470.2;62.1;0.3;0.0;705.0
8.3;470.2;63.0;0.3;0.0;705.0
8.3;470.2;64.5;0.3;0.0;705.0
8.4;470.2;62.4;0.3;0.0;705.0
8.3;470.2;61.2;0.3;0.0;705.0
8.3;470.2;62.1;0.3;0.0;705.0
8.3;470.2;63.6;0.3;0.0;705.0
8.3;470.2;66.0;0.3;0.0;705.0
8.3;470.2;61.5;0.3;0.0;705.0
8.4;470.2;61.8;0.3;0.0;705.0
8.3;470.2;63.9;0.3;0.0;705.0
8.4;470.2;64.5;0.3;0.0;705.0
8.3;470.2;63.0;0.3;0.0;705.0
8.3;470.2;62.4;0.3;0.0;705.0
8.4;470.2;62.4;0.3;0.0;705.0
8.3;470.2;60.0;0.3;0.0;705.0
8.4;470.2;61.8;0.3;0.0;705.0
8.3;470.2;65.1;0.3;0.0;705.0
8.3;470.2;62.4;0.3;0.0;705.0
8.3;470.2;66.9;0.3;0.0;705.0
8.3;470.2;61.8;0.3;0.0;705.0
8.3;470.2;64.5;0.3;0.0;705.0
8.3;470.2;60.9;0.3;0.0;705.0
8.3;470.2;66.0;0.3;0.0;705.0
8.4;470.2;63.3;0.3;0.0;705.0
8.3;470.2;60.0;0.3;0.0;705.0
8.3;470.2;65.1;0.3;0.0;705.0
8.3;470.2;64.8;0.3;0.0;705.0
8.4;470.2;61.8;0.3;0.0;705.0
8.4;470.2;59.4;0.3;0.0;705.0
8.4;470.2;60.9;0.3;0.0;705.0
8.4;470.2;62.1;0.3;0.0;705.0
8.3;470.2;63.6;0.3;0.0;705.0
8.4;470.2;67.2;0.3;0.0;705.0
8.3;470.2;63.6;0.3;0.0;705.0
8.3;470.2;59.1;0.3;0.0;705.0
8.3;470.2;64.5;0.3;0.0;705.0
8.3;470.2;60.3;0.3;0.0;705.0
8.3;470.2;64.5;0.3;0.0;705.0
8.3;470.2;59.9;0.3;0.0;705.0
8.3;470.2;61.6;0.3;0.0;705.0
8.4;470.2;63.9;0.3;0.0;705.0
8.3;470.2;63.9;0.3;0.0;705.0
8.3;470.2;65.1;0.3;0.0;705.0
8.3;470.2;60.0;0.3;0.0;705.0
8.3;470.2;65.1;0.3;0.0;705.0
8.4;470.2;66.0;0.3;0.0;705.0
8.4;470.2;58.8;0.3;0.0;705.0
8.3;470.2;64.5;0.3;0.0;705.0
8.3;470.2;61.8;0.3;0.0;705.0
8.3;470.2;67.5;0.3;0.0;705.0
8.3;470.2;59.1;0.3;0.0;705.0
8.4;470.2;60.9;0.3;0.0;705.0
8.3;470.2;65.7;0.3;0.0;705.0
8.4;470.2;66.6;0.3;0.0;705.0
8.3;470.2;61.8;0.3;0.0;705.0
8.4;470.2;63.3;0.3;0.0;705.0
8.3;470.2;60.3;0.3;0.0;705.0
8.3;470.2;63.3;0.3;0.0;705.0
8.3;470.2;62.4;0.3;0.0;705.0
8.4;470.2;63.0;0.3;0.0;705.0
8.4;470.2;64.5;0.3;0.0;705.0
8.4;470.2;65.1;0.3;0.0;705.0
8.3;470.2;62.1;0.3;0.0;705.0
8.4;470.2;62.7;0.3;0.0;705.0
8.4;470.2;62.7;0.3;0.0;705.0
8.4;470.2;68.9;0.3;0.0;705.0
8.3;470.2;61.0;0.3;0.0;705.0
8.4;470.2;63.9;0.3;0.0;705.0
8.4;470.2;63.6;0.3;0.0;705.0
8.3;470.2;61.5;0.3;0.0;705.0
8.3;470.2;62.7;0.3;0.0;705.0
8.3;470.2;61.8;0.3;0.0;705.0
8.3;470.2;64.5;0.3;0.0;705.0
8.3;470.2;66.0;0.3;0.0;705.0
8.3;470.2;62.1;0.3;0.0;705.0
8.3;470.2;65.4;0.3;0.0;705.0
8.3;470.2;64.5;0.3;0.0;705.0
8.3;470.2;61.5;0.3;0.0;705.0
8.3;470.2;65.1;0.3;0.0;705.0
8.3;470.2;61.2;0.3;0.0;705.0
8.4;470.2;63.0;0.3;0.0;705.0
8.4;470.2;66.9;0.3;0.0;705.0
8.4;470.2;62.4;0.3;0.0;705.0
8.3;470.2;62.1;0.3;0.0;705.0
8.3;470.2;61.5;0.3;0.0;705.0
8.3;470.2;65.7;0.3;0.0;705.0
8.3;470.2;59.4;0.3;0.0;705.0
8.4;470.2;65.1;0.3;0.0;705.0
8.3;470.2;63.9;0.3;0.0;705.0
8.4;470.2;60.3;0.3;0.0;705.0
8.3;470.2;63.9;0.3;0.0;705.0
8.4;470.2;63.9;0.3;0.0;705.0
8.3;470.2;58.8;0.3;0.0;705.0
8.3;470.2;62.7;0.3;0.0;705.0
8.3;470.2;65.4;0.3;0.0;705.0
8.3;470.2;63.9;0.3;0.0;705.0
8.3;470.2;64.2;0.3;0.0;705.0
8.4;470.2;64.5;0.3;0.0;705.0
8.3;470.2;63.0;0.3;0.0;705.0
8.4;470.2;60.0;0.3;0.0;705.0
8.4;470.2;62.7;0.3;0.0;705.0
8.4;470.2;64.8;0.3;0.0;705.0
8.3;470.2;63.3;0.3;0.0;705.0
8.3;470.2;60.9;0.3;0.0;705.0
8.4;470.2;61.8;0.3;0.0;705.0
8.4;470.2;67.8;0.3;0.0;705.0
8.3;470.2;59.1;0.3;0.0;705.0
8.4;470.2;62.1;0.3;0.0;705.0
8.3;470.2;62.4;0.3;0.0;705.0
8.3;470.2;65.4;0.3;0.0;705.0
8.3;470.2;63.0;0.3;0.0;705.0
8.3;470.2;60.9;0.3;0.0;705.0
