8.4;56.0;24.5;1.9;0.0;705.0
8.3;102.1;127.0;11.4;0.0;705.0
7.1;142.1;144.3;7.7;0.0;705.0
8.3;176.5;132.8;6.9;0.0;705.0
8.3;209.1;106.8;7.4;0.0;705.0
8.3;285.6;103.3;31.9;0.0;705.0
8.4;328.5;0.0;0.0;0.0;705.0
8.3;346.0;0.0;0.0;0.0;705.0
8.4;364.3;0.0;0.0;0.0;705.0
8.4;380.7;0.0;0.0;0.0;705.0
8.3;398.1;0.0;0.0;0.0;705.0
8.4;409.5;0.0;0.0;0.0;705.0
8.3;426.6;0.0;0.0;0.0;705.0
8.4;443.3;0.0;0.0;0.0;705.0
8.4;460.5;0.0;0.0;0.0;705.0
8.4;477.4;0.0;0.0;0.0;705.0
8.3;468.9;21.6;0.1;0.0;705.0
8.3;468.9;62.1;0.3;0.0;705.0
8.4;469.0;65.1;0.3;0.0;705.0
8.3;469.0;63.0;0.3;0.0;705.0
8.3;469.0;64.8;0.3;0.0;705.0
8.3;469.0;61.2;0.3;0.0;705.0
8.3;469.0;63.0;0.3;0.0;705.0
8.3;469.0;60.3;0.3;0.0;705.0
8.3;469.0;64.5;0.3;0.0;705.0
8.3;469.0;63.0;0.3;0.0;705.0
8.3;469.0;63.9;0.3;0.0;705.0
8.3;469.0;62.4;0.3;0.0;705.0
8.3;469.0;66.0;0.3;0.0;705.0
8.3;469.0;60.3;0.3;0.0;705.0
8.4;469.0;64.2;0.3;0.0;705.0
8.3;469.0;61.2;0.3;0.0;705.0
8.4;469.0;66.3;0.3;0.0;705.0
8.4;469.0;61.2;0.3;0.0;705.0
8.3;469.0;63.0;0.3;0.0;705.0
8.4;469.0;61.2;0.3;0.0;705.0
8.4;469.0;65.4;0.3;0.0;705.0
8.3;469.0;58.8;0.3;0.0;705.0
8.3;469.0;64.5;0.3;0.0;705.0
8.3;469.0;64.5;0.3;0.0;705.0
8.3;469.0;63.9;0.3;0.0;705.0
8.3;469.0;63.0;0.3;0.0;705.0
8.4;469.0;60.9;0.3;0.0;705.0
8.3;469.0;63.6;0.3;0.0;705.0
8.4;469.0;66.3;0.3;0.0;705.0
8.4;469.0;61.8;0.3;0.0;705.0
8.4;469.0;60.9;0.3;0.0;705.0
8.4;469.0;63.3;0.3;0.0;705.0
8.4;469.0;67.5;0.3;0.0;705.0
8.3;469.0;58.5;0.3;0.0;705.0
8.4;469.0;66.9;0.3;0.0;705.0
8.4;469.0;63.3;0.3;0.0;705.0
8.4;469.0;61.8;0.3;0.0;705.0
8.3;469.0;60.3;0.3;0.0;705.0
8.4;469.0;64.2;0.3;0.0;705.0
8.4;469.0;60.3;0.3;0.0;705.0
8.3;469.0;63.6;0.3;0.0;705.0
8.3;469.0;65.1;0.3;0.0;705.0
8.3;469.0;60.6;0.3;0.0;705.0
8.4;469.0;63.6;0.3;0.0;705.0
8.3;469.0;60.0;0.3;0.0;705.0
8.3;469.0;64.2;0.3;0.0;705.0
8.4;469.0;59.4;0.3;0.0;705.0
8.3;469.0;63.3;0.3;0.0;705.0
8.4;469.0;64.2;0.3;0.0;705.0
8.3;469.0;62.1;0.3;0.0;705.0
8.4;469.0;61.5;0.3;0.0;705.0
8.4;469.0;62.1;0.3;0.0;705.0
8.3;469.0;66.0;0.3;0.0;705.0
8.4;469.1;59.1;0.3;0.0;705.0
8.3;469.1;65.7;0.3;0.0;705.0
8.4;469.1;61.8;0.3;0.0;705.0
8.3;469.1;63.0;0.3;0.0;705.0
8.4;469.1;58.2;0.3;0.0;705.0
8.3;469.1;64.2;0.3;0.0;705.0
8.3;469.1;58.5;0.3;0.0;705.0
8.3;469.1;59.4;0.3;0.0;705.0
8.4;469.1;62.7;0.3;0.0;705.0
8.4;469.1;63.0;0.3;0.0;705.0
8.3;469.1;63.9;0.3;0.0;705.0
8.4;469.1;64.8;0.3;0.0;705.0
8.4;469.1;60.0;0.3;0.0;705.0
8.4;469.1;60.3;0.3;0.0;705.0
8.4;469.1;65.1;0.3;0.0;705.0
8.3;469.1;62.4;0.3;0.0;705.0
8.4;469.1;64.2;0.3;0.0;705.0
8.4;469.1;62.1;0.3;0.0;705.0
8.4;469.1;62.4;0.3;0.0;705.0
8.4;469.1;61.8;0.3;0.0;705.0
8.3;469.1;61.8;0.3;0.0;705.0
8.4;469.1;62.1;0.3;0.0;705.0
8.3;469.1;62.7;0.3;0.0;705.0
8.3;469.1;60.3;0.3;0.0;705.0
8.3;469.1;61.5;0.3;0.0;705.0
8.4;469.1;62.1;0.3;0.0;705.0
8.4;469.1;64.5;0.3;0.0;705.0
8.3;469.1;61.8;0.3;0.0;705.0
8.3;469.1;63.6;0.3;0.0;705.0
8.3;469.1;61.8;0.3;0.0;705.0
8.4;469.1;60.6;0.3;0.0;705.0
8.4;469.1;63.3;0.3;0.0;705.0
8.4;469.1;59.7;0.3;0.0;705.0
8.3;469.1;60.9;0.3;0.0;705.0
8.4;469.1;64.5;0.3;0.0;705.0
8.3;469.1;65.4;0.3;0.0;705.0
8.4;469.1;63.3;0.3;0.0;705.0
8.3;469.1;62.7;0.3;0.0;705.0
8.4;469.1;60.9;0.3;0.0;705.0
8.3;469.1;63.6;0.3;0.0;705.0
8.4;469.1;61.2;0.3;0.0;705.0
8.3;469.1;58.5;0.3;0.0;705.0
8.3;469.1;64.5;0.3;0.0;705.0
8.3;469.1;63.6;0.3;0.0;705.0
8.3;469.1;60.9;0.3;0.0;705.0
8.3;469.1;63.3;0.3;0.0;705.0
8.4;469.1;58.8;0.3;0.0;705.0
8.4;469.1;66.3;0.3;0.0;705.0
8.4;469.1;58.5;0.3;0.0;705.0
8.3;469.1;67.8;0.3;0.0;705.0
8.3;469.1;58.5;0.3;0.0;705.0
8.4;469.1;64.5;0.3;0.0;705.0
8.4;469.1;61.8;0.3;0.0;705.0
8.4;469.1;59.1;0.3;0.0;705.0
8.3;469.1;61.2;0.3;0.0;705.0
8.3;469.1;63.3;0.3;0.0;705.0
8.3;469.1;65.4;0.3;0.0;705.0
8.3;469.1;61.4;0.3;0.0;705.0
8.3;469.1;64.0;0.3;0.0;705.0
8.4;469.1;62.7;0.3;0.0;705.0
8.3;469.1;60.9;0.3;0.0;705.0
8.3;469.1;60.9;0.3;0.0;705.0
8.3;469.1;59.7;0.3;0.0;705.0
8.3;469.1;66.6;0.3;0.0;705.0
8.3;469.1;62.7;0.3;0.0;705.0
8.4;469.1;60.9;0.3;0.0;705.0
8.4;469.1;61.5;0.3;0.0;705.0
8.4;469.1;62.7;0.3;0.0;705.0
8.3;469.1;62.1;0.3;0.0;705.0
8.4;469.0;63.0;0.3;0.0;705.0
8.4;469.0;62.1;0.3;0.0;705.0
8.3;469.0;66.0;0.3;0.0;705.0
8.4;469.0;63.3;0.3;0.0;705.0
8.3;469.0;60.0;0.3;0.0;705.0
8.3;469.0;62.1;0.3;0.0;705.0
8.3;469.0;65.1;0.3;0.0;705.0
8.3;469.0;59.1;0.3;0.0;705.0
8.3;469.0;61.8;0.3;0.0;705.0
8.3;469.0;62.4;0.3;0.0;705.0
8.3;469.0;63.9;0.3;0.0;705.0
8.3;469.0;66.3;0.3;0.0;705.0
8.3;469.0;60.0;0.3;0.0;705.0
8.3;469.0;62.1;0.3;0.0;705.0
8.4;469.0;59.1;0.3;0.0;705.0
8.4;469.0;64.5;0.3;0.0;705.0
8.3;469.0;62.4;0.3;0.0;705.0
8.3;469.0;59.1;0.3;0.0;705.0
8.4;469.0;61.5;0.3;0.0;705.0
8.4;469.0;66.0;0.3;0.0;705.0
8.4;469.0;63.9;0.3;0.0;705.0
8.3;469.0;64.8;0.3;0.0;705.0
8.4;469.0;63.6;0.3;0.0;705.0
8.4;469.0;62.1;0.3;0.0;705.0
8.4;469.0;60.3;0.3;0.0;705.0
8.3;469.0;61.8;0.3;0.0;705.0
8.3;469.0;62.7;0.3;0.0;705.0
8.3;469.0;63.6;0.3;0.0;705.0
8.4;469.0;59.7;0.3;0.0;705.0
8.4;469.0;63.9;0.3;0.0;705.0
8.4;469.0;60.9;0.3;0.0;705.0
8.4;469.7;64.8;0.3;0.0;705.0
8.4;469.7;59.4;0.3;0.0;705.0
8.3;469.7;61.5;0.3;0.0;705.0
8.4;469.7;62.4;0.3;0.0;705.0
8.4;469.7;63.0;0.3;0.0;705.0
8.4;469.7;61.8;0.3;0.0;705.0
8.4;469.7;62.4;0.3;0.0;705.0
8.4;469.7;62.4;0.3;0.0;705.0
8.4;469.7;60.9;0.3;0.0;705.0
8.3;469.7;63.0;0.3;0.0;705.0
8.3;469.7;57.0;0.3;0.0;705.0
8.4;469.7;61.8;0.3;0.0;705.0
8.4;469.7;65.7;0.3;0.0;705.0
8.3;469.7;58.8;0.3;0.0;705.0
8.4;469.7;62.4;0.3;0.0;705.0
8.4;469.7;64.5;0.3;0.0;705.0
8.3;469.7;62.4;0.3;0.0;705.0
8.3;469.7;60.6;0.3;0.0;705.0
8.3;469.7;64.8;0.3;0.0;705.0
8.4;469.7;58.2;0.3;0.0;705.0
8.3;469.7;65.4;0.3;0.0;705.0
8.3;469.7;62.7;0.3;0.0;705.0
8.4;469.7;58.2;0.3;0.0;705.0
8.4;469.7;63.6;0.3;0.0;705.0
8.4;469.7;62.1;0.3;0.0;705.0
8.4;469.7;61.5;0.3;0.0;705.0
8.3;469.7;63.6;0.3;0.0;705.0
8.3;469.7;60.0;0.3;0.0;705.0
8.4;469.7;67.5;0.3;0.0;705.0
8.3;469.7;56.4;0.3;0.0;705.0
8.3;469.7;66.6;0.3;0.0;705.0
8.3;469.7;58.8;0.3;0.0;705.0
8.4;469.7;65.7;0.3;0.0;705.0
8.3;469.7;59.4;0.3;0.0;705.0
8.4;469.7;60.9;0.3;0.0;705.0
8.4;469.7;58.5;0.3;0.0;705.0
8.3;469.7;65.4;0.3;0.0;705.0
8.4;469.7;60.9;0.3;0.0;705.0
8.4;469.7;63.3;0.3;0.0;705.0
8.4;469.7;64.5;0.3;0.0;705.0
8.4;469.7;60.6;0.3;0.0;705.0
8.4;469.7;64.8;0.3;0.0;705.0
8.4;469.7;64.2;0.3;0.0;705.0
8.3;469.7;61.8;0.3;0.0;705.0
8.4;469.7;63.3;0.3;0.0;705.0
8.3;469.7;60.3;0.3;0.0;705.0
8.3;469.7;61.2;0.3;0.0;705.0
8.3;469.7;65.4;0.3;0.0;705.0
8.3;469.7;60.9;0.3;0.0;705.0
8.3;469.7;60.9;0.3;0.0;705.0
8.4;469.7;58.5;0.3;0.0;705.0
8.4;469.7;65.1;0.3;0.0;705.0
8.4;469.7;60.6;0.3;0.0;705.0
8.3;469.7;66.9;0.3;0.0;705.0
8.3;469.7;61.2;0.3;0.0;705.0
8.3;469.7;62.4;0.3;0.0;705.0
8.3;469.7;63.6;0.3;0.0;705.0
8.4;469.7;57.6;0.3;0.0;705.0
8.4;469.7;63.3;0.3;0.0;705.0
8.4;469.7;63.3;0.3;0.0;705.0
8.3;469.7;60.9;0.3;0.0;705.0
8.4;469.7;63.3;0.3;0.0;705.0
8.3;469.7;64.2;0.3;0.0;705.0
8.3;469.7;59.1;0.3;0.0;705.0
8.3;469.7;66.0;0.3;0.0;705.0
8.3;469.7;57.9;0.3;0.0;705.0
8.3;469.7;65.7;0.3;0.0;705.0
8.3;469.7;61.8;0.3;0.0;705.0
8.3;469.7;63.0;0.3;0.0;705.0
8.3;469.7;63.6;0.3;0.0;705.0
8.3;469.7;60.6;0.3;0.0;705.0
8.3;469.7;63.3;0.3;0.0;705.0
8.3;469.7;60.3;0.3;0.0;705.0
8.4;469.7;60.3;0.3;0.0;705.0
8.3;469.7;68.1;0.3;0.0;705.0
8.4;469.7;60.9;0.3;0.0;705.0
8.3;469.7;64.5;0.3;0.0;705.0
8.4;469.7;59.7;0.3;0.0;705.0
8.4;469.7;59.7;0.3;0.0;705.0
8.3;469.7;64.2;0.3;0.0;705.0
8.4;469.7;64.5;0.3;0.0;705.0
8.3;469.7;59.4;0.3;0.0;705.0
8.4;469.7;64.2;0.3;0.0;705.0
8.4;469.7;61.5;0.3;0.0;705.0
8.3;469.7;64.2;0.3;0.0;705.0
8.3;469.7;60.0;0.3;0.0;705.0
8.4;469.7;63.9;0.3;0.0;705.0
8.4;469.7;64.5;0.3;0.0;705.0
8.4;469.7;60.9;0.3;0.0;705.0
8.3;469.7;62.7;0.3;0.0;705.0
8.4;469.7;65.7;0.3;0.0;705.0
8.3;469.7;61.5;0.3;0.0;705.0
8.3;469.7;64.2;0.3;0.0;705.0
8.4;469.7;58.5;0.3;0.0;705.0
8.4;469.7;65.4;0.3;0.0;705.0
8.4;469.7;61.2;0.3;0.0;705.0
8.3;469.7;62.4;0.3;0.0;705.0
8.4;469.7;66.3;0.3;0.0;705.0
8.3;469.7;62.1;0.3;0.0;705.0
8.4;469.7;63.3;0.3;0.0;705.0
8.4;469.7;60.6;0.3;0.0;705.0
8.4;469.7;63.9;0.3;0.0;705.0
8.3;469.7;62.1;0.3;0.0;705.0
8.3;469.7;61.5;0.3;0.0;705.0
8.4;469.7;64.2;0.3;0.0;705.0
8.3;469.7;63.3;0.3;0.0;705.0
8.3;469.7;61.5;0.3;0.0;705.0
8.3;469.7;62.1;0.3;0.0;705.0
8.3;469.7;63.9;0.3;0.0;705.0
8.4;469.7;62.4;0.3;0.0;705.0
8.3;469.7;61.5;0.3;0.0;705.0
8.4;469.7;60.9;0.3;0.0;705.0
8.3;469.7;65.4;0.3;0.0;705.0
8.3;469.7;56.7;0.3;0.0;705.0
8.4;469.7;63.3;0.3;0.0;705.0
8.3;469.7;64.5;0.3;0.0;705.0
8.4;469.7;62.1;0.3;0.0;705.0
8.3;469.7;62.1;0.3;0.0;705.0
8.3;469.7;61.5;0.3;0.0;705.0
8.3;469.7;64.8;0.3;0.0;705.0
8.3;469.7;63.3;0.3;0.0;705.0
8.3;469.7;61.2;0.3;0.0;705.0
8.3;469.7;61.8;0.3;0.0;705.0
8.4;469.7;62.7;0.3;0.0;705.0
8.3;469.7;64.8;0.3;0.0;705.0
8.3;469.7;59.7;0.3;0.0;705.0
8.4;469.7;60.9;0.3;0.0;705.0
8.3;469.7;61.8;0.3;0.0;705.0
8.4;469.7;66.9;0.3;0.0;705.0
8.3;469.7;57.9;0.3;0.0;705.0
8.3;469.7;60.6;0.3;0.0;705.0
