8.3;56.0;24.7;1.9;0.0;705.0
8.4;103.6;132.4;11.7;0.0;705.0
8.3;142.2;138.5;7.4;0.0;705.0
8.3;177.8;143.4;7.5;0.0;705.0
7.1;208.6;96.2;6.7;0.0;705.0
8.3;302.6;103.3;31.9;0.0;705.0
8.3;328.6;0.0;0.0;0.0;705.0
8.4;347.6;0.0;0.0;0.0;705.0
8.3;364.5;0.0;0.0;0.0;705.0
8.3;382.9;0.0;0.0;0.0;705.0
8.3;400.4;0.0;0.0;0.0;705.0
8.3;412.2;0.0;0.0;0.0;705.0
8.3;429.2;0.0;0.0;0.0;705.0
8.4;446.1;0.0;0.0;0.0;705.0
8.3;463.8;0.0;0.0;0.0;705.0
8.4;481.1;0.0;0.0;0.0;705.0
8.4;468.2;33.6;0.2;0.0;705.0
8.4;468.3;65.4;0.3;0.0;705.0
8.4;468.3;62.4;0.3;0.0;705.0
8.4;468.3;65.1;0.3;0.0;705.0
8.3;468.3;58.8;0.3;0.0;705.0
8.3;468.3;64.8;0.3;0.0;705.0
8.4;468.3;63.3;0.3;0.0;705.0
8.4;468.3;61.8;0.3;0.0;705.0
8.3;468.3;63.0;0.3;0.0;705.0
8.4;468.3;63.0;0.3;0.0;705.0
8.3;468.3;63.9;0.3;0.0;705.0
8.4;468.3;65.4;0.3;0.0;705.0
8.4;468.3;58.5;0.3;0.0;705.0
8.3;468.3;65.4;0.3;0.0;705.0
8.4;468.3;63.6;0.3;0.0;705.0
8.4;468.4;60.3;0.3;0.0;705.0
8.3;468.4;63.3;0.3;0.0;705.0
8.4;468.4;63.0;0.3;0.0;705.0
8.4;468.4;64.5;0.3;0.0;705.0
8.4;468.4;61.5;0.3;0.0;705.0
8.3;468.4;63.3;0.3;0.0;705.0
8.4;468.4;63.3;0.3;0.0;705.0
8.4;468.4;60.3;0.3;0.0;705.0
8.4;468.4;67.2;0.3;0.0;705.0
8.4;468.4;61.5;0.3;0.0;705.0
8.3;468.4;63.6;0.3;0.0;705.0
8.3;468.4;62.4;0.3;0.0;705.0
8.4;468.4;62.1;0.3;0.0;705.0
8.3;468.4;63.9;0.3;0.0;705.0
8.3;468.4;66.0;0.3;0.0;705.0
8.3;468.4;60.0;0.3;0.0;705.0
8.4;468.4;65.4;0.3;0.0;705.0
8.3;468.4;65.1;0.3;0.0;705.0
8.4;468.4;62.7;0.3;0.0;705.0
8.4;468.4;61.8;0.3;0.0;705.0
8.4;468.4;64.5;0.3;0.0;705.0
8.4;468.4;58.8;0.3;0.0;705.0
8.4;468.4;64.2;0.3;0.0;705.0
8.4;468.4;62.4;0.3;0.0;705.0
8.4;468.4;66.0;0.3;0.0;705.0
8.4;468.4;59.7;0.3;0.0;705.0
8.4;468.4;60.6;0.3;0.0;705.0
8.3;468.4;61.2;0.3;0.0;705.0
8.3;468.4;64.2;0.3;0.0;705.0
8.3;468.4;60.9;0.3;0.0;705.0
8.4;468.4;63.3;0.3;0.0;705.0
8.3;468.4;61.2;0.3;0.0;705.0
8.4;468.4;63.6;0.3;0.0;705.0
8.3;468.4;61.8;0.3;0.0;705.0
8.4;468.4;59.7;0.3;0.0;705.0
8.4;468.4;62.4;0.3;0.0;705.0
8.3;468.4;65.7;0.3;0.0;705.0
8.4;468.4;60.6;0.3;0.0;705.0
8.4;468.4;63.6;0.3;0.0;705.0
8.4;468.4;63.9;0.3;0.0;705.0
8.3;468.4;62.1;0.3;0.0;705.0
8.3;468.4;58.8;0.3;0.0;705.0
8.4;468.4;63.0;0.3;0.0;705.0
8.3;468.4;61.2;0.3;0.0;705.0
8.3;468.4;59.7;0.3;0.0;705.0
8.3;468.4;63.3;0.3;0.0;705.0
8.3;468.4;63.6;0.3;0.0;705.0
8.4;468.4;61.2;0.3;0.0;705.0
8.3;468.4;62.7;0.3;0.0;705.0
8.4;468.4;63.9;0.3;0.0;705.0
8.3;468.4;61.8;0.3;0.0;705.0
8.3;468.4;61.5;0.3;0.0;705.0
8.4;468.4;65.7;0.3;0.0;705.0
8.3;468.4;63.0;0.3;0.0;705.0
8.4;468.4;63.6;0.3;0.0;705.0
8.4;468.4;60.0;0.3;0.0;705.0
8.3;468.4;64.2;0.3;0.0;705.0
8.3;468.4;66.6;0.3;0.0;705.0
8.4;468.4;58.8;0.3;0.0;705.0
8.4;468.4;64.5;0.3;0.0;705.0
8.3;468.4;58.8;0.3;0.0;705.0
8.4;468.4;67.5;0.3;0.0;705.0
8.3;468.4;60.0;0.3;0.0;705.0
8.3;468.4;60.3;0.3;0.0;705.0
8.3;468.4;63.9;0.3;0.0;705.0
8.3;468.4;63.0;0.3;0.0;705.0
8.3;468.4;60.9;0.3;0.0;705.0
8.4;468.4;63.0;0.3;0.0;705.0
8.3;468.4;65.4;0.3;0.0;705.0
8.3;468.4;63.3;0.3;0.0;705.0
8.3;468.4;59.7;0.3;0.0;705.0
8.4;468.4;61.8;0.3;0.0;705.0
8.3;468.4;62.4;0.3;0.0;705.0
8.4;468.4;64.8;0.3;0.0;705.0
8.4;468.4;62.7;0.3;0.0;705.0
8.4;468.4;65.4;0.3;0.0;705.0
8.4;468.4;59.7;0.3;0.0;705.0
8.3;468.4;64.2;0.3;0.0;705.0
8.4;468.4;61.5;0.3;0.0;705.0
8.4;468.4;59.7;0.3;0.0;705.0
8.4;468.4;65.1;0.3;0.0;705.0
8.3;468.4;63.0;0.3;0.0;705.0
8.3;468.4;62.7;0.3;0.0;705.0
8.3;468.4;60.3;0.3;0.0;705.0
8.3;468.4;64.8;0.3;0.0;705.0
8.4;468.4;62.1;0.3;0.0;705.0
8.3;468.4;64.8;0.3;0.0;705.0
8.3;468.4;61.5;0.3;0.0;705.0
8.4;468.4;63.9;0.3;0.0;705.0
8.3;468.4;62.7;0.3;0.0;705.0
8.3;468.4;58.5;0.3;0.0;705.0
8.3;468.4;64.5;0.3;0.0;705.0
8.4;468.4;62.1;0.3;0.0;705.0
8.4;468.4;60.0;0.3;0.0;705.0
8.4;468.4;66.0;0.3;0.0;705.0
8.3;468.4;60.6;0.3;0.0;705.0
8.3;468.4;62.7;0.3;0.0;705.0
8.3;468.4;63.6;0.3;0.0;705.0
8.3;468.4;61.5;0.3;0.0;705.0
8.3;468.4;62.7;0.3;0.0;705.0
8.3;468.4;63.9;0.3;0.0;705.0
8.3;468.4;63.6;0.3;0.0;705.0
8.4;468.4;61.5;0.3;0.0;705.0
8.3;468.4;62.7;0.3;0.0;705.0
8.3;468.4;63.3;0.3;0.0;705.0
8.3;468.4;63.3;0.3;0.0;705.0
8.3;468.4;59.7;0.3;0.0;705.0
8.4;468.4;61.5;0.3;0.0;705.0
8.3;468.4;68.7;0.3;0.0;705.0
8.4;468.4;65.4;0.3;0.0;705.0
8.4;468.4;60.6;0.3;0.0;705.0
8.4;468.4;61.2;0.3;0.0;705.0
8.4;468.4;64.2;0.3;0.0;705.0
8.3;468.4;61.2;0.3;0.0;705.0
8.3;468.4;59.7;0.3;0.0;705.0
8.4;468.4;62.7;0.3;0.0;705.0
8.3;468.4;63.0;0.3;0.0;705.0
8.3;468.4;62.7;0.3;0.0;705.0
8.3;468.4;64.5;0.3;0.0;705.0
8.4;468.4;61.8;0.3;0.0;705.0
8.3;468.4;62.1;0.3;0.0;705.0
8.3;468.4;61.2;0.3;0.0;705.0
8.3;468.4;62.4;0.3;0.0;705.0
8.4;468.4;59.1;0.3;0.0;705.0
8.4;468.4;63.9;0.3;0.0;705.0
8.3;468.4;63.6;0.3;0.0;705.0
8.3;468.4;60.6;0.3;0.0;705.0
8.4;468.4;63.9;0.3;0.0;705.0
8.3;468.4;64.5;0.3;0.0;705.0
8.3;468.4;65.1;0.3;0.0;705.0
8.3;468.4;59.7;0.3;0.0;705.0
8.4;468.4;61.5;0.3;0.0;705.0
8.4;468.4;59.7;0.3;0.0;705.0
8.4;468.4;66.9;0.3;0.0;705.0
8.3;468.4;61.5;0.3;0.0;705.0
8.3;468.4;58.8;0.3;0.0;705.0
8.3;468.4;65.1;0.3;0.0;705.0
8.3;468.4;63.3;0.3;0.0;705.0
8.4;469.5;60.0;0.3;0.0;705.0
8.3;469.5;60.9;0.3;0.0;705.0
8.3;469.5;60.0;0.3;0.0;705.0
8.4;469.5;61.8;0.3;0.0;705.0
8.4;469.5;64.2;0.3;0.0;705.0
8.4;469.5;63.0;0.3;0.0;705.0
8.3;469.5;62.4;0.3;0.0;705.0
8.4;469.5;62.4;0.3;0.0;705.0
8.4;469.5;62.1;0.3;0.0;705.0
8.4;469.5;61.2;0.3;0.0;705.0
8.3;469.5;58.5;0.3;0.0;705.0
8.3;469.5;60.6;0.3;0.0;705.0
8.4;469.5;65.7;0.3;0.0;705.0
8.3;469.5;61.2;0.3;0.0;705.0
8.3;469.5;60.3;0.3;0.0;705.0
8.3;469.5;67.5;0.3;0.0;705.0
8.3;469.5;61.2;0.3;0.0;705.0
8.3;469.5;60.6;0.3;0.0;705.0
8.4;469.5;60.9;0.3;0.0;705.0
8.3;469.5;63.6;0.3;0.0;705.0
8.3;469.5;62.4;0.3;0.0;705.0
8.4;469.5;58.2;0.3;0.0;705.0
8.4;469.5;63.6;0.3;0.0;705.0
8.3;469.5;63.0;0.3;0.0;705.0
8.3;469.5;59.4;0.3;0.0;705.0
8.4;469.5;62.1;0.3;0.0;705.0
8.4;469.5;65.7;0.3;0.0;705.0
8.3;469.5;64.8;0.3;0.0;705.0
8.3;469.5;57.0;0.3;0.0;705.0
8.4;469.5;66.0;0.3;0.0;705.0
8.3;469.5;61.2;0.3;0.0;705.0
8.3;469.5;61.8;0.3;0.0;705.0
8.3;469.5;63.3;0.3;0.0;705.0
8.3;469.5;57.6;0.3;0.0;705.0
8.3;469.5;61.2;0.3;0.0;705.0
8.3;469.5;63.6;0.3;0.0;705.0
8.4;469.5;63.6;0.3;0.0;705.0
8.4;469.5;60.0;0.3;0.0;705.0
8.3;469.5;65.4;0.3;0.0;705.0
8.4;469.5;60.6;0.3;0.0;705.0
8.3;469.5;65.1;0.3;0.0;705.0
8.4;469.5;63.3;0.3;0.0;705.0
8.4;469.5;62.4;0.3;0.0;705.0
8.4;469.5;65.1;0.3;0.0;705.0
8.3;469.5;59.4;0.3;0.0;705.0
8.4;469.5;60.9;0.3;0.0;705.0
8.3;469.5;62.1;0.3;0.0;705.0
8.3;469.5;64.8;0.3;0.0;705.0
8.4;469.5;60.9;0.3;0.0;705.0
8.3;469.5;59.7;0.3;0.0;705.0
8.3;469.5;62.1;0.3;0.0;705.0
8.3;469.5;62.4;0.3;0.0;705.0
8.3;469.5;62.7;0.3;0.0;705.0
8.3;469.5;64.8;0.3;0.0;705.0
8.4;469.5;58.5;0.3;0.0;705.0
8.3;469.5;63.3;0.3;0.0;705.0
8.4;469.5;60.0;0.3;0.0;705.0
8.4;469.5;60.0;0.3;0.0;705.0
8.4;469.5;63.3;0.3;0.0;705.0
8.4;469.5;60.3;0.3;0.0;705.0
8.4;469.5;63.9;0.3;0.0;705.0
8.4;469.5;63.0;0.3;0.0;705.0
8.4;469.5;63.3;0.3;0.0;705.0
8.4;469.5;61.2;0.3;0.0;705.0
8.3;469.5;61.8;0.3;0.0;705.0
8.4;469.5;64.8;0.3;0.0;705.0
8.3;469.5;60.3;0.3;0.0;705.0
8.4;469.5;61.5;0.3;0.0;705.0
8.3;469.5;64.5;0.3;0.0;705.0
8.3;469.5;59.7;0.3;0.0;705.0
8.3;469.5;62.7;0.3;0.0;705.0
8.3;469.5;62.7;0.3;0.0;705.0
8.4;469.5;60.3;0.3;0.0;705.0
8.3;469.5;64.8;0.3;0.0;705.0
8.3;469.5;64.8;0.3;0.0;705.0
8.4;469.5;60.3;0.3;0.0;705.0
8.4;469.5;61.2;0.3;0.0;705.0
8.4;469.5;65.1;0.3;0.0;705.0
8.4;469.5;57.9;0.3;0.0;705.0
8.4;469.5;65.1;0.3;0.0;705.0
8.4;469.5;61.8;0.3;0.0;705.0
8.3;469.5;63.6;0.3;0.0;705.0
8.4;469.5;61.8;0.3;0.0;705.0
8.3;469.5;63.6;0.3;0.0;705.0
8.3;469.5;58.8;0.3;0.0;705.0
8.3;469.5;65.1;0.3;0.0;705.0
8.3;469.5;62.4;0.3;0.0;705.0
8.3;469.5;63.3;0.3;0.0;705.0
8.3;469.5;63.6;0.3;0.0;705.0
8.4;469.5;61.8;0.3;0.0;705.0
8.3;469.5;63.3;0.3;0.0;705.0
8.3;469.5;59.7;0.3;0.0;705.0
8.4;469.5;63.9;0.3;0.0;705.0
8.4;469.5;60.9;0.3;0.0;705.0
8.4;469.5;63.6;0.3;0.0;705.0
8.3;469.5;64.8;0.3;0.0;705.0
8.4;469.5;63.6;0.3;0.0;705.0
8.3;469.5;66.0;0.3;0.0;705.0
8.4;469.5;61.5;0.3;0.0;705.0
8.4;469.5;61.8;0.3;0.0;705.0
8.3;469.5;61.8;0.3;0.0;705.0
8.3;469.5;60.6;0.3;0.0;705.0
8.3;469.5;64.2;0.3;0.0;705.0
8.4;469.5;63.2;0.3;0.0;705.0
8.3;469.5;59.5;0.3;0.0;705.0
8.4;469.5;68.1;0.3;0.0;705.0
8.4;469.5;60.0;0.3;0.0;705.0
8.3;469.5;60.9;0.3;0.0;705.0
8.3;469.5;61.8;0.3;0.0;705.0
8.3;469.5;63.6;0.3;0.0;705.0
8.4;469.5;57.3;0.3;0.0;705.0
8.4;469.5;62.4;0.3;0.0;705.0
8.3;469.5;66.0;0.3;0.0;705.0
8.4;469.5;60.0;0.3;0.0;705.0
8.4;469.5;60.3;0.3;0.0;705.0
8.4;469.5;66.0;0.3;0.0;705.0
8.4;469.5;58.8;0.3;0.0;705.0
8.3;469.5;63.6;0.3;0.0;705.0
8.3;469.5;64.2;0.3;0.0;705.0
8.3;469.5;64.5;0.3;0.0;705.0
8.4;469.5;61.5;0.3;0.0;705.0
8.3;469.5;64.2;0.3;0.0;705.0
8.3;469.5;58.2;0.3;0.0;705.0
8.3;469.5;60.6;0.3;0.0;705.0
8.4;469.5;63.0;0.3;0.0;705.0
8.4;469.5;63.9;0.3;0.0;705.0
8.3;469.5;62.1;0.3;0.0;705.0
8.3;469.5;60.3;0.3;0.0;705.0
8.4;469.5;64.2;0.3;0.0;705.0
8.4;469.5;59.7;0.3;0.0;705.0
8.4;469.5;65.4;0.3;0.0;705.0
