8.3;0.0;0.0;0.0;338.0


8.4;128.4;7.6;0.0;338.0


8.3;93.6;7.4;0.0;338.0


3.6;83.8;8.3;0.0;338.0


1.4;0.3;0.0;0.0;338.0


6.0;25.6;1.0;0.0;338.0


8.3;2.3;0.2;5.0;495.0


8.4;0.0;0.0;5.0;625.0


8.3;0.0;0.0;7.0;763.0


8.3;0.0;0.0;5.0;891.0


8.4;0.2;0.0;5.0;1041.0


8.3;70.2;67.7;3.0;1143.0


8.4;84.8;353.6;19.0;1811.0


8.4;0.0;0.0;55.0;1811.0


0.0;0.1;0.0;0.0;1811.0


0.0;0.3;0.0;0.0;1811.0


0.0;15.0;0.2;0.0;1811.0


0.0;0.3;0.0;0.0;1811.0


8.4;15.7;0.7;43.0;1819.0


8.3;0.0;0.0;40.0;2525.0


8.4;0.0;0.0;48.0;2525.0


8.3;0.0;0.0;47.0;2525.0


8.4;0.0;0.0;47.0;2525.0


8.3;0.0;0.0;48.0;2525.0


8.3;0.0;0.0;47.0;2525.0


8.3;0.0;0.0;48.0;2525.0


8.3;0.0;0.0;48.0;2525.0


8.3;0.0;0.0;48.0;2525.0


8.3;0.0;0.0;48.0;2525.0


8.3;0.0;0.0;41.0;2525.0


8.3;0.0;0.0;48.0;2527.0


8.4;0.0;0.0;48.0;2527.0


0.0;4.1;0.3;0.0;2527.0


0.0;0.3;0.0;0.0;2527.0


0.0;15.1;0.2;0.0;2527.0


0.0;0.3;0.0;0.0;2527.0


8.4;14.9;0.7;39.0;2533.0


8.4;0.0;0.0;42.0;2533.0


8.3;0.0;0.0;48.0;2533.0


8.4;0.0;0.0;47.0;2533.0


8.3;0.0;0.0;48.0;2533.0


8.4;0.0;0.0;47.0;2533.0


8.3;0.0;0.0;48.0;2533.0


8.4;0.0;0.0;47.0;2533.0


8.4;0.0;0.0;48.0;2533.0


8.3;0.0;0.0;48.0;2533.0


8.4;0.0;0.0;47.0;2533.0


8.3;0.0;0.0;48.0;2533.0


8.3;0.0;0.0;48.0;2533.0


6.0;4.0;0.3;30.0;2533.0


0.0;0.3;0.0;0.0;2533.0


0.0;15.1;0.2;0.0;2533.0


0.0;0.3;0.0;0.0;2533.0


4.8;14.6;0.4;0.0;2533.0


8.4;1.0;0.3;43.0;2597.0


8.4;0.0;0.0;48.0;3247.0


8.4;0.0;0.0;48.0;3247.0


8.3;0.0;0.0;47.0;3247.0


8.4;0.0;0.0;47.0;3247.0


8.3;0.0;0.0;48.0;3247.0


8.3;0.0;0.0;48.0;3247.0


8.3;0.0;0.0;48.0;3247.0


8.3;0.0;0.0;49.0;3247.0


8.3;0.0;0.0;48.0;3247.0


8.3;0.0;0.0;49.0;3247.0


8.3;0.0;0.0;49.0;3247.0


8.4;0.0;0.0;49.0;3247.0


4.2;4.2;0.3;6.0;3247.0


0.0;0.3;0.0;0.0;3247.0


0.0;14.0;0.2;0.0;3247.0


0.0;0.3;0.0;0.0;3247.0


6.2;16.0;0.7;0.0;3249.0


8.3;0.0;0.0;43.0;3249.0


8.4;0.0;0.0;40.0;3965.0


8.3;0.0;0.0;48.0;3965.0


8.3;0.0;0.0;48.0;3965.0


8.3;0.0;0.0;48.0;3965.0


8.3;0.0;0.0;48.0;3965.0


8.3;0.0;0.0;49.0;3965.0


8.4;0.0;0.0;49.0;3965.0


8.4;0.0;0.0;48.0;3965.0


8.3;0.0;0.0;48.0;3965.0


8.3;0.0;0.0;49.0;3965.0


8.3;0.0;0.0;48.0;3965.0


8.3;0.0;0.0;48.0;3965.0


4.8;4.2;0.3;37.0;3965.0


0.0;0.3;0.0;0.0;3965.0


0.0;12.8;0.2;0.0;3965.0


1.2;0.3;0.0;0.0;3965.0


4.8;15.2;0.4;1.0;3965.0


8.4;1.0;0.3;42.0;4029.0


8.4;0.0;0.0;48.0;4693.0


8.4;0.0;0.0;47.0;4693.0


8.3;0.0;0.0;47.0;4693.0


8.4;0.0;0.0;48.0;4693.0


8.3;0.0;0.0;48.0;4693.0


8.3;0.0;0.0;49.0;4693.0


8.4;0.0;0.0;48.0;4693.0


8.3;0.0;0.0;48.0;4693.0


8.4;0.0;0.0;48.0;4693.0


8.3;0.0;0.0;48.0;4693.0


8.3;0.0;0.0;48.0;4693.0


8.4;0.0;0.0;48.0;4693.0


8.3;4.1;0.3;38.0;4693.0


0.0;0.4;0.0;0.0;4693.0


0.0;15.1;0.2;0.0;4693.0


0.0;0.3;0.0;0.0;4693.0


5.2;16.4;0.7;0.0;4695.0


8.3;0.0;0.0;42.0;4759.0


8.4;0.0;0.0;48.0;5467.0


8.3;0.0;0.0;48.0;5467.0


8.3;0.0;0.0;47.0;5467.0


8.3;0.0;0.0;47.0;5467.0


8.3;0.0;0.0;48.0;5467.0


8.3;0.0;0.0;47.0;5467.0


8.3;0.0;0.0;48.0;5467.0


8.4;0.0;0.0;48.0;5467.0


8.3;0.0;0.0;48.0;5467.0


8.3;0.0;0.0;49.0;5467.0


8.3;0.0;0.0;48.0;5467.0


8.3;0.0;0.0;48.0;5467.0


8.4;4.4;0.3;14.0;5467.0


0.0;0.3;0.0;0.0;5467.0


1.2;14.0;0.2;0.0;5467.0


0.0;0.3;0.0;0.0;5467.0


4.2;14.4;0.4;0.0;5471.0


8.4;1.0;0.3;43.0;5471.0


8.4;0.0;0.0;48.0;5471.0


8.4;0.0;0.0;48.0;5471.0


8.3;0.0;0.0;48.0;5471.0


8.3;0.0;0.0;48.0;5471.0


8.3;0.0;0.0;48.0;5471.0


8.3;0.0;0.0;48.0;5471.0


8.4;0.0;0.0;49.0;5471.0


8.3;0.0;0.0;48.0;5471.0


8.4;0.0;0.0;49.0;5471.0


8.4;0.0;0.0;48.0;5471.0


8.3;0.0;0.0;48.0;5471.0


8.4;0.0;0.0;49.0;5471.0


0.0;4.1;0.3;15.0;5471.0


0.0;0.3;0.0;0.0;5471.0


0.0;14.2;0.2;0.0;5471.0


0.0;0.3;0.0;0.0;5471.0


8.4;16.5;0.7;34.0;5471.0


8.3;0.0;0.0;45.0;5471.0


8.4;0.0;0.0;49.0;5471.0


8.3;0.0;0.0;47.0;5471.0


8.4;0.0;0.0;47.0;5471.0


8.3;0.0;0.0;48.0;5471.0


8.3;0.0;0.0;48.0;5471.0


8.4;0.0;0.0;49.0;5471.0


8.3;0.0;0.0;48.0;5471.0


8.3;0.0;0.0;49.0;5471.0


8.3;0.0;0.0;48.0;5471.0


8.3;0.0;0.0;49.0;5471.0


8.3;0.0;0.0;49.0;5471.0


8.3;0.0;0.0;49.0;5471.0


0.0;4.1;0.3;0.0;5471.0


0.0;0.3;0.0;0.0;5471.0


0.0;14.7;0.2;0.0;5471.0


0.0;0.3;0.0;0.0;5471.0


8.3;16.4;0.7;23.0;5471.0


8.4;0.0;0.0;39.0;5471.0


8.4;0.0;0.0;48.0;5471.0


8.4;0.0;0.0;48.0;5471.0


8.3;0.0;0.0;48.0;5471.0


8.3;0.0;0.0;49.0;5471.0


8.3;0.0;0.0;49.0;5471.0


8.3;0.0;0.0;49.0;5471.0


8.4;0.0;0.0;49.0;5471.0


8.3;0.0;0.0;48.0;5471.0


8.4;0.0;0.0;49.0;5471.0


8.4;0.0;0.0;49.0;5471.0


8.3;0.0;0.0;48.0;5471.0


8.4;0.0;0.0;48.0;5471.0


0.0;4.1;0.3;0.0;5471.0


0.0;0.3;0.0;0.0;5471.0


0.0;14.7;0.2;0.0;5471.0


0.0;0.3;0.0;0.0;5471.0


8.4;17.2;0.7;42.0;5471.0


8.4;0.0;0.0;39.0;5471.0


8.4;0.0;0.0;49.0;5471.0


8.3;0.0;0.0;48.0;5471.0


8.4;0.0;0.0;48.0;5471.0


8.3;0.0;0.0;48.0;5471.0


8.3;0.0;0.0;48.0;5471.0


8.4;0.0;0.0;49.0;5471.0


8.3;0.0;0.0;48.0;5471.0


8.3;0.0;0.0;48.0;5471.0


8.4;0.0;0.0;49.0;5471.0


8.3;0.0;0.0;48.0;5471.0


8.4;0.0;0.0;49.0;5471.0


8.3;0.0;0.0;14.0;5471.0


0.0;4.4;0.3;0.0;5471.0


2.4;14.5;0.2;0.0;5471.0


0.0;0.3;0.0;0.0;5471.0


4.2;15.6;0.4;0.0;5471.0


8.3;1.0;0.3;42.0;5471.0


8.4;0.0;0.0;48.0;5471.0


8.3;0.0;0.0;47.0;5471.0


8.3;0.0;0.0;47.0;5471.0


8.3;0.0;0.0;48.0;5471.0


8.3;0.0;0.0;47.0;5471.0


8.3;0.0;0.0;48.0;5471.0


8.3;0.0;0.0;48.0;5471.0


8.3;0.0;0.0;48.0;5471.0


8.3;0.0;0.0;48.0;5471.0


8.4;0.0;0.0;48.0;5471.0


8.4;0.0;0.0;48.0;5471.0


8.3;0.0;0.0;48.0;5471.0


0.0;4.0;0.3;16.0;5471.0


0.0;0.3;0.0;0.0;5471.0


0.0;14.3;0.2;0.0;5471.0


0.0;0.3;0.0;0.0;5471.0


8.3;15.7;0.7;30.0;5471.0


8.4;0.0;0.0;43.0;5471.0


8.3;0.0;0.0;49.0;5471.0


8.4;0.0;0.0;48.0;5471.0


8.3;0.0;0.0;48.0;5471.0


8.4;0.0;0.0;49.0;5471.0


8.4;0.0;0.0;49.0;5471.0


8.3;0.0;0.0;49.0;5471.0


8.3;0.0;0.0;49.0;5471.0


8.3;0.0;0.0;49.0;5471.0


8.3;0.0;0.0;49.0;5471.0


8.4;0.0;0.0;48.0;5471.0


8.3;0.0;0.0;49.0;5471.0


8.4;0.0;0.0;49.0;5471.0


0.0;4.2;0.3;0.0;5471.0


0.0;0.3;0.0;0.0;5471.0


0.0;14.6;0.2;0.0;5471.0


0.0;0.3;0.0;0.0;5471.0


8.4;16.5;0.7;23.0;5471.0


8.3;0.0;0.0;39.0;5471.0


8.4;0.0;0.0;49.0;5471.0


8.3;0.0;0.0;48.0;5471.0


8.3;0.0;0.0;49.0;5471.0


8.3;0.0;0.0;48.0;5471.0


8.3;0.0;0.0;49.0;5471.0


8.3;0.0;0.0;49.0;5471.0


8.3;0.0;0.0;49.0;5471.0


8.3;0.0;0.0;49.0;5471.0


8.3;0.0;0.0;48.0;5471.0


8.3;0.0;0.0;49.0;5471.0


8.4;0.0;0.0;49.0;5471.0


8.3;0.0;0.0;49.0;5471.0


0.0;4.1;0.3;0.0;5471.0


0.0;0.3;0.0;0.0;5471.0


0.0;14.4;0.2;0.0;5471.0


0.0;0.3;0.0;0.0;5471.0


8.3;15.5;0.7;43.0;5471.0


8.4;0.0;0.0;40.0;5471.0


8.3;0.0;0.0;49.0;5471.0


8.3;0.0;0.0;48.0;5471.0


8.3;0.0;0.0;49.0;5471.0


8.4;0.0;0.0;48.0;5471.0


8.4;0.0;0.0;48.0;5471.0


8.3;0.0;0.0;49.0;5471.0


8.4;0.0;0.0;49.0;5471.0


8.3;0.0;0.0;48.0;5471.0


8.3;0.0;0.0;48.0;5471.0


8.4;0.0;0.0;49.0;5471.0


8.3;0.0;0.0;49.0;5471.0


2.4;4.0;0.3;0.0;5471.0


1.2;0.3;0.0;0.0;5471.0


1.2;14.6;0.2;0.0;5471.0


0.0;0.3;0.0;0.0;5471.0


4.8;15.3;0.4;0.0;5471.0


8.4;1.0;0.3;42.0;5471.0


8.3;0.0;0.0;45.0;5471.0


8.4;0.0;0.0;48.0;5471.0


8.3;0.0;0.0;48.0;5471.0


8.3;0.0;0.0;48.0;5471.0


8.4;0.0;0.0;47.0;5471.0


8.3;0.0;0.0;48.0;5471.0


8.4;0.0;0.0;49.0;5471.0


8.3;0.0;0.0;48.0;5471.0


8.3;0.0;0.0;49.0;5471.0


8.4;0.0;0.0;48.0;5471.0


8.3;0.0;0.0;48.0;5471.0


8.4;0.0;0.0;49.0;5471.0


4.2;4.2;0.3;27.0;5471.0


0.0;0.3;0.0;0.0;5471.0


1.0;14.6;0.2;0.0;5471.0


0.0;0.3;0.0;0.0;5471.0


4.2;14.4;0.4;1.0;5471.0


8.4;1.0;0.3;42.0;5471.0


8.3;0.0;0.0;45.0;6307.0


8.3;0.0;0.0;46.0;6307.0


8.3;0.0;0.0;48.0;6307.0


8.3;0.0;0.0;46.0;6307.0


8.3;0.0;0.0;48.0;6307.0


8.4;0.0;0.0;48.0;6307.0


8.3;0.0;0.0;48.0;6307.0


8.3;0.0;0.0;49.0;6307.0


8.3;0.0;0.0;48.0;6307.0


8.3;0.0;0.0;49.0;6307.0


8.4;0.0;0.0;49.0;6307.0


8.3;0.0;0.0;48.0;6307.0


8.4;0.0;0.0;40.0;6309.0


