39.9;99.8;62.9;0.0
49.9;112.5;89.2;0.0
84.8;134.4;55.1;0.0
54.9;155.9;44.6;0.0
0.0;155.9;0.0;0.0
0.0;155.9;0.0;0.0
0.0;155.9;0.1;0.0
0.0;155.9;1.3;0.0
0.0;155.9;0.0;0.0
0.0;155.9;0.7;0.0
0.0;155.9;0.0;0.0
0.0;155.9;0.6;0.0
0.0;155.9;0.0;0.0
0.0;155.9;0.4;0.0
0.0;155.9;0.0;0.0
0.0;155.9;0.4;0.0
0.0;155.9;0.0;0.0
10.0;158.9;0.2;0.0
49.9;160.2;0.3;0.0
0.0;160.2;6.0;0.0
49.6;160.4;0.1;0.0
49.9;160.4;0.0;0.0
49.6;160.4;0.0;0.0
53.5;160.4;0.0;0.0
48.4;160.4;0.0;0.0
49.6;160.4;0.0;0.0
49.9;160.4;0.0;0.0
14.9;160.4;3.1;0.0
32.9;161.0;4.0;0.0
4.8;161.4;0.1;0.0
0.0;161.4;0.0;0.0
0.0;161.4;1.3;0.0
0.0;161.4;0.0;0.0
0.0;161.4;0.7;0.0
0.0;161.4;0.0;0.0
0.0;161.4;0.6;0.0
0.0;161.4;0.0;0.0
5.0;161.4;0.4;0.0
0.0;161.4;0.0;0.0
0.0;161.4;0.4;0.0
0.0;161.4;0.0;0.0
24.9;161.9;0.2;0.0
49.9;170.3;15.5;4.0
48.9;246.9;3572.6;0.0
53.3;246.9;353.0;0.0
47.0;246.9;352.6;0.0
54.5;246.9;352.0;0.0
47.7;247.2;376.2;0.0
49.9;247.2;374.4;0.0
49.9;247.2;355.4;0.0
48.8;247.2;425.0;0.0
49.9;278.8;45.7;68.0
54.5;278.8;1.0;320.0
45.0;278.8;0.4;128.0
54.8;248.4;0.3;16.0
