45.0;90.6;40.4;0.0
50.0;106.8;71.8;0.0
63.6;126.2;88.5;0.0
72.6;140.4;32.0;0.0
24.9;156.4;39.8;0.0
0.0;156.4;0.0;0.0
0.0;156.4;0.1;0.0
0.0;156.4;0.0;0.0
0.0;156.4;1.3;0.0
0.0;156.4;0.0;0.0
0.0;156.4;0.7;0.0
0.0;156.4;0.0;0.0
0.0;156.4;0.4;0.0
0.0;156.4;0.0;0.0
0.0;156.4;0.5;0.0
0.0;156.4;0.0;0.0
0.0;156.4;0.5;0.0
0.0;156.4;0.0;0.0
5.0;159.4;0.3;0.0
50.0;160.6;0.0;0.0
10.0;160.6;2.5;0.0
40.0;160.8;3.8;0.0
49.4;160.8;0.0;0.0
52.6;160.8;0.0;0.0
48.7;160.8;0.0;0.0
48.9;160.8;0.0;0.0
50.0;160.8;0.0;0.0
50.0;160.8;0.0;0.0
29.9;160.8;1.1;0.0
19.5;161.4;5.9;0.0
29.9;161.8;0.1;0.0
0.0;161.8;0.0;0.0
0.0;161.8;1.2;0.0
0.0;161.8;0.0;0.0
0.0;161.8;0.7;0.0
0.0;161.8;0.0;0.0
0.0;161.8;0.0;0.0
0.0;161.8;0.6;0.0
0.0;161.8;0.0;0.0
0.0;161.8;0.5;0.0
0.0;161.8;0.0;0.0
0.0;161.8;0.6;0.0
0.0;161.8;0.0;0.0
43.2;162.3;0.2;0.0
48.6;183.6;53.9;4.0
50.5;247.1;2781.1;0.0
50.3;278.6;3341.1;0.0
49.8;278.9;0.4;132.0
49.0;278.9;1.5;420.0
