8.4;6.2;0.4;1.0;457.0


8.3;133.6;7.7;0.0;457.0


8.4;103.6;9.0;0.0;457.0


1.2;64.4;6.3;1.0;457.0


0.0;0.3;0.0;0.0;457.0


2.8;26.2;1.0;0.0;457.0


6.9;2.3;0.2;6.0;600.0


8.4;0.0;0.0;7.0;740.0


8.3;0.0;0.0;7.0;872.0


8.3;0.0;0.0;6.0;996.0


8.3;0.2;0.0;4.0;1102.0


8.4;70.2;67.7;9.0;1246.0


8.4;45.7;162.0;21.0;1666.0


50.0;39.1;191.6;66.0;1870.0


0.0;0.1;0.0;0.0;1870.0


0.0;0.3;0.0;0.0;1870.0


0.0;13.8;0.2;0.0;1870.0


0.0;0.3;0.0;0.0;1870.0


8.3;16.5;0.7;62.0;2156.0


8.4;0.0;0.0;40.0;2910.0


8.3;0.0;0.0;47.0;3664.0


8.4;0.0;0.0;42.0;4418.0


8.4;0.0;0.0;40.0;5170.0


8.4;0.0;0.0;52.0;5902.0


19.6;0.0;0.0;40.0;6572.0


8.3;0.0;0.0;3.0;6956.0


50.2;0.0;0.0;49.0;7172.0


8.3;0.0;0.0;54.0;7172.0


8.3;0.0;0.0;54.0;7172.0


8.4;0.0;0.0;54.0;7172.0


8.3;0.0;0.0;53.0;7172.0


8.3;0.0;0.0;53.0;7172.0


8.3;0.0;0.0;54.0;7172.0


8.3;0.0;0.0;54.0;7172.0


8.4;0.0;0.0;54.0;7172.0


8.3;0.0;0.0;54.0;7172.0


8.4;0.0;0.0;54.0;7172.0


8.3;0.0;0.0;54.0;7172.0


8.4;0.0;0.0;54.0;7172.0


0.0;10.6;0.8;0.0;7172.0


0.0;0.3;0.0;0.0;7172.0


0.0;14.9;0.2;0.0;7172.0


0.0;0.3;0.0;0.0;7172.0


7.2;16.2;0.7;42.0;7174.0


8.3;0.0;0.0;56.0;7174.0


8.3;0.0;0.0;56.0;7174.0


8.3;0.0;0.0;56.0;7174.0


51.4;0.0;0.0;32.0;7392.0


8.4;0.0;0.0;54.0;7392.0


8.3;0.0;0.0;54.0;7392.0


8.3;0.0;0.0;54.0;7392.0


8.3;0.0;0.0;54.0;7392.0


8.3;0.0;0.0;54.0;7392.0


8.4;0.0;0.0;54.0;7392.0


8.3;0.0;0.0;54.0;7392.0


8.4;0.0;0.0;54.0;7392.0


8.4;0.0;0.0;54.0;7392.0


8.4;0.0;0.0;54.0;7392.0


8.4;0.0;0.0;54.0;7392.0


8.4;0.0;0.0;54.0;7392.0


0.0;0.0;0.0;1.0;7392.0


0.0;10.6;0.8;0.0;7392.0


0.0;0.3;0.0;0.0;7392.0


0.0;13.9;0.2;0.0;7392.0


0.0;0.3;0.0;0.0;7392.0


8.4;16.0;0.7;43.0;7392.0


8.3;0.0;0.0;56.0;7392.0


8.4;0.0;0.0;56.0;7392.0


8.3;0.0;0.0;56.0;7392.0


49.7;0.0;0.0;54.0;7392.0


8.4;0.0;0.0;54.0;7392.0


8.4;0.0;0.0;54.0;7392.0


8.4;0.0;0.0;54.0;7392.0


8.4;0.0;0.0;54.0;7392.0


8.3;0.0;0.0;54.0;7392.0


8.4;0.0;0.0;54.0;7392.0


8.3;0.0;0.0;54.0;7392.0


8.3;0.0;0.0;54.0;7392.0


8.4;0.0;0.0;54.0;7392.0


8.3;0.0;0.0;54.0;7392.0


8.4;0.0;0.0;54.0;7392.0


8.3;0.0;0.0;28.0;7392.0


0.0;10.6;0.8;0.0;7392.0


0.0;0.3;0.0;0.0;7392.0


0.0;14.2;0.2;0.0;7392.0


1.4;0.3;0.0;0.0;7392.0


8.3;16.0;0.7;38.0;7392.0


8.4;0.0;0.0;56.0;7392.0


8.3;0.0;0.0;56.0;7392.0


9.7;0.0;0.0;56.0;7392.0


50.2;0.0;0.0;35.0;7392.0


8.3;0.0;0.0;54.0;7392.0


8.3;0.0;0.0;54.0;7392.0


8.3;0.0;0.0;54.0;7392.0


8.3;0.0;0.0;53.0;7392.0


8.3;0.0;0.0;53.0;7392.0


8.4;0.0;0.0;54.0;7392.0


8.3;0.0;0.0;53.0;7392.0


8.3;0.0;0.0;54.0;7392.0


8.3;0.0;0.0;54.0;7392.0


8.3;0.0;0.0;55.0;7392.0


8.3;0.0;0.0;48.0;7392.0


8.4;0.0;0.0;45.0;7392.0


2.8;0.0;0.0;0.0;7392.0


0.0;10.6;0.8;0.0;7392.0


0.0;0.3;0.0;0.0;7392.0


0.0;13.9;0.2;0.0;7392.0


0.0;0.3;0.0;0.0;7392.0


8.4;16.9;0.7;40.0;7392.0


8.4;0.0;0.0;42.0;7392.0


8.3;0.0;0.0;56.0;7392.0


8.4;0.0;0.0;56.0;7392.0


49.7;0.0;0.0;34.0;7392.0


8.4;0.0;0.0;51.0;7392.0


7.2;0.0;0.0;53.0;7392.0


8.3;0.0;0.0;55.0;7392.0


8.4;0.0;0.0;54.0;7392.0


8.3;0.0;0.0;54.0;7392.0


8.3;0.0;0.0;54.0;7392.0


8.4;0.0;0.0;54.0;7392.0


8.3;0.0;0.0;54.0;7392.0


8.4;0.0;0.0;54.0;7392.0


8.3;0.0;0.0;55.0;7392.0


8.4;0.0;0.0;53.0;7392.0


8.3;0.0;0.0;54.0;7392.0


0.0;0.0;0.0;0.0;7392.0


0.0;10.6;0.8;0.0;7392.0


0.0;0.3;0.0;0.0;7392.0


0.0;14.0;0.2;0.0;7392.0


0.0;0.3;0.0;0.0;7392.0


8.3;17.7;0.7;56.0;7392.0


8.4;0.0;0.0;56.0;7392.0


8.3;0.0;0.0;56.0;7392.0


8.3;0.0;0.0;55.0;7392.0


49.7;0.0;0.0;47.0;7392.0


8.3;0.0;0.0;55.0;7392.0


8.3;0.0;0.0;55.0;7392.0


8.3;0.0;0.0;52.0;7392.0


8.4;0.0;0.0;54.0;7392.0


8.3;0.0;0.0;47.0;7392.0


8.4;0.0;0.0;54.0;7392.0


8.4;0.0;0.0;55.0;7392.0


8.3;0.0;0.0;55.0;7392.0


8.4;0.0;0.0;55.0;7392.0


8.4;0.0;0.0;55.0;7392.0


8.4;0.0;0.0;55.0;7392.0


8.3;0.0;0.0;54.0;7392.0


1.4;10.6;0.8;1.0;7392.0


0.0;0.3;0.0;0.0;7392.0


0.0;14.5;0.2;0.0;7392.0


0.0;0.3;0.0;0.0;7392.0


4.2;16.5;0.4;0.0;7392.0


8.4;1.0;0.3;56.0;7392.0


8.4;0.0;0.0;56.0;7392.0


8.3;0.0;0.0;56.0;7392.0


8.4;0.0;0.0;58.0;7392.0


26.0;0.0;0.0;52.0;7392.0


8.4;0.0;0.0;55.0;7392.0


8.4;0.0;0.0;54.0;7392.0


8.3;0.0;0.0;54.0;7392.0


8.4;0.0;0.0;53.0;7392.0


8.3;0.0;0.0;55.0;7392.0


8.4;0.0;0.0;54.0;7392.0


8.3;0.0;0.0;54.0;7392.0


8.4;0.0;0.0;55.0;7392.0


8.3;0.0;0.0;54.0;7392.0


8.3;0.0;0.0;55.0;7392.0


8.4;0.0;0.0;55.0;7392.0


7.1;0.0;0.0;54.0;7392.0


0.0;10.6;0.8;0.0;7392.0


0.0;0.3;0.0;1.0;7392.0


0.0;14.3;0.2;0.0;7392.0


0.0;0.3;0.0;1.0;7392.0


8.3;15.6;0.7;19.0;7392.0


9.8;0.0;0.0;56.0;7392.0


8.4;0.0;0.0;56.0;7392.0


8.3;0.0;0.0;55.0;7392.0


50.2;0.0;0.0;56.0;7392.0


8.3;0.0;0.0;54.0;7392.0


8.4;0.0;0.0;54.0;7392.0


8.4;0.0;0.0;53.0;7392.0


8.4;0.0;0.0;54.0;7392.0


8.3;0.0;0.0;51.0;7392.0


8.4;0.0;0.0;53.0;7392.0


8.3;0.0;0.0;54.0;7392.0


8.3;0.0;0.0;54.0;7392.0


8.3;0.0;0.0;55.0;7392.0


8.3;0.0;0.0;53.0;7392.0


8.4;0.0;0.0;54.0;7392.0


9.6;0.0;0.0;55.0;7392.0


8.3;0.0;0.0;45.0;7392.0


0.0;10.6;0.8;0.0;7392.0


0.0;0.3;0.0;0.0;7392.0


0.0;11.8;0.2;1.0;7392.0


0.0;0.3;0.0;0.0;7392.0


8.3;15.8;0.7;42.0;7392.0


8.4;0.0;0.0;56.0;7392.0


8.3;0.0;0.0;55.0;7392.0


9.6;0.0;0.0;56.0;7392.0


50.0;0.0;0.0;31.0;7392.0


8.4;0.0;0.0;55.0;7392.0


8.3;0.0;0.0;54.0;7392.0


8.3;0.0;0.0;54.0;7392.0


8.4;0.0;0.0;53.0;7392.0


8.3;0.0;0.0;53.0;7392.0


8.3;0.0;0.0;54.0;7392.0


8.3;0.0;0.0;53.0;7392.0


8.3;0.0;0.0;54.0;7392.0


8.3;0.0;0.0;54.0;7392.0


8.3;0.0;0.0;53.0;7392.0


8.4;0.0;0.0;55.0;7392.0


8.4;0.0;0.0;54.0;7392.0


0.0;0.0;0.0;0.0;7392.0


0.0;10.6;0.8;0.0;7392.0


0.0;0.3;0.0;0.0;7392.0


0.0;14.6;0.2;0.0;7392.0


0.0;0.3;0.0;0.0;7392.0


8.3;16.6;0.7;39.0;7392.0


8.3;0.0;0.0;56.0;7392.0


8.3;0.0;0.0;53.0;7392.0


8.3;0.0;0.0;58.0;7392.0


50.0;0.0;0.0;39.0;7392.0


8.3;0.0;0.0;54.0;7392.0


8.3;0.0;0.0;54.0;7392.0


8.4;0.0;0.0;54.0;7392.0


8.4;0.0;0.0;54.0;7392.0


8.3;0.0;0.0;53.0;7392.0


8.4;0.0;0.0;54.0;7392.0


8.3;0.0;0.0;54.0;7392.0


8.4;0.0;0.0;54.0;7392.0


8.4;0.0;0.0;54.0;7392.0


8.4;0.0;0.0;54.0;7392.0


8.4;0.0;0.0;54.0;7392.0


8.3;0.0;0.0;54.0;7392.0


0.0;10.6;0.8;1.0;7392.0


0.0;0.3;0.0;0.0;7392.0


0.0;14.7;0.2;0.0;7392.0


0.0;0.3;0.0;0.0;7392.0


8.3;17.7;0.7;0.0;7392.0


8.4;0.0;0.0;56.0;7392.0


8.3;0.0;0.0;56.0;7392.0


8.3;0.0;0.0;56.0;7392.0


49.7;0.0;0.0;31.0;7392.0


8.3;0.0;0.0;54.0;7392.0


8.4;0.0;0.0;54.0;7392.0


8.3;0.0;0.0;54.0;7392.0


8.4;0.0;0.0;54.0;7392.0


8.4;0.0;0.0;54.0;7392.0


8.4;0.0;0.0;54.0;7392.0


8.4;0.0;0.0;54.0;7392.0


8.3;0.0;0.0;53.0;7392.0


8.4;0.0;0.0;54.0;7392.0


8.3;0.0;0.0;54.0;7392.0


8.4;0.0;0.0;54.0;7392.0


8.3;0.0;0.0;54.0;7392.0


0.0;0.0;0.0;30.0;7392.0


0.0;10.6;0.8;0.0;7392.0


0.0;0.3;0.0;0.0;7392.0


0.0;14.1;0.2;0.0;7392.0


0.0;0.3;0.0;0.0;7392.0


8.3;16.4;0.7;43.0;7392.0


8.3;0.0;0.0;56.0;7392.0


8.3;0.0;0.0;55.0;7392.0


8.4;0.0;0.0;56.0;7392.0


49.7;0.0;0.0;49.0;7392.0


8.3;0.0;0.0;54.0;7392.0


8.4;0.0;0.0;54.0;7392.0


8.3;0.0;0.0;54.0;7392.0


8.4;0.0;0.0;52.0;7392.0


8.3;0.0;0.0;53.0;7392.0


8.3;0.0;0.0;53.0;7392.0


8.3;0.0;0.0;54.0;7392.0


8.4;0.0;0.0;54.0;7392.0


8.3;0.0;0.0;54.0;7392.0


8.3;0.0;0.0;54.0;7392.0


8.3;0.0;0.0;54.0;7392.0


8.3;0.0;0.0;54.0;7392.0


0.0;10.6;0.8;1.0;7392.0


0.0;0.3;0.0;0.0;7392.0


1.4;13.1;0.2;0.0;7392.0


0.0;0.3;0.0;0.0;7392.0


5.9;15.5;0.4;0.0;7392.0


8.4;1.0;0.3;50.0;7392.0


8.4;0.0;0.0;56.0;7392.0


8.3;0.0;0.0;56.0;7392.0


8.4;0.0;0.0;58.0;7392.0


39.6;0.0;0.0;51.0;7392.0


8.4;0.0;0.0;54.0;7392.0


8.3;0.0;0.0;54.0;7392.0


8.4;0.0;0.0;53.0;7392.0


8.4;0.0;0.0;53.0;7392.0


8.3;0.0;0.0;53.0;7392.0


8.3;0.0;0.0;53.0;7392.0


8.3;0.0;0.0;54.0;7392.0


8.3;0.0;0.0;54.0;7392.0


8.4;0.0;0.0;54.0;7392.0


8.3;0.0;0.0;54.0;7392.0


8.4;0.0;0.0;53.0;7392.0


8.3;0.0;0.0;54.0;7392.0


0.0;10.6;0.8;0.0;7392.0


