8.4;0.6;0.1;1.0;457.0


8.3;142.2;8.3;0.0;457.0


8.4;98.0;8.6;0.0;457.0


2.1;67.0;6.5;1.0;457.0


0.0;0.3;0.0;0.0;457.0


4.2;26.2;1.0;0.0;457.0


8.3;2.3;0.2;3.0;610.0


8.3;0.0;0.0;6.0;740.0


8.3;0.0;0.0;5.0;874.0


8.3;0.0;0.0;7.0;1002.0


8.4;0.2;0.0;5.0;1160.0


8.3;70.2;67.7;4.0;1262.0


8.4;84.8;353.6;30.0;1678.0


49.7;0.0;0.0;71.0;1996.0


0.0;0.1;0.0;0.0;1996.0


0.0;0.3;0.0;0.0;1996.0


0.0;13.8;0.2;0.0;1996.0


0.0;0.3;0.0;0.0;1996.0


6.9;15.9;0.7;64.0;2238.0


8.4;0.0;0.0;47.0;2992.0


8.4;0.0;0.0;40.0;3746.0


8.3;0.0;0.0;55.0;4500.0


8.4;0.0;0.0;39.0;5254.0


8.4;0.0;0.0;44.0;5986.0


42.7;0.0;0.0;37.0;6574.0


8.3;0.0;0.0;0.0;7174.0


42.9;0.0;0.0;52.0;7174.0


8.3;0.0;0.0;55.0;7174.0


8.3;0.0;0.0;54.0;7174.0


8.4;0.0;0.0;53.0;7174.0


8.3;0.0;0.0;54.0;7174.0


8.4;0.0;0.0;54.0;7174.0


8.4;0.0;0.0;54.0;7174.0


8.3;0.0;0.0;55.0;7174.0


8.4;0.0;0.0;54.0;7174.0


8.3;0.0;0.0;54.0;7174.0


8.4;0.0;0.0;54.0;7174.0


8.4;0.0;0.0;55.0;7174.0


8.4;0.0;0.0;55.0;7174.0


0.0;10.6;0.8;0.0;7174.0


0.0;0.3;0.0;0.0;7174.0


0.0;14.3;0.2;0.0;7174.0


0.0;0.3;0.0;0.0;7174.0


8.4;16.5;0.7;44.0;7176.0


8.3;0.0;0.0;56.0;7176.0


8.3;0.0;0.0;56.0;7176.0


8.4;0.0;0.0;56.0;7176.0


50.0;0.0;0.0;32.0;7178.0


9.7;0.0;0.0;55.0;7178.0


8.3;0.0;0.0;54.0;7178.0


8.3;0.0;0.0;54.0;7178.0


8.3;0.0;0.0;54.0;7178.0


8.3;0.0;0.0;54.0;7178.0


8.4;0.0;0.0;54.0;7178.0


8.3;0.0;0.0;52.0;7178.0


8.3;0.0;0.0;54.0;7178.0


8.4;0.0;0.0;54.0;7178.0


8.3;0.0;0.0;55.0;7178.0


8.4;0.0;0.0;54.0;7178.0


8.4;0.0;0.0;54.0;7178.0


0.0;0.0;0.0;0.0;7178.0


0.0;10.6;0.8;0.0;7178.0


0.0;0.3;0.0;0.0;7178.0


0.0;12.6;0.2;0.0;7178.0


0.0;0.3;0.0;0.0;7178.0


8.4;16.4;0.7;52.0;7178.0


8.3;0.0;0.0;48.0;7178.0


8.4;0.0;0.0;56.0;7178.0


8.4;0.0;0.0;59.0;7178.0


50.0;0.0;0.0;38.0;7594.0


8.4;0.0;0.0;53.0;7594.0


8.3;0.0;0.0;54.0;7594.0


8.4;0.0;0.0;54.0;7594.0


8.4;0.0;0.0;54.0;7594.0


8.4;0.0;0.0;54.0;7594.0


8.4;0.0;0.0;54.0;7594.0


8.3;0.0;0.0;54.0;7594.0


8.4;0.0;0.0;55.0;7594.0


8.3;0.0;0.0;54.0;7594.0


8.4;0.0;0.0;55.0;7594.0


8.3;0.0;0.0;54.0;7594.0


8.3;0.0;0.0;54.0;7594.0


0.0;10.6;0.8;1.0;7594.0


0.0;0.3;0.0;0.0;7594.0


0.0;14.3;0.2;0.0;7594.0


1.4;0.3;0.0;0.0;7594.0


3.6;15.5;0.4;0.0;7594.0


8.4;1.0;0.3;56.0;7594.0


8.3;0.0;0.0;56.0;7594.0


8.4;0.0;0.0;56.0;7594.0


21.5;0.0;0.0;47.0;7594.0


24.0;0.0;0.0;52.0;7594.0


8.4;0.0;0.0;54.0;7594.0


8.4;0.0;0.0;53.0;7594.0


8.4;0.0;0.0;54.0;7594.0


8.3;0.0;0.0;54.0;7594.0


8.3;0.0;0.0;39.0;7594.0


8.3;0.0;0.0;54.0;7594.0


8.3;0.0;0.0;53.0;7594.0


8.3;0.0;0.0;54.0;7594.0


8.3;0.0;0.0;54.0;7594.0


8.3;0.0;0.0;55.0;7594.0


8.3;0.0;0.0;55.0;7594.0


8.4;0.0;0.0;54.0;7594.0


1.2;10.6;0.8;1.0;7594.0


0.0;0.3;0.0;1.0;7594.0


0.0;13.7;0.2;0.0;7594.0


1.2;0.3;0.0;0.0;7594.0


4.8;14.4;0.4;0.0;7594.0


8.4;1.0;0.3;56.0;7594.0


8.3;0.0;0.0;56.0;7594.0


8.4;0.0;0.0;56.0;7594.0


8.3;0.0;0.0;54.0;7594.0


32.2;0.0;0.0;50.0;7594.0


8.3;0.0;0.0;55.0;7594.0


8.4;0.0;0.0;54.0;7594.0


7.2;0.0;0.0;54.0;7594.0


8.3;0.0;0.0;54.0;7594.0


8.3;0.0;0.0;55.0;7594.0


8.3;0.0;0.0;54.0;7594.0


8.3;0.0;0.0;54.0;7594.0


8.4;0.0;0.0;54.0;7594.0


8.3;0.0;0.0;54.0;7594.0


8.4;0.0;0.0;54.0;7594.0


8.3;0.0;0.0;54.0;7594.0


8.4;0.0;0.0;55.0;7594.0


0.0;10.6;0.8;0.0;7594.0


0.0;0.3;0.0;0.0;7594.0


0.0;14.7;0.2;1.0;7594.0


0.0;0.3;0.0;0.0;7594.0


8.4;17.0;0.7;6.0;7594.0


8.3;0.0;0.0;57.0;7594.0


8.3;0.0;0.0;56.0;7594.0


8.3;0.0;0.0;55.0;7594.0


50.0;0.0;0.0;30.0;7594.0


8.3;0.0;0.0;54.0;7594.0


8.3;0.0;0.0;54.0;7594.0


8.3;0.0;0.0;53.0;7594.0


8.4;0.0;0.0;54.0;7594.0


8.3;0.0;0.0;54.0;7594.0


8.4;0.0;0.0;53.0;7594.0


8.3;0.0;0.0;54.0;7594.0


8.4;0.0;0.0;54.0;7594.0


8.3;0.0;0.0;54.0;7594.0


8.4;0.0;0.0;53.0;7594.0


8.4;0.0;0.0;54.0;7594.0


8.3;0.0;0.0;54.0;7594.0


7.2;0.0;0.0;49.0;7594.0


0.0;10.6;0.8;0.0;7594.0


0.0;0.3;0.0;1.0;7594.0


0.0;15.6;0.2;0.0;7594.0


0.0;0.3;0.0;1.0;7594.0


7.2;17.6;0.7;42.0;7594.0


8.3;0.0;0.0;55.0;7594.0


8.3;0.0;0.0;55.0;7594.0


8.3;0.0;0.0;56.0;7594.0


50.2;0.0;0.0;38.0;7594.0


8.4;0.0;0.0;54.0;7594.0


8.3;0.0;0.0;53.0;7594.0


8.4;0.0;0.0;54.0;7594.0


8.3;0.0;0.0;54.0;7594.0


8.4;0.0;0.0;54.0;7594.0


8.4;0.0;0.0;54.0;7594.0


8.4;0.0;0.0;55.0;7594.0


8.4;0.0;0.0;54.0;7594.0


8.3;0.0;0.0;54.0;7594.0


8.4;0.0;0.0;54.0;7594.0


8.3;0.0;0.0;54.0;7594.0


8.3;0.0;0.0;55.0;7594.0


0.0;0.0;0.0;9.0;7594.0


0.0;10.6;0.8;0.0;7594.0


0.0;0.3;0.0;0.0;7594.0


0.0;15.5;0.2;1.0;7594.0


0.0;0.3;0.0;0.0;7594.0


8.4;16.3;0.7;38.0;7594.0


8.3;0.0;0.0;56.0;7594.0


8.4;0.0;0.0;56.0;7594.0


8.3;0.0;0.0;56.0;7594.0


50.0;0.0;0.0;52.0;7594.0


8.4;0.0;0.0;55.0;7594.0


8.3;0.0;0.0;54.0;7594.0


8.3;0.0;0.0;55.0;7594.0


8.4;0.0;0.0;54.0;7594.0


8.3;0.0;0.0;55.0;7594.0


8.4;0.0;0.0;55.0;7594.0


8.3;0.0;0.0;53.0;7594.0


8.3;0.0;0.0;55.0;7594.0


8.4;0.0;0.0;54.0;7594.0


8.3;0.0;0.0;55.0;7594.0


8.4;0.0;0.0;55.0;7594.0


8.3;0.0;0.0;54.0;7594.0


0.0;10.6;0.8;0.0;7594.0


0.0;0.3;0.0;0.0;7594.0


0.0;15.3;0.2;0.0;7594.0


0.0;0.3;0.0;0.0;7594.0


6.9;17.5;0.7;41.0;7594.0


8.3;0.0;0.0;56.0;7594.0


8.3;0.0;0.0;56.0;7594.0


8.3;0.0;0.0;55.0;7594.0


49.7;0.0;0.0;39.0;7594.0


8.4;0.0;0.0;54.0;7594.0


8.4;0.0;0.0;54.0;7594.0


8.3;0.0;0.0;53.0;7594.0


8.3;0.0;0.0;54.0;7594.0


8.3;0.0;0.0;54.0;7594.0


8.3;0.0;0.0;54.0;7594.0


9.4;0.0;0.0;54.0;7594.0


8.3;0.0;0.0;54.0;7594.0


8.4;0.0;0.0;55.0;7594.0


9.6;0.0;0.0;55.0;7594.0


8.4;0.0;0.0;55.0;7594.0


8.4;0.0;0.0;55.0;7594.0


0.0;0.0;0.0;5.0;7594.0


0.0;10.6;0.8;1.0;7594.0


0.0;0.3;0.0;0.0;7594.0


0.0;15.1;0.2;0.0;7594.0


0.0;0.3;0.0;0.0;7594.0


8.3;16.4;0.7;39.0;7594.0


8.4;0.0;0.0;56.0;7594.0


8.3;0.0;0.0;55.0;7594.0


8.4;0.0;0.0;56.0;7594.0


49.7;0.0;0.0;50.0;7594.0


8.3;0.0;0.0;53.0;7594.0


8.4;0.0;0.0;54.0;7594.0


8.3;0.0;0.0;53.0;7594.0


8.4;0.0;0.0;54.0;7594.0


8.3;0.0;0.0;54.0;7594.0


8.4;0.0;0.0;54.0;7594.0


8.3;0.0;0.0;52.0;7594.0


8.4;0.0;0.0;53.0;7594.0


8.4;0.0;0.0;54.0;7594.0


8.4;0.0;0.0;54.0;7594.0


8.3;0.0;0.0;55.0;7594.0


8.3;0.0;0.0;55.0;7594.0


0.0;10.6;0.8;1.0;7594.0


0.0;0.3;0.0;0.0;7594.0


0.0;14.3;0.2;0.0;7594.0


0.0;0.3;0.0;0.0;7594.0


4.2;16.0;0.4;3.0;7594.0


8.3;1.0;0.3;56.0;7594.0


8.3;0.0;0.0;56.0;7594.0


8.3;0.0;0.0;56.0;7594.0


22.4;0.0;0.0;61.0;7594.0


20.1;0.0;0.0;55.0;7594.0


8.4;0.0;0.0;54.0;7594.0


8.4;0.0;0.0;54.0;7594.0


8.3;0.0;0.0;54.0;7594.0


8.4;0.0;0.0;54.0;7594.0


8.4;0.0;0.0;55.0;7594.0


8.3;0.0;0.0;54.0;7594.0


8.3;0.0;0.0;55.0;7594.0


8.3;0.0;0.0;54.0;7594.0


8.3;0.0;0.0;54.0;7594.0


8.3;0.0;0.0;55.0;7594.0


8.4;0.0;0.0;55.0;7594.0


8.3;0.0;0.0;24.0;7594.0


0.0;10.6;0.8;0.0;7594.0


0.0;0.3;0.0;1.0;7594.0


0.0;14.4;0.2;0.0;7594.0


0.0;0.3;0.0;0.0;7594.0


8.3;17.6;0.7;41.0;7594.0


8.4;0.0;0.0;56.0;7594.0


8.4;0.0;0.0;56.0;7594.0


8.4;0.0;0.0;56.0;7594.0


50.2;0.0;0.0;22.0;7594.0


8.3;0.0;0.0;54.0;7594.0


8.4;0.0;0.0;55.0;7594.0


8.3;0.0;0.0;54.0;7594.0


8.3;0.0;0.0;54.0;7594.0


8.3;0.0;0.0;54.0;7594.0


8.3;0.0;0.0;54.0;7594.0


8.4;0.0;0.0;54.0;7594.0


9.4;0.0;0.0;54.0;7594.0


8.3;0.0;0.0;54.0;7594.0


8.3;0.0;0.0;54.0;7594.0


8.3;0.0;0.0;55.0;7594.0


8.3;0.0;0.0;55.0;7594.0


0.0;0.0;0.0;0.0;7594.0


0.0;10.6;0.8;0.0;7594.0


0.0;0.3;0.0;0.0;7594.0


0.0;14.4;0.2;0.0;7594.0


0.0;0.3;0.0;0.0;7594.0


8.3;17.2;0.7;56.0;7594.0


8.4;0.0;0.0;56.0;7594.0


8.4;0.0;0.0;55.0;7594.0


8.4;0.0;0.0;55.0;7594.0


49.7;0.0;0.0;48.0;7594.0


8.4;0.0;0.0;55.0;7594.0


8.3;0.0;0.0;54.0;7594.0


8.3;0.0;0.0;55.0;7594.0


8.4;0.0;0.0;40.0;7594.0


8.3;0.0;0.0;54.0;7594.0


8.4;0.0;0.0;54.0;7594.0


8.4;0.0;0.0;54.0;7594.0


8.3;0.0;0.0;55.0;7594.0


8.4;0.0;0.0;54.0;7594.0


8.3;0.0;0.0;54.0;7594.0


8.4;0.0;0.0;54.0;7594.0


8.4;0.0;0.0;54.0;7594.0


0.0;0.0;0.0;1.0;7594.0


