0.0;10498048;0
0.0;10498048;0
0.0;10498048;0
0.0;10498048;0
0.0;10498048;0
49.9;12644352;0
99.7;12660736;0
71.7;12787712;0
100.3;12804096;0
99.7;11128832;0
0.0;11128832;0
71.0;13176832;0
100.3;13176832;0
83.1;13287424;0
100.8;13287424;0
133.0;13266944;0
86.0;11243520;0
116.4;13389824;0
99.7;13389824;0
116.4;13381632;0
86.0;14979072;0
99.7;13484032;0
116.4;15589376;0
117.6;13570048;0
71.0;13635584;0
99.7;13635584;0
49.9;13705216;0
100.3;13705216;0
71.0;13873152;0
100.8;13873152;0
116.4;13897728;0
99.7;13897728;0
71.0;14020608;0
100.8;14020608;0
116.4;13975552;0
99.7;13975552;0
86.0;13950976;0
99.4;13955072;0
116.4;20942848;0
199.5;60678144;0
243.7;91660288;0
269.9;107560960;107
235.2;110735360;633
182.8;108711936;0
143.3;111280128;0
184.7;109256704;0
134.4;111337472;0
182.8;109314048;0
166.2;111337472;0
186.4;109309952;0
166.2;111333376;0
182.8;109309952;0
143.3;109309952;0
100.3;109309952;0
149.6;109305856;0
100.8;109305856;0
149.6;109297664;0
99.7;109297664;0
184.7;109789184;0
100.3;109789184;0
114.7;109789184;0
33.2;109780992;0
100.8;109780992;0
113.6;111808512;0
100.3;109789184;0
83.1;109789184;0
100.8;109789184;0
116.4;111812608;0
100.3;109789184;0
100.3;109789184;0
99.4;109785088;0
99.7;109785088;0
116.4;109793280;0
100.8;111812608;0
133.0;109793280;0
100.3;109797376;0
100.3;109797376;0
42.6;107773952;0
199.5;145502208;0
199.5;174379008;0
302.4;201445376;0
166.2;110657536;0
186.4;114020352;0
143.3;112001024;0
127.8;112324608;0
57.3;112459776;0
99.4;112459776;0
117.6;114479104;0
116.4;112463872;0
133.0;114495488;0
157.7;112480256;0
127.8;112549888;0
99.7;112549888;0
149.6;114569216;0
117.6;112545792;0
166.2;114704384;0
157.7;112685056;0
157.7;112685056;0
99.4;112685056;0
186.4;114704384;0
116.4;112680960;0
201.6;114765824;0
16.6;110727168;0
66.5;110772224;0
0.0;114712576;0
99.7;112824320;0
116.4;114843648;0
99.7;110800896;0
33.2;112820224;0
86.0;112820224;0
142.0;114843648;0
114.7;112824320;0
149.6;114843648;0
116.4;112820224;0
116.4;112820224;0
99.7;112820224;0
143.3;120524800;0
198.9;158511104;0
258.0;188784640;0
272.4;206184448;0
142.0;113115136;0
100.3;113115136;0
85.2;113274880;0
100.8;113274880;0
166.2;113356800;0
99.7;113356800;0
151.2;113680384;0
83.1;116424704;0
127.8;113778688;0
129.0;115871744;0
156.2;113848320;0
143.3;115867648;0
172.0;113848320;0
170.5;115908608;0
117.6;113889280;0
166.2;116002816;0
99.7;113983488;0
199.5;116002816;0
99.7;113979392;0
201.6;114036736;0
99.7;114036736;0
116.4;114094080;0
84.0;114171904;0
99.7;114171904;0
66.5;114176000;0
99.7;114176000;0
129.0;116269056;0
100.8;114245632;0
142.0;116359168;0
114.7;114339840;0
129.0;114335744;0
99.4;114335744;0
100.3;114335744;0
99.4;114335744;0
143.3;127434752;0
200.7;166391808;0
255.7;193851392;0
200.7;208109568;0
200.7;114728960;0
172.0;112705536;0
198.9;116101120;0
114.7;116260864;0
133.0;114237440;0
133.0;116371456;0
151.2;114348032;0
149.6;116371456;0
99.7;114352128;0
156.2;114380800;0
114.7;114434048;0
99.7;114434048;0
133.0;114503680;0
100.8;114503680;0
99.7;114499584;0
99.7;114499584;0
149.6;114540544;0
99.7;114540544;0
151.2;114548736;0
99.7;114548736;0
142.0;114601984;0
129.0;116748288;0
186.4;114728960;0
149.6;116867072;0
143.3;116867072;0
156.2;116871168;0
186.4;116871168;0
168.0;116936704;0
199.5;116936704;0
182.8;116973568;0
201.6;114950144;0
129.0;117014528;0
198.9;117014528;0
215.0;125190144;0
198.9;158085120;0
243.7;183357440;0
201.6;209326080;0
216.1;117260288;0
149.6;115240960;0
201.6;118484992;0
149.6;119525376;0
182.8;116596736;0
116.4;118767616;0
182.8;116744192;0
134.4;118788096;0
182.8;116764672;0
166.2;118824960;0
100.8;116801536;0
172.0;118820864;0
142.0;116801536;0
157.7;114782208;0
0.0;114782208;0
99.4;116805632;0
114.7;117903360;0
100.3;116801536;0
127.8;118845440;0
143.3;116826112;0
129.0;117002240;0
0.0;114978816;0
49.9;117002240;0
100.3;117002240;0
142.0;117026816;0
100.3;117026816;0
114.7;115064832;0
16.6;117231616;0
99.7;117231616;0
143.3;117276672;0
14.3;115257344;0
49.9;117280768;0
99.7;117280768;0
116.4;126734336;0
199.5;165806080;0
258.0;193400832;0
272.4;210620416;0
142.0;119160832;0
100.3;119160832;0
84.0;118509568;0
14.3;120647680;0
28.4;118624256;0
33.2;120680448;0
33.2;118657024;0
49.9;118693888;0
0.0;118693888;0
50.4;118738944;0
0.0;118738944;0
99.4;120799232;0
116.4;122888192;0
134.4;120864768;0
129.0;122953728;0
49.9;118910976;0
49.9;118947840;0
0.0;118947840;0
71.0;121012224;0
100.3;121012224;0
134.4;121090048;0
99.7;121090048;0
133.0;121171968;0
100.3;121176064;0
28.7;119152640;0
33.2;121217024;0
99.7;121217024;0
114.7;119287808;0
0.0;119287808;0
83.1;121360384;0
100.8;121360384;0
143.3;121360384;0
99.7;121360384;0
182.8;145240064;0
100.8;181653504;0
143.3;209584128;0
33.2;126509056;0
99.7;126509056;0
133.0;128827392;0
99.4;126775296;0
114.7;124928000;0
0.0;124928000;0
49.9;125067264;0
0.0;125067264;0
100.8;127225856;0
114.7;128151552;0
113.6;127254528;0
83.1;127328256;0
99.7;127328256;0
43.0;129347584;0
66.5;127328256;0
66.5;127377408;0
85.2;126930944;0
33.2;125464576;0
28.7;127488000;0
28.7;125464576;0
57.3;127528960;0
99.7;127528960;0
166.2;127672320;0
100.8;127672320;0
149.6;127676416;0
85.2;129904640;0
66.5;125652992;0
43.0;127672320;0
99.7;127672320;0
66.5;127705088;0
100.8;127705088;0
71.7;125685760;0
