7.1;16.2;1.7;0.0;475.0


8.3;127.4;6.8;1.0;475.0


6.0;107.2;9.5;0.0;475.0


0.0;55.2;5.4;0.0;475.0


0.0;0.3;0.0;0.0;475.0


8.4;29.3;1.1;0.0;475.0


8.4;0.3;0.0;7.0;658.0


8.4;0.0;0.0;6.0;790.0


8.4;0.0;0.0;7.0;912.0


8.4;0.2;0.0;6.0;1040.0


8.3;0.0;0.0;5.0;1220.0


8.3;70.2;67.7;1.0;1434.0


8.3;84.8;353.6;21.0;1838.0


4.2;0.1;0.0;15.0;1838.0


0.0;0.3;0.0;0.0;1838.0


6.2;223.2;9.6;1.0;1838.0


11.1;1267.2;55.7;0.0;1838.0


8.3;1.0;0.3;0.0;1838.0


8.3;0.0;0.0;0.0;1838.0


8.3;0.0;0.0;0.0;1838.0


8.3;0.0;0.0;0.0;1838.0


8.4;0.0;0.0;0.0;1838.0


8.3;0.0;0.0;1.0;1838.0


8.4;0.0;0.0;0.0;1838.0


8.4;0.0;0.0;0.0;1838.0


8.3;0.0;0.0;0.0;1838.0


8.4;0.0;0.0;1.0;1838.0


8.4;0.0;0.0;1.0;1838.0


8.4;0.0;0.0;1.0;1838.0


8.3;0.0;0.0;1.0;1838.0


8.3;0.0;0.0;1.0;1838.0


8.3;0.0;0.0;1.0;1838.0


8.3;0.0;0.0;4.0;1838.0


8.3;0.0;0.0;3.0;1838.0


8.3;0.0;0.0;3.0;1838.0


8.4;0.0;0.0;3.0;1838.0


8.3;0.0;0.0;4.0;1838.0


1.2;0.1;0.0;3.0;1838.0


0.0;0.3;0.0;3.0;1838.0


8.3;544.2;23.7;3.0;1838.0


8.4;946.5;41.6;2.0;1838.0


8.4;1.0;0.3;3.0;1838.0


8.4;0.0;0.0;2.0;1838.0


8.4;0.0;0.0;2.0;1838.0


8.4;0.0;0.0;2.0;1838.0


8.4;0.0;0.0;5.0;1838.0


8.3;0.0;0.0;4.0;1838.0


8.4;0.0;0.0;3.0;1838.0


8.3;0.0;0.0;3.0;1838.0


8.3;0.0;0.0;2.0;1838.0


8.4;0.0;0.0;3.0;1838.0


8.3;0.0;0.0;3.0;1838.0


8.4;0.0;0.0;4.0;1838.0


8.3;0.0;0.0;4.0;1838.0


8.3;0.0;0.0;3.0;1838.0


8.3;0.0;0.0;4.0;1838.0


8.3;0.0;0.0;3.0;1838.0


8.4;0.0;0.0;3.0;1838.0


8.3;0.0;0.0;3.0;1838.0


8.4;0.0;0.0;4.0;1838.0


8.3;0.0;0.0;4.0;1838.0


8.4;1.0;0.3;3.0;1838.0


8.4;0.0;0.0;4.0;1838.0


8.4;0.0;0.0;2.0;1838.0


8.3;0.0;0.0;2.0;1838.0


8.3;0.0;0.0;2.0;1838.0


8.4;0.0;0.0;3.0;1838.0


8.3;0.0;0.0;3.0;1838.0


8.3;0.0;0.0;4.0;1838.0


8.4;0.0;0.0;3.0;1838.0


8.3;0.0;0.0;3.0;1838.0


20.3;0.0;0.0;7.0;1934.0


8.3;0.2;0.0;39.0;1982.0


8.3;0.0;0.0;32.0;2082.0


8.4;0.0;0.0;42.0;2182.0


8.3;0.0;0.0;32.0;2284.0


8.4;0.0;0.0;34.0;2368.0


50.0;0.0;0.0;31.0;4814.0


8.3;0.0;0.0;54.0;4814.0


8.3;0.0;0.0;54.0;4814.0


8.3;0.0;0.0;54.0;4814.0


8.3;0.0;0.0;54.0;4814.0


8.4;0.0;0.0;54.0;4814.0


8.3;0.0;0.0;54.0;4814.0


8.4;0.0;0.0;54.0;4814.0


8.4;0.0;0.0;54.0;4814.0


8.3;0.0;0.0;54.0;4814.0


8.4;0.0;0.0;53.0;4814.0


8.3;0.0;0.0;54.0;4814.0


8.4;0.0;0.0;54.0;4814.0


0.0;10.6;0.8;0.0;4814.0


0.0;0.3;0.0;0.0;4814.0


7.2;559.8;24.3;0.0;4814.0


8.3;931.9;40.9;0.0;4814.0


8.4;1.0;0.3;0.0;4814.0


8.3;0.0;0.0;0.0;4814.0


8.4;0.0;0.0;0.0;4814.0


8.3;0.0;0.0;0.0;4814.0


8.3;0.0;0.0;0.0;4814.0


8.4;0.0;0.0;0.0;4814.0


8.3;0.0;0.0;1.0;4814.0


8.3;0.0;0.0;0.0;4814.0


8.3;0.0;0.0;0.0;4814.0


8.3;0.0;0.0;0.0;4814.0


8.3;0.0;0.0;0.0;4814.0


8.3;0.0;0.0;0.0;4814.0


8.4;0.0;0.0;0.0;4814.0


8.3;0.0;0.0;0.0;4814.0


8.3;0.0;0.0;0.0;4814.0


8.4;0.0;0.0;0.0;4814.0


8.3;0.0;0.0;0.0;4814.0


8.4;0.0;0.0;0.0;4814.0


8.3;0.0;0.0;0.0;4814.0


8.4;0.0;0.0;0.0;4814.0


0.0;0.1;0.0;1.0;4814.0


0.0;0.3;0.0;0.0;4814.0


9.5;560.2;24.4;0.0;4814.0


8.3;930.9;40.9;0.0;4814.0


8.3;1.0;0.3;0.0;4814.0


8.3;0.0;0.0;0.0;4814.0


8.4;0.0;0.0;0.0;4814.0


8.4;0.0;0.0;1.0;4814.0


8.3;0.0;0.0;0.0;4814.0


8.4;0.0;0.0;0.0;4814.0


8.3;0.0;0.0;0.0;4814.0


8.4;0.0;0.0;0.0;4814.0


8.4;0.0;0.0;0.0;4814.0


8.3;0.0;0.0;0.0;4814.0


8.4;0.0;0.0;0.0;4814.0


8.3;0.0;0.0;0.0;4814.0


8.4;0.0;0.0;0.0;4814.0


8.3;0.0;0.0;0.0;4814.0


8.4;0.0;0.0;0.0;4814.0


8.3;0.0;0.0;0.0;4814.0


8.3;0.0;0.0;0.0;4814.0


8.4;0.0;0.0;0.0;4814.0


8.3;0.0;0.0;0.0;4814.0


8.3;0.0;0.0;0.0;4814.0


8.4;1.0;0.3;0.0;4814.0


8.3;0.0;0.0;0.0;4814.0


8.3;0.0;0.0;0.0;4814.0


8.3;0.0;0.0;0.0;4814.0


8.4;0.0;0.0;0.0;4814.0


8.4;0.0;0.0;0.0;4814.0


8.3;0.0;0.0;0.0;4814.0


8.4;0.0;0.0;0.0;4814.0


8.3;0.0;0.0;1.0;4814.0


8.4;0.0;0.0;1.0;4814.0


8.3;0.0;0.0;1.0;4814.0


8.3;0.0;0.0;46.0;4836.0


8.3;0.0;0.0;43.0;4836.0


8.3;0.0;0.0;44.0;4836.0


26.0;0.0;0.0;50.0;4836.0


18.8;0.0;0.0;50.0;4836.0


8.3;0.0;0.0;55.0;4836.0


8.3;0.0;0.0;54.0;4836.0


8.4;0.0;0.0;54.0;4836.0


8.4;0.0;0.0;54.0;4836.0


8.3;0.0;0.0;54.0;4836.0


8.4;0.0;0.0;54.0;4836.0


8.3;0.0;0.0;53.0;4836.0


8.4;0.0;0.0;54.0;4836.0


8.3;0.0;0.0;54.0;4836.0


8.3;0.0;0.0;53.0;4836.0


8.4;0.0;0.0;55.0;4836.0


8.3;0.0;0.0;54.0;4836.0


0.0;10.6;0.8;0.0;4836.0


0.0;0.3;0.0;1.0;4836.0


8.4;1233.2;53.9;0.0;4836.0


8.3;258.9;11.6;0.0;4836.0


8.3;0.0;0.0;0.0;4836.0


8.4;0.0;0.0;0.0;4836.0


8.3;0.0;0.0;0.0;4836.0


8.3;0.0;0.0;0.0;4836.0


8.4;0.0;0.0;0.0;4836.0


8.3;0.0;0.0;0.0;4836.0


8.4;0.0;0.0;1.0;4836.0


8.3;0.0;0.0;0.0;4836.0


8.4;0.0;0.0;0.0;4836.0


8.4;0.0;0.0;0.0;4836.0


8.3;0.0;0.0;0.0;4836.0


8.4;0.0;0.0;0.0;4836.0


8.3;0.0;0.0;0.0;4836.0


8.4;0.0;0.0;1.0;4836.0


8.3;0.0;0.0;0.0;4836.0


8.3;0.0;0.0;0.0;4836.0


8.3;0.0;0.0;0.0;4836.0


8.4;0.0;0.0;0.0;4836.0


8.3;0.0;0.0;0.0;4836.0


8.3;0.0;0.0;0.0;4836.0


0.0;0.1;0.0;1.0;4836.0


0.0;0.3;0.0;0.0;4836.0


7.2;859.8;37.6;0.0;4836.0


8.4;630.3;27.7;1.0;4836.0


8.3;1.0;0.3;0.0;4836.0


8.4;0.0;0.0;0.0;4836.0


8.3;0.0;0.0;0.0;4836.0


8.4;0.0;0.0;0.0;4836.0


8.4;0.0;0.0;0.0;4836.0


8.4;0.0;0.0;0.0;4836.0


8.4;0.0;0.0;0.0;4836.0


8.3;0.0;0.0;0.0;4836.0


8.4;0.0;0.0;0.0;4836.0


8.3;0.0;0.0;0.0;4836.0


8.4;0.0;0.0;0.0;4836.0


8.3;0.0;0.0;0.0;4836.0


8.3;0.0;0.0;0.0;4836.0


8.3;0.0;0.0;0.0;4836.0


8.3;0.0;0.0;0.0;4836.0


8.3;0.0;0.0;0.0;4836.0


8.4;0.0;0.0;0.0;4836.0


8.3;0.0;0.0;0.0;4836.0


8.4;0.0;0.0;0.0;4836.0


8.3;0.0;0.0;0.0;4836.0


8.4;1.0;0.3;0.0;4836.0


8.4;0.0;0.0;1.0;4836.0


8.4;0.0;0.0;0.0;4836.0


8.4;0.0;0.0;0.0;4836.0


8.3;0.0;0.0;0.0;4836.0


8.3;0.0;0.0;0.0;4836.0


8.3;0.0;0.0;1.0;4836.0


8.4;0.0;0.0;0.0;4836.0


8.3;0.0;0.0;1.0;4836.0


8.3;0.0;0.0;0.0;4836.0


8.3;0.0;0.0;1.0;4836.0


8.3;0.0;0.0;44.0;4836.0


8.3;0.0;0.0;43.0;4836.0


8.3;0.0;0.0;43.0;4836.0


50.2;0.0;0.0;59.0;4836.0


8.4;0.0;0.0;54.0;4836.0


8.3;0.0;0.0;54.0;4836.0


8.4;0.0;0.0;54.0;4836.0


8.3;0.0;0.0;54.0;4836.0


8.4;0.0;0.0;53.0;4836.0


8.4;0.0;0.0;54.0;4836.0


8.3;0.0;0.0;54.0;4836.0


8.4;0.0;0.0;54.0;4836.0


8.3;0.0;0.0;54.0;4836.0


8.4;0.0;0.0;54.0;4836.0


8.3;0.0;0.0;54.0;4836.0


8.4;0.0;0.0;55.0;4836.0


8.3;0.0;0.0;51.0;4836.0


0.0;10.6;0.8;0.0;4836.0


0.0;0.3;0.0;1.0;4836.0


9.5;1240.7;54.3;0.0;4836.0


8.3;251.1;11.2;1.0;4836.0


8.4;0.0;0.0;0.0;4836.0


8.3;0.0;0.0;0.0;4836.0


8.4;0.0;0.0;0.0;4836.0


8.3;0.0;0.0;0.0;4836.0


8.4;0.0;0.0;1.0;4836.0


8.4;0.0;0.0;0.0;4836.0


8.4;0.0;0.0;1.0;4836.0


8.4;0.0;0.0;0.0;4836.0


8.3;0.0;0.0;1.0;4836.0


8.4;0.0;0.0;1.0;4836.0


8.3;0.0;0.0;1.0;4836.0


8.3;0.0;0.0;1.0;4836.0


8.3;0.0;0.0;1.0;4836.0


8.3;0.0;0.0;1.0;4836.0


8.3;0.0;0.0;3.0;4836.0


8.3;0.0;0.0;4.0;4836.0


8.3;0.0;0.0;3.0;4836.0


8.4;0.0;0.0;3.0;4836.0


8.3;0.0;0.0;3.0;4836.0


8.4;0.0;0.0;3.0;4836.0


0.0;0.1;0.0;3.0;4836.0


0.0;0.3;0.0;4.0;4836.0


9.5;1229.8;53.8;4.0;4836.0


8.4;262.2;11.7;2.0;4836.0


8.4;0.0;0.0;3.0;4836.0


8.3;0.0;0.0;4.0;4836.0


8.4;0.0;0.0;2.0;4836.0


8.3;0.0;0.0;3.0;4836.0


8.4;0.0;0.0;3.0;4836.0


8.3;0.0;0.0;4.0;4836.0


8.4;0.0;0.0;3.0;4836.0


8.4;0.0;0.0;3.0;4836.0


8.3;0.0;0.0;4.0;4836.0


8.3;0.0;0.0;3.0;4836.0


8.3;0.0;0.0;2.0;4836.0


8.3;0.0;0.0;3.0;4836.0


8.4;0.0;0.0;4.0;4836.0


8.3;0.0;0.0;3.0;4836.0


8.4;0.0;0.0;3.0;4836.0


8.3;0.0;0.0;3.0;4836.0


8.3;0.0;0.0;3.0;4836.0


8.4;0.0;0.0;3.0;4836.0


8.4;0.0;0.0;3.0;4836.0


8.4;0.0;0.0;4.0;4836.0


8.3;1.0;0.3;3.0;4836.0


8.3;0.0;0.0;4.0;4836.0


8.3;0.0;0.0;3.0;4836.0


8.3;0.0;0.0;3.0;4836.0


8.4;0.0;0.0;3.0;4836.0


8.3;0.0;0.0;2.0;4836.0


8.4;0.0;0.0;3.0;4836.0


8.3;0.0;0.0;3.0;4836.0


8.3;0.0;0.0;4.0;4836.0


8.4;0.0;0.0;3.0;4836.0


