8.4;0.4;0.0;0.0;475.0


8.4;128.6;7.6;0.0;475.0


8.3;93.2;7.4;0.0;475.0


3.1;83.8;8.3;1.0;475.0


0.0;0.3;0.0;0.0;475.0


4.2;26.2;1.0;1.0;475.0


8.4;2.3;0.2;5.0;626.0


8.3;0.0;0.0;5.0;766.0


8.3;0.0;0.0;5.0;902.0


8.3;0.0;0.0;6.0;1024.0


8.3;0.2;0.0;4.0;1178.0


8.3;70.2;67.7;4.0;1280.0


8.3;84.8;353.6;24.0;1834.0


3.6;0.1;0.0;32.0;1834.0


0.0;0.3;0.0;0.0;1834.0


6.2;220.6;9.5;0.0;1834.0


8.4;1264.8;55.6;0.0;1834.0


8.3;5.6;0.5;0.0;1834.0


8.4;0.0;0.0;0.0;1834.0


8.4;0.0;0.0;0.0;1834.0


8.4;0.0;0.0;1.0;1834.0


8.3;0.0;0.0;0.0;1834.0


8.3;0.0;0.0;0.0;1834.0


8.3;0.0;0.0;0.0;1834.0


8.3;0.0;0.0;0.0;1834.0


8.4;0.0;0.0;0.0;1834.0


8.3;0.0;0.0;0.0;1834.0


8.4;0.0;0.0;0.0;1834.0


8.4;0.0;0.0;0.0;1834.0


8.3;0.0;0.0;0.0;1834.0


8.4;0.0;0.0;0.0;1834.0


8.3;0.0;0.0;0.0;1834.0


8.4;0.0;0.0;0.0;1834.0


8.4;0.0;0.0;0.0;1834.0


8.4;0.0;0.0;1.0;1834.0


8.4;0.0;0.0;0.0;1834.0


8.3;0.0;0.0;1.0;1834.0


0.0;0.1;0.0;0.0;1834.0


0.0;0.3;0.0;0.0;1834.0


6.0;562.4;24.4;0.0;1834.0


8.3;929.0;40.8;0.0;1834.0


8.3;1.0;0.3;0.0;1834.0


8.4;0.0;0.0;0.0;1834.0


8.3;0.0;0.0;1.0;1834.0


8.3;0.0;0.0;0.0;1834.0


8.3;0.0;0.0;0.0;1834.0


8.3;0.0;0.0;0.0;1834.0


8.3;0.0;0.0;0.0;1834.0


8.3;0.0;0.0;0.0;1834.0


8.4;0.0;0.0;0.0;1834.0


8.3;0.0;0.0;1.0;1834.0


8.3;0.0;0.0;0.0;1834.0


8.4;0.0;0.0;0.0;1834.0


8.3;0.0;0.0;0.0;1834.0


8.4;0.0;0.0;0.0;1834.0


8.3;0.0;0.0;0.0;1834.0


8.4;0.0;0.0;0.0;1834.0


8.3;0.0;0.0;1.0;1834.0


8.3;0.0;0.0;0.0;1834.0


8.3;0.0;0.0;0.0;1834.0


8.3;0.0;0.0;0.0;1834.0


8.3;1.0;0.3;0.0;1834.0


8.3;0.0;0.0;0.0;1834.0


8.4;0.0;0.0;0.0;1834.0


8.4;0.0;0.0;0.0;1834.0


8.3;0.0;0.0;0.0;1834.0


8.4;0.0;0.0;0.0;1834.0


8.3;0.0;0.0;0.0;1834.0


8.4;0.0;0.0;0.0;1834.0


8.4;0.0;0.0;1.0;1834.0


8.3;0.0;0.0;1.0;1834.0


8.4;0.0;0.0;7.0;1930.0


8.3;0.2;0.0;41.0;2010.0


8.3;0.0;0.0;32.0;2110.0


8.3;0.0;0.0;33.0;2208.0


8.4;0.0;0.0;40.0;2308.0


8.3;0.0;0.0;31.0;4810.0


50.2;0.0;0.0;38.0;4810.0


8.4;0.0;0.0;54.0;4810.0


8.3;0.0;0.0;53.0;4810.0


8.3;0.0;0.0;54.0;4810.0


8.3;0.0;0.0;53.0;4810.0


8.3;0.0;0.0;53.0;4810.0


8.3;0.0;0.0;54.0;4810.0


8.3;0.0;0.0;54.0;4810.0


8.4;0.0;0.0;54.0;4810.0


8.4;0.0;0.0;54.0;4810.0


8.3;0.0;0.0;54.0;4810.0


8.4;0.0;0.0;54.0;4810.0


8.3;0.0;0.0;54.0;4810.0


0.0;10.6;0.8;0.0;4810.0


0.0;0.3;0.0;0.0;4810.0


7.2;486.0;21.1;1.0;4810.0


8.3;1005.5;44.2;0.0;4810.0


8.3;1.0;0.3;0.0;4810.0


8.3;0.0;0.0;0.0;4810.0


8.3;0.0;0.0;0.0;4810.0


8.3;0.0;0.0;0.0;4810.0


8.3;0.0;0.0;0.0;4810.0


8.4;0.0;0.0;0.0;4810.0


8.4;0.0;0.0;0.0;4810.0


8.3;0.0;0.0;0.0;4810.0


8.4;0.0;0.0;0.0;4810.0


8.3;0.0;0.0;0.0;4810.0


8.4;0.0;0.0;0.0;4810.0


8.4;0.0;0.0;0.0;4810.0


8.3;0.0;0.0;0.0;4810.0


8.4;0.0;0.0;0.0;4810.0


8.3;0.0;0.0;0.0;4810.0


8.4;0.0;0.0;0.0;4810.0


8.3;0.0;0.0;0.0;4810.0


8.4;0.0;0.0;0.0;4810.0


8.3;0.0;0.0;0.0;4810.0


8.3;0.0;0.0;0.0;4810.0


1.2;0.1;0.0;0.0;4810.0


0.0;0.3;0.0;0.0;4810.0


10.8;570.4;24.8;1.0;4810.0


8.3;921.7;40.5;0.0;4810.0


8.3;1.0;0.3;0.0;4810.0


8.4;0.0;0.0;0.0;4810.0


8.3;0.0;0.0;0.0;4810.0


8.4;0.0;0.0;0.0;4810.0


8.4;0.0;0.0;0.0;4810.0


8.3;0.0;0.0;0.0;4810.0


8.4;0.0;0.0;0.0;4810.0


8.3;0.0;0.0;0.0;4810.0


8.4;0.0;0.0;0.0;4810.0


8.3;0.0;0.0;0.0;4810.0


8.3;0.0;0.0;0.0;4810.0


8.3;0.0;0.0;0.0;4810.0


8.3;0.0;0.0;0.0;4810.0


8.3;0.0;0.0;0.0;4810.0


8.3;0.0;0.0;0.0;4810.0


8.3;0.0;0.0;0.0;4810.0


8.3;0.0;0.0;0.0;4810.0


8.4;0.0;0.0;0.0;4810.0


8.4;0.0;0.0;0.0;4810.0


8.3;0.0;0.0;0.0;4810.0


8.4;1.0;0.3;0.0;4810.0


8.3;0.0;0.0;0.0;4810.0


8.4;0.0;0.0;0.0;4810.0


8.4;0.0;0.0;0.0;4810.0


8.3;0.0;0.0;0.0;4810.0


8.4;0.0;0.0;0.0;4810.0


8.3;0.0;0.0;0.0;4810.0


8.4;0.0;0.0;0.0;4810.0


8.3;0.0;0.0;0.0;4810.0


8.4;0.0;0.0;0.0;4810.0


8.3;0.0;0.0;28.0;4832.0


8.3;0.0;0.0;43.0;4832.0


8.4;0.0;0.0;43.0;4832.0


8.3;0.0;0.0;43.0;4832.0


50.2;0.0;0.0;46.0;4832.0


8.4;0.0;0.0;55.0;4832.0


8.3;0.0;0.0;54.0;4832.0


8.4;0.0;0.0;54.0;4832.0


8.3;0.0;0.0;54.0;4832.0


8.4;0.0;0.0;54.0;4832.0


8.4;0.0;0.0;55.0;4832.0


8.4;0.0;0.0;55.0;4832.0


8.4;0.0;0.0;54.0;4832.0


8.3;0.0;0.0;54.0;4832.0


8.4;0.0;0.0;55.0;4832.0


8.3;0.0;0.0;55.0;4832.0


8.3;0.0;0.0;55.0;4832.0


0.0;10.6;0.8;0.0;4832.0


0.0;0.3;0.0;0.0;4832.0


10.4;555.4;24.2;0.0;4832.0


8.3;934.7;41.1;0.0;4832.0


8.3;1.0;0.3;0.0;4832.0


8.3;0.0;0.0;0.0;4832.0


8.3;0.0;0.0;0.0;4832.0


8.4;0.0;0.0;0.0;4832.0


8.3;0.0;0.0;0.0;4832.0


8.4;0.0;0.0;0.0;4832.0


8.3;0.0;0.0;0.0;4832.0


8.4;0.0;0.0;0.0;4832.0


8.4;0.0;0.0;0.0;4832.0


8.3;0.0;0.0;1.0;4832.0


8.4;0.0;0.0;1.0;4832.0


8.3;0.0;0.0;1.0;4832.0


8.4;0.0;0.0;1.0;4832.0


8.3;0.0;0.0;1.0;4832.0


8.4;0.0;0.0;1.0;4832.0


8.4;0.0;0.0;3.0;4832.0


8.3;0.0;0.0;3.0;4832.0


8.3;0.0;0.0;3.0;4832.0


8.3;0.0;0.0;2.0;4832.0


8.3;0.0;0.0;2.0;4832.0


0.0;0.1;0.0;3.0;4832.0


0.0;0.3;0.0;4.0;4832.0


9.6;557.1;24.2;3.0;4832.0


8.3;934.6;41.0;4.0;4832.0


8.3;1.0;0.3;4.0;4832.0


8.4;0.0;0.0;4.0;4832.0


8.4;0.0;0.0;3.0;4832.0


8.4;0.0;0.0;3.0;4832.0


8.3;0.0;0.0;3.0;4832.0


8.3;0.0;0.0;3.0;4832.0


8.3;0.0;0.0;4.0;4832.0


8.3;0.0;0.0;3.0;4832.0


8.3;0.0;0.0;4.0;4832.0


8.3;0.0;0.0;4.0;4832.0


8.3;0.0;0.0;4.0;4832.0


8.3;0.0;0.0;3.0;4832.0


8.4;0.0;0.0;3.0;4832.0


8.3;0.0;0.0;3.0;4832.0


8.3;0.0;0.0;3.0;4832.0


8.4;0.0;0.0;4.0;4832.0


8.3;0.0;0.0;3.0;4832.0


8.4;0.0;0.0;3.0;4832.0


8.3;0.0;0.0;2.0;4832.0


8.3;0.0;0.0;3.0;4832.0


8.4;1.0;0.3;2.0;4832.0


8.3;0.0;0.0;2.0;4832.0


8.4;0.0;0.0;3.0;4832.0


8.3;0.0;0.0;4.0;4832.0


8.3;0.0;0.0;3.0;4832.0


8.3;0.0;0.0;3.0;4832.0


8.4;0.0;0.0;4.0;4832.0


8.4;0.0;0.0;3.0;4832.0


8.3;0.0;0.0;3.0;4832.0


8.3;0.0;0.0;3.0;4832.0


8.3;0.0;0.0;12.0;4832.0


8.4;0.0;0.0;44.0;4832.0


8.4;0.0;0.0;43.0;4832.0


8.3;0.0;0.0;43.0;4832.0


32.2;0.0;0.0;43.0;4832.0


8.3;0.0;0.0;53.0;4832.0


8.4;0.0;0.0;52.0;4832.0


8.4;0.0;0.0;55.0;4832.0


8.4;0.0;0.0;54.0;4832.0


8.4;0.0;0.0;54.0;4832.0


8.3;0.0;0.0;53.0;4832.0


8.4;0.0;0.0;55.0;4832.0


8.3;0.0;0.0;54.0;4832.0


8.3;0.0;0.0;55.0;4832.0


8.3;0.0;0.0;55.0;4832.0


8.3;0.0;0.0;55.0;4832.0


8.3;0.0;0.0;55.0;4832.0


8.3;0.0;0.0;54.0;4832.0


0.0;10.6;0.8;0.0;4832.0


0.0;0.3;0.0;0.0;4832.0


9.4;1189.2;52.0;0.0;4832.0


8.4;302.5;13.5;0.0;4832.0


8.3;0.0;0.0;0.0;4832.0


8.4;0.0;0.0;0.0;4832.0


8.3;0.0;0.0;0.0;4832.0


8.4;0.0;0.0;0.0;4832.0


8.4;0.0;0.0;0.0;4832.0


8.3;0.0;0.0;0.0;4832.0


8.4;0.0;0.0;0.0;4832.0


8.3;0.0;0.0;0.0;4832.0


8.3;0.0;0.0;0.0;4832.0


8.3;0.0;0.0;0.0;4832.0


8.4;0.0;0.0;0.0;4832.0


8.3;0.0;0.0;0.0;4832.0


8.3;0.0;0.0;0.0;4832.0


8.3;0.0;0.0;0.0;4832.0


8.3;0.0;0.0;0.0;4832.0


8.3;0.0;0.0;0.0;4832.0


8.4;0.0;0.0;0.0;4832.0


8.3;0.0;0.0;0.0;4832.0


8.4;0.0;0.0;0.0;4832.0


8.4;0.0;0.0;0.0;4832.0


0.0;0.4;0.0;0.0;4832.0


2.8;173.9;7.4;0.0;4832.0


9.6;1316.1;57.8;0.0;4832.0


8.4;1.0;0.3;0.0;4832.0


8.3;0.0;0.0;0.0;4832.0


8.4;0.0;0.0;0.0;4832.0


8.3;0.0;0.0;0.0;4832.0


8.3;0.0;0.0;0.0;4832.0


8.4;0.0;0.0;0.0;4832.0


8.3;0.0;0.0;0.0;4832.0


8.4;0.0;0.0;0.0;4832.0


8.3;0.0;0.0;0.0;4832.0


8.3;0.0;0.0;0.0;4832.0


8.4;0.0;0.0;0.0;4832.0


8.3;0.0;0.0;0.0;4832.0


8.4;0.0;0.0;0.0;4832.0


8.3;0.0;0.0;0.0;4832.0


8.4;0.0;0.0;0.0;4832.0


8.3;0.0;0.0;0.0;4832.0


8.3;0.0;0.0;0.0;4832.0


8.4;0.0;0.0;0.0;4832.0


8.3;0.0;0.0;0.0;4832.0


8.3;0.0;0.0;0.0;4832.0


8.3;1.0;0.3;0.0;4832.0


8.3;0.0;0.0;0.0;4832.0


8.3;0.0;0.0;0.0;4832.0


8.4;0.0;0.0;0.0;4832.0


8.4;0.0;0.0;0.0;4832.0


8.3;0.0;0.0;0.0;4832.0


8.3;0.0;0.0;0.0;4832.0


8.3;0.0;0.0;0.0;4832.0


8.3;0.0;0.0;1.0;4832.0


8.4;0.0;0.0;1.0;4832.0


8.3;0.0;0.0;1.0;4832.0


8.3;0.0;0.0;45.0;4832.0


