8.3;7.8;0.9;0.0;437.0


8.3;127.8;7.6;0.0;437.0


6.0;94.2;7.4;0.0;437.0


3.6;83.8;8.3;1.0;437.0


0.0;0.3;0.0;1.0;437.0


4.8;25.3;1.0;1.0;437.0


8.4;2.3;0.2;3.0;580.0


8.4;0.0;0.0;8.0;710.0


8.3;0.0;0.0;7.0;850.0


8.4;0.0;0.0;9.0;980.0


8.3;0.2;0.0;6.0;1114.0


8.3;70.2;67.7;11.0;1226.0


8.3;84.8;353.6;33.0;1816.0


6.9;0.1;0.0;62.0;1816.0


1.2;0.3;0.0;0.0;1816.0


1.0;14.4;0.2;1.0;1816.0


0.0;0.3;0.0;0.0;1816.0


4.2;13.3;0.4;4.0;1888.0


8.3;1.2;0.3;44.0;2586.0


8.3;0.0;0.0;54.0;3338.0


8.3;0.0;0.0;41.0;4066.0


8.4;0.0;0.0;50.0;4798.0


8.3;0.0;0.0;41.0;5548.0


8.4;0.0;0.0;41.0;6828.0


1.2;0.0;0.0;37.0;6742.0


50.2;0.0;0.0;38.0;7158.0


8.4;0.0;0.0;52.0;7158.0


8.4;0.0;0.0;51.0;7158.0


8.4;0.0;0.0;51.0;7158.0


8.3;0.0;0.0;56.0;7158.0


8.3;0.0;0.0;55.0;7158.0


8.3;0.0;0.0;56.0;7158.0


8.3;0.0;0.0;46.0;7158.0


8.4;0.0;0.0;56.0;7158.0


8.3;0.0;0.0;51.0;7158.0


8.4;0.0;0.0;56.0;7158.0


8.4;0.0;0.0;56.0;7158.0


8.3;0.0;0.0;56.0;7158.0


8.4;0.0;0.0;47.0;7158.0


8.3;0.0;0.0;44.0;7158.0


0.0;10.6;0.8;1.0;7158.0


0.0;0.3;0.0;0.0;7158.0


0.0;14.0;0.2;0.0;7158.0


0.0;0.3;0.0;0.0;7158.0


8.4;16.4;0.7;44.0;7160.0


8.4;0.0;0.0;57.0;7160.0


8.3;0.0;0.0;57.0;7160.0


8.4;0.0;0.0;56.0;7160.0


49.9;0.0;0.0;48.0;7378.0


8.3;0.0;0.0;47.0;7378.0


8.4;0.0;0.0;45.0;7378.0


8.3;0.0;0.0;56.0;7378.0


8.3;0.0;0.0;42.0;7378.0


8.3;0.0;0.0;53.0;7378.0


8.3;0.0;0.0;39.0;7378.0


8.3;0.0;0.0;55.0;7378.0


8.3;0.0;0.0;55.0;7378.0


8.4;0.0;0.0;43.0;7378.0


8.4;0.0;0.0;56.0;7378.0


8.3;0.0;0.0;41.0;7378.0


8.4;0.0;0.0;47.0;7378.0


8.3;0.0;0.0;49.0;7378.0


8.4;0.0;0.0;56.0;7378.0


8.4;0.0;0.0;56.0;7378.0


0.0;10.6;0.8;1.0;7378.0


0.0;0.3;0.0;1.0;7378.0


0.0;15.4;0.2;0.0;7378.0


0.0;0.3;0.0;0.0;7378.0


7.1;15.6;0.7;42.0;7378.0


8.3;0.0;0.0;57.0;7378.0


8.3;0.0;0.0;58.0;7378.0


8.4;0.0;0.0;57.0;7378.0


50.0;0.0;0.0;35.0;7378.0


8.3;0.0;0.0;56.0;7378.0


8.4;0.0;0.0;45.0;7378.0


8.3;0.0;0.0;53.0;7378.0


8.4;0.0;0.0;51.0;7378.0


8.4;0.0;0.0;54.0;7378.0


8.3;0.0;0.0;55.0;7378.0


8.4;0.0;0.0;55.0;7378.0


8.3;0.0;0.0;54.0;7378.0


8.4;0.0;0.0;50.0;7378.0


8.3;0.0;0.0;44.0;7378.0


8.4;0.0;0.0;56.0;7378.0


8.3;0.0;0.0;55.0;7378.0


8.3;0.0;0.0;56.0;7378.0


8.4;0.0;0.0;52.0;7378.0


0.0;10.6;0.8;1.0;7378.0


0.0;0.3;0.0;0.0;7378.0


0.0;13.8;0.2;1.0;7378.0


0.0;0.3;0.0;1.0;7378.0


8.4;16.0;0.7;3.0;7378.0


8.3;0.0;0.0;57.0;7378.0


8.4;0.0;0.0;57.0;7378.0


8.4;0.0;0.0;57.0;7378.0


50.2;0.0;0.0;42.0;7378.0


8.4;0.0;0.0;55.0;7378.0


8.3;0.0;0.0;55.0;7378.0


8.4;0.0;0.0;48.0;7378.0


8.3;0.0;0.0;48.0;7378.0


8.3;0.0;0.0;50.0;7378.0


8.3;0.0;0.0;47.0;7378.0


8.3;0.0;0.0;56.0;7378.0


8.3;0.0;0.0;40.0;7378.0


8.3;0.0;0.0;56.0;7378.0


8.3;0.0;0.0;56.0;7378.0


8.3;0.0;0.0;46.0;7378.0


8.4;0.0;0.0;56.0;7378.0


8.4;0.0;0.0;56.0;7378.0


8.3;0.0;0.0;27.0;7378.0


8.4;0.0;0.0;37.0;7378.0


0.0;10.6;0.8;0.0;7378.0


0.0;0.3;0.0;0.0;7378.0


0.0;14.1;0.2;1.0;7378.0


0.0;0.3;0.0;0.0;7378.0


8.4;14.5;0.7;57.0;7378.0


8.3;0.0;0.0;57.0;7378.0


8.4;0.0;0.0;57.0;7378.0


8.3;0.0;0.0;49.0;7378.0


50.2;0.0;0.0;37.0;7378.0


8.4;0.0;0.0;51.0;7378.0


8.3;0.0;0.0;55.0;7378.0


8.3;0.0;0.0;55.0;7378.0


8.3;0.0;0.0;56.0;7378.0


8.3;0.0;0.0;52.0;7378.0


8.4;0.0;0.0;40.0;7378.0


8.3;0.0;0.0;56.0;7378.0


8.4;0.0;0.0;54.0;7378.0


8.3;0.0;0.0;56.0;7378.0


8.4;0.0;0.0;54.0;7378.0


8.4;0.0;0.0;52.0;7378.0


8.4;0.0;0.0;56.0;7378.0


8.4;0.0;0.0;56.0;7378.0


8.3;0.0;0.0;50.0;7378.0


3.6;10.6;0.8;3.0;7378.0


0.0;0.3;0.0;0.0;7378.0


0.0;15.3;0.2;0.0;7378.0


0.0;0.3;0.0;0.0;7378.0


3.6;15.4;0.4;0.0;7378.0


8.3;1.0;0.3;57.0;7378.0


8.3;0.0;0.0;57.0;7378.0


8.3;0.0;0.0;57.0;7378.0


8.4;0.0;0.0;56.0;7378.0


29.2;0.0;0.0;53.0;7378.0


7.0;0.0;0.0;52.0;7378.0


8.3;0.0;0.0;56.0;7378.0


8.4;0.0;0.0;56.0;7378.0


8.3;0.0;0.0;54.0;7378.0


8.4;0.0;0.0;50.0;7378.0


8.4;0.0;0.0;56.0;7378.0


8.3;0.0;0.0;55.0;7378.0


8.4;0.0;0.0;55.0;7378.0


8.3;0.0;0.0;55.0;7378.0


8.3;0.0;0.0;43.0;7378.0


8.3;0.0;0.0;56.0;7378.0


8.4;0.0;0.0;40.0;7378.0


8.4;0.0;0.0;55.0;7378.0


5.5;10.6;0.8;36.0;7378.0


0.0;0.3;0.0;0.0;7378.0


0.0;14.3;0.2;0.0;7378.0


1.2;0.3;0.0;0.0;7378.0


4.8;14.6;0.4;0.0;7378.0


8.3;1.0;0.3;45.0;7378.0


8.4;0.0;0.0;58.0;7378.0


8.4;0.0;0.0;54.0;7378.0


8.4;0.0;0.0;58.0;7378.0


50.2;0.0;0.0;52.0;7378.0


8.4;0.0;0.0;55.0;7378.0


8.4;0.0;0.0;54.0;7378.0


8.3;0.0;0.0;49.0;7378.0


8.4;0.0;0.0;55.0;7378.0


8.3;0.0;0.0;46.0;7378.0


8.3;0.0;0.0;46.0;7378.0


8.4;0.0;0.0;56.0;7378.0


8.3;0.0;0.0;47.0;7378.0


8.4;0.0;0.0;47.0;7378.0


8.3;0.0;0.0;53.0;7378.0


8.4;0.0;0.0;55.0;7378.0


8.4;0.0;0.0;55.0;7378.0


8.3;0.0;0.0;55.0;7378.0


8.4;0.0;0.0;56.0;7378.0


0.0;10.6;0.8;0.0;7378.0


0.0;0.3;0.0;1.0;7378.0


0.0;15.7;0.2;1.0;7378.0


0.0;0.3;0.0;0.0;7378.0


8.4;16.2;0.7;46.0;7378.0


8.3;0.0;0.0;57.0;7378.0


8.3;0.0;0.0;52.0;7378.0


8.3;0.0;0.0;58.0;7378.0


50.2;0.0;0.0;40.0;7378.0


8.3;0.0;0.0;55.0;7378.0


8.4;0.0;0.0;51.0;7378.0


8.4;0.0;0.0;44.0;7378.0


8.3;0.0;0.0;54.0;7378.0


8.3;0.0;0.0;42.0;7378.0


8.3;0.0;0.0;55.0;7378.0


8.3;0.0;0.0;56.0;7378.0


8.4;0.0;0.0;54.0;7378.0


8.3;0.0;0.0;56.0;7378.0


8.4;0.0;0.0;46.0;7378.0


8.3;0.0;0.0;55.0;7378.0


8.4;0.0;0.0;56.0;7378.0


8.4;0.0;0.0;56.0;7378.0


8.4;0.0;0.0;42.0;7378.0


0.0;10.6;0.8;0.0;7378.0


0.0;0.3;0.0;0.0;7378.0


0.0;14.1;0.2;1.0;7378.0


0.0;0.3;0.0;1.0;7378.0


6.9;16.3;0.7;24.0;7378.0


8.4;0.0;0.0;57.0;7378.0


8.3;0.0;0.0;57.0;7378.0


8.4;0.0;0.0;57.0;7378.0


49.7;0.0;0.0;35.0;7378.0


8.3;0.0;0.0;55.0;7378.0


8.4;0.0;0.0;43.0;7378.0


8.3;0.0;0.0;52.0;7378.0


8.4;0.0;0.0;55.0;7378.0


8.3;0.0;0.0;55.0;7378.0


8.4;0.0;0.0;51.0;7378.0


8.3;0.0;0.0;45.0;7378.0


8.3;0.0;0.0;47.0;7378.0


8.4;0.0;0.0;45.0;7378.0


8.3;0.0;0.0;56.0;7378.0


8.3;0.0;0.0;49.0;7378.0


8.3;0.0;0.0;47.0;7378.0


8.3;0.0;0.0;44.0;7378.0


8.3;0.0;0.0;55.0;7378.0


8.3;0.0;0.0;55.0;7378.0


0.0;10.6;0.8;15.0;7378.0


0.0;0.3;0.0;0.0;7378.0


0.0;14.4;0.2;0.0;7378.0


0.0;0.3;0.0;0.0;7378.0


8.3;16.1;0.7;44.0;7378.0


8.4;0.0;0.0;58.0;7378.0


8.3;0.0;0.0;57.0;7378.0


8.4;0.0;0.0;57.0;7378.0


20.3;0.0;0.0;54.0;7378.0


20.3;0.0;0.0;53.0;7378.0


8.4;0.0;0.0;56.0;7378.0


8.4;0.0;0.0;54.0;7378.0


8.4;0.0;0.0;46.0;7378.0


8.3;0.0;0.0;45.0;7378.0


8.3;0.0;0.0;55.0;7378.0


8.3;0.0;0.0;47.0;7378.0


8.3;0.0;0.0;55.0;7378.0


8.4;0.0;0.0;45.0;7378.0


8.3;0.0;0.0;55.0;7378.0


8.4;0.0;0.0;56.0;7378.0


8.3;0.0;0.0;54.0;7378.0


8.3;0.0;0.0;56.0;7378.0


8.4;0.0;0.0;55.0;7378.0


8.3;0.0;0.0;56.0;7378.0


0.0;10.6;0.8;1.0;7378.0


0.0;0.3;0.0;0.0;7378.0


0.0;14.0;0.2;1.0;7378.0


0.0;0.3;0.0;1.0;7378.0


6.9;16.2;0.7;45.0;7378.0


8.4;0.0;0.0;57.0;7378.0


8.3;0.0;0.0;58.0;7378.0


8.3;0.0;0.0;58.0;7378.0


22.2;0.0;0.0;44.0;7378.0


8.4;0.0;0.0;52.0;7378.0


8.4;0.0;0.0;40.0;7378.0


8.3;0.0;0.0;43.0;7378.0


8.3;0.0;0.0;55.0;7378.0


8.3;0.0;0.0;55.0;7378.0


8.3;0.0;0.0;55.0;7378.0


8.3;0.0;0.0;55.0;7378.0


8.3;0.0;0.0;54.0;7378.0


8.4;0.0;0.0;55.0;7378.0


8.3;0.0;0.0;41.0;7378.0


8.4;0.0;0.0;56.0;7378.0


8.4;0.0;0.0;55.0;7378.0


8.3;0.0;0.0;47.0;7378.0


8.4;0.0;0.0;49.0;7378.0


8.4;0.0;0.0;46.0;7378.0


0.0;10.6;0.8;1.0;7378.0


0.0;0.3;0.0;0.0;7378.0


0.0;14.3;0.2;1.0;7378.0


0.0;0.3;0.0;0.0;7378.0


8.3;15.8;0.7;16.0;7378.0


8.4;0.0;0.0;57.0;7378.0


8.3;0.0;0.0;57.0;7378.0


8.4;0.0;0.0;57.0;7378.0


8.3;0.0;0.0;54.0;7378.0


32.0;0.0;0.0;41.0;7378.0


8.4;0.0;0.0;56.0;7378.0


8.3;0.0;0.0;51.0;7378.0


8.4;0.0;0.0;56.0;7378.0


8.4;0.0;0.0;51.0;7378.0


8.4;0.0;0.0;45.0;7378.0


8.4;0.0;0.0;53.0;7378.0


8.3;0.0;0.0;41.0;7378.0


8.4;0.0;0.0;55.0;7378.0


8.3;0.0;0.0;43.0;7378.0


8.3;0.0;0.0;45.0;7378.0


8.3;0.0;0.0;56.0;7378.0


8.3;0.0;0.0;55.0;7378.0


8.3;0.0;0.0;55.0;7378.0


8.3;0.0;0.0;47.0;7378.0


