8.3;7.8;0.9;1.0;504.0


8.4;127.8;7.6;1.0;504.0


8.4;94.2;7.4;1.0;504.0


4.8;83.8;8.3;1.0;504.0


0.0;0.3;0.0;1.0;504.0


4.7;24.6;1.0;1.0;504.0


8.3;2.3;0.2;6.0;657.0


8.3;0.0;0.0;6.0;797.0


8.3;0.0;0.0;6.0;935.0


8.4;0.0;0.0;8.0;1057.0


8.3;0.2;0.0;5.0;1187.0


8.4;70.2;67.7;6.0;1293.0


8.3;72.5;338.5;28.0;1873.0


50.2;12.3;15.1;76.0;1989.0


0.0;0.1;0.0;0.0;1989.0


0.0;0.3;0.0;1.0;1989.0


0.0;13.4;0.2;1.0;1989.0


0.0;0.3;0.0;0.0;1989.0


7.2;16.3;0.7;56.0;2169.0


8.4;0.0;0.0;45.0;2921.0


8.3;0.0;0.0;41.0;3675.0


8.4;0.0;0.0;55.0;4407.0


8.3;0.0;0.0;41.0;5157.0


8.3;0.0;0.0;50.0;5889.0


8.3;0.0;0.0;47.0;6611.0


49.9;0.0;0.0;47.0;7211.0


8.3;0.0;0.0;40.0;7211.0


8.4;0.0;0.0;52.0;7211.0


8.3;0.0;0.0;57.0;7211.0


8.4;0.0;0.0;57.0;7211.0


8.4;0.0;0.0;53.0;7211.0


8.3;0.0;0.0;55.0;7211.0


8.3;0.0;0.0;56.0;7211.0


8.3;0.0;0.0;46.0;7211.0


8.4;0.0;0.0;55.0;7211.0


8.3;0.0;0.0;56.0;7211.0


8.3;0.0;0.0;50.0;7211.0


8.3;0.0;0.0;54.0;7211.0


8.3;0.0;0.0;45.0;7211.0


8.4;0.0;0.0;56.0;7211.0


6.2;10.6;0.8;12.0;7211.0


0.0;0.3;0.0;1.0;7211.0


0.0;14.8;0.2;1.0;7211.0


0.0;0.3;0.0;0.0;7211.0


5.2;16.0;0.7;0.0;7213.0


8.3;0.0;0.0;58.0;7213.0


8.4;0.0;0.0;51.0;7213.0


8.3;0.0;0.0;58.0;7213.0


8.3;0.0;0.0;57.0;7215.0


43.8;0.0;0.0;54.0;7215.0


8.3;0.0;0.0;51.0;7215.0


8.4;0.0;0.0;53.0;7215.0


8.4;0.0;0.0;57.0;7215.0


8.4;0.0;0.0;50.0;7215.0


8.3;0.0;0.0;50.0;7215.0


8.3;0.0;0.0;41.0;7215.0


8.3;0.0;0.0;50.0;7215.0


8.3;0.0;0.0;52.0;7215.0


8.3;0.0;0.0;56.0;7215.0


8.3;0.0;0.0;52.0;7215.0


8.4;0.0;0.0;41.0;7215.0


8.4;0.0;0.0;43.0;7215.0


8.3;0.0;0.0;57.0;7215.0


8.4;0.0;0.0;42.0;7215.0


0.0;10.6;0.8;0.0;7215.0


0.0;0.3;0.0;1.0;7215.0


0.0;14.5;0.2;1.0;7215.0


0.0;0.3;0.0;1.0;7215.0


7.2;14.9;0.7;45.0;7215.0


8.3;0.0;0.0;58.0;7215.0


8.4;0.0;0.0;58.0;7215.0


8.3;0.0;0.0;58.0;7215.0


50.2;0.0;0.0;44.0;7431.0


8.3;0.0;0.0;57.0;7431.0


8.3;0.0;0.0;57.0;7431.0


8.4;0.0;0.0;47.0;7431.0


8.3;0.0;0.0;57.0;7431.0


8.3;0.0;0.0;50.0;7431.0


8.3;0.0;0.0;46.0;7431.0


8.3;0.0;0.0;56.0;7431.0


8.3;0.0;0.0;46.0;7431.0


8.3;0.0;0.0;57.0;7431.0


8.4;0.0;0.0;57.0;7431.0


8.4;0.0;0.0;52.0;7431.0


8.3;0.0;0.0;57.0;7431.0


8.4;0.0;0.0;47.0;7431.0


8.3;0.0;0.0;57.0;7431.0


0.0;10.6;0.8;0.0;7431.0


0.0;0.3;0.0;0.0;7431.0


0.0;14.6;0.2;1.0;7431.0


0.0;0.3;0.0;0.0;7431.0


8.3;15.9;0.7;40.0;7431.0


8.3;0.0;0.0;57.0;7431.0


8.3;0.0;0.0;58.0;7431.0


8.3;0.0;0.0;62.0;7431.0


49.7;0.0;0.0;43.0;7431.0


8.4;0.0;0.0;57.0;7431.0


8.4;0.0;0.0;56.0;7431.0


8.3;0.0;0.0;56.0;7431.0


8.4;0.0;0.0;55.0;7431.0


8.3;0.0;0.0;42.0;7431.0


8.4;0.0;0.0;57.0;7431.0


8.4;0.0;0.0;47.0;7431.0


8.3;0.0;0.0;50.0;7431.0


8.4;0.0;0.0;56.0;7431.0


8.3;0.0;0.0;54.0;7431.0


8.3;0.0;0.0;56.0;7431.0


8.3;0.0;0.0;41.0;7431.0


8.4;0.0;0.0;53.0;7431.0


8.3;0.0;0.0;47.0;7431.0


0.0;10.6;0.8;0.0;7431.0


0.0;0.3;0.0;1.0;7431.0


0.0;14.7;0.2;0.0;7431.0


0.0;0.3;0.0;0.0;7431.0


8.4;15.7;0.7;39.0;7431.0


8.3;0.0;0.0;58.0;7431.0


8.4;0.0;0.0;57.0;7431.0


8.3;0.0;0.0;57.0;7431.0


50.2;0.0;0.0;40.0;7431.0


8.4;0.0;0.0;47.0;7431.0


8.3;0.0;0.0;56.0;7431.0


8.4;0.0;0.0;43.0;7431.0


8.3;0.0;0.0;56.0;7431.0


8.4;0.0;0.0;51.0;7431.0


8.3;0.0;0.0;56.0;7431.0


8.3;0.0;0.0;52.0;7431.0


8.3;0.0;0.0;48.0;7431.0


8.3;0.0;0.0;43.0;7431.0


8.3;0.0;0.0;49.0;7431.0


8.3;0.0;0.0;53.0;7431.0


8.3;0.0;0.0;56.0;7431.0


8.3;0.0;0.0;56.0;7431.0


7.2;0.0;0.0;51.0;7431.0


7.2;10.6;0.8;7.0;7431.0


0.0;0.3;0.0;0.0;7431.0


0.0;15.2;0.2;0.0;7431.0


1.2;0.3;0.0;1.0;7431.0


4.8;15.2;0.4;0.0;7431.0


8.4;1.0;0.3;58.0;7431.0


8.3;0.0;0.0;58.0;7431.0


8.4;0.0;0.0;58.0;7431.0


8.3;0.0;0.0;60.0;7431.0


29.2;0.0;0.0;54.0;7431.0


8.3;0.0;0.0;51.0;7431.0


8.4;0.0;0.0;46.0;7431.0


8.4;0.0;0.0;57.0;7431.0


8.3;0.0;0.0;56.0;7431.0


8.3;0.0;0.0;56.0;7431.0


8.3;0.0;0.0;55.0;7431.0


8.3;0.0;0.0;48.0;7431.0


8.4;0.0;0.0;57.0;7431.0


8.3;0.0;0.0;56.0;7431.0


8.4;0.0;0.0;56.0;7431.0


8.3;0.0;0.0;56.0;7431.0


8.4;0.0;0.0;47.0;7431.0


8.4;0.0;0.0;49.0;7431.0


6.0;10.6;0.8;36.0;7431.0


0.0;0.3;0.0;0.0;7431.0


1.0;14.5;0.2;0.0;7431.0


0.0;0.3;0.0;0.0;7431.0


4.7;14.4;0.4;4.0;7431.0


8.3;1.0;0.3;58.0;7431.0


8.4;0.0;0.0;58.0;7431.0


8.3;0.0;0.0;57.0;7431.0


8.4;0.0;0.0;65.0;7431.0


26.0;0.0;0.0;47.0;7431.0


8.3;0.0;0.0;56.0;7431.0


8.4;0.0;0.0;55.0;7431.0


8.3;0.0;0.0;41.0;7431.0


8.4;0.0;0.0;56.0;7431.0


8.3;0.0;0.0;45.0;7431.0


8.4;0.0;0.0;54.0;7431.0


8.3;0.0;0.0;56.0;7431.0


8.3;0.0;0.0;47.0;7431.0


8.4;0.0;0.0;57.0;7431.0


8.3;0.0;0.0;57.0;7431.0


8.4;0.0;0.0;56.0;7431.0


8.3;0.0;0.0;56.0;7431.0


8.3;0.0;0.0;42.0;7431.0


0.0;10.6;0.8;1.0;7431.0


0.0;0.3;0.0;1.0;7431.0


0.0;15.0;0.2;0.0;7431.0


0.0;0.3;0.0;0.0;7431.0


8.3;15.2;0.7;14.0;7431.0


8.3;0.0;0.0;58.0;7431.0


8.3;0.0;0.0;58.0;7431.0


8.4;0.0;0.0;57.0;7431.0


29.1;0.0;0.0;45.0;7431.0


8.4;0.0;0.0;55.0;7431.0


8.4;0.0;0.0;56.0;7431.0


8.4;0.0;0.0;56.0;7431.0


8.4;0.0;0.0;52.0;7431.0


8.4;0.0;0.0;41.0;7431.0


8.4;0.0;0.0;56.0;7431.0


8.3;0.0;0.0;56.0;7431.0


8.3;0.0;0.0;56.0;7431.0


8.3;0.0;0.0;55.0;7431.0


8.3;0.0;0.0;41.0;7431.0


8.4;0.0;0.0;56.0;7431.0


8.3;0.0;0.0;46.0;7431.0


8.4;0.0;0.0;42.0;7431.0


8.3;0.0;0.0;57.0;7431.0


8.3;0.0;0.0;47.0;7431.0


0.0;10.6;0.8;0.0;7431.0


0.0;0.3;0.0;0.0;7431.0


0.0;13.8;0.2;0.0;7431.0


0.0;0.3;0.0;0.0;7431.0


8.4;16.6;0.7;42.0;7431.0


8.4;0.0;0.0;58.0;7431.0


8.3;0.0;0.0;57.0;7431.0


8.4;0.0;0.0;57.0;7431.0


50.0;0.0;0.0;52.0;7431.0


8.3;0.0;0.0;49.0;7431.0


8.4;0.0;0.0;48.0;7431.0


8.3;0.0;0.0;41.0;7431.0


8.3;0.0;0.0;57.0;7431.0


8.4;0.0;0.0;56.0;7431.0


8.3;0.0;0.0;57.0;7431.0


8.4;0.0;0.0;56.0;7431.0


8.3;0.0;0.0;48.0;7431.0


8.4;0.0;0.0;56.0;7431.0


8.3;0.0;0.0;43.0;7431.0


8.3;0.0;0.0;57.0;7431.0


8.4;0.0;0.0;51.0;7431.0


8.3;0.0;0.0;44.0;7431.0


8.3;0.0;0.0;57.0;7431.0


0.0;10.6;0.8;1.0;7431.0


0.0;0.3;0.0;0.0;7431.0


0.0;13.6;0.2;0.0;7431.0


0.0;0.3;0.0;0.0;7431.0


8.3;16.7;0.7;44.0;7431.0


8.3;0.0;0.0;58.0;7431.0


8.3;0.0;0.0;57.0;7431.0


8.3;0.0;0.0;58.0;7431.0


8.3;0.0;0.0;49.0;7431.0


36.4;0.0;0.0;50.0;7431.0


8.3;0.0;0.0;54.0;7431.0


8.4;0.0;0.0;57.0;7431.0


8.3;0.0;0.0;56.0;7431.0


8.3;0.0;0.0;55.0;7431.0


8.4;0.0;0.0;56.0;7431.0


8.4;0.0;0.0;57.0;7431.0


8.4;0.0;0.0;57.0;7431.0


8.3;0.0;0.0;56.0;7431.0


8.3;0.0;0.0;57.0;7431.0


8.3;0.0;0.0;55.0;7431.0


8.3;0.0;0.0;57.0;7431.0


8.4;0.0;0.0;57.0;7431.0


8.3;0.0;0.0;57.0;7431.0


0.0;10.6;0.8;1.0;7431.0


0.0;0.3;0.0;0.0;7431.0


0.0;14.6;0.2;0.0;7431.0


0.0;0.3;0.0;0.0;7431.0


8.3;15.9;0.7;5.0;7431.0


8.4;0.0;0.0;58.0;7431.0


8.4;0.0;0.0;57.0;7431.0


8.4;0.0;0.0;58.0;7431.0


50.2;0.0;0.0;35.0;7431.0


8.3;0.0;0.0;56.0;7431.0


8.4;0.0;0.0;57.0;7431.0


8.3;0.0;0.0;45.0;7431.0


8.4;0.0;0.0;49.0;7431.0


8.3;0.0;0.0;56.0;7431.0


8.3;0.0;0.0;42.0;7431.0


8.4;0.0;0.0;57.0;7431.0


8.3;0.0;0.0;56.0;7431.0


8.3;0.0;0.0;52.0;7431.0


8.3;0.0;0.0;51.0;7431.0


8.3;0.0;0.0;42.0;7431.0


8.3;0.0;0.0;56.0;7431.0


8.3;0.0;0.0;51.0;7431.0


8.4;0.0;0.0;57.0;7431.0


0.0;10.6;0.8;1.0;7431.0


0.0;0.3;0.0;1.0;7431.0


0.0;15.3;0.2;1.0;7431.0


0.0;0.3;0.0;0.0;7431.0


8.4;15.9;0.7;43.0;7431.0


8.4;0.0;0.0;58.0;7431.0


8.4;0.0;0.0;50.0;7431.0


8.3;0.0;0.0;58.0;7431.0


50.2;0.0;0.0;40.0;7431.0


8.3;0.0;0.0;54.0;7431.0


8.3;0.0;0.0;57.0;7431.0


8.4;0.0;0.0;55.0;7431.0


8.3;0.0;0.0;41.0;7431.0


8.4;0.0;0.0;56.0;7431.0


8.4;0.0;0.0;57.0;7431.0


8.3;0.0;0.0;57.0;7431.0


8.4;0.0;0.0;57.0;7431.0


8.3;0.0;0.0;57.0;7431.0


8.4;0.0;0.0;56.0;7431.0


8.4;0.0;0.0;57.0;7431.0


8.4;0.0;0.0;42.0;7431.0


8.4;0.0;0.0;57.0;7431.0


8.3;0.0;0.0;57.0;7431.0


0.0;10.6;0.8;0.0;7431.0


0.0;0.3;0.0;0.0;7431.0


0.0;14.1;0.2;0.0;7431.0


0.0;0.3;0.0;0.0;7431.0


8.3;16.4;0.7;3.0;7431.0


