8.4;0.4;0.0;0.0;437.0


8.3;127.4;7.6;0.0;437.0


8.4;94.2;7.4;1.0;437.0


4.7;83.8;8.3;2.0;437.0


0.0;0.3;0.0;1.0;437.0


3.6;25.9;1.0;0.0;437.0


8.3;2.3;0.2;5.0;584.0


8.4;0.0;0.0;6.0;712.0


8.3;0.0;0.0;7.0;858.0


8.3;0.0;0.0;8.0;990.0


8.4;0.2;0.0;5.0;1120.0


8.3;70.2;67.7;9.0;1242.0


8.4;84.8;353.6;26.0;1812.0


13.0;0.1;0.0;59.0;1812.0


1.2;0.3;0.0;0.0;1812.0


1.0;15.2;0.2;0.0;1812.0


0.0;0.3;0.0;1.0;1812.0


4.2;15.7;0.4;0.0;1904.0


8.4;1.2;0.3;46.0;2556.0


8.3;0.0;0.0;44.0;3310.0


8.3;0.0;0.0;40.0;4038.0


8.3;0.0;0.0;53.0;4792.0


8.4;0.0;0.0;40.0;5542.0


7.3;0.0;0.0;49.0;6824.0


2.4;0.0;0.0;40.0;6738.0


49.7;0.0;0.0;43.0;7154.0


8.3;0.0;0.0;56.0;7154.0


8.3;0.0;0.0;42.0;7154.0


8.3;0.0;0.0;55.0;7154.0


8.4;0.0;0.0;41.0;7154.0


8.3;0.0;0.0;55.0;7154.0


8.4;0.0;0.0;55.0;7154.0


8.4;0.0;0.0;56.0;7154.0


8.3;0.0;0.0;56.0;7154.0


8.4;0.0;0.0;55.0;7154.0


8.4;0.0;0.0;47.0;7154.0


8.4;0.0;0.0;56.0;7154.0


8.3;0.0;0.0;56.0;7154.0


8.3;0.0;0.0;56.0;7154.0


8.3;0.0;0.0;50.0;7154.0


0.0;10.6;0.8;0.0;7154.0


0.0;0.3;0.0;1.0;7154.0


0.0;14.1;0.2;1.0;7154.0


0.0;0.3;0.0;0.0;7154.0


7.2;15.5;0.7;38.0;7156.0


8.3;0.0;0.0;57.0;7156.0


8.4;0.0;0.0;56.0;7156.0


8.3;0.0;0.0;57.0;7156.0


50.2;0.0;0.0;28.0;7374.0


8.4;0.0;0.0;39.0;7374.0


8.4;0.0;0.0;54.0;7374.0


8.4;0.0;0.0;54.0;7374.0


8.3;0.0;0.0;42.0;7374.0


8.4;0.0;0.0;56.0;7374.0


8.3;0.0;0.0;55.0;7374.0


8.4;0.0;0.0;53.0;7374.0


8.3;0.0;0.0;39.0;7374.0


8.3;0.0;0.0;52.0;7374.0


8.4;0.0;0.0;45.0;7374.0


8.3;0.0;0.0;54.0;7374.0


8.4;0.0;0.0;55.0;7374.0


8.3;0.0;0.0;52.0;7374.0


8.3;0.0;0.0;53.0;7374.0


8.3;0.0;0.0;45.0;7374.0


0.0;10.6;0.8;1.0;7374.0


0.0;14.4;0.2;0.0;7374.0


0.0;0.3;0.0;0.0;7374.0


6.2;15.6;0.7;39.0;7374.0


8.4;0.0;0.0;45.0;7374.0


8.3;0.0;0.0;58.0;7374.0


8.4;0.0;0.0;57.0;7374.0


49.7;0.0;0.0;44.0;7374.0


8.4;0.0;0.0;40.0;7374.0


8.3;0.0;0.0;57.0;7374.0


8.4;0.0;0.0;55.0;7374.0


8.4;0.0;0.0;42.0;7374.0


8.3;0.0;0.0;56.0;7374.0


8.3;0.0;0.0;42.0;7374.0


8.3;0.0;0.0;55.0;7374.0


8.3;0.0;0.0;56.0;7374.0


8.4;0.0;0.0;41.0;7374.0


8.3;0.0;0.0;56.0;7374.0


8.4;0.0;0.0;56.0;7374.0


8.3;0.0;0.0;50.0;7374.0


8.4;0.0;0.0;56.0;7374.0


8.4;0.0;0.0;54.0;7374.0


8.4;0.0;0.0;45.0;7374.0


0.0;10.6;0.8;0.0;7374.0


0.0;0.3;0.0;0.0;7374.0


0.0;11.8;0.2;1.0;7374.0


0.0;0.3;0.0;0.0;7374.0


8.3;15.6;0.7;57.0;7374.0


8.3;0.0;0.0;58.0;7374.0


8.3;0.0;0.0;56.0;7374.0


8.3;0.0;0.0;57.0;7374.0


49.7;0.0;0.0;50.0;7374.0


8.3;0.0;0.0;51.0;7374.0


8.4;0.0;0.0;48.0;7374.0


8.3;0.0;0.0;56.0;7374.0


8.4;0.0;0.0;45.0;7374.0


8.3;0.0;0.0;56.0;7374.0


8.4;0.0;0.0;55.0;7374.0


8.3;0.0;0.0;56.0;7374.0


8.4;0.0;0.0;56.0;7374.0


8.4;0.0;0.0;42.0;7374.0


8.3;0.0;0.0;54.0;7374.0


8.4;0.0;0.0;42.0;7374.0


8.3;0.0;0.0;49.0;7374.0


8.3;0.0;0.0;43.0;7374.0


8.3;0.0;0.0;56.0;7374.0


0.0;10.6;0.8;0.0;7374.0


0.0;0.3;0.0;0.0;7374.0


0.0;13.9;0.2;1.0;7374.0


0.0;0.3;0.0;0.0;7374.0


8.3;16.4;0.7;44.0;7374.0


8.3;0.0;0.0;57.0;7374.0


8.4;0.0;0.0;57.0;7374.0


8.3;0.0;0.0;57.0;7374.0


50.2;0.0;0.0;42.0;7374.0


8.4;0.0;0.0;56.0;7374.0


8.4;0.0;0.0;56.0;7374.0


8.4;0.0;0.0;46.0;7374.0


8.4;0.0;0.0;56.0;7374.0


8.4;0.0;0.0;56.0;7374.0


8.3;0.0;0.0;56.0;7374.0


8.4;0.0;0.0;56.0;7374.0


8.3;0.0;0.0;55.0;7374.0


8.4;0.0;0.0;48.0;7374.0


8.4;0.0;0.0;56.0;7374.0


8.3;0.0;0.0;51.0;7374.0


8.4;0.0;0.0;56.0;7374.0


8.3;0.0;0.0;47.0;7374.0


8.3;0.0;0.0;40.0;7374.0


0.0;10.6;0.8;0.0;7374.0


0.0;0.3;0.0;0.0;7374.0


0.0;14.5;0.2;1.0;7374.0


0.0;0.3;0.0;0.0;7374.0


8.4;15.7;0.7;38.0;7374.0


8.3;0.0;0.0;57.0;7374.0


8.3;0.0;0.0;57.0;7374.0


8.4;0.0;0.0;57.0;7374.0


50.2;0.0;0.0;39.0;7374.0


8.3;0.0;0.0;57.0;7374.0


8.3;0.0;0.0;56.0;7374.0


8.3;0.0;0.0;56.0;7374.0


8.3;0.0;0.0;51.0;7374.0


8.3;0.0;0.0;46.0;7374.0


7.2;0.0;0.0;56.0;7374.0


8.3;0.0;0.0;56.0;7374.0


8.3;0.0;0.0;53.0;7374.0


8.3;0.0;0.0;57.0;7374.0


8.3;0.0;0.0;56.0;7374.0


8.4;0.0;0.0;55.0;7374.0


8.3;0.0;0.0;57.0;7374.0


8.4;0.0;0.0;57.0;7374.0


8.4;0.0;0.0;40.0;7374.0


0.0;10.6;0.8;0.0;7374.0


0.0;0.3;0.0;0.0;7374.0


0.0;14.7;0.2;1.0;7374.0


0.0;0.3;0.0;0.0;7374.0


8.3;17.1;0.7;44.0;7374.0


8.3;0.0;0.0;58.0;7374.0


8.3;0.0;0.0;58.0;7374.0


8.3;0.0;0.0;58.0;7374.0


49.7;0.0;0.0;41.0;7374.0


8.3;0.0;0.0;41.0;7374.0


8.4;0.0;0.0;57.0;7374.0


8.3;0.0;0.0;46.0;7374.0


8.3;0.0;0.0;56.0;7374.0


8.4;0.0;0.0;51.0;7374.0


8.3;0.0;0.0;46.0;7374.0


8.4;0.0;0.0;54.0;7374.0


8.4;0.0;0.0;40.0;7379.0


8.4;0.0;0.0;50.0;7379.0


8.4;0.0;0.0;55.0;7424.0


8.3;0.0;0.0;60.0;7436.0


8.4;0.0;0.0;50.0;7446.0


8.4;0.0;0.0;55.0;7446.0


8.3;0.0;0.0;48.0;7446.0


8.4;0.0;0.0;2.0;7452.0


0.0;10.9;0.8;1.0;7474.0


0.0;13.6;0.2;4.0;7493.0


0.0;0.3;0.0;2.0;7482.0


5.2;16.7;0.7;44.0;7482.0


8.3;0.0;0.0;59.0;7482.0


8.3;0.0;0.0;58.0;7485.0


8.4;0.0;0.0;56.0;7485.0


37.9;0.0;0.0;59.0;7474.0


8.4;0.0;0.0;57.0;7474.0


8.3;0.0;0.0;42.0;7474.0


8.4;0.0;0.0;57.0;7474.0


8.4;0.0;0.0;55.0;7474.0


8.3;0.0;0.0;46.0;7474.0


8.4;0.0;0.0;55.0;7474.0


8.4;0.0;0.0;57.0;7541.0


8.4;0.0;0.0;56.0;7541.0


8.3;0.0;0.0;46.0;7541.0


8.3;0.0;0.0;57.0;7541.0


8.3;0.0;0.0;57.0;7541.0


8.4;0.0;0.0;50.0;7533.0


8.3;0.0;0.0;56.0;7533.0


8.3;0.0;0.0;40.0;7531.0


8.3;0.0;0.0;51.0;7531.0


8.3;0.0;0.0;23.0;7531.0


0.0;10.6;0.8;2.0;7531.0


0.0;0.3;0.0;2.0;7531.0


0.0;15.3;0.2;2.0;7531.0


0.0;0.3;0.0;2.0;7531.0


8.3;15.3;0.7;46.0;7531.0


8.4;0.0;0.0;57.0;7531.0


8.4;0.0;0.0;56.0;7531.0


8.3;0.0;0.0;56.0;7546.0


8.4;0.0;0.0;55.0;7600.0


47.8;0.0;0.0;51.0;7592.0


8.4;0.0;0.0;57.0;7621.0


8.4;0.0;0.0;41.0;7621.0


8.3;0.0;0.0;56.0;7622.0


8.3;0.0;0.0;43.0;7622.0


8.3;0.0;0.0;56.0;7622.0


8.3;0.0;0.0;45.0;7622.0


8.4;0.0;0.0;58.0;7637.0


8.3;0.0;0.0;56.0;7639.0


8.3;0.0;0.0;47.0;7642.0


8.4;0.0;0.0;44.0;7642.0


8.4;0.0;0.0;48.0;7642.0


8.4;0.0;0.0;44.0;7641.0


8.4;0.0;0.0;57.0;7641.0


8.4;0.0;0.0;42.0;7641.0


8.3;0.0;0.0;52.0;7641.0


0.0;10.6;0.8;4.0;7618.0


0.0;0.3;0.0;2.0;7618.0


0.0;15.9;0.2;2.0;7618.0


0.0;0.3;0.0;2.0;7617.0


8.3;15.6;0.7;34.0;7617.0


8.4;0.0;0.0;58.0;7613.0


8.3;0.0;0.0;53.0;7621.0


8.3;0.0;0.0;59.0;7621.0


8.4;0.0;0.0;56.0;7621.0


49.7;0.0;0.0;32.0;7625.0


8.4;0.0;0.0;46.0;7634.0


8.4;0.0;0.0;52.0;7642.0


8.3;0.0;0.0;52.0;7652.0


8.4;0.0;0.0;50.0;7654.0


8.3;0.0;0.0;52.0;7657.0


8.4;0.0;0.0;52.0;7657.0


8.3;0.0;0.0;52.0;7657.0


8.4;0.0;0.0;57.0;7643.0


8.3;0.0;0.0;46.0;7643.0


8.3;0.0;0.0;58.0;7636.0


8.3;0.0;0.0;41.0;7636.0


8.3;0.0;0.0;50.0;7634.0


8.3;0.0;0.0;58.0;7631.0


8.4;0.0;0.0;58.0;7631.0


8.3;0.0;0.0;57.0;7611.0


8.4;0.0;0.0;57.0;7611.0


4.2;10.6;0.8;11.0;7611.0


1.2;0.3;0.0;3.0;7599.0


0.0;14.7;0.2;3.0;7599.0


0.0;0.3;0.0;4.0;7599.0


4.2;15.1;0.4;5.0;7603.0


8.4;1.0;0.3;56.0;7603.0


8.3;0.0;0.0;57.0;7603.0


8.3;0.0;0.0;51.0;7603.0


8.3;0.0;0.0;56.0;7590.0


15.2;0.0;0.0;52.0;7586.0


37.9;0.0;0.0;55.0;7586.0


8.3;0.0;0.0;46.0;7586.0


8.3;0.0;0.0;45.0;7633.0


8.4;0.0;0.0;45.0;7633.0


8.4;0.0;0.0;46.0;7633.0


8.3;0.0;0.0;55.0;7624.0


7.0;0.0;0.0;49.0;7620.0


8.3;0.0;0.0;56.0;7617.0


8.4;0.0;0.0;55.0;7622.0


8.3;0.0;0.0;55.0;7622.0


8.4;0.0;0.0;57.0;7622.0


8.4;0.0;0.0;41.0;7628.0


8.3;0.0;0.0;56.0;7628.0


8.3;0.0;0.0;56.0;7649.0


8.3;0.0;0.0;44.0;7649.0


8.4;0.0;0.0;52.0;7652.0


0.0;10.6;0.8;4.0;7665.0


0.0;0.3;0.0;5.0;7665.0


0.0;15.9;0.2;4.0;7665.0


0.0;0.3;0.0;4.0;7665.0


8.3;15.6;0.7;58.0;7665.0


8.3;0.0;0.0;49.0;7665.0


8.3;0.0;0.0;58.0;7665.0


8.4;0.0;0.0;58.0;7665.0


47.4;0.0;0.0;36.0;7665.0


8.4;0.0;0.0;49.0;7665.0


8.4;0.0;0.0;38.0;7687.0


8.3;0.0;0.0;56.0;7626.0


8.3;0.0;0.0;56.0;7583.0


8.3;0.0;0.0;53.0;7583.0


8.4;0.0;0.0;42.0;7603.0


8.4;0.0;0.0;56.0;7603.0


8.3;0.0;0.0;56.0;7604.0


8.3;0.0;0.0;58.0;7604.0


8.3;0.0;0.0;51.0;7606.0


