8.4;1.2;0.1;0.0;504.0


8.3;127.8;7.6;1.0;504.0


8.4;94.2;7.4;0.0;504.0


5.9;83.8;8.3;1.0;504.0


0.0;0.3;0.0;0.0;504.0


4.8;25.4;1.0;0.0;504.0


9.5;2.3;0.2;5.0;654.0


8.4;0.0;0.0;6.0;782.0


8.3;0.0;0.0;6.0;925.0


8.4;0.0;0.0;7.0;1051.0


8.4;0.2;0.0;5.0;1187.0


8.3;70.2;67.7;7.0;1293.0


8.4;76.8;341.0;26.0;1863.0


3.6;8.1;12.6;36.0;1863.0


1.2;0.3;0.0;0.0;1863.0


1.0;13.8;0.2;1.0;1863.0


0.0;0.3;0.0;1.0;1863.0


4.2;15.5;0.4;0.0;1975.0


8.4;1.2;0.3;48.0;2597.0


8.3;0.0;0.0;41.0;3327.0


8.3;0.0;0.0;41.0;4057.0


8.3;0.0;0.0;53.0;4811.0


8.3;0.0;0.0;40.0;5539.0


8.4;0.0;0.0;49.0;6471.0


12.5;0.0;0.0;72.0;6811.0


50.2;0.0;0.0;44.0;7227.0


8.3;0.0;0.0;53.0;7227.0


8.4;0.0;0.0;51.0;7227.0


8.3;0.0;0.0;42.0;7227.0


8.4;0.0;0.0;56.0;7227.0


8.3;0.0;0.0;56.0;7227.0


8.3;0.0;0.0;46.0;7227.0


8.4;0.0;0.0;53.0;7227.0


8.3;0.0;0.0;55.0;7227.0


8.3;0.0;0.0;56.0;7227.0


8.3;0.0;0.0;56.0;7227.0


8.3;0.0;0.0;56.0;7227.0


8.3;0.0;0.0;55.0;7227.0


8.3;0.0;0.0;45.0;7227.0


8.4;0.0;0.0;57.0;7227.0


0.0;10.6;0.8;0.0;7227.0


0.0;0.3;0.0;1.0;7227.0


0.0;14.5;0.2;1.0;7227.0


0.0;0.3;0.0;0.0;7227.0


7.0;16.2;0.7;45.0;7229.0


8.4;0.0;0.0;58.0;7229.0


8.4;0.0;0.0;58.0;7229.0


8.3;0.0;0.0;57.0;7229.0


50.2;0.0;0.0;36.0;7445.0


8.3;0.0;0.0;50.0;7445.0


8.3;0.0;0.0;44.0;7445.0


8.4;0.0;0.0;48.0;7445.0


8.3;0.0;0.0;56.0;7445.0


8.4;0.0;0.0;56.0;7445.0


8.4;0.0;0.0;56.0;7445.0


8.3;0.0;0.0;52.0;7445.0


8.4;0.0;0.0;45.0;7445.0


8.3;0.0;0.0;56.0;7445.0


8.4;0.0;0.0;41.0;7445.0


8.4;0.0;0.0;56.0;7445.0


8.4;0.0;0.0;47.0;7445.0


8.4;0.0;0.0;56.0;7445.0


8.3;0.0;0.0;49.0;7445.0


0.0;10.6;0.8;8.0;7445.0


0.0;0.3;0.0;0.0;7445.0


0.0;13.6;0.2;1.0;7445.0


0.0;0.3;0.0;1.0;7445.0


8.3;14.5;0.7;45.0;7445.0


8.4;0.0;0.0;57.0;7445.0


8.3;0.0;0.0;58.0;7445.0


8.3;0.0;0.0;57.0;7445.0


49.7;0.0;0.0;48.0;7445.0


8.3;0.0;0.0;57.0;7445.0


8.3;0.0;0.0;55.0;7445.0


8.3;0.0;0.0;56.0;7445.0


8.4;0.0;0.0;41.0;7445.0


8.4;0.0;0.0;50.0;7445.0


8.3;0.0;0.0;40.0;7445.0


8.4;0.0;0.0;42.0;7445.0


8.3;0.0;0.0;51.0;7445.0


8.4;0.0;0.0;42.0;7445.0


8.3;0.0;0.0;52.0;7445.0


8.4;0.0;0.0;55.0;7445.0


8.3;0.0;0.0;53.0;7445.0


8.3;0.0;0.0;56.0;7445.0


8.3;0.0;0.0;41.0;7445.0


7.1;10.6;0.8;19.0;7445.0


0.0;0.3;0.0;0.0;7445.0


0.0;14.7;0.2;0.0;7445.0


1.2;0.3;0.0;0.0;7445.0


7.2;15.5;0.4;0.0;7445.0


8.3;1.0;0.3;58.0;7445.0


8.4;0.0;0.0;57.0;7445.0


8.3;0.0;0.0;58.0;7445.0


8.4;0.0;0.0;58.0;7445.0


34.4;0.0;0.0;40.0;7445.0


8.3;0.0;0.0;56.0;7445.0


8.4;0.0;0.0;56.0;7445.0


8.3;0.0;0.0;56.0;7445.0


8.4;0.0;0.0;41.0;7445.0


8.3;0.0;0.0;45.0;7445.0


8.4;0.0;0.0;55.0;7445.0


8.3;0.0;0.0;50.0;7445.0


8.3;0.0;0.0;51.0;7445.0


8.4;0.0;0.0;54.0;7445.0


8.3;0.0;0.0;55.0;7445.0


8.3;0.0;0.0;56.0;7445.0


8.4;0.0;0.0;42.0;7445.0


8.3;0.0;0.0;43.0;7445.0


8.4;0.0;0.0;52.0;7445.0


0.0;10.6;0.8;1.0;7445.0


0.0;0.3;0.0;1.0;7445.0


0.0;14.1;0.2;1.0;7445.0


0.0;0.3;0.0;0.0;7445.0


8.4;16.0;0.7;47.0;7445.0


8.3;0.0;0.0;57.0;7445.0


8.4;0.0;0.0;57.0;7445.0


8.3;0.0;0.0;57.0;7445.0


50.2;0.0;0.0;43.0;7445.0


8.3;0.0;0.0;40.0;7445.0


8.3;0.0;0.0;57.0;7445.0


8.3;0.0;0.0;48.0;7445.0


8.3;0.0;0.0;55.0;7445.0


8.3;0.0;0.0;51.0;7445.0


8.3;0.0;0.0;46.0;7445.0


8.3;0.0;0.0;50.0;7445.0


8.4;0.0;0.0;53.0;7445.0


8.3;0.0;0.0;56.0;7445.0


8.4;0.0;0.0;56.0;7445.0


8.3;0.0;0.0;45.0;7445.0


8.4;0.0;0.0;56.0;7445.0


8.4;0.0;0.0;56.0;7445.0


8.3;0.0;0.0;43.0;7445.0


0.0;10.6;0.8;0.0;7445.0


0.0;0.3;0.0;0.0;7445.0


0.0;14.4;0.2;1.0;7445.0


0.0;0.3;0.0;0.0;7445.0


7.2;16.3;0.7;45.0;7445.0


8.4;0.0;0.0;58.0;7445.0


8.3;0.0;0.0;58.0;7445.0


8.3;0.0;0.0;57.0;7445.0


49.7;0.0;0.0;46.0;7445.0


8.3;0.0;0.0;57.0;7445.0


8.4;0.0;0.0;56.0;7445.0


8.3;0.0;0.0;42.0;7445.0


8.4;0.0;0.0;56.0;7445.0


8.3;0.0;0.0;55.0;7445.0


8.4;0.0;0.0;55.0;7445.0


8.4;0.0;0.0;47.0;7445.0


8.4;0.0;0.0;42.0;7445.0


8.4;0.0;0.0;56.0;7445.0


8.3;0.0;0.0;56.0;7445.0


8.4;0.0;0.0;56.0;7445.0


8.3;0.0;0.0;56.0;7445.0


8.3;0.0;0.0;56.0;7445.0


8.3;10.6;0.8;11.0;7445.0


1.2;0.3;0.0;0.0;7445.0


1.0;14.2;0.2;0.0;7445.0


0.0;0.3;0.0;1.0;7445.0


4.2;14.9;0.4;1.0;7445.0


8.4;1.0;0.3;58.0;7445.0


8.3;0.0;0.0;57.0;7445.0


8.4;0.0;0.0;58.0;7445.0


8.3;0.0;0.0;58.0;7445.0


50.2;0.0;0.0;48.0;7445.0


8.3;0.0;0.0;41.0;7445.0


8.3;0.0;0.0;56.0;7445.0


8.4;0.0;0.0;55.0;7445.0


8.4;0.0;0.0;53.0;7445.0


8.3;0.0;0.0;55.0;7445.0


8.3;0.0;0.0;55.0;7445.0


8.3;0.0;0.0;56.0;7445.0


8.3;0.0;0.0;47.0;7445.0


8.4;0.0;0.0;56.0;7445.0


8.4;0.0;0.0;56.0;7445.0


8.3;0.0;0.0;56.0;7445.0


8.3;0.0;0.0;46.0;7445.0


8.3;0.0;0.0;47.0;7445.0


8.3;0.0;0.0;42.0;7445.0


0.0;10.6;0.8;0.0;7445.0


0.0;0.3;0.0;0.0;7445.0


0.0;14.0;0.2;1.0;7445.0


0.0;0.3;0.0;0.0;7445.0


7.2;15.6;0.7;44.0;7445.0


8.4;0.0;0.0;58.0;7445.0


8.4;0.0;0.0;57.0;7445.0


8.4;0.0;0.0;57.0;7445.0


50.2;0.0;0.0;34.0;7445.0


8.3;0.0;0.0;52.0;7445.0


8.3;0.0;0.0;51.0;7445.0


8.3;0.0;0.0;56.0;7445.0


8.4;0.0;0.0;52.0;7445.0


8.3;0.0;0.0;55.0;7445.0


8.4;0.0;0.0;55.0;7445.0


8.3;0.0;0.0;56.0;7445.0


8.3;0.0;0.0;46.0;7445.0


8.4;0.0;0.0;55.0;7445.0


8.3;0.0;0.0;56.0;7445.0


8.4;0.0;0.0;48.0;7445.0


8.3;0.0;0.0;46.0;7445.0


8.4;0.0;0.0;51.0;7445.0


8.3;0.0;0.0;56.0;7445.0


8.3;0.0;0.0;56.0;7445.0


0.0;10.6;0.8;0.0;7445.0


0.0;0.3;0.0;0.0;7445.0


0.0;13.4;0.2;1.0;7445.0


0.0;0.3;0.0;0.0;7445.0


8.3;16.8;0.7;45.0;7445.0


8.3;0.0;0.0;58.0;7445.0


8.3;0.0;0.0;58.0;7445.0


8.4;0.0;0.0;58.0;7445.0


48.5;0.0;0.0;37.0;7445.0


8.3;0.0;0.0;56.0;7445.0


8.3;0.0;0.0;51.0;7445.0


8.3;0.0;0.0;39.0;7445.0


8.4;0.0;0.0;56.0;7445.0


8.3;0.0;0.0;56.0;7445.0


8.4;0.0;0.0;46.0;7445.0


8.4;0.0;0.0;55.0;7445.0


8.3;0.0;0.0;40.0;7445.0


8.4;0.0;0.0;56.0;7445.0


8.4;0.0;0.0;53.0;7445.0


8.4;0.0;0.0;41.0;7445.0


8.3;0.0;0.0;56.0;7445.0


8.3;0.0;0.0;46.0;7445.0


8.3;0.0;0.0;57.0;7445.0


0.0;10.6;0.8;0.0;7445.0


0.0;0.3;0.0;0.0;7445.0


0.0;13.9;0.2;1.0;7445.0


0.0;0.3;0.0;1.0;7445.0


8.3;15.4;0.7;27.0;7445.0


8.3;0.0;0.0;57.0;7445.0


8.4;0.0;0.0;58.0;7445.0


8.3;0.0;0.0;58.0;7445.0


50.4;0.0;0.0;58.0;7445.0


8.4;0.0;0.0;51.0;7445.0


8.4;0.0;0.0;46.0;7445.0


8.4;0.0;0.0;41.0;7445.0


8.3;0.0;0.0;56.0;7445.0


8.4;0.0;0.0;56.0;7445.0


8.3;0.0;0.0;53.0;7445.0


8.4;0.0;0.0;44.0;7445.0


8.3;0.0;0.0;56.0;7445.0


8.3;0.0;0.0;47.0;7445.0


8.4;0.0;0.0;42.0;7445.0


8.3;0.0;0.0;55.0;7445.0


8.3;0.0;0.0;47.0;7445.0


8.3;0.0;0.0;46.0;7445.0


8.3;0.0;0.0;57.0;7445.0


8.3;0.0;0.0;56.0;7445.0


0.0;10.6;0.8;0.0;7445.0


0.0;0.3;0.0;0.0;7445.0


0.0;14.6;0.2;1.0;7445.0


0.0;0.3;0.0;0.0;7445.0


8.4;17.1;0.7;42.0;7445.0


8.3;0.0;0.0;57.0;7445.0


8.4;0.0;0.0;57.0;7445.0


8.4;0.0;0.0;57.0;7445.0


50.0;0.0;0.0;51.0;7445.0


8.4;0.0;0.0;56.0;7445.0


8.3;0.0;0.0;42.0;7445.0


8.3;0.0;0.0;49.0;7445.0


8.4;0.0;0.0;47.0;7445.0


8.3;0.0;0.0;56.0;7445.0


8.4;0.0;0.0;56.0;7445.0


8.3;0.0;0.0;40.0;7445.0


8.3;0.0;0.0;50.0;7445.0


8.3;0.0;0.0;40.0;7445.0


8.3;0.0;0.0;51.0;7445.0


8.4;0.0;0.0;56.0;7445.0


8.3;0.0;0.0;56.0;7445.0


8.3;0.0;0.0;53.0;7445.0


8.3;0.0;0.0;56.0;7445.0


0.0;10.6;0.8;0.0;7445.0


0.0;0.3;0.0;1.0;7445.0


0.0;13.9;0.2;1.0;7445.0


0.0;0.3;0.0;0.0;7445.0


8.3;15.5;0.7;47.0;7445.0


8.3;0.0;0.0;46.0;7445.0


8.3;0.0;0.0;58.0;7445.0


8.3;0.0;0.0;57.0;7445.0


50.2;0.0;0.0;38.0;7445.0


8.3;0.0;0.0;56.0;7445.0


8.4;0.0;0.0;53.0;7445.0


8.4;0.0;0.0;54.0;7445.0


8.3;0.0;0.0;57.0;7445.0


8.4;0.0;0.0;56.0;7445.0


8.4;0.0;0.0;55.0;7445.0


8.4;0.0;0.0;52.0;7445.0


8.3;0.0;0.0;53.0;7445.0


8.3;0.0;0.0;41.0;7445.0


8.3;0.0;0.0;57.0;7445.0


8.3;0.0;0.0;40.0;7445.0


8.4;0.0;0.0;53.0;7445.0


8.3;0.0;0.0;56.0;7445.0


8.4;0.0;0.0;56.0;7445.0


0.0;10.6;0.8;0.0;7445.0


0.0;0.3;0.0;0.0;7445.0


0.0;14.6;0.2;1.0;7445.0


0.0;0.3;0.0;0.0;7445.0


