8.4;7.0;0.7;0.0;437.0


6.9;127.8;7.6;0.0;437.0


7.1;94.2;7.4;1.0;437.0


5.2;83.8;8.3;2.0;437.0


0.0;0.3;0.0;0.0;437.0


5.5;26.6;1.0;1.0;437.0


8.4;2.3;0.2;7.0;584.0


8.3;0.0;0.0;7.0;718.0


8.4;0.0;0.0;9.0;862.0


8.3;0.0;0.0;7.0;982.0


8.4;0.2;0.0;6.0;1114.0


8.3;70.2;67.7;6.0;1226.0


8.4;47.2;210.6;18.0;1646.0


50.4;37.6;143.0;72.0;1832.0


0.0;0.1;0.0;0.0;1832.0


0.0;0.3;0.0;0.0;1832.0


0.0;15.1;0.2;0.0;1832.0


0.0;0.3;0.0;1.0;1832.0


8.3;16.1;0.7;58.0;2114.0


8.4;0.0;0.0;41.0;2868.0


8.4;0.0;0.0;54.0;3620.0


8.3;0.0;0.0;41.0;4372.0


8.3;0.0;0.0;44.0;5104.0


8.3;0.0;0.0;48.0;5856.0


21.9;0.0;0.0;43.0;6554.0


8.4;0.0;0.0;6.0;6938.0


49.9;0.0;0.0;51.0;7154.0


8.4;0.0;0.0;56.0;7154.0


8.3;0.0;0.0;46.0;7154.0


8.3;0.0;0.0;55.0;7154.0


8.4;0.0;0.0;56.0;7154.0


8.4;0.0;0.0;47.0;7154.0


8.4;0.0;0.0;48.0;7154.0


8.3;0.0;0.0;57.0;7154.0


8.4;0.0;0.0;46.0;7154.0


8.3;0.0;0.0;57.0;7154.0


8.3;0.0;0.0;42.0;7154.0


8.4;0.0;0.0;57.0;7154.0


8.3;0.0;0.0;41.0;7154.0


8.4;0.0;0.0;55.0;7154.0


8.3;0.0;0.0;51.0;7154.0


0.0;10.6;0.8;1.0;7154.0


0.0;0.3;0.0;1.0;7154.0


0.0;14.9;0.2;1.0;7154.0


0.0;0.3;0.0;0.0;7156.0


8.3;16.8;0.7;51.0;7156.0


8.4;0.0;0.0;58.0;7156.0


8.3;0.0;0.0;56.0;7156.0


8.3;0.0;0.0;57.0;7158.0


50.2;0.0;0.0;41.0;7374.0


8.3;0.0;0.0;55.0;7374.0


8.3;0.0;0.0;52.0;7374.0


8.3;0.0;0.0;55.0;7374.0


8.3;0.0;0.0;52.0;7374.0


8.3;0.0;0.0;56.0;7374.0


8.4;0.0;0.0;56.0;7374.0


8.4;0.0;0.0;47.0;7374.0


8.3;0.0;0.0;54.0;7374.0


8.3;0.0;0.0;51.0;7374.0


8.3;0.0;0.0;56.0;7374.0


8.3;0.0;0.0;48.0;7374.0


8.4;0.0;0.0;42.0;7374.0


8.3;0.0;0.0;57.0;7374.0


8.4;0.0;0.0;41.0;7374.0


0.0;10.6;0.8;0.0;7374.0


0.0;0.3;0.0;0.0;7374.0


0.0;13.5;0.2;1.0;7374.0


0.0;0.3;0.0;1.0;7374.0


8.4;15.0;0.7;41.0;7374.0


8.3;0.0;0.0;58.0;7374.0


8.3;0.0;0.0;43.0;7374.0


8.3;0.0;0.0;58.0;7374.0


49.9;0.0;0.0;50.0;7374.0


8.3;0.0;0.0;46.0;7374.0


8.3;0.0;0.0;56.0;7374.0


8.4;0.0;0.0;40.0;7374.0


8.3;0.0;0.0;56.0;7374.0


8.3;0.0;0.0;50.0;7374.0


8.4;0.0;0.0;56.0;7374.0


8.3;0.0;0.0;57.0;7374.0


8.4;0.0;0.0;56.0;7374.0


8.4;0.0;0.0;56.0;7374.0


8.4;0.0;0.0;56.0;7374.0


8.4;0.0;0.0;54.0;7374.0


8.3;0.0;0.0;56.0;7374.0


8.4;0.0;0.0;43.0;7374.0


8.3;0.0;0.0;51.0;7374.0


0.0;10.6;0.8;0.0;7374.0


0.0;0.3;0.0;0.0;7374.0


0.0;14.6;0.2;1.0;7374.0


0.0;0.3;0.0;1.0;7374.0


7.3;15.9;0.7;43.0;7374.0


8.3;0.0;0.0;58.0;7374.0


8.3;0.0;0.0;58.0;7374.0


8.3;0.0;0.0;57.0;7374.0


49.7;0.0;0.0;38.0;7374.0


8.3;0.0;0.0;55.0;7374.0


8.4;0.0;0.0;56.0;7374.0


8.3;0.0;0.0;46.0;7374.0


8.4;0.0;0.0;56.0;7374.0


8.4;0.0;0.0;51.0;7374.0


8.4;0.0;0.0;55.0;7374.0


8.4;0.0;0.0;40.0;7374.0


8.4;0.0;0.0;48.0;7374.0


8.4;0.0;0.0;45.0;7374.0


8.3;0.0;0.0;41.0;7374.0


8.3;0.0;0.0;57.0;7374.0


8.3;0.0;0.0;57.0;7374.0


8.3;0.0;0.0;50.0;7374.0


8.3;0.0;0.0;48.0;7374.0


6.9;10.6;0.8;18.0;7374.0


0.0;0.3;0.0;1.0;7374.0


1.2;14.8;0.2;0.0;7374.0


0.0;0.3;0.0;0.0;7374.0


4.2;15.6;0.4;1.0;7374.0


8.3;1.0;0.3;58.0;7374.0


8.4;0.0;0.0;52.0;7374.0


8.4;0.0;0.0;58.0;7374.0


8.3;0.0;0.0;57.0;7374.0


50.2;0.0;0.0;39.0;7374.0


8.3;0.0;0.0;57.0;7374.0


8.4;0.0;0.0;52.0;7374.0


8.3;0.0;0.0;56.0;7374.0


8.4;0.0;0.0;57.0;7374.0


8.3;0.0;0.0;41.0;7374.0


8.3;0.0;0.0;55.0;7374.0


8.4;0.0;0.0;56.0;7374.0


8.3;0.0;0.0;51.0;7374.0


8.3;0.0;0.0;56.0;7374.0


8.4;0.0;0.0;52.0;7374.0


8.3;0.0;0.0;53.0;7374.0


8.4;0.0;0.0;48.0;7374.0


8.3;0.0;0.0;52.0;7374.0


8.4;0.0;0.0;56.0;7374.0


0.0;10.6;0.8;1.0;7374.0


0.0;0.3;0.0;1.0;7374.0


0.0;14.4;0.2;1.0;7374.0


0.0;0.3;0.0;0.0;7374.0


6.0;16.9;0.7;42.0;7374.0


8.3;0.0;0.0;58.0;7374.0


8.3;0.0;0.0;57.0;7374.0


8.3;0.0;0.0;57.0;7374.0


50.2;0.0;0.0;35.0;7374.0


8.3;0.0;0.0;55.0;7374.0


8.3;0.0;0.0;49.0;7374.0


8.3;0.0;0.0;55.0;7374.0


8.3;0.0;0.0;55.0;7374.0


8.4;0.0;0.0;55.0;7374.0


8.4;0.0;0.0;45.0;7374.0


8.3;0.0;0.0;53.0;7374.0


8.4;0.0;0.0;56.0;7374.0


8.3;0.0;0.0;55.0;7374.0


8.4;0.0;0.0;53.0;7374.0


8.4;0.0;0.0;55.0;7374.0


8.4;0.0;0.0;46.0;7374.0


8.4;0.0;0.0;47.0;7374.0


8.3;0.0;0.0;40.0;7374.0


1.2;10.6;0.8;1.0;7374.0


0.0;0.3;0.0;0.0;7374.0


0.0;13.0;0.2;1.0;7374.0


0.0;0.3;0.0;1.0;7374.0


8.3;15.5;0.7;10.0;7374.0


8.3;0.0;0.0;58.0;7374.0


8.3;0.0;0.0;43.0;7374.0


8.3;0.0;0.0;58.0;7374.0


38.2;0.0;0.0;41.0;7374.0


8.3;0.0;0.0;54.0;7374.0


8.4;0.0;0.0;56.0;7374.0


8.3;0.0;0.0;40.0;7374.0


8.4;0.0;0.0;56.0;7374.0


8.4;0.0;0.0;55.0;7374.0


8.4;0.0;0.0;50.0;7374.0


8.4;0.0;0.0;55.0;7374.0


8.3;0.0;0.0;40.0;7374.0


8.4;0.0;0.0;52.0;7374.0


8.3;0.0;0.0;54.0;7374.0


8.3;0.0;0.0;41.0;7374.0


8.3;0.0;0.0;56.0;7374.0


8.3;0.0;0.0;55.0;7374.0


8.3;0.0;0.0;54.0;7374.0


8.3;0.0;0.0;45.0;7374.0


0.0;10.6;0.8;0.0;7374.0


0.0;0.3;0.0;0.0;7374.0


0.0;14.2;0.2;1.0;7374.0


0.0;0.3;0.0;1.0;7374.0


8.3;14.3;0.7;42.0;7374.0


8.4;0.0;0.0;58.0;7374.0


8.3;0.0;0.0;57.0;7374.0


8.4;0.0;0.0;43.0;7374.0


50.2;0.0;0.0;42.0;7374.0


8.3;0.0;0.0;55.0;7374.0


8.4;0.0;0.0;52.0;7374.0


8.3;0.0;0.0;41.0;7374.0


8.3;0.0;0.0;40.0;7374.0


8.3;0.0;0.0;52.0;7374.0


8.4;0.0;0.0;40.0;7374.0


8.4;0.0;0.0;51.0;7374.0


8.3;0.0;0.0;38.0;7374.0


8.3;0.0;0.0;42.0;7374.0


8.3;0.0;0.0;51.0;7374.0


8.3;0.0;0.0;55.0;7374.0


8.4;0.0;0.0;54.0;7374.0


8.3;0.0;0.0;46.0;7374.0


8.4;0.0;0.0;44.0;7374.0


8.4;0.0;0.0;56.0;7374.0


0.0;10.6;0.8;0.0;7374.0


0.0;0.3;0.0;0.0;7374.0


0.0;15.1;0.2;1.0;7374.0


0.0;0.3;0.0;1.0;7374.0


8.3;16.5;0.7;41.0;7374.0


8.4;0.0;0.0;57.0;7374.0


8.3;0.0;0.0;57.0;7374.0


8.3;0.0;0.0;58.0;7374.0


49.7;0.0;0.0;36.0;7374.0


8.3;0.0;0.0;53.0;7374.0


8.4;0.0;0.0;55.0;7374.0


8.3;0.0;0.0;55.0;7374.0


8.3;0.0;0.0;55.0;7374.0


8.4;0.0;0.0;55.0;7374.0


8.3;0.0;0.0;46.0;7374.0


8.4;0.0;0.0;55.0;7374.0


8.3;0.0;0.0;50.0;7374.0


8.4;0.0;0.0;41.0;7374.0


8.3;0.0;0.0;55.0;7374.0


8.3;0.0;0.0;55.0;7374.0


8.4;0.0;0.0;55.0;7374.0


8.3;0.0;0.0;56.0;7374.0


8.3;0.0;0.0;41.0;7374.0


0.0;10.6;0.8;0.0;7374.0


0.0;0.3;0.0;0.0;7374.0


0.0;14.3;0.2;1.0;7374.0


0.0;0.3;0.0;0.0;7374.0


6.0;16.6;0.7;45.0;7374.0


8.3;0.0;0.0;58.0;7374.0


8.3;0.0;0.0;57.0;7374.0


8.3;0.0;0.0;58.0;7374.0


32.0;0.0;0.0;46.0;7374.0


8.4;0.0;0.0;45.0;7374.0


8.3;0.0;0.0;57.0;7374.0


8.4;0.0;0.0;53.0;7374.0


8.4;0.0;0.0;55.0;7374.0


8.4;0.0;0.0;53.0;7374.0


8.4;0.0;0.0;42.0;7374.0


8.4;0.0;0.0;52.0;7374.0


8.4;0.0;0.0;53.0;7374.0


8.3;0.0;0.0;55.0;7374.0


8.3;0.0;0.0;38.0;7374.0


8.3;0.0;0.0;42.0;7374.0


8.3;0.0;0.0;56.0;7374.0


8.4;0.0;0.0;44.0;7374.0


8.3;0.0;0.0;53.0;7374.0


8.4;0.0;0.0;46.0;7374.0


0.0;10.6;0.8;0.0;7374.0


0.0;0.3;0.0;0.0;7374.0


0.0;14.0;0.2;0.0;7374.0


0.0;0.3;0.0;0.0;7374.0


8.4;16.4;0.7;43.0;7374.0


8.3;0.0;0.0;56.0;7374.0


8.4;0.0;0.0;57.0;7374.0


8.3;0.0;0.0;56.0;7374.0


49.0;0.0;0.0;38.0;7374.0


8.4;0.0;0.0;56.0;7374.0


8.3;0.0;0.0;56.0;7374.0


8.3;0.0;0.0;48.0;7374.0


8.3;0.0;0.0;41.0;7374.0


8.3;0.0;0.0;56.0;7374.0


8.3;0.0;0.0;54.0;7374.0


8.3;0.0;0.0;50.0;7374.0


8.4;0.0;0.0;55.0;7374.0


8.3;0.0;0.0;53.0;7374.0


8.3;0.0;0.0;56.0;7374.0


8.3;0.0;0.0;55.0;7374.0


8.3;0.0;0.0;53.0;7374.0


8.4;0.0;0.0;45.0;7374.0


8.3;0.0;0.0;47.0;7374.0


0.0;10.6;0.8;0.0;7374.0


0.0;0.3;0.0;0.0;7374.0


0.0;13.1;0.2;1.0;7374.0


0.0;0.3;0.0;0.0;7374.0


8.4;16.8;0.7;27.0;7374.0


8.3;0.0;0.0;58.0;7374.0


8.3;0.0;0.0;58.0;7374.0


8.3;0.0;0.0;58.0;7374.0


49.7;0.0;0.0;58.0;7374.0


8.3;0.0;0.0;57.0;7374.0


8.4;0.0;0.0;56.0;7374.0


8.3;0.0;0.0;54.0;7374.0


8.4;0.0;0.0;55.0;7374.0


8.3;0.0;0.0;39.0;7374.0


8.3;0.0;0.0;56.0;7374.0


7.2;0.0;0.0;47.0;7374.0


8.3;0.0;0.0;44.0;7374.0


8.4;0.0;0.0;56.0;7374.0


8.4;0.0;0.0;57.0;7374.0


8.4;0.0;0.0;57.0;7374.0


8.4;0.0;0.0;57.0;7374.0


8.3;0.0;0.0;56.0;7374.0


8.4;0.0;0.0;56.0;7374.0


0.0;10.6;0.8;1.0;7374.0


0.0;0.3;0.0;0.0;7374.0


