249.7;322088960;491
99.9;413708288;952
99.9;507293696;923
129.8;552906752;1190
99.8;552906752;1455
119.8;553299968;1441
109.9;558018560;1424
99.8;558018560;1401
109.8;558018560;1403
99.8;558018560;1487
109.8;558018560;1467
109.8;558018560;1441
99.8;558018560;1475
99.9;598519808;1252
99.9;699183104;994
99.9;798273536;979
99.9;897626112;981
99.9;996454400;975
99.9;1083748352;1040
99.8;1083879424;1452
109.8;1083879424;1480
99.9;1083879424;1476
99.9;1098690560;1350
109.8;1113632768;10
99.8;1113632768;0
149.7;1113632768;1
552.4;1117564928;4
788.9;1118175232;3
799.0;1118437376;4
781.1;1130627072;2
788.8;1130627072;2
777.5;1130627072;2
789.5;1130758144;2
758.5;1130758144;2
701.7;1130758144;2
698.4;1130758144;2
508.9;1223032832;2
219.5;1381367808;3
0.0;1381367808;0
119.8;1341194240;7
99.8;1341194240;0
119.8;1341325312;0
436.9;1344077824;2
755.9;1462042624;0
799.8;1745551360;0
748.9;1747124224;0
797.4;1747124224;0
799.5;1747124224;0
798.3;1747124224;0
800.3;1747124224;0
798.4;1747124224;0
736.0;1747517440;2
319.4;1747517440;1
179.6;1747517440;1
0.0;1747517440;0
69.8;1747779584;5
99.6;1747910656;2
109.8;1747910656;0
258.1;1748697088;1
688.9;1748697088;0
701.8;1748697088;0
698.8;1748697088;0
698.7;1748697088;0
652.3;1748697088;0
811.0;1748697088;0
686.6;1748697088;1
698.6;1748697088;0
509.2;1748697088;0
499.0;1748697088;0
319.1;1748828160;0
0.0;1748828160;0
39.9;1748959232;5
99.8;1748959232;2
99.8;1748959232;0
149.8;1749090304;0
587.1;1749745664;2
766.3;1749745664;0
747.3;1749745664;2
803.4;1749745664;0
798.8;1749745664;0
788.5;1749745664;0
787.6;1749745664;0
797.4;1749745664;0
800.2;1749745664;0
668.7;1749745664;0
259.6;1749745664;0
0.0;1749745664;0
79.9;1750401024;10
99.8;1750401024;0
119.8;1750401024;0
456.7;1751056384;1
699.0;1751187456;0
773.3;1751187456;0
801.5;1751187456;0
800.0;1755512832;0
802.3;1755512832;0
728.9;1755512832;0
603.8;1755512832;0
615.8;1755512832;0
489.1;1755512832;0
498.9;1755512832;0
49.9;1755774976;1
0.0;1755774976;0
109.8;1755774976;6
99.8;1755774976;0
149.7;1755906048;0
502.6;1756561408;2
622.7;1756561408;1
708.8;1756561408;1
769.7;1756561408;1
798.8;1756692480;0
774.7;1756692480;0
678.8;1756692480;0
589.0;1756692480;0
608.9;1756692480;0
588.5;1756692480;0
598.7;1756692480;0
39.9;1756692480;1
0.0;1756692480;0
119.8;1756823552;7
99.8;1756823552;0
119.8;1756954624;0
430.3;1757609984;1
695.2;1757609984;1
708.3;1757609984;0
688.4;1757609984;0
698.4;1757609984;0
698.6;1757609984;0
708.5;1757609984;0
648.9;1757609984;0
598.6;1757609984;0
658.6;1757609984;0
538.4;1757609984;0
179.6;1757609984;0
0.0;1757609984;0
89.8;1757609984;4
99.8;1757741056;2
109.8;1757872128;0
383.5;1758265344;0
634.9;1758265344;0
608.4;1758265344;0
688.6;1758265344;0
698.6;1758265344;0
688.7;1758265344;0
698.5;1758265344;0
711.3;1758265344;0
698.3;1758265344;0
688.4;1758265344;0
478.9;1758265344;0
199.5;1758265344;0
0.0;1758265344;0
69.9;1758396416;8
99.8;1758527488;2
99.8;1758527488;0
330.9;1759313920;1
668.7;1759313920;1
679.9;1759313920;1
806.1;1759313920;2
792.3;1763246080;0
798.2;1763639296;0
797.9;1763639296;0
793.6;1763639296;0
638.5;1763639296;0
598.9;1763639296;0
569.2;1763639296;2
139.7;1763639296;0
0.0;1763639296;0
99.8;1763770368;6
99.8;1763770368;0
119.8;1763901440;0
405.3;1764556800;0
785.1;1764556800;1
798.8;1764556800;0
797.8;1764556800;0
798.7;1764556800;0
798.0;1764556800;0
798.8;1764556800;0
697.1;1764556800;2
698.4;1764556800;0
479.0;1764556800;2
399.2;1764556800;0
29.9;1764687872;0
0.0;1764687872;0
119.8;1764818944;6
99.8;1764818944;0
129.8;1764818944;0
459.3;1765343232;1
608.0;1765343232;0
598.9;1765343232;0
598.5;1765474304;0
738.3;1765474304;0
774.6;1765474304;1
598.6;1765474304;0
598.6;1765474304;0
568.7;1765474304;0
488.8;1765474304;0
149.6;1765605376;0
0.0;1765605376;0
49.9;1765605376;4
99.7;1765605376;2
99.8;1765605376;0
263.7;1766391808;1
625.7;1766391808;0
608.9;1766391808;0
697.1;1766391808;0
708.3;1766391808;0
698.2;1766391808;0
772.4;1766391808;1
807.3;1766391808;0
716.2;1766391808;0
498.8;1766391808;2
349.1;1766391808;0
189.7;1766391808;0
119.7;1766391808;0
0.0;1766391808;0
89.8;1766391808;8
99.7;1766522880;3
99.8;1766522880;0
139.8;1766653952;0
489.3;1767309312;1
772.6;1767309312;0
768.8;1767309312;0
808.7;1767309312;0
788.7;1771503616;0
802.2;1771503616;0
798.8;1771503616;0
709.2;1771503616;0
696.0;1771503616;0
606.3;1771503616;0
369.0;1771503616;0
0.0;1771503616;0
49.9;1771634688;4
99.8;1771765760;3
99.8;1771765760;0
274.0;1772421120;1
687.3;1772421120;0
697.8;1772421120;0
688.3;1772421120;0
698.3;1772421120;0
698.8;1772421120;0
668.8;1772421120;0
618.8;1772421120;0
698.1;1772421120;0
656.4;1772421120;0
598.5;1772421120;0
319.2;1772552192;1
0.0;1772552192;0
59.9;1772552192;4
99.7;1772683264;2
99.8;1772683264;0
179.7;1772814336;0
643.2;1773469696;1
696.9;1773469696;0
698.7;1773469696;2
708.7;1773469696;0
708.8;1773469696;0
708.3;1773469696;0
680.0;1773469696;2
698.6;1773469696;0
648.7;1773469696;0
598.9;1773469696;0
449.0;1773469696;0
0.0;1773469696;0
49.9;1773469696;4
99.8;1773600768;2
99.8;1773600768;0
189.7;1773731840;0
672.3;1774256128;0
698.6;1774256128;0
743.2;1774256128;0
799.5;1774256128;0
800.4;1774256128;0
798.7;1774256128;0
760.0;1774256128;0
608.6;1774256128;0
499.0;1774256128;2
349.2;1774256128;0
199.6;1774256128;0
179.6;1774256128;0
0.0;1774256128;0
69.8;1774256128;6
99.8;1774387200;3
99.8;1774387200;0
149.7;1774518272;0
618.1;1774911488;0
696.3;1774911488;0
796.8;1775042560;2
797.4;1775042560;0
795.1;1779236864;0
636.8;1779367936;0
598.5;1779367936;2
684.0;1779367936;0
738.1;1779367936;0
707.3;1779367936;0
399.0;1779367936;2
0.0;1779367936;0
49.9;1779367936;4
99.8;1779367936;2
99.8;1779367936;0
288.5;1780154368;0
