199.6;319647744;509
99.9;415723520;978
109.9;512585728;955
129.8;550596608;1280
99.9;550727680;1500
109.8;550957056;1521
109.8;555282432;1496
89.9;555282432;1531
99.8;555282432;1483
99.9;572452864;1428
99.9;673771520;1001
99.9;775221248;1002
99.9;876015616;995
89.9;946532352;1177
109.8;946532352;1516
99.8;946532352;1535
99.8;946532352;1545
109.8;946532352;1550
99.8;946532352;1521
99.8;946532352;1554
99.8;946532352;1552
99.8;946925568;899
109.8;947056640;8
99.8;947056640;0
279.0;947974144;3
789.2;949678080;2
689.5;974319616;2
695.0;984453120;5
698.2;984453120;2
686.4;984453120;2
708.7;984715264;4
708.7;984715264;3
576.6;984715264;2
690.0;1275695104;2
516.0;1579257856;0
379.3;1836290048;0
489.0;1837469696;1
29.9;1837862912;3
0.0;1837862912;0
189.6;1736581120;8
99.8;1736581120;0
129.8;1736712192;0
419.4;1737236480;2
708.8;1738285056;0
724.0;1738285056;0
798.5;1738285056;0
806.2;1738285056;0
796.5;1738285056;2
788.4;1738285056;0
803.5;1738285056;0
699.0;1738285056;0
595.1;1738285056;1
20.0;1738285056;0
0.0;1738285056;0
119.8;1738416128;6
99.8;1738416128;0
119.8;1738416128;1
455.6;1738940416;0
707.9;1738940416;0
777.0;1738940416;0
798.8;1738940416;0
798.1;1739071488;0
808.5;1739071488;0
688.4;1739071488;0
498.9;1739071488;0
499.0;1739071488;0
499.0;1739071488;0
129.7;1739202560;1
0.0;1739202560;0
59.9;1739333632;4
99.8;1739464704;2
109.8;1739595776;0
388.1;1740251136;1
595.0;1740251136;1
658.4;1740251136;0
688.5;1740251136;0
708.4;1740251136;0
698.6;1740251136;0
678.3;1740251136;0
598.6;1740251136;0
554.5;1740251136;0
488.9;1740251136;0
449.1;1740251136;0
0.0;1740251136;0
29.8;1740251136;3
99.8;1740775424;8
99.8;1740775424;0
139.8;1740906496;1
610.8;1742086144;2
715.3;1742086144;1
715.3;1742086144;0
800.1;1742086144;0
778.5;1746280448;2
808.4;1746280448;0
798.4;1746280448;0
788.8;1746280448;0
786.4;1746280448;0
506.8;1746280448;1
219.4;1746411520;1
0.0;1746411520;0
59.9;1746411520;5
99.8;1746411520;2
99.8;1746411520;0
189.7;1746804736;0
575.6;1747197952;1
798.2;1747197952;0
782.0;1747197952;0
798.3;1747197952;0
748.2;1747197952;0
677.0;1747197952;0
598.7;1747197952;0
199.6;1747197952;0
199.6;1747197952;0
199.6;1747197952;0
199.6;1747197952;0
199.6;1747197952;0
219.6;1747197952;0
89.8;1747329024;0
0.0;1747329024;0
89.8;1747460096;6
99.8;1747460096;0
99.9;1747591168;0
346.0;1748246528;1
675.8;1748246528;1
598.3;1748246528;0
760.7;1748246528;0
798.6;1748246528;0
787.6;1748246528;0
725.2;1748246528;0
708.0;1748246528;0
698.4;1748246528;0
588.8;1748246528;1
379.0;1748246528;0
0.0;1748246528;0
49.9;1748246528;4
99.8;1748246528;2
99.8;1748246528;0
149.8;1748377600;0
478.3;1749295104;1
696.6;1749295104;0
797.8;1749295104;1
803.7;1749295104;0
789.4;1749295104;2
778.5;1749295104;0
608.9;1749295104;0
588.9;1749295104;0
528.8;1749295104;0
509.2;1749557248;1
509.0;1749557248;0
79.8;1749557248;1
0.0;1749557248;0
109.8;1749688320;10
99.8;1749688320;0
139.7;1749819392;0
459.0;1750343680;0
712.1;1750343680;0
788.6;1750343680;0
798.1;1750343680;0
788.0;1754669056;2
787.3;1754669056;0
797.7;1754669056;0
798.3;1754669056;0
698.4;1754669056;1
439.2;1754669056;0
19.9;1754800128;1
0.0;1754800128;0
109.8;1754931200;6
99.8;1754931200;0
119.8;1754931200;0
439.3;1755586560;0
707.0;1755586560;0
755.0;1755586560;0
789.2;1755717632;0
789.7;1755717632;0
766.5;1755717632;0
800.0;1755717632;0
708.5;1755717632;0
598.6;1755717632;0
608.6;1755717632;0
139.5;1755979776;0
0.0;1755979776;0
99.8;1755979776;6
99.8;1755979776;0
99.9;1755979776;0
359.4;1756504064;0
690.5;1756504064;0
686.0;1756635136;0
698.4;1756635136;0
698.6;1756635136;0
698.2;1756635136;0
744.0;1756635136;0
698.3;1756635136;0
598.5;1756635136;0
498.9;1756635136;0
449.2;1756635136;0
49.9;1756635136;0
0.0;1756635136;0
109.8;1756766208;6
99.8;1756766208;0
119.8;1756897280;1
349.4;1757421568;0
708.5;1757683712;2
708.1;1757683712;0
761.4;1757683712;2
748.5;1757683712;4
633.2;1757683712;0
528.8;1757683712;0
299.4;1757683712;0
99.8;1757814784;1
0.0;1757814784;0
89.9;1757945856;9
99.8;1757945856;0
99.8;1757945856;0
305.2;1758732288;1
675.6;1758732288;0
698.4;1758732288;0
688.1;1758863360;0
698.6;1759256576;2
698.5;1763057664;0
688.7;1763057664;0
668.4;1763057664;0
648.7;1763057664;0
598.6;1763057664;0
588.6;1763057664;0
79.8;1763057664;1
0.0;1763057664;0
89.8;1763057664;6
99.8;1763057664;0
149.7;1763057664;0
429.4;1763713024;1
618.4;1763844096;0
730.5;1763844096;0
789.0;1763844096;0
808.4;1763844096;0
756.2;1763844096;2
688.0;1763844096;0
708.1;1763844096;0
688.7;1763975168;2
548.9;1763975168;0
319.3;1763975168;1
0.0;1763975168;0
39.9;1763975168;4
99.8;1763975168;2
99.8;1763975168;0
199.7;1764892672;1
680.4;1764892672;0
709.7;1764892672;0
788.8;1764892672;0
798.5;1764892672;0
803.7;1764892672;0
787.4;1764892672;0
634.2;1764892672;0
399.4;1764892672;0
465.5;1764892672;2
499.0;1764892672;0
89.8;1764892672;0
0.0;1764892672;0
109.8;1765023744;6
99.8;1765023744;0
139.8;1765154816;0
409.3;1765941248;0
763.0;1765941248;0
806.1;1765941248;0
790.1;1765941248;2
804.4;1765941248;2
799.5;1765941248;0
638.4;1765941248;0
693.2;1765941248;0
698.7;1765941248;0
548.6;1765941248;0
229.5;1765941248;0
0.0;1765941248;0
89.8;1765941248;7
99.8;1766072320;2
99.8;1766072320;0
319.1;1766596608;0
721.0;1766596608;0
729.7;1766596608;0
788.4;1766727680;0
787.9;1770921984;0
798.0;1771053056;0
797.6;1771053056;0
757.8;1771053056;0
698.6;1771053056;0
598.4;1771053056;0
269.1;1771315200;0
0.0;1771315200;0
59.9;1771315200;4
99.7;1771315200;2
99.8;1771315200;0
228.7;1771839488;0
733.9;1771839488;0
708.7;1771839488;0
708.7;1771839488;0
696.6;1771839488;0
698.5;1771839488;0
688.1;1771839488;0
589.0;1771839488;0
459.2;1771839488;0
528.7;1771839488;0
