0.0;10510336;0
0.0;10510336;0
0.0;10510336;0
0.0;10510336;0
56.8;12582912;0
100.3;12943360;0
166.2;13660160;0
182.8;13176832;0
127.8;14536704;0
100.8;14049280;0
83.1;15216640;0
100.3;15486976;0
182.8;16789504;0
182.8;16171008;0
127.8;18276352;0
100.8;16773120;0
99.7;17944576;0
116.4;19464192;0
114.7;18677760;0
16.6;19595264;0
99.7;19976192;0
133.0;21131264;0
200.7;21671936;0
170.5;22134784;0
100.8;22405120;0
83.1;22822912;0
100.3;23228416;0
156.2;24793088;0
201.6;24842240;0
216.1;24129536;695
200.7;24399872;814
114.7;26234880;806
83.1;23080960;12
199.5;26206208;0
200.7;26198016;0
200.7;26357760;0
149.6;24100864;0
168.0;24363008;0
99.7;33968128;114
66.5;33812480;0
99.7;33968128;0
143.3;35880960;0
198.9;35872768;0
184.8;35319808;0
199.5;35315712;0
200.7;35463168;0
142.0;35581952;0
151.2;33509376;0
83.1;32002048;0
83.1;34508800;0
100.8;34639872;0
199.5;35553280;0
172.0;35598336;0
198.9;35598336;0
201.6;35889152;0
199.5;36012032;0
129.0;37044224;0
43.0;33783808;0
142.0;35504128;0
199.5;35635200;0
199.5;35991552;0
201.6;36265984;0
156.2;36245504;0
100.3;32436224;0
66.5;34115584;0
99.7;34381824;0
182.8;35655680;0
199.5;33542144;0
186.4;35803136;0
199.5;35803136;0
201.6;36163584;0
116.4;37281792;0
71.7;32555008;0
113.6;35880960;0
100.8;33402880;0
116.4;36372480;0
199.5;36372480;0
172.0;32837632;0
0.0;32837632;0
49.9;35008512;0
99.7;35000320;0
134.4;33808384;0
49.9;32915456;0
83.1;35893248;0
100.8;36024320;0
56.8;32129024;0
0.0;33832960;0
33.2;35692544;0
16.6;36024320;0
100.8;36024320;0
116.4;32403456;0
0.0;32403456;0
50.4;34578432;0
99.7;34840576;0
116.4;33304576;0
99.4;33304576;0
129.0;36474880;0
33.2;34689024;0
85.2;35577856;0
100.8;35708928;0
133.0;34111488;0
0.0;33718272;0
99.7;34656256;0
114.7;36261888;0
114.7;33579008;0
28.4;35590144;0
100.3;35721216;0
143.3;33865728;0
66.5;32960512;0
66.5;35344384;0
99.7;35532800;0
168.0;37371904;0
199.5;37642240;0
129.0;34160640;0
100.3;34160640;0
99.7;35704832;0
99.7;36474880;0
116.4;34029568;0
16.8;36270080;0
99.7;36270080;0
133.0;36528128;0
201.6;36794368;0
133.0;32604160;0
0.0;32604160;0
66.5;35713024;0
99.7;35835904;0
134.4;33628160;0
16.6;32735232;0
49.9;32874496;0
14.3;35840000;0
100.3;35835904;0
127.8;37072896;0
86.0;33026048;0
49.9;35532800;0
100.8;35532800;0
83.1;33300480;0
0.0;33300480;0
86.0;35987456;0
100.3;36126720;0
127.8;34746368;0
28.7;35201024;0
99.4;35332096;0
129.0;36970496;0
71.7;33058816;0
42.6;35504128;0
100.8;35770368;0
133.0;37466112;0
49.9;35688448;0
66.5;36343808;0
99.7;36474880;0
134.4;34521088;0
33.2;33624064;0
49.9;36446208;0
100.8;36442112;0
149.6;34521088;0
33.2;33624064;0
28.7;36511744;0
16.6;37797888;0
99.7;37797888;0
134.4;38883328;0
83.1;33488896;0
49.9;36388864;0
100.8;36515840;0
85.2;33755136;0
0.0;33755136;0
83.1;36917248;0
99.7;37048320;0
134.4;33468416;0
0.0;35606528;0
99.4;35868672;0
143.3;37392384;0
71.7;33501184;0
33.2;36536320;0
99.7;36532224;0
149.6;38162432;0
50.4;33366016;0
83.1;36323328;0
99.7;36458496;0
134.4;34394112;0
16.6;35745792;0
28.4;36929536;0
33.2;37089280;0
0.0;37208064;0
56.8;37220352;0
100.3;37220352;0
114.7;34971648;0
99.4;34971648;0
129.0;37773312;0
14.3;34705408;0
16.6;36552704;0
28.4;37818368;0
0.0;37937152;0
33.2;38080512;0
0.0;38080512;0
28.7;38076416;0
0.0;38076416;0
99.7;38117376;0
116.4;38461440;0
100.8;34926592;0
33.2;37076992;0
0.0;37330944;0
49.9;37478400;0
0.0;37478400;0
28.7;37560320;0
0.0;37560320;0
99.7;37871616;0
99.7;38944768;0
100.3;35344384;0
0.0;37445632;0
0.0;34471936;0
56.8;37376000;0
100.3;37507072;0
127.8;34541568;0
43.0;34656256;0
100.3;37027840;0
113.6;38395904;0
129.0;33357824;0
28.7;36335616;0
99.7;36335616;0
133.0;38240256;0
66.5;36462592;0
49.9;37347328;0
100.8;37613568;0
133.0;39018496;0
33.2;37244928;0
33.6;37240832;0
0.0;37289984;0
100.3;37302272;0
127.8;38576128;0
71.7;34840576;0
42.6;37089280;0
0.0;37072896;0
14.3;37613568;0
0.0;37613568;0
28.7;33832960;0
16.6;36560896;0
0.0;36814848;0
49.9;33968128;0
0.0;33968128;0
43.0;36528128;0
0.0;36515840;0
49.9;36790272;0
99.7;36790272;0
149.6;38305792;0
33.6;34369536;0
28.7;34369536;0
0.0;34369536;0
42.6;34238464;0
16.6;36614144;0
99.7;36614144;0
100.8;33030144;0
0.0;33030144;0
33.2;36237312;0
0.0;36237312;0
43.0;36839424;0
0.0;36839424;0
99.7;37273600;0
99.7;38834176;0
0.0;34050048;0
43.0;36814848;0
0.0;37470208;0
28.4;37531648;0
0.0;37531648;0
50.4;35119104;0
0.0;35119104;0
28.7;37355520;0
16.6;37519360;0
0.0;37498880;0
42.6;38490112;0
0.0;38453248;0
33.2;38494208;0
0.0;38477824;0
28.4;38465536;0
0.0;38465536;0
100.8;38551552;0
114.7;36237312;0
14.2;35319808;0
33.2;37306368;0
0.0;37687296;0
50.4;35209216;0
0.0;35209216;0
33.2;37707776;0
14.2;37855232;0
16.6;37961728;0
49.9;37552128;0
0.0;37552128;0
33.2;34942976;0
0.0;34942976;0
33.2;33878016;0
0.0;33878016;0
33.6;36581376;0
0.0;37326848;0
14.3;37310464;0
0.0;38109184;0
14.2;38273024;0
33.2;38539264;0
0.0;38522880;0
43.0;34181120;0
0.0;34181120;0
43.0;37507072;0
