0.0;10510336;0
0.0;10510336;0
0.0;10510336;0
42.6;11624448;0
99.7;12038144;0
149.6;13488128;0
200.7;13897728;0
198.9;14315520;0
201.6;14708736;0
199.5;15998976;0
143.3;15372288;0
182.8;15646720;0
134.4;16998400;0
199.5;17420288;0
200.7;17825792;0
133.0;18096128;0
199.5;19742720;0
184.7;19181568;0
200.7;20488192;0
199.5;20692992;0
182.8;22007808;0
129.0;22093824;0
49.9;22294528;0
99.7;22683648;0
157.7;23363584;65
172.0;23363584;850
149.6;26169344;801
168.0;23195648;611
166.2;25903104;0
200.7;25890816;0
99.7;22192128;0
0.0;22192128;0
16.6;22171648;0
0.0;22171648;0
100.8;23195648;0
99.7;23564288;0
83.1;31678464;114
14.2;34017280;0
100.3;34017280;0
129.0;35282944;0
199.5;35688448;0
184.8;34922496;0
198.9;34922496;0
199.5;35229696;0
182.8;35483648;0
134.4;32845824;0
56.8;32849920;0
100.3;32399360;0
0.0;32399360;0
66.5;35024896;0
99.7;35020800;0
182.8;36204544;0
186.4;36196352;0
184.7;35422208;0
201.6;35422208;0
199.5;35495936;0
133.0;36368384;0
71.0;34066432;0
129.0;35598336;0
200.7;35729408;0
198.9;36610048;0
201.6;36601856;0
166.2;36085760;0
172.0;33550336;0
113.6;33415168;0
157.7;34435072;0
199.5;35565568;0
199.5;35962880;0
186.4;34893824;0
184.7;35041280;0
200.7;35057664;0
199.5;35463168;0
201.6;37498880;0
199.5;37490688;0
129.0;35594240;0
199.5;35864576;0
199.5;35860480;0
199.5;36139008;0
200.7;36544512;0
200.7;36950016;0
66.5;39038976;0
71.7;36470784;0
199.5;36470784;0
199.5;38912000;0
199.5;39174144;0
200.7;39440384;0
129.0;37953536;0
133.0;39006208;0
168.0;39161856;0
199.5;39161856;0
200.7;39297024;0
184.7;39280640;0
100.3;35651584;0
216.1;37679104;0
199.5;37941248;0
201.6;38338560;0
170.5;38612992;0
86.0;37867520;0
213.1;38748160;0
201.6;38748160;0
199.5;38748160;0
199.5;38764544;0
157.7;35188736;0
85.2;37457920;0
200.7;37588992;0
198.9;37994496;0
201.6;38400000;0
199.5;38805504;0
99.7;35733504;0
100.8;38514688;0
133.0;38797312;0
186.4;38936576;0
184.7;36417536;0
200.7;37322752;0
200.7;37453824;0
199.5;37584896;0
84.0;38850560;0
199.5;38977536;0
200.7;38985728;0
198.9;39387136;0
200.7;39784448;0
133.0;35495936;0
99.7;39055360;0
168.0;39063552;0
133.0;39206912;0
166.2;35840000;0
133.0;38064128;0
49.9;33603584;0
134.4;37212160;0
99.7;37212160;0
199.5;37322752;0
172.0;37011456;0
28.4;37105664;0
16.6;37253120;0
0.0;37224448;0
56.8;37933056;0
100.3;37933056;0
66.5;32845824;0
0.0;32845824;0
43.0;36171776;0
0.0;36171776;0
28.4;33382400;0
14.3;36323328;0
99.4;36323328;0
129.0;37289984;0
71.7;32849920;0
42.6;35676160;0
0.0;35799040;0
50.4;33820672;0
0.0;33820672;0
33.2;36392960;0
0.0;36392960;0
99.7;36671488;0
99.7;36671488;0
114.7;33918976;0
99.4;34050048;0
43.0;36757504;0
16.8;36929536;0
0.0;37314560;0
33.2;34365440;0
0.0;34365440;0
56.8;37044224;0
100.3;37044224;0
57.3;35246080;0
0.0;35246080;0
99.7;37142528;0
100.8;38363136;0
116.4;35532800;0
16.6;36978688;0
0.0;33849344;0
42.6;36298752;0
100.3;36298752;0
71.7;33058816;0
0.0;33058816;0
66.5;33185792;0
0.0;33767424;0
100.8;36175872;0
113.6;34209792;0
99.7;34340864;0
127.8;37543936;0
57.3;33583104;0
28.7;36806656;0
0.0;36806656;0
83.1;37138432;0
100.8;37138432;0
49.9;33210368;0
16.6;36458496;0
0.0;36990976;0
33.2;37699584;0
0.0;37699584;0
43.0;38035456;0
100.8;38031360;0
83.1;34410496;0
0.0;34410496;0
28.7;37318656;0
0.0;34279424;0
49.9;34279424;0
0.0;34279424;0
86.0;37187584;0
99.4;37187584;0
129.0;38649856;0
14.3;35979264;0
16.6;36503552;0
28.4;33873920;0
0.0;33873920;0
67.2;36782080;0
99.7;36782080;0
113.6;34766848;0
100.3;34766848;0
42.6;33927168;0
16.6;36958208;0
14.3;37203968;0
33.6;37818368;0
100.3;37818368;0
71.0;33054720;0
0.0;33054720;0
28.7;36540416;0
0.0;36937728;0
16.6;36929536;0
28.4;37076992;0
99.7;37076992;0
83.1;33095680;0
0.0;33095680;0
14.3;36687872;0
0.0;36687872;0
16.6;37474304;0
0.0;37474304;0
99.4;37810176;0
129.0;39329792;0
86.0;34422784;0
42.6;36810752;0
0.0;36794368;0
33.2;37105664;0
0.0;37105664;0
33.2;37380096;0
0.0;37658624;0
28.7;37642240;0
50.4;34275328;0
0.0;34275328;0
28.4;36884480;0
0.0;36884480;0
33.6;34279424;0
16.8;37097472;0
0.0;37085184;0
42.6;37236736;0
99.7;37269504;0
133.0;38666240;0
33.2;33484800;0
86.0;36421632;0
100.3;36618240;0
42.6;34267136;0
28.4;36876288;0
16.6;36982784;0
49.9;34258944;0
0.0;34258944;0
28.7;36646912;0
99.7;36651008;0
116.4;35835904;0
0.0;35835904;0
49.9;38002688;0
0.0;38002688;0
57.3;38113280;0
100.3;38113280;0
66.5;35237888;0
0.0;35237888;0
33.2;37740544;0
28.7;38187008;0
0.0;38309888;0
49.9;38457344;0
99.4;38428672;0
114.7;35065856;0
99.4;35065856;0
133.0;37765120;0
117.6;38293504;0
116.4;38670336;0
66.5;36462592;0
100.8;36589568;0
116.4;34254848;0
99.4;34521088;0
129.0;37941248;0
99.7;37941248;0
99.7;38592512;0
100.8;39129088;0
199.5;39067648;0
182.8;39235584;0
200.7;39235584;0
200.7;39235584;0
184.7;39235584;0
199.5;39391232;0
166.2;39387136;0
199.5;41336832;0
184.8;41467904;0
129.0;41873408;0
113.6;41873408;0
200.7;41873408;0
201.6;42000384;0
199.5;41996288;0
99.7;41111552;0
129.0;39993344;0
170.5;40271872;0
