0.0;10518528;0
0.0;10518528;0
0.0;10518528;0
0.0;10518528;0
0.0;10518528;0
16.6;11554816;0
100.8;11935744;0
142.0;14258176;0
67.2;12734464;0
49.9;13762560;0
100.3;14106624;0
113.6;14737408;0
100.8;15142912;0
99.7;15728640;0
0.0;15728640;0
71.7;16756736;0
99.4;17162240;0
133.0;19058688;0
16.6;17625088;0
100.8;18927616;0
99.4;19197952;0
129.0;20426752;0
0.0;20553728;0
16.6;21352448;0
16.6;21643264;0
16.6;22450176;0
16.8;22609920;0
99.7;23470080;677
133.0;22769664;795
201.6;23175168;798
142.0;22482944;285
99.7;22605824;0
133.0;24248320;0
50.4;21950464;0
42.6;23506944;0
0.0;23506944;0
71.7;25526272;0
99.7;25571328;0
182.8;33341440;114
14.3;31633408;0
43.0;31899648;0
0.0;31899648;0
43.0;31903744;0
14.3;34447360;0
99.7;34447360;0
129.0;35790848;0
66.5;31363072;0
16.8;34783232;0
0.0;34783232;0
33.2;34799616;0
0.0;34799616;0
83.1;34844672;0
100.3;34844672;0
184.7;35840000;0
200.7;35835904;0
199.5;35356672;0
199.5;35414016;0
201.6;35454976;0
127.8;35987456;0
149.6;35459072;0
133.0;34963456;0
201.6;34963456;0
184.7;32706560;0
43.0;33992704;0
33.2;34557952;0
99.7;34557952;0
127.8;32600064;0
57.3;32583680;0
49.9;34689024;0
99.7;34951168;0
134.4;32346112;0
33.2;31580160;0
28.7;31854592;0
0.0;31854592;0
100.3;34504704;0
129.0;36081664;0
116.4;33812480;0
16.8;34603008;0
99.7;34734080;0
116.4;36511744;0
83.1;32772096;0
100.8;35209216;0
113.6;36450304;0
100.3;33058816;0
28.4;35897344;0
14.3;32653312;0
43.0;35495936;0
99.4;35495936;0
157.7;36642816;0
199.5;36638720;0
182.8;36446208;0
199.5;36577280;0
129.0;36978688;0
43.0;33497088;0
85.2;35569664;0
100.3;35573760;0
200.7;37068800;0
182.8;36380672;0
116.4;36491264;0
83.1;35545088;0
0.0;35667968;0
33.2;36098048;0
99.7;36098048;0
84.0;31735808;0
0.0;31735808;0
83.1;34775040;0
99.7;35037184;0
129.0;36917248;0
28.7;36900864;0
99.7;37089280;0
114.7;37371904;0
186.4;37367808;0
184.7;36970496;0
199.5;36974592;0
199.5;37859328;0
168.0;36569088;0
149.6;38920192;0
100.3;32432128;0
28.7;34426880;0
0.0;34426880;0
71.7;35586048;0
99.4;35717120;0
186.4;36896768;0
199.5;33734656;0
133.0;33329152;0
67.2;35000320;0
0.0;35520512;0
33.2;35876864;0
0.0;32845824;0
56.8;35164160;0
100.8;35160064;0
133.0;33890304;0
49.9;32997376;0
43.0;35778560;0
0.0;35778560;0
42.6;35909632;0
16.6;36012032;0
99.7;36143104;0
133.0;34975744;0
84.0;34082816;0
49.9;33550336;0
0.0;33550336;0
67.2;36069376;0
99.7;36069376;0
133.0;38051840;0
16.6;35753984;0
28.4;34004992;0
14.3;35823616;0
16.8;32743424;0
33.2;36315136;0
0.0;34521088;0
28.7;36720640;0
0.0;35082240;0
33.2;36220928;0
0.0;36220928;0
43.0;37437440;0
0.0;37437440;0
83.1;37949440;0
100.8;37949440;0
16.6;33718272;0
16.6;36343808;0
14.3;36737024;0
50.4;37064704;0
0.0;33984512;0
42.6;33583104;0
0.0;33583104;0
33.2;36356096;0
0.0;36478976;0
43.0;36970496;0
0.0;36970496;0
42.6;33329152;0
0.0;33329152;0
71.7;35966976;0
100.3;36098048;0
127.8;37666816;0
14.3;35893248;0
33.2;33464320;0
16.6;36577280;0
0.0;36691968;0
28.7;37380096;0
0.0;37380096;0
49.9;37531648;0
0.0;37531648;0
33.6;33984512;0
14.3;36884480;0
16.6;37134336;0
28.4;35229696;0
0.0;35229696;0
49.9;36446208;0
0.0;36446208;0
28.7;34430976;0
0.0;34430976;0
28.7;33357824;0
16.6;36466688;0
0.0;35090432;0
49.9;35614720;0
0.0;35614720;0
33.2;36061184;0
0.0;36061184;0
83.1;37888000;0
99.7;37888000;0
149.6;34947072;0
16.8;34578432;0
100.3;36966400;0
133.0;38666240;0
83.1;33787904;0
50.4;36700160;0
99.7;37097472;0
83.1;34398208;0
0.0;34398208;0
85.2;37310464;0
100.3;37445632;0
129.0;34811904;0
16.6;36835328;0
99.7;36974592;0
129.0;34410496;0
71.7;34529280;0
56.8;36704256;0
100.3;36843520;0
149.6;35078144;0
16.6;33169408;0
100.3;36536320;0
114.7;38608896;0
71.0;35397632;0
43.0;37302272;0
100.3;37302272;0
127.8;35016704;0
57.3;35000320;0
33.2;34250752;0
0.0;34250752;0
42.6;36868096;0
14.3;37384192;0
16.8;37376000;0
50.4;34111488;0
0.0;34111488;0
28.4;37269504;0
0.0;37269504;0
14.3;37679104;0
0.0;37732352;0
99.7;37732352;0
143.3;34353152;0
71.0;34336768;0
49.9;37236736;0
100.8;37498880;0
133.0;38305792;0
16.6;37142528;0
33.2;34111488;0
0.0;36618240;0
100.8;36618240;0
116.4;33595392;0
0.0;33595392;0
49.9;36634624;0
0.0;36634624;0
85.2;36986880;0
100.3;37806080;0
129.0;37982208;0
16.6;36630528;0
0.0;37138432;0
28.7;37543936;0
0.0;37543936;0
49.9;37679104;0
0.0;37679104;0
14.2;34435072;0
0.0;36937728;0
0.0;37056512;0
43.0;37650432;0
0.0;37650432;0
14.2;38121472;0
0.0;38088704;0
16.6;38137856;0
28.7;38154240;0
0.0;38137856;0
33.2;38174720;0
0.0;38174720;0
33.2;38182912;0
0.0;38711296;0
28.7;34324480;0
14.3;37167104;0
0.0;37285888;0
43.0;37425152;0
0.0;37543936;0
33.2;38260736;0
0.0;38260736;0
33.2;38449152;0
0.0;38449152;0
33.2;38449152;0
16.6;38465536;0
14.2;38449152;0
42.6;34336768;0
0.0;34336768;0
33.6;37097472;0
0.0;37097472;0
49.9;37269504;0
16.6;37474304;0
0.0;34512896;0
33.2;37703680;0
0.0;37703680;0
49.9;38125568;0
0.0;38125568;0
33.2;38117376;0
