0.0;10502144;0
0.0;10502144;0
0.0;10502144;0
0.0;10502144;0
49.9;12558336;0
100.3;12902400;0
116.4;12783616;0
99.7;13119488;0
142.0;14417920;0
43.0;13660160;0
86.0;14802944;0
99.7;15228928;0
201.6;16461824;0
198.9;16105472;0
200.7;17272832;0
199.5;18890752;0
201.6;19030016;0
127.8;19365888;0
168.0;18759680;0
199.5;20131840;0
200.7;20541440;0
198.9;22859776;0
201.6;21405696;0
199.5;22548480;0
129.0;22880256;0
133.0;24719360;0
149.6;22679552;0
142.0;25513984;160
252.0;25526272;827
232.7;25657344;798
166.2;23785472;542
172.0;26300416;0
66.5;23560192;0
83.1;23126016;0
99.7;23396352;0
33.6;21995520;0
0.0;21995520;0
66.5;32038912;114
16.8;34013184;0
99.7;34013184;0
133.0;35352576;0
71.0;33562624;0
43.0;34467840;0
99.7;34598912;0
133.0;33091584;0
50.4;32186368;0
49.9;33173504;0
0.0;33173504;0
71.0;34979840;0
100.3;34975744;0
149.6;36020224;0
16.6;33501184;0
33.6;31932416;0
16.6;34177024;0
99.7;34312192;0
116.4;32714752;0
0.0;32714752;0
33.6;34426880;0
0.0;34426880;0
33.2;35229696;0
0.0;35229696;0
28.4;35561472;0
0.0;35561472;0
42.6;35553280;0
0.0;35553280;0
16.8;35745792;0
16.6;35762176;0
16.6;35733504;0
33.6;36769792;0
14.3;34988032;0
42.6;32935936;0
0.0;32935936;0
42.6;32804864;0
0.0;32804864;0
28.7;32706560;0
0.0;32706560;0
43.0;35168256;0
0.0;35168256;0
49.9;35479552;0
0.0;35479552;0
99.7;35692544;0
99.7;35688448;0
117.6;35483648;0
28.4;35098624;0
99.7;35098624;0
129.0;36700160;0
83.1;32833536;0
33.2;35799040;0
99.7;35799040;0
151.2;36732928;0
198.9;37003264;0
157.7;36339712;0
99.7;36339712;0
33.2;34213888;0
0.0;34213888;0
85.2;36151296;0
100.3;36147200;0
133.0;37478400;0
16.6;35250176;0
100.8;35250176;0
133.0;36757504;0
83.1;32595968;0
49.9;35266560;0
99.7;35397632;0
84.0;35049472;0
0.0;35049472;0
49.9;32358400;0
0.0;32358400;0
33.2;35409920;0
0.0;35409920;0
28.7;35688448;0
0.0;36327424;0
99.7;36368384;0
117.6;34222080;0
99.7;34353152;0
83.1;35741696;0
100.8;35737600;0
142.0;34373632;0
57.3;33476608;0
42.6;33337344;0
0.0;33337344;0
33.6;33206272;0
0.0;33206272;0
42.6;34426880;0
14.3;36462592;0
16.8;34684928;0
33.2;33255424;0
0.0;33255424;0
33.2;34439168;0
0.0;34439168;0
71.7;36417536;0
99.7;36417536;0
127.8;37429248;0
28.7;34607104;0
100.8;35807232;0
127.8;37130240;0
100.3;34594816;0
42.6;35110912;0
100.3;35241984;0
129.0;37265408;0
56.8;34607104;0
43.0;33812480;0
0.0;33812480;0
66.5;35921920;0
100.3;36052992;0
127.8;37597184;0
43.0;34942976;0
33.6;35164160;0
0.0;35164160;0
49.9;33710080;0
0.0;33710080;0
33.6;35012608;0
16.6;37191680;0
14.3;35680256;0
28.4;37584896;0
0.0;33296384;0
57.3;36356096;0
100.3;36487168;0
166.2;37654528;0
186.4;34332672;0
133.0;37191680;0
83.1;35405824;0
16.6;36409344;0
16.6;36687872;0
100.3;36687872;0
129.0;34578432;0
71.0;33275904;0
57.3;34844672;0
0.0;34844672;0
49.9;36003840;0
0.0;36003840;0
100.3;36077568;0
113.6;37236736;0
200.7;37240832;0
199.5;36966400;0
99.7;32813056;0
33.6;32944128;0
0.0;32944128;0
56.8;35467264;0
100.3;35467264;0
170.5;36552704;0
186.4;33837056;0
114.7;36356096;0
85.2;36556800;0
14.3;36671488;0
0.0;37462016;0
28.7;37433344;0
33.2;37576704;0
99.7;37576704;0
149.6;38481920;0
199.5;38469632;0
143.3;34627584;0
99.4;34627584;0
71.7;35463168;0
100.3;35868672;0
198.9;37142528;0
172.0;36839424;0
127.8;36954112;0
86.0;36401152;0
100.3;36532224;0
142.0;38322176;0
200.7;38318080;0
172.0;37994496;0
198.9;37994496;0
200.7;37994496;0
184.7;37994496;0
200.7;37994496;0
133.0;37982208;0
133.0;39075840;0
100.8;34852864;0
133.0;37298176;0
116.4;34447360;0
100.3;34447360;0
133.0;36859904;0
184.8;36990976;0
166.2;34705408;0
0.0;34705408;0
49.9;36220928;0
0.0;36220928;0
33.6;33828864;0
16.6;36220928;0
99.7;36220928;0
114.7;34775040;0
99.4;34775040;0
133.0;37101568;0
57.3;36208640;0
28.4;36257792;0
0.0;36257792;0
100.8;36593664;0
114.7;37675008;0
116.4;34086912;0
14.3;36704256;0
0.0;36704256;0
33.2;35840000;0
0.0;35840000;0
71.7;38203392;0
99.4;38203392;0
133.0;39399424;0
16.8;39538688;0
14.3;39522304;0
49.9;39555072;0
99.7;39555072;0
83.1;38817792;0
0.0;38817792;0
49.9;33849344;0
14.3;36904960;0
16.8;37163008;0
43.0;37437440;0
0.0;37437440;0
42.6;37613568;0
0.0;37613568;0
28.7;37871616;0
16.8;38027264;0
0.0;38019072;0
100.3;38035456;0
129.0;39067648;0
71.0;33697792;0
28.7;34398208;0
0.0;34398208;0
33.2;37572608;0
0.0;37572608;0
49.9;37781504;0
0.0;37781504;0
42.6;38252544;0
0.0;38252544;0
33.2;38252544;0
28.7;38400000;0
0.0;38387712;0
43.0;38518784;0
0.0;38494208;0
33.2;38645760;0
100.3;38645760;0
86.0;37740544;0
0.0;37740544;0
28.4;36929536;0
16.6;37294080;0
0.0;37691392;0
43.0;34705408;0
0.0;34705408;0
85.2;37670912;0
100.3;37670912;0
117.6;34861056;0
16.6;37015552;0
14.2;37142528;0
49.9;34361344;0
0.0;34361344;0
84.0;37072896;0
99.7;37072896;0
127.8;36777984;0
0.0;35749888;0
14.3;37412864;0
33.2;37838848;0
0.0;37826560;0
49.9;37945344;0
0.0;37945344;0
28.7;34545664;0
0.0;34545664;0
33.2;37183488;0
16.6;37642240;0
99.7;37642240;0
