0.0;10493952;0
0.0;10493952;0
0.0;10493952;0
0.0;10493952;0
33.6;18636800;0
99.4;18685952;0
143.3;34295808;0
199.5;27131904;0
232.7;32067584;0
213.1;35397632;0
229.4;41615360;0
200.7;51318784;0
199.5;51421184;0
201.6;51421184;0
198.9;51507200;0
133.0;37683200;0
216.1;51699712;0
201.6;51834880;0
184.7;43728896;0
117.6;41668608;0
199.5;51822592;0
199.5;51863552;0
198.9;51863552;0
200.7;51929088;0
199.5;51949568;0
199.5;51961856;0
200.7;51978240;0
149.6;43937792;0
199.5;52015104;0
215.0;52129792;0
186.4;52203520;0
199.5;52215808;0
201.6;52240384;0
182.8;52240384;0
200.7;52293632;0
199.5;52310016;0
201.6;52326400;0
198.9;52326400;0
200.7;52330496;0
199.5;52523008;0
199.5;52527104;0
149.6;39120896;0
129.0;38920192;0
215.0;52641792;0
199.5;52641792;0
201.6;52641792;0
199.5;52641792;0
200.7;52711424;0
198.9;52715520;0
201.6;52760576;0
199.5;52776960;0
200.7;52797440;0
200.7;52932608;0
199.5;52936704;0
199.5;52936704;0
143.3;44965888;0
157.7;45060096;0
213.1;52994048;0
201.6;52994048;0
199.5;52994048;0
200.7;53018624;0
198.9;53153792;0
200.7;53153792;0
199.5;53153792;0
199.5;53153792;0
201.6;53219328;0
198.9;53219328;0
200.7;53219328;0
199.5;53219328;0
201.6;45182976;0
166.2;46268416;0
143.3;54538240;0
201.6;54534144;0
198.9;54534144;0
258.0;54599680;510
182.8;54599680;0
201.6;54599680;0
149.6;46567424;0
249.3;53649408;0
201.6;53649408;0
198.9;53694464;0
200.7;53702656;0
199.5;53702656;0
201.6;53751808;0
199.5;53796864;0
200.7;53796864;0
200.7;53796864;0
199.5;53837824;0
166.2;45821952;0
199.5;54738944;0
201.6;54738944;0
170.5;45707264;0
172.0;54882304;0
200.7;54886400;0
199.5;54886400;0
199.5;54886400;0
199.5;54886400;0
201.6;54886400;0
198.9;54886400;0
200.7;54886400;0
200.7;54886400;0
199.5;54886400;0
172.0;43274240;0
198.9;53846016;0
200.7;53907456;0
186.4;53907456;0
227.3;54050816;0
201.6;54059008;0
199.5;54063104;0
199.5;54063104;0
199.5;54104064;0
199.5;54104064;0
201.6;54140928;0
198.9;54157312;0
200.7;54157312;0
200.7;40280064;0
213.1;54038528;0
200.7;54038528;0
184.7;46006272;0
168.0;53927936;0
199.5;53932032;0
199.5;53932032;0
201.6;53932032;0
199.5;53932032;0
199.5;53932032;0
199.5;53932032;0
200.7;53932032;0
200.7;54067200;0
113.6;49037312;0
229.4;53923840;0
200.7;53927936;0
213.1;46927872;0
199.5;55001088;0
199.5;55058432;0
201.6;55058432;0
199.5;55058432;0
199.5;55107584;0
201.6;55107584;0
199.5;55107584;0
199.5;55107584;0
199.5;55119872;0
199.5;55119872;0
201.6;55119872;0
116.4;40308736;0
149.6;39944192;0
201.6;53911552;0
199.5;54009856;0
199.5;54013952;0
199.5;54013952;0
199.5;54013952;0
201.6;54030336;0
199.5;54079488;0
199.5;54083584;0
168.0;54149120;0
199.5;54149120;0
166.2;53805056;0
216.1;54030336;0
199.5;54030336;0
201.6;45998080;0
166.2;54931456;0
199.5;54931456;0
201.6;54931456;0
182.8;54931456;0
198.9;54931456;0
200.7;54927360;0
198.9;54927360;0
200.7;54927360;0
200.7;54927360;0
142.0;38883328;0
213.1;55062528;0
200.7;55062528;0
243.7;44908544;0
198.9;55095296;0
199.5;55095296;0
199.5;55095296;0
199.5;55095296;0
201.6;55095296;0
199.5;55095296;0
182.8;55095296;0
201.6;55091200;0
149.6;40558592;0
216.1;54132736;0
198.9;54132736;0
200.7;54132736;0
200.7;54132736;0
156.2;46096384;0
186.4;54071296;0
200.7;54071296;0
198.9;54071296;0
200.7;54071296;0
198.9;54087680;0
200.7;54087680;0
200.7;54087680;0
198.9;54087680;0
229.4;45723648;0
201.6;54980608;0
199.5;54980608;0
170.5;54988800;0
200.7;54988800;0
156.3;46952448;0
215.0;55001088;0
200.7;55001088;0
198.9;55001088;0
186.4;55001088;0
199.5;55001088;0
149.6;42541056;0
199.5;54181888;0
199.5;54181888;0
199.5;54181888;0
201.6;54181888;0
199.5;54181888;0
199.5;54239232;0
201.6;46206976;0
232.7;55095296;0
199.5;55095296;0
199.5;55095296;0
199.5;55095296;0
184.8;47063040;0
199.5;48676864;0
198.9;54226944;0
200.7;54226944;0
200.7;54226944;0
199.5;54226944;0
199.5;54226944;0
199.5;54226944;0
199.5;54226944;0
184.8;39714816;0
200.7;54177792;0
200.7;54177792;0
198.9;54177792;0
215.0;54886400;0
200.7;54898688;0
241.5;54026240;0
200.7;54026240;0
199.5;54083584;0
199.5;54083584;0
201.6;54083584;0
199.5;54083584;0
199.5;54083584;0
201.6;46051328;0
182.8;54050816;0
198.9;54054912;0
200.7;54091776;0
198.9;54091776;0
200.7;54091776;0
201.6;46055424;0
232.7;54816768;0
199.5;54816768;0
201.6;54878208;0
200.7;54906880;0
198.9;54906880;0
200.7;54910976;0
142.0;46874624;0
199.5;55230464;0
201.6;55230464;0
199.5;55230464;0
198.9;55230464;0
200.7;55230464;0
170.5;53694464;0
229.4;55234560;0
201.6;55238656;0
199.5;55238656;0
199.5;55238656;0
201.6;55238656;0
199.5;55238656;0
133.0;45993984;0
216.1;54923264;0
198.9;54923264;0
200.7;54972416;0
200.7;54972416;0
149.6;41746432;0
199.5;54517760;0
201.6;54509568;0
199.5;54509568;0
198.9;54509568;0
200.7;54509568;0
198.9;54509568;0
114.7;46477312;0
215.0;55635968;0
199.5;55635968;0
199.5;55652352;0
201.6;55652352;0
199.5;55652352;0
213.1;54439936;0
200.7;54439936;0
198.9;54439936;0
199.5;54444032;0
201.6;54444032;0
199.5;54444032;0
199.5;54444032;0
117.6;54292480;0
215.0;55070720;0
200.7;55070720;0
166.2;47038464;0
199.5;54358016;0
200.7;54358016;0
198.9;54358016;0
200.7;54358016;0
201.6;54362112;0
199.5;54362112;0
