0.0;10502144;0
0.0;10502144;0
0.0;10502144;0
0.0;10502144;0
0.0;10502144;0
16.8;16601088;0
99.7;18685952;0
129.0;27443200;0
216.1;27156480;0
218.4;31203328;0
216.1;35266560;0
200.7;37285888;0
232.7;51363840;0
182.8;43380736;0
241.5;51572736;0
201.6;51572736;0
199.5;51585024;0
200.7;51585024;0
200.7;51642368;0
199.5;51642368;0
199.5;51724288;0
200.7;51724288;0
199.5;43819008;0
116.4;31297536;0
252.0;52072448;0
199.5;52076544;0
199.5;52076544;0
198.9;52076544;0
200.7;52092928;0
199.5;52117504;0
199.5;52137984;0
201.6;52166656;0
198.9;52195328;0
199.5;52211712;0
198.9;52264960;0
201.6;52264960;0
199.5;52465664;0
200.7;52461568;0
200.7;52523008;0
199.5;36470784;0
199.5;51843072;0
199.5;52445184;0
201.6;52469760;0
198.9;52461568;0
186.4;52502528;0
199.5;52633600;0
199.5;52633600;0
199.5;52699136;0
200.7;52744192;0
199.5;52744192;0
149.6;44732416;0
235.2;52805632;0
198.9;52805632;0
200.7;52805632;0
116.4;44769280;0
235.2;52961280;0
199.5;52961280;0
200.7;53022720;0
200.7;53080064;0
199.5;53219328;0
166.2;45801472;0
199.5;53276672;0
200.7;53276672;0
198.9;53276672;0
235.2;52551680;0
199.5;53686272;0
200.7;53686272;0
198.9;53686272;0
201.6;53686272;0
199.5;53686272;0
199.5;48168960;0
215.0;53493760;0
198.9;53694464;0
199.5;53694464;0
199.5;53694464;0
201.6;53694464;0
198.9;45731840;109
286.7;53837824;401
199.5;53837824;0
199.5;53837824;0
199.5;53837824;0
200.7;53841920;0
200.7;53903360;0
199.5;53968896;0
201.6;53968896;0
198.9;53968896;0
172.0;45932544;0
156.3;53964800;0
201.6;53964800;0
199.5;53964800;0
199.5;53964800;0
200.7;53747712;0
198.9;53747712;0
200.7;53747712;0
198.9;53747712;0
201.6;53747712;0
182.8;53805056;0
99.7;48123904;0
235.2;53952512;0
199.5;54009856;0
199.5;54009856;0
199.5;54009856;0
199.5;54009856;0
200.7;54009856;0
198.9;54009856;0
200.7;54009856;0
216.1;53862400;0
199.5;53862400;0
199.5;53866496;0
199.5;53866496;0
200.7;53866496;0
198.9;53866496;0
114.7;45830144;0
229.4;54603776;0
170.5;54603776;0
200.7;54603776;0
199.5;54607872;0
201.6;54607872;0
199.5;54607872;0
199.5;54607872;0
184.8;46575616;0
182.8;39346176;0
216.1;53964800;0
199.5;53964800;0
182.8;54022144;0
201.6;54022144;0
199.5;54022144;0
199.5;54157312;0
201.6;54157312;0
199.5;54157312;0
199.5;54157312;0
199.5;54157312;0
200.7;54157312;0
200.7;54157312;0
198.9;54157312;0
186.4;39456768;0
215.0;40312832;0
213.1;53895168;0
200.7;53903360;0
198.9;53919744;0
201.6;53923840;0
199.5;53936128;0
199.5;53985280;0
201.6;53989376;0
199.5;53989376;0
199.5;54009856;0
116.4;45977600;0
232.7;54833152;0
201.6;54841344;0
199.5;54874112;0
199.5;42708992;0
201.6;54874112;0
199.5;54874112;0
199.5;54874112;0
199.5;54874112;0
199.5;54874112;0
201.6;54874112;0
199.5;54874112;0
199.5;54874112;0
200.7;54874112;0
198.9;54874112;0
200.7;54874112;0
133.0;40214528;0
199.5;54079488;0
201.6;45293568;0
199.5;54820864;0
199.5;54820864;0
201.6;54829056;0
199.5;54829056;0
199.5;54829056;0
199.5;54829056;0
199.5;54865920;0
201.6;54865920;0
199.5;54865920;0
199.5;54861824;0
201.6;54861824;0
199.5;54861824;0
149.6;46829568;0
182.8;38428672;0
216.1;54853632;0
201.6;54849536;0
199.5;54849536;0
199.5;54849536;0
200.7;54849536;0
198.9;54849536;0
200.7;54849536;0
198.9;54849536;0
200.7;54849536;0
200.7;54849536;0
198.9;54849536;0
200.7;54849536;0
200.7;54849536;0
198.9;42262528;0
200.7;45953024;0
156.3;53874688;0
200.7;55132160;0
200.7;55132160;0
198.9;55132160;0
200.7;55132160;0
200.7;55132160;0
198.9;55132160;0
200.7;55132160;0
198.9;55132160;0
143.3;52838400;0
215.0;55451648;0
184.7;47415296;0
143.3;45428736;0
201.6;55599104;0
199.5;55599104;0
199.5;55599104;0
199.5;55599104;0
199.5;55599104;0
201.6;55599104;0
199.5;55599104;0
199.5;55599104;0
201.6;55599104;0
99.7;39817216;0
232.7;54820864;0
199.5;54820864;0
198.9;54820864;0
215.0;45182976;0
215.0;54329344;0
199.5;54329344;0
199.5;54341632;0
201.6;54358016;0
199.5;54358016;0
199.5;54374400;0
199.5;54374400;0
166.2;33026048;0
252.0;54890496;0
200.7;54890496;0
198.9;54890496;0
200.7;54890496;0
200.7;54890496;0
198.9;54947840;0
200.7;54951936;0
198.9;54951936;0
215.0;55320576;0
200.7;55320576;0
200.7;55320576;0
127.8;47284224;0
229.4;55341056;0
201.6;55349248;0
199.5;55349248;0
199.5;55410688;0
199.5;55410688;0
199.5;55431168;0
200.7;55431168;0
200.7;55431168;0
199.5;55431168;0
199.5;55431168;0
201.6;55431168;0
149.6;44195840;0
198.9;55435264;0
199.5;55435264;0
166.2;45924352;0
216.1;54861824;0
201.6;54861824;0
199.5;54861824;0
199.5;54861824;0
201.6;54861824;0
199.5;54861824;0
198.9;54861824;0
200.7;54861824;0
142.0;41680896;0
199.5;54169600;0
201.6;54169600;0
199.5;54169600;0
199.5;54169600;0
200.7;54169600;0
186.4;46137344;0
227.3;54042624;0
199.5;54095872;0
199.5;54132736;0
199.5;54132736;0
201.6;54132736;0
182.8;55062528;0
199.5;55062528;0
201.6;55062528;0
199.5;55062528;0
198.9;55062528;0
200.7;55062528;0
198.9;55062528;0
199.5;41271296;0
168.0;42803200;0
200.7;54206464;0
198.9;54206464;0
199.5;54206464;0
151.2;45744128;0
216.1;54947840;0
199.5;54947840;0
199.5;54947840;0
198.9;54947840;0
200.7;54947840;0
200.7;54947840;0
182.8;46911488;0
166.2;45940736;0
184.8;54910976;0
199.5;54910976;0
198.9;54910976;0
