0.0;10498048;0
0.0;10498048;0
0.0;10498048;0
0.0;10498048;0
0.0;10498048;0
43.0;24346624;0
100.3;18792448;0
133.0;32485376;0
201.6;26992640;0
227.3;31600640;0
232.7;35065856;0
199.5;40022016;0
201.6;51187712;0
198.9;51208192;0
201.6;51380224;0
199.5;51499008;0
186.4;43438080;0
99.7;37130240;0
235.2;51499008;0
199.5;51564544;0
200.7;51585024;0
200.7;40022016;0
199.5;51642368;0
199.5;51642368;0
199.5;51687424;0
200.7;51703808;0
199.5;51732480;0
201.6;51822592;0
198.9;51822592;0
200.7;51838976;0
199.5;51859456;0
201.6;43823104;0
213.1;51994624;0
200.7;51994624;0
200.7;51994624;0
199.5;52006912;0
199.5;52047872;0
215.0;52113408;0
199.5;52113408;0
199.5;52166656;0
200.7;52170752;0
198.9;52170752;0
199.5;52170752;0
199.5;52211712;0
200.7;52277248;0
213.1;41316352;0
200.7;52420608;0
199.5;52432896;0
199.5;52432896;0
198.9;52482048;0
201.6;52465664;0
199.5;44490752;0
216.1;52670464;0
200.7;52649984;0
198.9;52662272;0
199.5;52678656;0
199.5;52670464;0
201.6;52678656;0
198.9;52809728;0
200.7;52809728;0
116.4;44773376;0
232.7;52948992;0
199.5;52948992;0
200.7;52948992;0
200.7;52948992;0
199.5;52948992;0
134.4;41455616;0
199.5;53141504;0
200.7;53141504;0
198.9;53141504;0
201.6;53141504;0
199.5;53141504;0
182.8;53198848;0
200.7;53198848;0
170.5;45232128;0
216.1;53469184;0
199.5;53469184;0
201.6;53518336;0
198.9;53522432;0
151.2;45490176;0
199.5;53600256;0
199.5;53657600;0
199.5;53665792;0
199.5;53731328;0
200.7;53731328;0
198.9;53731328;0
201.6;53731328;0
199.5;53731328;0
199.5;45830144;145
216.1;53837824;365
200.7;53841920;0
200.7;53903360;0
182.8;45592576;0
184.8;53927936;0
198.9;53927936;0
200.7;53932032;0
198.9;53932032;0
201.6;53932032;0
199.5;53932032;0
199.5;53932032;0
200.7;53932032;0
198.9;53932032;0
200.7;53989376;0
170.5;40456192;0
215.0;54026240;0
200.7;54026240;0
198.9;54026240;0
186.4;53895168;0
199.5;53899264;0
184.7;53899264;0
200.7;53899264;0
199.5;53899264;0
201.6;53899264;0
199.5;53899264;0
199.5;53903360;0
201.6;53903360;0
199.5;53903360;0
200.7;53903360;0
127.8;43945984;0
200.7;53940224;0
200.7;53940224;0
170.5;45903872;0
172.0;53866496;0
200.7;53866496;0
199.5;53878784;0
199.5;53878784;0
199.5;53878784;0
201.6;53878784;0
199.5;53878784;0
249.3;54001664;0
200.7;54001664;0
198.9;54001664;0
200.7;54001664;0
198.9;54001664;0
200.7;54018048;0
200.7;54018048;0
156.2;45985792;0
186.4;53964800;0
200.7;53964800;0
198.9;53972992;0
200.7;53977088;0
198.9;53977088;0
157.7;45944832;0
232.7;53837824;0
199.5;53837824;0
201.6;53837824;0
199.5;53837824;0
166.2;43589632;0
199.5;53846016;0
199.5;53846016;0
201.6;53846016;0
199.5;53854208;0
199.5;53866496;0
201.6;53911552;0
199.5;53911552;0
166.2;45875200;0
249.3;53866496;0
199.5;53866496;0
201.6;53866496;0
199.5;53866496;0
199.5;53866496;0
201.6;53870592;0
149.6;53882880;0
199.5;53882880;0
199.5;53882880;0
199.5;53927936;0
201.6;53927936;0
199.5;53927936;0
199.5;53927936;0
184.8;45895680;0
232.7;53911552;0
199.5;53911552;0
199.5;53915648;0
199.5;53915648;0
200.7;53915648;0
157.7;45477888;0
198.9;53751808;0
200.7;53751808;0
200.7;53751808;0
198.9;53878784;0
199.5;53878784;0
199.5;54009856;0
151.2;46096384;0
232.7;54185984;0
199.5;54185984;0
201.6;54194176;0
199.5;54194176;0
198.9;54194176;0
199.5;54194176;0
199.5;54194176;0
218.4;54276096;0
199.5;54276096;0
199.5;54280192;0
201.6;54280192;0
199.5;54280192;0
199.5;54280192;0
199.5;54411264;0
166.2;40345600;0
235.2;54272000;0
199.5;54272000;0
198.9;54272000;0
186.4;54272000;0
200.7;54272000;0
198.9;54272000;0
172.0;46243840;0
227.3;54222848;0
200.7;54231040;0
186.4;54231040;0
199.5;54231040;0
199.5;54231040;0
201.6;54231040;0
198.9;54231040;0
232.7;54304768;0
199.5;54304768;0
199.5;54304768;0
201.6;54304768;0
199.5;54304768;0
199.5;54304768;0
129.0;46268416;0
216.1;54054912;0
199.5;54054912;0
199.5;54054912;0
199.5;54054912;0
200.7;54054912;0
200.7;54079488;0
198.9;54079488;0
200.7;54210560;0
129.0;46174208;0
198.9;54255616;0
200.7;54255616;0
170.5;46219264;0
216.1;54280192;0
201.6;54284288;0
199.5;54284288;0
199.5;54284288;0
201.6;54284288;0
199.5;54284288;0
198.9;54284288;0
200.7;54284288;0
198.9;54284288;0
200.7;51535872;0
258.0;54349824;0
182.8;54349824;0
198.9;54349824;0
200.7;54349824;0
200.7;54349824;0
199.5;54349824;0
199.5;54349824;0
199.5;54349824;0
199.5;54349824;0
201.6;54349824;0
199.5;54349824;0
184.7;54349824;0
200.7;54349824;0
199.5;54349824;0
249.3;46157824;0
235.2;54042624;0
199.5;54042624;0
199.5;54054912;0
201.6;54059008;0
200.7;54067200;0
198.9;54128640;0
200.7;54128640;0
198.9;54185984;0
200.7;54185984;0
201.6;54243328;0
133.0;46206976;0
199.5;54251520;0
201.6;54251520;0
199.5;54251520;0
149.6;39792640;0
215.0;54132736;0
198.9;54120448;0
199.5;54120448;0
201.6;54120448;0
199.5;54120448;0
198.9;54120448;0
200.7;54120448;0
200.7;46403584;0
243.7;54087680;0
198.9;54087680;0
200.7;54087680;0
199.5;54087680;0
199.5;54087680;0
201.6;54087680;0
133.0;45723648;0
213.1;53837824;0
200.7;53882880;0
200.7;53882880;0
199.5;53882880;0
166.2;53882880;0
199.5;53882880;0
199.5;53882880;0
186.4;53977088;0
201.6;53977088;0
199.5;54001664;0
199.5;54063104;0
143.3;46026752;0
229.4;54104064;0
199.5;54104064;0
