0.0;10522624;0
0.0;10522624;0
0.0;10522624;0
0.0;10522624;0
33.2;18653184;0
100.3;18808832;0
129.0;29036544;0
199.5;27189248;0
232.7;33292288;0
215.0;35377152;0
229.4;40488960;0
216.1;51417088;0
201.6;51429376;0
198.9;51511296;0
186.4;51527680;0
216.1;42442752;0
218.4;51642368;0
170.5;41508864;0
200.7;51826688;0
199.5;51843072;0
199.5;51843072;0
199.5;51859456;0
200.7;51859456;0
199.5;51904512;0
199.5;51961856;0
200.7;51961856;0
199.5;51994624;0
199.5;52006912;0
199.5;52023296;0
143.3;44015616;0
232.7;52146176;0
201.6;52154368;0
166.2;44126208;0
229.4;52215808;0
198.9;52330496;0
201.6;52346880;0
199.5;52408320;0
186.4;52367360;0
199.5;52469760;0
199.5;52473856;0
199.5;52531200;0
200.7;52555776;0
186.4;44523520;0
142.0;42487808;0
235.2;52531200;0
199.5;52625408;0
199.5;52621312;0
199.5;52621312;0
200.7;52752384;0
200.7;52752384;0
199.5;52817920;0
201.6;52822016;0
216.1;52879360;0
200.7;52805632;0
198.9;52871168;0
201.6;52862976;0
199.5;44896256;0
232.7;53067776;0
200.7;53067776;0
198.9;53067776;0
199.5;53133312;0
199.5;53198848;0
201.6;53198848;0
198.9;53268480;0
201.6;53268480;0
199.5;53272576;0
199.5;53272576;0
198.9;53399552;0
215.0;42315776;0
186.4;53428224;0
198.9;53428224;0
201.6;53428224;0
199.5;53428224;0
216.1;53575680;0
199.5;53575680;0
200.7;53575680;0
200.7;53575680;0
198.9;53645312;0
201.6;53645312;0
199.5;53710848;0
199.5;53710848;0
198.9;53710848;0
200.7;53710848;0
200.7;53710848;0
227.3;43278336;314
213.1;53731328;196
201.6;53739520;0
199.5;53747712;0
199.5;53764096;0
99.4;45727744;0
100.3;45727744;0
100.3;45727744;0
99.7;45858816;0
100.8;45858816;0
99.7;30810112;0
266.0;53846016;0
198.9;53846016;0
200.7;53850112;0
200.7;53850112;0
199.5;53854208;0
201.6;53915648;0
199.5;54046720;0
199.5;54046720;0
198.9;54046720;0
186.4;45801472;0
166.2;54034432;0
199.5;54042624;0
201.6;54054912;0
184.7;46063616;0
186.4;53870592;0
198.9;53886976;0
201.6;53886976;0
199.5;53886976;0
199.5;53886976;0
200.7;53886976;0
198.9;53915648;0
200.7;53915648;0
199.5;53919744;0
184.8;38203392;0
216.1;53977088;0
199.5;53977088;0
151.2;46325760;0
199.5;54013952;0
199.5;54013952;0
198.9;54013952;0
200.7;54071296;0
200.7;54071296;0
199.5;54071296;0
201.6;54071296;0
216.1;54013952;0
200.7;54013952;0
198.9;54075392;0
200.7;54075392;0
199.5;54075392;0
199.5;54075392;0
201.6;54136832;0
182.8;38129664;0
216.1;54222848;0
199.5;54226944;0
199.5;54059008;0
201.6;54059008;0
184.7;45805568;0
172.0;54075392;0
200.7;54079488;0
198.9;54079488;0
199.5;54079488;0
199.5;54079488;0
201.6;54079488;0
199.5;54079488;0
199.5;54145024;0
200.7;54145024;0
198.9;54145024;0
143.3;41332736;0
213.1;54149120;0
200.7;54149120;0
200.7;46112768;0
170.5;54226944;0
200.7;54226944;0
186.4;54226944;0
198.9;54226944;0
200.7;54226944;0
198.9;54226944;0
200.7;54226944;0
200.7;54226944;0
198.9;54226944;0
200.7;54226944;0
200.7;54226944;0
142.0;34197504;0
258.0;54079488;0
198.9;54083584;0
200.7;54083584;0
200.7;54083584;0
198.9;54218752;0
200.7;54218752;0
200.7;54218752;0
199.5;54218752;0
199.5;54218752;0
199.5;54218752;0
200.7;54218752;0
201.6;54218752;0
198.9;54218752;0
200.7;54345728;0
100.3;38932480;0
255.7;54427648;0
200.7;54427648;0
198.9;54427648;0
200.7;54427648;0
200.7;54427648;0
198.9;54489088;0
200.7;54489088;0
172.0;46223360;0
170.5;54239232;0
200.7;54239232;0
199.5;54304768;0
200.7;54304768;0
218.4;54116352;0
198.9;54116352;0
200.7;54181888;0
201.6;54181888;0
199.5;54194176;0
199.5;54235136;0
198.9;41582592;0
199.5;54112256;0
201.6;46120960;0
182.8;53952512;0
199.5;53956608;0
201.6;54018048;0
182.8;54050816;0
198.9;54050816;0
200.7;54050816;0
198.9;54054912;0
199.5;54054912;0
201.6;54054912;0
166.2;40026112;0
149.6;43675648;0
200.7;54165504;0
186.4;54165504;0
198.9;54165504;0
186.4;54165504;0
198.9;54222848;0
200.7;54222848;0
201.6;54222848;0
116.4;46432256;0
216.1;54128640;0
201.6;54128640;0
199.5;54128640;0
198.9;54128640;0
157.7;46096384;0
170.5;54136832;0
200.7;54140928;0
200.7;54140928;0
198.9;54202368;0
186.4;54259712;0
200.7;54259712;0
198.9;54259712;0
200.7;54259712;0
198.9;54259712;0
114.7;38055936;0
218.4;54403072;0
199.5;54403072;0
199.5;54403072;0
184.8;54403072;0
199.5;54403072;0
199.5;54403072;0
200.7;54538240;0
198.9;54538240;0
129.0;45887488;0
252.0;54120448;0
199.5;54128640;0
199.5;54128640;0
201.6;54128640;0
166.2;46096384;0
166.2;50909184;0
200.7;54083584;0
198.9;54116352;0
200.7;54132736;0
200.7;54132736;0
198.9;54198272;0
200.7;54231040;0
201.6;48291840;0
133.0;40300544;0
199.5;54124544;0
199.5;54124544;0
170.5;46088192;0
200.7;54190080;0
200.7;54190080;0
199.5;54190080;0
199.5;54190080;0
201.6;54210560;0
200.7;54210560;0
198.9;54210560;0
200.7;54210560;0
198.9;54210560;0
199.5;51773440;0
218.4;54030336;0
199.5;54030336;0
199.5;54034432;0
200.7;54034432;0
200.7;54034432;0
184.7;54034432;0
199.5;54075392;0
199.5;54075392;0
199.5;54079488;0
200.7;54140928;0
200.7;54140928;0
198.9;54153216;0
149.6;46116864;0
235.2;54185984;0
186.4;47153152;0
227.3;54136832;0
200.7;54145024;0
199.5;54145024;0
199.5;54145024;0
201.6;54145024;0
186.4;46112768;0
199.5;54153216;0
172.0;46120960;0
215.0;54222848;0
199.5;54222848;0
199.5;54222848;0
