8.4;36.0;18.3;1.2;2.0;931.0
8.4;98.5;109.7;9.4;2.0;931.0
5.9;138.5;141.1;8.6;2.0;931.0
8.4;168.4;128.1;7.3;2.0;931.0
7.2;195.0;94.2;6.0;2.0;931.0
4.7;217.0;133.2;4.7;2.0;931.0
8.4;231.7;16.5;0.7;4.0;937.0
8.3;621.8;61.1;33.4;8.0;3154.0
8.3;967.5;0.6;0.0;71.0;7894.0
0.0;983.6;15.4;33.3;2.0;7886.0
0.0;983.6;44.9;0.1;2.0;7886.0
0.0;983.6;44.8;0.0;2.0;7886.0
0.0;983.6;44.8;0.0;2.0;7886.0
0.0;983.6;44.8;0.0;2.0;7886.0
0.0;983.6;44.8;0.0;2.0;7886.0
8.4;991.4;29.2;0.0;2.0;7950.0
8.3;1399.1;0.1;0.0;8.0;8055.0
8.3;1517.6;103.1;1.6;63.0;8055.0
10.8;1517.7;204.3;2.7;61.0;8055.0
8.3;1517.7;243.0;2.9;64.0;8055.0
15.5;1517.7;197.1;2.3;54.0;8055.0
11.5;1517.7;238.0;2.7;62.0;8055.0
8.3;1517.7;235.7;2.7;63.0;8055.0
9.6;1517.9;238.0;2.7;66.0;8055.0
8.3;1517.9;231.5;2.5;40.0;8055.0
8.3;1517.9;206.1;2.2;62.0;8055.0
10.4;1517.9;233.3;2.6;62.0;8055.0
7.2;1517.9;231.6;2.5;64.0;8055.0
10.8;1517.9;235.6;2.5;61.0;8055.0
7.2;1517.9;203.7;2.2;57.0;8055.0
10.4;1517.9;235.1;2.6;67.0;8055.0
10.7;1517.9;240.7;2.8;63.0;8055.0
8.4;1517.9;238.3;2.7;64.0;8055.0
7.1;1517.9;206.6;2.2;63.0;8055.0
11.9;1517.9;232.7;2.7;62.0;8055.0
6.0;1517.9;237.8;2.6;60.0;8055.0
10.7;1517.9;233.5;2.6;63.0;8055.0
8.4;1517.9;207.9;2.3;62.0;8055.0
7.1;1517.9;236.5;2.6;64.0;8055.0
8.4;1517.9;233.8;2.5;63.0;8055.0
9.6;1517.9;212.9;2.3;63.0;8055.0
9.5;1517.9;235.6;2.6;65.0;8055.0
9.6;1517.9;236.4;2.6;62.0;8055.0
9.5;1517.9;207.6;2.3;63.0;8055.0
7.2;1517.9;232.5;2.6;61.0;8055.0
7.2;1517.9;229.5;2.6;64.0;8055.0
9.6;1517.9;204.7;2.1;57.0;8055.0
8.4;1517.9;238.7;2.7;61.0;8055.0
7.3;1517.9;228.8;2.6;61.0;8055.0
8.4;1517.9;208.3;2.3;44.0;8055.0
8.3;1517.9;233.1;2.5;64.0;8055.0
10.8;1517.9;221.5;2.4;61.0;8055.0
12.5;1517.9;202.6;2.2;51.0;8055.0
14.2;1517.9;228.4;2.6;63.0;8055.0
7.2;1517.9;229.3;2.5;62.0;8055.0
7.1;1517.9;214.7;2.3;64.0;8055.0
0.0;1517.9;109.3;0.9;2.0;8055.0
8.3;1540.9;170.3;7.6;64.0;8055.0
10.7;1540.9;237.6;2.9;63.0;8055.0
6.0;1540.9;234.1;2.8;62.0;8055.0
9.5;1540.9;227.8;2.6;64.0;8055.0
8.3;1540.9;235.9;2.8;63.0;8055.0
10.8;1540.9;231.4;2.7;61.0;8055.0
8.4;1540.9;237.5;2.8;62.0;8055.0
7.2;1540.9;224.2;2.6;63.0;8055.0
6.0;1540.9;221.8;2.5;63.0;8055.0
9.4;1540.9;234.9;2.6;63.0;8055.0
10.7;1540.9;238.4;2.7;63.0;8055.0
9.6;1540.9;235.2;2.6;54.0;8055.0
9.5;1540.9;212.6;2.5;63.0;8055.0
6.2;1540.9;228.4;2.5;61.0;8055.0
9.6;1540.9;231.3;2.9;60.0;8055.0
8.4;1540.9;240.3;2.8;61.0;8055.0
7.2;1540.9;193.5;2.1;65.0;8055.0
8.3;1540.9;245.0;2.9;64.0;8055.0
8.3;1540.9;232.9;2.7;62.0;8055.0
8.4;1540.9;216.1;2.5;61.0;8055.0
11.8;1540.9;221.2;2.5;62.0;8055.0
8.4;1540.9;231.9;2.6;58.0;8055.0
8.3;1540.9;230.3;2.6;63.0;8055.0
6.0;1540.9;205.7;2.4;61.0;8055.0
9.6;1540.9;238.4;2.9;62.0;8055.0
11.9;1540.9;236.3;2.8;62.0;8055.0
8.4;1540.9;199.7;2.2;62.0;8055.0
9.4;1540.9;235.9;2.8;61.0;8055.0
10.8;1540.9;229.7;2.6;61.0;8055.0
9.5;1540.9;208.0;2.3;45.0;8055.0
8.4;1540.9;231.7;2.5;62.0;8055.0
7.3;1540.9;225.9;2.4;61.0;8055.0
9.5;1540.9;208.9;2.4;66.0;8055.0
8.4;1540.9;235.2;2.8;59.0;8055.0
2.4;1540.9;204.5;2.3;47.0;8055.0
9.4;1540.9;240.7;2.9;62.0;8055.0
10.4;1540.9;238.6;2.9;61.0;8055.0
7.1;1540.9;202.4;2.2;39.0;8055.0
8.4;1540.9;235.7;2.9;61.0;8055.0
8.3;1540.9;233.2;2.8;61.0;8055.0
10.4;1540.9;205.2;2.3;62.0;8055.0
8.4;1540.9;231.7;2.6;60.0;8055.0
9.6;1540.9;199.1;2.1;63.0;8055.0
8.4;1540.9;236.4;2.8;60.0;8055.0
7.3;1540.9;206.3;2.4;39.0;8055.0
8.4;1540.9;235.9;2.8;60.0;8055.0
11.8;1540.9;237.5;3.0;62.0;8055.0
8.4;1540.9;205.1;2.4;61.0;8055.0
7.1;1540.9;233.3;2.9;65.0;8055.0
8.3;1540.9;217.6;2.7;60.0;8055.0
13.1;1540.9;237.2;3.1;57.0;8055.0
8.3;1540.9;209.2;2.7;58.0;8055.0
8.4;1540.9;240.4;3.0;62.0;8055.0
7.3;1540.9;207.9;2.4;60.0;8055.0
8.3;1540.9;228.5;2.9;53.0;8055.0
9.6;1540.9;214.4;2.6;58.0;8055.0
3.6;1540.9;199.9;2.4;39.0;8055.0
7.2;1540.9;227.3;2.7;59.0;8055.0
4.2;1540.9;207.4;2.5;38.0;8055.0
8.4;1540.9;234.0;2.8;58.0;8055.0
8.4;1540.9;202.1;2.3;62.0;8055.0
9.6;1541.0;238.2;3.0;60.0;8055.0
3.6;1541.0;211.5;2.4;35.0;8055.0
9.5;1541.0;226.6;3.0;58.0;8055.0
7.2;1541.0;210.1;2.6;59.0;8055.0
8.3;1541.0;241.3;3.0;37.0;8055.0
10.8;1541.0;204.8;2.4;60.0;8055.0
7.3;1541.0;212.0;2.6;34.0;8055.0
5.9;1541.0;230.6;3.2;58.0;8055.0
9.6;1541.0;207.6;2.7;56.0;8055.0
7.1;1541.0;228.0;2.9;58.0;8055.0
9.4;1541.0;194.6;2.4;55.0;8055.0
10.8;1541.0;232.9;2.8;61.0;8055.0
5.9;1541.0;194.2;2.2;58.0;8055.0
8.4;1541.0;199.7;2.5;32.0;8055.0
0.0;1541.0;44.8;0.0;2.0;8055.0
5.2;1569.3;109.2;12.4;57.0;8055.0
13.1;1569.3;213.1;2.6;61.0;8055.0
8.4;1569.3;237.8;2.9;63.0;8055.0
10.8;1569.3;235.2;2.7;62.0;8055.0
6.2;1569.3;230.4;2.6;60.0;8055.0
9.6;1569.2;239.3;2.7;63.0;8055.0
7.1;1569.2;206.9;2.3;60.0;8055.0
8.4;1569.2;230.3;2.6;61.0;8055.0
9.5;1569.2;231.7;2.6;64.0;8055.0
6.2;1569.2;235.9;2.8;60.0;8055.0
4.8;1569.2;207.9;2.3;39.0;8055.0
8.3;1569.2;231.0;2.6;62.0;8055.0
6.0;1569.2;236.6;2.7;64.0;8055.0
7.3;1569.2;234.1;2.7;65.0;8055.0
11.8;1569.2;229.4;2.6;62.0;8055.0
10.8;1569.2;217.4;2.4;65.0;8055.0
5.9;1569.2;231.8;2.6;60.0;8055.0
6.2;1569.2;233.9;2.7;64.0;8055.0
7.3;1569.2;204.5;2.2;61.0;8055.0
8.4;1569.2;231.4;2.6;64.0;8055.0
7.2;1569.2;236.3;2.7;60.0;8055.0
13.1;1569.2;232.1;2.6;62.0;8055.0
8.4;1569.2;195.8;1.9;63.0;8055.0
9.5;1569.2;238.4;2.9;62.0;8055.0
11.9;1569.2;225.4;2.4;60.0;8055.0
8.3;1569.2;200.2;2.1;63.0;8055.0
14.3;1569.2;234.0;2.6;65.0;8055.0
7.2;1569.2;232.3;2.6;59.0;8055.0
9.5;1569.2;197.7;2.1;63.0;8055.0
4.8;1569.2;238.5;2.9;61.0;8055.0
9.5;1569.2;236.5;2.7;62.0;8055.0
10.4;1569.2;194.4;1.9;66.0;8055.0
7.2;1569.2;223.5;2.4;57.0;8055.0
7.1;1569.2;235.6;2.7;61.0;8055.0
11.9;1569.2;205.0;2.2;64.0;8055.0
7.3;1569.2;233.8;2.8;60.0;8055.0
3.6;1569.2;200.0;2.1;46.0;8055.0
8.4;1569.2;232.4;2.7;63.0;8055.0
7.2;1569.2;233.7;2.6;62.0;8055.0
6.0;1569.2;204.2;2.2;62.0;8055.0
8.3;1569.2;234.2;2.6;59.0;8055.0
3.6;1569.2;192.5;2.0;48.0;8055.0
5.9;1569.2;223.7;2.4;59.0;8055.0
10.8;1569.2;225.9;2.3;59.0;8055.0
8.3;1569.2;206.0;2.3;59.0;8055.0
9.5;1569.2;230.8;2.6;57.0;8055.0
10.8;1569.2;189.5;2.1;37.0;8055.0
9.5;1569.2;238.9;2.8;61.0;8055.0
4.8;1569.2;219.3;2.5;63.0;8055.0
7.3;1569.2;215.1;2.4;63.0;8055.0
7.1;1569.2;217.3;2.5;34.0;8055.0
8.4;1569.2;207.4;2.2;62.0;8055.0
8.3;1569.2;223.7;2.6;62.0;8055.0
8.3;1569.2;207.6;2.4;55.0;8055.0
9.6;1569.2;234.5;2.9;58.0;8055.0
11.9;1569.2;203.2;2.3;59.0;8055.0
7.2;1569.2;231.5;2.7;60.0;8055.0
10.4;1569.2;203.8;2.1;61.0;8055.0
11.9;1569.2;229.5;2.7;57.0;8055.0
10.7;1569.2;196.2;2.0;64.0;8055.0
9.6;1569.2;220.9;2.2;53.0;8055.0
7.1;1569.2;192.6;2.1;58.0;8055.0
9.6;1569.2;229.3;2.6;62.0;8055.0
8.4;1569.2;184.8;1.8;61.0;8055.0
10.7;1569.2;219.0;2.3;60.0;8055.0
9.6;1569.2;206.5;2.3;58.0;8055.0
4.7;1569.2;227.2;2.7;59.0;8055.0
6.2;1569.2;203.9;2.4;59.0;8055.0
10.8;1569.2;231.0;2.7;57.0;8055.0
8.3;1569.2;200.6;2.2;58.0;8055.0
4.8;1569.2;214.4;2.5;32.0;8055.0
6.2;1569.2;215.6;2.4;60.0;8055.0
7.2;1569.2;217.2;2.4;31.0;8055.0
8.4;1569.2;208.6;2.3;60.0;8055.0
8.4;1569.2;193.2;2.0;55.0;8055.0
7.2;1569.2;214.3;2.2;58.0;8055.0
5.2;1569.2;197.5;2.0;39.0;8055.0
8.4;1569.2;216.2;2.2;57.0;8055.0
4.7;1569.2;187.2;1.9;33.0;8055.0
6.0;1569.2;215.1;2.2;57.0;8055.0
8.3;1569.2;221.4;2.3;63.0;8055.0
10.7;1569.2;189.5;2.0;57.0;8055.0
6.0;1569.2;197.3;2.3;61.0;8055.0
7.1;1569.2;222.7;2.5;58.0;8055.0
6.2;1569.2;192.2;2.1;57.0;8055.0
3.1;1569.2;197.2;2.1;55.0;8055.0
5.9;1569.2;217.6;2.5;56.0;8055.0
11.9;1569.2;200.4;2.2;57.0;8055.0
8.3;1569.2;213.8;2.3;56.0;8055.0
10.4;1569.2;183.8;1.8;56.0;8055.0
6.0;1569.2;209.6;2.1;62.0;8055.0
13.1;1569.2;192.7;1.9;53.0;8055.0
3.6;1569.2;194.1;1.9;33.0;8055.0
11.5;1569.2;198.5;1.8;57.0;8055.0
6.0;1569.2;193.1;1.8;30.0;8055.0
13.0;1569.2;199.4;2.0;55.0;8055.0
3.6;1569.2;184.6;1.6;32.0;8055.0
8.3;1569.2;207.8;2.0;56.0;8055.0
8.3;1569.2;185.2;1.7;62.0;8055.0
13.1;1569.2;210.5;2.1;59.0;8055.0
7.1;1569.2;179.8;1.9;53.0;8055.0
2.4;1569.2;190.7;2.2;33.0;8055.0
5.9;1569.2;224.1;2.7;57.0;8055.0
8.3;1569.2;190.7;2.0;56.0;8055.0
8.4;1569.2;217.2;2.4;33.0;8055.0
8.3;1569.2;203.0;2.1;55.0;8055.0
2.4;1569.2;188.3;1.9;35.0;8055.0
9.4;1569.2;208.2;2.2;63.0;8055.0
8.4;1569.2;176.4;1.8;46.0;8055.0
4.8;1569.2;206.7;2.1;54.0;8055.0
8.4;1569.2;187.8;1.8;57.0;8055.0
8.3;1569.2;192.2;2.3;56.0;8055.0
9.5;1569.2;220.8;2.6;55.0;8055.0
6.0;1569.2;191.1;2.2;55.0;8055.0
3.6;1569.2;194.5;2.2;36.0;8055.0
7.3;1569.2;226.0;2.8;55.0;8055.0
10.4;1569.2;190.1;2.0;54.0;8055.0
8.3;1569.2;186.5;2.1;60.0;8055.0
8.4;1569.2;210.4;2.4;35.0;8055.0
10.7;1569.2;202.4;2.2;55.0;8055.0
10.4;1569.2;182.2;2.0;41.0;8055.0
3.6;1569.2;187.7;2.0;31.0;8055.0
8.3;1569.2;211.9;2.2;59.0;8055.0
4.8;1569.2;176.4;1.6;54.0;8055.0
9.5;1569.2;219.6;2.2;64.0;8055.0
13.5;1569.2;179.5;1.8;52.0;8055.0
4.8;1569.2;185.9;1.9;34.0;8055.0
10.8;1569.2;199.7;2.0;54.0;8055.0
6.0;1569.2;178.7;1.7;53.0;8055.0
11.5;1569.2;177.7;1.7;31.0;8055.0
7.2;1569.2;216.9;2.5;53.0;8055.0
5.9;1569.2;187.5;2.2;52.0;8055.0
1.2;1569.2;177.7;2.1;25.0;8055.0
2.4;1569.2;201.4;2.4;28.0;8055.0
6.2;1569.2;210.0;2.5;62.0;8055.0
8.4;1569.2;199.5;2.3;60.0;8055.0
8.3;1569.2;183.7;1.9;54.0;8055.0
1.2;1569.2;180.8;1.9;28.0;8055.0
7.1;1569.2;220.3;2.3;42.0;8055.0
9.5;1569.2;179.1;1.9;50.0;8055.0
7.2;1569.2;181.8;1.9;55.0;8055.0
8.3;1569.2;188.2;1.9;28.0;8055.0
4.8;1569.2;200.3;1.9;50.0;8055.0
14.3;1569.2;189.0;1.8;60.0;8055.0
3.6;1569.2;179.7;1.7;39.0;8055.0
8.4;1569.2;205.6;2.0;55.0;8055.0
0.0;1569.2;57.2;0.1;2.0;8055.0
0.0;1569.2;44.8;0.0;2.0;8055.0
7.1;1635.5;35.4;18.9;21.0;8055.0
8.4;1609.8;191.9;2.3;45.0;8055.0
13.0;1609.8;247.1;2.9;64.0;8055.0
8.3;1609.8;241.5;2.9;64.0;8055.0
11.9;1609.8;235.2;2.6;63.0;8055.0
8.3;1609.8;227.4;2.5;62.0;8055.0
2.4;1609.8;216.7;2.5;44.0;8055.0
4.7;1609.8;239.7;2.9;62.0;8055.0
10.4;1609.8;238.2;2.7;62.0;8055.0
9.6;1609.8;230.2;2.5;62.0;8055.0
8.3;1609.8;234.5;2.8;63.0;8055.0
10.8;1609.8;238.1;2.6;65.0;8055.0
10.4;1609.8;207.9;2.3;64.0;8055.0
11.9;1609.8;236.3;2.7;65.0;8055.0
8.4;1609.8;239.3;2.9;62.0;8055.0
8.4;1609.8;234.4;2.7;62.0;8055.0
13.1;1609.8;201.0;2.3;37.0;8055.0
11.5;1609.8;232.3;2.7;64.0;8055.0
8.4;1609.8;240.4;2.8;64.0;8055.0
