0.0;10485760;0
0.0;10485760;0
0.0;10485760;0
0.0;10485760;0
28.7;15294464;0
99.7;26693632;0
99.7;26697728;0
100.3;26734592;0
99.7;26759168;0
116.4;30400512;0
157.7;42938368;0
99.7;42954752;0
99.7;42987520;0
99.7;43020288;0
100.3;29421568;0
116.4;43061248;0
100.8;43065344;0
99.7;43094016;0
100.3;43122688;0
99.7;45424640;0
151.2;75382784;0
99.7;75239424;0
100.3;75239424;0
100.3;75272192;0
66.5;59240448;0
166.2;75444224;0
99.7;75444224;0
100.3;75444224;0
99.7;75444224;0
100.8;75444224;0
99.7;75444224;0
100.3;75456512;0
99.4;75456512;0
100.8;75489280;0
99.7;50933760;0
133.0;75694080;0
100.3;75694080;0
99.4;75694080;0
100.3;75694080;0
100.3;75702272;0
99.7;75739136;0
100.8;75767808;0
99.7;59736064;0
129.0;75943936;0
99.7;75943936;0
100.8;75972608;0
99.7;75972608;0
100.3;75972608;0
100.3;75972608;0
99.7;75972608;0
99.7;75972608;0
100.3;75972608;0
71.7;46112768;0
142.0;76091392;0
100.8;76107776;0
99.7;76107776;0
99.7;76107776;0
99.4;76107776;0
100.3;76107776;0
99.7;76165120;0
99.7;76165120;0
100.3;76165120;0
142.0;66940928;277
99.7;66940928;0
99.7;66940928;0
100.3;66940928;0
99.4;66940928;0
100.3;66940928;0
99.7;66940928;0
99.7;66940928;0
99.7;67063808;0
86.0;53993472;0
301.0;87826432;0
227.3;142155776;0
200.7;165412864;0
199.5;187777024;0
199.5;206143488;0
199.5;229367808;0
199.5;252833792;0
201.6;274124800;0
255.7;292139008;0
199.5;308310016;0
201.6;330162176;0
199.5;351113216;0
199.5;372981760;0
198.9;393306112;0
200.7;413089792;0
200.7;433131520;0
149.6;425660416;0
268.8;445943808;707
199.5;445943808;711
199.5;445943808;674
199.5;445943808;682
100.3;445911040;41
100.3;445911040;0
99.4;445911040;0
100.8;445931520;0
99.7;445931520;0
99.7;445931520;0
33.2;429899776;0
182.8;446853120;0
100.8;446853120;0
99.7;446853120;0
99.7;446853120;0
100.3;446853120;0
99.4;446853120;0
100.3;446853120;0
99.7;446853120;0
100.8;446853120;0
116.4;425926656;0
116.4;446894080;0
100.8;446894080;0
99.7;446894080;0
99.7;446894080;0
99.7;446894080;0
100.3;446894080;0
100.3;446894080;0
99.4;446894080;0
84.0;414859264;0
149.6;446898176;0
99.7;446898176;0
99.7;446898176;0
99.7;446898176;0
100.8;446898176;0
99.7;446898176;0
99.7;446898176;0
100.3;446898176;0
99.4;446898176;0
100.3;446898176;0
33.2;430862336;0
157.7;446935040;0
100.3;446935040;0
99.4;446935040;0
100.8;446935040;0
99.7;446935040;0
99.7;446935040;0
99.7;446935040;0
99.7;446935040;0
100.8;446935040;0
66.5;430899200;0
116.4;436334592;0
100.8;437596160;0
99.7;437596160;0
99.7;437596160;0
99.7;437596160;0
99.7;437596160;0
100.3;437596160;0
99.4;437596160;0
100.3;437596160;0
100.3;437596160;0
99.7;437596160;0
100.3;416018432;0
298.3;472420352;0
182.8;512704512;0
201.6;534720512;0
199.5;553181184;0
199.5;569597952;0
201.6;591769600;0
199.5;614342656;0
198.9;635498496;0
200.7;656150528;0
198.9;672882688;0
200.7;694247424;0
186.4;689090560;0
255.7;740823040;0
200.7;766377984;0
200.7;788762624;0
199.5;810692608;0
199.5;824573952;0
199.5;824573952;0
199.5;824573952;0
157.7;488468480;0
100.3;450682880;0
99.4;450682880;0
100.3;450682880;0
114.7;425025536;0
142.0;451919872;0
99.7;451919872;0
99.7;451936256;0
99.7;451936256;0
100.8;451944448;0
99.7;451960832;0
99.7;451969024;0
100.8;451969024;0
99.7;451997696;0
99.7;451997696;0
49.9;422678528;0
166.2;452083712;0
99.7;452083712;0
100.8;452083712;0
99.7;452083712;0
99.7;452083712;0
100.8;452083712;0
99.7;452083712;0
99.7;452083712;0
100.3;452083712;0
42.6;422453248;0
133.0;452235264;0
100.8;452235264;0
99.7;452235264;0
99.7;452235264;0
100.3;452235264;0
100.3;452235264;0
99.4;452235264;0
100.3;452235264;0
99.4;452235264;0
99.7;436203520;0
50.4;422830080;0
157.7;452685824;0
99.4;452685824;0
99.7;452685824;0
100.3;452685824;0
99.7;452685824;0
100.3;452685824;0
99.4;452685824;0
99.7;452685824;0
100.8;436654080;0
33.2;422940672;0
149.6;452714496;0
100.3;452714496;0
100.3;452714496;0
99.4;452714496;0
100.3;452714496;0
99.4;452714496;0
99.7;452714496;0
100.8;452714496;0
99.7;452714496;0
99.7;452714496;0
50.4;422297600;0
134.4;443445248;0
99.7;443445248;0
99.7;443445248;0
99.7;443445248;0
99.4;443445248;0
100.3;443445248;0
100.3;443445248;0
99.4;443445248;0
99.7;443445248;0
50.4;417759232;0
268.8;463917056;0
218.4;512794624;0
199.5;535076864;0
199.5;557686784;0
199.5;575795200;0
199.5;599322624;0
200.7;620920832;0
200.7;642985984;0
199.5;662863872;0
199.5;680837120;0
229.4;680759296;0
229.4;724008960;0
201.6;745299968;0
199.5;765792256;0
199.5;786288640;0
200.7;805744640;0
198.9;824045568;0
199.5;824045568;0
201.6;824045568;0
149.6;510054400;0
85.2;443891712;0
143.3;461209600;0
100.3;461209600;0
99.4;461209600;0
100.3;461209600;0
99.7;461209600;0
99.7;461209600;0
100.8;461209600;0
83.1;461209600;0
99.4;461209600;0
43.0;445173760;0
168.0;442343424;0
114.7;461279232;0
99.4;461279232;0
99.7;461279232;0
99.7;461279232;0
99.7;461279232;0
100.8;461279232;0
99.7;461279232;0
99.4;461279232;0
100.3;461279232;0
100.8;445247488;0
166.2;461340672;0
99.7;461340672;0
100.3;461340672;0
99.4;461340672;0
100.3;461340672;0
100.3;461340672;0
99.7;461340672;0
99.7;461340672;0
100.3;461340672;0
43.0;445304832;0
182.8;461426688;0
99.4;461426688;0
99.7;461426688;0
99.7;461426688;0
99.4;461426688;0
99.7;461426688;0
100.8;461426688;0
99.7;461426688;0
99.7;461426688;0
