0.0;10489856;0
0.0;10489856;0
0.0;10489856;0
0.0;10489856;0
16.6;15601664;0
100.3;26697728;0
99.7;26742784;0
100.8;26730496;0
99.4;26775552;0
114.7;29364224;0
166.2;42938368;0
100.8;42979328;0
99.4;42979328;0
100.8;43012096;0
49.9;29618176;0
99.7;43053056;0
99.4;43053056;0
100.8;43085824;0
99.7;43151360;0
100.3;44019712;0
157.7;75337728;0
99.7;75337728;0
99.7;75337728;0
100.3;75337728;0
28.7;59305984;0
182.8;75493376;0
100.8;75493376;0
99.4;75493376;0
100.3;75493376;0
99.7;75493376;0
100.8;75493376;0
99.4;75550720;0
100.3;75550720;0
83.1;59518976;0
49.9;45658112;0
166.2;75694080;0
100.3;75694080;0
100.3;75694080;0
100.3;75751424;0
99.4;75751424;0
100.3;75751424;0
99.7;75751424;0
50.4;59715584;0
133.0;54288384;0
129.0;75857920;0
100.3;75857920;0
99.7;75857920;0
99.7;75857920;0
99.7;75857920;0
100.3;75857920;0
99.4;75993088;0
100.8;75993088;0
33.2;62046208;0
199.5;76148736;0
99.4;76148736;0
100.3;76148736;0
99.7;76148736;0
99.7;76210176;0
100.3;76210176;0
99.4;76210176;0
99.7;76210176;0
99.7;60063744;252
84.0;48680960;25
116.4;66871296;0
100.3;66871296;0
100.3;66932736;0
99.4;66932736;0
99.7;66932736;0
99.7;66932736;0
100.8;66932736;0
99.7;66932736;0
28.7;51032064;0
302.4;84545536;0
249.3;140689408;0
199.5;164855808;0
199.5;186621952;0
182.8;205082624;0
200.7;228143104;0
198.9;250654720;0
200.7;271855616;0
143.3;275193856;0
249.3;287674368;0
199.5;327643136;0
184.7;345755648;0
200.7;368562176;0
200.7;390713344;0
199.5;409329664;0
201.6;430166016;0
199.5;449048576;0
216.1;418603008;503
216.1;445894656;669
199.5;445894656;659
200.7;445894656;647
133.0;445857792;337
99.7;445857792;0
100.8;445857792;0
99.4;445857792;0
100.3;445857792;0
99.4;445857792;0
157.7;445898752;0
99.7;445898752;0
99.7;445898752;0
100.8;445898752;0
99.7;445898752;0
99.7;445898752;0
99.4;445898752;0
100.3;445898752;0
99.7;445898752;0
99.7;445898752;0
100.8;445898752;0
99.7;445898752;0
100.3;445898752;0
28.4;429867008;0
182.8;440586240;0
100.8;445947904;0
99.4;445947904;0
100.3;445947904;0
100.3;445947904;0
99.4;445947904;0
100.3;445947904;0
85.2;419368960;0
129.0;445952000;0
99.7;445952000;0
99.7;445952000;0
100.8;445952000;0
99.7;445952000;0
99.7;445952000;0
99.7;445952000;0
99.7;445952000;0
100.3;445952000;0
99.4;445952000;0
100.3;445952000;0
100.3;445952000;0
85.2;429916160;0
43.0;415531008;0
166.2;445947904;0
99.7;445947904;0
100.3;445947904;0
99.4;445947904;0
100.3;445947904;0
100.3;445947904;0
99.4;445947904;0
100.3;445947904;0
99.4;429916160;0
168.0;436613120;0
99.7;436613120;0
99.7;436613120;0
100.8;436613120;0
99.7;436613120;0
99.7;436613120;0
99.7;436613120;0
99.7;436613120;0
100.8;436613120;0
99.4;436613120;0
100.3;436613120;0
100.3;436613120;0
99.7;436613120;0
28.7;420581376;0
315.8;452169728;0
266.0;512933888;0
201.6;540897280;0
199.5;562941952;0
199.5;585203712;0
201.6;613560320;0
199.5;640798720;0
198.9;662573056;0
200.7;684818432;0
198.9;711581696;0
200.7;737882112;0
200.7;764313600;0
142.0;760782848;0
266.0;812593152;0
199.5;823619584;0
201.6;823619584;0
182.8;689238016;0
166.2;447725568;0
99.7;447725568;0
99.7;447725568;0
100.8;447725568;0
99.7;447725568;0
99.7;447725568;0
100.8;447725568;0
99.7;447725568;0
99.4;447725568;0
114.7;425459712;0
127.8;449019904;0
100.3;449019904;0
100.3;449019904;0
99.4;449019904;0
100.3;449019904;0
100.8;449019904;0
99.7;449019904;0
99.7;449019904;0
99.7;449019904;0
99.7;449019904;0
100.8;449019904;0
99.7;449019904;0
49.9;432988160;0
143.3;447324160;0
100.3;449105920;0
99.4;449105920;0
100.3;449105920;0
99.4;449105920;0
99.7;449105920;0
100.8;449105920;0
99.7;449105920;0
99.7;449105920;0
134.4;428920832;0
100.3;449269760;0
99.7;449269760;0
100.3;449269760;0
99.4;449269760;0
100.3;449269760;0
100.3;449269760;0
71.0;420225024;0
156.2;449273856;0
100.3;449273856;0
100.3;449273856;0
99.4;449273856;0
100.3;449273856;0
99.4;449273856;0
100.3;449273856;0
100.8;449273856;0
83.1;433242112;0
133.0;449306624;0
100.8;449306624;0
99.7;449306624;0
99.7;449306624;0
99.7;449306624;0
99.7;449306624;0
100.8;433270784;0
114.7;440053760;0
99.4;440053760;0
100.3;440053760;0
100.3;440053760;0
99.4;440053760;0
99.7;440053760;0
99.7;440053760;0
99.7;440053760;0
100.8;440053760;0
149.6;423600128;0
284.1;491581440;0
200.7;518119424;0
201.6;542007296;0
199.5;563879936;0
198.9;584728576;0
200.7;607932416;0
199.5;629813248;0
149.6;635584512;0
218.4;644702208;0
215.0;694435840;0
201.6;721399808;0
199.5;745467904;0
199.5;770449408;0
200.7;791666688;0
201.6;814964736;0
182.8;823971840;0
198.9;823971840;0
199.5;823971840;0
133.0;571305984;0
133.0;449343488;0
100.8;449343488;0
100.3;449343488;0
99.4;424890368;0
116.4;450514944;0
100.8;450514944;0
99.7;450514944;0
99.4;450514944;0
100.3;450514944;0
99.7;450514944;0
99.7;450514944;0
100.8;450498560;0
99.7;450498560;0
99.7;450498560;0
100.3;430698496;0
100.8;450674688;0
99.7;450674688;0
99.4;450674688;0
100.3;450674688;0
99.4;450674688;0
100.3;450674688;0
100.3;450674688;0
99.7;450674688;0
99.7;450674688;0
100.8;450674688;0
99.7;450674688;0
99.4;450674688;0
157.7;450764800;0
99.7;450764800;0
99.7;450764800;0
100.3;450764800;0
100.3;450764800;0
99.7;450764800;0
99.7;450764800;0
100.8;450764800;0
100.3;450764800;0
156.2;449998848;0
99.7;450953216;0
99.7;450953216;0
99.4;450953216;0
