189.7;238039040;840
109.8;331362304;923
109.8;351678464;1261
99.9;403058688;1186
109.8;482357248;1032
99.9;482488320;1449
109.8;486420480;1413
99.8;486420480;1473
99.8;486420480;1468
99.8;486420480;1445
109.8;486420480;1471
109.8;579088384;273
129.8;579350528;1
793.3;584855552;5
788.3;587853824;1
778.9;600698880;4
496.5;603975680;4
515.0;670711808;3
794.2;911753216;0
638.7;912015360;3
209.5;915816448;5
0.0;915816448;0
79.9;916209664;7
129.8;912130048;0
489.2;912523264;2
409.2;912523264;0
399.3;912523264;0
399.2;912523264;0
399.4;912523264;2
399.3;912654336;0
369.1;912654336;0
0.0;912654336;0
20.0;912785408;4
99.8;912916480;2
363.0;913702912;2
708.5;913702912;0
678.8;913702912;0
599.5;913702912;2
589.3;913702912;2
592.4;913702912;0
99.8;913833984;0
0.0;913833984;0
99.8;913965056;7
129.6;914620416;1
652.0;914882560;1
701.5;914882560;0
628.5;914882560;0
668.6;914882560;0
628.6;914882560;0
359.1;915013632;1
0.0;915013632;0
49.4;915275776;7
99.8;915275776;2
229.7;915931136;1
528.9;915931136;2
499.1;915931136;2
508.9;920125440;0
489.1;920256512;0
499.0;920256512;0
249.6;920256512;0
199.7;920256512;0
119.8;920256512;0
0.0;920256512;0
59.8;920518656;6
99.8;920518656;0
493.3;920911872;1
619.1;920911872;0
588.6;920911872;0
595.5;1228537856;1
629.1;1573781504;0
530.7;1932001280;1
545.9;2237399040;0
49.9;2237399040;0
0.0;2237399040;0
149.7;2259681280;6
136.3;1500270592;0
609.1;978833408;2
595.7;978833408;0
598.6;978833408;0
598.9;978833408;2
588.9;978833408;0
628.8;978833408;1
0.0;978833408;0
0.0;979095552;3
99.8;979095552;5
129.8;979226624;0
645.4;979881984;0
698.5;979881984;2
588.8;979881984;0
648.6;979881984;2
588.8;979881984;0
319.3;979881984;2
0.0;979881984;0
39.9;980406272;8
99.7;980406272;2
169.7;981323776;1
587.8;981323776;0
598.9;981323776;2
598.6;981323776;0
586.9;981323776;0
653.5;981323776;0
399.1;981323776;0
0.0;981323776;0
39.9;981323776;6
99.8;981323776;0
417.0;982372352;0
699.0;982372352;0
615.2;982372352;0
508.8;982372352;0
498.8;982372352;0
509.0;982372352;0
149.6;982372352;0
0.0;982372352;0
79.9;982503424;6
280.1;983158784;0
549.0;983158784;0
696.6;983158784;0
698.7;983158784;0
738.5;983158784;0
668.1;983158784;0
189.6;983289856;1
0.0;983289856;0
89.8;983289856;7
235.2;984207360;1
604.8;984207360;0
602.6;984338432;0
518.9;1033621504;0
518.9;1165086720;0
598.6;1165086720;2
399.2;1165086720;0
20.0;1165086720;1
0.0;1165086720;0
159.7;1167839232;10
109.7;997224448;0
449.3;998141952;1
688.8;998141952;0
608.6;998141952;0
588.9;998141952;0
558.7;998141952;0
518.7;998141952;2
119.7;998273024;1
0.0;998273024;0
89.8;998404096;6
109.8;998404096;0
543.2;998928384;1
637.2;998928384;0
688.2;998928384;0
698.2;998928384;2
688.3;998928384;2
449.2;998928384;2
0.0;998928384;0
39.7;999059456;6
99.8;999059456;0
359.5;999714816;1
597.3;999714816;0
568.8;999714816;0
497.3;999714816;0
528.2;999714816;0
598.6;999714816;0
219.4;999714816;0
0.0;999714816;0
69.9;999714816;7
109.7;999845888;0
575.1;1000632320;0
688.3;1000632320;0
638.6;1000632320;0
598.7;1000632320;0
479.1;1000632320;2
299.4;1000632320;0
119.7;1000763392;1
0.0;1000763392;0
79.9;1000763392;9
99.8;1000894464;0
525.8;1001680896;0
696.2;1001680896;0
648.8;1005875200;2
499.0;1005875200;0
399.2;1005875200;0
399.1;1005875200;0
159.5;1006006272;0
0.0;1006006272;0
79.8;1006006272;6
99.8;1001926656;0
381.9;1002188800;0
693.9;1002188800;0
618.5;1002319872;2
608.6;1002319872;0
625.3;1002319872;2
655.4;1002319872;0
49.9;1002319872;0
0.0;1002319872;0
99.8;1002450944;6
139.8;1003106304;0
604.8;1003106304;0
593.5;1003106304;2
598.6;1003106304;2
604.4;1003106304;0
676.4;1003106304;0
379.2;1003106304;0
0.0;1003106304;0
49.9;1003237376;6
99.8;1003237376;0
454.8;1004023808;0
498.3;1004023808;0
488.9;1004023808;2
498.9;1004023808;2
711.3;1004023808;2
687.4;1004023808;0
109.7;1004023808;0
0.0;1004023808;0
99.8;1004154880;10
149.6;1005072384;0
638.5;1005072384;0
698.6;1005072384;2
688.8;1009397760;2
568.7;1009397760;2
539.0;1009397760;0
329.0;1009397760;0
0.0;1009397760;0
49.9;1009528832;7
109.7;1005342720;0
377.3;1005998080;1
588.5;1005998080;0
688.7;1005998080;0
658.8;1005998080;2
299.3;1005998080;2
0.0;1005998080;0
39.7;1005998080;6
109.8;1005998080;0
497.5;1006653440;0
499.2;1006653440;0
498.7;1006653440;0
509.2;1006784512;2
538.7;1006784512;2
508.7;1006784512;0
109.7;1006784512;1
0.0;1006784512;0
99.8;1006784512;6
119.8;1006784512;1
556.8;1007439872;0
559.1;1007439872;0
608.7;1007439872;0
608.5;1007439872;0
687.5;1007570944;0
408.8;1007833088;1
0.0;1007833088;0
49.9;1007833088;8
99.6;1007833088;2
139.5;1008488448;0
616.7;1008488448;0
598.4;1008619520;0
566.9;1012682752;0
439.3;1012682752;2
598.9;1012682752;0
379.3;1012682752;0
29.9;1012944896;0
0.0;1012944896;0
99.8;1012944896;7
109.7;1013075968;0
521.4;1013731328;0
695.7;1013731328;0
668.3;1013731328;0
638.3;1013731328;0
698.2;1013731328;0
458.9;1013862400;0
0.0;1013862400;0
29.9;1013862400;4
99.7;1013862400;2
139.6;1014779904;1
643.8;1014779904;0
658.3;1014779904;2
598.4;1014779904;1
638.9;1014779904;0
568.8;1014779904;0
309.1;1014779904;2
0.0;1014779904;0
49.9;1014779904;7
109.7;1014779904;0
473.9;1015435264;1
597.6;1015435264;0
438.9;1015435264;0
299.3;1015435264;0
299.3;1015435264;0
584.5;1015435264;0
568.7;1015435264;0
0.0;1015435264;0
39.9;1015435264;6
99.7;1015435264;4
149.4;1016221696;1
618.5;1016221696;0
598.6;1016352768;0
598.5;1020547072;0
588.9;1020547072;2
589.0;1020547072;0
319.4;1020547072;0
0.0;1020547072;0
49.9;1020547072;7
99.8;1012211712;1
419.2;1012867072;1
558.5;1012867072;0
