219.7;225226752;759
99.9;322613248;962
109.8;355643392;1249
99.9;399028224;1288
119.8;482050048;1063
119.8;481763328;1537
99.8;485695488;1492
99.8;485695488;1536
99.8;485695488;1519
99.8;485695488;1548
109.8;486219776;1316
99.8;486612992;8
569.5;491655168;4
787.6;532549632;3
777.0;595857408;4
761.0;598216704;4
674.9;672141312;4
692.9;830214144;2
369.0;830214144;4
0.0;830214144;0
89.8;834277376;5
99.8;834408448;3
436.5;834932736;1
689.0;834932736;0
590.8;834932736;0
598.6;834932736;0
578.7;834932736;0
469.2;834932736;1
0.0;834932736;0
20.0;835039232;4
99.8;835301376;2
437.8;835694592;0
688.9;835825664;0
708.6;835825664;0
678.5;835825664;0
698.7;835825664;0
488.9;835825664;1
0.0;835825664;0
29.9;835948544;4
99.8;836079616;2
266.6;836603904;2
648.8;836603904;1
608.6;836603904;0
529.0;836603904;0
638.4;836603904;0
509.1;836603904;0
159.6;836734976;0
0.0;836734976;0
79.9;837251072;9
209.7;838037504;1
648.7;838168576;2
499.1;839610368;2
509.1;843673600;0
498.9;843673600;0
488.9;843673600;0
289.2;843804672;1
0.0;843804672;0
49.9;843927552;6
99.8;843927552;0
429.2;844713984;1
648.5;844713984;1
399.1;844713984;0
469.1;844713984;0
588.8;844713984;2
548.9;844713984;0
59.9;844713984;1
0.0;844713984;0
89.8;844959744;6
159.7;845615104;1
669.3;845615104;0
651.1;845615104;0
598.6;845615104;0
668.5;845615104;0
668.5;845615104;0
39.9;845615104;0
0.0;845615104;0
99.9;845877248;7
159.7;846401536;1
663.2;846401536;0
638.8;846401536;0
568.6;846401536;0
792.4;846401536;0
768.7;846401536;0
39.9;846401536;1
0.0;846401536;0
99.8;846794752;10
109.8;846925824;0
580.4;847581184;0
628.9;847581184;3
508.9;869470208;3
509.0;1159008256;0
479.3;1484197888;0
419.3;1769279488;0
409.3;1898778624;0
0.0;1898778624;0
0.0;1898909696;1
189.7;1193119744;5
287.3;960417792;0
539.1;960548864;0
638.6;960679936;0
698.6;960679936;0
697.7;960679936;0
586.5;960679936;2
19.9;960679936;0
0.0;960679936;0
99.8;960811008;6
438.6;961466368;2
678.8;961466368;0
618.3;961466368;0
615.8;961466368;0
568.9;961466368;0
429.2;961466368;0
39.9;961466368;0
0.0;961466368;0
109.8;961597440;6
296.9;962383872;1
598.8;962383872;1
588.8;962383872;0
498.8;962383872;0
694.1;962383872;0
658.4;962383872;0
0.0;962383872;0
10.0;962383872;3
99.8;962514944;7
206.0;963301376;0
627.9;963432448;0
419.1;963432448;0
459.2;967495680;0
628.5;967495680;0
588.8;967495680;0
309.2;967757824;1
0.0;967757824;0
49.9;967757824;6
129.8;968019968;1
649.0;968544256;1
694.2;968806400;0
685.5;968806400;1
758.2;968806400;2
558.7;968806400;0
99.8;968806400;0
0.0;968806400;0
89.8;968806400;6
149.7;969330688;0
632.9;969461760;0
590.4;969461760;0
448.8;969461760;0
558.6;969461760;0
598.8;969461760;2
279.3;969461760;0
0.0;969461760;0
69.8;969592832;6
99.8;969592832;0
479.1;970117120;1
589.0;970117120;0
618.5;970117120;0
508.8;970117120;0
498.9;970117120;0
399.1;970117120;0
19.9;970248192;0
0.0;970248192;0
99.8;970379264;10
119.7;970379264;0
630.5;971165696;0
698.2;971165696;2
638.4;975360000;0
598.6;975360000;0
478.8;975360000;0
279.3;975360000;0
0.0;975360000;0
39.9;975622144;7
99.8;975622144;0
404.8;976277504;0
615.2;988598272;0
488.9;1157025792;0
449.0;1157025792;0
568.9;1157025792;0
408.9;1157025792;0
159.5;1157025792;0
0.0;1157025792;0
169.7;1160040448;6
119.7;997937152;0
574.2;998330368;1
598.6;998330368;0
650.2;998330368;0
743.4;998330368;0
688.2;998330368;0
159.6;998461440;0
0.0;998461440;0
69.8;998592512;6
119.7;998723584;0
579.0;999378944;0
609.2;999378944;0
598.5;999378944;0
598.7;999378944;0
478.9;999378944;0
329.0;999510016;1
0.0;999510016;0
20.0;999510016;7
99.8;999772160;2
489.3;1000427520;0
655.1;1000558592;0
635.9;1004752896;0
618.4;1004752896;0
399.0;1004752896;0
388.9;1004752896;0
0.0;1004752896;0
39.9;1004752896;4
99.6;1000730624;2
229.7;1001254912;1
568.6;1001254912;0
519.0;1001254912;0
542.2;1001254912;2
748.8;1001254912;0
579.1;1001254912;0
99.7;1001254912;0
0.0;1001254912;0
89.8;1001385984;6
109.8;1001385984;0
587.4;1002041344;0
598.8;1002041344;2
597.7;1002041344;0
773.7;1002041344;0
740.6;1002041344;0
149.6;1002041344;1
0.0;1002041344;0
79.8;1002172416;7
99.7;1002303488;0
546.5;1002958848;0
573.7;1002958848;0
508.8;1002958848;0
681.5;1002958848;0
549.1;1002958848;0
359.1;1002958848;0
0.0;1002958848;0
20.0;1002958848;8
99.8;1003089920;2
364.3;1004007424;0
678.8;1004007424;0
619.0;1005187072;2
587.9;1008201728;0
766.8;1008201728;0
439.1;1008201728;0
20.0;1008201728;0
0.0;1008201728;0
109.8;1008201728;7
256.3;1004953600;1
716.2;1004953600;1
608.5;1004953600;0
568.7;1004953600;0
588.6;1004953600;0
518.7;1004953600;0
79.8;1005084672;0
0.0;1005084672;0
69.8;1005215744;7
99.7;1005215744;0
638.8;1005608960;1
598.8;1005608960;0
697.8;1005608960;0
598.3;1005608960;0
69.8;1005608960;0
0.0;1005608960;0
99.8;1005871104;7
365.9;1006395392;0
617.7;1006395392;0
606.3;1006395392;0
648.2;1006395392;2
548.9;1006395392;0
458.7;1006395392;0
109.7;1006395392;0
0.0;1006395392;0
99.7;1006526464;9
169.8;1007312896;1
628.7;1007312896;0
508.7;1007443968;2
329.4;1011900416;0
459.2;1027497984;0
708.4;1408786432;0
638.5;1771462656;0
329.1;1992712192;0
0.0;1992712192;0
239.5;2014339072;5
99.4;2007945216;3
509.1;1448132608;1
638.1;1009213440;0
608.0;1009213440;0
588.3;1009213440;0
598.2;1009213440;0
419.0;1009213440;3
10.0;1009213440;0
0.0;1009213440;0
99.8;1009475584;8
314.6;1009999872;2
698.6;1010130944;0
618.7;1010130944;0
598.0;1010130944;0
658.8;1010130944;0
508.8;1010130944;0
10.0;1010130944;0
0.0;1010130944;0
109.8;1010130944;6
