229.6;214761472;651
99.8;310968320;951
99.9;356188160;1147
109.8;384106496;1355
99.9;482279424;991
119.8;482488320;1515
109.8;486420480;1507
99.8;486420480;1518
89.9;486420480;1523
89.9;486420480;1512
109.8;486420480;1540
109.8;486682624;66
385.5;490127360;3
778.1;496689152;4
780.1;579719168;4
768.8;592171008;4
807.2;595316736;2
729.0;750505984;4
758.1;751030272;2
199.5;751161344;5
0.0;751161344;0
99.8;754044928;7
109.8;754044928;0
509.1;754700288;3
593.9;754700288;1
688.9;754700288;0
698.7;754700288;0
678.7;754700288;0
688.5;754700288;1
19.9;754700288;0
0.0;754700288;0
119.8;754958336;7
304.4;756137984;1
709.0;756137984;2
687.9;756137984;0
698.5;756137984;0
638.9;756137984;0
489.2;756137984;2
10.0;756137984;1
0.0;756137984;0
109.8;756400128;7
413.1;756924416;2
598.9;756924416;1
597.8;756924416;0
598.8;756924416;0
589.0;756924416;2
239.6;756924416;0
239.5;756924416;4
0.0;756924416;0
39.9;757579776;7
99.8;757579776;3
311.9;758235136;0
536.1;758497280;2
609.5;852213760;1
535.0;1121304576;1
524.4;1442037760;1
319.5;1639956480;0
299.5;1786363904;0
309.4;1787150336;0
209.5;1787150336;1
0.0;1787150336;0
219.7;1411887104;6
129.7;989220864;0
536.4;995119104;1
692.5;995119104;0
797.2;995119104;0
801.8;995119104;0
686.3;995119104;3
119.7;995119104;1
0.0;995119104;0
89.9;995643392;6
179.7;996429824;1
618.4;996429824;0
648.4;996429824;0
597.9;996429824;0
658.5;996429824;0
569.0;996429824;0
139.6;996560896;1
0.0;996560896;0
79.9;996560896;6
159.8;997216256;0
675.3;997216256;0
598.9;997216256;0
598.7;997216256;0
718.2;997216256;0
588.2;997216256;2
129.6;997216256;1
0.0;997216256;0
89.8;997478400;10
99.8;997478400;0
480.2;998264832;0
589.1;998264832;2
615.1;1002328064;0
598.9;1002328064;0
588.9;1002328064;0
339.2;1002459136;0
0.0;1002459136;0
39.9;1002459136;4
99.7;998510592;2
186.7;999297024;0
628.6;999297024;1
528.9;999297024;0
538.9;999297024;2
599.3;999297024;0
608.8;999297024;0
219.5;999297024;0
0.0;999297024;0
59.9;999428096;6
99.8;999428096;0
522.2;1000214528;0
586.5;1000214528;0
569.0;1000214528;0
588.9;1000214528;0
668.3;1000214528;0
428.6;1000214528;5
0.0;1000214528;0
49.9;1000476672;6
99.8;1000476672;0
520.4;1001000960;1
676.5;1001000960;0
557.6;1001000960;0
568.0;1001000960;2
598.6;1001000960;0
416.5;1001000960;0
10.0;1001000960;0
0.0;1001000960;0
109.8;1001132032;10
297.5;1002049536;1
668.4;1002049536;0
667.9;1002049536;0
658.7;1006112768;0
678.3;1006112768;2
519.0;1006112768;2
0.0;1006243840;0
79.9;1006505984;7
224.1;1002717184;1
608.7;1002717184;0
608.8;1002717184;2
596.0;1002717184;2
729.5;1002717184;2
738.2;1002717184;2
29.9;1002717184;0
0.0;1002717184;0
99.7;1002848256;6
169.7;1003765760;0
634.4;1003765760;0
678.4;1003765760;0
598.6;1003765760;2
588.5;1003765760;2
598.3;1003765760;2
149.6;1003765760;0
0.0;1003765760;0
79.8;1003896832;6
99.8;1003896832;1
572.8;1004552192;0
518.8;1004552192;0
419.1;1004552192;0
628.6;1004552192;0
651.1;1004552192;2
309.1;1004552192;2
0.0;1004552192;0
49.9;1004552192;7
99.8;1004683264;2
353.6;1005469696;0
667.0;1005600768;0
498.7;1009795072;2
411.2;1009795072;0
495.8;1009795072;0
509.0;1009795072;2
319.3;1009795072;2
0.0;1009795072;0
39.9;1009926144;6
99.8;1005789184;0
474.7;1006182400;0
621.2;1006182400;0
738.8;1006182400;2
697.3;1006182400;2
658.4;1006182400;0
309.3;1006313472;0
0.0;1006313472;0
20.0;1006313472;4
99.8;1006444544;2
388.8;1007362048;0
708.9;1007362048;0
645.1;1007362048;0
672.7;1007362048;2
399.1;1007362048;0
498.9;1007362048;0
20.0;1007493120;0
0.0;1007493120;0
109.8;1007624192;6
149.7;1008017408;0
643.7;1008017408;0
598.8;1008017408;0
608.8;1008017408;0
737.6;1008017408;2
658.3;1008017408;0
89.8;1008148480;0
0.0;1008148480;0
79.9;1008279552;10
109.7;1008410624;0
616.7;1008934912;1
698.2;1009065984;0
598.6;1012473856;0
768.9;1013260288;2
676.3;1013260288;2
139.6;1013260288;3
0.0;1013260288;0
79.9;1013391360;7
119.7;1009451008;0
604.4;1009975296;1
687.3;1009975296;0
598.4;1009975296;0
723.8;1010106368;2
697.7;1010106368;2
149.6;1010106368;0
0.0;1010106368;0
69.9;1010368512;6
119.7;1010892800;0
606.4;1011023872;0
588.5;1011023872;0
607.9;1011023872;0
598.3;1011023872;0
578.4;1011023872;2
179.5;1011154944;0
0.0;1011154944;0
79.9;1011286016;7
217.7;1012203520;0
678.3;1012203520;0
628.4;1012203520;0
598.7;1012203520;0
748.4;1012203520;0
530.8;1012203520;1
0.0;1012203520;0
29.9;1012203520;6
109.7;1012203520;4
186.9;1013121024;0
578.9;1013121024;0
578.8;1013121024;0
598.8;1017053184;2
633.8;1017053184;0
696.7;1017053184;0
179.7;1017053184;1
0.0;1017053184;0
79.9;1017184256;7
149.3;1013612544;0
589.0;1013612544;0
698.5;1013612544;0
597.6;1013612544;0
698.1;1013612544;0
588.8;1013612544;0
159.6;1013743616;0
10.0;1013743616;0
69.9;1013743616;6
109.8;1013874688;0
607.7;1014661120;1
517.6;1014661120;0
578.7;1014661120;0
698.6;1014661120;0
688.5;1014661120;0
249.5;1014661120;0
0.0;1014661120;0
69.9;1014792192;7
215.7;1015316480;1
593.8;1015447552;1
628.5;1015447552;0
598.4;1015447552;0
588.5;1015447552;0
369.1;1015447552;0
179.6;1015447552;0
0.0;1015447552;0
59.9;1015578624;9
119.7;1015709696;0
657.4;1016233984;1
648.3;1016233984;0
657.9;1020428288;0
638.0;1020428288;0
478.4;1020428288;0
169.4;1020690432;1
0.0;1020690432;0
69.9;1020821504;8
99.8;1016754176;0
529.7;1017278464;1
628.0;1017278464;0
648.8;1017278464;0
638.3;1017278464;0
687.7;1017278464;0
269.2;1017278464;0
0.0;1017278464;0
59.9;1017409536;8
129.8;1018064896;1
587.1;1018195968;0
498.8;1018327040;0
429.1;1018327040;0
299.4;1018327040;0
299.3;1018327040;0
259.4;1018327040;0
199.6;1018327040;0
129.7;1018458112;0
0.0;1018458112;0
