199.7;223285248;732
109.8;319361024;951
99.9;355667968;1223
119.8;394334208;1298
109.8;481890304;1033
99.9;482054144;1516
99.9;485986304;1497
99.8;485986304;1531
109.9;485986304;1519
99.8;485986304;1536
109.8;486379520;1424
109.8;486510592;9
473.8;489902080;4
729.0;517713920;4
696.2;593473536;4
678.6;596619264;4
579.1;597405696;4
598.6;848932864;0
579.1;848932864;5
0.0;848932864;0
10.0;849195008;4
129.8;853389312;3
332.6;854175744;1
616.5;854175744;1
608.7;854175744;0
598.8;854175744;0
678.3;854175744;0
658.8;854175744;2
79.8;854175744;1
0.0;854175744;0
89.9;854568960;7
196.7;855224320;1
681.8;855224320;0
688.5;855224320;0
558.8;855224320;0
588.9;855224320;0
598.8;855355392;0
289.3;855486464;1
0.0;855486464;0
69.9;855617536;7
99.8;855617536;0
448.1;856403968;1
589.0;856403968;1
499.1;856403968;0
499.0;856403968;0
598.7;856403968;0
548.7;856403968;0
79.8;856403968;0
0.0;856403968;0
89.8;856797184;10
119.7;856928256;0
666.1;857583616;2
518.7;857714688;0
498.9;861777920;0
498.9;861777920;2
498.6;861777920;0
498.9;861777920;0
69.8;861908992;2
0.0;861908992;0
89.9;862040064;6
323.0;862695424;0
628.7;862826496;2
654.2;862826496;2
498.9;862826496;0
588.7;862826496;0
658.5;862826496;2
239.5;862826496;2
0.0;862826496;0
69.4;863088640;6
109.8;863219712;0
559.3;863612928;1
593.9;863612928;2
588.7;863612928;0
648.5;863612928;0
608.6;863612928;0
499.3;863744000;0
0.0;863744000;0
20.0;863744000;4
99.8;863875072;2
435.5;864530432;0
624.0;864530432;0
628.4;864530432;0
548.8;864530432;0
588.9;864530432;4
489.1;864661504;0
89.8;864661504;0
0.0;864661504;0
20.0;864792576;8
99.8;864923648;2
330.4;865710080;0
612.3;865710080;0
678.7;869904384;2
698.3;869904384;0
638.5;869904384;0
409.2;869904384;0
119.7;870035456;0
0.0;870035456;0
69.9;870166528;6
129.7;870297600;0
667.3;870821888;0
608.6;870821888;0
473.9;870821888;0
638.8;870821888;0
625.5;870821888;0
438.9;935178240;3
0.0;935178240;0
49.9;953446400;4
99.9;870350848;2
459.3;985694208;0
574.8;987136000;0
598.6;988446720;0
598.7;988446720;0
598.5;988446720;0
588.7;988446720;0
129.6;988446720;1
0.0;988446720;0
79.9;988708864;6
255.0;989626368;1
628.6;989626368;0
596.7;989757440;0
598.7;989757440;2
683.2;989757440;1
598.6;989757440;2
199.5;989757440;0
0.0;989757440;0
79.9;989888512;10
109.7;989888512;0
588.7;990543872;1
558.6;1114931200;2
499.0;1374060544;0
528.1;1699512320;0
752.6;2066251776;0
698.6;2340454400;0
479.4;2340454400;0
0.0;2340454400;0
10.0;2340847616;3
319.1;2361819136;4
139.7;1686470656;1
654.4;1004515328;0
638.6;991735808;2
598.8;991735808;0
598.9;991735808;0
529.0;991735808;0
379.2;991735808;0
49.9;991735808;0
0.0;991735808;0
99.8;991735808;6
119.7;991735808;0
644.7;992391168;1
648.4;992391168;0
608.5;992522240;2
688.8;992522240;0
658.6;992522240;2
409.3;992522240;0
0.0;992522240;0
30.0;992653312;6
99.8;992653312;0
401.7;993308672;0
695.5;993308672;0
628.4;993308672;2
588.9;993308672;2
781.6;993308672;0
598.7;993308672;0
0.0;993308672;0
10.0;993308672;3
99.8;993439744;6
204.8;994226176;0
686.4;994226176;0
449.1;994226176;0
409.2;998420480;2
399.3;998420480;0
369.2;998420480;0
308.0;998420480;0
319.2;998420480;0
0.0;998420480;0
79.8;998551552;6
99.8;994426880;0
405.1;995213312;0
598.4;995213312;0
697.9;995213312;0
708.5;995213312;0
588.7;995213312;2
597.8;995213312;0
0.0;995213312;1
0.0;995213312;1
109.8;995344384;5
369.4;996130816;0
588.7;996130816;0
389.2;996130816;2
399.1;996130816;0
563.0;996130816;0
588.9;996130816;2
299.3;996130816;2
0.0;996130816;0
39.9;996261888;6
99.8;996261888;0
386.0;996917248;0
608.7;996917248;0
569.1;996917248;0
568.9;996917248;2
664.5;996917248;2
508.7;996917248;0
99.8;996917248;0
0.0;996917248;0
89.7;997048320;9
99.7;997179392;0
569.0;998096896;0
595.7;998096896;0
518.7;1002291200;0
558.8;1002291200;0
668.3;1002291200;0
588.9;1002291200;0
20.0;1002291200;0
0.0;1002291200;0
109.8;1002291200;7
139.7;998838272;0
608.6;998838272;0
688.4;998838272;2
688.2;998838272;2
688.1;998838272;2
658.4;998838272;2
219.3;998838272;0
0.0;998838272;0
69.9;998969344;6
99.8;998969344;0
557.2;999755776;1
598.9;999755776;0
598.3;999755776;2
565.9;999755776;0
569.0;999755776;2
0.0;999755776;0
20.0;999755776;5
99.8;999755776;2
227.0;1000673280;0
638.2;1000673280;0
598.6;1000673280;2
548.6;1000673280;2
628.4;1000673280;0
668.2;1000673280;0
329.1;1000673280;2
0.0;1000673280;0
29.9;1000673280;8
99.7;1000804352;2
372.0;1001459712;0
617.3;1001459712;2
588.9;1001459712;0
538.9;1005654016;2
648.4;1005654016;2
498.6;1005654016;0
289.2;1005654016;0
0.0;1005654016;0
59.9;1005785088;7
109.7;1005785088;0
474.7;1006440448;0
558.1;1006440448;3
399.1;1006571520;0
548.4;1006571520;2
727.4;1006571520;1
508.6;1006571520;2
189.4;1006571520;0
0.0;1006571520;0
79.9;1006702592;6
119.7;1006702592;0
633.4;1007357952;1
602.7;1007357952;0
406.6;1007357952;0
578.7;1007357952;0
598.8;1007357952;0
528.9;1007357952;0
10.0;1007620096;1
0.0;1007620096;0
119.8;1007751168;7
395.6;1008406528;1
616.7;1008406528;0
667.0;1008406528;0
588.5;1008406528;0
790.8;1008406528;0
613.0;1008406528;0
0.0;1008406528;0
20.0;1008406528;7
99.8;1008537600;2
329.4;1009324032;1
623.6;1009324032;0
678.7;1009455104;0
698.0;1013911552;0
678.1;1013911552;0
528.7;1013911552;0
89.7;1013911552;0
0.0;1013911552;0
69.9;1014042624;7
119.8;1005568000;0
622.3;1005961216;1
677.2;1005961216;2
568.9;1005961216;0
548.8;1005961216;0
489.0;1005961216;2
489.2;1005961216;1
39.9;1005961216;0
0.0;1005961216;0
99.8;1006092288;8
