139.8;247549952;917
99.9;345067520;964
119.8;354766848;1353
99.9;419123200;1164
129.8;481267712;968
99.9;484544512;1502
109.8;485199872;1519
99.8;485199872;1548
99.8;485199872;1520
109.8;485199872;1533
99.8;485724160;1214
109.8;485986304;8
534.9;489066496;4
769.0;575545344;5
704.1;588259328;3
608.8;588521472;4
606.2;592584704;4
588.7;802955264;2
498.9;802955264;3
149.7;803086336;5
0.0;803086336;0
89.8;806887424;7
139.8;807411712;1
659.0;807411712;1
598.7;807542784;0
548.9;807542784;0
499.2;807542784;2
508.9;807542784;2
488.9;807542784;0
79.8;807542784;0
0.0;807542784;0
89.8;807673856;6
185.4;808460288;1
628.7;808591360;1
626.6;808591360;0
678.8;808591360;0
694.6;808591360;0
668.4;808591360;0
199.6;808591360;0
0.0;808591360;0
79.9;808722432;6
228.7;809377792;1
701.7;809377792;0
698.9;809377792;0
639.1;809377792;2
698.7;809377792;1
698.6;809377792;1
169.6;809377792;1
0.0;809377792;0
89.9;809771008;11
198.4;810688512;1
718.5;810688512;1
668.6;816455680;0
598.7;973479936;0
608.6;1320951808;0
708.8;1644175360;0
469.1;1644306432;0
169.7;1645092864;0
0.0;1645092864;0
198.6;1248645120;6
129.8;967159808;0
614.0;967684096;2
588.8;967684096;0
608.9;967815168;0
569.0;967815168;0
688.8;967815168;0
538.9;967815168;0
20.0;967815168;0
0.0;967815168;0
109.9;968077312;7
369.5;968863744;1
603.9;968994816;1
588.7;968994816;0
678.8;968994816;1
728.2;968994816;0
528.8;968994816;0
59.9;968994816;1
0.0;968994816;0
89.3;969125888;7
119.8;969388032;0
608.6;969912320;1
598.7;969912320;0
439.2;969912320;0
494.5;969912320;0
683.2;969912320;0
578.6;970043392;0
0.0;970043392;0
10.0;970043392;3
99.8;970305536;7
362.9;971091968;0
518.8;971091968;0
369.2;971223040;2
289.5;975286272;0
579.2;975286272;2
467.1;975286272;0
369.4;975286272;0
109.8;975286272;0
0.0;975286272;0
79.9;975679488;6
138.2;976465920;0
636.7;976465920;0
649.1;976465920;0
569.0;976465920;0
783.7;976465920;2
799.5;976465920;0
199.7;976465920;0
0.0;976465920;0
79.8;976596992;6
109.8;976596992;0
579.0;977383424;0
408.0;977383424;0
299.4;977383424;0
299.4;977514496;0
299.4;977514496;0
444.8;977514496;0
668.8;977514496;0
69.8;977514496;1
0.0;977514496;0
99.8;977645568;6
109.7;977776640;1
577.6;978038784;0
603.7;978038784;0
646.7;978038784;2
708.3;978038784;0
698.4;978038784;0
299.3;978038784;0
0.0;978038784;0
39.8;978038784;8
99.8;978169856;2
354.0;978956288;1
694.8;978956288;0
678.6;979611648;2
684.3;983281664;0
688.5;983281664;2
568.9;983281664;0
29.9;983281664;1
0.0;983281664;0
99.7;983543808;6
229.4;984330240;2
634.5;984330240;0
595.8;984330240;0
508.8;984330240;2
671.1;984330240;0
698.3;984330240;0
249.6;984330240;0
0.0;984330240;0
79.9;984330240;6
159.7;985116672;0
742.4;985116672;0
757.8;985116672;2
721.2;985116672;2
765.2;985116672;0
648.2;985116672;0
99.7;985116672;0
0.0;985116672;0
69.8;985247744;6
119.7;985378816;1
573.1;986034176;0
568.6;986034176;0
498.9;986034176;0
542.8;986034176;0
793.3;986165248;0
399.1;986165248;2
0.0;986296320;0
20.0;986296320;3
99.8;986427392;6
274.1;987082752;0
708.6;987082752;0
668.2;987082752;0
598.6;991145984;2
638.5;991145984;2
588.7;991145984;0
139.7;991277056;0
0.0;991277056;0
69.9;991539200;6
119.8;991670272;0
596.3;992194560;0
588.6;992194560;0
598.9;992194560;0
588.7;992194560;0
598.5;992194560;2
349.2;992194560;0
20.0;992194560;0
0.0;992194560;0
89.8;992325632;6
99.8;992456704;0
555.5;993112064;0
658.3;993112064;2
598.6;993112064;0
439.1;993112064;0
488.8;993112064;2
558.7;993112064;2
29.9;993112064;0
0.0;993112064;0
99.8;993374208;7
228.8;993898496;0
698.5;993898496;0
648.7;993898496;0
598.4;993898496;0
598.6;993898496;0
578.7;993898496;0
159.7;994029568;0
0.0;994029568;0
79.8;994160640;9
149.1;994947072;0
667.7;995078144;0
629.7;995078144;2
598.9;999272448;2
684.4;999272448;2
595.9;999272448;0
289.1;999272448;0
0.0;999272448;0
69.7;999403520;6
99.7;999403520;0
506.9;1000058880;1
599.0;1000058880;0
598.7;1000058880;0
588.9;1000058880;0
538.8;1000058880;0
459.0;1000058880;0
139.7;1000058880;1
0.0;1000058880;0
69.8;1000189952;6
99.7;1000189952;0
514.8;1000976384;0
684.5;1000976384;2
595.8;1000976384;2
578.3;1000976384;0
498.7;1001107456;0
453.1;1001107456;2
119.8;1001107456;1
0.0;1001107456;0
59.9;1001107456;7
99.7;1001107456;0
299.5;1001631744;0
615.9;1001631744;0
598.8;1001631744;0
698.8;1001631744;0
628.8;1001631744;2
499.2;1001631744;2
189.5;1001762816;0
0.0;1001762816;0
79.9;1002156032;10
205.0;1002680320;0
704.5;1002680320;0
694.9;1002680320;0
628.5;1006874624;0
648.4;1007005696;0
39.9;1007005696;0
0.0;1007005696;0
79.8;1007136768;7
148.8;1007661056;0
618.9;1007661056;1
554.1;1007661056;0
696.3;1007661056;2
708.5;1007661056;1
748.3;1007661056;2
249.2;1007661056;0
0.0;1007661056;0
79.9;1007792128;6
99.7;1007792128;0
329.5;1008709632;1
622.4;1008709632;0
608.4;1008709632;0
598.4;1008709632;0
619.2;1008709632;2
678.2;1008709632;0
69.8;1008840704;1
0.0;1008840704;0
69.8;1008971776;7
99.8;1008971776;0
525.6;1009627136;0
589.0;1009627136;0
618.4;1009627136;0
608.4;1009627136;0
568.4;1009627136;2
428.8;1009627136;0
89.8;1009889280;0
0.0;1009889280;0
89.8;1010020352;9
99.7;1010020352;0
496.1;1010413568;1
676.9;1010675712;2
548.6;1014870016;2
628.2;1014870016;0
668.0;1014870016;0
518.4;1014870016;1
0.0;1014870016;0
29.9;1014870016;5
99.7;1014870016;2
189.7;1015656448;1
694.7;1015656448;0
658.1;1015656448;2
598.4;1015656448;2
668.1;1015656448;0
518.7;1015656448;0
179.5;1015656448;0
0.0;1015656448;0
69.9;1015787520;8
99.7;1015787520;0
