0.0;10493952;0
0.0;10493952;0
0.0;10493952;0
0.0;10493952;0
0.0;10493952;0
49.9;14688256;0
99.7;14712832;0
143.3;19050496;0
199.5;19107840;0
216.1;23310336;0
186.4;19300352;0
216.1;23543808;0
199.5;23543808;0
215.0;31571968;0
170.5;27545600;0
149.6;31543296;0
199.5;23535616;0
215.0;31727616;0
199.5;31727616;0
184.8;31825920;0
199.5;31850496;0
172.0;27824128;0
184.7;31789056;0
201.6;31830016;0
182.8;32751616;0
186.4;28733440;0
182.8;32116736;0
199.5;32120832;0
199.5;32120832;0
200.7;32129024;0
200.7;32161792;0
149.6;24117248;0
235.2;32325632;0
184.7;32350208;0
200.7;32382976;0
199.5;32415744;0
201.6;32448512;0
199.5;32448512;0
143.3;21762048;1
143.3;27488256;276
199.5;33357824;0
199.5;33357824;0
182.8;33308672;0
200.7;33308672;0
198.9;33308672;0
201.6;33533952;0
199.5;33533952;0
200.7;33533952;0
198.9;33562624;0
201.6;33562624;0
199.5;33562624;0
182.8;29536256;0
215.0;47394816;0
198.9;47394816;0
116.4;43368448;0
299.2;67514368;0
301.0;97755136;0
241.5;121876480;0
285.6;151859200;0
299.2;170643456;0
299.2;195964928;0
299.2;218894336;0
243.7;236503040;0
315.4;254664704;0
249.3;271872000;0
302.4;293732352;0
299.2;312860672;0
301.0;330731520;0
298.3;348717056;0
272.4;368410624;0
299.2;388767744;0
299.2;405999616;0
372.7;400904192;494
387.0;400904192;670
398.9;400969728;671
401.4;401035264;758
298.3;398000128;222
272.4;402046976;0
301.0;402046976;0
269.9;398020608;0
286.7;402042880;0
301.0;402042880;0
299.2;402042880;0
299.2;402042880;0
229.4;398024704;0
315.4;402046976;0
298.3;402046976;0
235.2;394907648;0
299.2;398020608;0
232.7;402042880;0
284.1;402042880;0
229.4;402051072;0
302.4;402051072;0
299.2;402051072;0
301.0;402051072;0
301.0;402051072;0
298.3;402051072;0
301.0;402051072;0
282.6;398028800;0
252.0;402055168;0
299.2;402055168;0
301.0;402055168;0
286.7;402055168;0
266.0;402526208;0
301.0;402526208;0
298.3;402526208;0
285.6;394473472;0
329.7;419987456;0
349.1;444194816;0
401.4;468086784;0
401.4;488706048;0
365.7;503881728;0
365.7;522072064;0
401.4;543920128;0
355.1;559505408;0
358.4;583270400;0
344.0;600342528;0
284.1;617422848;0
301.0;644317184;0
301.0;670613504;0
312.5;695431168;0
387.5;731435008;0
372.7;754688000;0
401.4;778592256;0
387.5;767619072;0
387.0;767619072;0
358.4;762372096;0
369.3;768659456;0
398.9;768659456;0
401.4;768659456;0
397.7;768659456;0
398.9;768659456;0
401.4;764637184;0
358.4;768659456;0
369.3;764637184;0
355.1;768663552;0
401.4;768663552;0
387.5;768663552;0
398.9;768655360;0
397.7;768659456;0
325.0;762429440;0
400.0;768659456;0
365.7;764637184;0
349.1;768663552;0
398.9;768663552;0
369.6;764641280;0
344.0;768679936;0
397.7;768679936;0
400.0;768679936;0
398.9;768679936;0
400.0;768679936;0
401.4;768679936;0
401.4;768679936;0
300.0;764657664;0
241.5;764657664;0
315.8;763084800;0
372.7;768720896;0
355.1;768720896;0
401.4;768720896;0
372.7;768720896;0
401.4;768720896;0
397.7;764698624;0
286.7;763375616;0
375.0;768716800;0
387.0;768716800;0
372.7;771108864;0
375.0;783396864;0
387.5;783396864;0
398.9;783396864;0
344.0;799789056;0
401.4;829018112;0
365.7;847933440;0
383.5;878235648;0
383.5;897118208;0
237.5;914980864;0
372.7;941428736;0
398.9;967139328;0
332.4;984219648;0
397.7;1017245696;0
387.0;1044090880;0
358.4;1065881600;0
387.0;1082945536;0
372.7;1093890048;0
355.1;1111384064;0
369.3;1122697216;0
397.7;1134440448;0
401.4;1130418176;0
401.4;1135554560;0
400.0;1135554560;0
387.0;1131528192;0
277.0;1135550464;0
358.4;1135550464;0
400.0;1135550464;0
401.8;1135550464;0
397.7;1135558656;0
400.0;1131536384;0
397.7;1135562752;0
369.3;1131536384;0
383.5;1135558656;0
369.3;1135558656;0
398.9;1131532288;0
387.0;1131532288;0
400.0;1135554560;0
383.5;1135554560;0
397.7;1135554560;0
398.9;1135554560;0
401.4;1135558656;0
401.4;1135558656;0
397.7;1135558656;0
398.9;1131536384;0
243.7;1135558656;0
375.0;1135570944;0
390.6;1135570944;0
369.3;1135570944;0
375.0;1135570944;0
383.5;1135570944;0
400.0;1135570944;0
315.4;1127522304;0
362.5;1135575040;0
400.0;1135575040;0
387.0;1135575040;0
372.7;1135575040;0
387.0;1131548672;0
400.0;1150255104;0
403.2;1146228736;0
358.4;1154281472;0
350.0;1166753792;0
350.0;1182642176;0
400.0;1198694400;0
387.0;1213095936;0
387.0;1228668928;0
398.9;1250660352;0
400.0;1270005760;0
387.5;1284771840;0
400.0;1301843968;0
372.7;1316728832;0
372.7;1336692736;0
375.0;1362800640;0
375.0;1378181120;0
350.0;1393831936;0
400.0;1417879552;0
344.0;1432248320;0
362.5;1448366080;0
387.5;1468567552;0
362.5;1488486400;0
340.9;1501839360;0
350.0;1500213248;0
375.0;1500213248;0
400.0;1500205056;0
355.1;1501216768;0
400.0;1497190400;0
400.0;1501261824;0
400.0;1493209088;0
337.5;1501290496;0
387.5;1501290496;0
350.0;1501290496;0
401.4;1501282304;0
372.7;1501290496;0
401.4;1497239552;0
312.5;1501261824;0
350.0;1501261824;0
401.8;1501261824;0
387.5;1501261824;0
387.0;1501265920;0
372.7;1497239552;0
387.5;1501265920;0
400.0;1501265920;0
387.5;1501261824;0
401.4;1501261824;0
401.4;1501261824;0
401.4;1501261824;0
400.0;1501261824;0
400.0;1501298688;0
388.1;1515978752;0
400.0;1515978752;0
383.5;1515982848;0
387.5;1520865280;0
400.0;1545445376;0
400.0;1563652096;0
400.0;1584795648;0
362.5;1597460480;0
400.0;1613582336;0
401.4;1620971520;0
354.6;1637568512;0
387.5;1657270272;0
387.5;1680969728;0
383.5;1698779136;0
287.5;1710329856;0
375.0;1728389120;0
401.8;1744977920;0
365.7;1759952896;0
375.0;1774043136;0
337.5;1783926784;0
288.1;1807413248;0
387.5;1824608256;0
350.6;1842790400;0
400.0;1871327232;0
400.0;1866149888;0
387.5;1867411456;0
400.0;1867411456;0
