7.1;0.2;0.0;0.0;855.0


8.3;128.8;7.6;0.0;855.0


5.6;94.0;7.5;0.0;855.0


1.2;82.8;8.2;0.0;855.0


0.0;0.3;0.0;0.0;855.0


8.4;28.8;1.1;0.0;855.0


8.3;0.3;0.0;7.0;1042.0


8.4;0.0;0.0;5.0;1174.0


8.3;0.0;0.0;8.0;1316.0


8.4;0.2;0.0;5.0;1428.0


8.3;0.0;0.0;4.0;1602.0


8.4;70.2;67.7;1.0;1676.0


8.3;84.8;353.6;19.0;2320.0


29.2;0.0;0.0;57.0;2320.0


0.0;0.1;0.0;0.0;2320.0


0.0;0.3;0.0;0.0;2320.0


0.0;15.9;0.2;0.0;2320.0


0.0;0.3;0.0;0.0;2320.0


8.3;17.1;0.7;42.0;2334.0


44.2;0.0;0.0;42.0;3098.0


8.3;0.0;0.0;47.0;3098.0


8.4;0.0;0.0;47.0;3098.0


8.4;0.0;0.0;47.0;3098.0


8.3;0.0;0.0;47.0;3098.0


8.4;0.0;0.0;47.0;3098.0


8.3;0.0;0.0;47.0;3098.0


8.4;0.0;0.0;47.0;3098.0


8.3;0.0;0.0;48.0;3098.0


8.3;0.0;0.0;48.0;3098.0


8.3;0.0;0.0;48.0;3100.0


8.3;0.0;0.0;48.0;3100.0


8.3;0.0;0.0;48.0;3100.0


0.0;4.3;0.3;0.0;3100.0


0.0;0.3;0.0;0.0;3100.0


0.0;13.6;0.2;0.0;3100.0


0.0;0.3;0.0;0.0;3106.0


8.4;16.5;0.7;38.0;3106.0


49.7;0.0;0.0;43.0;3866.0


8.4;0.0;0.0;44.0;3866.0


8.3;0.0;0.0;46.0;3866.0


8.4;0.0;0.0;47.0;3866.0


8.4;0.0;0.0;46.0;3866.0


8.3;0.0;0.0;47.0;3866.0


8.4;0.0;0.0;46.0;3866.0


8.3;0.0;0.0;47.0;3866.0


8.4;0.0;0.0;47.0;3866.0


8.3;0.0;0.0;46.0;3866.0


8.4;0.0;0.0;47.0;3866.0


8.4;0.0;0.0;47.0;3866.0


8.3;0.0;0.0;47.0;3866.0


0.0;4.4;0.3;0.0;3866.0


0.0;0.3;0.0;0.0;3866.0


0.0;12.9;0.2;0.0;3866.0


0.0;0.3;0.0;0.0;3866.0


8.3;16.7;0.7;42.0;3866.0


50.2;0.0;0.0;40.0;3866.0


8.3;0.0;0.0;46.0;3866.0


8.4;0.0;0.0;45.0;3866.0


8.4;0.0;0.0;46.0;3866.0


8.4;0.0;0.0;46.0;3866.0


8.4;0.0;0.0;47.0;3866.0


8.3;0.0;0.0;46.0;3866.0


8.4;0.0;0.0;46.0;3866.0


8.3;0.0;0.0;46.0;3866.0


8.3;0.0;0.0;46.0;3866.0


8.3;0.0;0.0;46.0;3866.0


8.4;0.0;0.0;46.0;3866.0


6.2;4.0;0.3;16.0;3866.0


0.0;0.3;0.0;0.0;3866.0


0.0;14.1;0.2;0.0;3866.0


0.0;0.3;0.0;0.0;3866.0


4.2;15.4;0.4;0.0;3866.0


8.4;1.0;0.3;42.0;3866.0


37.9;0.0;0.0;42.0;3866.0


8.4;0.0;0.0;47.0;3866.0


8.3;0.0;0.0;46.0;3866.0


8.4;0.0;0.0;46.0;3866.0


8.4;0.0;0.0;46.0;3866.0


8.3;0.0;0.0;47.0;3866.0


8.4;0.0;0.0;47.0;3866.0


8.3;0.0;0.0;47.0;3866.0


8.4;0.0;0.0;47.0;3866.0


8.3;0.0;0.0;47.0;3866.0


8.4;0.0;0.0;47.0;3866.0


8.4;0.0;0.0;44.0;3866.0


0.0;4.1;0.3;19.0;3866.0


0.0;0.3;0.0;0.0;3866.0


0.0;14.2;0.2;0.0;3866.0


0.0;0.3;0.0;0.0;3866.0


8.4;16.7;0.7;26.0;3866.0


8.3;0.0;0.0;42.0;3866.0


8.4;0.0;0.0;46.0;3866.0


8.3;0.0;0.0;46.0;3866.0


8.4;0.0;0.0;46.0;3866.0


8.4;0.0;0.0;46.0;3866.0


8.4;0.0;0.0;47.0;3866.0


8.4;0.0;0.0;46.0;3866.0


8.3;0.0;0.0;46.0;3866.0


8.4;0.0;0.0;47.0;3866.0


8.3;0.0;0.0;46.0;3866.0


8.4;0.0;0.0;31.0;3866.0


8.3;0.0;0.0;47.0;3866.0


8.3;0.0;0.0;47.0;3866.0


0.0;4.0;0.3;0.0;3866.0


0.0;0.3;0.0;0.0;3866.0


0.0;14.7;0.2;0.0;3866.0


0.0;0.3;0.0;0.0;3866.0


8.3;17.6;0.7;0.0;3866.0


8.4;0.0;0.0;46.0;3866.0


8.3;0.0;0.0;47.0;3866.0


8.4;0.0;0.0;45.0;3866.0


8.3;0.0;0.0;46.0;3866.0


8.4;0.0;0.0;46.0;3866.0


8.4;0.0;0.0;46.0;3866.0


8.3;0.0;0.0;46.0;3866.0


8.4;0.0;0.0;47.0;3866.0


8.3;0.0;0.0;46.0;3866.0


8.3;0.0;0.0;46.0;3866.0


8.3;0.0;0.0;47.0;3866.0


8.4;0.0;0.0;46.0;3866.0


8.4;0.0;0.0;46.0;3866.0


0.0;4.0;0.3;0.0;3866.0


0.0;0.3;0.0;0.0;3866.0


0.0;13.1;0.2;0.0;3866.0


0.0;0.3;0.0;0.0;3866.0


8.4;16.6;0.7;38.0;3866.0


42.9;0.0;0.0;38.0;3866.0


8.4;0.0;0.0;47.0;3866.0


8.4;0.0;0.0;46.0;3866.0


8.4;0.0;0.0;46.0;3866.0


8.4;0.0;0.0;47.0;3866.0


8.4;0.0;0.0;46.0;3866.0


8.4;0.0;0.0;47.0;3866.0


8.3;0.0;0.0;47.0;3866.0


8.4;0.0;0.0;46.0;3866.0


8.3;0.0;0.0;47.0;3866.0


8.3;0.0;0.0;47.0;3866.0


8.4;0.0;0.0;47.0;3866.0


8.3;0.0;0.0;44.0;3866.0


0.0;4.1;0.3;0.0;3866.0


0.0;0.3;0.0;0.0;3866.0


0.0;13.4;0.2;0.0;3866.0


0.0;0.3;0.0;0.0;3866.0


8.3;15.3;0.7;42.0;3866.0


50.2;0.0;0.0;38.0;3866.0


8.3;0.0;0.0;47.0;3866.0


8.4;0.0;0.0;46.0;3866.0


8.3;0.0;0.0;46.0;3866.0


8.3;0.0;0.0;46.0;3866.0


8.4;0.0;0.0;47.0;3866.0


8.3;0.0;0.0;47.0;3866.0


8.3;0.0;0.0;46.0;3866.0


8.3;0.0;0.0;46.0;3866.0


8.3;0.0;0.0;46.0;3866.0


8.3;0.0;0.0;46.0;3866.0


8.4;0.0;0.0;47.0;3866.0


4.8;4.0;0.3;38.0;3866.0


0.0;0.3;0.0;0.0;3866.0


0.0;13.2;0.2;0.0;3866.0


0.0;0.3;0.0;0.0;3866.0


4.7;15.3;0.4;3.0;3866.0


8.3;1.0;0.3;42.0;3866.0


32.0;0.0;0.0;44.0;3866.0


8.4;0.0;0.0;46.0;3866.0


8.4;0.0;0.0;47.0;3866.0


8.4;0.0;0.0;46.0;3866.0


8.4;0.0;0.0;47.0;3866.0


8.4;0.0;0.0;47.0;3866.0


8.4;0.0;0.0;47.0;3866.0


8.3;0.0;0.0;46.0;3866.0


8.4;0.0;0.0;47.0;3866.0


8.3;0.0;0.0;47.0;3866.0


8.4;0.0;0.0;47.0;3866.0


8.4;0.0;0.0;47.0;3866.0


0.0;4.1;0.3;0.0;3866.0


0.0;0.3;0.0;0.0;3866.0


0.0;14.8;0.2;0.0;3866.0


0.0;0.3;0.0;0.0;3866.0


8.4;17.5;0.7;2.0;3866.0


8.3;0.0;0.0;45.0;3866.0


8.4;0.0;0.0;46.0;3866.0


8.3;0.0;0.0;46.0;3866.0


8.4;0.0;0.0;46.0;3866.0


8.3;0.0;0.0;46.0;3866.0


8.3;0.0;0.0;46.0;3866.0


8.4;0.0;0.0;47.0;3866.0


8.3;0.0;0.0;47.0;3866.0


8.3;0.0;0.0;47.0;3866.0


8.3;0.0;0.0;47.0;3866.0


8.3;0.0;0.0;46.0;3866.0


8.3;0.0;0.0;46.0;3866.0


8.4;0.0;0.0;46.0;3866.0


0.0;4.0;0.3;0.0;3866.0


0.0;0.3;0.0;0.0;3866.0


0.0;14.5;0.2;0.0;3866.0


0.0;0.3;0.0;0.0;3866.0


8.3;15.5;0.7;38.0;3866.0


50.2;0.0;0.0;41.0;3866.0


8.3;0.0;0.0;45.0;3866.0


8.4;0.0;0.0;45.0;3866.0


8.4;0.0;0.0;45.0;3866.0


8.4;0.0;0.0;46.0;3866.0


8.4;0.0;0.0;45.0;3866.0


8.4;0.0;0.0;46.0;3866.0


8.4;0.0;0.0;47.0;3866.0


8.3;0.0;0.0;47.0;3866.0


8.3;0.0;0.0;47.0;3866.0


8.3;0.0;0.0;47.0;3866.0


8.3;0.0;0.0;47.0;3866.0


8.4;0.0;0.0;25.0;3866.0


0.0;4.1;0.3;0.0;3866.0


0.0;13.6;0.2;0.0;3866.0


1.4;0.3;0.0;0.0;3866.0


4.7;15.8;0.4;0.0;3866.0


8.4;1.0;0.3;42.0;3866.0


43.8;0.0;0.0;42.0;3866.0


8.4;0.0;0.0;47.0;3866.0


8.4;0.0;0.0;47.0;3866.0


8.4;0.0;0.0;48.0;3866.0


8.4;0.0;0.0;47.0;3866.0


8.3;0.0;0.0;47.0;3866.0


8.4;0.0;0.0;48.0;3866.0


8.3;0.0;0.0;47.0;3866.0


8.4;0.0;0.0;48.0;3866.0


8.3;0.0;0.0;47.0;3866.0


8.4;0.0;0.0;47.0;3866.0


8.4;0.0;0.0;48.0;3866.0


0.0;4.3;0.3;1.0;3866.0


0.0;0.3;0.0;0.0;3866.0


0.0;14.4;0.2;0.0;3866.0


0.0;0.3;0.0;0.0;3866.0


8.3;15.9;0.7;27.0;3866.0


8.3;0.0;0.0;42.0;3866.0


8.4;0.0;0.0;47.0;3866.0


8.3;0.0;0.0;46.0;3866.0


8.3;0.0;0.0;48.0;3866.0


8.4;0.0;0.0;47.0;3866.0


8.3;0.0;0.0;47.0;3866.0


8.4;0.0;0.0;47.0;3866.0


8.4;0.0;0.0;45.0;3866.0


8.4;0.0;0.0;47.0;3866.0


8.3;0.0;0.0;47.0;3866.0


8.3;0.0;0.0;47.0;3866.0


8.3;0.0;0.0;46.0;3866.0


8.3;0.0;0.0;47.0;3866.0


0.0;4.0;0.3;0.0;3866.0


0.0;0.3;0.0;0.0;3866.0


0.0;15.0;0.2;0.0;3866.0


0.0;0.3;0.0;0.0;3866.0


8.3;15.8;0.7;43.0;3866.0


50.4;0.0;0.0;43.0;3866.0


8.3;0.0;0.0;48.0;3866.0


8.4;0.0;0.0;47.0;3866.0


8.4;0.0;0.0;48.0;3866.0


8.4;0.0;0.0;48.0;3866.0


8.4;0.0;0.0;48.0;3866.0


8.3;0.0;0.0;48.0;3866.0


8.4;0.0;0.0;48.0;3866.0


8.3;0.0;0.0;48.0;3866.0


8.4;0.0;0.0;48.0;3866.0


8.3;0.0;0.0;48.0;3866.0


8.3;0.0;0.0;48.0;3866.0


0.0;4.1;0.3;1.0;3866.0


0.0;0.3;0.0;0.0;3866.0


0.0;14.2;0.2;0.0;3866.0


0.0;0.3;0.0;0.0;3866.0


8.3;16.7;0.7;0.0;3866.0


8.3;0.0;0.0;45.0;3866.0


8.3;0.0;0.0;47.0;3866.0


8.4;0.0;0.0;46.0;3866.0


8.3;0.0;0.0;46.0;3866.0


8.3;0.0;0.0;46.0;3866.0


8.4;0.0;0.0;47.0;3866.0


8.3;0.0;0.0;47.0;3866.0


8.4;0.0;0.0;47.0;3866.0


8.3;0.0;0.0;46.0;3866.0


8.4;0.0;0.0;47.0;3866.0


8.3;0.0;0.0;47.0;3866.0


8.3;0.0;0.0;47.0;3866.0


8.3;0.0;0.0;47.0;3866.0


0.0;4.0;0.3;0.0;3866.0


0.0;0.3;0.0;0.0;3866.0


0.0;15.7;0.2;0.0;3866.0


0.0;0.3;0.0;0.0;3866.0


8.4;16.3;0.7;39.0;3866.0


37.9;0.0;0.0;40.0;3866.0


8.4;0.0;0.0;48.0;3866.0


8.3;0.0;0.0;47.0;3866.0


8.4;0.0;0.0;47.0;3866.0


8.3;0.0;0.0;46.0;3866.0


8.3;0.0;0.0;48.0;3866.0


8.4;0.0;0.0;48.0;3866.0


8.3;0.0;0.0;48.0;3866.0


8.4;0.0;0.0;48.0;3866.0


8.3;0.0;0.0;48.0;3866.0


8.4;0.0;0.0;47.0;3866.0


8.3;0.0;0.0;48.0;3866.0


8.3;0.0;0.0;32.0;3866.0


0.0;4.2;0.3;0.0;3866.0


0.0;0.3;0.0;0.0;3866.0


