0.0;10502144;0
0.0;10502144;0
0.0;10502144;0
0.0;10502144;0
0.0;10502144;0
56.8;14663680;0
99.7;14700544;0
149.6;19128320;0
157.7;15142912;0
149.6;19206144;0
201.6;19259392;0
213.1;23453696;0
200.7;23371776;0
199.5;23392256;0
168.0;19382272;0
156.2;23445504;0
200.7;23494656;0
216.1;31657984;0
199.5;23638016;0
198.9;31686656;0
201.6;31760384;0
199.5;31813632;0
199.5;27787264;0
114.7;27983872;0
198.9;32079872;0
199.5;32104448;0
199.5;32116736;0
200.7;32116736;0
199.5;32120832;0
151.2;31313920;0
166.2;21397504;0
229.4;28639232;0
213.1;32571392;0
200.7;32636928;0
133.0;28626944;0
182.8;28868608;0
218.4;32776192;0
198.9;32841728;0
200.7;32923648;0
199.5;32927744;0
200.7;32931840;0
200.7;32944128;0
199.5;32944128;0
201.6;33218560;0
198.9;33275904;0
199.5;33275904;0
166.2;36691968;0
302.4;57114624;0
312.5;88158208;0
301.0;114597888;0
301.0;139366400;0
282.6;158310400;0
299.2;183226368;0
299.2;204275712;0
272.4;214147072;165
284.1;219299840;724
243.7;215244800;543
199.5;219324416;0
199.5;219324416;0
199.5;219324416;0
200.7;215298048;0
114.7;215064576;0
216.1;219357184;510
199.5;219361280;0
200.7;219361280;0
170.5;215334912;0
149.6;219836416;0
199.5;219836416;0
201.6;219836416;0
170.5;219848704;0
200.7;219848704;0
199.5;219848704;0
149.6;211800064;0
199.5;219848704;0
200.7;219848704;0
200.7;219848704;0
199.5;218554368;0
184.8;219848704;0
199.5;219848704;0
200.7;219848704;0
198.9;219848704;0
100.3;215957504;0
186.4;212750336;0
199.5;219844608;0
201.6;219844608;0
199.5;219844608;0
172.0;220368896;0
170.5;216346624;0
157.7;220372992;0
199.5;220372992;0
199.5;220372992;0
201.6;220372992;0
149.6;216350720;0
166.2;216350720;0
184.7;220377088;0
200.7;220377088;0
200.7;220377088;0
156.2;216350720;0
218.4;220372992;0
149.6;216346624;0
216.1;220372992;0
133.0;214966272;0
199.5;223727616;0
200.7;223727616;0
198.9;223727616;0
201.6;223727616;0
199.5;219701248;0
216.1;232693760;0
282.6;265322496;0
299.2;292384768;0
302.4;317972480;0
301.0;336363520;0
298.3;362442752;0
302.4;382111744;0
315.8;408645632;0
299.2;362835968;0
116.4;218214400;0
199.5;223473664;0
201.6;223473664;0
199.5;223473664;0
149.6;215592960;0
201.6;223670272;0
199.5;223670272;0
186.4;223674368;0
142.0;223744000;0
200.7;223744000;0
199.5;223744000;0
182.8;219721728;0
151.2;223764480;0
199.5;223764480;0
199.5;223764480;0
156.3;219762688;0
172.0;223821824;0
201.6;223821824;0
199.5;223821824;0
149.6;219795456;0
201.6;223817728;0
170.5;219795456;0
129.0;214372352;0
227.3;223870976;0
200.7;223870976;0
186.4;223870976;0
156.2;223944704;0
200.7;223944704;0
200.7;223944704;0
170.5;219918336;0
172.0;223952896;0
198.9;223952896;0
143.3;219926528;0
215.0;223952896;0
