0.0;10493952;0
0.0;10493952;0
0.0;10493952;0
0.0;10493952;0
28.7;14610432;0
99.7;14651392;0
133.0;19103744;0
198.9;19140608;0
151.2;19365888;0
199.5;19365888;0
200.7;23367680;0
199.5;23367680;0
216.1;31465472;0
198.9;31465472;0
215.0;31498240;0
199.5;31506432;0
216.1;31571968;0
200.7;31571968;0
199.5;31576064;0
199.5;31576064;0
129.0;23523328;0
143.3;31756288;0
199.5;31768576;0
200.7;31797248;0
198.9;31797248;0
199.5;31797248;0
182.8;31797248;0
200.7;31797248;0
198.9;31797248;0
235.2;32002048;0
199.5;32010240;0
199.5;32010240;0
198.9;32276480;0
201.6;32395264;0
199.5;32395264;0
200.7;32395264;0
157.7;28372992;0
199.5;32403456;0
199.5;32403456;0
200.7;32419840;0
200.7;32452608;0
182.8;32542720;0
201.6;32559104;0
198.9;32571392;0
186.4;32571392;0
166.2;25550848;0
157.7;28573696;0
200.7;32661504;0
199.5;32661504;0
201.6;32661504;0
199.5;32661504;0
200.7;32669696;0
198.9;32698368;0
168.0;28680192;0
182.8;32862208;0
199.5;32862208;0
200.7;32874496;0
198.9;32894976;0
199.5;32894976;0
199.5;32894976;0
201.6;32894976;0
198.9;32894976;0
134.4;24842240;0
282.6;49496064;0
299.2;79511552;0
299.2;102002688;0
301.0;123310080;0
286.7;143966208;0
299.2;156950528;0
319.2;179286016;0
299.2;203710464;0
301.0;217915392;144
255.7;213954560;700
286.7;219033600;588
199.5;219033600;0
199.5;219033600;0
201.6;219033600;0
133.0;213282816;0
199.5;219078656;0
199.5;219078656;0
200.7;219078656;0
186.4;219082752;0
199.5;219099136;0
201.6;219168768;419
213.1;219131904;91
200.7;219131904;0
198.9;219131904;0
186.4;219131904;0
199.5;219131904;0
166.2;219131904;0
201.6;219131904;0
142.0;215105536;0
215.0;219127808;0
184.7;219127808;0
201.6;219127808;0
199.5;219127808;0
199.5;215105536;0
201.6;219127808;0
199.5;219127808;0
200.7;219123712;0
156.3;219648000;0
186.4;215625728;0
149.6;219656192;0
199.5;219656192;0
201.6;219656192;0
199.5;219656192;0
199.5;219656192;0
133.0;215633920;0
199.5;219660288;0
184.8;215633920;0
166.2;215629824;0
200.7;219656192;0
200.7;219656192;0
198.9;219656192;0
186.4;219660288;0
198.9;219660288;0
186.4;219660288;0
199.5;219660288;0
182.8;215633920;0
184.8;219660288;0
199.5;219660288;0
186.4;215633920;0
142.0;219660288;0
186.4;215633920;0
199.5;223006720;0
200.7;223006720;0
198.9;233185280;0
286.7;264904704;0
302.4;292450304;0
299.2;317407232;0
299.2;337453056;0
268.8;359890944;0
282.6;385421312;0
299.2;402735104;0
299.2;408870912;0
266.0;222093312;0
201.6;222093312;0
99.7;216182784;0
182.8;223260672;0
201.6;223260672;0
199.5;219238400;0
143.3;223387648;0
198.9;223387648;0
200.7;223387648;0
166.2;219361280;0
182.8;223461376;0
201.6;223461376;0
182.8;223621120;0
199.5;223621120;0
199.5;223621120;0
