8.3;7.2;0.5;1.0;454.0


7.0;133.0;7.7;0.0;454.0


8.4;101.5;8.8;0.0;454.0


0.0;64.1;6.3;0.0;454.0


0.0;0.3;0.0;0.0;454.0


7.2;29.1;1.1;0.0;454.0


8.4;0.3;0.0;8.0;633.0


8.4;0.0;0.0;6.0;761.0


8.4;0.0;0.0;6.0;903.0


8.3;0.2;0.0;6.0;1017.0


8.3;0.0;0.0;4.0;1177.0


8.3;70.2;67.7;4.0;1259.0


8.3;82.1;353.4;24.0;1671.0


48.5;2.7;0.2;76.0;1965.0


0.0;0.1;0.0;0.0;1965.0


0.0;0.3;0.0;0.0;1965.0


0.0;13.3;0.2;1.0;1965.0


0.0;0.3;0.0;0.0;1965.0


8.4;15.8;0.7;66.0;2207.0


8.3;0.0;0.0;43.0;2983.0


8.4;0.0;0.0;40.0;3737.0


8.4;0.0;0.0;53.0;4491.0


8.3;0.0;0.0;41.0;5245.0


8.4;0.0;0.0;49.0;5977.0


43.0;0.0;0.0;61.0;6567.0


50.2;0.0;0.0;32.0;7167.0


8.3;0.0;0.0;55.0;7167.0


8.4;0.0;0.0;54.0;7167.0


8.3;0.0;0.0;54.0;7167.0


8.3;0.0;0.0;54.0;7167.0


8.4;0.0;0.0;54.0;7167.0


8.3;0.0;0.0;55.0;7167.0


8.3;0.0;0.0;54.0;7167.0


8.3;0.0;0.0;54.0;7167.0


8.4;0.0;0.0;53.0;7167.0


8.3;0.0;0.0;53.0;7167.0


8.3;0.0;0.0;54.0;7167.0


8.4;0.0;0.0;54.0;7167.0


7.2;10.6;0.8;17.0;7167.0


0.0;0.3;0.0;0.0;7167.0


0.0;14.3;0.2;0.0;7167.0


0.0;0.3;0.0;0.0;7167.0


3.6;15.0;0.4;0.0;7169.0


8.3;1.0;0.3;56.0;7169.0


8.3;0.0;0.0;56.0;7169.0


8.3;0.0;0.0;56.0;7169.0


8.3;0.0;0.0;55.0;7171.0


32.0;0.0;0.0;48.0;7171.0


8.3;0.0;0.0;54.0;7171.0


8.3;0.0;0.0;54.0;7171.0


8.3;0.0;0.0;54.0;7171.0


8.3;0.0;0.0;52.0;7171.0


8.4;0.0;0.0;54.0;7171.0


8.3;0.0;0.0;55.0;7171.0


8.4;0.0;0.0;54.0;7171.0


8.3;0.0;0.0;55.0;7171.0


8.4;0.0;0.0;54.0;7171.0


8.4;0.0;0.0;52.0;7171.0


8.3;0.0;0.0;54.0;7171.0


8.4;0.0;0.0;54.0;7171.0


0.0;10.6;0.8;0.0;7171.0


0.0;0.3;0.0;0.0;7171.0


0.0;14.5;0.2;0.0;7171.0


0.0;0.3;0.0;0.0;7171.0


8.4;16.1;0.7;38.0;7171.0


8.3;0.0;0.0;56.0;7171.0


8.3;0.0;0.0;56.0;7171.0


8.3;0.0;0.0;56.0;7171.0


50.2;0.0;0.0;48.0;7387.0


8.3;0.0;0.0;54.0;7387.0


8.3;0.0;0.0;54.0;7387.0


8.4;0.0;0.0;54.0;7387.0


8.3;0.0;0.0;54.0;7387.0


8.4;0.0;0.0;54.0;7387.0


8.4;0.0;0.0;54.0;7387.0


8.4;0.0;0.0;54.0;7387.0


8.4;0.0;0.0;54.0;7387.0


8.3;0.0;0.0;54.0;7387.0


8.4;0.0;0.0;54.0;7387.0


8.3;0.0;0.0;54.0;7387.0


8.3;0.0;0.0;55.0;7387.0


0.0;10.6;0.8;0.0;7387.0


0.0;0.3;0.0;0.0;7387.0


0.0;13.9;0.2;0.0;7387.0


0.0;0.3;0.0;0.0;7387.0


8.3;15.1;0.7;38.0;7387.0


8.4;0.0;0.0;56.0;7387.0


8.3;0.0;0.0;56.0;7387.0


8.4;0.0;0.0;55.0;7387.0


49.7;0.0;0.0;37.0;7387.0


8.4;0.0;0.0;55.0;7387.0


8.3;0.0;0.0;54.0;7387.0


8.4;0.0;0.0;54.0;7387.0


8.4;0.0;0.0;54.0;7387.0


8.3;0.0;0.0;54.0;7387.0


8.4;0.0;0.0;53.0;7387.0


8.3;0.0;0.0;54.0;7387.0


8.3;0.0;0.0;54.0;7387.0


8.3;0.0;0.0;54.0;7387.0


8.4;0.0;0.0;55.0;7387.0


8.4;0.0;0.0;54.0;7387.0


8.3;0.0;0.0;39.0;7387.0


0.0;10.6;0.8;0.0;7387.0


0.0;0.3;0.0;0.0;7387.0


0.0;11.6;0.2;0.0;7387.0


0.0;0.3;0.0;0.0;7387.0


8.3;16.1;0.7;33.0;7387.0


8.4;0.0;0.0;46.0;7387.0


8.3;0.0;0.0;56.0;7387.0


8.4;0.0;0.0;56.0;7387.0


50.0;0.0;0.0;55.0;7603.0


8.4;0.0;0.0;55.0;7603.0


8.4;0.0;0.0;55.0;7603.0


8.3;0.0;0.0;54.0;7603.0


8.3;0.0;0.0;55.0;7603.0


8.3;0.0;0.0;54.0;7603.0


8.3;0.0;0.0;55.0;7603.0


8.3;0.0;0.0;54.0;7603.0


8.3;0.0;0.0;55.0;7603.0


8.3;0.0;0.0;55.0;7603.0


8.3;0.0;0.0;54.0;7603.0


8.4;0.0;0.0;54.0;7603.0


8.4;0.0;0.0;55.0;7603.0


7.3;10.6;0.8;30.0;7603.0


0.0;0.3;0.0;0.0;7603.0


0.0;13.1;0.2;0.0;7603.0


1.2;0.3;0.0;0.0;7603.0


5.2;14.8;0.4;0.0;7603.0


8.3;1.0;0.3;56.0;7603.0


8.4;0.0;0.0;56.0;7603.0


8.3;0.0;0.0;56.0;7603.0


8.3;0.0;0.0;59.0;7603.0


34.4;0.0;0.0;45.0;7603.0


8.3;0.0;0.0;55.0;7603.0


8.3;0.0;0.0;54.0;7603.0


8.4;0.0;0.0;55.0;7603.0


8.4;0.0;0.0;55.0;7603.0


8.3;0.0;0.0;54.0;7603.0


8.3;0.0;0.0;55.0;7603.0


8.3;0.0;0.0;54.0;7603.0


8.3;0.0;0.0;55.0;7603.0


8.4;0.0;0.0;55.0;7603.0


8.3;0.0;0.0;55.0;7603.0


8.4;0.0;0.0;55.0;7603.0


8.3;0.0;0.0;54.0;7603.0


0.0;10.6;0.8;0.0;7603.0


0.0;0.3;0.0;0.0;7603.0


0.0;14.3;0.2;0.0;7603.0


0.0;0.3;0.0;0.0;7603.0


8.3;14.7;0.7;42.0;7603.0


8.3;0.0;0.0;56.0;7603.0


8.3;0.0;0.0;56.0;7603.0


8.3;0.0;0.0;56.0;7603.0


50.0;0.0;0.0;52.0;7603.0


8.3;0.0;0.0;52.0;7603.0


8.4;0.0;0.0;55.0;7603.0


8.3;0.0;0.0;54.0;7603.0


8.3;0.0;0.0;55.0;7603.0


8.4;0.0;0.0;55.0;7603.0


8.3;0.0;0.0;55.0;7603.0


8.4;0.0;0.0;53.0;7603.0


8.3;0.0;0.0;54.0;7603.0


8.4;0.0;0.0;53.0;7603.0


8.3;0.0;0.0;55.0;7603.0


8.3;0.0;0.0;55.0;7603.0


8.4;0.0;0.0;55.0;7603.0


0.0;10.6;0.8;0.0;7603.0


0.0;0.3;0.0;0.0;7603.0


0.0;14.9;0.2;0.0;7603.0


0.0;0.3;0.0;0.0;7603.0


8.3;16.4;0.7;47.0;7603.0


8.3;0.0;0.0;56.0;7603.0


8.4;0.0;0.0;56.0;7603.0


8.3;0.0;0.0;58.0;7603.0


50.2;0.0;0.0;41.0;7603.0


8.3;0.0;0.0;55.0;7603.0


8.3;0.0;0.0;54.0;7603.0


8.4;0.0;0.0;55.0;7603.0


8.3;0.0;0.0;54.0;7603.0


8.4;0.0;0.0;55.0;7603.0


8.3;0.0;0.0;55.0;7603.0


8.3;0.0;0.0;46.0;7603.0


8.4;0.0;0.0;55.0;7603.0


8.4;0.0;0.0;54.0;7603.0


8.3;0.0;0.0;55.0;7603.0


8.3;0.0;0.0;55.0;7603.0


8.3;0.0;0.0;55.0;7603.0


0.0;10.6;0.8;0.0;7603.0


0.0;0.3;0.0;1.0;7603.0


0.0;14.9;0.2;0.0;7603.0


0.0;0.3;0.0;0.0;7603.0


8.4;16.8;0.7;41.0;7603.0


8.3;0.0;0.0;56.0;7603.0


8.3;0.0;0.0;56.0;7603.0


8.4;0.0;0.0;55.0;7603.0


49.9;0.0;0.0;39.0;7603.0


8.4;0.0;0.0;55.0;7603.0


8.4;0.0;0.0;54.0;7603.0


8.4;0.0;0.0;54.0;7603.0


8.4;0.0;0.0;54.0;7603.0


8.3;0.0;0.0;54.0;7603.0


8.4;0.0;0.0;55.0;7603.0


8.3;0.0;0.0;55.0;7603.0


8.3;0.0;0.0;54.0;7603.0


8.3;0.0;0.0;55.0;7603.0


8.4;0.0;0.0;54.0;7603.0


8.4;0.0;0.0;54.0;7603.0


8.3;0.0;0.0;55.0;7603.0


0.0;10.6;0.8;1.0;7603.0


0.0;0.3;0.0;0.0;7603.0


0.0;14.2;0.2;0.0;7603.0


0.0;0.3;0.0;0.0;7603.0


8.3;15.7;0.7;42.0;7603.0


8.4;0.0;0.0;56.0;7603.0


8.3;0.0;0.0;56.0;7603.0


8.4;0.0;0.0;56.0;7603.0


50.0;0.0;0.0;43.0;7603.0


8.3;0.0;0.0;55.0;7603.0


8.4;0.0;0.0;55.0;7603.0


8.4;0.0;0.0;54.0;7603.0


8.4;0.0;0.0;54.0;7603.0


8.3;0.0;0.0;53.0;7603.0


8.3;0.0;0.0;55.0;7603.0


8.3;0.0;0.0;55.0;7603.0


8.4;0.0;0.0;55.0;7603.0


8.4;0.0;0.0;54.0;7603.0


8.3;0.0;0.0;55.0;7603.0


8.4;0.0;0.0;54.0;7603.0


8.4;0.0;0.0;54.0;7603.0


1.2;10.6;0.8;0.0;7603.0


0.0;0.3;0.0;0.0;7603.0


0.0;14.2;0.2;0.0;7603.0


0.0;0.3;0.0;0.0;7603.0


8.4;15.8;0.7;17.0;7603.0


8.4;0.0;0.0;56.0;7603.0


8.4;0.0;0.0;56.0;7603.0


8.3;0.0;0.0;54.0;7603.0


50.2;0.0;0.0;54.0;7603.0


8.3;0.0;0.0;55.0;7603.0


8.4;0.0;0.0;55.0;7603.0


8.3;0.0;0.0;54.0;7603.0


8.3;0.0;0.0;55.0;7603.0


8.4;0.0;0.0;54.0;7603.0


8.3;0.0;0.0;55.0;7603.0


8.3;0.0;0.0;55.0;7603.0


8.3;0.0;0.0;55.0;7603.0


8.3;0.0;0.0;55.0;7603.0


8.3;0.0;0.0;54.0;7603.0


8.3;0.0;0.0;55.0;7603.0


8.4;0.0;0.0;54.0;7603.0


2.8;10.6;0.8;18.0;7603.0


0.0;0.3;0.0;0.0;7603.0


0.0;14.5;0.2;0.0;7603.0


0.0;0.3;0.0;1.0;7603.0


4.8;16.1;0.4;0.0;7603.0


8.3;1.0;0.3;56.0;7603.0


8.4;0.0;0.0;56.0;7603.0


8.3;0.0;0.0;56.0;7603.0


15.2;0.0;0.0;54.0;7603.0


26.0;0.0;0.0;49.0;7603.0


8.3;0.0;0.0;54.0;7603.0


8.3;0.0;0.0;54.0;7603.0


8.3;0.0;0.0;54.0;7603.0


8.4;0.0;0.0;54.0;7603.0


8.4;0.0;0.0;53.0;7603.0


8.3;0.0;0.0;54.0;7603.0


8.4;0.0;0.0;53.0;7603.0


8.3;0.0;0.0;54.0;7603.0


8.4;0.0;0.0;54.0;7603.0


8.4;0.0;0.0;54.0;7603.0


8.3;0.0;0.0;54.0;7603.0


8.4;0.0;0.0;54.0;7603.0


0.0;10.6;0.8;0.0;7603.0


0.0;0.3;0.0;0.0;7603.0


0.0;13.8;0.2;0.0;7603.0


0.0;0.3;0.0;0.0;7603.0


8.3;15.6;0.7;42.0;7603.0


8.3;0.0;0.0;56.0;7603.0


8.4;0.0;0.0;55.0;7603.0


8.3;0.0;0.0;56.0;7603.0


50.2;0.0;0.0;47.0;7603.0


8.4;0.0;0.0;54.0;7603.0


8.3;0.0;0.0;54.0;7603.0


8.4;0.0;0.0;54.0;7603.0


8.3;0.0;0.0;54.0;7603.0


8.4;0.0;0.0;54.0;7603.0


8.4;0.0;0.0;54.0;7603.0


8.3;0.0;0.0;54.0;7603.0


8.4;0.0;0.0;54.0;7603.0


8.3;0.0;0.0;53.0;7603.0


8.4;0.0;0.0;54.0;7603.0


8.3;0.0;0.0;54.0;7603.0


8.3;0.0;0.0;54.0;7603.0


0.0;10.6;0.8;0.0;7603.0


0.0;0.3;0.0;0.0;7603.0


0.0;14.4;0.2;0.0;7603.0


0.0;0.3;0.0;0.0;7603.0


8.3;15.4;0.7;45.0;7603.0


8.3;0.0;0.0;55.0;7603.0


8.4;0.0;0.0;56.0;7603.0


