10.7;5.4;0.5;0.0;439.0


7.2;128.4;7.6;0.0;439.0


8.4;93.6;7.4;0.0;439.0


3.6;83.8;8.3;0.0;439.0


0.0;0.3;0.0;0.0;439.0


2.4;26.3;1.0;0.0;439.0


8.3;2.3;0.2;1.0;582.0


8.3;0.0;0.0;5.0;716.0


8.3;0.0;0.0;5.0;862.0


8.4;0.0;0.0;7.0;978.0


8.3;0.2;0.0;4.0;1086.0


8.4;70.2;67.7;10.0;1228.0


8.3;45.9;178.0;18.0;1648.0


50.2;38.9;175.6;65.0;1966.0


0.0;0.1;0.0;0.0;1966.0


0.0;0.3;0.0;0.0;1966.0


0.0;14.6;0.2;0.0;1966.0


0.0;0.3;0.0;0.0;1966.0


7.2;14.9;0.7;60.0;2206.0


8.3;0.0;0.0;48.0;2964.0


8.3;0.0;0.0;39.0;3718.0


8.4;0.0;0.0;53.0;4494.0


8.3;0.0;0.0;38.0;5226.0


8.3;0.0;0.0;43.0;5980.0


42.9;0.0;0.0;56.0;6546.0


50.2;0.0;0.0;31.0;7146.0


8.4;0.0;0.0;55.0;7146.0


8.3;0.0;0.0;53.0;7146.0


8.3;0.0;0.0;51.0;7146.0


8.3;0.0;0.0;53.0;7146.0


8.3;0.0;0.0;50.0;7146.0


8.3;0.0;0.0;54.0;7146.0


8.3;0.0;0.0;54.0;7146.0


8.4;0.0;0.0;53.0;7146.0


8.3;0.0;0.0;54.0;7146.0


8.4;0.0;0.0;53.0;7146.0


8.4;0.0;0.0;54.0;7146.0


8.3;0.0;0.0;54.0;7146.0


8.4;0.0;0.0;32.0;7146.0


1.2;10.9;0.8;0.0;7146.0


0.0;13.0;0.2;0.0;7146.0


0.0;0.3;0.0;0.0;7146.0


4.2;15.8;0.4;0.0;7148.0


8.3;1.0;0.3;56.0;7148.0


8.3;0.0;0.0;56.0;7148.0


8.4;0.0;0.0;53.0;7148.0


8.3;0.0;0.0;55.0;7150.0


38.2;0.0;0.0;46.0;7150.0


8.3;0.0;0.0;54.0;7150.0


8.3;0.0;0.0;53.0;7150.0


8.4;0.0;0.0;54.0;7150.0


8.3;0.0;0.0;53.0;7150.0


8.4;0.0;0.0;52.0;7150.0


8.3;0.0;0.0;54.0;7150.0


8.4;0.0;0.0;54.0;7150.0


8.4;0.0;0.0;54.0;7150.0


8.3;0.0;0.0;53.0;7150.0


8.4;0.0;0.0;54.0;7150.0


8.3;0.0;0.0;54.0;7150.0


8.3;0.0;0.0;54.0;7150.0


0.0;10.6;0.8;0.0;7150.0


0.0;0.3;0.0;0.0;7150.0


0.0;12.9;0.2;0.0;7150.0


0.0;0.3;0.0;0.0;7150.0


8.3;15.7;0.7;41.0;7150.0


8.3;0.0;0.0;56.0;7150.0


8.3;0.0;0.0;55.0;7150.0


8.3;0.0;0.0;56.0;7150.0


49.7;0.0;0.0;48.0;7366.0


8.4;0.0;0.0;54.0;7366.0


8.3;0.0;0.0;51.0;7366.0


8.4;0.0;0.0;54.0;7366.0


8.3;0.0;0.0;54.0;7366.0


8.4;0.0;0.0;54.0;7366.0


8.4;0.0;0.0;54.0;7366.0


8.4;0.0;0.0;54.0;7366.0


8.4;0.0;0.0;54.0;7366.0


6.9;0.0;0.0;54.0;7366.0


8.4;0.0;0.0;54.0;7366.0


8.3;0.0;0.0;54.0;7366.0


8.3;0.0;0.0;54.0;7366.0


0.0;10.6;0.8;3.0;7366.0


0.0;0.3;0.0;0.0;7366.0


0.0;13.4;0.2;0.0;7366.0


0.0;0.3;0.0;0.0;7366.0


8.3;15.4;0.7;41.0;7366.0


8.4;0.0;0.0;56.0;7366.0


8.3;0.0;0.0;56.0;7366.0


8.4;0.0;0.0;55.0;7366.0


50.0;0.0;0.0;42.0;7366.0


8.4;0.0;0.0;54.0;7366.0


8.4;0.0;0.0;54.0;7366.0


8.3;0.0;0.0;54.0;7366.0


8.4;0.0;0.0;52.0;7366.0


8.3;0.0;0.0;54.0;7366.0


8.4;0.0;0.0;54.0;7366.0


8.3;0.0;0.0;53.0;7366.0


8.3;0.0;0.0;54.0;7366.0


8.4;0.0;0.0;53.0;7366.0


8.3;0.0;0.0;54.0;7366.0


8.4;0.0;0.0;53.0;7366.0


8.3;0.0;0.0;39.0;7366.0


8.3;0.0;0.0;23.0;7366.0


0.0;10.9;0.8;0.0;7366.0


0.0;11.6;0.2;0.0;7366.0


0.0;0.3;0.0;0.0;7366.0


4.8;13.7;0.4;0.0;7366.0


8.3;1.0;0.3;56.0;7366.0


8.4;0.0;0.0;56.0;7366.0


8.4;0.0;0.0;56.0;7366.0


26.3;0.0;0.0;58.0;7366.0


8.4;0.0;0.0;51.0;7366.0


8.3;0.0;0.0;54.0;7366.0


8.3;0.0;0.0;44.0;7366.0


8.3;0.0;0.0;54.0;7366.0


8.3;0.0;0.0;54.0;7366.0


8.3;0.0;0.0;53.0;7366.0


8.3;0.0;0.0;54.0;7366.0


8.3;0.0;0.0;54.0;7366.0


8.4;0.0;0.0;55.0;7366.0


8.4;0.0;0.0;54.0;7366.0


8.3;0.0;0.0;54.0;7366.0


8.4;0.0;0.0;54.0;7366.0


8.3;10.6;0.8;39.0;7366.0


0.0;0.3;0.0;0.0;7366.0


1.2;14.3;0.2;0.0;7366.0


0.0;0.3;0.0;0.0;7366.0


6.0;15.8;0.7;0.0;7366.0


8.3;0.0;0.0;55.0;7366.0


8.3;0.0;0.0;55.0;7366.0


8.3;0.0;0.0;55.0;7366.0


26.3;0.0;0.0;54.0;7366.0


14.3;0.0;0.0;53.0;7366.0


8.3;0.0;0.0;51.0;7366.0


8.3;0.0;0.0;52.0;7366.0


8.4;0.0;0.0;52.0;7366.0


8.3;0.0;0.0;51.0;7366.0


8.3;0.0;0.0;52.0;7366.0


8.4;0.0;0.0;53.0;7366.0


8.4;0.0;0.0;50.0;7366.0


8.4;0.0;0.0;51.0;7366.0


8.4;0.0;0.0;51.0;7366.0


8.4;0.0;0.0;53.0;7366.0


8.3;0.0;0.0;53.0;7366.0


8.3;0.0;0.0;53.0;7366.0


0.0;10.6;0.8;0.0;7366.0


0.0;0.3;0.0;0.0;7366.0


0.0;13.2;0.2;0.0;7366.0


0.0;0.3;0.0;0.0;7366.0


8.4;15.5;0.7;16.0;7366.0


8.4;0.0;0.0;55.0;7366.0


8.3;0.0;0.0;54.0;7366.0


8.4;0.0;0.0;54.0;7366.0


49.7;0.0;0.0;27.0;7366.0


8.4;0.0;0.0;53.0;7366.0


8.4;0.0;0.0;53.0;7366.0


8.3;0.0;0.0;53.0;7366.0


8.4;0.0;0.0;53.0;7366.0


8.3;0.0;0.0;52.0;7366.0


8.4;0.0;0.0;53.0;7366.0


8.3;0.0;0.0;53.0;7366.0


8.4;0.0;0.0;52.0;7366.0


8.3;0.0;0.0;53.0;7366.0


8.3;0.0;0.0;51.0;7366.0


8.4;0.0;0.0;53.0;7366.0


8.3;0.0;0.0;53.0;7366.0


8.4;0.0;0.0;53.0;7366.0


0.0;10.6;0.8;0.0;7366.0


0.0;0.3;0.0;0.0;7366.0


1.2;13.8;0.2;0.0;7366.0


0.0;0.0;0.0;0.0;7366.0


0.0;0.3;0.0;0.0;7366.0


8.4;16.0;0.7;53.0;7366.0


8.3;0.0;0.0;55.0;7366.0


8.4;0.0;0.0;53.0;7366.0


8.3;0.0;0.0;57.0;7366.0


50.2;0.0;0.0;35.0;7366.0


8.3;0.0;0.0;55.0;7366.0


8.3;0.0;0.0;54.0;7366.0


8.3;0.0;0.0;54.0;7366.0


8.3;0.0;0.0;53.0;7366.0


8.3;0.0;0.0;54.0;7366.0


8.3;0.0;0.0;54.0;7366.0


8.3;0.0;0.0;54.0;7366.0


8.3;0.0;0.0;54.0;7366.0


8.4;0.0;0.0;54.0;7366.0


8.4;0.0;0.0;54.0;7366.0


8.3;0.0;0.0;54.0;7366.0


8.4;0.0;0.0;54.0;7366.0


0.0;10.6;0.8;0.0;7366.0


0.0;0.3;0.0;0.0;7366.0


0.0;13.5;0.2;0.0;7366.0


0.0;0.3;0.0;0.0;7366.0


7.2;14.9;0.7;41.0;7366.0


8.3;0.0;0.0;56.0;7366.0


8.4;0.0;0.0;56.0;7366.0


8.3;0.0;0.0;56.0;7366.0


50.4;0.0;0.0;39.0;7366.0


8.3;0.0;0.0;45.0;7366.0


8.3;0.0;0.0;54.0;7366.0


8.4;0.0;0.0;54.0;7366.0


8.3;0.0;0.0;52.0;7366.0


8.3;0.0;0.0;53.0;7366.0


8.3;0.0;0.0;54.0;7366.0


8.3;0.0;0.0;54.0;7366.0


8.4;0.0;0.0;54.0;7366.0


8.3;0.0;0.0;54.0;7366.0


8.4;0.0;0.0;53.0;7366.0


8.4;0.0;0.0;54.0;7366.0


8.4;0.0;0.0;55.0;7366.0


0.0;10.6;0.8;2.0;7366.0


0.0;0.3;0.0;0.0;7366.0


0.0;13.0;0.2;0.0;7366.0


0.0;0.3;0.0;0.0;7366.0


8.3;15.4;0.7;40.0;7366.0


8.3;0.0;0.0;56.0;7366.0


8.3;0.0;0.0;56.0;7366.0


8.3;0.0;0.0;55.0;7366.0


49.7;0.0;0.0;39.0;7366.0


8.3;0.0;0.0;55.0;7366.0


8.3;0.0;0.0;54.0;7366.0


8.4;0.0;0.0;54.0;7366.0


8.4;0.0;0.0;54.0;7366.0


8.3;0.0;0.0;54.0;7366.0


8.4;0.0;0.0;53.0;7366.0


8.3;0.0;0.0;54.0;7366.0


8.4;0.0;0.0;54.0;7366.0


8.4;0.0;0.0;54.0;7366.0


8.3;0.0;0.0;51.0;7366.0


8.4;0.0;0.0;53.0;7366.0


8.3;0.0;0.0;55.0;7366.0


6.0;10.6;0.8;2.0;7366.0


0.0;0.3;0.0;0.0;7366.0


0.0;13.6;0.2;0.0;7366.0


0.0;0.3;0.0;0.0;7366.0


4.7;14.4;0.4;0.0;7366.0


8.3;1.0;0.3;56.0;7366.0


8.3;0.0;0.0;56.0;7366.0


8.3;0.0;0.0;55.0;7366.0


29.2;0.0;0.0;56.0;7366.0


29.1;0.0;0.0;51.0;7366.0


8.4;0.0;0.0;53.0;7366.0


8.4;0.0;0.0;54.0;7366.0


8.3;0.0;0.0;54.0;7366.0


8.4;0.0;0.0;54.0;7366.0


8.3;0.0;0.0;54.0;7366.0


8.4;0.0;0.0;54.0;7366.0


8.4;0.0;0.0;53.0;7366.0


8.3;0.0;0.0;54.0;7366.0


8.3;0.0;0.0;54.0;7366.0


8.3;0.0;0.0;54.0;7366.0


8.3;0.0;0.0;54.0;7366.0


7.2;10.6;0.8;17.0;7366.0


0.0;0.3;0.0;0.0;7366.0


0.0;13.6;0.2;0.0;7366.0


1.2;0.3;0.0;0.0;7366.0


3.6;14.6;0.4;0.0;7366.0


8.4;1.0;0.3;56.0;7366.0


8.4;0.0;0.0;54.0;7366.0


8.4;0.0;0.0;54.0;7366.0


8.3;0.0;0.0;56.0;7366.0


32.3;0.0;0.0;51.0;7366.0


8.3;0.0;0.0;51.0;7366.0


8.3;0.0;0.0;54.0;7366.0


8.4;0.0;0.0;52.0;7366.0


8.3;0.0;0.0;53.0;7366.0


8.4;0.0;0.0;53.0;7366.0


8.3;0.0;0.0;52.0;7366.0


8.3;0.0;0.0;52.0;7366.0


8.3;0.0;0.0;53.0;7366.0


8.3;0.0;0.0;51.0;7366.0


8.4;0.0;0.0;49.0;7366.0


8.3;0.0;0.0;48.0;7366.0


8.4;0.0;0.0;0.0;7366.0


0.0;10.9;0.8;1.0;7366.0


0.0;14.4;0.2;0.0;7366.0


0.0;0.3;0.0;0.0;7366.0


3.6;15.8;0.7;96.0;7366.0


8.4;0.0;0.0;56.0;7366.0


8.3;0.0;0.0;54.0;7366.0


8.4;0.0;0.0;56.0;7366.0


37.9;0.0;0.0;57.0;7366.0


8.4;0.0;0.0;54.0;7366.0


8.3;0.0;0.0;54.0;7366.0


8.3;0.0;0.0;53.0;7366.0


8.3;0.0;0.0;53.0;7366.0


8.3;0.0;0.0;51.0;7366.0


8.3;0.0;0.0;54.0;7366.0


8.4;0.0;0.0;54.0;7366.0


8.4;0.0;0.0;53.0;7366.0


8.4;0.0;0.0;54.0;7366.0


8.3;0.0;0.0;54.0;7366.0


8.4;0.0;0.0;54.0;7366.0


8.3;0.0;0.0;54.0;7366.0


7.2;10.6;0.8;21.0;7366.0


0.0;0.3;0.0;0.0;7366.0


0.0;13.6;0.2;0.0;7366.0


0.0;0.3;0.0;0.0;7366.0


5.2;15.1;0.4;0.0;7366.0


8.3;1.0;0.3;56.0;7366.0


