8.4;0.4;0.0;0.0;439.0


8.4;127.6;7.6;0.0;439.0


8.4;94.0;7.4;0.0;439.0


4.8;83.8;8.3;0.0;439.0


0.0;0.3;0.0;0.0;439.0


3.6;25.5;1.0;0.0;439.0


9.5;2.3;0.2;5.0;580.0


8.3;0.0;0.0;5.0;718.0


8.3;0.0;0.0;7.0;856.0


8.3;0.0;0.0;4.0;976.0


8.4;0.2;0.0;5.0;1082.0


8.3;70.2;67.7;11.0;1228.0


8.3;45.8;162.0;17.0;1648.0


49.9;39.0;191.6;69.0;1840.0


0.0;0.1;0.0;0.0;1840.0


0.0;0.3;0.0;0.0;1840.0


0.0;14.4;0.2;0.0;1840.0


0.0;0.3;0.0;0.0;1892.0


8.3;15.8;0.7;44.0;2438.0


8.4;0.0;0.0;39.0;3192.0


8.4;0.0;0.0;54.0;3946.0


8.3;0.0;0.0;39.0;4722.0


8.4;0.0;0.0;47.0;5478.0


8.4;0.0;0.0;38.0;6324.0


7.1;0.0;0.0;22.0;6746.0


50.2;0.0;0.0;35.0;7162.0


8.3;0.0;0.0;53.0;7162.0


8.3;0.0;0.0;54.0;7162.0


8.4;0.0;0.0;53.0;7162.0


8.3;0.0;0.0;53.0;7162.0


8.4;0.0;0.0;52.0;7162.0


8.3;0.0;0.0;53.0;7162.0


8.4;0.0;0.0;53.0;7162.0


8.3;0.0;0.0;49.0;7162.0


8.3;0.0;0.0;52.0;7162.0


8.4;0.0;0.0;54.0;7162.0


8.3;0.0;0.0;54.0;7162.0


8.3;0.0;0.0;53.0;7162.0


0.0;10.6;0.8;0.0;7162.0


0.0;0.3;0.0;0.0;7162.0


0.0;13.9;0.2;0.0;7162.0


0.0;0.3;0.0;0.0;7162.0


8.4;15.8;0.7;28.0;7164.0


8.3;0.0;0.0;56.0;7164.0


8.3;0.0;0.0;56.0;7164.0


8.3;0.0;0.0;56.0;7166.0


50.2;0.0;0.0;38.0;7382.0


8.4;0.0;0.0;54.0;7382.0


8.3;0.0;0.0;53.0;7382.0


8.4;0.0;0.0;54.0;7382.0


8.4;0.0;0.0;54.0;7382.0


8.4;0.0;0.0;50.0;7382.0


8.4;0.0;0.0;53.0;7382.0


8.4;0.0;0.0;54.0;7382.0


8.4;0.0;0.0;54.0;7382.0


8.3;0.0;0.0;54.0;7382.0


8.3;0.0;0.0;54.0;7382.0


8.3;0.0;0.0;54.0;7382.0


8.3;0.0;0.0;54.0;7382.0


0.0;10.6;0.8;14.0;7382.0


0.0;0.3;0.0;0.0;7382.0


0.0;14.9;0.2;0.0;7382.0


0.0;0.3;0.0;0.0;7382.0


8.3;15.9;0.7;40.0;7382.0


8.4;0.0;0.0;56.0;7382.0


8.3;0.0;0.0;56.0;7382.0


8.4;0.0;0.0;56.0;7382.0


49.7;0.0;0.0;42.0;7382.0


8.4;0.0;0.0;54.0;7382.0


8.4;0.0;0.0;54.0;7382.0


8.4;0.0;0.0;54.0;7382.0


8.4;0.0;0.0;52.0;7382.0


8.3;0.0;0.0;53.0;7382.0


8.4;0.0;0.0;54.0;7382.0


8.3;0.0;0.0;54.0;7382.0


8.3;0.0;0.0;54.0;7382.0


8.3;0.0;0.0;54.0;7382.0


8.3;0.0;0.0;54.0;7382.0


8.3;0.0;0.0;54.0;7382.0


8.3;0.0;0.0;54.0;7382.0


0.0;10.6;0.8;0.0;7382.0


0.0;0.3;0.0;0.0;7382.0


0.0;13.3;0.2;0.0;7382.0


0.0;0.3;0.0;0.0;7382.0


8.3;16.6;0.7;14.0;7382.0


8.4;0.0;0.0;56.0;7382.0


8.3;0.0;0.0;52.0;7382.0


8.4;0.0;0.0;56.0;7382.0


50.2;0.0;0.0;32.0;7382.0


8.3;0.0;0.0;54.0;7382.0


8.4;0.0;0.0;53.0;7382.0


8.3;0.0;0.0;52.0;7382.0


8.3;0.0;0.0;54.0;7382.0


8.3;0.0;0.0;53.0;7382.0


8.4;0.0;0.0;54.0;7382.0


8.3;0.0;0.0;54.0;7382.0


8.3;0.0;0.0;53.0;7382.0


8.3;0.0;0.0;53.0;7382.0


8.3;0.0;0.0;53.0;7382.0


8.3;0.0;0.0;53.0;7382.0


8.4;0.0;0.0;36.0;7382.0


2.8;10.6;0.8;24.0;7382.0


0.0;0.3;0.0;0.0;7382.0


0.0;14.5;0.2;0.0;7382.0


0.0;0.3;0.0;0.0;7382.0


4.2;15.2;0.4;3.0;7382.0


8.4;1.0;0.3;56.0;7382.0


8.4;0.0;0.0;55.0;7382.0


8.3;0.0;0.0;55.0;7382.0


14.3;0.0;0.0;62.0;7382.0


26.0;0.0;0.0;55.0;7382.0


8.3;0.0;0.0;54.0;7382.0


8.4;0.0;0.0;54.0;7382.0


8.3;0.0;0.0;53.0;7382.0


8.4;0.0;0.0;53.0;7382.0


8.3;0.0;0.0;54.0;7382.0


8.3;0.0;0.0;43.0;7382.0


8.3;0.0;0.0;54.0;7382.0


8.3;0.0;0.0;53.0;7382.0


8.4;0.0;0.0;54.0;7382.0


8.3;0.0;0.0;54.0;7382.0


8.4;0.0;0.0;54.0;7382.0


8.3;0.0;0.0;29.0;7382.0


0.0;10.6;0.8;0.0;7382.0


0.0;0.3;0.0;0.0;7382.0


0.0;13.7;0.2;0.0;7382.0


0.0;0.3;0.0;0.0;7382.0


8.3;16.7;0.7;56.0;7382.0


8.3;0.0;0.0;55.0;7382.0


8.3;0.0;0.0;56.0;7382.0


8.4;0.0;0.0;56.0;7382.0


50.0;0.0;0.0;53.0;7382.0


8.4;0.0;0.0;54.0;7382.0


8.3;0.0;0.0;54.0;7382.0


8.4;0.0;0.0;54.0;7382.0


8.4;0.0;0.0;53.0;7382.0


8.4;0.0;0.0;50.0;7382.0


8.4;0.0;0.0;54.0;7382.0


8.3;0.0;0.0;54.0;7382.0


8.4;0.0;0.0;53.0;7382.0


8.3;0.0;0.0;54.0;7382.0


8.3;0.0;0.0;54.0;7382.0


8.3;0.0;0.0;53.0;7382.0


8.3;0.0;0.0;23.0;7382.0


0.0;10.9;0.8;0.0;7382.0


0.0;14.4;0.2;0.0;7382.0


0.0;0.3;0.0;0.0;7382.0


3.6;15.2;0.4;0.0;7382.0


8.3;1.0;0.3;56.0;7382.0


8.4;0.0;0.0;56.0;7382.0


8.3;0.0;0.0;56.0;7382.0


29.4;0.0;0.0;42.0;7382.0


8.3;0.0;0.0;51.0;7382.0


8.4;0.0;0.0;54.0;7382.0


8.4;0.0;0.0;54.0;7382.0


8.3;0.0;0.0;53.0;7382.0


8.4;0.0;0.0;53.0;7382.0


8.3;0.0;0.0;53.0;7382.0


8.3;0.0;0.0;54.0;7382.0


8.3;0.0;0.0;53.0;7382.0


8.4;0.0;0.0;54.0;7382.0


8.3;0.0;0.0;52.0;7382.0


8.3;0.0;0.0;54.0;7382.0


8.3;0.0;0.0;54.0;7382.0


8.3;10.6;0.8;45.0;7382.0


0.0;0.3;0.0;0.0;7382.0


1.2;15.6;0.2;0.0;7382.0


0.0;0.3;0.0;0.0;7382.0


4.8;16.0;0.7;13.0;7382.0


8.4;0.0;0.0;56.0;7382.0


8.4;0.0;0.0;55.0;7382.0


8.4;0.0;0.0;52.0;7382.0


26.3;0.0;0.0;55.0;7382.0


15.4;0.0;0.0;54.0;7382.0


8.3;0.0;0.0;54.0;7382.0


8.3;0.0;0.0;53.0;7382.0


8.3;0.0;0.0;52.0;7382.0


8.3;0.0;0.0;53.0;7382.0


8.4;0.0;0.0;39.0;7382.0


8.3;0.0;0.0;53.0;7382.0


8.4;0.0;0.0;54.0;7382.0


8.3;0.0;0.0;52.0;7382.0


8.3;0.0;0.0;53.0;7382.0


8.4;0.0;0.0;54.0;7382.0


8.3;0.0;0.0;54.0;7382.0


8.4;0.0;0.0;31.0;7382.0


0.0;10.6;0.8;0.0;7382.0


0.0;0.3;0.0;0.0;7382.0


0.0;13.9;0.2;0.0;7382.0


0.0;0.3;0.0;0.0;7382.0


8.4;16.7;0.7;55.0;7382.0


8.3;0.0;0.0;56.0;7382.0


8.3;0.0;0.0;56.0;7382.0


8.3;0.0;0.0;55.0;7382.0


50.2;0.0;0.0;53.0;7382.0


8.3;0.0;0.0;53.0;7382.0


8.4;0.0;0.0;53.0;7382.0


8.3;0.0;0.0;52.0;7382.0


8.4;0.0;0.0;52.0;7382.0


8.3;0.0;0.0;53.0;7382.0


8.4;0.0;0.0;52.0;7382.0


8.3;0.0;0.0;53.0;7382.0


8.3;0.0;0.0;53.0;7382.0


8.4;0.0;0.0;52.0;7382.0


8.3;0.0;0.0;53.0;7382.0


8.3;0.0;0.0;53.0;7382.0


8.3;0.0;0.0;45.0;7382.0


0.0;10.6;0.8;0.0;7382.0


0.0;0.3;0.0;0.0;7382.0


0.0;15.0;0.2;0.0;7382.0


0.0;0.3;0.0;0.0;7382.0


8.3;15.7;0.7;55.0;7382.0


8.3;0.0;0.0;56.0;7382.0


8.3;0.0;0.0;56.0;7382.0


8.3;0.0;0.0;55.0;7382.0


50.2;0.0;0.0;50.0;7382.0


8.3;0.0;0.0;51.0;7382.0


8.4;0.0;0.0;53.0;7382.0


8.4;0.0;0.0;53.0;7382.0


8.4;0.0;0.0;53.0;7382.0


8.4;0.0;0.0;52.0;7382.0


8.4;0.0;0.0;53.0;7382.0


8.4;0.0;0.0;53.0;7382.0


8.3;0.0;0.0;53.0;7382.0


8.3;0.0;0.0;53.0;7382.0


8.3;0.0;0.0;54.0;7382.0


8.3;0.0;0.0;50.0;7382.0


8.4;0.0;0.0;53.0;7382.0


0.0;10.6;0.8;0.0;7382.0


0.0;0.3;0.0;0.0;7382.0


0.0;13.5;0.2;0.0;7382.0


0.0;0.3;0.0;0.0;7382.0


7.2;15.8;0.7;46.0;7382.0


8.3;0.0;0.0;56.0;7382.0


8.4;0.0;0.0;56.0;7382.0


8.4;0.0;0.0;56.0;7382.0


50.0;0.0;0.0;29.0;7382.0


8.4;0.0;0.0;54.0;7382.0


6.9;0.0;0.0;53.0;7382.0


8.4;0.0;0.0;53.0;7382.0


7.1;0.0;0.0;53.0;7382.0


8.3;0.0;0.0;53.0;7382.0


8.3;0.0;0.0;54.0;7382.0


8.3;0.0;0.0;54.0;7382.0


8.4;0.0;0.0;53.0;7382.0


8.3;0.0;0.0;53.0;7382.0


8.3;0.0;0.0;53.0;7382.0


8.3;0.0;0.0;54.0;7382.0


8.4;0.0;0.0;54.0;7382.0


0.0;10.6;0.8;0.0;7382.0


0.0;0.3;0.0;0.0;7382.0


0.0;14.1;0.2;0.0;7382.0


0.0;0.3;0.0;0.0;7382.0


8.4;16.6;0.7;0.0;7382.0


8.4;0.0;0.0;55.0;7382.0


8.3;0.0;0.0;55.0;7382.0


8.4;0.0;0.0;55.0;7382.0


50.2;0.0;0.0;39.0;7382.0


8.4;0.0;0.0;51.0;7382.0


8.3;0.0;0.0;52.0;7382.0


8.3;0.0;0.0;53.0;7382.0


8.3;0.0;0.0;53.0;7382.0


8.3;0.0;0.0;53.0;7382.0


8.4;0.0;0.0;41.0;7382.0


8.3;0.0;0.0;53.0;7382.0


8.4;0.0;0.0;52.0;7382.0


8.3;0.0;0.0;53.0;7382.0


8.3;0.0;0.0;53.0;7382.0


8.4;0.0;0.0;53.0;7382.0


8.3;0.0;0.0;53.0;7382.0


8.4;0.0;0.0;52.0;7382.0


0.0;10.9;0.8;0.0;7382.0


1.2;12.5;0.2;0.0;7382.0


0.0;0.3;0.0;0.0;7382.0


4.2;15.3;0.4;0.0;7382.0


8.4;1.0;0.3;46.0;7382.0


8.3;0.0;0.0;55.0;7382.0


8.4;0.0;0.0;56.0;7382.0


8.3;0.0;0.0;56.0;7382.0


26.3;0.0;0.0;53.0;7382.0


8.4;0.0;0.0;53.0;7382.0


8.3;0.0;0.0;51.0;7382.0


8.3;0.0;0.0;53.0;7382.0


8.3;0.0;0.0;53.0;7382.0


8.3;0.0;0.0;53.0;7382.0


8.3;0.0;0.0;53.0;7382.0


8.3;0.0;0.0;46.0;7382.0


8.4;0.0;0.0;53.0;7382.0


8.3;0.0;0.0;54.0;7382.0


8.3;0.0;0.0;54.0;7382.0


8.4;0.0;0.0;54.0;7382.0


8.3;0.0;0.0;52.0;7382.0


0.0;10.6;0.8;0.0;7382.0


0.0;0.3;0.0;0.0;7382.0


0.0;13.3;0.2;0.0;7382.0


0.0;0.3;0.0;0.0;7382.0


8.3;16.8;0.7;49.0;7382.0


8.3;0.0;0.0;43.0;7382.0


8.3;0.0;0.0;54.0;7382.0


6.9;0.0;0.0;55.0;7382.0


