0.0;10502144;0
0.0;10502144;0
0.0;10502144;0
0.0;10502144;0
16.6;14475264;0
99.7;26710016;0
99.7;26742784;0
100.3;26759168;0
99.7;26783744;0
99.7;29683712;0
218.4;43175936;0
198.9;43393024;0
199.5;43384832;0
199.5;43425792;0
186.4;44216320;0
213.1;43474944;0
151.2;43499520;0
199.5;43593728;0
200.7;43601920;0
184.7;44331008;0
268.8;59813888;0
199.5;59813888;0
200.7;59813888;0
200.7;59813888;0
199.5;59871232;0
249.3;91947008;0
199.5;59908096;0
200.7;59920384;0
199.5;59920384;0
201.6;59949056;0
184.7;76120064;0
186.4;60092416;0
199.5;60121088;0
201.6;60145664;0
199.5;60112896;0
258.0;92184576;0
199.5;92143616;0
199.5;92139520;0
199.5;92123136;0
200.7;92155904;0
199.5;92250112;0
199.5;84103168;0
151.2;63541248;0
249.3;92377088;0
200.7;92385280;0
198.9;68423680;230
218.4;82907136;0
199.5;82948096;0
200.7;83021824;0
200.7;83013632;0
199.5;83132416;0
182.8;83128320;0
199.5;83136512;0
200.7;83148800;0
182.8;67125248;0
319.2;89567232;0
349.1;147005440;0
299.2;173871104;0
299.2;199544832;0
258.0;191201280;0
352.8;238948352;0
299.2;257167360;0
299.2;276201472;0
301.0;295342080;0
298.3;312041472;0
299.2;329785344;0
299.2;347811840;0
302.4;367546368;0
299.2;387284992;0
301.0;405479424;0
301.0;423669760;0
299.2;440516608;0
229.4;446988288;0
340.9;461815808;240
301.0;461815808;642
299.2;461815808;721
232.7;445784064;710
336.0;462868480;502
198.9;462868480;0
200.7;462868480;0
198.9;462868480;0
200.7;462868480;0
199.5;462868480;0
199.5;462868480;0
201.6;462868480;0
199.5;462868480;0
249.3;442650624;0
213.1;462897152;0
200.7;462897152;0
200.7;462897152;0
199.5;462897152;0
201.6;462897152;0
199.5;462897152;0
143.3;446865408;0
255.7;462950400;0
201.6;462950400;0
199.5;462950400;0
199.5;462950400;0
201.6;462950400;0
170.5;462950400;0
200.7;462950400;0
170.5;446918656;0
172.0;437747712;0
249.3;462954496;0
199.5;462954496;0
184.8;446918656;0
216.1;453615616;0
199.5;453615616;0
198.9;453615616;0
186.4;453615616;0
200.7;453615616;0
198.9;453615616;0
201.6;453615616;0
199.5;453615616;0
199.5;453615616;0
199.5;453615616;0
200.7;453615616;0
200.7;453615616;0
198.9;453615616;0
229.4;439717888;0
286.7;474316800;0
198.9;474316800;0
199.5;474316800;0
182.8;458280960;0
268.8;474349568;0
199.5;474349568;0
199.5;474349568;0
201.6;474349568;0
198.9;474349568;0
200.7;474353664;0
184.7;474353664;0
182.8;474353664;0
184.8;458317824;0
213.1;441528320;0
266.0;474353664;0
201.6;474353664;0
199.5;474353664;0
199.5;474353664;0
199.5;474353664;0
199.5;474353664;0
201.6;474353664;0
199.5;474353664;0
199.5;474353664;0
117.6;458330112;0
249.3;474370048;0
199.5;474370048;0
198.9;474370048;0
172.0;459198464;0
268.8;474374144;0
199.5;474374144;0
199.5;474374144;0
201.6;474374144;0
199.5;474374144;0
199.5;474374144;0
199.5;474374144;0
199.5;474374144;0
258.0;456343552;0
199.5;474370048;0
199.5;474370048;0
201.6;474370048;0
199.5;474370048;0
199.5;474370048;0
199.5;474370048;0
198.9;474370048;0
200.7;474370048;0
200.7;452644864;0
184.7;448995328;0
229.4;451960832;0
301.0;481587200;0
198.9;485728256;0
200.7;485728256;0
198.9;485728256;0
200.7;485728256;0
200.7;485728256;0
198.9;485728256;0
200.7;485728256;0
200.7;485728256;0
170.5;469696512;0
129.0;444571648;0
282.6;485732352;0
199.5;485732352;0
184.8;485732352;0
199.5;485732352;0
199.5;485732352;0
201.6;485732352;0
199.5;485732352;0
199.5;485732352;0
199.5;485732352;0
166.2;469696512;0
184.8;470474752;0
216.1;485728256;0
199.5;485728256;0
151.2;469696512;0
216.1;485752832;0
199.5;485752832;0
199.5;485752832;0
199.5;485752832;0
201.6;485752832;0
199.5;485752832;0
199.5;485752832;0
184.8;469721088;0
172.0;456822784;0
241.5;485752832;0
172.0;466391040;0
199.5;485756928;0
199.5;485756928;0
201.6;485756928;0
199.5;485756928;0
199.5;485756928;0
201.6;485756928;0
199.5;485756928;0
198.9;485756928;0
200.7;458997760;0
227.3;476422144;0
199.5;476422144;0
201.6;476422144;0
182.8;460386304;0
249.3;463896576;0
252.0;497119232;0
200.7;497119232;0
198.9;497119232;0
200.7;497119232;0
198.9;497119232;0
200.7;497119232;0
200.7;497119232;0
170.5;481083392;0
229.4;497115136;0
151.2;481083392;0
266.0;497115136;0
199.5;497115136;0
199.5;497115136;0
199.5;497115136;0
201.6;497115136;0
199.5;497115136;0
199.5;497115136;0
201.6;497115136;0
199.5;497115136;0
199.5;497115136;0
149.6;481083392;0
199.5;470921216;0
243.7;497123328;0
200.7;497123328;0
198.9;497123328;0
200.7;497123328;0
200.7;497127424;0
199.5;497127424;0
199.5;497127424;0
199.5;497127424;0
149.6;481091584;0
285.6;497127424;0
200.7;497127424;0
198.9;497127424;0
172.0;497127424;0
199.5;497127424;0
200.7;497127424;0
200.7;497127424;0
198.9;497127424;0
186.4;472662016;0
184.8;481087488;0
199.5;473702400;0
198.9;487784448;0
200.7;487784448;0
198.9;487784448;0
199.5;487784448;0
201.6;487784448;0
199.5;487784448;0
199.5;487784448;0
200.7;487784448;0
200.7;487784448;0
198.9;487784448;0
200.7;487784448;0
266.0;492486656;0
249.3;508506112;0
218.4;479211520;0
229.4;508542976;0
198.9;508542976;0
199.5;508542976;0
201.6;508542976;0
199.5;508542976;0
199.5;508542976;0
200.7;508542976;0
184.7;508542976;0
199.5;508542976;0
201.6;508542976;0
199.5;508542976;0
198.9;508542976;0
200.7;489541632;0
151.2;492519424;0
216.1;508551168;0
198.9;508551168;0
199.5;508551168;0
199.5;508551168;0
199.5;508551168;0
200.7;508551168;0
200.7;508551168;0
198.9;508551168;0
200.7;508551168;0
201.6;508551168;0
149.6;492519424;0
249.3;508555264;0
