0.0;10485760;0
0.0;10485760;0
0.0;10485760;0
0.0;11423744;0
99.4;26697728;0
99.7;26693632;0
99.7;26705920;0
100.3;26718208;0
99.4;26804224;0
201.6;43016192;0
199.5;43028480;0
199.5;43282432;0
198.9;43286528;0
200.7;43282432;0
258.0;59408384;0
199.5;59453440;0
201.6;59461632;0
198.9;59494400;0
199.5;59543552;0
249.3;91734016;0
134.4;75706368;0
170.5;59699200;0
201.6;59707392;0
199.5;59707392;0
249.3;82305024;0
198.9;91897856;0
114.7;75862016;0
199.5;59858944;0
199.5;59858944;0
252.0;82337792;0
198.9;92008448;0
200.7;92160000;0
199.5;92160000;0
201.6;92164096;0
199.5;92160000;0
200.7;92168192;0
182.8;76152832;0
166.2;69341184;0
232.7;92307456;0
200.7;92307456;0
200.7;92307456;0
170.5;76271616;0
201.6;73953280;0
200.7;93433856;0
199.5;93433856;0
199.5;93433856;0
199.5;93433856;0
201.6;93433856;0
198.9;93429760;0
200.7;93429760;0
199.5;93429760;0
182.8;93429760;0
198.9;93429760;0
200.7;93429760;0
182.8;93429760;0
199.5;93429760;0
201.6;93429760;0
198.9;54722560;230
114.7;67215360;0
99.7;67215360;0
100.8;67215360;0
99.7;67215360;0
100.3;67215360;0
100.3;67215360;0
99.4;67272704;0
99.7;67272704;0
99.7;67272704;0
235.2;65343488;0
326.7;133464064;0
332.4;172109824;0
301.0;196509696;0
298.3;215814144;0
301.0;241278976;0
284.1;266297344;0
272.4;286965760;0
301.0;306458624;0
299.2;321720320;0
302.4;347148288;0
299.2;371441664;0
299.2;395186176;0
299.2;417193984;0
299.2;438345728;0
301.0;458952704;0
298.3;460791808;286
301.0;460857344;683
299.2;460857344;665
299.2;460922880;675
266.0;460890112;506
200.7;460890112;0
129.0;426831872;0
298.3;441487360;0
186.4;461938688;0
199.5;461938688;0
199.5;461938688;0
199.5;461938688;0
199.5;461938688;0
200.7;461938688;0
198.9;461938688;0
200.7;461938688;0
200.7;461934592;0
199.5;461934592;0
199.5;461934592;0
199.5;461938688;0
200.7;461934592;0
198.9;461930496;0
200.7;461934592;0
200.7;461934592;0
199.5;461967360;0
199.5;461967360;0
266.0;440459264;0
184.8;461975552;0
156.2;445939712;0
243.7;461975552;0
200.7;461975552;0
199.5;461971456;0
199.5;461971456;0
199.5;461971456;0
201.6;461971456;0
199.5;461975552;0
199.5;461975552;0
201.6;461979648;0
199.5;462012416;0
199.5;462008320;0
198.9;462012416;0
200.7;462012416;0
200.7;462012416;0
198.9;462012416;0
200.7;462012416;0
258.0;454934528;0
127.8;445976576;0
243.7;452673536;0
198.9;452673536;0
200.7;452673536;0
199.5;452673536;0
199.5;452673536;0
201.6;452673536;0
182.8;452673536;0
199.5;452673536;0
199.5;452673536;0
199.5;452673536;0
200.7;452673536;0
198.9;452673536;0
200.7;452673536;0
199.5;452673536;0
199.5;452673536;0
199.5;452673536;0
199.5;452673536;0
201.6;452673536;0
170.5;430960640;0
249.3;436744192;0
218.4;455471104;0
199.5;473366528;0
198.9;473366528;0
200.7;473366528;0
199.5;473366528;0
200.7;473366528;0
199.5;473366528;0
199.5;473366528;0
201.6;473366528;0
199.5;473366528;0
199.5;473366528;0
199.5;473362432;0
199.5;473362432;0
201.6;473366528;0
199.5;473362432;0
199.5;473362432;0
252.0;473366528;0
116.4;457334784;0
258.0;473374720;0
198.9;473374720;0
200.7;473378816;0
200.7;473378816;0
199.5;473378816;0
200.7;473374720;0
200.7;473378816;0
198.9;473378816;0
199.5;473378816;0
199.5;473378816;0
199.5;473378816;0
200.7;473374720;0
198.9;473366528;0
200.7;473374720;0
200.7;473374720;0
198.9;473374720;0
200.7;443142144;0
255.7;473374720;0
186.4;446431232;0
243.7;473370624;0
198.9;473370624;0
200.7;473370624;0
200.7;473370624;0
156.2;457338880;0
229.4;454467584;0
199.5;473374720;0
199.5;473374720;0
201.6;473374720;0
200.7;473374720;0
198.9;473374720;0
200.7;473374720;0
200.7;473374720;0
198.9;473374720;0
199.5;473374720;0
199.5;473374720;0
199.5;473374720;0
201.6;473370624;0
249.3;464035840;0
198.9;464035840;0
200.7;464035840;0
186.4;440623104;0
299.2;464457728;0
199.5;484732928;0
200.7;484732928;0
198.9;484728832;0
200.7;484728832;0
200.7;484728832;0
198.9;484728832;0
200.7;484732928;0
200.7;484732928;0
198.9;484732928;0
199.5;484732928;0
199.5;484732928;0
199.5;484732928;0
201.6;484732928;0
149.6;468697088;0
232.7;484732928;0
201.6;484732928;0
166.2;468701184;0
266.0;484737024;0
216.1;484737024;0
198.9;484737024;0
200.7;484737024;0
200.7;484737024;0
198.9;484737024;0
200.7;484737024;0
201.6;484737024;0
199.5;484737024;0
199.5;484737024;0
199.5;484737024;0
199.5;484737024;0
201.6;484737024;0
200.7;484732928;0
198.9;484732928;0
157.7;468697088;0
200.7;467025920;0
272.4;468484096;0
198.9;485261312;0
199.5;485261312;0
199.5;485261312;0
199.5;485261312;0
201.6;485261312;0
199.5;485261312;0
199.5;485261312;0
201.6;485261312;0
200.7;485261312;0
198.9;485261312;0
200.7;485261312;0
199.5;485261312;0
199.5;485261312;0
201.6;485261312;0
182.8;453980160;0
241.5;485265408;0
200.7;485265408;0
172.0;460578816;0
232.7;485281792;0
199.5;485281792;0
199.5;485281792;0
199.5;485281792;0
186.4;485281792;0
201.6;485281792;0
166.2;453947392;0
232.7;475947008;0
199.5;475947008;0
201.6;475914240;0
182.8;475951104;0
198.9;475951104;0
186.4;475951104;0
198.9;475951104;0
143.3;459915264;0
258.0;458637312;0
215.0;496656384;0
201.6;496656384;0
199.5;496656384;0
199.5;496656384;0
201.6;496656384;0
200.7;496656384;0
198.9;496656384;0
200.7;496656384;0
199.5;496656384;0
149.6;480620544;0
286.7;491929600;0
200.7;496660480;0
149.6;465448960;0
241.5;496660480;0
199.5;496660480;0
201.6;496660480;0
199.5;496660480;0
198.9;496660480;0
200.7;496660480;0
182.8;480624640;0
99.7;480624640;0
