0.0;10510336;0
0.0;10510336;0
0.0;10608640;0
99.7;26693632;0
100.3;26697728;0
99.7;26845184;0
99.7;26861568;0
99.7;26886144;0
218.4;43057152;0
198.9;43118592;0
201.6;43188224;0
199.5;43212800;0
200.7;43245568;0
269.9;59248640;0
201.6;59269120;0
199.5;59322368;0
199.5;59338752;0
200.7;59338752;0
213.1;75440128;0
149.6;59555840;0
199.5;59588608;0
200.7;59592704;0
198.9;59707392;0
268.8;92078080;0
199.5;92078080;0
200.7;91873280;0
198.9;91877376;0
201.6;91967488;0
149.6;75862016;0
299.2;59908096;0
200.7;59883520;0
198.9;59899904;0
199.5;59875328;0
266.0;91926528;0
201.6;91975680;0
198.9;92000256;0
200.7;91959296;0
200.7;92049408;0
199.5;92090368;0
199.5;92110848;0
200.7;92102656;0
200.7;92250112;0
199.5;92196864;0
201.6;92315648;0
198.9;92254208;0
200.7;92250112;0
198.9;92246016;0
201.6;92229632;0
198.9;92450816;0
186.4;76247040;0
57.3;59465728;0
298.3;72585216;0
200.7;83218432;0
199.5;83218432;0
201.6;83218432;0
199.5;83247104;0
200.7;83247104;0
200.7;83247104;0
199.5;83324928;0
199.5;83333120;0
199.5;83333120;0
200.7;83611648;0
198.9;83611648;0
201.6;83611648;0
199.5;83611648;0
182.8;59768832;230
382.3;110784512;0
269.9;157085696;0
299.2;183808000;0
302.4;206483456;0
298.3;224411648;0
258.0;232734720;0
315.4;252125184;0
269.9;282742784;0
299.2;299483136;0
299.2;312741888;0
299.2;330108928;0
285.6;346132480;0
298.3;365375488;0
299.2;383557632;0
302.4;384954368;0
269.9;398798848;0
284.1;436166656;0
282.6;451309568;0
298.3;467558400;0
301.0;461795328;479
301.0;461795328;703
266.0;445759488;698
386.4;463028224;598
232.7;462991360;337
199.5;462991360;0
198.9;462991360;0
200.7;462991360;0
200.7;462991360;0
199.5;462991360;0
184.8;446955520;0
166.2;435826688;0
258.0;462995456;0
198.9;462995456;0
200.7;462995456;0
199.5;462995456;0
199.5;446963712;0
235.2;454397952;0
199.5;462999552;0
182.8;462999552;0
199.5;462999552;0
200.7;462999552;0
200.7;462999552;0
198.9;462999552;0
201.6;462999552;0
199.5;462999552;0
199.5;462999552;0
133.0;434081792;0
249.3;462999552;0
186.4;462999552;0
227.3;439037952;0
200.7;453660672;0
200.7;453660672;0
199.5;453660672;0
199.5;453660672;0
199.5;453660672;0
201.6;453660672;0
199.5;453660672;0
199.5;453660672;0
201.6;453660672;0
198.9;453660672;0
172.0;450719744;0
298.3;453644288;0
215.0;474365952;0
243.7;456302592;0
200.7;474361856;0
198.9;474361856;0
200.7;474361856;0
199.5;474361856;0
199.5;474361856;0
199.5;474361856;0
199.5;474361856;0
200.7;474361856;0
198.9;474361856;0
200.7;474361856;0
229.4;450777088;0
227.3;474365952;0
200.7;474365952;0
213.1;456519680;0
199.5;474365952;0
200.7;474365952;0
198.9;474365952;0
200.7;474365952;0
200.7;474365952;0
198.9;474365952;0
200.7;474365952;0
198.9;474365952;0
200.7;474365952;0
199.5;474365952;0
199.5;474365952;0
215.0;453808128;0
215.0;474370048;0
170.5;458334208;0
229.4;474370048;0
198.9;474370048;0
201.6;474370048;0
200.7;474370048;0
198.9;474370048;0
200.7;474370048;0
200.7;474370048;0
199.5;474370048;0
182.8;448393216;0
258.0;474370048;0
198.9;474370048;0
200.7;474370048;0
157.7;474370048;0
198.9;474370048;0
229.4;465035264;0
200.7;465039360;0
198.9;465043456;0
200.7;465043456;0
198.9;465043456;0
200.7;465043456;0
215.0;447483904;0
299.2;467824640;0
182.8;485744640;0
199.5;485744640;0
201.6;485752832;0
182.8;485752832;0
200.7;485756928;0
199.5;485756928;0
199.5;485756928;0
201.6;485756928;0
199.5;485756928;0
216.1;468430848;0
218.4;485761024;0
200.7;485761024;0
198.9;485761024;0
129.0;469729280;0
282.6;485806080;0
199.5;485806080;0
201.6;485806080;0
199.5;485806080;0
199.5;485806080;0
184.8;485806080;0
199.5;485806080;0
199.5;485806080;0
199.5;485806080;0
149.6;469770240;0
252.0;485834752;0
199.5;485834752;0
198.9;485834752;0
143.3;469803008;0
258.0;485834752;0
198.9;485834752;0
199.5;485834752;0
182.8;485834752;0
199.5;485834752;0
201.6;485834752;0
199.5;485834752;0
198.9;485834752;0
200.7;485834752;0
157.7;469803008;0
266.0;485838848;0
199.5;485838848;0
199.5;485838848;0
199.5;485838848;0
201.6;485838848;0
199.5;485838848;0
199.5;485838848;0
201.6;485838848;0
199.5;485838848;0
156.2;469807104;0
258.0;485851136;0
198.9;485851136;0
200.7;485851136;0
201.6;485851136;0
149.6;460607488;0
213.1;476508160;0
199.5;476508160;0
201.6;476508160;0
199.5;476508160;0
199.5;476508160;0
200.7;476508160;0
198.9;476508160;0
200.7;476508160;0
200.7;476508160;0
199.5;460472320;0
172.0;458346496;0
285.6;497238016;0
199.5;497238016;0
199.5;497238016;0
199.5;497238016;0
198.9;497238016;0
199.5;497238016;0
201.6;481206272;0
199.5;477577216;0
199.5;497242112;0
199.5;497242112;0
201.6;497242112;0
199.5;497242112;0
142.0;467263488;0
258.0;497246208;0
199.5;497246208;0
199.5;497246208;0
201.6;497246208;0
200.7;497246208;0
198.9;497246208;0
200.7;497246208;0
172.0;481210368;0
241.5;497242112;0
199.5;497242112;0
199.5;497242112;0
199.5;497242112;0
201.6;497242112;0
200.7;497205248;0
198.9;497242112;0
200.7;497242112;0
201.6;497242112;0
199.5;497242112;0
99.7;492699648;0
258.0;497238016;0
184.7;469610496;0
232.7;497246208;0
200.7;497246208;0
200.7;497246208;0
198.9;497246208;0
199.5;497246208;0
201.6;497246208;0
199.5;497246208;0
198.9;497246208;0
200.7;497246208;0
199.5;497246208;0
166.2;481210368;0
201.6;478257152;0
229.4;497246208;0
198.9;497246208;0
199.5;497246208;0
201.6;497246208;0
114.7;497246208;0
216.1;487907328;0
199.5;487907328;0
199.5;487907328;0
198.9;487907328;0
200.7;487907328;0
