0.0;10498048;0
0.0;10498048;0
0.0;10498048;0
16.6;12849152;0
100.8;26689536;0
99.4;26734592;0
99.7;26755072;0
99.7;26771456;0
100.3;28622848;0
198.9;43126784;0
201.6;43212800;0
199.5;43290624;0
200.7;43376640;0
199.5;43384832;0
268.8;59572224;0
199.5;59490304;0
199.5;59490304;0
200.7;59494400;0
198.9;59482112;0
243.7;75718656;0
166.2;59715584;0
201.6;59715584;0
198.9;59715584;0
200.7;59670528;0
266.0;75816960;0
199.5;59809792;0
198.9;59809792;0
201.6;59809792;0
199.5;59899904;0
282.6;92180480;0
200.7;92172288;0
199.5;92073984;0
99.7;60063744;0
199.5;60063744;0
243.7;92295168;0
198.9;92114944;0
201.6;92114944;0
199.5;92131328;0
200.7;92131328;0
198.9;92131328;0
201.6;92131328;0
199.5;92291072;0
200.7;92299264;0
199.5;92327936;0
199.5;92327936;0
232.7;74264576;0
200.7;92463104;0
200.7;92463104;0
199.5;92602368;0
201.6;92602368;0
199.5;92602368;0
186.4;92602368;0
198.9;92602368;0
201.6;80715776;0
99.7;86417408;230
249.3;83337216;0
200.7;83189760;0
198.9;83206144;0
200.7;83271680;0
199.5;83275776;0
201.6;83275776;0
199.5;83275776;0
199.5;83275776;0
200.7;83275776;0
198.9;83275776;0
149.6;67379200;0
299.2;85405696;0
344.0;142241792;0
301.0;165093376;0
298.3;185528320;0
282.6;204935168;0
302.4;220434432;0
298.3;239464448;0
301.0;258166784;0
269.9;258895872;0
315.4;274563072;0
302.4;309157888;0
299.2;325316608;0
301.0;344588288;0
275.0;364695552;0
300.0;385961984;0
301.0;403603456;0
298.3;421040128;0
301.0;438743040;0
299.2;455725056;0
285.6;445677568;0
336.0;461017088;636
298.3;461017088;696
301.0;461017088;643
282.6;444985344;725
232.7;443543552;115
200.7;462086144;0
199.5;462086144;0
201.6;462086144;0
199.5;462086144;0
199.5;462086144;0
200.7;462086144;0
170.5;462086144;0
199.5;462086144;0
199.5;462086144;0
184.8;462086144;0
199.5;462086144;0
200.7;462090240;0
200.7;462090240;0
199.5;462090240;0
216.1;428539904;0
232.7;439902208;0
201.6;462098432;0
199.5;462098432;0
199.5;462098432;0
201.6;462098432;0
199.5;462098432;0
200.7;462098432;0
198.9;462098432;0
200.7;462098432;0
200.7;462098432;0
213.1;432201728;0
272.4;462102528;0
199.5;462102528;0
199.5;462102528;0
199.5;462102528;0
199.5;462102528;0
201.6;462102528;0
199.5;462102528;0
200.7;462102528;0
227.3;439185408;0
199.5;452759552;0
200.7;452759552;0
198.9;452759552;0
200.7;452759552;0
200.7;452755456;0
199.5;452755456;0
199.5;452755456;0
199.5;452755456;0
201.6;452755456;0
198.9;452755456;0
186.4;426848256;0
301.0;456794112;0
199.5;473518080;0
199.5;473518080;0
199.5;473518080;0
166.2;457486336;0
268.8;473522176;0
199.5;473522176;0
199.5;473522176;0
201.6;473522176;0
198.9;473522176;0
200.7;473522176;0
198.9;473522176;0
200.7;450334720;0
229.4;473530368;0
200.7;473530368;0
184.7;473530368;0
200.7;473530368;0
200.7;473530368;0
199.5;473530368;0
200.7;473530368;0
199.5;473530368;0
201.6;473530368;0
199.5;473530368;0
199.5;473530368;0
235.2;451305472;0
199.5;473530368;0
199.5;473530368;0
199.5;473530368;0
199.5;473530368;0
201.6;473526272;0
199.5;473526272;0
199.5;473526272;0
100.8;463282176;0
282.6;473522176;0
199.5;473522176;0
199.5;473522176;0
199.5;473522176;0
201.6;473522176;0
199.5;473522176;0
199.5;454316032;0
201.6;473526272;0
199.5;473526272;0
199.5;473526272;0
199.5;473526272;0
199.5;473526272;0
201.6;473526272;0
199.5;473526272;0
198.9;473526272;0
199.5;473526272;0
201.6;473526272;0
199.5;473526272;0
182.8;457494528;0
249.3;454881280;0
198.9;473526272;0
200.7;473526272;0
172.0;473526272;0
198.9;473526272;0
200.7;473530368;0
186.4;445878272;0
199.5;464187392;0
199.5;464187392;0
199.5;464187392;0
199.5;464187392;0
184.8;464191488;0
199.5;464191488;0
199.5;464191488;0
201.6;464191488;0
199.5;464191488;0
199.5;464195584;0
199.5;464191488;0
199.5;464191488;0
201.6;464191488;0
186.4;445480960;0
199.5;468869120;0
266.0;484900864;0
201.6;484900864;0
200.7;484900864;0
198.9;484900864;0
200.7;484900864;0
198.9;484900864;0
199.5;484900864;0
201.6;484900864;0
199.5;484900864;0
199.5;484900864;0
201.6;484900864;0
199.5;484900864;0
198.9;484900864;0
200.7;484900864;0
184.7;468869120;0
172.0;460529664;0
229.4;465813504;0
216.1;484904960;0
199.5;484904960;0
201.6;484904960;0
199.5;484904960;0
199.5;484904960;0
186.4;484904960;0
170.5;484904960;0
199.5;484904960;0
201.6;484904960;0
199.5;484904960;0
199.5;484904960;0
151.2;484904960;0
200.7;484904960;0
198.9;484904960;0
200.7;484904960;0
199.5;484904960;0
66.5;452833280;0
252.0;457023488;0
232.7;484900864;0
199.5;484900864;0
200.7;484900864;0
200.7;484900864;0
199.5;484900864;0
199.5;484900864;0
199.5;484900864;0
199.5;484900864;0
200.7;484900864;0
200.7;484900864;0
199.5;484900864;0
199.5;484900864;0
201.6;484900864;0
200.7;484900864;0
198.9;484900864;0
199.5;484900864;0
149.6;468877312;0
166.2;454086656;0
243.7;475557888;0
200.7;475557888;0
199.5;475557888;0
199.5;475557888;0
201.6;475557888;0
199.5;475557888;0
198.9;475557888;0
200.7;475533312;0
198.9;475533312;0
199.5;475533312;0
201.6;475533312;0
200.7;475533312;0
198.9;475533312;0
199.5;475533312;0
201.6;475533312;0
199.5;475533312;0
199.5;475533312;0
71.7;453615616;0
249.3;461983744;0
241.5;496242688;0
200.7;496242688;0
201.6;496242688;0
199.5;496242688;0
199.5;496242688;0
200.7;496242688;0
200.7;496242688;0
198.9;496242688;0
199.5;496242688;0
199.5;496242688;0
198.9;496242688;0
200.7;496242688;0
201.6;496242688;0
199.5;477597696;0
199.5;496242688;0
199.5;496242688;0
200.7;496242688;0
