0.0;10526720;0
0.0;10526720;0
0.0;10526720;0
0.0;10526720;0
67.2;14688256;0
99.4;14721024;0
151.2;19132416;0
198.9;19197952;0
215.0;23240704;0
166.2;19353600;0
218.4;19472384;0
142.0;19357696;0
201.6;23441408;0
199.5;23461888;0
166.2;31584256;0
184.7;23621632;0
218.4;31612928;0
182.8;23662592;0
216.1;31768576;0
200.7;31813632;0
199.5;31764480;0
199.5;31817728;0
199.5;31875072;0
86.0;23830528;0
232.7;31907840;0
201.6;31924224;0
198.9;32006144;0
199.5;32038912;0
166.2;28028928;0
215.0;32100352;0
199.5;32100352;0
201.6;32149504;0
116.4;28123136;0
215.0;32194560;0
198.9;32194560;0
201.6;32186368;0
133.0;27131904;0
199.5;32337920;0
201.6;32346112;0
184.7;32518144;0
200.7;32530432;0
199.5;32530432;0
201.6;32661504;277
198.9;32636928;0
184.8;32645120;0
199.5;32649216;0
199.5;32649216;0
198.9;32649216;0
143.3;28626944;0
166.2;28676096;0
216.1;32677888;0
201.6;32681984;0
198.9;32681984;0
199.5;32681984;0
116.4;28655616;0
201.6;32079872;0
312.5;65957888;0
301.0;89272320;0
299.2;109002752;0
299.2;128012288;0
232.7;149569536;0
215.0;170598400;0
301.0;189460480;0
282.6;205316096;0
200.7;213377024;344
200.7;213377024;618
182.8;213405696;470
216.1;218480640;0
199.5;218480640;0
186.4;218480640;0
198.9;218480640;0
201.6;218480640;0
116.4;214458368;0
133.0;214454272;0
198.9;218476544;0
200.7;218476544;0
200.7;218476544;0
198.9;218476544;0
182.8;218476544;0
172.0;215261184;0
198.9;218488832;0
182.8;218488832;0
199.5;218488832;0
200.7;218488832;0
198.9;218488832;0
172.0;218488832;0
199.5;218488832;0
199.5;218492928;0
199.5;218492928;0
199.5;218492928;0
172.0;214466560;0
184.7;218501120;0
201.6;218501120;0
182.8;214474752;0
216.1;218521600;0
198.9;218521600;0
200.7;218521600;0
157.7;211132416;0
170.5;212889600;0
200.7;218554368;0
199.5;214528000;0
149.6;218562560;0
199.5;218562560;0
186.4;218566656;0
200.7;218566656;0
184.7;218566656;0
201.6;218566656;0
216.1;218570752;0
199.5;218570752;0
199.5;218570752;0
199.5;218570752;0
143.3;214544384;0
198.9;218570752;0
172.0;214544384;0
215.0;218566656;0
199.5;218566656;0
199.5;218566656;0
149.6;214577152;0
201.6;221913088;0
199.5;221913088;0
199.5;225841152;0
301.0;258555904;0
301.0;280870912;0
299.2;301469696;0
249.3;318447616;0
266.0;337158144;0
285.6;357867520;0
299.2;377888768;0
298.3;395804672;0
286.7;407064576;0
243.7;220123136;0
133.0;216199168;0
166.2;215592960;0
198.9;221593600;0
201.6;221593600;0
199.5;221593600;0
199.5;221593600;0
184.8;217567232;0
149.6;215793664;0
199.5;221773824;0
199.5;221773824;0
199.5;221773824;0
201.6;221773824;0
170.5;217747456;0
157.7;222109696;0
200.7;222109696;0
198.9;222113792;0
200.7;222117888;0
156.2;218095616;0
200.7;222138368;0
