44.9;100.2;64.9;0.0
48.3;113.3;92.6;0.0
84.9;138.8;56.6;0.0
44.8;156.6;40.1;0.0
0.0;156.6;0.0;0.0
0.0;156.6;0.1;0.0
0.0;156.6;0.0;0.0
0.0;156.6;0.0;0.0
0.0;156.6;1.2;0.0
0.0;156.6;0.0;0.0
0.0;156.6;0.7;0.0
0.0;156.6;0.0;0.0
0.0;156.6;0.7;0.0
0.0;156.6;0.0;0.0
0.0;156.6;0.4;0.0
0.0;156.6;0.0;0.0
0.0;156.6;0.7;0.0
0.0;156.6;0.0;0.0
0.0;156.6;0.6;0.0
0.0;156.6;0.0;0.0
0.0;156.6;0.5;0.0
0.0;156.6;0.0;0.0
36.5;160.5;0.6;0.0
49.7;160.5;0.0;0.0
53.8;160.7;0.0;0.0
45.4;161.4;0.3;0.0
0.0;161.4;0.0;0.0
0.0;161.4;0.1;0.0
0.0;161.4;0.0;0.0
0.0;161.4;1.3;0.0
0.0;161.4;0.0;0.0
0.0;161.4;0.7;0.0
0.0;161.4;0.0;0.0
0.0;161.4;0.7;0.0
0.0;161.4;0.0;0.0
0.0;161.4;0.4;0.0
0.0;161.4;0.0;0.0
5.0;161.4;0.5;0.0
0.0;161.4;0.0;0.0
0.0;161.4;0.6;0.0
0.0;161.4;0.0;0.0
0.0;161.4;0.6;0.0
0.0;161.4;0.0;0.0
24.2;161.8;0.4;0.0
54.6;161.8;0.0;0.0
50.5;161.8;1.1;0.0
0.0;161.8;0.0;0.0
0.0;161.8;0.0;0.0
0.0;161.8;0.0;0.0
0.0;161.8;0.0;0.0
0.0;161.8;0.0;0.0
0.0;161.8;0.0;0.0
0.0;161.8;0.0;0.0
0.0;161.8;0.0;0.0
0.0;161.8;0.0;0.0
0.0;161.8;0.0;0.0
0.0;161.8;0.0;0.0
0.0;161.8;0.0;0.0
0.0;161.8;0.0;0.0
0.0;161.8;0.0;0.0
0.0;161.8;0.0;0.0
0.0;161.8;0.0;0.0
0.0;161.8;0.0;0.0
0.0;161.8;0.0;0.0
0.0;161.8;0.0;0.0
0.0;161.8;0.0;0.0
0.0;161.8;0.0;0.0
0.0;161.8;0.0;0.0
0.0;161.8;0.0;0.0
0.0;161.8;0.0;0.0
0.0;161.8;0.0;0.0
0.0;161.8;0.0;0.0
0.0;161.8;0.0;0.0
0.0;161.8;0.0;0.0
0.0;161.8;0.0;0.0
0.0;161.8;0.0;0.0
0.0;161.8;0.0;0.0
0.0;161.8;0.0;0.0
0.0;161.8;0.0;0.0
0.0;161.8;0.0;0.0
0.0;161.8;0.0;0.0
0.0;161.8;0.0;0.0
0.0;161.8;0.0;0.0
0.0;161.8;0.0;0.0
0.0;161.8;0.0;0.0
0.0;161.8;0.0;0.0
0.0;161.8;0.0;0.0
0.0;161.8;0.0;0.0
0.0;161.8;0.0;0.0
0.0;161.8;0.0;0.0
0.0;161.8;0.0;0.0
0.0;161.8;0.0;0.0
0.0;161.8;0.0;0.0
0.0;161.8;0.0;0.0
0.0;161.8;0.0;0.0
0.0;161.8;0.0;0.0
0.0;161.8;0.0;0.0
0.0;161.8;0.0;0.0
0.0;161.8;0.0;0.0
0.0;161.8;0.0;0.0
