49.9;92.9;40.4;0.0
48.8;107.6;104.2;0.0
78.3;134.5;81.5;0.0
54.9;148.1;28.3;0.0
9.9;156.7;16.7;0.0
0.0;156.7;0.0;0.0
0.0;156.7;0.1;0.0
0.0;156.7;0.0;0.0
0.0;156.7;1.3;0.0
0.0;156.7;0.0;0.0
0.0;156.7;0.7;0.0
0.0;156.7;0.0;0.0
0.0;156.7;0.5;0.0
0.0;156.7;0.0;0.0
0.0;156.7;0.9;0.0
0.0;156.7;0.0;0.0
35.1;160.3;1.1;0.0
49.8;160.5;0.0;0.0
49.0;160.5;0.0;0.0
49.9;161.2;0.3;0.0
0.0;161.2;0.0;0.0
0.0;161.2;0.1;0.0
0.0;161.2;0.0;0.0
0.0;161.2;1.2;0.0
0.0;161.2;0.0;0.0
0.0;161.2;0.7;0.0
0.0;161.2;0.0;0.0
0.0;161.2;0.6;0.0
0.0;161.2;0.0;0.0
0.0;161.2;0.8;0.0
0.0;161.2;0.0;0.0
0.0;161.2;0.9;0.0
44.9;161.5;0.2;0.0
52.2;161.5;0.0;0.0
48.5;161.5;1.1;0.0
0.0;161.5;0.0;0.0
0.0;161.5;0.2;0.0
0.0;161.5;0.0;0.0
0.0;161.5;1.3;0.0
0.0;161.5;0.0;0.0
0.0;161.5;0.0;0.0
0.0;161.5;0.7;0.0
0.0;161.5;0.0;0.0
0.0;161.5;1.8;0.0
0.0;161.5;0.0;0.0
0.0;161.5;1.6;0.0
0.0;161.5;0.0;0.0
19.9;162.4;1.2;0.0
0.0;162.4;0.0;0.0
0.0;162.4;0.0;0.0
0.0;162.4;0.0;0.0
0.0;162.4;0.0;0.0
0.0;162.4;0.0;0.0
0.0;162.4;0.0;0.0
0.0;162.4;0.0;0.0
0.0;162.4;0.0;0.0
0.0;162.4;0.0;0.0
0.0;162.4;0.0;0.0
0.0;162.4;0.0;0.0
0.0;162.4;0.0;0.0
0.0;162.4;0.0;0.0
0.0;162.4;0.0;0.0
0.0;162.4;0.0;0.0
0.0;162.4;0.0;0.0
0.0;162.4;0.0;0.0
0.0;162.4;0.0;0.0
0.0;162.4;0.4;0.0
0.0;162.4;0.0;0.0
0.0;162.4;0.1;0.0
0.0;162.4;0.0;0.0
0.0;162.4;0.2;0.0
0.0;162.4;0.0;0.0
5.0;162.4;0.1;0.0
0.0;162.4;0.0;0.0
0.0;162.4;0.7;0.0
0.0;162.4;0.0;0.0
0.0;162.4;0.0;0.0
0.0;162.4;0.2;0.0
0.0;162.4;0.0;0.0
0.0;162.4;0.5;0.0
0.0;162.4;0.4;0.0
0.0;162.4;0.1;0.0
5.0;162.9;0.3;0.0
89.3;180.8;14.5;4.0
50.7;276.8;1166.2;0.0
52.0;277.3;1.2;388.0
49.9;246.9;0.5;72.0
