41.7;102.4;80.3;0.0
54.9;118.7;84.7;0.0
80.2;139.4;49.1;0.0
29.8;156.3;40.1;0.0
0.0;156.3;0.0;0.0
0.0;156.3;0.1;0.0
0.0;156.3;0.0;0.0
5.0;156.3;1.3;0.0
0.0;156.3;0.0;0.0
0.0;156.3;0.0;0.0
0.0;156.3;0.7;0.0
0.0;156.3;0.6;0.0
0.0;156.3;0.0;0.0
0.0;156.3;0.4;0.0
0.0;156.3;0.2;0.0
0.0;156.3;0.2;0.0
0.0;156.3;0.4;0.0
0.0;156.3;0.2;0.0
0.0;156.3;0.4;0.0
0.0;156.3;0.2;0.0
0.0;156.3;0.4;0.0
0.0;156.3;0.2;0.0
40.1;160.0;0.5;0.0
46.8;160.2;0.0;0.0
54.2;160.8;0.3;0.0
34.9;160.8;0.0;0.0
0.0;160.8;0.0;0.0
0.0;160.8;0.1;0.0
0.0;160.8;0.0;0.0
0.0;160.8;1.3;0.0
0.0;160.8;0.0;0.0
0.0;160.8;0.7;0.0
0.0;160.8;0.0;0.0
0.0;160.8;0.6;0.0
0.0;160.8;0.0;0.0
0.0;160.8;0.7;0.0
0.0;160.8;0.0;0.0
0.0;160.8;0.5;0.0
0.0;160.8;0.0;0.0
0.0;160.8;0.6;0.0
0.0;160.8;0.0;0.0
9.0;161.1;0.8;0.0
51.1;161.1;0.0;0.0
39.8;161.1;1.1;0.0
0.0;161.1;0.0;0.0
0.0;161.1;0.2;0.0
0.0;161.1;0.0;0.0
0.0;161.1;2.5;0.0
0.0;161.1;0.0;0.0
0.0;161.1;0.7;0.0
0.0;161.1;0.0;0.0
0.0;161.1;0.6;0.0
0.0;161.1;0.0;0.0
0.0;161.1;0.4;0.0
0.0;161.1;0.7;0.0
0.0;161.1;0.6;0.0
0.0;161.1;0.6;0.0
0.0;161.1;0.5;0.0
0.0;161.1;0.7;0.0
69.3;162.0;0.5;0.0
9.5;162.0;0.5;0.0
0.0;162.0;0.4;0.0
0.0;162.0;0.1;0.0
0.0;162.0;0.4;0.0
0.0;162.0;0.2;0.0
0.0;162.0;0.5;0.0
44.4;175.6;17.6;4.0
48.4;214.7;191.0;0.0
49.6;245.6;510.5;0.0
50.1;255.9;465.2;0.0
49.6;277.0;2.2;132.0
49.9;277.0;0.6;192.0
49.9;246.6;0.5;128.0
