46.2;104.1;88.3;0.0
60.0;122.1;81.9;0.0
65.0;154.7;82.0;0.0
0.0;156.3;2.0;0.0
0.0;156.3;0.0;0.0
0.0;156.3;0.1;0.0
0.0;156.3;0.0;0.0
0.0;156.3;1.3;0.0
0.0;156.3;0.0;0.0
0.0;156.3;0.7;0.0
0.0;156.3;0.0;0.0
0.0;156.3;0.6;0.0
0.0;156.3;0.0;0.0
0.0;156.3;0.4;0.0
0.0;156.3;0.0;0.0
0.0;156.3;0.4;0.0
0.0;156.3;0.0;0.0
5.0;156.3;0.6;0.0
0.0;156.3;0.0;0.0
0.0;156.3;0.6;0.0
0.0;156.3;0.0;0.0
18.5;160.1;0.7;0.0
50.6;160.1;0.0;0.0
47.8;160.4;0.0;0.0
52.0;161.1;0.3;0.0
0.0;161.1;0.0;0.0
0.0;161.1;0.1;0.0
0.0;161.1;0.0;0.0
0.0;161.1;1.3;0.0
0.0;161.1;0.0;0.0
0.0;161.1;0.7;0.0
0.0;161.1;0.0;0.0
0.0;161.1;0.4;0.0
0.0;161.1;0.0;0.0
0.0;161.1;0.5;0.0
0.0;161.1;0.0;0.0
0.0;161.1;0.4;0.0
0.0;161.1;0.0;0.0
0.0;161.1;0.5;0.0
0.0;161.1;0.0;0.0
0.0;161.1;0.5;0.0
0.0;161.1;0.0;0.0
40.9;161.4;0.2;0.0
48.0;161.4;0.0;0.0
59.0;161.4;1.1;0.0
0.0;161.4;0.0;0.0
0.0;161.4;0.2;0.0
0.0;161.4;0.0;0.0
0.0;161.4;2.6;0.0
0.0;161.4;0.0;0.0
0.0;161.4;1.4;0.0
0.0;161.4;0.0;0.0
0.0;161.4;1.1;0.0
0.0;161.4;0.0;0.0
0.0;161.4;0.7;0.0
0.0;161.4;0.0;0.0
0.0;161.4;0.9;0.0
0.0;161.4;0.0;0.0
0.0;161.4;1.0;0.0
0.0;161.4;0.0;0.0
0.0;161.4;0.9;0.0
0.0;161.4;0.0;0.0
14.8;161.8;0.6;0.0
9.9;162.3;0.0;0.0
0.0;162.3;0.0;0.0
0.0;162.3;0.0;0.0
0.0;162.3;0.0;0.0
60.1;168.0;12.3;4.0
54.8;276.6;1170.9;0.0
47.2;276.9;0.6;196.0
48.5;276.9;0.9;240.0
51.5;181.7;0.0;0.0
