0.0;10510336;0
0.0;10510336;0
0.0;10510336;0
0.0;10510336;0
0.0;10510336;0
50.4;14647296;0
99.7;14692352;0
143.3;18960384;0
199.5;19148800;0
201.6;19202048;0
198.9;19218432;0
200.7;23289856;0
199.5;23293952;0
216.1;31313920;0
198.9;31391744;0
151.2;27394048;0
149.6;23449600;0
215.0;31600640;0
200.7;31604736;0
199.5;31604736;0
199.5;31604736;0
200.7;31617024;0
182.8;31715328;0
199.5;31735808;0
184.8;31830016;0
198.9;31830016;0
199.5;31830016;0
199.5;31866880;0
201.6;31875072;0
170.5;23871488;0
184.8;31993856;0
199.5;31993856;0
200.7;31993856;0
198.9;32047104;0
201.6;32047104;0
199.5;32092160;0
199.5;32100352;0
186.4;28364800;0
170.5;24961024;0
199.5;32395264;0
199.5;32403456;0
200.7;32518144;0
200.7;32534528;0
199.5;32579584;0
168.0;28557312;0
156.2;33579008;0
200.7;32419840;277
199.5;32493568;0
201.6;32505856;0
199.5;32575488;0
200.7;32575488;0
199.5;33546240;0
199.5;29523968;0
199.5;32632832;0
200.7;32632832;0
199.5;32636928;0
182.8;28610560;0
215.0;32620544;0
184.7;32624640;0
199.5;32628736;0
199.5;27705344;0
201.6;35950592;0
182.8;36589568;0
299.2;77361152;0
301.0;100188160;0
299.2;121311232;0
282.6;139964416;0
282.6;162410496;0
282.6;185163776;0
302.4;209657856;0
269.9;217993216;262
299.2;217993216;651
286.7;217960448;519
198.9;217960448;0
200.7;217960448;0
232.7;218742784;0
201.6;218742784;0
170.5;214720512;0
200.7;218742784;0
166.2;210731008;0
199.5;218767360;0
199.5;218767360;0
199.5;214745088;0
143.3;218771456;0
198.9;218771456;0
172.0;214745088;0
149.6;218767360;0
182.8;214740992;0
182.8;218767360;0
172.0;214745088;0
172.0;218771456;0
199.5;218771456;0
201.6;218771456;0
182.8;218771456;0
166.2;214745088;0
198.9;218767360;0
200.7;218767360;0
172.0;214740992;0
232.7;218767360;0
117.6;210751488;0
199.5;218779648;0
200.7;218779648;0
198.9;218779648;0
201.6;218779648;0
199.5;218775552;0
199.5;214749184;0
151.2;218779648;0
199.5;218779648;0
200.7;218779648;0
198.9;218779648;0
200.7;218779648;0
199.5;214757376;0
182.8;218779648;0
235.2;218779648;0
199.5;218779648;0
199.5;218779648;0
133.0;214757376;0
182.8;211382272;0
201.6;222134272;0
198.9;222134272;0
200.7;222134272;0
200.7;222134272;0
198.9;222134272;0
249.3;231845888;0
315.8;274661376;0
302.4;295133184;0
299.2;313856000;0
299.2;330260480;0
266.0;358707200;0
299.2;384122880;0
301.0;407842816;0
298.3;285536256;0
182.8;222883840;0
200.7;222883840;0
198.9;222883840;0
157.7;218857472;0
199.5;223301632;0
201.6;223313920;0
199.5;223326208;0
133.0;216215552;0
201.6;223567872;0
216.1;223723520;0
199.5;223723520;0
142.0;223768576;0
200.7;223768576;0
199.5;223768576;0
199.5;219746304;0
151.2;223907840;0
199.5;223907840;0
199.5;223907840;0
200.7;223969280;0
199.5;223969280;0
201.6;223969280;0
199.5;223969280;0
133.0;215900160;0
235.2;224100352;0
199.5;224100352;0
199.5;224100352;0
199.5;224100352;0
99.7;217133056;0
201.6;224108544;0
133.0;224227328;0
200.7;224227328;0
201.6;224227328;0
198.9;224227328;0
200.7;224227328;0
170.5;220205056;0
157.7;224333824;0
200.7;224333824;0
184.7;224378880;0
200.7;224378880;0
143.3;220356608;0
213.1;224423936;0
199.5;224423936;0
199.5;224423936;0
201.6;224419840;0
199.5;224419840;0
199.5;224419840;0
201.6;224423936;0
199.5;224423936;0
199.5;224423936;0
199.5;224423936;0
166.2;220401664;0
151.2;223756288;0
299.2;248709120;0
301.0;277475328;0
301.0;304308224;0
298.3;330006528;0
299.2;348168192;0
249.3;368504832;0
299.2;392925184;0
302.4;408514560;0
282.6;260730880;0
170.5;215621632;0
172.0;220868608;0
200.7;220864512;0
198.9;220864512;0
200.7;220864512;0
142.0;212815872;0
200.7;221065216;0
200.7;221065216;0
198.9;221065216;0
129.0;217055232;0
215.0;221147136;0
198.9;221147136;0
215.0;221175808;0
198.9;221175808;0
157.7;221306880;0
200.7;221306880;0
198.9;221306880;0
200.7;221306880;0
182.8;217280512;0
182.8;221405184;0
200.7;221405184;0
198.9;221405184;0
200.7;221405184;0
129.0;217391104;0
213.1;221462528;0
172.0;214900736;0
200.7;221659136;0
198.9;221659136;0
200.7;221659136;0
198.9;221659136;0
200.7;221659136;0
172.0;221667328;0
170.5;217645056;0
199.5;221810688;0
200.7;221810688;0
198.9;221810688;0
200.7;221810688;0
114.7;212619264;0
199.5;221835264;0
199.5;221835264;0
184.8;221835264;0
199.5;221835264;0
199.5;221835264;0
201.6;221835264;0
199.5;221835264;0
133.0;213782528;0
182.8;221888512;0
198.9;221888512;0
200.7;221888512;0
186.4;221888512;0
198.9;221888512;0
200.7;221888512;0
200.7;221888512;0
198.9;215580672;0
302.4;255684608;0
301.0;275410944;0
298.3;294412288;0
299.2;311771136;0
216.1;329084928;0
299.2;349024256;0
302.4;367710208;0
301.0;381751296;0
312.5;404619264;0
301.0;408219648;0
235.2;220643328;0
249.3;222048256;0
199.5;222048256;0
199.5;222048256;0
182.8;222048256;0
186.4;222048256;0
172.0;217989120;0
227.3;222142464;0
157.7;214745088;0
201.6;222154752;0
199.5;222158848;0
216.1;222224384;0
166.2;218202112;0
166.2;222371840;0
201.6;222371840;0
199.5;222367744;0
127.8;218345472;0
200.7;222502912;0
215.0;222535680;0
198.9;222535680;0
200.7;222535680;0
213.1;222588928;0
200.7;218566656;0
168.0;222597120;0
182.8;218574848;0
182.8;222867456;0
201.6;222867456;0
200.7;222867456;0
198.9;222867456;0
200.7;222892032;0
199.5;222892032;0
99.7;215035904;0
184.8;218312704;0
200.7;223133696;0
198.9;223133696;0
229.4;223248384;0
201.6;223248384;0
149.6;219234304;0
199.5;226619392;0
200.7;226631680;0
198.9;226643968;0
186.4;217903104;0
319.2;262500352;0
