0.0;10510336;0
0.0;10510336;0
0.0;10510336;0
0.0;10510336;0
43.0;14655488;0
99.7;14696448;0
133.0;19091456;0
200.7;19124224;0
213.1;23191552;0
149.6;19202048;0
216.1;23375872;0
200.7;23293952;0
166.2;23470080;0
201.6;23470080;0
216.1;31436800;0
200.7;31436800;0
198.9;31498240;0
201.6;27512832;0
166.2;31657984;0
200.7;31657984;0
200.7;31657984;0
199.5;31657984;0
199.5;31780864;0
199.5;31801344;0
200.7;31813632;0
198.9;31817728;0
134.4;27922432;0
149.6;28024832;0
200.7;32075776;0
198.9;32083968;0
201.6;32157696;0
199.5;28114944;0
114.7;25731072;0
215.0;32247808;0
170.5;28188672;0
133.0;32346112;0
199.5;32321536;0
201.6;32374784;0
198.9;32395264;0
168.0;28418048;0
166.2;32505856;0
199.5;32587776;277
198.9;32604160;0
157.7;28581888;0
182.8;32579584;0
199.5;32616448;0
200.7;32616448;0
198.9;32616448;0
216.1;32669696;0
199.5;32669696;0
218.4;32776192;0
198.9;32780288;0
200.7;32780288;0
199.5;32780288;0
199.5;32780288;0
199.5;32780288;0
43.0;22028288;0
352.8;63320064;0
298.3;88100864;0
301.0;109826048;0
301.0;129638400;0
266.0;149590016;0
282.6;165384192;0
282.6;177061888;0
302.4;208998400;0
282.6;218607616;326
299.2;218607616;651
268.8;218570752;455
142.0;214548480;0
100.3;214548480;0
198.9;218611712;0
201.6;218619904;0
199.5;218619904;0
200.7;218619904;0
200.7;218619904;0
199.5;214593536;0
199.5;218624000;0
116.4;214597632;0
218.4;218664960;0
198.9;218664960;0
200.7;218664960;0
199.5;214654976;0
116.4;209608704;0
133.0;218669056;0
199.5;218669056;0
200.7;218669056;0
198.9;218669056;0
200.7;218669056;0
166.2;214642688;0
166.2;218669056;0
199.5;218669056;0
200.7;218669056;0
200.7;218669056;0
127.8;214642688;0
201.6;218669056;0
199.5;218669056;0
216.1;218669056;0
198.9;218669056;0
186.4;218677248;0
199.5;218677248;0
199.5;218677248;0
201.6;218677248;0
71.0;210481152;0
213.1;218677248;0
199.5;218677248;0
199.5;218677248;0
201.6;218677248;0
170.5;218677248;0
216.1;218677248;0
200.7;218677248;0
213.1;218673152;0
200.7;218673152;0
198.9;218673152;0
200.7;218673152;0
133.0;214646784;0
133.0;214646784;0
235.2;218669056;0
199.5;218669056;0
200.7;218669056;0
198.9;218669056;0
200.7;218669056;0
182.8;214646784;0
85.2;218570752;0
301.0;247812096;0
301.0;269893632;0
286.7;290500608;0
269.9;308621312;0
301.0;330964992;0
282.6;342335488;0
272.4;365420544;0
258.0;394698752;0
282.6;408010752;0
249.3;271171584;0
218.4;220598272;0
199.5;220598272;0
199.5;216576000;0
199.5;221765632;0
199.5;221765632;0
201.6;221769728;0
199.5;221769728;0
143.3;214839296;0
215.0;221868032;0
213.1;221822976;0
186.4;221913088;0
182.8;221913088;0
201.6;221913088;0
199.5;221913088;0
199.5;221913088;0
201.6;221913088;0
156.2;218025984;0
200.7;222089216;0
198.9;222089216;0
201.6;222089216;0
199.5;222089216;0
199.5;222089216;0
67.2;214036480;0
186.4;222261248;0
182.8;222261248;0
199.5;222261248;0
199.5;222261248;0
201.6;222261248;0
199.5;222261248;0
199.5;222261248;0
151.2;218234880;0
149.6;222261248;0
199.5;222261248;0
199.5;222261248;0
199.5;222261248;0
201.6;222261248;0
149.6;218234880;0
166.2;218247168;0
200.7;222273536;0
198.9;222273536;0
200.7;222273536;0
198.9;222273536;0
200.7;222273536;0
182.8;222306304;0
133.0;222355456;0
201.6;222355456;0
199.5;222355456;0
199.5;222355456;0
199.5;222355456;0
199.5;218333184;0
201.6;222412800;0
133.0;218386432;0
232.7;225759232;0
201.6;225759232;0
199.5;225759232;0
199.5;218836992;0
315.8;255778816;0
216.1;281673728;0
299.2;312647680;0
302.4;334254080;0
286.7;358580224;0
298.3;383672320;0
301.0;407519232;0
301.0;364892160;0
184.7;217038848;0
186.4;218308608;0
199.5;222388224;0
199.5;222404608;0
200.7;222404608;0
198.9;222404608;0
200.7;222404608;0
172.0;222539776;0
184.7;222593024;0
200.7;222597120;0
198.9;222597120;0
200.7;222597120;0
201.6;222597120;0
198.9;222597120;0
114.7;218644480;0
215.0;222687232;0
198.9;222687232;0
200.7;222687232;0
198.9;222687232;0
200.7;222703616;0
200.7;222703616;0
198.9;222703616;0
157.7;218681344;0
186.4;222797824;0
184.7;218775552;0
216.1;222990336;0
199.5;222990336;0
199.5;222990336;0
200.7;222990336;0
133.0;215629824;0
199.5;223047680;0
201.6;223051776;0
199.5;223051776;0
199.5;223051776;0
199.5;223055872;0
182.8;223125504;0
201.6;223145984;0
199.5;223145984;0
182.8;223145984;0
201.6;223145984;0
199.5;219119616;0
213.1;223166464;0
143.3;219049984;0
198.9;223166464;0
200.7;223166464;0
200.7;223166464;0
198.9;223166464;0
157.7;215117824;0
184.8;226566144;0
199.5;226570240;0
199.5;226570240;0
199.5;226570240;0
99.7;222543872;0
329.7;255152128;0
301.0;285044736;0
213.1;309813248;0
299.2;334155776;0
299.2;360398848;0
302.4;385953792;0
299.2;407814144;0
284.1;348741632;0
215.0;221564928;0
156.2;217411584;0
216.1;222691328;0
201.6;222695424;0
199.5;222695424;0
199.5;222892032;0
201.6;222892032;0
166.2;218869760;0
184.7;223027200;0
200.7;223031296;0
170.5;219025408;0
186.4;223227904;0
201.6;223227904;0
116.4;219230208;0
216.1;223416320;0
201.6;223383552;0
200.7;223383552;0
213.1;223453184;0
200.7;223453184;0
198.9;223453184;0
182.8;219426816;0
201.6;223580160;0
166.2;219557888;0
232.7;223719424;0
201.6;223719424;0
200.7;223719424;0
198.9;223764480;0
200.7;223764480;0
198.9;223895552;0
182.8;219869184;0
184.8;224026624;0
199.5;224026624;0
199.5;224026624;0
151.2;220004352;0
215.0;224165888;0
184.7;224182272;0
199.5;224206848;0
199.5;224210944;0
199.5;224210944;0
201.6;224210944;0
186.4;224210944;0
142.0;220184576;0
