8.4;0.4;0.0;0.0;457.0


8.4;128.6;7.6;1.0;457.0


8.4;93.0;7.4;0.0;457.0


3.6;83.8;8.3;1.0;457.0


0.0;0.3;0.0;0.0;457.0


3.6;26.7;1.0;0.0;457.0


8.4;2.3;0.2;5.0;606.0


8.3;0.0;0.0;5.0;740.0


8.3;0.0;0.0;6.0;884.0


8.3;0.0;0.0;6.0;1010.0


8.3;0.2;0.0;4.0;1160.0


8.4;70.2;67.7;4.0;1246.0


8.3;84.8;353.6;24.0;1876.0


20.3;0.0;0.0;69.0;1876.0


0.0;0.1;0.0;0.0;1876.0


0.0;0.3;0.0;1.0;1876.0


9.8;1176.6;51.5;0.0;1876.0


8.3;314.4;14.0;0.0;1876.0


8.4;0.0;0.0;0.0;1876.0


8.3;0.0;0.0;0.0;1876.0


8.4;0.0;0.0;0.0;1876.0


8.4;0.0;0.0;0.0;1876.0


8.3;0.0;0.0;1.0;1876.0


8.4;0.0;0.0;0.0;1876.0


8.3;0.0;0.0;0.0;1876.0


8.3;0.0;0.0;0.0;1876.0


8.3;0.0;0.0;1.0;1876.0


8.4;0.0;0.0;1.0;1876.0


8.4;0.0;0.0;1.0;1876.0


8.3;0.0;0.0;1.0;1876.0


8.3;0.0;0.0;1.0;1876.0


8.3;0.0;0.0;1.0;1876.0


8.3;0.0;0.0;1.0;1876.0


8.4;0.0;0.0;3.0;1876.0


8.3;0.0;0.0;2.0;1876.0


8.4;0.0;0.0;3.0;1876.0


8.3;0.0;0.0;4.0;1876.0


8.4;0.0;0.0;3.0;1876.0


0.0;0.4;0.0;3.0;1876.0


7.2;220.0;9.5;3.0;1876.0


9.6;1270.2;55.8;2.0;1876.0


8.3;1.0;0.3;2.0;1876.0


8.4;0.0;0.0;2.0;1876.0


8.3;0.0;0.0;4.0;1876.0


8.3;0.0;0.0;3.0;1876.0


8.4;0.0;0.0;4.0;1876.0


8.3;0.0;0.0;3.0;1876.0


8.4;0.0;0.0;4.0;1876.0


8.3;0.0;0.0;3.0;1876.0


8.3;0.0;0.0;3.0;1876.0


8.3;0.0;0.0;3.0;1876.0


8.3;0.0;0.0;3.0;1876.0


8.4;0.0;0.0;2.0;1876.0


8.3;0.0;0.0;4.0;1876.0


8.4;0.0;0.0;4.0;1876.0


8.3;0.0;0.0;4.0;1876.0


8.3;0.0;0.0;3.0;1876.0


8.4;0.0;0.0;3.0;1876.0


8.3;0.0;0.0;3.0;1876.0


8.3;0.0;0.0;3.0;1876.0


8.3;0.0;0.0;3.0;1876.0


8.3;1.0;0.3;5.0;1876.0


8.3;0.0;0.0;3.0;1876.0


8.4;0.0;0.0;3.0;1876.0


8.3;0.0;0.0;2.0;1876.0


8.3;0.0;0.0;3.0;1876.0


8.4;0.0;0.0;2.0;1876.0


8.3;0.0;0.0;2.0;1876.0


8.3;0.0;0.0;4.0;1876.0


8.4;0.0;0.0;3.0;1876.0


8.3;0.0;0.0;3.0;1876.0


8.4;0.0;0.0;5.0;1876.0


8.3;0.2;0.0;43.0;1956.0


8.4;0.0;0.0;32.0;2054.0


8.4;0.0;0.0;31.0;2152.0


8.4;0.0;0.0;40.0;2254.0


8.4;0.0;0.0;31.0;4718.0


50.0;0.0;0.0;38.0;4718.0


8.3;0.0;0.0;53.0;4718.0


8.3;0.0;0.0;54.0;4718.0


8.3;0.0;0.0;54.0;4718.0


8.4;0.0;0.0;54.0;4718.0


8.3;0.0;0.0;54.0;4718.0


8.4;0.0;0.0;54.0;4718.0


8.3;0.0;0.0;55.0;4718.0


8.3;0.0;0.0;55.0;4718.0


8.4;0.0;0.0;55.0;4718.0


8.3;0.0;0.0;55.0;4718.0


8.4;0.0;0.0;54.0;4718.0


8.3;0.0;0.0;55.0;4718.0


0.0;10.6;0.8;0.0;4718.0


0.0;0.3;0.0;1.0;4718.0


8.3;837.2;36.6;1.0;4718.0


8.4;653.9;28.9;0.0;4718.0


8.3;0.0;0.0;0.0;4718.0


8.3;0.0;0.0;0.0;4718.0


8.3;0.0;0.0;0.0;4718.0


8.3;0.0;0.0;0.0;4718.0


8.4;0.0;0.0;1.0;4718.0


8.3;0.0;0.0;0.0;4718.0


8.3;0.0;0.0;1.0;4718.0


8.3;0.0;0.0;0.0;4718.0


8.3;0.0;0.0;0.0;4718.0


8.3;0.0;0.0;0.0;4718.0


8.3;0.0;0.0;0.0;4718.0


8.4;0.0;0.0;1.0;4718.0


8.3;0.0;0.0;0.0;4718.0


8.4;0.0;0.0;0.0;4718.0


8.4;0.0;0.0;0.0;4718.0


8.3;0.0;0.0;0.0;4718.0


8.4;0.0;0.0;0.0;4718.0


8.4;0.0;0.0;0.0;4718.0


8.4;0.0;0.0;0.0;4718.0


8.3;0.0;0.0;0.0;4718.0


0.0;0.1;0.0;1.0;4718.0


0.0;0.3;0.0;0.0;4718.0


8.3;835.6;36.5;0.0;4718.0


8.4;656.9;29.1;0.0;4718.0


8.3;0.0;0.0;0.0;4718.0


8.4;0.0;0.0;0.0;4718.0


8.4;0.0;0.0;0.0;4718.0


8.3;0.0;0.0;0.0;4718.0


8.4;0.0;0.0;0.0;4718.0


8.3;0.0;0.0;0.0;4718.0


8.4;0.0;0.0;0.0;4718.0


8.4;0.0;0.0;0.0;4718.0


8.4;0.0;0.0;0.0;4718.0


8.4;0.0;0.0;0.0;4718.0


8.3;0.0;0.0;0.0;4718.0


8.4;0.0;0.0;0.0;4718.0


8.3;0.0;0.0;0.0;4718.0


8.4;0.0;0.0;0.0;4718.0


8.3;0.0;0.0;0.0;4718.0


8.3;0.0;0.0;0.0;4718.0


8.3;0.0;0.0;0.0;4718.0


8.3;0.0;0.0;0.0;4718.0


8.3;0.0;0.0;0.0;4718.0


8.3;0.0;0.0;0.0;4718.0


8.3;1.0;0.3;0.0;4718.0


8.3;0.0;0.0;0.0;4718.0


8.3;0.0;0.0;0.0;4718.0


8.4;0.0;0.0;0.0;4718.0


8.3;0.0;0.0;0.0;4718.0


8.3;0.0;0.0;0.0;4718.0


8.4;0.0;0.0;0.0;4718.0


8.3;0.0;0.0;0.0;4718.0


8.4;0.0;0.0;1.0;4718.0


8.4;0.0;0.0;1.0;4718.0


8.4;0.0;0.0;95.0;4740.0


8.3;0.0;0.0;45.0;4740.0


8.3;0.0;0.0;34.0;4740.0


8.3;0.0;0.0;43.0;4740.0


50.2;0.0;0.0;40.0;4740.0


8.4;0.0;0.0;56.0;4740.0


8.3;0.0;0.0;54.0;4740.0


8.4;0.0;0.0;55.0;4740.0


8.4;0.0;0.0;54.0;4740.0


8.3;0.0;0.0;54.0;4740.0


8.4;0.0;0.0;55.0;4740.0


8.3;0.0;0.0;55.0;4740.0


8.4;0.0;0.0;55.0;4740.0


8.4;0.0;0.0;54.0;4740.0


8.4;0.0;0.0;54.0;4740.0


8.4;0.0;0.0;55.0;4740.0


8.3;0.0;0.0;55.0;4740.0


0.0;10.6;0.8;1.0;4740.0


0.0;0.3;0.0;0.0;4740.0


9.6;555.7;24.1;1.0;4740.0


8.3;936.2;41.1;0.0;4740.0


8.3;1.0;0.3;0.0;4740.0


8.4;0.0;0.0;0.0;4740.0


8.3;0.0;0.0;0.0;4740.0


8.3;0.0;0.0;0.0;4740.0


8.3;0.0;0.0;0.0;4740.0


8.3;0.0;0.0;0.0;4740.0


8.3;0.0;0.0;0.0;4740.0


8.3;0.0;0.0;0.0;4740.0


8.4;0.0;0.0;0.0;4740.0


8.3;0.0;0.0;0.0;4740.0


8.3;0.0;0.0;0.0;4740.0


8.4;0.0;0.0;0.0;4740.0


8.3;0.0;0.0;1.0;4740.0


8.4;0.0;0.0;0.0;4740.0


8.4;0.0;0.0;0.0;4740.0


8.4;0.0;0.0;0.0;4740.0


8.3;0.0;0.0;0.0;4740.0


8.3;0.0;0.0;0.0;4740.0


8.3;0.0;0.0;0.0;4740.0


8.3;0.0;0.0;0.0;4740.0


0.0;0.1;0.0;0.0;4740.0


0.0;0.3;0.0;0.0;4740.0


8.4;558.2;24.3;0.0;4740.0


8.4;932.7;41.0;0.0;4740.0


8.3;1.0;0.3;0.0;4740.0


8.4;0.0;0.0;0.0;4740.0


8.3;0.0;0.0;0.0;4740.0


8.4;0.0;0.0;0.0;4740.0


8.4;0.0;0.0;0.0;4740.0


8.3;0.0;0.0;0.0;4740.0


8.4;0.0;0.0;0.0;4740.0


8.3;0.0;0.0;0.0;4740.0


8.4;0.0;0.0;0.0;4740.0


8.3;0.0;0.0;0.0;4740.0


8.4;0.0;0.0;0.0;4740.0


8.3;0.0;0.0;0.0;4740.0


8.3;0.0;0.0;0.0;4740.0


8.4;0.0;0.0;0.0;4740.0


8.3;0.0;0.0;0.0;4740.0


8.3;0.0;0.0;0.0;4740.0


8.3;0.0;0.0;0.0;4740.0


8.3;0.0;0.0;0.0;4740.0


8.3;0.0;0.0;0.0;4740.0


8.3;0.0;0.0;0.0;4740.0


8.4;1.0;0.3;0.0;4740.0


8.4;0.0;0.0;0.0;4740.0


8.3;0.0;0.0;0.0;4740.0


8.4;0.0;0.0;0.0;4740.0


8.3;0.0;0.0;0.0;4740.0


8.4;0.0;0.0;0.0;4740.0


8.4;0.0;0.0;0.0;4740.0


8.4;0.0;0.0;0.0;4740.0


8.3;0.0;0.0;0.0;4740.0


8.3;0.0;0.0;0.0;4740.0


8.3;0.0;0.0;28.0;4740.0


8.3;0.0;0.0;44.0;4740.0


8.4;0.0;0.0;43.0;4740.0


8.3;0.0;0.0;43.0;4740.0


50.2;0.0;0.0;47.0;4740.0


8.4;0.0;0.0;55.0;4740.0


8.3;0.0;0.0;55.0;4740.0


8.4;0.0;0.0;54.0;4740.0


8.3;0.0;0.0;55.0;4740.0


8.4;0.0;0.0;54.0;4740.0


8.4;0.0;0.0;54.0;4740.0


8.3;0.0;0.0;54.0;4740.0


8.4;0.0;0.0;55.0;4740.0


8.3;0.0;0.0;55.0;4740.0


8.4;0.0;0.0;54.0;4740.0


8.3;0.0;0.0;54.0;4740.0


8.4;0.0;0.0;55.0;4740.0


0.0;10.6;0.8;0.0;4740.0


0.0;0.3;0.0;0.0;4740.0


10.8;853.7;37.2;0.0;4740.0


8.3;639.0;28.3;1.0;4740.0


8.3;0.0;0.0;0.0;4740.0


8.4;0.0;0.0;0.0;4740.0


8.3;0.0;0.0;0.0;4740.0


8.3;0.0;0.0;0.0;4740.0


8.3;0.0;0.0;0.0;4740.0


8.4;0.0;0.0;0.0;4740.0


8.4;0.0;0.0;0.0;4740.0


8.3;0.0;0.0;0.0;4740.0


8.4;0.0;0.0;1.0;4740.0


8.3;0.0;0.0;1.0;4740.0


8.4;0.0;0.0;1.0;4740.0


8.3;0.0;0.0;1.0;4740.0


8.3;0.0;0.0;1.0;4740.0


8.3;0.0;0.0;1.0;4740.0


8.4;0.0;0.0;1.0;4740.0


8.3;0.0;0.0;1.0;4740.0


8.3;0.0;0.0;1.0;4740.0


8.3;0.0;0.0;1.0;4740.0


8.3;0.0;0.0;3.0;4740.0


8.4;0.0;0.0;3.0;4740.0


0.0;0.1;0.0;3.0;4740.0


0.0;0.3;0.0;3.0;4740.0


4.8;1233.7;54.0;4.0;4740.0


8.3;258.0;11.5;4.0;4740.0


8.4;0.0;0.0;2.0;4740.0


8.4;0.0;0.0;3.0;4740.0


8.4;0.0;0.0;3.0;4740.0


8.4;0.0;0.0;3.0;4740.0


8.4;0.0;0.0;2.0;4740.0


8.3;0.0;0.0;4.0;4740.0


8.3;0.0;0.0;4.0;4740.0


8.4;0.0;0.0;3.0;4740.0


8.3;0.0;0.0;2.0;4740.0


8.4;0.0;0.0;2.0;4740.0


8.4;0.0;0.0;3.0;4740.0


8.3;0.0;0.0;2.0;4740.0


8.3;0.0;0.0;4.0;4740.0


8.4;0.0;0.0;4.0;4740.0


8.3;0.0;0.0;3.0;4740.0


8.4;0.0;0.0;3.0;4740.0


8.3;0.0;0.0;3.0;4740.0


8.4;0.0;0.0;3.0;4740.0


8.4;0.0;0.0;3.0;4740.0


8.3;1.0;0.3;5.0;4740.0


8.4;0.0;0.0;4.0;4740.0


8.3;0.0;0.0;4.0;4740.0


8.4;0.0;0.0;4.0;4740.0


8.3;0.0;0.0;4.0;4740.0


8.4;0.0;0.0;3.0;4740.0


8.3;0.0;0.0;3.0;4740.0


8.4;0.0;0.0;3.0;4740.0


8.3;0.0;0.0;3.0;4740.0


8.3;0.0;0.0;4.0;4740.0


8.4;0.0;0.0;3.0;4740.0


8.3;0.0;0.0;46.0;4740.0


8.4;0.0;0.0;43.0;4740.0


