8.4;2.2;0.2;0.0;477.0


8.4;125.8;7.4;1.0;477.0


6.9;94.0;7.4;0.0;477.0


6.0;83.8;8.3;1.0;477.0


0.0;0.3;0.0;1.0;477.0


3.6;26.6;1.0;1.0;477.0


8.3;2.3;0.2;2.0;615.0


8.3;0.0;0.0;6.0;745.0


8.3;0.0;0.0;6.0;877.0


8.4;0.0;0.0;7.0;1007.0


8.3;0.2;0.0;4.0;1105.0


8.4;70.2;67.7;12.0;1267.0


8.3;45.9;178.0;21.0;1687.0


50.2;38.9;175.6;68.0;1855.0


0.0;0.1;0.0;0.0;1855.0


0.0;0.3;0.0;1.0;1855.0


0.0;14.0;0.2;0.0;1855.0


0.0;0.3;0.0;1.0;1855.0


8.4;16.2;0.7;43.0;1867.0


34.4;0.0;0.0;48.0;2591.0


8.3;0.0;0.0;46.0;2591.0


8.3;0.0;0.0;46.0;2591.0


8.3;0.0;0.0;46.0;2591.0


8.3;0.0;0.0;46.0;2591.0


8.3;0.0;0.0;46.0;2591.0


8.3;0.0;0.0;46.0;2591.0


8.3;0.0;0.0;46.0;2591.0


8.4;0.0;0.0;46.0;2591.0


8.4;0.0;0.0;47.0;2591.0


8.3;0.0;0.0;47.0;2591.0


8.4;0.0;0.0;47.0;2591.0


8.3;0.0;0.0;46.0;2593.0


0.0;4.1;0.3;1.0;2593.0


0.0;0.3;0.0;0.0;2593.0


0.0;13.9;0.2;0.0;2593.0


0.0;0.3;0.0;0.0;2593.0


8.3;16.8;0.7;37.0;2597.0


26.3;0.0;0.0;44.0;2597.0


8.3;0.0;0.0;47.0;2597.0


8.4;0.0;0.0;46.0;2597.0


8.4;0.0;0.0;46.0;2597.0


8.3;0.0;0.0;47.0;2597.0


8.3;0.0;0.0;46.0;2597.0


8.3;0.0;0.0;46.0;2597.0


8.3;0.0;0.0;47.0;2597.0


8.4;0.0;0.0;47.0;2597.0


8.3;0.0;0.0;46.0;2597.0


8.4;0.0;0.0;46.0;2597.0


8.3;0.0;0.0;46.0;2597.0


8.4;0.0;0.0;46.0;2597.0


0.0;4.1;0.3;0.0;2597.0


0.0;0.3;0.0;0.0;2597.0


0.0;14.1;0.2;0.0;2597.0


0.0;0.3;0.0;0.0;2597.0


8.4;16.6;0.7;21.0;2597.0


32.0;0.0;0.0;48.0;3313.0


8.3;0.0;0.0;47.0;3313.0


8.3;0.0;0.0;47.0;3313.0


8.3;0.0;0.0;47.0;3313.0


8.3;0.0;0.0;46.0;3313.0


8.3;0.0;0.0;47.0;3313.0


8.3;0.0;0.0;48.0;3313.0


8.4;0.0;0.0;47.0;3313.0


8.3;0.0;0.0;47.0;3313.0


8.4;0.0;0.0;46.0;3313.0


8.3;0.0;0.0;47.0;3313.0


8.4;0.0;0.0;48.0;3313.0


8.3;0.0;0.0;48.0;3313.0


0.0;4.2;0.3;0.0;3313.0


0.0;0.3;0.0;0.0;3313.0


0.0;14.0;0.2;1.0;3313.0


0.0;0.3;0.0;0.0;3313.0


8.3;15.9;0.7;32.0;3315.0


36.0;0.0;0.0;39.0;3315.0


8.3;0.0;0.0;46.0;3315.0


8.4;0.0;0.0;45.0;3315.0


8.4;0.0;0.0;46.0;3315.0


8.3;0.0;0.0;45.0;3315.0


8.3;0.0;0.0;46.0;3315.0


8.3;0.0;0.0;47.0;3315.0


8.3;0.0;0.0;47.0;3315.0


8.4;0.0;0.0;46.0;3315.0


8.3;0.0;0.0;46.0;3315.0


8.4;0.0;0.0;46.0;3315.0


8.4;0.0;0.0;47.0;3315.0


8.4;0.0;0.0;46.0;3315.0


0.0;4.0;0.3;0.0;3315.0


0.0;0.3;0.0;0.0;3315.0


0.0;12.1;0.2;0.0;3315.0


0.0;0.3;0.0;0.0;3315.0


8.4;17.0;0.7;43.0;3315.0


49.7;0.0;0.0;42.0;3315.0


8.3;0.0;0.0;47.0;3315.0


8.4;0.0;0.0;46.0;3315.0


8.3;0.0;0.0;47.0;3315.0


8.4;0.0;0.0;47.0;3315.0


8.3;0.0;0.0;48.0;3315.0


8.3;0.0;0.0;48.0;3315.0


8.4;0.0;0.0;47.0;3315.0


8.3;0.0;0.0;47.0;3315.0


8.4;0.0;0.0;47.0;3315.0


8.3;0.0;0.0;46.0;3315.0


8.4;0.0;0.0;48.0;3315.0


8.3;0.0;0.0;47.0;3315.0


0.0;3.9;0.3;0.0;3315.0


0.0;0.3;0.0;0.0;3315.0


0.0;13.0;0.2;0.0;3315.0


0.0;0.3;0.0;0.0;3315.0


8.3;15.7;0.7;42.0;3315.0


50.2;0.0;0.0;48.0;4041.0


8.3;0.0;0.0;46.0;4041.0


8.4;0.0;0.0;48.0;4041.0


8.4;0.0;0.0;47.0;4041.0


8.3;0.0;0.0;47.0;4041.0


8.3;0.0;0.0;48.0;4041.0


8.3;0.0;0.0;47.0;4041.0


8.3;0.0;0.0;48.0;4041.0


8.4;0.0;0.0;48.0;4041.0


8.3;0.0;0.0;46.0;4041.0


8.4;0.0;0.0;48.0;4041.0


8.4;0.0;0.0;48.0;4041.0


8.4;0.0;0.0;48.0;4041.0


0.0;4.2;0.3;0.0;4041.0


0.0;0.3;0.0;0.0;4041.0


0.0;15.0;0.2;0.0;4041.0


0.0;0.3;0.0;0.0;4041.0


8.3;16.8;0.7;43.0;4041.0


49.7;0.0;0.0;43.0;4041.0


8.3;0.0;0.0;48.0;4041.0


8.4;0.0;0.0;47.0;4041.0


8.3;0.0;0.0;47.0;4041.0


8.4;0.0;0.0;47.0;4041.0


8.3;0.0;0.0;47.0;4041.0


8.3;0.0;0.0;47.0;4041.0


8.4;0.0;0.0;48.0;4041.0


8.3;0.0;0.0;47.0;4041.0


8.4;0.0;0.0;47.0;4041.0


8.3;0.0;0.0;47.0;4041.0


8.4;0.0;0.0;47.0;4041.0


5.2;4.0;0.3;8.0;4041.0


0.0;0.3;0.0;0.0;4041.0


0.0;14.5;0.2;0.0;4041.0


0.0;0.3;0.0;0.0;4041.0


5.2;15.6;0.7;0.0;4041.0


8.3;0.0;0.0;45.0;4041.0


26.3;0.0;0.0;43.0;4041.0


8.4;0.0;0.0;48.0;4041.0


8.3;0.0;0.0;47.0;4041.0


8.4;0.0;0.0;47.0;4041.0


8.3;0.0;0.0;48.0;4041.0


8.3;0.0;0.0;48.0;4041.0


8.3;0.0;0.0;48.0;4041.0


8.3;0.0;0.0;47.0;4041.0


8.4;0.0;0.0;48.0;4041.0


8.3;0.0;0.0;47.0;4041.0


8.4;0.0;0.0;48.0;4041.0


8.3;0.0;0.0;48.0;4041.0


0.0;4.0;0.3;1.0;4041.0


0.0;0.3;0.0;0.0;4041.0


0.0;12.9;0.2;0.0;4041.0


0.0;0.3;0.0;1.0;4041.0


8.3;16.0;0.7;29.0;4041.0


8.3;0.0;0.0;43.0;4041.0


8.3;0.0;0.0;48.0;4041.0


8.3;0.0;0.0;47.0;4041.0


8.4;0.0;0.0;47.0;4041.0


8.3;0.0;0.0;47.0;4041.0


8.4;0.0;0.0;48.0;4041.0


8.3;0.0;0.0;48.0;4041.0


8.3;0.0;0.0;48.0;4041.0


8.4;0.0;0.0;48.0;4041.0


8.3;0.0;0.0;48.0;4041.0


8.4;0.0;0.0;49.0;4041.0


8.4;0.0;0.0;48.0;4041.0


8.4;0.0;0.0;48.0;4041.0


0.0;4.2;0.3;0.0;4041.0


0.0;0.3;0.0;0.0;4041.0


0.0;15.1;0.2;0.0;4041.0


0.0;0.3;0.0;0.0;4041.0


8.3;15.6;0.7;26.0;4041.0


29.1;0.0;0.0;42.0;4041.0


8.3;0.0;0.0;47.0;4041.0


8.4;0.0;0.0;47.0;4041.0


8.3;0.0;0.0;47.0;4041.0


8.3;0.0;0.0;47.0;4041.0


8.3;0.0;0.0;47.0;4041.0


8.3;0.0;0.0;47.0;4041.0


8.3;0.0;0.0;48.0;4041.0


8.3;0.0;0.0;47.0;4041.0


8.4;0.0;0.0;47.0;4041.0


8.3;0.0;0.0;48.0;4041.0


8.4;0.0;0.0;46.0;4041.0


8.4;0.0;0.0;48.0;4041.0


0.0;4.2;0.3;0.0;4041.0


0.0;0.3;0.0;0.0;4041.0


0.0;14.8;0.2;0.0;4041.0


0.0;0.3;0.0;0.0;4041.0


8.3;16.3;0.7;43.0;4041.0


50.2;0.0;0.0;41.0;4781.0


8.3;0.0;0.0;48.0;4781.0


8.3;0.0;0.0;47.0;4781.0


8.4;0.0;0.0;47.0;4781.0


8.3;0.0;0.0;48.0;4781.0


8.4;0.0;0.0;46.0;4781.0


8.4;0.0;0.0;48.0;4781.0


8.3;0.0;0.0;48.0;4781.0


8.4;0.0;0.0;47.0;4781.0


8.3;0.0;0.0;47.0;4781.0


8.4;0.0;0.0;45.0;4781.0


8.4;0.0;0.0;47.0;4781.0


8.4;0.0;0.0;42.0;4781.0


0.0;4.3;0.3;0.0;4781.0


0.0;0.3;0.0;0.0;4781.0


0.0;14.0;0.2;0.0;4781.0


0.0;0.3;0.0;0.0;4783.0


8.4;16.3;0.7;43.0;4783.0


49.7;0.0;0.0;41.0;4783.0


8.4;0.0;0.0;46.0;4783.0


8.4;0.0;0.0;46.0;4783.0


8.3;0.0;0.0;46.0;4783.0


8.3;0.0;0.0;46.0;4783.0


8.3;0.0;0.0;46.0;4783.0


8.4;0.0;0.0;46.0;4783.0


8.3;0.0;0.0;45.0;4783.0


8.3;0.0;0.0;45.0;4783.0


8.4;0.0;0.0;45.0;4783.0


8.3;0.0;0.0;33.0;4783.0


8.3;0.0;0.0;47.0;4783.0


8.4;0.0;0.0;46.0;4783.0


0.0;4.1;0.3;1.0;4783.0


0.0;0.3;0.0;0.0;4783.0


0.0;14.3;0.2;1.0;4784.0


0.0;0.3;0.0;2.0;4784.0


8.3;16.2;0.7;30.0;4783.0


27.7;0.0;0.0;42.0;4783.0


8.3;0.0;0.0;46.0;4783.0


8.3;0.0;0.0;46.0;4783.0


8.3;0.0;0.0;46.0;4783.0


8.3;0.0;0.0;47.0;4783.0


8.4;0.0;0.0;46.0;4783.0


8.4;0.0;0.0;47.0;4783.0


8.3;0.0;0.0;46.0;4783.0


8.4;0.0;0.0;47.0;4783.0


8.3;0.0;0.0;47.0;4783.0


8.4;0.0;0.0;47.0;4783.0


8.4;0.0;0.0;47.0;4783.0


8.3;0.0;0.0;47.0;4783.0


0.0;4.1;0.3;1.0;4783.0


0.0;0.3;0.0;0.0;4783.0


0.0;14.0;0.2;0.0;4783.0


0.0;0.3;0.0;1.0;4783.0


8.4;15.8;0.7;40.0;4783.0


22.2;0.0;0.0;44.0;5541.0


8.3;0.0;0.0;46.0;5541.0


8.4;0.0;0.0;46.0;5541.0


8.3;0.0;0.0;46.0;5541.0


8.4;0.0;0.0;46.0;5541.0


8.3;0.0;0.0;46.0;5541.0


8.3;0.0;0.0;46.0;5541.0


8.3;0.0;0.0;46.0;5541.0


8.3;0.0;0.0;46.0;5541.0


8.4;0.0;0.0;46.0;5541.0


8.4;0.0;0.0;46.0;5541.0


8.3;0.0;0.0;47.0;5541.0


8.4;0.0;0.0;47.0;5541.0


1.4;4.4;0.3;14.0;5541.0


0.0;0.3;0.0;0.0;5541.0


0.0;13.7;0.2;0.0;5541.0


0.0;0.3;0.0;0.0;5541.0


8.3;15.2;0.7;0.0;5543.0


8.4;0.0;0.0;42.0;5543.0


14.2;0.0;0.0;46.0;5543.0


8.3;0.0;0.0;46.0;5543.0


8.3;0.0;0.0;46.0;5543.0


8.3;0.0;0.0;44.0;5543.0


8.4;0.0;0.0;45.0;5543.0


8.4;0.0;0.0;47.0;5543.0


8.3;0.0;0.0;46.0;5543.0


8.4;0.0;0.0;46.0;5543.0


8.3;0.0;0.0;45.0;5543.0


8.3;0.0;0.0;46.0;5543.0


8.4;0.0;0.0;46.0;5543.0


8.3;0.0;0.0;46.0;5543.0


7.2;4.4;0.3;18.0;5543.0


1.2;0.3;0.0;0.0;5543.0


1.2;14.4;0.2;0.0;5543.0


0.0;0.3;0.0;0.0;5543.0


4.8;16.4;0.7;0.0;5543.0


8.3;0.0;0.0;43.0;5543.0


29.2;0.0;0.0;42.0;5543.0


8.4;0.0;0.0;46.0;5543.0


8.3;0.0;0.0;46.0;5543.0


8.3;0.0;0.0;45.0;5543.0


8.4;0.0;0.0;46.0;5543.0


8.3;0.0;0.0;47.0;5543.0


8.4;0.0;0.0;47.0;5543.0


8.3;0.0;0.0;46.0;5543.0


8.4;0.0;0.0;46.0;5543.0


8.4;0.0;0.0;47.0;5543.0


8.3;0.0;0.0;46.0;5543.0


