8.4;0.4;0.0;0.0;477.0


8.3;128.2;7.6;0.0;477.0


6.2;93.4;7.4;0.0;477.0


4.7;83.8;8.3;1.0;477.0


0.0;0.3;0.0;0.0;477.0


3.6;24.7;1.0;0.0;477.0


8.4;2.3;0.2;1.0;617.0


8.4;0.0;0.0;6.0;751.0


8.3;0.0;0.0;5.0;877.0


8.4;0.0;0.0;7.0;1012.0


8.3;0.2;0.0;5.0;1116.0


8.3;70.2;67.7;11.0;1266.0


8.3;46.0;178.0;19.0;1686.0


50.2;38.8;175.6;70.0;1906.0


0.0;0.1;0.0;0.0;1906.0


0.0;0.3;0.0;0.0;1906.0


0.0;14.5;0.2;0.0;1906.0


0.0;0.3;0.0;0.0;1906.0


8.3;15.0;0.7;42.0;1908.0


18.8;0.0;0.0;49.0;2670.0


8.3;0.0;0.0;47.0;2670.0


8.4;0.0;0.0;48.0;2670.0


8.3;0.0;0.0;47.0;2670.0


8.4;0.0;0.0;47.0;2670.0


8.4;0.0;0.0;47.0;2670.0


8.3;0.0;0.0;48.0;2670.0


8.4;0.0;0.0;48.0;2670.0


8.4;0.0;0.0;48.0;2670.0


8.4;0.0;0.0;48.0;2672.0


8.3;0.0;0.0;48.0;2672.0


6.9;0.0;0.0;48.0;2672.0


8.3;0.0;0.0;48.0;2672.0


0.0;4.3;0.3;0.0;2672.0


0.0;0.3;0.0;0.0;2672.0


0.0;15.0;0.2;0.0;2672.0


0.0;0.3;0.0;0.0;2672.0


8.4;16.1;0.7;43.0;2678.0


32.0;0.0;0.0;44.0;2678.0


8.4;0.0;0.0;47.0;2678.0


8.3;0.0;0.0;47.0;2678.0


8.4;0.0;0.0;47.0;2678.0


8.4;0.0;0.0;47.0;2678.0


8.4;0.0;0.0;46.0;2678.0


8.4;0.0;0.0;46.0;2678.0


8.3;0.0;0.0;46.0;2678.0


8.4;0.0;0.0;47.0;2678.0


7.1;0.0;0.0;46.0;2678.0


8.4;0.0;0.0;47.0;2678.0


8.3;0.0;0.0;47.0;2678.0


8.3;0.0;0.0;46.0;2678.0


0.0;4.1;0.3;0.0;2678.0


0.0;0.3;0.0;0.0;2678.0


0.0;14.4;0.2;0.0;2678.0


0.0;0.3;0.0;0.0;2678.0


8.3;16.6;0.7;27.0;2678.0


44.8;0.0;0.0;42.0;2678.0


8.3;0.0;0.0;46.0;2678.0


8.4;0.0;0.0;46.0;2678.0


8.4;0.0;0.0;46.0;2678.0


8.3;0.0;0.0;46.0;2678.0


8.4;0.0;0.0;47.0;2678.0


8.3;0.0;0.0;47.0;2678.0


8.4;0.0;0.0;47.0;2678.0


8.4;0.0;0.0;47.0;2678.0


8.4;0.0;0.0;47.0;2678.0


8.3;0.0;0.0;47.0;2678.0


8.3;0.0;0.0;46.0;2678.0


8.3;0.0;0.0;47.0;2678.0


0.0;4.0;0.3;0.0;2678.0


0.0;0.3;0.0;0.0;2678.0


0.0;14.1;0.2;0.0;2678.0


0.0;0.3;0.0;0.0;2678.0


8.4;15.8;0.7;40.0;2678.0


37.9;0.0;0.0;39.0;2678.0


8.4;0.0;0.0;47.0;2678.0


8.3;0.0;0.0;46.0;2678.0


8.4;0.0;0.0;47.0;2678.0


8.4;0.0;0.0;47.0;2678.0


8.3;0.0;0.0;47.0;2678.0


8.4;0.0;0.0;48.0;2678.0


8.3;0.0;0.0;41.0;2678.0


8.4;0.0;0.0;47.0;2678.0


8.3;0.0;0.0;47.0;2678.0


8.4;0.0;0.0;47.0;2678.0


8.3;0.0;0.0;47.0;2678.0


8.3;0.0;0.0;47.0;2678.0


0.0;4.1;0.3;0.0;2678.0


0.0;0.3;0.0;0.0;2678.0


0.0;14.5;0.2;0.0;2678.0


0.0;0.3;0.0;0.0;2678.0


8.3;15.2;0.7;43.0;2678.0


39.6;0.0;0.0;43.0;2678.0


8.3;0.0;0.0;47.0;2678.0


8.4;0.0;0.0;47.0;2678.0


8.4;0.0;0.0;46.0;2678.0


8.3;0.0;0.0;47.0;2678.0


8.4;0.0;0.0;47.0;2678.0


8.3;0.0;0.0;47.0;2678.0


8.4;0.0;0.0;47.0;2678.0


8.3;0.0;0.0;47.0;2678.0


8.4;0.0;0.0;46.0;2678.0


8.3;0.0;0.0;31.0;2678.0


8.3;0.0;0.0;47.0;2678.0


8.3;0.0;0.0;47.0;2678.0


0.0;4.0;0.3;0.0;2678.0


0.0;0.3;0.0;1.0;2678.0


0.0;14.0;0.2;0.0;2678.0


0.0;0.3;0.0;0.0;2678.0


8.4;15.9;0.7;30.0;2678.0


34.4;0.0;0.0;42.0;2678.0


8.4;0.0;0.0;46.0;2678.0


8.3;0.0;0.0;46.0;2678.0


8.4;0.0;0.0;47.0;2678.0


8.4;0.0;0.0;46.0;2678.0


8.3;0.0;0.0;47.0;2678.0


8.4;0.0;0.0;44.0;2678.0


8.3;0.0;0.0;47.0;2678.0


8.4;0.0;0.0;47.0;2678.0


8.3;0.0;0.0;47.0;2678.0


8.4;0.0;0.0;47.0;2678.0


8.3;0.0;0.0;47.0;2678.0


8.3;0.0;0.0;47.0;2678.0


0.0;4.2;0.3;0.0;2678.0


0.0;0.3;0.0;0.0;2678.0


0.0;14.6;0.2;0.0;2678.0


0.0;0.3;0.0;0.0;2678.0


8.3;16.8;0.7;40.0;2678.0


44.2;0.0;0.0;45.0;2678.0


8.3;0.0;0.0;47.0;2678.0


8.4;0.0;0.0;46.0;2678.0


8.4;0.0;0.0;45.0;2678.0


8.3;0.0;0.0;46.0;2678.0


8.4;0.0;0.0;47.0;2678.0


8.3;0.0;0.0;47.0;2678.0


8.4;0.0;0.0;47.0;2678.0


8.3;0.0;0.0;47.0;2678.0


8.3;0.0;0.0;47.0;2678.0


8.3;0.0;0.0;47.0;2678.0


8.4;0.0;0.0;47.0;2678.0


8.3;0.0;0.0;47.0;2678.0


0.0;4.0;0.3;0.0;2678.0


0.0;0.3;0.0;0.0;2678.0


0.0;15.1;0.2;0.0;2678.0


0.0;0.3;0.0;0.0;2678.0


8.4;16.3;0.7;43.0;2678.0


36.0;0.0;0.0;43.0;2678.0


8.4;0.0;0.0;48.0;2678.0


8.3;0.0;0.0;46.0;2678.0


8.4;0.0;0.0;47.0;2678.0


8.4;0.0;0.0;46.0;2678.0


8.3;0.0;0.0;46.0;2678.0


8.4;0.0;0.0;47.0;2678.0


8.3;0.0;0.0;47.0;2678.0


8.3;0.0;0.0;47.0;2678.0


8.3;0.0;0.0;47.0;2678.0


8.4;0.0;0.0;47.0;2678.0


8.3;0.0;0.0;47.0;2678.0


8.3;0.0;0.0;47.0;2678.0


0.0;4.1;0.3;0.0;2678.0


0.0;0.3;0.0;0.0;2678.0


0.0;13.2;0.2;0.0;2678.0


0.0;0.3;0.0;0.0;2678.0


8.3;16.3;0.7;33.0;2678.0


38.2;0.0;0.0;40.0;2678.0


8.3;0.0;0.0;46.0;2678.0


8.4;0.0;0.0;46.0;2678.0


8.4;0.0;0.0;46.0;2678.0


8.4;0.0;0.0;46.0;2678.0


8.4;0.0;0.0;47.0;2678.0


8.3;0.0;0.0;47.0;2678.0


8.4;0.0;0.0;47.0;2678.0


8.3;0.0;0.0;46.0;2678.0


8.3;0.0;0.0;46.0;2678.0


8.3;0.0;0.0;47.0;2678.0


8.3;0.0;0.0;46.0;2678.0


8.3;0.0;0.0;46.0;2678.0


0.0;4.0;0.3;0.0;2678.0


0.0;0.3;0.0;0.0;2678.0


0.0;13.9;0.2;0.0;2678.0


0.0;0.3;0.0;0.0;2678.0


8.4;16.2;0.7;43.0;2678.0


42.9;0.0;0.0;44.0;2678.0


8.4;0.0;0.0;47.0;2678.0


8.3;0.0;0.0;46.0;2678.0


8.4;0.0;0.0;46.0;2678.0


8.4;0.0;0.0;47.0;2678.0


8.3;0.0;0.0;46.0;2678.0


8.4;0.0;0.0;47.0;2678.0


8.3;0.0;0.0;46.0;2678.0


8.4;0.0;0.0;47.0;2678.0


8.3;0.0;0.0;47.0;2678.0


8.4;0.0;0.0;47.0;2678.0


8.4;0.0;0.0;47.0;2678.0


8.3;0.0;0.0;46.0;2678.0


0.0;4.1;0.3;0.0;2678.0


0.0;0.3;0.0;0.0;2678.0


0.0;13.6;0.2;0.0;2678.0


0.0;0.3;0.0;1.0;2678.0


8.3;15.4;0.7;23.0;2678.0


44.2;0.0;0.0;43.0;2678.0


8.3;0.0;0.0;48.0;2678.0


8.4;0.0;0.0;47.0;2678.0


8.4;0.0;0.0;47.0;2678.0


8.4;0.0;0.0;48.0;2678.0


8.4;0.0;0.0;48.0;2678.0


8.3;0.0;0.0;48.0;2678.0


8.4;0.0;0.0;48.0;2678.0


8.3;0.0;0.0;48.0;2678.0


8.3;0.0;0.0;48.0;2678.0


8.3;0.0;0.0;48.0;2678.0


8.3;0.0;0.0;46.0;2678.0


8.3;0.0;0.0;48.0;2678.0


0.0;4.1;0.3;0.0;2678.0


0.0;0.3;0.0;1.0;2678.0


0.0;13.8;0.2;0.0;2678.0


0.0;0.3;0.0;0.0;2678.0


8.4;14.1;0.7;43.0;2678.0


49.7;0.0;0.0;42.0;2678.0


8.4;0.0;0.0;48.0;2678.0


8.3;0.0;0.0;48.0;2678.0


8.4;0.0;0.0;48.0;2678.0


8.4;0.0;0.0;48.0;2678.0


8.3;0.0;0.0;48.0;2678.0


8.4;0.0;0.0;48.0;2678.0


8.3;0.0;0.0;48.0;2678.0


8.3;0.0;0.0;47.0;2678.0


8.3;0.0;0.0;48.0;2678.0


8.4;0.0;0.0;48.0;2678.0


8.4;0.0;0.0;48.0;2678.0


7.1;4.1;0.3;22.0;2678.0


0.0;0.3;0.0;0.0;2678.0


1.2;12.7;0.2;0.0;2678.0


0.0;0.3;0.0;0.0;2678.0


4.2;15.3;0.4;0.0;2678.0


8.3;1.0;0.3;43.0;2678.0


32.2;0.0;0.0;43.0;2678.0


8.4;0.0;0.0;48.0;2678.0


8.4;0.0;0.0;47.0;2678.0


8.4;0.0;0.0;48.0;2678.0


8.4;0.0;0.0;48.0;2678.0


8.4;0.0;0.0;47.0;2678.0


8.3;0.0;0.0;48.0;2678.0


8.3;0.0;0.0;47.0;2678.0


8.3;0.0;0.0;48.0;2678.0


8.3;0.0;0.0;48.0;2678.0


8.4;0.0;0.0;47.0;2678.0


8.3;0.0;0.0;48.0;2678.0


0.0;4.0;0.3;14.0;2678.0


0.0;0.3;0.0;0.0;2678.0


0.0;13.7;0.2;0.0;2678.0


0.0;0.3;0.0;0.0;2678.0


8.3;16.3;0.7;20.0;2678.0


8.4;0.0;0.0;43.0;2678.0


8.4;0.0;0.0;48.0;2678.0


8.4;0.0;0.0;47.0;2678.0


8.3;0.0;0.0;47.0;2678.0


8.3;0.0;0.0;47.0;2678.0


8.4;0.0;0.0;48.0;2678.0


8.3;0.0;0.0;48.0;2678.0


8.3;0.0;0.0;48.0;2678.0


8.3;0.0;0.0;48.0;2678.0


8.3;0.0;0.0;48.0;2678.0


8.4;0.0;0.0;48.0;2678.0


8.3;0.0;0.0;47.0;2678.0


8.3;0.0;0.0;48.0;2678.0


0.0;4.1;0.3;0.0;2678.0


0.0;0.3;0.0;0.0;2678.0


0.0;14.3;0.2;0.0;2678.0


0.0;0.3;0.0;0.0;2678.0


8.4;15.7;0.7;21.0;2678.0


42.9;0.0;0.0;42.0;2678.0


8.4;0.0;0.0;48.0;2678.0


8.4;0.0;0.0;47.0;2678.0


8.3;0.0;0.0;47.0;2678.0


8.4;0.0;0.0;47.0;2678.0


8.4;0.0;0.0;47.0;2678.0


8.4;0.0;0.0;48.0;2678.0


8.3;0.0;0.0;47.0;2678.0


8.3;0.0;0.0;45.0;2678.0


8.3;0.0;0.0;47.0;2678.0


8.3;0.0;0.0;48.0;2678.0


8.4;0.0;0.0;47.0;2678.0


8.3;0.0;0.0;48.0;2678.0


0.0;4.0;0.3;0.0;2678.0


0.0;0.3;0.0;0.0;2678.0


0.0;14.9;0.2;0.0;2678.0


0.0;0.3;0.0;0.0;2678.0


8.3;16.8;0.7;43.0;2678.0


50.2;0.0;0.0;43.0;2678.0


8.4;0.0;0.0;48.0;2678.0


8.3;0.0;0.0;47.0;2678.0


8.4;0.0;0.0;47.0;2678.0


8.3;0.0;0.0;47.0;2678.0


8.4;0.0;0.0;48.0;2678.0


8.3;0.0;0.0;48.0;2678.0


8.4;0.0;0.0;47.0;2678.0


8.3;0.0;0.0;48.0;2678.0


8.3;0.0;0.0;47.0;2678.0


8.4;0.0;0.0;48.0;2678.0


8.3;0.0;0.0;48.0;2678.0


