8.4;1.8;0.2;0.0;477.0


8.3;129.0;7.6;0.0;477.0


8.3;94.0;7.5;0.0;477.0


3.1;82.8;8.2;0.0;477.0


0.0;0.3;0.0;0.0;477.0


4.2;25.5;1.0;1.0;477.0


8.4;2.3;0.2;0.0;615.0


8.3;0.0;0.0;7.0;752.0


8.4;0.0;0.0;6.0;878.0


8.3;0.0;0.0;5.0;1010.0


8.4;0.2;0.0;5.0;1108.0


8.3;70.2;67.7;12.0;1266.0


8.4;45.7;162.0;22.0;1846.0


49.7;39.1;191.6;44.0;1846.0


0.0;0.1;0.0;0.0;1846.0


0.0;0.3;0.0;0.0;1846.0


0.0;14.2;0.2;0.0;1846.0


0.0;0.3;0.0;0.0;1846.0


8.3;15.8;0.7;43.0;1858.0


44.2;0.0;0.0;39.0;2560.0


8.4;0.0;0.0;46.0;2560.0


8.3;0.0;0.0;46.0;2560.0


8.4;0.0;0.0;46.0;2560.0


8.3;0.0;0.0;46.0;2560.0


8.4;0.0;0.0;46.0;2560.0


8.4;0.0;0.0;46.0;2560.0


8.3;0.0;0.0;46.0;2560.0


8.4;0.0;0.0;46.0;2560.0


8.3;0.0;0.0;46.0;2560.0


8.4;0.0;0.0;47.0;2560.0


8.3;0.0;0.0;46.0;2560.0


8.4;0.0;0.0;46.0;2562.0


0.0;4.0;0.3;0.0;2562.0


0.0;0.3;0.0;0.0;2562.0


0.0;14.5;0.2;0.0;2562.0


0.0;0.3;0.0;1.0;2562.0


8.3;14.9;0.7;7.0;2566.0


8.4;0.0;0.0;50.0;3268.0


8.3;0.0;0.0;44.0;3268.0


8.4;0.0;0.0;46.0;3268.0


8.3;0.0;0.0;46.0;3268.0


8.4;0.0;0.0;46.0;3268.0


8.4;0.0;0.0;47.0;3268.0


8.3;0.0;0.0;46.0;3268.0


8.4;0.0;0.0;47.0;3268.0


8.3;0.0;0.0;46.0;3268.0


8.4;0.0;0.0;45.0;3268.0


8.3;0.0;0.0;46.0;3268.0


8.3;0.0;0.0;47.0;3268.0


8.3;0.0;0.0;47.0;3268.0


4.7;4.1;0.3;37.0;3268.0


0.0;0.3;0.0;0.0;3268.0


1.4;14.7;0.2;0.0;3268.0


0.0;0.3;0.0;0.0;3268.0


3.6;15.2;0.4;0.0;3270.0


8.3;1.0;0.3;42.0;3270.0


50.0;0.0;0.0;39.0;3986.0


8.3;0.0;0.0;46.0;3986.0


8.4;0.0;0.0;46.0;3986.0


8.3;0.0;0.0;46.0;3986.0


8.4;0.0;0.0;46.0;3986.0


8.4;0.0;0.0;47.0;3986.0


8.3;0.0;0.0;46.0;3986.0


8.4;0.0;0.0;47.0;3986.0


8.3;0.0;0.0;47.0;3986.0


8.3;0.0;0.0;46.0;3986.0


8.3;0.0;0.0;47.0;3986.0


8.4;0.0;0.0;47.0;3986.0


8.4;0.0;0.0;47.0;3986.0


0.0;4.2;0.3;0.0;3986.0


0.0;0.3;0.0;0.0;3986.0


0.0;13.4;0.2;0.0;3986.0


0.0;0.3;0.0;0.0;3986.0


8.4;16.3;0.7;33.0;3988.0


8.3;0.0;0.0;48.0;4730.0


8.4;0.0;0.0;46.0;4730.0


8.3;0.0;0.0;45.0;4730.0


8.4;0.0;0.0;45.0;4730.0


8.4;0.0;0.0;46.0;4730.0


8.4;0.0;0.0;46.0;4730.0


8.4;0.0;0.0;46.0;4730.0


8.3;0.0;0.0;47.0;4730.0


8.4;0.0;0.0;46.0;4730.0


8.3;0.0;0.0;46.0;4730.0


8.3;0.0;0.0;46.0;4730.0


8.3;0.0;0.0;47.0;4730.0


8.3;0.0;0.0;47.0;4730.0


1.0;4.3;0.3;16.0;4730.0


0.0;0.3;0.0;1.0;4730.0


0.0;13.7;0.2;0.0;4730.0


0.0;0.3;0.0;0.0;4730.0


8.3;15.8;0.7;32.0;4732.0


8.4;0.0;0.0;42.0;4732.0


8.3;0.0;0.0;47.0;4732.0


8.4;0.0;0.0;46.0;4732.0


8.3;0.0;0.0;46.0;4732.0


8.4;0.0;0.0;46.0;4732.0


8.4;0.0;0.0;46.0;4732.0


8.3;0.0;0.0;46.0;4732.0


8.4;0.0;0.0;46.0;4732.0


8.3;0.0;0.0;46.0;4732.0


8.3;0.0;0.0;46.0;4732.0


8.3;0.0;0.0;46.0;4732.0


8.4;0.0;0.0;46.0;4732.0


8.4;0.0;0.0;46.0;4732.0


7.1;4.1;0.3;22.0;4732.0


0.0;0.3;0.0;0.0;4732.0


1.2;12.6;0.2;0.0;4732.0


0.0;0.3;0.0;0.0;4732.0


4.8;15.2;0.4;1.0;4732.0


8.3;1.0;0.3;42.0;4860.0


50.2;0.0;0.0;45.0;5480.0


8.4;0.0;0.0;47.0;5480.0


8.4;0.0;0.0;46.0;5480.0


8.4;0.0;0.0;46.0;5480.0


8.4;0.0;0.0;46.0;5480.0


8.4;0.0;0.0;46.0;5480.0


8.3;0.0;0.0;46.0;5480.0


8.3;0.0;0.0;47.0;5480.0


8.3;0.0;0.0;47.0;5480.0


8.3;0.0;0.0;47.0;5480.0


8.4;0.0;0.0;46.0;5480.0


8.3;0.0;0.0;46.0;5480.0


8.4;0.0;0.0;46.0;5480.0


0.0;4.3;0.3;0.0;5480.0


0.0;0.3;0.0;1.0;5480.0


0.0;13.9;0.2;0.0;5480.0


0.0;0.3;0.0;0.0;5480.0


8.4;15.7;0.7;21.0;5480.0


36.0;0.0;0.0;42.0;5480.0


8.4;0.0;0.0;46.0;5480.0


8.3;0.0;0.0;45.0;5480.0


8.3;0.0;0.0;45.0;5480.0


8.4;0.0;0.0;44.0;5480.0


8.3;0.0;0.0;46.0;5480.0


8.3;0.0;0.0;46.0;5480.0


8.3;0.0;0.0;46.0;5480.0


8.3;0.0;0.0;46.0;5480.0


8.3;0.0;0.0;46.0;5480.0


8.4;0.0;0.0;46.0;5480.0


8.4;0.0;0.0;45.0;5480.0


8.3;0.0;0.0;46.0;5480.0


0.0;4.1;0.3;0.0;5480.0


0.0;0.3;0.0;0.0;5480.0


0.0;13.9;0.2;0.0;5480.0


0.0;0.3;0.0;0.0;5480.0


8.3;16.0;0.7;9.0;5480.0


8.4;0.0;0.0;44.0;5480.0


8.4;0.0;0.0;45.0;5480.0


8.4;0.0;0.0;46.0;5480.0


8.4;0.0;0.0;46.0;5480.0


8.4;0.0;0.0;45.0;5480.0


8.4;0.0;0.0;45.0;5480.0


8.3;0.0;0.0;46.0;5480.0


8.4;0.0;0.0;46.0;5480.0


8.3;0.0;0.0;46.0;5480.0


8.3;0.0;0.0;47.0;5480.0


8.4;0.0;0.0;48.0;5480.0


8.3;0.0;0.0;47.0;5480.0


8.4;0.0;0.0;47.0;5480.0


0.0;4.1;0.3;23.0;5480.0


0.0;0.3;0.0;0.0;5480.0


0.0;13.8;0.2;0.0;5480.0


0.0;0.3;0.0;0.0;5480.0


8.4;15.8;0.7;21.0;5480.0


8.3;0.0;0.0;42.0;5480.0


8.3;0.0;0.0;46.0;5480.0


8.4;0.0;0.0;46.0;5480.0


8.3;0.0;0.0;45.0;5480.0


8.4;0.0;0.0;47.0;5480.0


8.3;0.0;0.0;47.0;5480.0


8.3;0.0;0.0;47.0;5480.0


8.3;0.0;0.0;47.0;5480.0


8.3;0.0;0.0;47.0;5480.0


8.4;0.0;0.0;47.0;5480.0


8.3;0.0;0.0;46.0;5480.0


8.3;0.0;0.0;44.0;5480.0


8.3;0.0;0.0;46.0;5480.0


0.0;4.0;0.3;2.0;5480.0


0.0;0.3;0.0;0.0;5480.0


0.0;14.6;0.2;0.0;5480.0


0.0;0.3;0.0;0.0;5480.0


8.3;16.4;0.7;0.0;5480.0


8.4;0.0;0.0;43.0;5480.0


8.4;0.0;0.0;46.0;5480.0


8.3;0.0;0.0;47.0;5480.0


8.4;0.0;0.0;47.0;5480.0


8.4;0.0;0.0;46.0;5480.0


8.4;0.0;0.0;47.0;5480.0


8.3;0.0;0.0;47.0;5480.0


8.3;0.0;0.0;47.0;5480.0


8.3;0.0;0.0;47.0;5480.0


8.3;0.0;0.0;47.0;5480.0


8.4;0.0;0.0;47.0;5480.0


8.3;0.0;0.0;47.0;5480.0


8.4;0.0;0.0;47.0;5480.0


0.0;4.0;0.3;0.0;5480.0


0.0;0.3;0.0;0.0;5480.0


0.0;13.6;0.2;0.0;5480.0


0.0;0.3;0.0;1.0;5480.0


8.4;14.7;0.7;38.0;5480.0


26.3;0.0;0.0;42.0;5480.0


8.4;0.0;0.0;47.0;5480.0


8.4;0.0;0.0;47.0;5480.0


8.3;0.0;0.0;47.0;5480.0


8.4;0.0;0.0;46.0;5480.0


8.3;0.0;0.0;47.0;5480.0


8.4;0.0;0.0;46.0;5480.0


8.3;0.0;0.0;48.0;5480.0


8.3;0.0;0.0;47.0;5480.0


8.4;0.0;0.0;47.0;5480.0


8.3;0.0;0.0;46.0;5480.0


8.3;0.0;0.0;47.0;5480.0


8.3;0.0;0.0;48.0;5480.0


0.0;4.3;0.3;0.0;5480.0


0.0;0.3;0.0;1.0;5480.0


0.0;13.1;0.2;0.0;5480.0


0.0;0.3;0.0;0.0;5480.0


8.3;16.9;0.7;42.0;5480.0


38.2;0.0;0.0;45.0;5480.0


8.4;0.0;0.0;45.0;5480.0


8.3;0.0;0.0;45.0;5480.0


8.4;0.0;0.0;36.0;5480.0


8.4;0.0;0.0;47.0;5480.0


8.4;0.0;0.0;46.0;5480.0


8.3;0.0;0.0;47.0;5480.0


8.3;0.0;0.0;47.0;5480.0


8.3;0.0;0.0;47.0;5480.0


8.3;0.0;0.0;47.0;5480.0


8.4;0.0;0.0;46.0;5480.0


8.3;0.0;0.0;47.0;5480.0


8.4;0.0;0.0;47.0;5480.0


0.0;4.1;0.3;0.0;5480.0


0.0;0.3;0.0;1.0;5480.0


0.0;13.2;0.2;0.0;5480.0


0.0;0.3;0.0;0.0;5480.0


8.4;16.7;0.7;26.0;5480.0


20.3;0.0;0.0;39.0;5480.0


8.4;0.0;0.0;47.0;5480.0


8.4;0.0;0.0;47.0;5480.0


8.3;0.0;0.0;47.0;5480.0


8.4;0.0;0.0;46.0;5480.0


8.3;0.0;0.0;47.0;5480.0


8.4;0.0;0.0;47.0;5480.0


6.9;0.0;0.0;47.0;5480.0


8.3;0.0;0.0;47.0;5480.0


8.4;0.0;0.0;47.0;5480.0


8.3;0.0;0.0;47.0;5480.0


8.3;0.0;0.0;46.0;5480.0


8.3;0.0;0.0;47.0;5480.0


0.0;4.0;0.3;0.0;5480.0


0.0;0.3;0.0;0.0;5480.0


0.0;14.7;0.2;0.0;5480.0


0.0;0.3;0.0;0.0;5480.0


8.4;14.1;0.7;38.0;5480.0


34.4;0.0;0.0;43.0;5480.0


8.4;0.0;0.0;47.0;5480.0


8.3;0.0;0.0;47.0;5480.0


8.4;0.0;0.0;46.0;5480.0


8.4;0.0;0.0;47.0;5480.0


8.4;0.0;0.0;46.0;5480.0


8.3;0.0;0.0;47.0;5480.0


8.3;0.0;0.0;47.0;5480.0


8.3;0.0;0.0;47.0;5480.0


8.3;0.0;0.0;47.0;5480.0


8.3;0.0;0.0;45.0;5480.0


8.3;0.0;0.0;47.0;5480.0


8.4;0.0;0.0;47.0;5480.0


0.0;4.1;0.3;1.0;5480.0


0.0;0.3;0.0;0.0;5480.0


0.0;14.0;0.2;0.0;5480.0


0.0;0.3;0.0;0.0;5480.0


8.4;16.1;0.7;42.0;5480.0


50.0;0.0;0.0;42.0;5480.0


8.3;0.0;0.0;47.0;5480.0


8.4;0.0;0.0;46.0;5480.0


8.3;0.0;0.0;47.0;5480.0


8.4;0.0;0.0;46.0;5480.0


8.3;0.0;0.0;46.0;5480.0


8.4;0.0;0.0;46.0;5480.0


8.3;0.0;0.0;46.0;5480.0


8.3;0.0;0.0;46.0;5480.0


8.4;0.0;0.0;47.0;5480.0


8.3;0.0;0.0;46.0;5480.0


8.3;0.0;0.0;47.0;5480.0


8.3;0.0;0.0;46.0;5480.0


0.0;4.1;0.3;0.0;5480.0


0.0;0.3;0.0;0.0;5480.0


0.0;13.8;0.2;0.0;5480.0


0.0;0.3;0.0;0.0;5480.0


8.4;15.0;0.7;42.0;5480.0


50.2;0.0;0.0;39.0;5480.0


8.4;0.0;0.0;46.0;5480.0


8.3;0.0;0.0;46.0;5480.0


8.4;0.0;0.0;46.0;5480.0


8.3;0.0;0.0;46.0;5480.0


8.3;0.0;0.0;46.0;5480.0


8.3;0.0;0.0;46.0;5480.0


8.3;0.0;0.0;47.0;5480.0


8.3;0.0;0.0;46.0;5480.0


