8.3;20.6;2.4;0.0;854.0


9.6;112.0;6.7;0.0;854.0


5.5;92.6;5.8;0.0;854.0


8.4;95.1;10.6;0.0;854.0


0.0;6.1;0.2;0.0;854.0


0.0;0.3;0.0;0.0;854.0


8.4;27.8;1.1;0.0;867.0


8.4;0.1;0.0;5.0;1085.0


8.4;0.0;0.0;5.0;1221.0


8.3;0.0;0.0;7.0;1361.0


8.4;0.2;0.0;4.0;1467.0


8.3;63.7;52.9;12.0;1627.0


8.3;6.5;14.7;1.0;2063.0


41.6;84.8;353.6;57.0;2269.0


0.0;0.1;0.0;0.0;2269.0


0.0;0.3;0.0;0.0;2269.0


0.0;13.1;0.2;0.0;2269.0


0.0;0.3;0.0;0.0;2269.0


8.4;16.0;0.7;19.0;2293.0


8.3;0.0;0.0;32.0;2391.0


8.4;0.0;0.0;30.0;2487.0


8.3;0.0;0.0;41.0;2585.0


8.4;0.0;0.0;30.0;2683.0


47.4;0.0;0.0;62.0;5111.0


29.2;0.0;0.0;53.0;5111.0


8.4;0.0;0.0;54.0;5111.0


8.3;0.0;0.0;53.0;5111.0


8.4;0.0;0.0;53.0;5111.0


8.3;0.0;0.0;53.0;5111.0


8.3;0.0;0.0;53.0;5111.0


8.3;0.0;0.0;54.0;5111.0


8.4;0.0;0.0;54.0;5111.0


8.4;0.0;0.0;53.0;5111.0


8.3;0.0;0.0;53.0;5111.0


8.3;0.0;0.0;53.0;5111.0


8.3;0.0;0.0;54.0;5111.0


8.3;0.0;0.0;19.0;5111.0


0.0;10.9;0.8;0.0;5111.0


0.0;13.6;0.2;0.0;5111.0


0.0;0.3;0.0;0.0;5111.0


6.0;15.2;0.4;0.0;5133.0


8.4;1.0;0.3;42.0;5133.0


8.4;0.0;0.0;43.0;5133.0


8.4;0.0;0.0;42.0;5133.0


50.2;0.0;0.0;46.0;5133.0


8.3;0.0;0.0;53.0;5133.0


8.4;0.0;0.0;53.0;5133.0


8.3;0.0;0.0;54.0;5133.0


8.3;0.0;0.0;53.0;5133.0


8.4;0.0;0.0;53.0;5133.0


8.3;0.0;0.0;53.0;5133.0


8.4;0.0;0.0;53.0;5133.0


8.3;0.0;0.0;53.0;5133.0


8.3;0.0;0.0;54.0;5133.0


8.4;0.0;0.0;53.0;5133.0


8.4;0.0;0.0;52.0;5133.0


8.4;0.0;0.0;53.0;5133.0


2.8;10.6;0.8;12.0;5133.0


0.0;0.3;0.0;0.0;5133.0


1.0;14.1;0.2;0.0;5133.0


0.0;0.3;0.0;0.0;5133.0


4.2;15.3;0.4;0.0;5133.0


8.3;1.0;0.3;43.0;5133.0


8.3;0.0;0.0;41.0;5133.0


8.3;0.0;0.0;43.0;5133.0


50.2;0.0;0.0;31.0;5133.0


8.3;0.0;0.0;54.0;5133.0


8.4;0.0;0.0;54.0;5133.0


8.4;0.0;0.0;53.0;5133.0


8.3;0.0;0.0;53.0;5133.0


8.3;0.0;0.0;54.0;5133.0


8.3;0.0;0.0;53.0;5133.0


8.3;0.0;0.0;53.0;5133.0


8.4;0.0;0.0;53.0;5133.0


8.3;0.0;0.0;53.0;5133.0


8.4;0.0;0.0;54.0;5133.0


8.4;0.0;0.0;53.0;5133.0


8.4;0.0;0.0;54.0;5133.0


0.0;10.6;0.8;0.0;5133.0


0.0;0.3;0.0;0.0;5133.0


0.0;14.9;0.2;0.0;5133.0


0.0;0.3;0.0;0.0;5133.0


8.4;17.4;0.7;10.0;5133.0


8.3;0.0;0.0;43.0;5133.0


8.3;0.0;0.0;43.0;5133.0


8.4;0.0;0.0;49.0;5133.0


50.0;0.0;0.0;36.0;5133.0


8.4;0.0;0.0;54.0;5133.0


8.3;0.0;0.0;53.0;5133.0


8.3;0.0;0.0;53.0;5133.0


8.4;0.0;0.0;53.0;5133.0


8.3;0.0;0.0;53.0;5133.0


8.4;0.0;0.0;54.0;5133.0


8.3;0.0;0.0;54.0;5133.0


8.4;0.0;0.0;53.0;5133.0


8.3;0.0;0.0;53.0;5133.0


8.3;0.0;0.0;54.0;5133.0


8.4;0.0;0.0;54.0;5133.0


8.3;0.0;0.0;53.0;5133.0


0.0;10.6;0.8;0.0;5133.0


0.0;0.3;0.0;0.0;5133.0


0.0;14.2;0.2;0.0;5133.0


0.0;0.3;0.0;0.0;5133.0


8.3;15.7;0.7;18.0;5133.0


8.4;0.0;0.0;43.0;5133.0


8.3;0.0;0.0;43.0;5133.0


8.3;0.0;0.0;47.0;5133.0


32.0;0.0;0.0;53.0;5133.0


8.3;0.0;0.0;52.0;5133.0


8.4;0.0;0.0;54.0;5133.0


8.3;0.0;0.0;53.0;5133.0


8.4;0.0;0.0;53.0;5133.0


8.4;0.0;0.0;54.0;5133.0


8.4;0.0;0.0;54.0;5133.0


8.4;0.0;0.0;54.0;5133.0


8.4;0.0;0.0;53.0;5133.0


8.4;0.0;0.0;54.0;5133.0


8.3;0.0;0.0;54.0;5133.0


8.3;0.0;0.0;54.0;5133.0


8.3;0.0;0.0;27.0;5133.0


0.0;10.6;0.8;0.0;5133.0


0.0;0.3;0.0;0.0;5133.0


0.0;14.2;0.2;0.0;5133.0


0.0;0.3;0.0;0.0;5133.0


8.3;16.2;0.7;43.0;5133.0


8.3;0.0;0.0;42.0;5133.0


8.4;0.0;0.0;43.0;5133.0


49.9;0.0;0.0;56.0;5133.0


8.4;0.0;0.0;54.0;5133.0


8.4;0.0;0.0;54.0;5133.0


8.4;0.0;0.0;54.0;5133.0


8.4;0.0;0.0;53.0;5133.0


8.3;0.0;0.0;53.0;5133.0


8.4;0.0;0.0;54.0;5133.0


8.3;0.0;0.0;54.0;5133.0


8.3;0.0;0.0;54.0;5133.0


8.3;0.0;0.0;54.0;5133.0


8.4;0.0;0.0;52.0;5133.0


8.4;0.0;0.0;54.0;5133.0


8.3;0.0;0.0;54.0;5133.0


2.8;10.6;0.8;15.0;5133.0


0.0;0.3;0.0;0.0;5133.0


1.4;14.0;0.2;0.0;5133.0


0.0;0.3;0.0;0.0;5133.0


4.2;14.3;0.4;0.0;5133.0


8.4;1.0;0.3;43.0;5133.0


8.3;0.0;0.0;43.0;5133.0


8.4;0.0;0.0;43.0;5133.0


50.0;0.0;0.0;32.0;5133.0


8.3;0.0;0.0;54.0;5133.0


8.4;0.0;0.0;54.0;5133.0


8.4;0.0;0.0;53.0;5133.0


8.4;0.0;0.0;53.0;5133.0


8.3;0.0;0.0;54.0;5133.0


8.3;0.0;0.0;54.0;5133.0


8.3;0.0;0.0;53.0;5133.0


8.3;0.0;0.0;53.0;5133.0


8.4;0.0;0.0;54.0;5133.0


8.3;0.0;0.0;54.0;5133.0


8.4;0.0;0.0;53.0;5133.0


8.4;0.0;0.0;54.0;5133.0


0.0;10.6;0.8;0.0;5133.0


0.0;0.3;0.0;0.0;5133.0


0.0;14.2;0.2;0.0;5133.0


0.0;0.3;0.0;0.0;5133.0


8.4;16.2;0.7;7.0;5133.0


8.4;0.0;0.0;43.0;5133.0


8.4;0.0;0.0;43.0;5133.0


8.3;0.0;0.0;46.0;5133.0


50.2;0.0;0.0;38.0;5133.0


8.3;0.0;0.0;52.0;5133.0


8.4;0.0;0.0;53.0;5133.0


8.3;0.0;0.0;53.0;5133.0


8.3;0.0;0.0;52.0;5133.0


8.4;0.0;0.0;53.0;5133.0


8.3;0.0;0.0;53.0;5133.0


8.3;0.0;0.0;53.0;5133.0


8.3;0.0;0.0;53.0;5133.0


8.3;0.0;0.0;54.0;5133.0


8.3;0.0;0.0;53.0;5133.0


8.3;0.0;0.0;54.0;5133.0


8.4;0.0;0.0;53.0;5133.0


0.0;10.6;0.8;0.0;5133.0


0.0;0.3;0.0;0.0;5133.0


0.0;14.7;0.2;0.0;5133.0


0.0;0.3;0.0;0.0;5133.0


8.4;16.3;0.7;15.0;5133.0


8.4;0.0;0.0;42.0;5133.0


8.4;0.0;0.0;42.0;5133.0


8.3;0.0;0.0;49.0;5133.0


44.2;0.0;0.0;50.0;5133.0


8.3;0.0;0.0;54.0;5133.0


8.3;0.0;0.0;53.0;5133.0


8.3;0.0;0.0;52.0;5133.0


8.3;0.0;0.0;53.0;5133.0


8.4;0.0;0.0;54.0;5133.0


8.4;0.0;0.0;54.0;5133.0


8.3;0.0;0.0;53.0;5133.0


8.4;0.0;0.0;53.0;5133.0


8.3;0.0;0.0;53.0;5133.0


8.4;0.0;0.0;53.0;5133.0


8.4;0.0;0.0;54.0;5133.0


8.3;0.0;0.0;53.0;5133.0


0.0;10.6;0.8;0.0;5133.0


0.0;0.3;0.0;0.0;5133.0


0.0;13.4;0.2;0.0;5133.0


0.0;0.3;0.0;0.0;5133.0


8.4;15.8;0.7;43.0;5133.0


8.3;0.0;0.0;41.0;5133.0


8.3;0.0;0.0;42.0;5133.0


44.2;0.0;0.0;32.0;5133.0


8.3;0.0;0.0;53.0;5133.0


8.3;0.0;0.0;54.0;5133.0


8.3;0.0;0.0;52.0;5133.0


8.3;0.0;0.0;53.0;5133.0


8.3;0.0;0.0;52.0;5133.0


8.3;0.0;0.0;53.0;5133.0


8.4;0.0;0.0;54.0;5133.0


8.4;0.0;0.0;54.0;5133.0


8.3;0.0;0.0;54.0;5133.0


8.4;0.0;0.0;53.0;5133.0


8.3;0.0;0.0;53.0;5133.0


8.4;0.0;0.0;54.0;5133.0


6.2;10.6;0.8;36.0;5133.0


0.0;0.3;0.0;0.0;5133.0


0.0;14.3;0.2;0.0;5133.0


1.2;0.3;0.0;0.0;5133.0


4.2;14.3;0.4;7.0;5133.0


8.3;1.0;0.3;43.0;5133.0


8.3;0.0;0.0;43.0;5133.0


8.3;0.0;0.0;42.0;5133.0


50.2;0.0;0.0;34.0;5133.0


8.4;0.0;0.0;54.0;5133.0


8.3;0.0;0.0;54.0;5133.0


8.4;0.0;0.0;54.0;5133.0


8.3;0.0;0.0;52.0;5133.0


8.4;0.0;0.0;54.0;5133.0


8.4;0.0;0.0;54.0;5133.0


8.3;0.0;0.0;54.0;5133.0


8.4;0.0;0.0;54.0;5133.0


8.3;0.0;0.0;54.0;5133.0


8.4;0.0;0.0;54.0;5133.0


8.3;0.0;0.0;53.0;5133.0


8.4;0.0;0.0;54.0;5133.0


0.0;10.6;0.8;0.0;5133.0


0.0;0.3;0.0;0.0;5133.0


0.0;13.1;0.2;0.0;5133.0


0.0;0.3;0.0;0.0;5133.0


8.3;16.1;0.7;7.0;5133.0


8.4;0.0;0.0;43.0;5133.0


8.3;0.0;0.0;43.0;5133.0


8.4;0.0;0.0;40.0;5133.0


50.2;0.0;0.0;50.0;5133.0


8.4;0.0;0.0;54.0;5133.0


8.4;0.0;0.0;54.0;5133.0


8.3;0.0;0.0;54.0;5133.0


8.3;0.0;0.0;53.0;5133.0


8.3;0.0;0.0;54.0;5133.0


8.3;0.0;0.0;54.0;5133.0


8.4;0.0;0.0;54.0;5133.0


8.3;0.0;0.0;54.0;5133.0


8.4;0.0;0.0;54.0;5133.0


8.4;0.0;0.0;54.0;5133.0


8.3;0.0;0.0;54.0;5133.0


8.4;0.0;0.0;50.0;5133.0


0.0;10.6;0.8;0.0;5133.0


0.0;0.3;0.0;0.0;5133.0


0.0;13.9;0.2;0.0;5133.0


0.0;0.3;0.0;0.0;5133.0


8.4;15.7;0.7;42.0;5133.0


8.3;0.0;0.0;43.0;5133.0


8.4;0.0;0.0;43.0;5133.0


49.7;0.0;0.0;45.0;5133.0


8.4;0.0;0.0;51.0;5133.0


8.3;0.0;0.0;54.0;5133.0


8.3;0.0;0.0;54.0;5133.0


8.4;0.0;0.0;53.0;5133.0


8.3;0.0;0.0;54.0;5133.0


8.3;0.0;0.0;53.0;5133.0


8.3;0.0;0.0;54.0;5133.0


8.3;0.0;0.0;53.0;5133.0


8.3;0.0;0.0;54.0;5133.0


8.3;0.0;0.0;54.0;5133.0


8.4;0.0;0.0;54.0;5133.0


8.4;0.0;0.0;54.0;5133.0


1.0;10.6;0.8;28.0;5133.0


0.0;0.3;0.0;0.0;5133.0


0.0;13.6;0.2;0.0;5133.0


0.0;0.3;0.0;0.0;5133.0


8.3;17.0;0.7;11.0;5133.0


8.4;0.0;0.0;43.0;5133.0


8.3;0.0;0.0;42.0;5133.0


8.4;0.0;0.0;47.0;5133.0


49.7;0.0;0.0;39.0;5133.0


8.3;0.0;0.0;54.0;5133.0


8.3;0.0;0.0;54.0;5133.0


8.3;0.0;0.0;53.0;5133.0


8.4;0.0;0.0;53.0;5133.0


8.4;0.0;0.0;53.0;5133.0


8.3;0.0;0.0;54.0;5133.0


