7.2;6.6;0.5;0.0;854.0


8.3;122.4;7.2;0.0;854.0


8.4;94.0;7.5;0.0;854.0


2.1;82.8;8.2;0.0;854.0


0.0;0.3;0.0;0.0;854.0


4.2;26.0;1.0;0.0;854.0


8.3;2.3;0.2;5.0;998.0


8.3;0.0;0.0;5.0;1142.0


8.3;0.0;0.0;6.0;1276.0


8.3;0.0;0.0;6.0;1403.0


8.3;0.2;0.0;4.0;1557.0


8.3;70.2;67.7;3.0;1659.0


8.3;84.8;353.6;21.0;2187.0


49.7;0.0;0.0;71.0;2451.0


0.0;0.1;0.0;0.0;2451.0


0.0;0.3;0.0;0.0;2451.0


0.0;14.5;0.2;0.0;2451.0


0.0;0.3;0.0;0.0;2451.0


8.3;16.1;0.7;41.0;2493.0


8.4;0.0;0.0;29.0;2591.0


8.3;0.0;0.0;35.0;2689.0


8.3;0.0;0.0;33.0;2787.0


8.3;0.0;0.0;30.0;2883.0


50.2;0.0;0.0;60.0;5135.0


14.3;0.0;0.0;50.0;5135.0


8.3;0.0;0.0;54.0;5135.0


8.3;0.0;0.0;54.0;5135.0


8.3;0.0;0.0;54.0;5135.0


8.3;0.0;0.0;54.0;5135.0


8.4;0.0;0.0;53.0;5135.0


8.3;0.0;0.0;54.0;5135.0


8.4;0.0;0.0;54.0;5135.0


8.3;0.0;0.0;54.0;5135.0


8.4;0.0;0.0;54.0;5135.0


8.4;0.0;0.0;54.0;5135.0


8.4;0.0;0.0;55.0;5135.0


4.2;10.6;0.8;42.0;5135.0


0.0;0.3;0.0;0.0;5135.0


1.2;13.8;0.2;0.0;5135.0


0.0;0.3;0.0;0.0;5135.0


4.2;15.7;0.4;0.0;5157.0


8.3;1.0;0.3;43.0;5157.0


8.3;0.0;0.0;43.0;5157.0


8.4;0.0;0.0;43.0;5157.0


49.7;0.0;0.0;40.0;5157.0


8.3;0.0;0.0;55.0;5157.0


8.4;0.0;0.0;54.0;5157.0


8.3;0.0;0.0;54.0;5157.0


8.4;0.0;0.0;54.0;5157.0


8.3;0.0;0.0;54.0;5157.0


8.4;0.0;0.0;55.0;5157.0


8.3;0.0;0.0;54.0;5157.0


8.3;0.0;0.0;54.0;5157.0


8.4;0.0;0.0;54.0;5157.0


8.3;0.0;0.0;55.0;5157.0


8.3;0.0;0.0;55.0;5157.0


8.3;0.0;0.0;53.0;5157.0


0.0;10.6;0.8;0.0;5157.0


0.0;0.3;0.0;0.0;5157.0


0.0;13.8;0.2;0.0;5157.0


0.0;0.3;0.0;0.0;5157.0


8.3;16.9;0.7;7.0;5157.0


8.3;0.0;0.0;43.0;5157.0


8.3;0.0;0.0;43.0;5157.0


8.3;0.0;0.0;43.0;5157.0


50.0;0.0;0.0;52.0;5157.0


8.3;0.0;0.0;55.0;5157.0


8.4;0.0;0.0;54.0;5157.0


8.4;0.0;0.0;54.0;5157.0


8.4;0.0;0.0;55.0;5157.0


8.4;0.0;0.0;54.0;5157.0


8.4;0.0;0.0;55.0;5157.0


8.4;0.0;0.0;55.0;5157.0


8.3;0.0;0.0;54.0;5157.0


8.4;0.0;0.0;55.0;5157.0


8.3;0.0;0.0;54.0;5157.0


8.3;0.0;0.0;54.0;5157.0


8.4;0.0;0.0;39.0;5157.0


0.0;10.6;0.8;0.0;5157.0


0.0;0.3;0.0;0.0;5157.0


0.0;14.3;0.2;0.0;5157.0


0.0;0.3;0.0;0.0;5157.0


8.4;16.2;0.7;43.0;5157.0


8.3;0.0;0.0;43.0;5157.0


8.4;0.0;0.0;43.0;5157.0


49.9;0.0;0.0;58.0;5157.0


8.4;0.0;0.0;55.0;5157.0


8.3;0.0;0.0;55.0;5157.0


8.3;0.0;0.0;54.0;5157.0


8.4;0.0;0.0;55.0;5157.0


8.3;0.0;0.0;54.0;5157.0


8.3;0.0;0.0;54.0;5157.0


8.3;0.0;0.0;54.0;5157.0


8.3;0.0;0.0;54.0;5157.0


8.3;0.0;0.0;54.0;5157.0


8.3;0.0;0.0;53.0;5157.0


8.4;0.0;0.0;53.0;5157.0


8.3;0.0;0.0;35.0;5157.0


5.5;10.6;0.8;32.0;5157.0


0.0;0.3;0.0;0.0;5157.0


1.2;15.2;0.2;0.0;5157.0


0.0;0.3;0.0;0.0;5157.0


4.2;15.8;0.4;0.0;5157.0


8.4;1.0;0.3;43.0;5157.0


8.4;0.0;0.0;43.0;5157.0


8.3;0.0;0.0;42.0;5157.0


50.2;0.0;0.0;30.0;5157.0


8.4;0.0;0.0;53.0;5157.0


8.4;0.0;0.0;54.0;5157.0


8.3;0.0;0.0;53.0;5157.0


8.3;0.0;0.0;54.0;5157.0


8.3;0.0;0.0;54.0;5157.0


8.3;0.0;0.0;53.0;5157.0


7.2;0.0;0.0;51.0;5157.0


8.3;0.0;0.0;54.0;5157.0


8.4;0.0;0.0;54.0;5157.0


8.3;0.0;0.0;54.0;5157.0


8.3;0.0;0.0;54.0;5157.0


8.4;0.0;0.0;54.0;5157.0


0.0;10.6;0.8;0.0;5157.0


0.0;0.3;0.0;0.0;5157.0


0.0;14.8;0.2;0.0;5157.0


0.0;0.3;0.0;0.0;5157.0


8.4;16.1;0.7;7.0;5157.0


8.3;0.0;0.0;43.0;5157.0


8.4;0.0;0.0;42.0;5157.0


8.3;0.0;0.0;44.0;5157.0


50.0;0.0;0.0;38.0;5157.0


8.3;0.0;0.0;54.0;5157.0


8.3;0.0;0.0;53.0;5157.0


8.4;0.0;0.0;54.0;5157.0


8.3;0.0;0.0;54.0;5157.0


8.3;0.0;0.0;54.0;5157.0


8.3;0.0;0.0;54.0;5157.0


8.3;0.0;0.0;54.0;5157.0


8.3;0.0;0.0;54.0;5157.0


8.3;0.0;0.0;54.0;5157.0


8.4;0.0;0.0;54.0;5157.0


8.3;0.0;0.0;55.0;5157.0


8.4;0.0;0.0;53.0;5157.0


0.0;10.6;0.8;0.0;5157.0


0.0;0.3;0.0;0.0;5157.0


0.0;15.4;0.2;0.0;5157.0


0.0;0.3;0.0;0.0;5157.0


8.4;14.9;0.7;20.0;5157.0


8.3;0.0;0.0;42.0;5157.0


8.3;0.0;0.0;43.0;5157.0


8.3;0.0;0.0;49.0;5157.0


37.9;0.0;0.0;54.0;5157.0


8.4;0.0;0.0;54.0;5157.0


8.3;0.0;0.0;54.0;5157.0


8.4;0.0;0.0;54.0;5157.0


8.3;0.0;0.0;53.0;5157.0


8.3;0.0;0.0;53.0;5157.0


8.4;0.0;0.0;52.0;5157.0


8.3;0.0;0.0;53.0;5157.0


8.4;0.0;0.0;53.0;5157.0


8.4;0.0;0.0;53.0;5157.0


8.4;0.0;0.0;53.0;5157.0


8.4;0.0;0.0;54.0;5157.0


8.3;0.0;0.0;38.0;5157.0


0.0;10.6;0.8;0.0;5157.0


0.0;0.3;0.0;0.0;5157.0


0.0;14.1;0.2;0.0;5157.0


0.0;0.3;0.0;0.0;5157.0


8.3;15.6;0.7;42.0;5157.0


8.4;0.0;0.0;42.0;5157.0


8.3;0.0;0.0;43.0;5157.0


50.2;0.0;0.0;58.0;5157.0


8.3;0.0;0.0;54.0;5157.0


8.3;0.0;0.0;54.0;5157.0


8.3;0.0;0.0;54.0;5157.0


8.3;0.0;0.0;54.0;5157.0


8.4;0.0;0.0;53.0;5157.0


8.3;0.0;0.0;54.0;5157.0


8.3;0.0;0.0;54.0;5157.0


8.4;0.0;0.0;54.0;5157.0


8.3;0.0;0.0;54.0;5157.0


8.4;0.0;0.0;52.0;5157.0


8.4;0.0;0.0;54.0;5157.0


8.4;0.0;0.0;54.0;5157.0


5.5;10.6;0.8;24.0;5157.0


0.0;0.3;0.0;0.0;5157.0


0.0;15.1;0.2;0.0;5157.0


0.0;0.3;0.0;0.0;5157.0


4.2;15.3;0.4;0.0;5157.0


8.3;1.0;0.3;43.0;5157.0


8.4;0.0;0.0;43.0;5157.0


8.4;0.0;0.0;43.0;5157.0


50.0;0.0;0.0;32.0;5157.0


8.4;0.0;0.0;54.0;5157.0


8.3;0.0;0.0;54.0;5157.0


8.4;0.0;0.0;53.0;5157.0


8.4;0.0;0.0;54.0;5157.0


8.3;0.0;0.0;54.0;5157.0


8.4;0.0;0.0;53.0;5157.0


8.3;0.0;0.0;54.0;5157.0


8.4;0.0;0.0;54.0;5157.0


8.3;0.0;0.0;53.0;5157.0


8.4;0.0;0.0;54.0;5157.0


8.3;0.0;0.0;53.0;5157.0


8.3;0.0;0.0;54.0;5157.0


0.0;10.6;0.8;0.0;5157.0


0.0;0.3;0.0;0.0;5157.0


0.0;14.9;0.2;0.0;5157.0


0.0;0.3;0.0;0.0;5157.0


8.3;16.0;0.7;7.0;5157.0


8.3;0.0;0.0;42.0;5157.0


8.3;0.0;0.0;43.0;5157.0


8.4;0.0;0.0;44.0;5157.0


49.7;0.0;0.0;38.0;5157.0


8.3;0.0;0.0;55.0;5157.0


8.4;0.0;0.0;53.0;5157.0


8.3;0.0;0.0;53.0;5157.0


8.4;0.0;0.0;53.0;5157.0


8.3;0.0;0.0;54.0;5157.0


8.4;0.0;0.0;54.0;5157.0


8.3;0.0;0.0;54.0;5157.0


8.3;0.0;0.0;51.0;5157.0


8.3;0.0;0.0;54.0;5157.0


8.3;0.0;0.0;53.0;5157.0


8.3;0.0;0.0;54.0;5157.0


8.3;0.0;0.0;54.0;5157.0


0.0;10.6;0.8;0.0;5157.0


0.0;0.3;0.0;0.0;5157.0


0.0;15.1;0.2;0.0;5157.0


0.0;0.3;0.0;0.0;5157.0


8.3;15.9;0.7;43.0;5157.0


8.3;0.0;0.0;43.0;5157.0


8.4;0.0;0.0;42.0;5157.0


49.9;0.0;0.0;46.0;5157.0


8.3;0.0;0.0;52.0;5157.0


8.3;0.0;0.0;54.0;5157.0


8.3;0.0;0.0;53.0;5157.0


8.3;0.0;0.0;53.0;5157.0


8.3;0.0;0.0;54.0;5157.0


8.4;0.0;0.0;53.0;5157.0


8.4;0.0;0.0;54.0;5157.0


8.3;0.0;0.0;54.0;5157.0


8.4;0.0;0.0;54.0;5157.0


8.3;0.0;0.0;54.0;5157.0


8.4;0.0;0.0;53.0;5157.0


8.4;0.0;0.0;54.0;5157.0


1.2;10.6;0.8;30.0;5157.0


0.0;0.3;0.0;0.0;5157.0


0.0;13.6;0.2;0.0;5157.0


0.0;0.3;0.0;0.0;5157.0


8.3;16.2;0.7;8.0;5157.0


8.4;0.0;0.0;42.0;5157.0


8.3;0.0;0.0;43.0;5157.0


8.3;0.0;0.0;48.0;5157.0


50.0;0.0;0.0;41.0;5157.0


8.3;0.0;0.0;54.0;5157.0


8.3;0.0;0.0;53.0;5157.0


8.4;0.0;0.0;54.0;5157.0


8.3;0.0;0.0;53.0;5157.0


8.4;0.0;0.0;53.0;5157.0


8.3;0.0;0.0;54.0;5157.0


8.4;0.0;0.0;53.0;5157.0


8.4;0.0;0.0;54.0;5157.0


8.3;0.0;0.0;54.0;5157.0


8.4;0.0;0.0;54.0;5157.0


8.3;0.0;0.0;54.0;5157.0


8.4;0.0;0.0;55.0;5157.0


0.0;10.6;0.8;0.0;5157.0


0.0;0.3;0.0;0.0;5157.0


0.0;14.3;0.2;0.0;5157.0


0.0;0.3;0.0;0.0;5157.0


8.3;15.6;0.7;38.0;5157.0


8.3;0.0;0.0;42.0;5157.0


8.3;0.0;0.0;42.0;5157.0


49.9;0.0;0.0;53.0;5157.0


8.4;0.0;0.0;54.0;5157.0


8.4;0.0;0.0;54.0;5157.0


8.3;0.0;0.0;54.0;5157.0


8.4;0.0;0.0;54.0;5157.0


8.3;0.0;0.0;54.0;5157.0


8.4;0.0;0.0;54.0;5157.0


8.4;0.0;0.0;54.0;5157.0


8.4;0.0;0.0;54.0;5157.0


8.4;0.0;0.0;54.0;5157.0


8.3;0.0;0.0;54.0;5157.0


8.4;0.0;0.0;54.0;5157.0


8.3;0.0;0.0;54.0;5157.0


0.0;10.6;0.8;0.0;5157.0


0.0;0.3;0.0;0.0;5157.0


0.0;13.3;0.2;0.0;5157.0


0.0;0.3;0.0;0.0;5157.0


7.1;15.8;0.7;7.0;5157.0


8.3;0.0;0.0;43.0;5157.0


8.4;0.0;0.0;42.0;5157.0


8.3;0.0;0.0;43.0;5157.0


49.7;0.0;0.0;52.0;5157.0


8.4;0.0;0.0;54.0;5157.0


8.3;0.0;0.0;53.0;5157.0


8.4;0.0;0.0;54.0;5157.0


8.3;0.0;0.0;53.0;5157.0


8.4;0.0;0.0;54.0;5157.0


8.3;0.0;0.0;54.0;5157.0


8.3;0.0;0.0;54.0;5157.0


