8.4;15.4;1.5;0.0;854.0


8.4;129.0;7.0;0.0;854.0


4.2;103.2;9.2;0.0;854.0


0.0;58.2;5.6;0.0;854.0


0.0;0.3;0.0;0.0;854.0


8.4;29.0;1.1;0.0;854.0


6.9;0.3;0.0;7.0;1037.0


8.4;0.0;0.0;6.0;1169.0


8.4;0.0;0.0;5.0;1303.0


8.3;0.2;0.0;6.0;1421.0


8.3;0.0;0.0;4.0;1599.0


8.3;70.2;67.7;2.0;1701.0


8.4;84.8;353.6;40.0;2239.0


8.4;0.0;0.0;71.0;2239.0


0.0;0.1;0.0;0.0;2239.0


0.0;0.3;0.0;0.0;2239.0


0.0;14.7;0.2;0.0;2239.0


0.0;0.3;0.0;0.0;2239.0


8.4;16.9;0.7;39.0;2319.0


8.4;0.0;0.0;41.0;2419.0


8.4;0.0;0.0;30.0;2519.0


8.3;0.0;0.0;37.0;2617.0


8.4;0.0;0.0;36.0;5073.0


49.9;0.0;0.0;36.0;5073.0


8.3;0.0;0.0;54.0;5073.0


8.4;0.0;0.0;53.0;5073.0


8.3;0.0;0.0;54.0;5073.0


8.4;0.0;0.0;53.0;5073.0


8.3;0.0;0.0;54.0;5073.0


8.3;0.0;0.0;54.0;5073.0


8.4;0.0;0.0;54.0;5073.0


7.1;0.0;0.0;51.0;5073.0


8.4;0.0;0.0;54.0;5073.0


8.3;0.0;0.0;54.0;5073.0


8.4;0.0;0.0;54.0;5073.0


8.3;0.0;0.0;54.0;5073.0


0.0;10.6;0.8;0.0;5073.0


0.0;0.3;0.0;0.0;5073.0


0.0;14.4;0.2;0.0;5073.0


0.0;0.3;0.0;0.0;5073.0


8.3;16.2;0.7;17.0;5095.0


8.3;0.0;0.0;43.0;5095.0


8.3;0.0;0.0;43.0;5095.0


8.3;0.0;0.0;49.0;5095.0


44.2;0.0;0.0;52.0;5095.0


8.3;0.0;0.0;54.0;5095.0


8.3;0.0;0.0;53.0;5095.0


8.3;0.0;0.0;53.0;5095.0


8.3;0.0;0.0;54.0;5095.0


8.4;0.0;0.0;53.0;5095.0


8.3;0.0;0.0;54.0;5095.0


8.4;0.0;0.0;54.0;5095.0


8.4;0.0;0.0;53.0;5095.0


8.4;0.0;0.0;54.0;5095.0


8.4;0.0;0.0;50.0;5095.0


8.4;0.0;0.0;54.0;5095.0


8.4;0.0;0.0;36.0;5095.0


0.0;10.6;0.8;0.0;5095.0


0.0;0.3;0.0;0.0;5095.0


0.0;15.0;0.2;0.0;5095.0


0.0;0.3;0.0;0.0;5095.0


8.4;15.8;0.7;43.0;5095.0


8.3;0.0;0.0;43.0;5095.0


8.4;0.0;0.0;43.0;5095.0


49.7;0.0;0.0;55.0;5095.0


8.3;0.0;0.0;54.0;5095.0


8.4;0.0;0.0;54.0;5095.0


8.3;0.0;0.0;52.0;5095.0


8.4;0.0;0.0;54.0;5095.0


8.4;0.0;0.0;54.0;5095.0


8.4;0.0;0.0;54.0;5095.0


8.4;0.0;0.0;54.0;5095.0


8.3;0.0;0.0;53.0;5095.0


8.4;0.0;0.0;54.0;5095.0


8.3;0.0;0.0;54.0;5095.0


8.3;0.0;0.0;54.0;5095.0


8.3;0.0;0.0;54.0;5095.0


2.8;10.6;0.8;16.0;5095.0


1.2;0.3;0.0;0.0;5095.0


1.0;13.9;0.2;0.0;5095.0


0.0;0.3;0.0;0.0;5095.0


4.2;14.9;0.4;0.0;5095.0


8.3;1.0;0.3;43.0;5095.0


8.3;0.0;0.0;43.0;5095.0


8.3;0.0;0.0;43.0;5095.0


49.9;0.0;0.0;35.0;5095.0


8.3;0.0;0.0;54.0;5095.0


8.4;0.0;0.0;53.0;5095.0


8.4;0.0;0.0;51.0;5095.0


8.3;0.0;0.0;53.0;5095.0


8.4;0.0;0.0;54.0;5095.0


8.4;0.0;0.0;54.0;5095.0


8.4;0.0;0.0;54.0;5095.0


8.3;0.0;0.0;50.0;5095.0


8.3;0.0;0.0;54.0;5095.0


8.3;0.0;0.0;54.0;5095.0


8.3;0.0;0.0;54.0;5095.0


8.4;0.0;0.0;36.0;5095.0


0.0;10.6;0.8;0.0;5095.0


0.0;0.3;0.0;0.0;5095.0


0.0;13.0;0.2;0.0;5095.0


0.0;0.3;0.0;0.0;5095.0


8.4;14.7;0.7;9.0;5095.0


8.3;0.0;0.0;43.0;5095.0


8.4;0.0;0.0;43.0;5095.0


8.4;0.0;0.0;50.0;5095.0


50.0;0.0;0.0;40.0;5095.0


8.4;0.0;0.0;53.0;5095.0


8.3;0.0;0.0;54.0;5095.0


8.4;0.0;0.0;53.0;5095.0


8.3;0.0;0.0;53.0;5095.0


8.4;0.0;0.0;54.0;5095.0


8.3;0.0;0.0;54.0;5095.0


8.3;0.0;0.0;54.0;5095.0


8.4;0.0;0.0;53.0;5095.0


8.3;0.0;0.0;54.0;5095.0


8.4;0.0;0.0;50.0;5095.0


8.3;0.0;0.0;55.0;5095.0


8.3;0.0;0.0;54.0;5095.0


0.0;10.6;0.8;0.0;5095.0


0.0;0.3;0.0;0.0;5095.0


0.0;14.1;0.2;0.0;5095.0


0.0;0.3;0.0;0.0;5095.0


8.3;16.0;0.7;43.0;5095.0


8.4;0.0;0.0;43.0;5095.0


8.3;0.0;0.0;43.0;5095.0


50.2;0.0;0.0;46.0;5095.0


8.4;0.0;0.0;54.0;5095.0


8.4;0.0;0.0;54.0;5095.0


8.3;0.0;0.0;53.0;5095.0


8.3;0.0;0.0;54.0;5095.0


8.3;0.0;0.0;53.0;5095.0


8.3;0.0;0.0;54.0;5095.0


8.3;0.0;0.0;54.0;5095.0


8.3;0.0;0.0;54.0;5095.0


8.4;0.0;0.0;53.0;5095.0


8.4;0.0;0.0;54.0;5095.0


8.3;0.0;0.0;54.0;5095.0


8.4;0.0;0.0;54.0;5095.0


1.2;10.6;0.8;0.0;5095.0


0.0;0.3;0.0;0.0;5095.0


1.2;14.1;0.2;0.0;5095.0


0.0;0.3;0.0;0.0;5095.0


4.8;16.6;0.7;0.0;5095.0


8.3;0.0;0.0;43.0;5095.0


8.4;0.0;0.0;43.0;5095.0


8.3;0.0;0.0;43.0;5095.0


50.4;0.0;0.0;43.0;5095.0


8.3;0.0;0.0;54.0;5095.0


8.3;0.0;0.0;53.0;5095.0


8.4;0.0;0.0;54.0;5095.0


8.3;0.0;0.0;54.0;5095.0


8.3;0.0;0.0;53.0;5095.0


8.3;0.0;0.0;54.0;5095.0


8.3;0.0;0.0;54.0;5095.0


8.3;0.0;0.0;54.0;5095.0


8.3;0.0;0.0;54.0;5095.0


8.4;0.0;0.0;54.0;5095.0


8.4;0.0;0.0;54.0;5095.0


8.3;0.0;0.0;54.0;5095.0


0.0;10.6;0.8;0.0;5095.0


0.0;0.3;0.0;0.0;5095.0


0.0;13.4;0.2;0.0;5095.0


0.0;0.3;0.0;0.0;5095.0


8.4;16.1;0.7;8.0;5095.0


8.3;0.0;0.0;43.0;5095.0


8.3;0.0;0.0;43.0;5095.0


13.5;0.0;0.0;49.0;5095.0


34.4;0.0;0.0;53.0;5095.0


8.4;0.0;0.0;53.0;5095.0


8.3;0.0;0.0;54.0;5095.0


8.4;0.0;0.0;54.0;5095.0


8.4;0.0;0.0;54.0;5095.0


8.3;0.0;0.0;54.0;5095.0


8.4;0.0;0.0;54.0;5095.0


8.3;0.0;0.0;53.0;5095.0


8.4;0.0;0.0;54.0;5095.0


8.3;0.0;0.0;54.0;5095.0


8.3;0.0;0.0;55.0;5095.0


8.4;0.0;0.0;54.0;5095.0


8.3;0.0;0.0;32.0;5095.0


0.0;10.9;0.8;0.0;5095.0


1.4;14.6;0.2;0.0;5095.0


0.0;0.3;0.0;0.0;5095.0


3.6;15.2;0.4;0.0;5095.0


8.3;1.0;0.3;43.0;5095.0


8.4;0.0;0.0;43.0;5095.0


8.3;0.0;0.0;43.0;5095.0


50.2;0.0;0.0;41.0;5095.0


8.4;0.0;0.0;54.0;5095.0


8.3;0.0;0.0;54.0;5095.0


8.4;0.0;0.0;54.0;5095.0


8.3;0.0;0.0;54.0;5095.0


8.4;0.0;0.0;55.0;5095.0


8.4;0.0;0.0;54.0;5095.0


8.3;0.0;0.0;54.0;5095.0


8.4;0.0;0.0;54.0;5095.0


8.3;0.0;0.0;54.0;5095.0


8.4;0.0;0.0;54.0;5095.0


8.3;0.0;0.0;54.0;5095.0


8.3;0.0;0.0;54.0;5095.0


0.0;10.6;0.8;0.0;5095.0


0.0;0.3;0.0;0.0;5095.0


0.0;14.3;0.2;0.0;5095.0


0.0;0.3;0.0;0.0;5095.0


8.3;15.3;0.7;35.0;5095.0


8.3;0.0;0.0;42.0;5095.0


8.4;0.0;0.0;43.0;5095.0


8.4;0.0;0.0;58.0;5095.0


37.9;0.0;0.0;49.0;5095.0


8.4;0.0;0.0;54.0;5095.0


8.3;0.0;0.0;54.0;5095.0


8.4;0.0;0.0;54.0;5095.0


8.4;0.0;0.0;54.0;5095.0


8.3;0.0;0.0;54.0;5095.0


8.4;0.0;0.0;54.0;5095.0


8.3;0.0;0.0;54.0;5095.0


8.4;0.0;0.0;54.0;5095.0


8.3;0.0;0.0;54.0;5095.0


8.4;0.0;0.0;54.0;5095.0


8.4;0.0;0.0;51.0;5095.0


8.3;0.0;0.0;51.0;5095.0


0.0;10.9;0.8;0.0;5095.0


0.0;14.4;0.2;0.0;5095.0


1.4;0.3;0.0;0.0;5095.0


6.0;15.5;0.4;7.0;5095.0


8.3;1.0;0.3;43.0;5095.0


8.4;0.0;0.0;43.0;5095.0


8.3;0.0;0.0;43.0;5095.0


50.2;0.0;0.0;34.0;5095.0


8.4;0.0;0.0;54.0;5095.0


8.4;0.0;0.0;52.0;5095.0


8.4;0.0;0.0;54.0;5095.0


8.3;0.0;0.0;53.0;5095.0


8.4;0.0;0.0;54.0;5095.0


8.3;0.0;0.0;54.0;5095.0


8.3;0.0;0.0;54.0;5095.0


8.3;0.0;0.0;54.0;5095.0


8.3;0.0;0.0;54.0;5095.0


8.3;0.0;0.0;54.0;5095.0


8.3;0.0;0.0;54.0;5095.0


8.3;0.0;0.0;54.0;5095.0


0.0;10.6;0.8;0.0;5095.0


0.0;0.3;0.0;0.0;5095.0


0.0;15.0;0.2;0.0;5095.0


0.0;0.3;0.0;0.0;5095.0


8.4;16.9;0.7;29.0;5095.0


8.3;0.0;0.0;43.0;5095.0


8.4;0.0;0.0;43.0;5095.0


8.4;0.0;0.0;59.0;5095.0


36.0;0.0;0.0;44.0;5095.0


8.4;0.0;0.0;55.0;5095.0


8.3;0.0;0.0;54.0;5095.0


8.3;0.0;0.0;54.0;5095.0


8.3;0.0;0.0;54.0;5095.0


8.4;0.0;0.0;54.0;5095.0


8.3;0.0;0.0;45.0;5095.0


8.3;0.0;0.0;52.0;5095.0


8.3;0.0;0.0;52.0;5095.0


8.3;0.0;0.0;54.0;5095.0


8.3;0.0;0.0;54.0;5095.0


8.4;0.0;0.0;54.0;5095.0


8.3;0.0;0.0;53.0;5095.0


0.0;10.6;0.8;0.0;5095.0


0.0;0.3;0.0;0.0;5095.0


0.0;13.5;0.2;0.0;5095.0


0.0;0.3;0.0;0.0;5095.0


8.4;15.3;0.7;39.0;5095.0


8.4;0.0;0.0;43.0;5095.0


8.3;0.0;0.0;43.0;5095.0


50.2;0.0;0.0;52.0;5095.0


8.3;0.0;0.0;55.0;5095.0


8.3;0.0;0.0;54.0;5095.0


8.4;0.0;0.0;54.0;5095.0


8.3;0.0;0.0;54.0;5095.0


8.4;0.0;0.0;54.0;5095.0


8.3;0.0;0.0;54.0;5095.0


8.3;0.0;0.0;53.0;5095.0


8.4;0.0;0.0;54.0;5095.0


8.3;0.0;0.0;53.0;5095.0


8.4;0.0;0.0;54.0;5095.0


8.3;0.0;0.0;54.0;5095.0


8.4;0.0;0.0;54.0;5095.0


1.0;10.6;0.8;0.0;5095.0


0.0;0.3;0.0;0.0;5095.0


0.0;13.9;0.2;0.0;5095.0


0.0;0.3;0.0;0.0;5095.0


8.3;14.7;0.7;7.0;5095.0


8.3;0.0;0.0;43.0;5095.0


8.3;0.0;0.0;43.0;5095.0


8.3;0.0;0.0;42.0;5095.0


50.2;0.0;0.0;50.0;5095.0


8.4;0.0;0.0;54.0;5095.0


8.3;0.0;0.0;53.0;5095.0


8.3;0.0;0.0;53.0;5095.0


8.3;0.0;0.0;53.0;5095.0


8.3;0.0;0.0;53.0;5095.0


8.4;0.0;0.0;53.0;5095.0


8.3;0.0;0.0;53.0;5095.0


8.4;0.0;0.0;53.0;5095.0


