0.0;10498048;0
0.0;10498048;0
0.0;10498048;0
0.0;10498048;0
0.0;10498048;0
28.7;12640256;0
99.4;12685312;0
66.5;12718080;0
99.7;12759040;0
71.7;12820480;0
99.4;12832768;0
50.4;12972032;0
99.7;12972032;0
66.5;13049856;0
99.4;13078528;0
67.2;13217792;0
99.7;13217792;0
71.7;13139968;0
86.0;11186176;0
83.1;13348864;0
99.7;11325440;0
83.1;13344768;0
86.0;11325440;0
99.7;13414400;0
84.0;11390976;0
85.2;13479936;0
71.7;11456512;0
83.1;13611008;0
84.0;11444224;173
99.4;13611008;0
57.3;12738560;0
99.7;13570048;0
49.9;13664256;0
99.7;13664256;0
49.9;13705216;0
100.3;13705216;0
49.9;13586432;0
100.3;13643776;0
199.5;52350976;0
213.1;84975616;0
286.7;102948864;0
199.5;108900352;531
133.0;108863488;209
129.0;110915584;0
142.0;108900352;0
133.0;110923776;0
166.2;108904448;0
129.0;108904448;0
99.7;108904448;0
151.2;110981120;0
133.0;108957696;0
129.0;108957696;0
99.4;108957696;0
117.6;108953600;0
99.7;108953600;0
116.4;108953600;0
100.8;108953600;0
156.2;108957696;0
99.7;108957696;0
149.6;108957696;0
100.8;108957696;0
142.0;108957696;0
100.3;108957696;0
133.0;108953600;0
99.7;108953600;0
133.0;108957696;0
99.7;108953600;0
100.3;108953600;0
127.8;110972928;0
151.2;108953600;0
116.4;108953600;0
99.7;108953600;0
71.0;108957696;0
100.3;108957696;0
133.0;108957696;0
99.7;108957696;0
100.8;111820800;0
85.2;109801472;0
28.7;111820800;0
99.7;111820800;0
134.4;113840128;0
99.7;111820800;0
149.6;113840128;0
114.7;111820800;0
99.4;111824896;0
100.3;111824896;0
85.2;111824896;0
100.8;111824896;0
83.1;111824896;0
99.7;111824896;0
134.4;111824896;0
99.4;111824896;0
100.3;111820800;0
99.7;111820800;0
84.0;111820800;0
16.6;109801472;0
99.7;111824896;0
0.0;109801472;0
99.7;111824896;0
83.1;113831936;0
99.4;111824896;0
86.0;111824896;0
71.7;109801472;0
16.6;111824896;0
100.3;111824896;0
99.7;111820800;0
99.7;111820800;0
83.1;111824896;0
99.7;111824896;0
86.0;111820800;0
56.8;109801472;0
57.3;111824896;0
99.7;111824896;0
166.2;113844224;0
99.7;111820800;0
83.1;114692096;0
33.6;112668672;0
49.9;114688000;0
99.7;114688000;0
184.8;116711424;0
99.7;114692096;0
186.4;116715520;0
99.4;114692096;0
100.3;114692096;0
100.3;114692096;0
199.5;114692096;0
100.8;114692096;0
116.4;114692096;0
66.5;114692096;0
66.5;112668672;0
16.6;114692096;0
100.8;114692096;0
66.5;114688000;0
99.7;114688000;0
151.2;116711424;0
99.7;114692096;0
143.3;114692096;0
99.4;114692096;0
143.3;114688000;0
14.3;112668672;0
85.2;114688000;0
100.3;112668672;0
100.3;114688000;0
85.2;113782784;0
100.3;114688000;0
113.6;116707328;0
129.0;114688000;0
116.4;116711424;0
99.7;114692096;0
100.8;114692096;0
83.1;114692096;0
83.1;114692096;0
99.7;114692096;0
83.1;117555200;0
100.8;117555200;0
85.2;117559296;0
100.3;117559296;0
86.0;117559296;0
28.4;115535872;0
83.1;117555200;0
0.0;115535872;0
85.2;115535872;0
0.0;115535872;0
84.0;115535872;0
14.2;117559296;0
99.7;117559296;0
134.4;117555200;0
99.7;117555200;0
71.7;117555200;0
99.4;117555200;0
129.0;117559296;0
28.7;115535872;0
56.8;118046720;0
0.0;116027392;0
84.0;116027392;0
0.0;116027392;0
99.4;118046720;0
114.7;122068992;0
113.6;118050816;0
100.3;118046720;0
100.8;118046720;0
116.4;118046720;0
100.3;118046720;0
157.7;118046720;0
99.4;118046720;0
86.0;118046720;0
99.4;118046720;0
86.0;118050816;0
100.3;118050816;0
85.2;118050816;0
100.3;118050816;0
114.7;120909824;0
99.4;120909824;0
143.3;120913920;0
66.5;118894592;0
99.7;120918016;0
50.4;120918016;0
99.7;120918016;0
129.0;122937344;0
71.7;118894592;0
49.9;120913920;0
100.3;120913920;0
133.0;120918016;0
99.7;120918016;0
67.2;120913920;0
99.7;120913920;0
133.0;120913920;0
0.0;118894592;0
86.0;118894592;0
16.6;120918016;0
99.7;120918016;0
116.4;120918016;0
99.7;120918016;0
151.2;120918016;0
99.7;120918016;0
66.5;120918016;0
86.0;118894592;0
83.1;120913920;0
83.1;118894592;0
83.1;120918016;0
99.7;120918016;0
100.3;118894592;0
0.0;120913920;0
99.7;120913920;0
50.4;120918016;0
99.7;120918016;0
49.9;120913920;0
100.3;120913920;0
113.6;123785216;0
100.3;123785216;0
117.6;123785216;0
99.7;123785216;0
133.0;123785216;0
84.0;121761792;0
66.5;123781120;0
99.7;123781120;0
114.7;121761792;0
0.0;121761792;0
99.7;123785216;0
67.2;123785216;0
99.7;123785216;0
133.0;125808640;0
100.3;123785216;0
57.3;123785216;0
71.0;121761792;0
86.0;123785216;0
99.4;123785216;0
116.4;123781120;0
50.4;121761792;0
100.3;123785216;0
33.2;123785216;0
99.7;123785216;0
33.6;123785216;0
99.7;121761792;0
49.9;123785216;0
99.7;123785216;0
127.8;123789312;0
71.7;121765888;0
86.0;123785216;0
56.8;121765888;0
99.4;123785216;0
114.7;125804544;0
114.7;123785216;0
56.8;123785216;0
99.7;123785216;0
33.2;126648320;0
99.7;124628992;0
33.6;126652416;0
100.3;126652416;0
113.6;126652416;0
99.7;126652416;0
100.8;126652416;0
99.7;126652416;0
116.4;126676992;0
99.7;126676992;0
99.4;126681088;0
114.7;128704512;0
100.8;126681088;0
133.0;126676992;0
99.7;126676992;0
50.4;126681088;0
71.7;124657664;0
56.8;126681088;0
66.5;124657664;0
83.1;126681088;0
49.9;124657664;0
100.3;126681088;0
114.7;128704512;0
113.6;126681088;0
57.3;126676992;0
33.6;124657664;0
67.2;126676992;0
99.7;124657664;0
66.5;126681088;0
99.7;126681088;0
133.0;126681088;0
43.0;124657664;0
50.4;124657664;0
16.6;126676992;0
99.4;126676992;0
