0.0;10473472;0
0.0;10473472;0
0.0;10473472;0
0.0;10473472;0
43.0;12615680;0
99.7;12652544;0
66.5;12673024;0
100.3;12730368;0
71.0;12869632;0
99.7;12869632;0
83.1;12931072;0
100.8;12931072;0
71.0;12972032;0
100.8;13004800;0
83.1;13139968;0
99.7;13144064;0
85.2;13209600;0
100.8;11190272;0
83.1;13279232;0
86.0;11259904;0
86.0;13283328;0
66.5;11259904;0
99.7;13348864;0
71.7;11329536;0
100.3;13410304;0
66.5;11386880;0
100.3;13537280;0
83.1;13533184;173
99.7;13533184;0
56.8;13524992;0
100.3;13524992;0
66.5;13606912;0
99.7;13606912;0
71.7;13438976;0
99.4;13438976;0
57.3;13529088;0
99.7;13586432;0
16.8;11567104;0
170.5;48250880;0
100.3;83566592;0
186.4;105013248;124
99.7;108216320;616
83.1;106196992;0
14.3;108253184;0
86.0;106233856;0
14.2;108253184;0
86.0;106233856;0
16.6;108277760;0
83.1;106254336;0
28.4;108277760;0
71.7;106254336;0
33.2;108273664;0
66.5;106254336;0
28.7;108277760;0
71.0;106254336;0
49.9;108273664;0
66.5;106254336;0
33.6;108273664;0
56.8;106254336;0
43.0;108273664;0
57.3;106254336;0
56.8;108277760;0
43.0;106254336;0
56.8;108277760;0
50.4;106254336;0
71.7;108273664;0
33.2;106254336;0
84.0;108273664;0
16.6;106254336;0
85.2;108273664;0
16.6;106254336;0
99.4;108277760;0
14.3;107397120;0
100.3;108277760;0
14.2;108273664;0
86.0;106254336;0
0.0;106254336;0
85.2;111144960;0
0.0;109121536;0
99.4;111222784;0
100.8;111222784;0
149.6;111230976;0
99.7;113254400;0
172.0;111235072;0
113.6;113258496;0
166.2;109211648;0
33.2;111230976;0
100.8;111230976;0
127.8;113754112;0
129.0;111734784;0
99.7;111730688;0
99.7;111730688;0
149.6;111734784;0
99.7;111734784;0
151.2;113758208;0
85.2;109711360;0
57.3;111730688;0
100.3;111730688;0
85.2;111730688;0
99.7;111730688;0
166.2;111730688;0
100.8;111730688;0
99.7;111734784;0
100.3;111734784;0
157.7;111734784;0
0.0;110792704;0
83.1;109711360;0
16.6;111734784;0
99.7;111734784;0
134.4;113754112;0
113.6;109711360;0
43.0;111734784;0
100.3;111734784;0
83.1;111734784;0
99.7;111734784;0
99.7;114601984;0
50.4;112578560;0
28.4;114597888;0
100.3;114597888;0
71.7;114601984;0
99.4;114601984;0
129.0;114597888;0
99.4;114597888;0
86.0;114601984;0
99.7;114601984;0
156.2;114601984;0
100.8;114601984;0
99.7;114597888;0
99.7;114597888;0
116.4;114597888;0
99.7;116547584;0
151.2;112578560;0
0.0;114597888;0
71.0;112578560;0
28.7;114597888;0
66.5;112578560;0
42.6;114597888;0
100.3;114597888;0
66.5;114601984;0
100.8;114601984;0
149.6;114597888;0
99.7;114597888;0
168.0;114601984;0
99.7;114601984;0
166.2;114597888;0
99.7;114597888;0
116.4;112578560;0
0.0;112578560;0
86.0;112578560;0
0.0;114601984;0
100.8;114601984;0
116.4;116621312;0
99.7;114597888;0
49.9;115806208;0
99.7;117469184;0
117.6;119492608;0
99.7;117469184;0
149.6;119492608;0
100.3;117469184;0
100.3;117469184;0
99.7;117469184;0
133.0;117469184;0
99.7;117469184;0
84.0;117469184;0
99.7;117469184;0
142.0;117469184;0
100.8;118550528;0
182.8;117465088;0
127.8;119484416;0
182.8;115445760;0
16.6;117469184;0
100.8;117469184;0
66.5;117469184;0
99.7;117469184;0
67.2;117469184;0
100.3;117469184;0
156.2;117465088;0
100.3;117465088;0
99.4;117469184;0
86.0;115445760;0
100.3;117465088;0
113.6;118611968;0
151.2;117469184;0
99.7;119492608;0
127.8;117469184;0
143.3;119492608;0
71.0;115445760;0
43.0;117465088;0
100.3;117465088;0
149.6;117465088;0
86.0;117465088;0
151.2;120336384;0
99.7;120336384;0
166.2;122380288;0
42.6;118341632;0
99.7;120360960;0
100.8;120360960;0
199.5;120360960;0
0.0;118341632;0
100.3;120365056;0
84.0;120360960;0
66.5;118341632;0
33.2;120365056;0
99.7;120365056;0
149.6;122388480;0
100.3;120365056;0
114.7;120365056;0
99.4;120365056;0
157.7;120360960;0
100.3;120360960;0
100.8;120360960;0
66.5;120365056;0
99.7;118341632;0
100.8;120365056;0
99.7;120365056;0
85.2;120365056;0
0.0;118341632;0
99.7;120365056;0
99.7;121098240;0
168.0;120360960;0
99.7;120365056;0
99.7;120365056;0
134.4;122388480;0
66.5;118341632;0
33.2;120365056;0
99.7;120365056;0
149.6;122384384;0
50.4;118341632;0
43.0;123228160;0
99.7;123228160;0
83.1;123228160;0
0.0;121208832;0
49.9;123228160;0
99.4;123228160;0
71.7;123228160;0
99.4;123228160;0
129.0;123232256;0
86.0;121208832;0
42.6;121208832;0
16.6;123228160;0
100.3;123228160;0
67.2;123232256;0
33.2;121208832;0
56.8;123228160;0
100.3;123228160;0
42.6;121208832;0
0.0;121208832;0
100.8;123228160;0
86.0;124510208;0
28.4;121208832;0
28.7;123228160;0
16.8;121208832;0
43.0;123232256;0
0.0;121208832;0
71.0;123232256;0
100.3;123232256;0
85.2;123228160;0
100.3;123228160;0
100.8;121208832;0
0.0;123785216;0
28.4;121208832;0
33.2;123228160;0
100.8;123228160;0
83.1;121208832;0
0.0;121208832;0
16.6;125530112;0
16.6;124076032;0
49.9;126099456;0
99.7;126099456;0
100.8;126095360;0
99.7;126095360;0
116.4;126074880;0
100.3;126074880;0
114.7;126074880;0
99.4;126074880;0
33.2;124051456;0
28.7;126074880;0
28.4;124051456;0
43.0;126074880;0
0.0;124051456;0
57.3;126074880;0
99.7;126074880;0
99.7;124051456;0
0.0;124051456;0
43.0;124051456;0
28.7;126070784;0
66.5;124051456;0
49.9;126074880;0
0.0;124051456;0
49.9;124051456;0
0.0;124051456;0
50.4;124051456;0
0.0;124051456;0
43.0;124051456;0
28.7;126070784;0
99.4;126070784;0
133.0;124051456;0
0.0;124051456;0
43.0;124051456;0
0.0;124051456;0
