0.0;10502144;0
0.0;10502144;0
0.0;10502144;0
0.0;10502144;0
0.0;10502144;0
49.9;12632064;0
100.3;12685312;0
49.9;12697600;0
99.7;12759040;0
57.3;12783616;0
99.7;12808192;0
66.5;12910592;0
86.0;10891264;0
71.7;13012992;0
99.7;11034624;0
84.0;13180928;0
85.2;11177984;0
83.1;13266944;0
83.1;11243520;0
86.0;13266944;0
71.0;11243520;0
100.8;13332480;0
66.5;11309056;0
100.3;13393920;0
56.8;13692928;0
100.8;13463552;0
66.5;13463552;0
100.3;13463552;0
71.7;13590528;173
99.7;13590528;0
49.9;13541376;0
100.3;13541376;0
71.7;13574144;0
99.7;13574144;0
50.4;13598720;0
99.7;13598720;0
71.7;13443072;0
99.7;13574144;0
33.6;17006592;0
199.5;54386688;0
143.3;84643840;0
199.5;106614784;0
133.0;108584960;607
113.6;106528768;133
43.0;108662784;0
99.7;106643456;0
33.2;108670976;0
86.0;106647552;0
56.8;108703744;0
99.7;106680320;0
49.9;108703744;0
84.0;106680320;0
42.6;108703744;0
71.7;106680320;0
49.9;108699648;0
83.1;106680320;0
66.5;108699648;0
86.0;106680320;0
71.7;108703744;0
66.5;106680320;0
84.0;108703744;0
49.9;106680320;0
86.0;108703744;0
42.6;106680320;0
100.8;108720128;0
33.2;106696704;0
99.7;108720128;0
16.8;110723072;0
99.4;108716032;0
28.7;108720128;0
99.4;108720128;0
33.6;108716032;0
28.7;108716032;0
11.1;112750592;0
37.5;112750592;0
66.5;112750592;0
50.0;118456320;0
166.2;116436992;0
216.1;115630080;0
151.2;117620736;0
166.2;113627136;0
199.5;116187136;0
198.9;116187136;0
157.7;116183040;0
182.8;112168960;0
133.0;114184192;0
184.8;112160768;0
71.0;112160768;0
100.3;112160768;0
113.6;112156672;0
100.8;112156672;0
116.4;112160768;0
99.7;112160768;0
84.0;112160768;0
99.7;112160768;0
100.3;112160768;0
99.4;112160768;0
143.3;112160768;0
100.3;112160768;0
149.6;112156672;0
50.4;110137344;0
99.7;112160768;0
33.2;112156672;0
99.7;112156672;0
33.2;112160768;0
86.0;112160768;0
99.4;112160768;0
71.7;110137344;0
33.2;112156672;0
83.1;110137344;0
49.9;112156672;0
99.7;112156672;0
117.6;112156672;0
99.4;112156672;0
86.0;115019776;0
100.3;115019776;0
56.8;115019776;0
99.7;115019776;0
149.6;117039104;0
117.6;115019776;0
66.5;115023872;0
83.1;113000448;0
84.0;115019776;0
66.5;113000448;0
99.7;115019776;0
99.4;115019776;0
114.7;115019776;0
114.7;118448128;0
127.8;115019776;0
43.0;115023872;0
99.7;115023872;0
99.7;115023872;0
99.7;115023872;0
133.0;115023872;0
100.8;115023872;0
71.0;115023872;0
86.0;113000448;0
57.3;115023872;0
56.8;113000448;0
71.7;115023872;0
99.4;115023872;0
86.0;115023872;0
14.3;113000448;0
99.7;115023872;0
83.1;115494912;0
100.8;115019776;0
83.1;115019776;0
99.7;115019776;0
133.0;117039104;0
116.4;113000448;0
50.4;115019776;0
99.7;115019776;0
83.1;117886976;0
67.2;115863552;0
49.9;117886976;0
99.7;117886976;0
182.8;119910400;0
149.6;117886976;0
85.2;117882880;0
57.3;115863552;0
100.3;117882880;0
83.1;117891072;0
99.7;117891072;0
117.6;117891072;0
99.7;117891072;0
83.1;117891072;0
66.5;117891072;0
71.0;117891072;0
83.1;117891072;0
134.4;117891072;0
57.3;115867648;0
85.2;117891072;0
33.2;117886976;0
100.8;117886976;0
49.9;117891072;0
99.7;117891072;0
66.5;117891072;0
99.4;117891072;0
151.2;117891072;0
57.3;115867648;0
66.5;117891072;0
43.0;115867648;0
100.8;117891072;0
83.1;115867648;0
99.7;117891072;0
49.9;117886976;0
86.0;115867648;0
14.3;117891072;0
83.1;115867648;0
0.0;115867648;0
100.8;120754176;0
99.7;120754176;0
133.0;120754176;0
85.2;118734848;0
99.7;120758272;0
84.0;120758272;0
99.7;120758272;0
83.1;120754176;0
33.6;118734848;0
49.9;120758272;0
49.9;118734848;0
71.7;120754176;0
28.4;118734848;0
83.1;120754176;0
84.0;118734848;0
100.3;120754176;0
113.6;120758272;0
100.3;120758272;0
43.0;120758272;0
99.4;120758272;0
43.0;120754176;0
99.4;120754176;0
86.0;120754176;0
100.3;120754176;0
127.8;120754176;0
57.3;118734848;0
84.0;120758272;0
33.2;118734848;0
33.2;120758272;0
71.7;118734848;0
71.0;120754176;0
100.3;120754176;0
86.0;120754176;0
56.8;118734848;0
86.0;120758272;0
28.7;121278464;0
99.4;120758272;0
49.9;118734848;0
116.4;123617280;0
99.7;124780544;0
134.4;123617280;0
99.7;123621376;0
99.7;123621376;0
84.0;123621376;0
99.7;123621376;0
133.0;123621376;0
99.7;121597952;0
56.8;123621376;0
71.7;121597952;0
71.7;123617280;0
99.4;123617280;0
114.7;123617280;0
71.7;121597952;0
99.7;123621376;0
116.4;123621376;0
99.7;123621376;0
33.2;123617280;0
84.0;123617280;0
99.7;123617280;0
99.4;123617280;0
157.7;123621376;0
100.3;123621376;0
85.2;123621376;0
86.0;123621376;0
99.4;123621376;0
86.0;123617280;0
43.0;121597952;0
85.2;123617280;0
83.1;124272640;0
99.7;123621376;0
42.6;123617280;0
100.3;123617280;0
114.7;123621376;0
99.4;123621376;0
83.1;126484480;0
100.8;126484480;0
49.9;126484480;0
99.7;126484480;0
71.7;126484480;0
99.7;126484480;0
133.0;126484480;0
84.0;126484480;0
114.7;126488576;0
28.4;126488576;0
85.2;124465152;0
43.0;126488576;0
84.0;124465152;0
49.9;126484480;0
99.7;126484480;0
83.1;126488576;0
99.4;126488576;0
166.2;126484480;0
100.8;128503808;0
57.3;124465152;0
28.4;126488576;0
99.7;126488576;0
117.6;126488576;0
57.3;124465152;0
83.1;126484480;0
33.2;124465152;0
99.7;126484480;0
99.7;124465152;0
100.3;126484480;0
14.3;126484480;0
99.7;126484480;0
116.4;126484480;0
100.8;124465152;0
49.9;126488576;0
71.0;124465152;0
57.3;126484480;0
