8.4;2.8;0.3;0.0;274.0


8.3;125.8;7.3;0.0;274.0


8.3;93.6;7.4;0.0;274.0


2.4;83.6;8.3;0.0;274.0


1.2;0.3;0.0;0.0;274.0


4.8;25.5;1.0;0.0;274.0


6.9;2.3;0.2;8.0;437.0


8.4;0.0;0.0;5.0;571.0


8.3;0.0;0.0;6.0;701.0


8.4;0.0;0.0;5.0;823.0


8.4;0.2;0.0;4.0;957.0


8.4;70.2;67.7;4.0;1079.0


8.4;84.8;353.6;22.0;1755.0


26.3;0.0;0.0;70.0;1755.0


0.0;0.1;0.0;0.0;1755.0


0.0;0.3;0.0;0.0;1755.0


11.1;1208.5;52.8;0.0;1755.0


8.3;284.3;12.7;0.0;1755.0


8.3;0.0;0.0;0.0;1755.0


8.3;0.0;0.0;0.0;1755.0


8.3;0.0;0.0;0.0;1755.0


8.3;0.0;0.0;0.0;1755.0


8.4;0.0;0.0;0.0;1755.0


8.3;0.0;0.0;0.0;1755.0


8.4;0.0;0.0;0.0;1755.0


8.3;0.0;0.0;0.0;1755.0


8.4;0.0;0.0;0.0;1755.0


8.3;0.0;0.0;0.0;1755.0


8.4;0.0;0.0;0.0;1755.0


8.4;0.0;0.0;0.0;1755.0


8.3;0.0;0.0;0.0;1755.0


8.4;0.0;0.0;0.0;1755.0


8.3;0.0;0.0;0.0;1755.0


8.3;0.0;0.0;0.0;1755.0


8.3;0.0;0.0;0.0;1755.0


8.4;0.0;0.0;0.0;1755.0


8.4;0.0;0.0;0.0;1755.0


8.3;0.0;0.0;0.0;1755.0


0.0;0.1;0.0;0.0;1755.0


0.0;0.3;0.0;0.0;1755.0


10.7;1206.6;52.7;0.0;1755.0


8.4;286.8;12.8;0.0;1755.0


8.3;0.0;0.0;0.0;1755.0


8.4;0.0;0.0;0.0;1755.0


8.4;0.0;0.0;0.0;1755.0


8.4;0.0;0.0;0.0;1755.0


8.4;0.0;0.0;0.0;1755.0


8.4;0.0;0.0;0.0;1755.0


8.4;0.0;0.0;0.0;1755.0


8.3;0.0;0.0;0.0;1755.0


8.4;0.0;0.0;0.0;1755.0


8.3;0.0;0.0;0.0;1755.0


8.3;0.0;0.0;0.0;1755.0


8.4;0.0;0.0;0.0;1755.0


8.3;0.0;0.0;0.0;1755.0


8.4;0.0;0.0;0.0;1755.0


8.3;0.0;0.0;0.0;1755.0


8.3;0.0;0.0;0.0;1755.0


8.4;0.0;0.0;0.0;1755.0


8.3;0.0;0.0;0.0;1755.0


8.4;0.0;0.0;0.0;1755.0


8.3;1.0;0.3;0.0;1755.0


8.4;0.0;0.0;0.0;1755.0


8.3;0.0;0.0;0.0;1755.0


8.3;0.0;0.0;0.0;1755.0


8.4;0.0;0.0;0.0;1755.0


8.3;0.0;0.0;0.0;1755.0


8.3;0.0;0.0;0.0;1755.0


8.3;0.0;0.0;0.0;1755.0


8.3;0.0;0.0;0.0;1755.0


8.3;0.0;0.0;0.0;1755.0


8.4;0.0;0.0;0.0;1755.0


8.3;0.2;0.0;43.0;1765.0


50.2;0.0;0.0;39.0;2403.0


8.3;0.0;0.0;47.0;2403.0


8.4;0.0;0.0;47.0;2403.0


8.4;0.0;0.0;46.0;2403.0


8.4;0.0;0.0;46.0;2403.0


8.4;0.0;0.0;47.0;2403.0


8.3;0.0;0.0;48.0;2403.0


8.4;0.0;0.0;47.0;2403.0


8.3;0.0;0.0;47.0;2403.0


8.3;0.0;0.0;47.0;2403.0


8.3;0.0;0.0;47.0;2403.0


8.3;0.0;0.0;48.0;2403.0


8.3;0.0;0.0;47.0;2405.0


0.0;3.8;0.3;0.0;2405.0


0.0;0.3;0.0;0.0;2405.0


9.7;1185.8;51.8;0.0;2405.0


8.4;307.2;13.7;0.0;2405.0


8.4;0.0;0.0;0.0;2405.0


8.3;0.0;0.0;0.0;2405.0


8.4;0.0;0.0;0.0;2405.0


8.3;0.0;0.0;0.0;2405.0


8.4;0.0;0.0;0.0;2405.0


8.4;0.0;0.0;0.0;2405.0


8.3;0.0;0.0;0.0;2405.0


8.4;0.0;0.0;0.0;2405.0


8.3;0.0;0.0;0.0;2405.0


8.4;0.0;0.0;0.0;2405.0


8.3;0.0;0.0;0.0;2405.0


8.4;0.0;0.0;0.0;2405.0


8.4;0.0;0.0;0.0;2405.0


8.3;0.0;0.0;0.0;2405.0


8.3;0.0;0.0;0.0;2405.0


8.3;0.0;0.0;0.0;2405.0


8.3;0.0;0.0;0.0;2405.0


8.4;0.0;0.0;0.0;2405.0


8.3;0.0;0.0;0.0;2405.0


8.4;0.0;0.0;0.0;2405.0


0.0;0.1;0.0;0.0;2405.0


0.0;0.3;0.0;0.0;2405.0


7.2;1205.1;52.7;0.0;2405.0


8.4;287.4;12.8;0.0;2405.0


8.4;0.0;0.0;0.0;2405.0


8.3;0.0;0.0;0.0;2405.0


8.4;0.0;0.0;0.0;2405.0


8.3;0.0;0.0;0.0;2405.0


8.3;0.0;0.0;0.0;2405.0


8.3;0.0;0.0;0.0;2405.0


8.3;0.0;0.0;0.0;2405.0


8.3;0.0;0.0;0.0;2405.0


8.3;0.0;0.0;0.0;2405.0


8.3;0.0;0.0;0.0;2405.0


8.4;0.0;0.0;0.0;2405.0


8.3;0.0;0.0;0.0;2405.0


8.4;0.0;0.0;0.0;2405.0


8.3;0.0;0.0;0.0;2405.0


8.4;0.0;0.0;0.0;2405.0


8.3;0.0;0.0;0.0;2405.0


8.4;0.0;0.0;0.0;2405.0


8.4;0.0;0.0;0.0;2405.0


8.3;0.0;0.0;0.0;2405.0


8.4;1.0;0.3;0.0;2405.0


8.3;0.0;0.0;0.0;2405.0


8.4;0.0;0.0;0.0;2405.0


8.3;0.0;0.0;0.0;2405.0


8.4;0.0;0.0;0.0;2405.0


8.4;0.0;0.0;0.0;2405.0


8.3;0.0;0.0;0.0;2405.0


8.3;0.0;0.0;0.0;2405.0


8.3;0.0;0.0;0.0;2405.0


8.3;0.0;0.0;0.0;2405.0


8.4;0.0;0.0;0.0;2405.0


8.3;0.0;0.0;72.0;2409.0


8.4;0.0;0.0;42.0;3051.0


32.0;0.0;0.0;44.0;3051.0


8.4;0.0;0.0;46.0;3051.0


8.4;0.0;0.0;42.0;3051.0


8.4;0.0;0.0;46.0;3051.0


8.4;0.0;0.0;46.0;3051.0


8.3;0.0;0.0;47.0;3051.0


8.4;0.0;0.0;47.0;3051.0


8.3;0.0;0.0;47.0;3051.0


8.3;0.0;0.0;47.0;3051.0


8.3;0.0;0.0;48.0;3051.0


8.3;0.0;0.0;48.0;3051.0


8.3;0.0;0.0;48.0;3051.0


1.4;3.8;0.3;22.0;3051.0


0.0;0.3;0.0;0.0;3051.0


7.2;528.4;23.0;0.0;3051.0


8.3;963.0;42.3;0.0;3051.0


8.4;1.0;0.3;0.0;3051.0


8.3;0.0;0.0;0.0;3051.0


8.4;0.0;0.0;0.0;3051.0


8.3;0.0;0.0;0.0;3051.0


8.4;0.0;0.0;0.0;3051.0


8.4;0.0;0.0;0.0;3051.0


8.3;0.0;0.0;0.0;3051.0


8.4;0.0;0.0;0.0;3051.0


8.3;0.0;0.0;0.0;3051.0


8.3;0.0;0.0;0.0;3051.0


8.3;0.0;0.0;0.0;3051.0


8.4;0.0;0.0;0.0;3051.0


8.4;0.0;0.0;0.0;3051.0


8.3;0.0;0.0;0.0;3051.0


8.3;0.0;0.0;0.0;3051.0


8.3;0.0;0.0;0.0;3051.0


8.3;0.0;0.0;0.0;3051.0


8.4;0.0;0.0;0.0;3051.0


8.3;0.0;0.0;0.0;3051.0


8.4;0.0;0.0;0.0;3051.0


0.0;0.1;0.0;0.0;3051.0


0.0;0.3;0.0;0.0;3051.0


9.6;530.9;23.1;0.0;3051.0


8.4;960.1;42.2;0.0;3051.0


8.4;1.0;0.3;0.0;3051.0


8.3;0.0;0.0;0.0;3051.0


8.4;0.0;0.0;0.0;3051.0


8.3;0.0;0.0;0.0;3051.0


8.3;0.0;0.0;0.0;3051.0


8.4;0.0;0.0;0.0;3051.0


8.3;0.0;0.0;0.0;3051.0


8.4;0.0;0.0;0.0;3051.0


8.3;0.0;0.0;0.0;3051.0


8.3;0.0;0.0;0.0;3051.0


8.4;0.0;0.0;0.0;3051.0


8.3;0.0;0.0;0.0;3051.0


8.4;0.0;0.0;0.0;3051.0


8.3;0.0;0.0;0.0;3051.0


8.4;0.0;0.0;0.0;3051.0


8.3;0.0;0.0;0.0;3051.0


8.3;0.0;0.0;0.0;3051.0


8.4;0.0;0.0;0.0;3051.0


8.3;0.0;0.0;0.0;3051.0


8.3;0.0;0.0;0.0;3051.0


8.3;1.0;0.3;0.0;3051.0


8.3;0.0;0.0;0.0;3051.0


8.3;0.0;0.0;0.0;3051.0


8.4;0.0;0.0;0.0;3051.0


8.4;0.0;0.0;0.0;3051.0


8.3;0.0;0.0;0.0;3051.0


8.3;0.0;0.0;0.0;3051.0


8.3;0.0;0.0;0.0;3051.0


8.3;0.0;0.0;0.0;3051.0


8.4;0.0;0.0;0.0;3051.0


8.3;0.0;0.0;23.0;3051.0


15.2;0.0;0.0;41.0;3051.0


8.4;0.0;0.0;46.0;3051.0


8.3;0.0;0.0;47.0;3051.0


8.3;0.0;0.0;48.0;3051.0


8.3;0.0;0.0;47.0;3051.0


8.4;0.0;0.0;48.0;3051.0


8.4;0.0;0.0;48.0;3051.0


8.3;0.0;0.0;48.0;3051.0


8.3;0.0;0.0;48.0;3051.0


8.3;0.0;0.0;48.0;3051.0


8.3;0.0;0.0;48.0;3051.0


8.4;0.0;0.0;48.0;3051.0


8.3;0.0;0.0;48.0;3051.0


0.0;3.7;0.3;0.0;3051.0


0.0;0.3;0.0;0.0;3051.0


9.6;865.2;37.8;0.0;3051.0


8.4;627.4;27.8;0.0;3051.0


8.4;0.0;0.0;0.0;3051.0


8.4;0.0;0.0;0.0;3051.0


8.3;0.0;0.0;0.0;3051.0


8.4;0.0;0.0;0.0;3051.0


8.3;0.0;0.0;0.0;3051.0


8.3;0.0;0.0;0.0;3051.0


8.4;0.0;0.0;0.0;3051.0


8.3;0.0;0.0;0.0;3051.0


8.4;0.0;0.0;0.0;3051.0


8.3;0.0;0.0;0.0;3051.0


8.3;0.0;0.0;0.0;3051.0


8.4;0.0;0.0;0.0;3051.0


8.3;0.0;0.0;0.0;3051.0


8.4;0.0;0.0;0.0;3051.0


8.3;0.0;0.0;0.0;3051.0


8.4;0.0;0.0;0.0;3051.0


8.3;0.0;0.0;0.0;3051.0


8.3;0.0;0.0;0.0;3051.0


8.4;0.0;0.0;0.0;3051.0


8.3;0.0;0.0;0.0;3051.0


0.0;0.1;0.0;0.0;3051.0


0.0;0.3;0.0;0.0;3051.0


5.5;866.6;37.8;0.0;3051.0


8.3;626.1;27.7;0.0;3051.0


8.4;0.0;0.0;0.0;3051.0


8.4;0.0;0.0;0.0;3051.0


8.3;0.0;0.0;0.0;3051.0


8.3;0.0;0.0;0.0;3051.0


8.3;0.0;0.0;0.0;3051.0


8.3;0.0;0.0;0.0;3051.0


8.4;0.0;0.0;0.0;3051.0


8.3;0.0;0.0;0.0;3051.0


8.4;0.0;0.0;0.0;3051.0


8.3;0.0;0.0;0.0;3051.0


8.4;0.0;0.0;0.0;3051.0


8.4;0.0;0.0;0.0;3051.0


8.4;0.0;0.0;0.0;3051.0


8.4;0.0;0.0;0.0;3051.0


8.3;0.0;0.0;0.0;3051.0


8.4;0.0;0.0;0.0;3051.0


8.3;0.0;0.0;0.0;3051.0


8.3;0.0;0.0;0.0;3051.0


8.4;0.0;0.0;0.0;3051.0


8.3;0.0;0.0;0.0;3051.0


8.4;1.0;0.3;0.0;3051.0


8.3;0.0;0.0;0.0;3051.0


8.3;0.0;0.0;0.0;3051.0


8.4;0.0;0.0;0.0;3051.0


8.3;0.0;0.0;0.0;3051.0


8.4;0.0;0.0;0.0;3051.0


8.3;0.0;0.0;0.0;3051.0


8.4;0.0;0.0;0.0;3051.0


8.3;0.0;0.0;0.0;3051.0


8.3;0.0;0.0;0.0;3051.0


8.4;0.0;0.0;86.0;3051.0


8.3;0.0;0.0;44.0;3051.0


14.3;0.0;0.0;46.0;3051.0


8.3;0.0;0.0;48.0;3051.0


8.3;0.0;0.0;47.0;3051.0


8.3;0.0;0.0;47.0;3051.0


8.4;0.0;0.0;47.0;3051.0


8.4;0.0;0.0;48.0;3051.0


8.3;0.0;0.0;48.0;3051.0


8.3;0.0;0.0;48.0;3051.0


8.3;0.0;0.0;48.0;3051.0


8.3;0.0;0.0;44.0;3051.0


