7.2;3.0;0.3;0.0;282.0


8.3;126.0;7.3;0.0;282.0


8.4;94.0;7.5;0.0;282.0


1.2;82.8;8.2;0.0;282.0


0.0;0.3;0.0;0.0;282.0


7.2;28.6;1.1;0.0;282.0


8.4;0.3;0.0;7.0;469.0


8.4;0.0;0.0;5.0;609.0


8.3;0.0;0.0;6.0;745.0


8.4;0.2;0.0;4.0;867.0


8.3;0.0;0.0;4.0;1047.0


8.4;70.2;67.7;8.0;1491.0


8.3;84.8;353.6;34.0;1759.0


0.0;0.1;0.0;15.0;1759.0


0.0;0.3;0.0;0.0;1759.0


8.3;574.7;25.1;0.0;1759.0


8.4;914.7;40.2;0.0;1759.0


8.3;1.0;0.3;0.0;1759.0


8.3;0.0;0.0;0.0;1759.0


8.3;0.0;0.0;0.0;1759.0


8.3;0.0;0.0;0.0;1759.0


8.4;0.0;0.0;0.0;1759.0


8.4;0.0;0.0;0.0;1759.0


8.3;0.0;0.0;0.0;1759.0


8.4;0.0;0.0;0.0;1759.0


8.3;0.0;0.0;0.0;1759.0


8.4;0.0;0.0;0.0;1759.0


8.4;0.0;0.0;0.0;1759.0


8.4;0.0;0.0;0.0;1759.0


8.3;0.0;0.0;0.0;1759.0


8.3;0.0;0.0;0.0;1759.0


8.3;0.0;0.0;0.0;1759.0


8.3;0.0;0.0;0.0;1759.0


8.4;0.0;0.0;0.0;1759.0


8.3;0.0;0.0;0.0;1759.0


8.4;0.0;0.0;0.0;1759.0


8.4;0.0;0.0;0.0;1759.0


0.0;0.1;0.0;0.0;1759.0


0.0;0.3;0.0;0.0;1759.0


9.5;917.2;40.0;0.0;1759.0


8.4;575.2;25.5;0.0;1759.0


8.4;0.0;0.0;0.0;1759.0


8.4;0.0;0.0;0.0;1759.0


8.4;0.0;0.0;0.0;1759.0


8.3;0.0;0.0;0.0;1759.0


8.4;0.0;0.0;0.0;1759.0


8.3;0.0;0.0;0.0;1759.0


8.4;0.0;0.0;0.0;1759.0


8.3;0.0;0.0;0.0;1759.0


8.3;0.0;0.0;0.0;1759.0


8.4;0.0;0.0;0.0;1759.0


8.3;0.0;0.0;0.0;1759.0


8.3;0.0;0.0;0.0;1759.0


8.3;0.0;0.0;0.0;1759.0


8.3;0.0;0.0;0.0;1759.0


8.3;0.0;0.0;0.0;1759.0


8.3;0.0;0.0;0.0;1759.0


8.4;0.0;0.0;0.0;1759.0


8.4;0.0;0.0;0.0;1759.0


8.3;0.0;0.0;0.0;1759.0


8.4;0.0;0.0;0.0;1759.0


8.3;1.0;0.3;0.0;1759.0


8.4;0.0;0.0;0.0;1759.0


8.3;0.0;0.0;0.0;1759.0


8.4;0.0;0.0;0.0;1759.0


8.3;0.0;0.0;0.0;1759.0


8.3;0.0;0.0;0.0;1759.0


8.3;0.0;0.0;0.0;1759.0


8.3;0.0;0.0;0.0;1759.0


8.3;0.0;0.0;0.0;1759.0


8.3;0.0;0.0;0.0;1759.0


8.4;0.0;0.0;83.0;1759.0


8.3;0.2;0.0;51.0;2381.0


8.3;0.0;0.0;44.0;2381.0


8.4;0.0;0.0;46.0;2381.0


8.3;0.0;0.0;47.0;2381.0


8.4;0.0;0.0;46.0;2381.0


8.4;0.0;0.0;46.0;2381.0


8.4;0.0;0.0;45.0;2381.0


8.4;0.0;0.0;47.0;2381.0


8.3;0.0;0.0;47.0;2381.0


8.4;0.0;0.0;47.0;2381.0


8.3;0.0;0.0;47.0;2381.0


8.4;0.0;0.0;47.0;2381.0


8.3;0.0;0.0;47.0;2381.0


0.0;3.7;0.3;5.0;2381.0


0.0;0.3;0.0;0.0;2381.0


8.3;577.0;25.1;0.0;2381.0


8.3;913.9;40.1;0.0;2381.0


8.4;1.0;0.3;0.0;2381.0


8.3;0.0;0.0;0.0;2381.0


8.4;0.0;0.0;0.0;2381.0


8.3;0.0;0.0;0.0;2381.0


8.4;0.0;0.0;0.0;2381.0


8.4;0.0;0.0;0.0;2381.0


8.3;0.0;0.0;0.0;2381.0


8.4;0.0;0.0;0.0;2381.0


8.3;0.0;0.0;0.0;2381.0


8.4;0.0;0.0;0.0;2381.0


8.3;0.0;0.0;0.0;2381.0


8.3;0.0;0.0;0.0;2381.0


8.3;0.0;0.0;0.0;2381.0


8.3;0.0;0.0;0.0;2381.0


8.3;0.0;0.0;0.0;2381.0


8.3;0.0;0.0;0.0;2381.0


8.3;0.0;0.0;0.0;2381.0


8.3;0.0;0.0;0.0;2381.0


8.4;0.0;0.0;0.0;2381.0


8.4;0.0;0.0;0.0;2381.0


0.0;0.1;0.0;0.0;2381.0


0.0;0.3;0.0;0.0;2381.0


9.5;910.6;39.8;0.0;2381.0


8.4;581.6;25.8;0.0;2381.0


8.4;0.0;0.0;0.0;2381.0


8.3;0.0;0.0;0.0;2381.0


8.4;0.0;0.0;0.0;2381.0


8.3;0.0;0.0;0.0;2381.0


8.4;0.0;0.0;0.0;2381.0


8.3;0.0;0.0;0.0;2381.0


8.4;0.0;0.0;0.0;2381.0


8.4;0.0;0.0;0.0;2381.0


8.3;0.0;0.0;0.0;2381.0


8.4;0.0;0.0;0.0;2381.0


8.3;0.0;0.0;0.0;2381.0


8.3;0.0;0.0;0.0;2381.0


8.4;0.0;0.0;0.0;2381.0


8.3;0.0;0.0;0.0;2381.0


8.4;0.0;0.0;0.0;2381.0


8.3;0.0;0.0;0.0;2381.0


8.4;0.0;0.0;0.0;2381.0


8.4;0.0;0.0;0.0;2381.0


8.3;0.0;0.0;0.0;2381.0


8.4;0.0;0.0;0.0;2381.0


8.3;1.0;0.3;0.0;2381.0


8.4;0.0;0.0;0.0;2381.0


8.3;0.0;0.0;0.0;2381.0


8.3;0.0;0.0;0.0;2381.0


8.3;0.0;0.0;0.0;2381.0


8.3;0.0;0.0;0.0;2381.0


8.3;0.0;0.0;0.0;2381.0


8.3;0.0;0.0;0.0;2381.0


8.3;0.0;0.0;0.0;2381.0


8.3;0.0;0.0;0.0;2381.0


8.4;0.0;0.0;53.0;2387.0


32.2;0.0;0.0;44.0;3001.0


8.3;0.0;0.0;38.0;3001.0


8.4;0.0;0.0;47.0;3001.0


8.3;0.0;0.0;46.0;3001.0


8.4;0.0;0.0;46.0;3001.0


8.4;0.0;0.0;46.0;3001.0


8.3;0.0;0.0;47.0;3001.0


8.4;0.0;0.0;47.0;3001.0


8.3;0.0;0.0;47.0;3001.0


8.4;0.0;0.0;47.0;3001.0


8.3;0.0;0.0;46.0;3001.0


8.4;0.0;0.0;46.0;3001.0


8.4;0.0;0.0;46.0;3001.0


0.0;3.7;0.3;0.0;3001.0


0.0;0.3;0.0;0.0;3001.0


7.1;926.2;40.4;0.0;3001.0


8.3;567.4;25.1;0.0;3001.0


8.4;0.0;0.0;0.0;3001.0


8.3;0.0;0.0;0.0;3001.0


8.4;0.0;0.0;0.0;3001.0


8.3;0.0;0.0;0.0;3001.0


8.4;0.0;0.0;0.0;3001.0


8.4;0.0;0.0;0.0;3001.0


8.4;0.0;0.0;0.0;3001.0


8.4;0.0;0.0;0.0;3001.0


8.3;0.0;0.0;0.0;3001.0


8.4;0.0;0.0;0.0;3001.0


8.3;0.0;0.0;0.0;3001.0


8.3;0.0;0.0;0.0;3001.0


8.3;0.0;0.0;0.0;3001.0


8.3;0.0;0.0;0.0;3001.0


8.3;0.0;0.0;0.0;3001.0


8.3;0.0;0.0;0.0;3001.0


8.3;0.0;0.0;0.0;3001.0


8.3;0.0;0.0;0.0;3001.0


8.3;0.0;0.0;0.0;3001.0


8.4;0.0;0.0;0.0;3001.0


0.0;0.1;0.0;0.0;3001.0


0.0;0.3;0.0;0.0;3001.0


11.8;923.1;40.3;0.0;3001.0


8.4;569.9;25.3;0.0;3001.0


8.4;0.0;0.0;0.0;3001.0


8.3;0.0;0.0;0.0;3001.0


8.4;0.0;0.0;0.0;3001.0


8.3;0.0;0.0;0.0;3001.0


8.4;0.0;0.0;0.0;3001.0


8.3;0.0;0.0;0.0;3001.0


8.4;0.0;0.0;0.0;3001.0


8.4;0.0;0.0;0.0;3001.0


8.3;0.0;0.0;0.0;3001.0


8.3;0.0;0.0;0.0;3001.0


8.3;0.0;0.0;0.0;3001.0


8.3;0.0;0.0;0.0;3001.0


8.4;0.0;0.0;0.0;3001.0


8.3;0.0;0.0;0.0;3001.0


8.4;0.0;0.0;0.0;3001.0


8.3;0.0;0.0;0.0;3001.0


8.4;0.0;0.0;0.0;3001.0


8.4;0.0;0.0;0.0;3001.0


8.4;0.0;0.0;0.0;3001.0


8.4;1.0;0.3;0.0;3001.0


8.3;0.0;0.0;0.0;3001.0


8.4;0.0;0.0;0.0;3001.0


8.3;0.0;0.0;0.0;3001.0


8.3;0.0;0.0;0.0;3001.0


8.3;0.0;0.0;0.0;3001.0


8.3;0.0;0.0;0.0;3001.0


8.3;0.0;0.0;0.0;3001.0


8.3;0.0;0.0;0.0;3001.0


8.3;0.0;0.0;0.0;3001.0


8.4;0.0;0.0;0.0;3001.0


8.4;0.0;0.0;68.0;3001.0


8.4;0.0;0.0;45.0;3619.0


8.3;0.0;0.0;47.0;3619.0


8.4;0.0;0.0;46.0;3619.0


8.3;0.0;0.0;47.0;3619.0


8.4;0.0;0.0;46.0;3619.0


8.4;0.0;0.0;46.0;3619.0


8.3;0.0;0.0;47.0;3619.0


8.4;0.0;0.0;46.0;3619.0


8.3;0.0;0.0;47.0;3619.0


8.4;0.0;0.0;46.0;3619.0


8.3;0.0;0.0;47.0;3619.0


8.4;0.0;0.0;47.0;3619.0


8.4;0.0;0.0;47.0;3619.0


0.0;3.7;0.3;0.0;3619.0


0.0;0.3;0.0;0.0;3619.0


7.1;885.6;38.7;0.0;3619.0


8.3;605.8;26.8;0.0;3619.0


8.4;0.0;0.0;0.0;3619.0


8.3;0.0;0.0;0.0;3619.0


8.4;0.0;0.0;0.0;3619.0


8.4;0.0;0.0;0.0;3619.0


8.4;0.0;0.0;0.0;3619.0


8.4;0.0;0.0;0.0;3619.0


8.4;0.0;0.0;0.0;3619.0


8.4;0.0;0.0;0.0;3619.0


8.3;0.0;0.0;0.0;3619.0


8.4;0.0;0.0;0.0;3619.0


8.3;0.0;0.0;0.0;3619.0


8.3;0.0;0.0;0.0;3619.0


8.4;0.0;0.0;0.0;3619.0


8.3;0.0;0.0;0.0;3619.0


8.4;0.0;0.0;0.0;3619.0


8.3;0.0;0.0;0.0;3619.0


8.3;0.0;0.0;0.0;3619.0


8.4;0.0;0.0;0.0;3619.0


8.3;0.0;0.0;0.0;3619.0


8.4;0.0;0.0;0.0;3619.0


0.0;0.1;0.0;0.0;3619.0


0.0;0.3;0.0;0.0;3619.0


8.3;1250.8;54.7;0.0;3619.0


8.3;242.6;10.9;0.0;3619.0


8.4;0.0;0.0;0.0;3619.0


8.3;0.0;0.0;0.0;3619.0


8.3;0.0;0.0;0.0;3619.0


8.3;0.0;0.0;0.0;3619.0


8.3;0.0;0.0;0.0;3619.0


8.3;0.0;0.0;0.0;3619.0


8.4;0.0;0.0;0.0;3619.0


8.4;0.0;0.0;0.0;3619.0


8.3;0.0;0.0;0.0;3619.0


8.3;0.0;0.0;0.0;3619.0


8.3;0.0;0.0;0.0;3619.0


8.3;0.0;0.0;0.0;3619.0


8.4;0.0;0.0;0.0;3619.0


8.3;0.0;0.0;0.0;3619.0


8.4;0.0;0.0;0.0;3619.0


8.4;0.0;0.0;0.0;3619.0


8.4;0.0;0.0;0.0;3619.0


8.4;0.0;0.0;0.0;3619.0


8.4;0.0;0.0;0.0;3619.0


8.4;1.0;0.3;0.0;3619.0


8.3;0.0;0.0;0.0;3619.0


8.4;0.0;0.0;0.0;3619.0


8.3;0.0;0.0;0.0;3619.0


8.3;0.0;0.0;0.0;3619.0


8.4;0.0;0.0;0.0;3619.0


8.3;0.0;0.0;0.0;3619.0


8.4;0.0;0.0;0.0;3619.0


8.3;0.0;0.0;0.0;3619.0


8.3;0.0;0.0;0.0;3619.0


8.4;0.0;0.0;0.0;3619.0


8.3;0.0;0.0;42.0;3619.0


50.2;0.0;0.0;43.0;3619.0


8.3;0.0;0.0;46.0;3619.0


8.4;0.0;0.0;46.0;3619.0


8.3;0.0;0.0;46.0;3619.0


8.3;0.0;0.0;47.0;3619.0


8.4;0.0;0.0;47.0;3619.0


8.3;0.0;0.0;47.0;3619.0


8.3;0.0;0.0;47.0;3619.0


8.3;0.0;0.0;30.0;3619.0


8.3;0.0;0.0;47.0;3619.0


8.3;0.0;0.0;46.0;3619.0


8.4;0.0;0.0;47.0;3619.0


