8.4;0.4;0.0;0.0;282.0


7.2;128.6;7.6;0.0;282.0


8.4;93.6;7.5;0.0;282.0


1.2;83.2;8.2;0.0;282.0


0.0;0.3;0.0;0.0;282.0


8.3;28.0;1.1;0.0;282.0


8.4;0.3;0.0;8.0;463.0


8.3;0.0;0.0;5.0;593.0


8.3;0.0;0.0;7.0;743.0


8.3;0.2;0.0;5.0;859.0


8.3;0.0;0.0;4.0;1033.0


8.4;70.2;67.7;1.0;1479.0


8.3;84.8;353.6;21.0;1679.0


8.4;0.0;0.0;59.0;1679.0


0.0;0.1;0.0;0.0;1679.0


0.0;0.3;0.0;0.0;1679.0


9.8;1197.1;52.4;0.0;1679.0


8.3;294.6;13.2;0.0;1679.0


8.4;0.0;0.0;0.0;1679.0


8.3;0.0;0.0;0.0;1679.0


8.3;0.0;0.0;0.0;1679.0


8.4;0.0;0.0;0.0;1679.0


8.3;0.0;0.0;0.0;1679.0


8.3;0.0;0.0;0.0;1679.0


8.3;0.0;0.0;0.0;1679.0


8.3;0.0;0.0;0.0;1679.0


8.3;0.0;0.0;0.0;1679.0


8.4;0.0;0.0;0.0;1679.0


8.4;0.0;0.0;0.0;1679.0


8.3;0.0;0.0;0.0;1679.0


8.3;0.0;0.0;0.0;1679.0


8.3;0.0;0.0;0.0;1679.0


8.3;0.0;0.0;0.0;1679.0


8.4;0.0;0.0;0.0;1679.0


8.3;0.0;0.0;0.0;1679.0


8.4;0.0;0.0;0.0;1679.0


8.4;0.0;0.0;0.0;1679.0


4.8;0.1;0.0;0.0;1679.0


0.0;0.3;0.0;0.0;1679.0


3.6;226.2;9.7;0.0;1679.0


9.6;1264.7;55.6;0.0;1679.0


8.3;1.0;0.3;0.0;1679.0


8.3;0.0;0.0;0.0;1679.0


8.3;0.0;0.0;0.0;1679.0


8.3;0.0;0.0;0.0;1679.0


8.4;0.0;0.0;0.0;1679.0


8.3;0.0;0.0;0.0;1679.0


8.4;0.0;0.0;0.0;1679.0


8.3;0.0;0.0;0.0;1679.0


8.3;0.0;0.0;0.0;1679.0


8.4;0.0;0.0;0.0;1679.0


8.3;0.0;0.0;0.0;1679.0


8.4;0.0;0.0;0.0;1679.0


8.4;0.0;0.0;0.0;1679.0


8.4;0.0;0.0;0.0;1679.0


8.3;0.0;0.0;0.0;1679.0


8.3;0.0;0.0;0.0;1679.0


8.4;0.0;0.0;0.0;1679.0


8.3;0.0;0.0;0.0;1679.0


8.3;0.0;0.0;0.0;1679.0


8.3;0.0;0.0;0.0;1679.0


8.3;1.0;0.3;0.0;1679.0


8.4;0.0;0.0;0.0;1679.0


8.3;0.0;0.0;0.0;1679.0


8.4;0.0;0.0;0.0;1679.0


8.3;0.0;0.0;0.0;1679.0


8.3;0.0;0.0;0.0;1679.0


8.3;0.0;0.0;0.0;1679.0


8.3;0.0;0.0;0.0;1679.0


8.4;0.0;0.0;0.0;1679.0


8.3;0.0;0.0;0.0;1679.0


8.4;0.0;0.0;21.0;1679.0


8.4;0.2;0.0;48.0;2291.0


8.4;0.0;0.0;47.0;2291.0


8.4;0.0;0.0;48.0;2291.0


8.4;0.0;0.0;47.0;2291.0


8.4;0.0;0.0;48.0;2291.0


8.3;0.0;0.0;48.0;2291.0


8.3;0.0;0.0;48.0;2291.0


8.3;0.0;0.0;48.0;2291.0


8.3;0.0;0.0;47.0;2291.0


8.4;0.0;0.0;48.0;2291.0


8.3;0.0;0.0;48.0;2291.0


8.4;0.0;0.0;48.0;2291.0


8.3;0.0;0.0;41.0;2291.0


0.0;3.6;0.2;0.0;2291.0


0.0;0.3;0.0;0.0;2291.0


9.5;1231.2;53.8;0.0;2291.0


8.4;261.9;11.7;0.0;2291.0


8.4;0.0;0.0;0.0;2291.0


8.4;0.0;0.0;0.0;2291.0


8.4;0.0;0.0;0.0;2291.0


8.3;0.0;0.0;0.0;2291.0


8.4;0.0;0.0;0.0;2291.0


8.3;0.0;0.0;0.0;2291.0


8.3;0.0;0.0;0.0;2291.0


8.3;0.0;0.0;0.0;2291.0


8.3;0.0;0.0;0.0;2291.0


8.4;0.0;0.0;0.0;2291.0


8.3;0.0;0.0;0.0;2291.0


8.3;0.0;0.0;0.0;2291.0


8.3;0.0;0.0;0.0;2291.0


8.3;0.0;0.0;0.0;2291.0


8.3;0.0;0.0;0.0;2291.0


8.3;0.0;0.0;0.0;2291.0


8.4;0.0;0.0;0.0;2291.0


8.3;0.0;0.0;0.0;2291.0


8.3;0.0;0.0;0.0;2291.0


8.4;0.1;0.0;0.0;2291.0


0.0;0.3;0.0;0.0;2291.0


4.2;177.2;7.5;0.0;2291.0


9.6;1314.2;57.7;0.0;2291.0


8.4;1.0;0.3;0.0;2291.0


8.3;0.0;0.0;0.0;2291.0


8.3;0.0;0.0;0.0;2291.0


8.3;0.0;0.0;0.0;2291.0


8.3;0.0;0.0;0.0;2291.0


8.4;0.0;0.0;0.0;2291.0


8.3;0.0;0.0;0.0;2291.0


8.4;0.0;0.0;0.0;2291.0


8.4;0.0;0.0;0.0;2291.0


8.3;0.0;0.0;0.0;2291.0


8.4;0.0;0.0;0.0;2291.0


8.3;0.0;0.0;0.0;2291.0


8.4;0.0;0.0;0.0;2291.0


8.4;0.0;0.0;0.0;2291.0


8.4;0.0;0.0;0.0;2291.0


8.4;0.0;0.0;0.0;2291.0


8.3;0.0;0.0;0.0;2291.0


8.4;0.0;0.0;0.0;2291.0


8.3;0.0;0.0;0.0;2291.0


8.4;0.0;0.0;0.0;2291.0


8.3;1.0;0.3;0.0;2291.0


8.4;0.0;0.0;0.0;2291.0


8.4;0.0;0.0;0.0;2291.0


8.3;0.0;0.0;0.0;2291.0


8.3;0.0;0.0;0.0;2291.0


8.3;0.0;0.0;0.0;2291.0


8.3;0.0;0.0;0.0;2291.0


8.3;0.0;0.0;0.0;2291.0


8.3;0.0;0.0;0.0;2291.0


8.4;0.0;0.0;0.0;2291.0


8.3;0.0;0.0;3.0;2291.0


8.4;0.0;0.0;44.0;2297.0


50.0;0.0;0.0;46.0;2915.0


8.3;0.0;0.0;49.0;2915.0


8.4;0.0;0.0;47.0;2915.0


8.4;0.0;0.0;47.0;2915.0


8.4;0.0;0.0;48.0;2915.0


8.3;0.0;0.0;48.0;2915.0


8.3;0.0;0.0;49.0;2915.0


8.3;0.0;0.0;48.0;2915.0


8.3;0.0;0.0;48.0;2915.0


8.4;0.0;0.0;48.0;2915.0


8.3;0.0;0.0;47.0;2915.0


8.4;0.0;0.0;48.0;2915.0


1.2;3.7;0.3;23.0;2915.0


0.0;0.3;0.0;0.0;2915.0


4.2;176.7;7.6;0.0;2915.0


5.9;1312.6;57.7;0.0;2915.0


8.4;1.0;0.3;0.0;2915.0


8.4;0.0;0.0;0.0;2915.0


8.3;0.0;0.0;0.0;2915.0


8.4;0.0;0.0;0.0;2915.0


8.3;0.0;0.0;0.0;2915.0


8.4;0.0;0.0;0.0;2915.0


8.3;0.0;0.0;0.0;2915.0


8.4;0.0;0.0;0.0;2915.0


8.3;0.0;0.0;0.0;2915.0


8.3;0.0;0.0;0.0;2915.0


8.4;0.0;0.0;0.0;2915.0


8.3;0.0;0.0;0.0;2915.0


8.3;0.0;0.0;0.0;2915.0


8.3;0.0;0.0;0.0;2915.0


8.3;0.0;0.0;0.0;2915.0


8.3;0.0;0.0;0.0;2915.0


8.3;0.0;0.0;0.0;2915.0


8.4;0.0;0.0;0.0;2915.0


8.4;0.0;0.0;0.0;2915.0


8.3;0.0;0.0;0.0;2915.0


0.0;0.1;0.0;0.0;2915.0


0.0;0.3;0.0;0.0;2915.0


11.2;513.4;22.3;0.0;2915.0


8.3;977.9;43.0;0.0;2915.0


8.4;1.0;0.3;0.0;2915.0


8.3;0.0;0.0;0.0;2915.0


8.3;0.0;0.0;0.0;2915.0


8.3;0.0;0.0;0.0;2915.0


8.3;0.0;0.0;0.0;2915.0


8.3;0.0;0.0;0.0;2915.0


8.3;0.0;0.0;0.0;2915.0


8.4;0.0;0.0;0.0;2915.0


8.4;0.0;0.0;0.0;2915.0


8.3;0.0;0.0;0.0;2915.0


8.4;0.0;0.0;0.0;2915.0


8.3;0.0;0.0;0.0;2915.0


8.4;0.0;0.0;0.0;2915.0


8.4;0.0;0.0;0.0;2915.0


8.3;0.0;0.0;0.0;2915.0


8.4;0.0;0.0;0.0;2915.0


8.3;0.0;0.0;0.0;2915.0


8.4;0.0;0.0;0.0;2915.0


8.3;0.0;0.0;0.0;2915.0


8.4;0.0;0.0;0.0;2915.0


8.3;1.0;0.3;0.0;2915.0


8.3;0.0;0.0;0.0;2915.0


8.4;0.0;0.0;0.0;2915.0


8.3;0.0;0.0;0.0;2915.0


8.3;0.0;0.0;0.0;2915.0


8.4;0.0;0.0;0.0;2915.0


8.3;0.0;0.0;0.0;2915.0


8.4;0.0;0.0;0.0;2915.0


8.3;0.0;0.0;0.0;2915.0


8.4;0.0;0.0;0.0;2915.0


8.4;0.0;0.0;46.0;2917.0


8.3;0.0;0.0;45.0;3539.0


8.4;0.0;0.0;48.0;3539.0


8.3;0.0;0.0;48.0;3539.0


8.4;0.0;0.0;47.0;3539.0


8.3;0.0;0.0;47.0;3539.0


8.3;0.0;0.0;48.0;3539.0


8.3;0.0;0.0;48.0;3539.0


8.3;0.0;0.0;48.0;3539.0


8.3;0.0;0.0;48.0;3539.0


8.3;0.0;0.0;47.0;3539.0


8.3;0.0;0.0;48.0;3539.0


8.3;0.0;0.0;48.0;3539.0


8.4;0.0;0.0;48.0;3539.0


0.0;3.7;0.3;0.0;3539.0


0.0;0.3;0.0;0.0;3539.0


9.8;1189.5;52.0;0.0;3539.0


8.3;303.1;13.5;0.0;3539.0


8.4;0.0;0.0;0.0;3539.0


8.4;0.0;0.0;0.0;3539.0


8.3;0.0;0.0;0.0;3539.0


8.4;0.0;0.0;0.0;3539.0


8.3;0.0;0.0;0.0;3539.0


8.4;0.0;0.0;0.0;3539.0


8.3;0.0;0.0;0.0;3539.0


8.4;0.0;0.0;0.0;3539.0


8.4;0.0;0.0;0.0;3539.0


8.3;0.0;0.0;0.0;3539.0


8.3;0.0;0.0;0.0;3539.0


8.3;0.0;0.0;0.0;3539.0


8.3;0.0;0.0;0.0;3539.0


8.4;0.0;0.0;0.0;3539.0


8.3;0.0;0.0;0.0;3539.0


8.4;0.0;0.0;0.0;3539.0


8.3;0.0;0.0;0.0;3539.0


8.4;0.0;0.0;0.0;3539.0


8.4;0.0;0.0;0.0;3539.0


8.4;0.0;0.0;1.0;3539.0


0.0;0.1;0.0;0.0;3539.0


0.0;0.3;0.0;0.0;3539.0


9.6;1183.0;51.7;0.0;3539.0


8.3;309.0;13.8;0.0;3539.0


8.3;0.0;0.0;0.0;3539.0


8.3;0.0;0.0;0.0;3539.0


8.3;0.0;0.0;0.0;3539.0


8.3;0.0;0.0;0.0;3539.0


8.3;0.0;0.0;0.0;3539.0


8.3;0.0;0.0;0.0;3539.0


8.4;0.0;0.0;0.0;3539.0


8.3;0.0;0.0;0.0;3539.0


8.4;0.0;0.0;0.0;3539.0


8.3;0.0;0.0;0.0;3539.0


8.4;0.0;0.0;0.0;3539.0


8.3;0.0;0.0;0.0;3539.0


8.4;0.0;0.0;0.0;3539.0


8.4;0.0;0.0;0.0;3539.0


8.3;0.0;0.0;0.0;3539.0


8.4;0.0;0.0;0.0;3539.0


8.3;0.0;0.0;0.0;3539.0


8.4;0.0;0.0;0.0;3539.0


8.3;0.0;0.0;0.0;3539.0


8.4;1.0;0.3;0.0;3539.0


8.4;0.0;0.0;0.0;3539.0


8.3;0.0;0.0;0.0;3539.0


8.3;0.0;0.0;0.0;3539.0


8.3;0.0;0.0;0.0;3539.0


8.3;0.0;0.0;0.0;3539.0


8.4;0.0;0.0;0.0;3539.0


8.3;0.0;0.0;0.0;3539.0


8.4;0.0;0.0;0.0;3539.0


8.3;0.0;0.0;0.0;3539.0


8.4;0.0;0.0;2.0;3539.0


8.3;0.0;0.0;45.0;3541.0


49.7;0.0;0.0;42.0;3541.0


8.4;0.0;0.0;48.0;3541.0


8.4;0.0;0.0;48.0;3541.0


8.3;0.0;0.0;46.0;3541.0


8.4;0.0;0.0;46.0;3541.0


8.3;0.0;0.0;47.0;3541.0


8.3;0.0;0.0;47.0;3541.0


8.4;0.0;0.0;47.0;3541.0


8.3;0.0;0.0;48.0;3541.0


8.4;0.0;0.0;47.0;3541.0


8.3;0.0;0.0;47.0;3541.0


8.4;0.0;0.0;47.0;3541.0


4.8;3.7;0.3;0.0;3541.0


