0.0;10514432;0
0.0;10514432;0
0.0;10514432;0
0.0;10514432;0
33.2;18710528;0
100.8;18739200;0
142.0;26959872;0
199.5;27136000;0
216.1;34955264;0
215.0;35262464;0
227.3;42336256;0
201.6;51417088;0
199.5;51417088;0
200.7;51470336;0
199.5;51470336;0
201.6;51470336;0
213.1;43737088;0
215.0;51564544;0
199.5;51666944;0
199.5;51691520;0
198.9;51646464;0
184.8;43642880;0
199.5;43438080;0
200.7;51765248;0
200.7;51793920;0
199.5;51798016;0
199.5;51798016;0
199.5;51871744;0
200.7;51904512;0
199.5;51929088;0
252.0;51965952;0
199.5;52068352;0
200.7;52113408;0
182.8;52101120;0
201.6;52142080;0
166.2;49860608;0
229.4;52240384;0
200.7;52269056;0
199.5;52285440;0
199.5;52285440;0
200.7;52355072;0
200.7;52355072;0
199.5;52408320;0
201.6;52408320;0
198.9;52502528;0
200.7;52502528;0
199.5;52502528;0
184.8;52547584;0
198.9;52547584;0
186.4;44511232;0
157.7;52596736;0
199.5;52752384;0
199.5;52785152;0
199.5;52785152;0
200.7;52785152;0
198.9;52785152;0
201.6;52785152;0
182.8;52846592;0
149.6;52371456;0
213.1;53096448;0
186.4;37621760;0
232.7;53227520;0
199.5;53235712;0
201.6;53239808;0
198.9;53239808;0
199.5;53239808;0
199.5;53239808;0
201.6;53301248;0
198.9;53301248;0
200.7;53301248;0
199.5;53305344;0
182.8;53305344;0
199.5;53305344;0
186.4;45268992;0
143.3;45481984;0
199.5;53739520;0
201.6;53739520;0
199.5;53739520;0
199.5;53927936;0
198.9;53927936;0
200.7;53927936;0
199.5;53927936;0
199.5;53927936;0
184.8;53997568;0
241.5;43753472;207
232.7;53874688;303
199.5;53874688;0
199.5;53915648;0
200.7;53915648;0
184.7;53915648;0
143.3;45883392;0
199.5;53903360;0
199.5;53903360;0
199.5;53907456;0
172.0;53907456;0
200.7;53907456;0
198.9;53907456;0
201.6;53907456;0
199.5;53948416;0
149.6;40976384;0
216.1;54034432;0
199.5;54038528;0
201.6;54038528;0
198.9;54042624;0
200.7;54042624;0
200.7;54046720;0
232.7;54104064;0
199.5;54108160;0
199.5;54108160;0
201.6;54108160;0
198.9;54132736;0
200.7;54136832;0
199.5;54136832;0
116.4;38137856;0
216.1;54116352;0
199.5;54116352;0
201.6;54116352;0
149.6;54116352;0
200.7;54116352;0
200.7;54116352;0
170.5;45850624;0
186.4;54001664;0
184.7;54001664;0
200.7;54001664;0
199.5;54001664;0
199.5;54063104;0
201.6;54120448;0
199.5;54120448;0
199.5;54120448;0
133.0;40857600;0
216.1;54087680;0
184.8;54087680;0
199.5;54087680;0
199.5;54087680;0
201.6;54091776;0
182.8;46075904;0
166.2;54198272;0
198.9;54198272;0
200.7;54202368;0
200.7;54263808;0
198.9;54263808;0
200.7;54263808;0
200.7;54263808;0
184.7;41570304;0
199.5;54280192;0
199.5;54284288;0
199.5;54284288;0
201.6;54284288;0
199.5;54284288;0
200.7;54284288;0
172.0;46252032;0
213.1;54194176;0
200.7;54194176;0
198.9;54194176;0
201.6;54255616;0
199.5;54255616;0
199.5;54255616;0
201.6;54255616;0
166.2;54083584;0
199.5;54083584;0
200.7;54083584;0
199.5;54087680;0
201.6;54087680;0
186.4;54087680;0
199.5;54087680;0
114.7;45760512;0
229.4;54013952;0
201.6;54018048;0
199.5;54034432;0
199.5;54034432;0
100.8;53223424;0
232.7;54145024;0
182.8;54149120;0
199.5;54149120;0
199.5;54149120;0
201.6;54149120;0
182.8;54149120;0
199.5;54190080;0
201.6;54190080;0
216.1;54210560;0
200.7;54210560;0
198.9;54210560;0
200.7;54210560;0
200.7;54267904;0
198.9;54267904;0
186.4;41009152;0
201.6;54300672;0
199.5;54312960;0
199.5;54325248;0
199.5;54333440;0
182.8;54358016;0
201.6;54370304;0
199.5;54382592;0
199.5;54394880;0
235.2;54337536;0
199.5;54337536;0
199.5;54341632;0
199.5;54341632;0
149.6;44826624;0
215.0;54300672;0
200.7;54300672;0
198.9;54300672;0
199.5;54300672;0
201.6;54300672;0
182.8;54300672;0
199.5;54300672;0
199.5;54300672;0
199.5;54300672;0
151.2;41635840;0
200.7;54329344;0
227.3;54448128;0
172.0;46411776;0
172.0;54280192;0
198.9;54284288;0
199.5;54284288;0
199.5;54284288;0
199.5;54288384;0
201.6;54288384;0
199.5;54288384;0
199.5;54288384;0
200.7;54349824;0
200.7;54349824;0
156.2;46317568;0
172.0;54337536;0
199.5;54337536;0
199.5;54337536;0
134.4;46002176;0
216.1;54140928;0
198.9;54145024;0
200.7;54145024;0
200.7;54145024;0
199.5;54206464;0
199.5;54206464;0
199.5;54206464;0
199.5;54206464;0
201.6;54206464;0
199.5;54231040;0
156.2;46198784;0
215.0;54243328;0
129.0;46493696;0
232.7;54108160;0
199.5;54108160;0
200.7;54108160;0
198.9;54108160;0
182.8;54108160;0
201.6;54108160;0
199.5;54108160;0
199.5;54108160;0
201.6;54108160;0
200.7;54112256;0
198.9;54231040;0
215.0;34185216;0
172.0;54235136;0
170.5;54243328;0
200.7;54243328;0
201.6;54243328;0
199.5;54243328;0
199.5;54243328;0
201.6;54243328;0
200.7;54243328;0
198.9;54243328;0
200.7;54243328;0
199.5;54243328;0
199.5;54243328;0
200.7;54243328;0
114.7;37834752;0
227.3;54153216;0
199.5;54153216;0
201.6;54153216;0
199.5;54165504;0
199.5;54165504;0
199.5;54165504;0
198.9;54194176;0
200.7;54194176;0
184.8;54194176;0
186.4;54194176;0
184.7;46227456;0
166.2;54419456;0
201.6;54423552;0
182.8;46387200;0
216.1;54525952;0
200.7;54525952;0
198.9;54525952;0
199.5;54525952;0
201.6;54530048;0
199.5;54530048;0
199.5;54530048;0
200.7;54530048;0
200.7;54530048;0
199.5;54534144;0
199.5;54534144;0
200.7;54534144;0
184.7;46497792;0
157.7;44081152;0
168.0;46235648;0
199.5;54358016;0
199.5;54358016;0
186.4;54366208;0
201.6;54366208;0
199.5;54370304;0
