0.0;10518528;0
0.0;10518528;0
0.0;10518528;0
0.0;10518528;0
0.0;10518528;0
28.4;15183872;0
100.3;18710528;0
116.4;22962176;0
218.4;27201536;0
213.1;29294592;0
235.2;35282944;0
199.5;36790272;0
199.5;51535872;0
199.5;51535872;0
198.9;51535872;0
201.6;51535872;0
199.5;51527680;0
143.3;38617088;0
172.0;38715392;0
216.1;51802112;0
199.5;51806208;0
199.5;51818496;0
200.7;51818496;0
199.5;51851264;0
201.6;51900416;0
184.7;51949568;0
200.7;51949568;0
149.6;43962368;0
218.4;52080640;0
198.9;52080640;0
200.7;52092928;0
199.5;52150272;0
199.5;52150272;0
127.8;44244992;0
215.0;52305920;0
199.5;52363264;0
199.5;52375552;0
200.7;52371456;0
149.6;44335104;0
249.3;52617216;0
199.5;52576256;0
186.4;52572160;0
198.9;52613120;0
143.3;42319872;0
215.0;52727808;0
199.5;52776960;0
199.5;52830208;0
200.7;52801536;0
200.7;52822016;0
199.5;52891648;0
201.6;52891648;0
199.5;52891648;0
200.7;52989952;0
199.5;52989952;0
168.0;44974080;0
232.7;53149696;0
200.7;53149696;0
200.7;53149696;0
199.5;53149696;0
216.1;53092352;0
199.5;53092352;0
201.6;53125120;0
198.9;53260288;0
201.6;53276672;0
199.5;53276672;0
199.5;53276672;0
199.5;53280768;0
199.5;53346304;0
200.7;53346304;0
170.5;45309952;0
168.0;43728896;0
232.7;53747712;0
199.5;53747712;0
199.5;53747712;0
200.7;53747712;0
200.7;53747712;0
199.5;53747712;0
201.6;53809152;0
182.8;53809152;0
200.7;53940224;0
199.5;53940224;0
285.6;53751808;510
199.5;53751808;0
199.5;53948416;0
200.7;53948416;0
182.8;41099264;0
182.8;42041344;0
213.1;53858304;0
200.7;53862400;0
200.7;53862400;0
199.5;53862400;0
201.6;53874688;0
199.5;53874688;0
200.7;53874688;0
198.9;53874688;0
201.6;53874688;0
199.5;53874688;0
199.5;53903360;0
201.6;53911552;0
199.5;53923840;0
200.7;53923840;0
170.5;37908480;0
229.4;53784576;0
199.5;53919744;0
199.5;53919744;0
201.6;53919744;0
198.9;53919744;0
200.7;53919744;0
198.9;53919744;0
157.7;45887488;0
166.2;45785088;0
199.5;53989376;0
201.6;53993472;0
199.5;53997568;0
199.5;53997568;0
198.9;53997568;0
200.7;53997568;0
186.4;53997568;0
199.5;53997568;0
201.6;53997568;0
199.5;54194176;0
199.5;54194176;0
199.5;54194176;0
199.5;54194176;0
200.7;45924352;0
184.7;44466176;0
200.7;54013952;0
200.7;54013952;0
198.9;54075392;0
199.5;47263744;0
199.5;54099968;0
201.6;54104064;0
199.5;54104064;0
199.5;54104064;0
200.7;54104064;0
198.9;54104064;0
200.7;54104064;0
213.1;44060672;0
199.5;53940224;0
200.7;53940224;0
198.9;53940224;0
200.7;53989376;0
200.7;53989376;0
198.9;53989376;0
143.3;46084096;0
213.1;54214656;0
184.8;54214656;0
199.5;54276096;0
199.5;54276096;0
168.0;39620608;0
266.0;42242048;0
198.9;54235136;0
200.7;54235136;0
198.9;54235136;0
200.7;54235136;0
200.7;54235136;0
198.9;54235136;0
201.6;54235136;0
200.7;54235136;0
216.1;54312960;0
199.5;54312960;0
199.5;54312960;0
201.6;54312960;0
199.5;54312960;0
199.5;42885120;0
200.7;54239232;0
200.7;54243328;0
198.9;54243328;0
200.7;54243328;0
198.9;54243328;0
200.7;54243328;0
200.7;54243328;0
156.2;45793280;0
157.7;45760512;0
229.4;53764096;0
198.9;53821440;0
200.7;53821440;0
198.9;53882880;0
201.6;53882880;0
199.5;53882880;0
198.9;53882880;0
200.7;53940224;0
186.4;46039040;0
182.8;54312960;0
199.5;54312960;0
198.9;54312960;0
200.7;54312960;0
143.3;38662144;0
227.3;54181888;0
200.7;54181888;0
200.7;54181888;0
198.9;54181888;0
200.7;54181888;0
170.5;45903872;0
200.7;54181888;0
186.4;54181888;0
127.8;45768704;0
215.0;54042624;0
200.7;54046720;0
198.9;54046720;0
200.7;54046720;0
198.9;54046720;0
200.7;54046720;0
200.7;54108160;0
198.9;54108160;0
199.5;54108160;0
201.6;54108160;0
199.5;54108160;0
166.2;46055424;0
216.1;54104064;0
199.5;45629440;0
235.2;53903360;0
199.5;53903360;0
199.5;53903360;0
201.6;54038528;0
199.5;54038528;0
199.5;54038528;0
199.5;54038528;0
199.5;54038528;0
201.6;46002176;0
216.1;54198272;0
199.5;54202368;0
134.4;46166016;0
99.7;46166016;0
99.7;46166016;0
100.3;46166016;0
170.5;39559168;0
229.4;54263808;0
201.6;54267904;0
199.5;54267904;0
199.5;54267904;0
201.6;54267904;0
199.5;54288384;0
199.5;54288384;0
199.5;54288384;0
133.0;46252032;0
235.2;54341632;0
200.7;54341632;0
198.9;54341632;0
200.7;54341632;0
218.4;54284288;0
199.5;54284288;0
199.5;54284288;0
199.5;54284288;0
199.5;54284288;0
201.6;54284288;0
200.7;54284288;0
198.9;54284288;0
199.5;54284288;0
134.4;33894400;0
249.3;54108160;0
199.5;54108160;0
199.5;54108160;0
199.5;54165504;0
200.7;54165504;0
200.7;54181888;0
198.9;54185984;0
200.7;54185984;0
143.3;46153728;0
216.1;54263808;0
182.8;54308864;0
182.8;54312960;0
198.9;54317056;0
200.7;54329344;0
150.0;45314048;0
201.6;54431744;0
200.7;54460416;0
198.9;54460416;0
200.7;54460416;0
201.6;54460416;0
199.5;54460416;0
198.9;54497280;0
172.0;45371392;0
199.5;54272000;0
182.8;54280192;0
201.6;54280192;0
199.5;54280192;0
198.9;54284288;0
200.7;54284288;0
201.6;54292480;0
199.5;54292480;0
156.2;45277184;0
199.5;54255616;0
200.7;54255616;0
198.9;54255616;0
200.7;54272000;0
200.7;54276096;0
199.5;54276096;0
133.0;45408256;0
218.4;54321152;0
200.7;54329344;0
198.9;54329344;0
199.5;54329344;0
199.5;54329344;0
199.5;54329344;0
151.2;46297088;0
215.0;54341632;0
198.9;46305280;0
229.4;54386688;0
201.6;54390784;0
