0.0;10518528;0
0.0;10518528;0
0.0;10518528;0
16.6;14729216;0
99.7;18714624;0
113.6;22237184;0
201.6;26935296;0
199.5;29888512;0
229.4;35053568;0
215.0;36368384;0
216.1;51167232;0
199.5;51195904;0
186.4;51224576;0
200.7;51261440;0
199.5;51482624;0
168.0;43425792;0
241.5;51646464;0
186.4;51675136;0
199.5;51712000;0
201.6;51728384;0
182.8;43741184;0
157.7;39669760;0
201.6;51863552;0
199.5;51916800;0
200.7;51912704;0
199.5;51974144;0
201.6;52064256;0
199.5;52006912;0
200.7;52105216;0
199.5;52133888;0
199.5;52133888;0
116.4;44163072;0
215.0;52330496;0
232.7;53264384;0
199.5;53264384;0
200.7;53268480;0
198.9;53268480;0
199.5;52379648;0
199.5;52502528;0
201.6;52518912;0
199.5;52523008;0
199.5;52523008;0
200.7;52654080;0
199.5;52654080;0
216.1;53153792;0
199.5;53170176;0
186.4;52621312;0
198.9;52629504;0
201.6;52629504;0
199.5;52629504;0
200.7;52617216;0
198.9;52686848;0
184.8;52682752;0
199.5;52686848;0
199.5;52686848;0
200.7;52817920;0
198.9;52883456;0
199.5;52883456;0
166.2;39424000;0
201.6;37679104;0
232.7;52957184;0
200.7;52957184;0
200.7;52957184;0
182.8;53014528;0
199.5;53084160;0
199.5;53084160;0
200.7;53145600;0
198.9;53149696;0
201.6;53215232;0
182.8;45182976;0
182.8;45932544;0
184.7;54034432;0
200.7;54034432;0
199.5;54034432;0
199.5;54034432;0
201.6;54034432;0
198.9;54030336;0
200.7;54030336;0
199.5;54030336;0
201.6;51142656;145
266.0;54992896;365
200.7;54992896;0
172.0;41320448;0
227.3;54738944;0
199.5;54738944;0
199.5;54738944;0
201.6;54738944;0
198.9;54738944;0
200.7;54738944;0
199.5;54738944;0
199.5;54738944;0
149.6;46706688;0
199.5;54984704;0
200.7;54984704;0
198.9;54988800;0
184.8;45617152;0
199.5;53714944;0
199.5;53714944;0
198.9;53714944;0
200.7;53723136;0
199.5;53723136;0
199.5;53723136;0
201.6;53784576;0
199.5;53784576;0
200.7;53784576;0
170.5;44093440;0
200.7;54480896;0
172.0;46444544;0
184.7;53735424;0
201.6;53747712;0
199.5;53747712;0
199.5;53784576;0
199.5;53788672;0
199.5;53788672;0
200.7;53850112;0
198.9;53850112;0
201.6;53850112;0
199.5;53850112;0
199.5;53850112;0
182.8;45813760;0
66.5;33198080;0
229.4;54464512;0
200.7;54464512;0
199.5;54464512;0
201.6;54501376;0
199.5;54501376;0
199.5;54501376;0
199.5;54562816;0
200.7;54562816;0
200.7;54624256;0
198.9;54624256;0
134.4;46587904;0
186.4;44855296;0
170.5;54820864;0
200.7;54820864;0
198.9;54820864;0
200.7;54820864;0
200.7;54931456;0
199.5;54939648;0
201.6;54939648;0
199.5;54939648;0
199.5;54939648;0
182.8;54939648;0
200.7;54939648;0
157.7;41304064;0
213.1;54546432;0
200.7;54546432;0
186.4;54706176;0
199.5;54706176;0
199.5;54706176;0
199.5;54706176;0
201.6;54706176;0
199.5;54706176;0
199.5;54706176;0
151.2;46669824;0
232.7;54898688;0
199.5;54898688;0
199.5;54898688;0
199.5;54898688;0
134.4;41857024;0
213.1;54947840;0
200.7;54947840;0
200.7;54947840;0
198.9;54947840;0
200.7;54947840;0
170.5;46915584;0
200.7;54964224;0
200.7;54964224;0
198.9;54964224;0
200.7;54964224;0
200.7;54964224;0
199.5;54964224;0
200.7;41574400;0
213.1;54964224;0
186.4;54964224;0
200.7;54964224;0
156.2;46931968;0
186.4;55021568;0
200.7;55029760;0
198.9;55029760;0
200.7;55029760;0
198.9;55029760;0
201.6;55029760;0
133.0;46997504;0
213.1;55070720;0
200.7;55070720;0
149.6;47386624;0
198.9;55128064;0
186.4;55128064;0
184.7;55128064;0
198.9;55128064;0
201.6;55128064;0
182.8;55128064;0
198.9;55128064;0
200.7;55128064;0
143.3;40013824;0
213.1;55140352;0
172.0;43741184;0
199.5;54751232;0
199.5;54751232;0
201.6;54751232;0
199.5;54751232;0
198.9;54751232;0
200.7;54751232;0
200.7;54751232;0
198.9;54751232;0
199.5;54751232;0
166.2;43646976;0
182.8;51564544;0
200.7;54435840;0
200.7;54435840;0
198.9;54484992;0
200.7;54484992;0
200.7;54484992;0
198.9;54484992;0
186.4;54484992;0
142.0;53948416;0
216.1;53854208;0
201.6;53854208;0
199.5;45891584;0
149.6;54702080;0
201.6;54702080;0
199.5;54702080;0
198.9;54702080;0
200.7;54702080;0
198.9;54702080;0
200.7;54702080;0
100.8;38723584;0
199.5;54763520;0
199.5;54763520;0
201.6;54763520;0
182.8;45510656;0
199.5;54542336;0
200.7;54632448;0
198.9;54644736;0
200.7;54661120;0
200.7;54681600;0
199.5;54702080;0
116.4;40353792;0
218.4;54992896;0
199.5;54992896;0
198.9;55009280;0
186.4;55009280;0
213.1;55009280;0
200.7;55009280;0
201.6;55009280;0
199.5;55009280;0
199.5;55009280;0
201.6;55009280;0
199.5;55009280;0
149.6;42459136;0
172.0;53825536;0
199.5;53866496;0
199.5;53882880;0
235.2;54824960;0
200.7;54824960;0
198.9;54824960;0
200.7;54824960;0
201.6;54906880;0
199.5;54906880;0
199.5;54906880;0
199.5;46886912;0
182.8;55070720;0
200.7;55070720;0
200.7;55083008;0
213.1;55140352;0
199.5;55140352;0
201.6;55140352;0
199.5;55140352;0
199.5;55140352;0
199.5;55140352;0
198.9;55140352;0
200.7;55140352;0
201.6;47144960;0
199.5;47149056;0
199.5;55193600;0
201.6;55193600;0
199.5;55193600;0
198.9;55193600;0
200.7;55193600;0
198.9;55193600;0
200.7;55193600;0
184.8;55193600;0
199.5;55193600;0
199.5;55193600;0
201.6;55250944;0
182.8;47218688;0
227.3;55377920;0
200.7;55377920;0
199.5;55377920;0
199.5;55377920;0
201.6;55377920;0
199.5;55377920;0
198.9;55377920;0
200.7;55377920;0
201.6;55377920;0
199.5;55377920;0
182.8;45899776;0
200.7;54022144;0
198.9;54022144;0
