0.0;10493952;0
0.0;10493952;0
0.0;10493952;0
0.0;10493952;0
0.0;10493952;0
43.0;12623872;0
99.4;12664832;0
67.2;12705792;0
99.7;12746752;0
57.3;12759040;0
85.2;10792960;0
67.2;12816384;0
85.2;10825728;0
71.7;12996608;0
83.1;11005952;0
83.1;13164544;0
85.2;11145216;0
86.0;13230080;0
83.1;11210752;0
99.7;13299712;0
71.7;11276288;0
99.7;13295616;0
66.5;11276288;0
100.3;13365248;0
57.3;11341824;0
99.7;13344768;0
50.4;14798848;0
99.7;13561856;0
83.1;13578240;173
99.7;13578240;0
57.3;13533184;0
99.7;13533184;0
66.5;13635584;0
100.8;13635584;0
42.6;13619200;0
100.3;13619200;0
66.5;13553664;0
100.8;13611008;0
49.9;13742080;0
100.3;13742080;0
66.5;13737984;0
99.7;13737984;0
56.8;13750272;0
100.3;13750272;0
57.3;13737984;0
99.7;13737984;0
67.2;13750272;0
99.4;11440128;0
71.7;13664256;0
99.7;11706368;0
84.0;13787136;0
83.1;11763712;0
86.0;13791232;0
71.7;11771904;0
99.7;13770752;0
66.5;11751424;0
99.7;13815808;0
67.2;12926976;0
99.7;13774848;0
66.5;13594624;0
100.3;13725696;0
56.8;14778368;0
99.7;14778368;0
66.5;14241792;0
100.8;14241792;0
71.0;14655488;0
100.3;14655488;0
86.0;14176256;0
99.7;14176256;0
49.9;13754368;0
100.3;13754368;0
57.3;13799424;0
99.7;13799424;0
67.2;13778944;0
99.7;11759616;0
71.7;14655488;0
85.2;12632064;0
86.0;14655488;0
83.1;12632064;0
99.7;14176256;0
67.2;12156928;0
99.7;14704640;0
57.3;12283904;0
99.7;13660160;0
71.7;14684160;0
100.3;14684160;0
49.9;14680064;0
100.8;14680064;0
49.9;14684160;0
99.7;14684160;0
56.8;14688256;0
100.3;14688256;0
57.3;14688256;0
99.7;14688256;0
67.2;14688256;0
99.7;12664832;0
71.7;14684160;0
85.2;12664832;0
86.0;14684160;0
71.7;12664832;0
99.7;13651968;0
67.2;11628544;0
99.7;14671872;0
49.9;12648448;0
99.7;14684160;0
71.7;16678912;0
100.3;14688256;0
71.0;14692352;0
99.7;14692352;0
50.4;14692352;0
99.4;14692352;0
57.3;13623296;0
99.4;13623296;0
50.4;14675968;0
99.7;12652544;0
66.5;14680064;0
100.8;12783616;0
83.1;13463552;0
83.1;11444224;0
85.2;13643776;0
71.7;11620352;0
100.3;14684160;0
66.5;12664832;0
100.3;14692352;0
57.3;14692352;0
99.7;14692352;0
49.9;14688256;0
99.7;14688256;0
50.4;14688256;0
99.7;14688256;0
49.9;14692352;0
100.8;14692352;0
71.0;14688256;0
100.3;12668928;0
71.0;14688256;0
86.0;12668928;0
86.0;14688256;0
83.1;12668928;0
100.8;14688256;0
66.5;12668928;0
99.7;14692352;0
49.9;15564800;0
99.4;14692352;0
50.4;14688256;0
100.3;14688256;0
71.0;13467648;0
100.3;13467648;0
71.7;13664256;0
99.7;13664256;0
66.5;14655488;0
99.7;12636160;0
84.0;14684160;0
83.1;12660736;0
99.7;14688256;0
67.2;12664832;0
99.7;14688256;0
49.9;16310272;0
99.7;14684160;0
57.3;14684160;0
100.3;14684160;0
56.8;14688256;0
100.3;14688256;0
57.3;14688256;0
99.4;14688256;0
57.3;14688256;0
99.4;12664832;0
71.7;14684160;0
86.0;12664832;0
85.2;14688256;0
71.7;12664832;0
86.0;14688256;0
66.5;12664832;0
99.7;14692352;0
56.8;14688256;0
99.7;13463552;0
67.2;14659584;0
99.7;14659584;0
57.3;14680064;0
100.3;14680064;0
71.0;14684160;0
100.3;14684160;0
66.5;14684160;0
83.1;12660736;0
84.0;14684160;0
66.5;12660736;0
86.0;14684160;0
57.3;12664832;0
99.7;14684160;0
49.9;14688256;0
99.7;14688256;0
71.0;14684160;0
100.3;14684160;0
57.3;14684160;0
99.4;14684160;0
57.3;14684160;0
86.0;12664832;0
71.0;14684160;0
86.0;12664832;0
83.1;14692352;0
57.3;12668928;0
86.0;14692352;0
56.8;12668928;0
100.3;14692352;0
57.3;13615104;0
99.7;13615104;0
66.5;14671872;0
99.7;14671872;0
49.9;14680064;0
100.8;14680064;0
66.5;14688256;0
83.1;12664832;0
84.0;14692352;0
66.5;12668928;0
99.7;14737408;0
66.5;12713984;0
99.7;14733312;0
71.7;14737408;0
86.0;14737408;0
56.8;14737408;0
100.3;14737408;0
71.7;14737408;0
99.7;14737408;0
66.5;14737408;0
99.7;12713984;0
83.1;14733312;0
84.0;12713984;0
99.7;14733312;0
66.5;12713984;0
99.7;13664256;0
71.7;13656064;0
100.3;13656064;0
56.8;14655488;0
100.3;14655488;0
56.8;14680064;0
83.1;12660736;0
84.0;14680064;0
66.5;12660736;0
99.4;14684160;0
57.3;13963264;0
100.8;14692352;0
49.9;14688256;0
99.7;14688256;0
66.5;14692352;0
99.7;14692352;0
66.5;14692352;0
100.8;12668928;0
83.1;14692352;0
66.5;12668928;0
100.3;14688256;0
71.7;16449536;0
99.7;14692352;0
49.9;14688256;0
99.7;14688256;0
56.8;14692352;0
100.3;14692352;0
71.7;14692352;0
83.1;12668928;0
83.1;13656064;0
67.2;11636736;0
99.7;13660160;0
66.5;11636736;0
99.7;14659584;0
49.9;14675968;0
100.8;14675968;0
49.9;14684160;0
99.4;14684160;0
57.3;14684160;0
100.3;14684160;0
56.8;14680064;0
100.3;14680064;0
66.5;14684160;0
83.1;12660736;0
84.0;14680064;0
49.9;12677120;0
66.5;12677120;0
16.6;14700544;0
57.3;12681216;0
50.4;14680064;0
100.3;14680064;0
156.2;14798848;0
16.6;12779520;0
86.0;14864384;0
0.0;12845056;0
99.7;12845056;0
28.7;14872576;0
71.7;12849152;0
42.6;13959168;0
57.3;11935744;0
43.0;14659584;0
33.2;12640256;0
71.0;14675968;0
0.0;12652544;0
86.0;11759616;0
14.2;16658432;0
83.1;12644352;0
28.7;14811136;0
43.0;12787712;0
49.9;14811136;0
28.4;12787712;0
83.1;14811136;0
