0.0;10498048;0
0.0;10498048;0
0.0;10498048;0
0.0;10498048;0
28.4;12632064;0
99.7;12685312;0
33.2;12713984;0
100.8;12763136;0
71.0;12828672;0
100.8;12836864;0
66.5;12894208;0
99.7;12894208;0
56.8;13017088;0
100.8;13049856;0
66.5;13086720;0
99.7;13152256;0
71.7;13291520;0
99.4;13291520;0
66.5;13217792;0
99.7;13217792;0
57.3;13357056;0
99.7;13357056;0
84.0;13283328;0
99.4;13348864;0
86.0;13488128;0
83.1;11464704;0
84.0;13631488;0
99.4;11456512;166
100.3;13627392;7
66.5;11395072;0
99.7;13570048;0
56.8;11608064;0
100.3;13692928;0
66.5;11673600;0
99.7;13697024;0
43.0;12070912;0
99.4;13643776;0
33.2;13639680;0
99.7;13639680;0
43.0;13717504;0
99.4;13717504;0
50.4;13762560;0
99.7;13762560;0
49.9;13774848;0
99.4;13774848;0
43.0;13770752;0
99.7;13770752;0
49.9;13647872;0
100.8;13705216;0
56.8;13778944;0
100.3;13778944;0
49.9;13627392;0
100.8;11603968;0
42.6;13594624;0
100.3;13594624;0
71.7;13815808;0
99.7;11792384;0
66.5;13611008;0
86.0;11591680;0
71.7;13418496;0
83.1;11526144;0
100.8;13586432;0
66.5;11563008;0
86.0;13602816;0
66.5;11583488;0
100.8;13807616;0
49.9;11788288;0
99.7;13787136;0
50.4;12460032;0
99.7;13807616;0
49.9;13582336;0
99.4;13582336;0
43.0;13811712;0
100.3;13811712;0
56.8;13819904;0
100.8;13819904;0
66.5;13799424;0
99.7;13799424;0
49.9;13615104;0
100.3;13615104;0
71.7;13615104;0
99.7;11448320;0
67.2;13664256;0
83.1;11640832;0
71.7;13664256;0
71.0;11640832;0
86.0;13664256;0
83.1;11640832;0
83.1;13492224;0
50.4;11468800;0
85.2;13664256;0
57.3;11640832;0
99.7;13680640;0
71.7;13676544;0
100.3;13676544;0
49.9;13631488;0
100.8;13631488;0
49.9;13680640;0
99.7;13680640;0
66.5;13623296;0
99.7;13623296;0
57.3;13631488;0
85.2;11608064;0
57.3;13676544;0
83.1;11657216;0
66.5;13680640;0
66.5;11657216;0
83.1;13680640;0
71.7;11657216;0
85.2;13627392;0
57.3;11608064;0
99.7;13488128;0
49.9;13676544;0
99.7;13676544;0
49.9;13488128;0
100.8;13488128;0
33.2;13668352;0
100.3;13668352;0
57.3;13660160;0
99.4;13660160;0
57.3;13680640;0
85.2;11657216;0
67.2;13627392;0
83.1;11603968;0
83.1;13664256;0
84.0;11640832;0
83.1;13680640;0
57.3;11657216;0
85.2;13676544;0
43.0;12357632;0
100.3;13676544;0
42.6;13664256;0
100.8;13664256;0
33.2;13488128;0
99.7;13488128;0
66.5;13680640;0
99.7;13680640;0
71.7;13484032;0
99.4;13484032;0
71.7;13635584;0
99.7;13635584;0
66.5;13496320;0
99.7;11472896;0
83.1;13631488;0
86.0;11608064;0
99.7;13488128;0
100.3;11468800;0
86.0;13660160;0
99.7;13660160;0
116.4;13721600;0
113.6;15872000;0
201.6;15777792;0
166.2;15781888;0
83.1;13762560;0
117.6;15978496;0
199.5;15978496;0
116.4;13938688;0
99.7;13938688;0
157.7;15986688;0
100.3;13967360;0
99.4;13959168;0
71.7;11935744;0
86.0;13955072;0
71.0;11935744;0
100.3;13783040;0
113.6;16392192;0
157.7;13971456;0
100.3;13938688;0
99.4;13938688;0
43.0;13979648;0
99.7;13979648;0
33.2;13938688;0
100.3;13938688;0
156.2;15998976;0
100.3;13979648;0
100.3;13963264;0
56.8;11939840;0
84.0;13762560;0
66.5;11739136;0
99.7;13803520;0
99.7;14319616;0
149.6;13955072;0
67.2;13770752;0
99.7;13770752;0
49.9;13934592;0
100.8;13934592;0
49.9;13750272;0
99.7;11726848;0
83.1;13774848;0
99.7;13774848;0
151.2;13975552;0
83.1;11952128;0
83.1;13959168;0
100.8;13959168;0
149.6;13979648;0
83.1;14004224;0
99.7;14004224;0
16.6;13250560;0
100.3;13803520;0
86.0;13942784;0
99.4;13942784;0
57.3;13946880;0
100.3;13946880;0
166.2;16015360;0
99.7;13991936;0
66.5;13766656;0
66.5;11743232;0
84.0;13996032;0
83.1;11972608;0
99.7;13758464;0
33.6;14331904;0
99.7;13762560;0
33.2;13991936;0
100.3;13991936;0
56.8;13963264;0
100.3;13963264;0
57.3;13955072;0
99.7;13955072;0
66.5;13959168;0
67.2;11935744;0
83.1;13950976;0
66.5;11927552;0
99.7;13787136;0
49.9;12652544;0
99.7;13991936;0
50.4;13971456;0
99.7;13971456;0
83.1;14008320;0
100.3;14008320;0
71.7;13787136;0
71.0;11767808;0
71.7;13955072;0
99.4;13955072;0
157.7;13979648;0
100.3;15052800;0
99.7;13963264;0
33.2;13938688;0
100.8;13938688;0
49.9;13950976;0
99.7;13950976;0
172.0;15749120;0
99.4;13819904;0
86.0;13991936;0
86.0;11968512;0
85.2;13787136;0
57.3;11763712;0
100.8;13774848;0
116.4;16019456;0
149.6;13766656;0
99.7;13819904;0
99.7;13819904;0
84.0;13893632;0
99.7;11870208;0
49.9;13893632;0
71.7;11870208;0
71.7;13893632;0
71.0;11870208;0
86.0;13918208;0
99.4;15261696;0
149.6;13860864;0
67.2;14053376;0
99.7;14053376;0
16.6;14061568;0
100.8;14061568;0
157.7;15872000;0
99.4;13856768;0
100.3;14032896;0
71.0;12013568;0
86.0;14041088;0
100.8;14041088;0
149.6;13910016;0
83.1;13856768;0
100.8;13860864;0
66.5;13926400;0
99.7;11902976;0
49.9;13950976;0
85.2;11931648;0
71.7;13824000;0
71.7;11800576;0
85.2;13959168;0
99.7;13959168;0
168.0;13881344;0
71.7;14041088;0
99.4;14041088;0
57.3;13889536;0
99.7;13889536;0
49.9;13836288;0
100.8;13836288;0
166.2;15872000;0
99.7;13828096;0
114.7;14004224;0
57.3;11984896;0
85.2;13848576;0
57.3;13250560;0
100.3;14012416;0
71.0;14012416;0
57.3;13991936;0
100.8;13991936;0
49.9;13889536;0
99.7;13889536;0
