0.0;10514432;0
0.0;10514432;0
0.0;10514432;0
0.0;10514432;0
57.3;12677120;0
99.4;12718080;0
67.2;12787712;0
99.7;12800000;0
71.7;12939264;0
86.0;10915840;0
83.1;13004800;0
83.1;10981376;0
86.0;13082624;0
71.7;11059200;0
99.7;13213696;0
67.2;11194368;0
85.2;13230080;0
57.3;11210752;0
99.7;13352960;0
50.4;14213120;0
99.4;13303808;0
57.3;13484032;0
99.7;13484032;0
66.5;13512704;0
99.7;13512704;0
57.3;13389824;0
99.7;13520896;0
83.1;13647872;173
100.8;13647872;0
56.8;13504512;0
100.3;13504512;0
49.9;13594624;0
100.8;13651968;0
66.5;13697024;0
100.3;13697024;0
66.5;13709312;0
99.7;13709312;0
83.1;13529088;0
100.3;13660160;0
71.7;13811712;0
99.7;11788288;0
67.2;13643776;0
83.1;11620352;0
71.7;13807616;0
71.0;11509760;0
84.0;13680640;0
66.5;11718656;0
99.7;13602816;0
67.2;11583488;0
99.7;13807616;0
43.0;12341248;0
99.7;13660160;0
71.7;13266944;0
100.3;13811712;0
71.0;13598720;0
100.3;13598720;0
49.9;13791232;0
99.7;13791232;0
66.5;13803520;0
99.7;13803520;0
57.3;13729792;0
99.4;13729792;0
50.4;13725696;0
99.7;13725696;0
66.5;13537280;0
85.2;11513856;0
71.7;13725696;0
83.1;11702272;0
83.1;13725696;0
67.2;11702272;0
85.2;13725696;0
57.3;11702272;0
99.4;13721600;0
71.7;12439552;0
99.7;13537280;0
49.9;13721600;0
100.8;13721600;0
49.9;13725696;0
99.7;13725696;0
56.8;13721600;0
100.3;13721600;0
57.3;13524992;0
99.4;13524992;0
50.4;13721600;0
99.7;11702272;0
66.5;13725696;0
99.7;11702272;0
71.7;13578240;0
86.0;11554816;0
83.1;13561856;0
84.0;11538432;0
99.7;13725696;0
71.7;11702272;0
99.4;13561856;0
57.3;11935744;0
100.3;13725696;0
49.9;13750272;0
100.8;13750272;0
49.9;13721600;0
99.7;13721600;0
49.9;13533184;0
100.3;13533184;0
71.7;13721600;0
99.4;13721600;0
67.2;13537280;0
99.7;13537280;0
49.9;13725696;0
99.7;12685312;0
66.5;13721600;0
71.7;11702272;0
71.0;13721600;0
71.7;11702272;0
83.1;13721600;0
66.5;11702272;0
99.7;13537280;0
49.9;12410880;0
100.8;13725696;0
49.9;13533184;0
100.3;13533184;0
71.7;13725696;0
99.4;13725696;0
71.7;13557760;0
99.4;13557760;0
67.2;13557760;0
49.9;13721600;0
99.7;13721600;0
49.9;13725696;0
100.8;13725696;0
49.9;13533184;0
99.7;13533184;0
67.2;13725696;0
99.7;13725696;0
71.7;13721600;0
99.4;13721600;0
71.7;13725696;0
86.0;11702272;0
83.1;13725696;0
67.2;11702272;0
99.7;13537280;0
49.9;11513856;0
100.3;13721600;0
71.0;13578240;0
100.3;13578240;0
71.7;13721600;0
99.4;13721600;0
57.3;13533184;0
100.8;13533184;0
56.8;13725696;0
100.3;13725696;0
56.8;13725696;0
100.3;13725696;0
57.3;13721600;0
85.2;11702272;0
84.0;13725696;0
83.1;11702272;0
83.1;13549568;0
83.1;11526144;0
99.7;13725696;0
67.2;11702272;0
99.7;13537280;0
33.2;15605760;0
100.3;13721600;0
49.9;13561856;0
99.7;13561856;0
33.2;11538432;0
113.6;13721600;0
57.3;13537280;0
100.3;13537280;0
56.8;13725696;0
100.3;13725696;0
57.3;13574144;0
99.4;13574144;0
57.3;13721600;0
99.4;13721600;0
71.7;13725696;0
86.0;11702272;0
85.2;13721600;0
71.7;11702272;0
100.3;13529088;0
56.8;11935744;0
99.7;13721600;0
49.9;13578240;0
99.7;13578240;0
67.2;13721600;0
99.7;13721600;0
49.9;13533184;0
100.8;11513856;0
71.7;13721600;0
71.0;11702272;0
86.0;13533184;0
71.0;11509760;0
100.3;13725696;0
57.3;12922880;0
99.7;13725696;0
49.9;13721600;0
100.8;13721600;0
49.9;13721600;0
99.7;13721600;0
49.9;13721600;0
99.7;13721600;0
67.2;13721600;0
83.1;11702272;0
83.1;13557760;0
67.2;11538432;0
99.7;13721600;0
49.9;12787712;0
99.7;13721600;0
66.5;13537280;0
99.7;13537280;0
33.6;13721600;0
99.7;13721600;0
49.9;13533184;0
100.8;11513856;0
66.5;13725696;0
71.0;11702272;0
86.0;13537280;0
71.0;11513856;0
100.3;13721600;0
57.3;11702272;0
99.7;13725696;0
49.9;13725696;0
100.8;13725696;0
71.7;13574144;0
99.4;13574144;0
57.3;13725696;0
85.2;11702272;0
71.7;13725696;0
71.7;11702272;0
85.2;13721600;0
57.3;11702272;0
100.8;13574144;0
71.7;13725696;0
99.4;13725696;0
71.7;13537280;0
99.4;13537280;0
71.7;13721600;0
100.8;11702272;0
71.0;13574144;0
83.1;11554816;0
84.0;13721600;0
66.5;11702272;0
99.7;13537280;0
49.9;13721600;0
99.7;13721600;0
50.4;13533184;0
100.3;13533184;0
56.8;13725696;0
99.7;13725696;0
67.2;13725696;0
99.7;11702272;0
83.1;13533184;0
83.1;11509760;0
99.7;13721600;0
67.2;11702272;0
99.7;13578240;0
71.0;13529088;0
100.3;13529088;0
71.7;13725696;0
99.4;13725696;0
57.3;13533184;0
99.7;13533184;0
83.1;13721600;0
100.8;11702272;0
83.1;13537280;0
66.5;11513856;0
100.8;13725696;0
49.9;12820480;0
99.7;13721600;0
66.5;13725696;0
99.7;13725696;0
49.9;13725696;0
100.8;13725696;0
57.3;13537280;0
66.5;11542528;0
83.1;13750272;0
33.6;11730944;0
100.8;13565952;0
33.2;13430784;0
99.4;13590528;0
43.0;13750272;0
99.7;11730944;0
49.9;13557760;0
50.4;11538432;0
66.5;13754368;0
49.9;11730944;0
99.7;13750272;0
16.8;12283904;0
100.8;13561856;0
33.2;13750272;0
99.7;13750272;0
57.3;13565952;0
71.0;11542528;0
71.7;13750272;0
50.4;11730944;0
86.0;13754368;0
33.2;11730944;0
99.4;13750272;0
49.9;13754368;0
100.8;13754368;0
33.2;13750272;0
