0.0;10518528;0
0.0;10518528;0
0.0;10518528;0
0.0;10518528;0
16.6;12623872;0
100.8;12689408;0
71.0;12701696;0
100.3;12763136;0
66.5;12787712;0
99.7;12828672;0
56.8;12935168;0
100.8;12935168;0
49.9;13025280;0
100.3;13045760;0
57.3;13160448;0
99.7;13160448;0
49.9;13275136;0
100.3;13275136;0
57.3;13271040;0
99.7;13271040;0
67.2;13340672;0
99.7;11317248;0
71.7;13406208;0
83.1;11382784;0
84.0;13402112;0
83.1;11382784;0
86.0;13471744;0
86.0;11485184;173
83.1;13623296;0
66.5;11407360;0
86.0;13553664;0
57.3;11354112;0
99.4;13520896;0
67.2;12496896;0
99.7;13643776;0
66.5;13586432;0
99.4;13586432;0
71.7;13578240;0
99.7;13635584;0
66.5;13574144;0
100.3;13574144;0
71.0;13758464;0
100.3;13758464;0
71.0;13721600;0
100.8;13721600;0
49.9;13574144;0
100.3;13574144;0
71.7;13770752;0
99.7;11747328;0
66.5;13758464;0
99.7;13758464;0
71.7;13725696;0
71.0;11702272;0
84.0;13725696;0
66.5;11702272;0
99.7;14577664;0
56.8;12558336;0
114.7;13725696;0
66.5;15978496;0
99.7;14376960;0
67.2;13725696;0
99.4;13725696;0
71.7;13721600;0
99.7;13721600;0
50.4;13778944;0
99.4;13778944;0
71.7;13721600;0
99.7;13721600;0
49.9;13774848;0
99.7;13774848;0
66.5;13725696;0
100.3;13725696;0
56.8;13783040;0
100.8;13783040;0
49.9;13778944;0
99.7;13778944;0
66.5;13758464;0
86.0;11735040;0
71.7;14372864;0
71.0;12353536;0
84.0;13783040;0
66.5;11759616;0
99.7;13783040;0
71.0;11759616;0
100.3;13750272;0
57.3;12140544;0
99.7;13778944;0
50.4;14376960;0
99.4;14376960;0
57.3;13778944;0
99.4;13778944;0
50.4;13758464;0
99.7;13758464;0
66.5;14376960;0
100.8;14376960;0
49.9;14700544;0
99.7;14700544;0
56.8;13725696;0
86.0;11702272;0
66.5;13758464;0
99.7;11739136;0
84.0;13721600;0
83.1;11702272;0
86.0;13516800;0
71.0;11497472;0
86.0;14381056;0
66.5;12357632;0
99.7;13725696;0
50.4;14344192;0
99.7;14635008;0
49.9;13783040;0
99.4;13783040;0
71.7;14315520;0
100.3;14315520;0
56.8;14376960;0
100.8;14376960;0
49.9;13725696;0
99.7;13725696;0
49.9;13758464;0
99.7;13758464;0
67.2;13783040;0
99.7;11759616;0
71.7;14336000;0
86.0;12316672;0
99.4;13721600;0
71.7;11702272;0
99.7;13750272;0
67.2;11730944;0
100.3;14344192;0
56.8;13725696;0
100.3;13725696;0
86.0;13778944;0
99.7;13778944;0
66.5;13725696;0
99.7;13725696;0
67.2;14581760;0
99.7;14581760;0
49.9;13520896;0
100.8;13520896;0
66.5;14336000;0
99.7;12316672;0
83.1;14376960;0
86.0;12353536;0
86.0;13778944;0
71.0;11759616;0
100.3;14311424;0
66.5;12288000;0
99.7;13520896;0
49.9;14376960;0
99.7;14376960;0
50.4;14376960;0
99.7;14376960;0
49.9;13721600;0
100.8;13721600;0
49.9;13729792;0
99.7;13729792;0
66.5;13758464;0
99.7;11735040;0
67.2;14340096;0
99.7;12316672;0
83.1;14372864;0
84.0;12353536;0
99.7;13758464;0
66.5;11739136;0
99.7;14344192;0
49.9;13758464;0
100.8;13758464;0
49.9;14336000;0
99.7;14336000;0
50.4;14376960;0
99.7;14376960;0
49.9;13721600;0
99.7;13721600;0
66.5;13516800;0
100.8;11497472;0
83.1;14372864;0
83.1;12353536;0
100.8;14372864;0
66.5;12353536;0
99.7;14376960;0
49.9;14372864;0
99.7;14372864;0
50.4;13516800;0
99.7;13516800;0
49.9;14581760;0
100.8;14581760;0
66.5;14704640;0
99.7;14704640;0
66.5;14700544;0
99.7;12681216;0
71.7;13725696;0
85.2;11702272;0
86.0;13783040;0
71.7;11759616;0
99.7;14340096;0
49.9;14372864;0
99.7;14372864;0
66.5;14376960;0
100.3;14376960;0
71.7;14381056;0
99.4;14381056;0
71.7;13754368;0
100.3;13754368;0
71.0;14630912;0
86.0;12607488;0
71.0;14700544;0
71.7;12681216;0
84.0;14700544;0
66.5;12681216;0
99.4;13721600;0
71.7;14577664;0
100.3;14577664;0
56.8;14704640;0
100.3;14704640;0
56.8;14704640;0
100.3;14704640;0
57.3;13725696;0
99.4;13725696;0
71.7;13758464;0
86.0;11735040;0
71.0;14372864;0
86.0;12353536;0
85.2;14376960;0
71.7;12353536;0
100.8;14704640;0
49.9;15519744;0
99.7;14704640;0
67.2;13778944;0
100.3;13778944;0
71.0;14372864;0
100.3;14372864;0
71.0;14704640;0
100.3;14704640;0
71.7;14704640;0
85.2;12681216;0
86.0;14704640;0
71.7;12681216;0
113.6;13766656;0
57.3;14180352;0
99.4;14581760;0
49.9;14635008;0
100.8;14635008;0
49.9;13721600;0
99.7;13721600;0
50.4;13725696;0
99.7;13725696;0
66.5;13783040;0
99.7;11759616;0
83.1;14311424;0
67.2;12288000;0
99.7;14381056;0
56.8;14381056;0
100.3;14381056;0
99.7;13725696;0
50.4;11702272;0
99.7;14372864;0
71.0;14376960;0
100.3;14376960;0
84.0;14381056;0
99.7;14381056;0
49.9;14381056;0
99.7;14381056;0
66.5;13516800;0
84.0;11497472;0
83.1;14336000;0
83.1;12312576;0
100.8;14376960;0
57.3;14376960;0
99.4;14376960;0
43.0;14704640;0
100.3;14704640;0
56.8;13725696;0
100.3;13725696;0
67.2;14340096;0
83.1;12320768;0
83.1;13553664;0
67.2;11530240;0
99.7;13733888;0
56.8;14278656;0
100.3;14278656;0
56.8;13746176;0
100.3;13746176;0
57.3;14606336;0
99.7;14606336;0
66.5;14614528;0
100.8;12591104;0
66.5;14671872;0
83.1;12648448;0
83.1;14667776;0
56.8;12648448;0
100.3;14671872;0
57.3;14671872;0
99.7;14671872;0
49.9;14671872;0
100.8;14671872;0
57.3;13692928;0
85.2;11673600;0
86.0;13697024;0
85.2;11673600;0
86.0;14553088;0
