0.0;10498048;0
0.0;10498048;0
0.0;10498048;0
0.0;10498048;0
16.6;14692352;0
100.3;14725120;0
116.4;18898944;0
199.5;18948096;0
215.0;23121920;0
199.5;23203840;0
216.1;31264768;0
134.4;23220224;0
213.1;31129600;0
116.4;23224320;0
232.7;31309824;0
200.7;31334400;0
199.5;31334400;0
151.2;23351296;0
133.0;25796608;0
200.7;31453184;0
199.5;31473664;0
201.6;31477760;0
198.9;31559680;0
200.7;31571968;0
149.6;31731712;0
199.5;27709440;0
156.2;32661504;0
218.4;32538624;0
199.5;31883264;0
200.7;31899648;0
186.4;31924224;0
199.5;32190464;0
199.5;32063488;0
200.7;32083968;0
199.5;32120832;0
216.1;32264192;0
201.6;32223232;0
198.9;32239616;0
186.4;32272384;0
99.7;28246016;0
218.4;33017856;0
198.9;29057024;277
215.0;32374784;0
200.7;32374784;0
166.2;28131328;0
199.5;33103872;0
199.5;32301056;0
200.7;32370688;0
198.9;32419840;0
168.0;28397568;0
166.2;32567296;0
199.5;32567296;0
198.9;32501760;0
200.7;32501760;0
199.5;32501760;0
199.5;32501760;0
200.7;28475392;0
182.8;36638720;0
199.5;36700160;0
66.5;28659712;0
285.6;63885312;0
298.3;95690752;0
301.0;118923264;0
266.0;149389312;0
299.2;168501248;0
299.2;192401408;0
282.6;213307392;0
268.8;213737472;408
284.1;218836992;767
232.7;218800128;257
172.0;214777856;0
198.9;218845184;0
200.7;218845184;0
99.7;212688896;0
201.6;218841088;0
199.5;218841088;0
199.5;218841088;0
151.2;218841088;0
198.9;218841088;0
199.5;218841088;0
149.6;218845184;0
201.6;218845184;0
199.5;218845184;0
200.7;218849280;0
143.3;214822912;0
170.5;218845184;0
199.5;218845184;0
199.5;218845184;0
201.6;218845184;0
199.5;218845184;0
143.3;214818816;0
215.0;218841088;0
142.0;213176320;0
186.4;214839296;0
133.0;219389952;0
117.6;219394048;0
199.5;219394048;0
199.5;219394048;0
186.4;219402240;0
198.9;219402240;0
200.7;219402240;0
182.8;215375872;0
184.8;219406336;0
199.5;219406336;0
199.5;219410432;0
168.0;215384064;0
198.9;219410432;0
129.0;211357696;0
227.3;219402240;0
201.6;219402240;0
199.5;219402240;0
199.5;219402240;0
201.6;219402240;0
116.4;210362368;0
249.3;225116160;0
199.5;225116160;0
200.7;225116160;0
186.4;225116160;0
199.5;217100288;0
218.4;225128448;0
133.0;220831744;0
199.5;225128448;0
199.5;225128448;0
200.7;225128448;0
200.7;225128448;0
184.7;221102080;0
172.0;225128448;0
182.8;221102080;0
182.8;225124352;0
199.5;225124352;0
199.5;225124352;0
201.6;225124352;0
199.5;225124352;0
83.1;220434432;0
229.4;225124352;0
198.9;225124352;0
200.7;225124352;0
198.9;225124352;0
200.7;225124352;0
199.5;225124352;0
199.5;221102080;0
151.2;225128448;0
199.5;225128448;0
199.5;225128448;0
199.5;225128448;0
199.5;225128448;0
200.7;225128448;0
198.9;225128448;0
200.7;225128448;0
215.0;225124352;0
198.9;225124352;0
200.7;225124352;0
199.5;225124352;0
201.6;225124352;0
199.5;225124352;0
198.9;225124352;0
186.4;221097984;0
86.0;219680768;0
199.5;225128448;0
182.8;225128448;0
199.5;225128448;0
199.5;225128448;0
151.2;221102080;0
184.7;225124352;0
157.7;221097984;0
186.4;225120256;0
198.9;225120256;0
200.7;225120256;0
198.9;225120256;0
186.4;221097984;0
215.0;225124352;0
198.9;225124352;0
200.7;225124352;0
143.3;225128448;0
198.9;225128448;0
200.7;225128448;0
199.5;225128448;0
201.6;225124352;0
199.5;225124352;0
199.5;225124352;0
201.6;225124352;0
116.4;221097984;0
216.1;225120256;0
199.5;225120256;0
133.0;219734016;0
201.6;228474880;0
199.5;225705984;0
198.9;230825984;0
201.6;230825984;0
200.7;230825984;0
198.9;230825984;0
200.7;230825984;0
213.1;230821888;0
186.4;226795520;0
184.8;230821888;0
198.9;230821888;0
200.7;230821888;0
129.0;223637504;0
199.5;230821888;0
199.5;230821888;0
199.5;230821888;0
166.2;230821888;0
201.6;230821888;0
182.8;230821888;0
199.5;230821888;0
201.6;230821888;0
199.5;230821888;0
199.5;230821888;0
199.5;230821888;0
199.5;230821888;0
184.8;226799616;0
133.0;230821888;0
149.6;230821888;0
201.6;230821888;0
199.5;230821888;0
198.9;230821888;0
200.7;230821888;0
198.9;230821888;0
172.0;226799616;0
184.8;226799616;0
199.5;230821888;0
199.5;230821888;0
201.6;230821888;0
199.5;230821888;0
199.5;230821888;0
199.5;230821888;0
213.1;230817792;0
129.0;226795520;0
186.4;230821888;0
199.5;230821888;0
199.5;230821888;0
201.6;230821888;0
182.8;230825984;0
199.5;230825984;0
200.7;230825984;0
198.9;230821888;0
199.5;230821888;0
134.4;226795520;0
182.8;230821888;0
199.5;230821888;0
201.6;230821888;0
199.5;230821888;0
133.0;222801920;0
200.7;230821888;0
199.5;230821888;0
199.5;230821888;0
201.6;230821888;0
149.6;226799616;0
182.8;226795520;0
184.8;234172416;0
199.5;234172416;0
199.5;234172416;0
199.5;234172416;0
227.3;236527616;0
200.7;236527616;0
200.7;236527616;0
149.6;236523520;0
216.1;236523520;0
201.6;236523520;0
199.5;236523520;0
199.5;236523520;0
200.7;236523520;0
127.8;232497152;0
116.4;232497152;0
218.4;236519424;0
199.5;236519424;0
199.5;236519424;0
200.7;236519424;0
215.0;236523520;0
182.8;236523520;0
199.5;236523520;0
199.5;236523520;0
199.5;236523520;0
200.7;236523520;0
71.7;226754560;0
201.6;236564480;0
199.5;236564480;0
199.5;236564480;0
200.7;236564480;0
172.0;236560384;0
199.5;236560384;0
166.2;232538112;0
200.7;236564480;0
198.9;236564480;0
149.6;232718336;0
201.6;236568576;0
215.0;230334464;0
199.5;236564480;0
199.5;236564480;0
184.8;232542208;0
172.0;236568576;0
149.6;232542208;0
216.1;236564480;0
199.5;232538112;0
216.1;232538112;0
215.0;236560384;0
201.6;236560384;0
199.5;236560384;0
170.5;239915008;0
172.0;235892736;0
