0.0;10506240;0
0.0;10506240;0
0.0;10506240;0
0.0;10506240;0
0.0;10506240;0
0.0;10506240;0
0.0;10506240;0
0.0;10506240;0
0.0;10506240;0
0.0;10506240;0
0.0;10506240;0
0.0;10506240;0
0.0;10506240;0
0.0;10506240;0
0.0;10506240;0
0.0;10506240;0
0.0;10506240;0
0.0;10506240;0
0.0;10506240;0
0.0;10506240;0
0.0;10506240;0
0.0;10506240;0
0.0;10506240;0
0.0;10506240;0
0.0;10506240;0
0.0;10506240;0
0.0;10506240;0
0.0;10506240;0
0.0;10506240;0
0.0;10506240;0
0.0;10506240;0
0.0;10506240;0
0.0;10506240;0
0.0;10506240;0
0.0;10506240;0
0.0;10506240;0
33.2;20541440;83
0.0;20508672;31
0.0;20508672;0
0.0;20508672;0
0.0;20508672;0
0.0;20508672;0
0.0;20508672;0
0.0;20508672;0
0.0;20508672;0
0.0;20508672;0
0.0;20508672;0
0.0;20508672;0
0.0;20508672;0
0.0;20508672;0
0.0;20508672;0
0.0;20508672;0
0.0;20508672;0
0.0;20508672;0
0.0;20508672;0
0.0;20508672;0
0.0;20508672;0
0.0;20508672;0
0.0;20508672;0
0.0;20508672;0
0.0;20508672;0
0.0;20508672;0
0.0;20508672;0
0.0;20508672;0
0.0;20508672;0
0.0;20508672;0
0.0;20508672;0
0.0;20508672;0
0.0;20508672;0
0.0;20508672;0
0.0;20508672;0
0.0;20508672;0
0.0;20508672;0
0.0;20508672;0
42.6;20877312;0
0.0;20877312;0
0.0;20877312;0
0.0;20877312;0
0.0;20877312;0
0.0;20877312;0
0.0;20877312;0
0.0;20877312;0
0.0;20877312;0
0.0;20877312;0
0.0;20877312;0
0.0;20877312;0
0.0;20877312;0
0.0;20877312;0
0.0;20877312;0
0.0;20877312;0
0.0;20877312;0
0.0;20877312;0
0.0;20877312;0
0.0;20877312;0
0.0;20877312;0
0.0;20877312;0
0.0;20877312;0
0.0;20877312;0
0.0;20877312;0
0.0;20877312;0
0.0;20877312;0
0.0;20877312;0
0.0;20877312;0
0.0;20877312;0
0.0;20877312;0
0.0;20877312;0
0.0;20877312;0
0.0;20877312;0
0.0;20877312;0
0.0;20877312;0
0.0;20877312;0
33.6;21041152;0
0.0;21041152;0
0.0;21041152;0
0.0;21041152;0
0.0;21041152;0
0.0;21041152;0
0.0;21041152;0
0.0;21041152;0
0.0;21041152;0
0.0;21041152;0
0.0;21041152;0
0.0;21041152;0
0.0;21041152;0
0.0;21041152;0
0.0;21041152;0
0.0;21041152;0
0.0;21041152;0
0.0;21041152;0
0.0;21041152;0
0.0;21041152;0
0.0;21041152;0
0.0;21041152;0
0.0;21041152;0
0.0;21041152;0
0.0;21041152;0
0.0;21041152;0
0.0;21041152;0
0.0;21041152;0
0.0;21041152;0
0.0;21041152;0
0.0;21041152;0
0.0;21041152;0
0.0;21041152;0
0.0;21041152;0
0.0;21041152;0
0.0;21041152;0
0.0;21041152;0
28.7;21602304;0
0.0;21602304;0
0.0;21602304;0
0.0;21602304;0
0.0;21602304;0
0.0;21602304;0
0.0;21602304;0
0.0;21602304;0
0.0;21602304;0
0.0;21602304;0
0.0;21602304;0
0.0;21602304;0
0.0;21602304;0
0.0;21602304;0
0.0;21602304;0
0.0;21602304;0
0.0;21602304;0
0.0;21602304;0
0.0;21602304;0
0.0;21602304;0
0.0;21602304;0
0.0;21602304;0
0.0;21602304;0
0.0;21602304;0
0.0;21602304;0
0.0;21602304;0
0.0;21602304;0
0.0;21602304;0
0.0;21602304;0
0.0;21602304;0
0.0;21602304;0
0.0;21602304;0
0.0;21602304;0
0.0;21602304;0
0.0;21602304;0
0.0;21602304;0
28.4;21901312;0
0.0;21901312;0
0.0;21901312;0
0.0;21901312;0
0.0;21901312;0
0.0;21901312;0
0.0;21901312;0
0.0;21901312;0
0.0;21901312;0
0.0;21901312;0
0.0;21901312;0
0.0;21901312;0
0.0;21901312;0
0.0;21901312;0
0.0;21901312;0
0.0;21901312;0
0.0;21901312;0
0.0;21901312;0
0.0;21901312;0
0.0;21901312;0
0.0;21901312;0
0.0;21901312;0
0.0;21901312;0
0.0;21901312;0
0.0;21901312;0
0.0;21901312;0
0.0;21901312;0
0.0;21901312;0
0.0;21901312;0
0.0;21901312;0
0.0;21901312;0
0.0;21901312;0
0.0;21901312;0
0.0;21901312;0
0.0;21901312;0
14.3;23703552;0
16.6;21897216;0
0.0;21897216;0
0.0;21897216;0
0.0;21897216;0
0.0;21897216;0
0.0;21897216;0
0.0;21897216;0
0.0;21897216;0
0.0;21897216;0
0.0;21897216;0
0.0;21897216;0
0.0;21897216;0
0.0;21897216;0
0.0;21897216;0
0.0;21897216;0
0.0;21897216;0
0.0;21897216;0
0.0;21897216;0
0.0;21897216;0
0.0;21897216;0
0.0;21897216;0
0.0;21897216;0
0.0;21897216;0
0.0;21897216;0
0.0;21897216;0
0.0;21897216;0
0.0;21897216;0
0.0;21897216;0
0.0;21897216;0
0.0;21897216;0
0.0;21897216;0
0.0;21897216;0
0.0;21897216;0
0.0;21897216;0
0.0;21897216;0
33.2;21950464;0
0.0;21950464;0
0.0;21950464;0
0.0;21950464;0
0.0;21950464;0
0.0;21913600;0
0.0;21950464;0
0.0;21950464;0
0.0;21950464;0
0.0;21950464;0
0.0;21950464;0
0.0;21950464;0
0.0;21950464;0
0.0;21950464;0
0.0;21950464;0
0.0;21950464;0
0.0;21950464;0
0.0;21950464;0
0.0;21950464;0
0.0;21950464;0
0.0;21950464;0
0.0;21950464;0
0.0;21950464;0
0.0;21950464;0
0.0;21950464;0
0.0;21950464;0
0.0;21950464;0
0.0;21950464;0
0.0;21950464;0
0.0;21950464;0
0.0;21950464;0
0.0;21950464;0
0.0;21950464;0
0.0;21950464;0
0.0;21950464;0
33.2;22757376;0
0.0;22757376;0
0.0;22757376;0
0.0;22757376;0
0.0;22757376;0
0.0;22757376;0
0.0;22757376;0
0.0;22757376;0
0.0;22757376;0
0.0;22757376;0
