0.0;10498048;0
0.0;10498048;0
0.0;10498048;0
0.0;10498048;0
0.0;10498048;0
0.0;10498048;0
0.0;10498048;0
0.0;10498048;0
0.0;10498048;0
0.0;10498048;0
0.0;10498048;0
0.0;10498048;0
0.0;10498048;0
0.0;10498048;0
0.0;10498048;0
0.0;10498048;0
0.0;10498048;0
0.0;10498048;0
0.0;10498048;0
0.0;10498048;0
0.0;10498048;0
0.0;10498048;0
0.0;10498048;0
0.0;10498048;0
0.0;10498048;0
0.0;10498048;0
0.0;10498048;0
0.0;10498048;0
0.0;10498048;0
0.0;10498048;0
0.0;10498048;0
0.0;10498048;0
0.0;10498048;0
0.0;10498048;0
0.0;10498048;0
0.0;10498048;0
56.8;20549632;114
0.0;20520960;0
0.0;20520960;0
0.0;20520960;0
0.0;20520960;0
0.0;20520960;0
0.0;20520960;0
0.0;20520960;0
0.0;20520960;0
0.0;20520960;0
0.0;20520960;0
0.0;20520960;0
0.0;20520960;0
0.0;20520960;0
0.0;20520960;0
0.0;20520960;0
0.0;20520960;0
0.0;20520960;0
0.0;20520960;0
0.0;20520960;0
0.0;20520960;0
0.0;20520960;0
0.0;20520960;0
0.0;20520960;0
0.0;20520960;0
0.0;20520960;0
0.0;20520960;0
0.0;20520960;0
0.0;20520960;0
0.0;20520960;0
0.0;20520960;0
0.0;20520960;0
0.0;20520960;0
0.0;20520960;0
0.0;20520960;0
0.0;20520960;0
0.0;20520960;0
49.9;21200896;0
0.0;21200896;0
0.0;21200896;0
0.0;21200896;0
0.0;21200896;0
0.0;21200896;0
0.0;21200896;0
0.0;21200896;0
0.0;21200896;0
0.0;21200896;0
0.0;21200896;0
0.0;21200896;0
0.0;21200896;0
0.0;21200896;0
0.0;21200896;0
0.0;21200896;0
0.0;21200896;0
0.0;21200896;0
0.0;21200896;0
0.0;21200896;0
0.0;21200896;0
0.0;21200896;0
0.0;21200896;0
0.0;21200896;0
0.0;21200896;0
0.0;21200896;0
0.0;21200896;0
0.0;21200896;0
0.0;21200896;0
0.0;21200896;0
0.0;21200896;0
0.0;21200896;0
0.0;21200896;0
0.0;21200896;0
0.0;21200896;0
0.0;21200896;0
28.7;28446720;0
14.2;21032960;0
0.0;21032960;0
0.0;21032960;0
0.0;21032960;0
0.0;21032960;0
0.0;21032960;0
0.0;21032960;0
0.0;21032960;0
0.0;21032960;0
0.0;21032960;0
0.0;21032960;0
0.0;21032960;0
0.0;21032960;0
0.0;21032960;0
0.0;21032960;0
0.0;21032960;0
0.0;21032960;0
0.0;21032960;0
0.0;21032960;0
0.0;21032960;0
0.0;21032960;0
0.0;21032960;0
0.0;21032960;0
0.0;21032960;0
0.0;21032960;0
0.0;21032960;0
0.0;21032960;0
0.0;21032960;0
0.0;21032960;0
0.0;21032960;0
0.0;21032960;0
0.0;21032960;0
0.0;21032960;0
0.0;21032960;0
0.0;21032960;0
0.0;21032960;0
42.6;29712384;0
0.0;21626880;0
0.0;21626880;0
0.0;21626880;0
0.0;21626880;0
0.0;21626880;0
0.0;21626880;0
0.0;21626880;0
0.0;21626880;0
0.0;21626880;0
0.0;21626880;0
0.0;21626880;0
0.0;21626880;0
0.0;21626880;0
0.0;21626880;0
0.0;21626880;0
0.0;21626880;0
0.0;21626880;0
0.0;21626880;0
0.0;21626880;0
0.0;21626880;0
0.0;21626880;0
0.0;21626880;0
0.0;21626880;0
0.0;21626880;0
0.0;21626880;0
0.0;21626880;0
0.0;21626880;0
0.0;21626880;0
0.0;21626880;0
0.0;21626880;0
0.0;21626880;0
0.0;21626880;0
0.0;21626880;0
0.0;21626880;0
0.0;21626880;0
28.4;22179840;0
0.0;22179840;0
0.0;22179840;0
0.0;22179840;0
0.0;22179840;0
0.0;22179840;0
0.0;22179840;0
0.0;22179840;0
0.0;22179840;0
0.0;22179840;0
0.0;22179840;0
0.0;22179840;0
0.0;22179840;0
0.0;22179840;0
0.0;22179840;0
0.0;22179840;0
0.0;22179840;0
0.0;22179840;0
0.0;22179840;0
0.0;22179840;0
0.0;22179840;0
0.0;22179840;0
0.0;22179840;0
0.0;22179840;0
0.0;22179840;0
0.0;22179840;0
0.0;22179840;0
0.0;22179840;0
0.0;22179840;0
0.0;22179840;0
0.0;22179840;0
0.0;22179840;0
0.0;22179840;0
0.0;22179840;0
0.0;22179840;0
28.7;22220800;0
0.0;22220800;0
0.0;22220800;0
0.0;22220800;0
0.0;22220800;0
0.0;22220800;0
0.0;22220800;0
0.0;22220800;0
0.0;22220800;0
0.0;22220800;0
0.0;22220800;0
0.0;22220800;0
0.0;22220800;0
0.0;22220800;0
0.0;22220800;0
0.0;22220800;0
0.0;22220800;0
0.0;22220800;0
0.0;22220800;0
0.0;22220800;0
0.0;22220800;0
0.0;22220800;0
0.0;22220800;0
0.0;22220800;0
0.0;22220800;0
0.0;22220800;0
0.0;22220800;0
0.0;22220800;0
0.0;22220800;0
0.0;22220800;0
0.0;22220800;0
0.0;22220800;0
0.0;22220800;0
0.0;22220800;0
0.0;22220800;0
33.2;21782528;0
0.0;21782528;0
0.0;21782528;0
0.0;21782528;0
0.0;21782528;0
0.0;21782528;0
0.0;21782528;0
0.0;21782528;0
0.0;21782528;0
0.0;21782528;0
0.0;21762048;0
0.0;21762048;0
0.0;21762048;0
0.0;21762048;0
0.0;21762048;0
0.0;21762048;0
0.0;21762048;0
0.0;21762048;0
0.0;21762048;0
0.0;21762048;0
0.0;21762048;0
0.0;21762048;0
0.0;21762048;0
0.0;21762048;0
0.0;21762048;0
0.0;21762048;0
0.0;21762048;0
0.0;21762048;0
0.0;21762048;0
0.0;21762048;0
0.0;21762048;0
0.0;21762048;0
0.0;21762048;0
0.0;21762048;0
0.0;21762048;0
33.2;22720512;0
0.0;22720512;0
0.0;22720512;0
0.0;22720512;0
0.0;22720512;0
0.0;22720512;0
0.0;22720512;0
0.0;22720512;0
0.0;22720512;0
0.0;22720512;0
0.0;22720512;0
0.0;22720512;0
0.0;22720512;0
