0.0;10502144;0
0.0;10502144;0
0.0;10502144;0
0.0;10502144;0
0.0;10502144;0
0.0;10502144;0
0.0;10502144;0
0.0;10502144;0
0.0;10502144;0
0.0;10502144;0
0.0;10502144;0
0.0;10502144;0
0.0;10502144;0
0.0;10502144;0
0.0;10502144;0
0.0;10502144;0
0.0;10502144;0
0.0;10502144;0
0.0;10502144;0
0.0;10502144;0
0.0;10502144;0
0.0;10502144;0
0.0;10502144;0
0.0;10502144;0
0.0;10502144;0
0.0;10502144;0
0.0;10502144;0
0.0;10502144;0
0.0;10502144;0
0.0;10502144;0
0.0;10502144;0
0.0;10502144;0
0.0;10502144;0
0.0;10502144;0
0.0;10502144;0
0.0;10502144;0
0.0;10502144;0
28.7;16502784;0
16.8;20496384;114
0.0;20496384;0
0.0;20496384;0
0.0;20496384;0
0.0;20496384;0
0.0;20496384;0
0.0;20496384;0
0.0;20496384;0
0.0;20496384;0
0.0;20496384;0
0.0;20496384;0
0.0;20496384;0
0.0;20496384;0
0.0;20496384;0
0.0;20496384;0
0.0;20496384;0
0.0;20496384;0
0.0;20496384;0
0.0;20496384;0
0.0;20496384;0
0.0;20496384;0
0.0;20496384;0
0.0;20496384;0
0.0;20496384;0
0.0;20496384;0
0.0;20496384;0
0.0;20496384;0
0.0;20496384;0
0.0;20496384;0
0.0;20496384;0
0.0;20496384;0
0.0;20496384;0
0.0;20496384;0
0.0;20496384;0
0.0;20496384;0
0.0;20496384;0
0.0;20496384;0
43.0;20885504;0
0.0;20885504;0
0.0;20885504;0
0.0;20885504;0
0.0;20885504;0
0.0;20885504;0
0.0;20885504;0
0.0;20885504;0
0.0;20885504;0
0.0;20885504;0
0.0;20885504;0
0.0;20885504;0
0.0;20885504;0
0.0;20885504;0
0.0;20885504;0
0.0;20885504;0
0.0;20885504;0
0.0;20885504;0
0.0;20885504;0
0.0;20885504;0
0.0;20885504;0
0.0;20885504;0
0.0;20885504;0
0.0;20885504;0
0.0;20885504;0
0.0;20885504;0
0.0;20885504;0
0.0;20885504;0
0.0;20885504;0
0.0;20885504;0
0.0;20885504;0
0.0;20885504;0
0.0;20885504;0
0.0;20885504;0
0.0;20885504;0
0.0;20885504;0
16.8;26939392;0
0.0;21020672;0
0.0;21020672;0
0.0;21020672;0
0.0;21020672;0
0.0;21020672;0
0.0;21020672;0
0.0;21020672;0
0.0;21020672;0
0.0;21020672;0
0.0;21020672;0
0.0;21020672;0
0.0;21020672;0
0.0;21020672;0
0.0;21020672;0
0.0;21020672;0
0.0;21020672;0
0.0;21020672;0
0.0;21020672;0
0.0;21020672;0
0.0;21020672;0
0.0;21020672;0
0.0;21020672;0
0.0;21020672;0
0.0;21020672;0
0.0;21020672;0
0.0;21020672;0
0.0;21020672;0
0.0;21020672;0
0.0;21020672;0
0.0;21020672;0
0.0;21020672;0
0.0;21020672;0
0.0;21020672;0
0.0;21020672;0
0.0;21020672;0
0.0;21020672;0
49.9;21610496;0
0.0;21610496;0
0.0;21610496;0
0.0;21610496;0
0.0;21610496;0
0.0;21610496;0
0.0;21610496;0
0.0;21610496;0
0.0;21610496;0
0.0;21610496;0
0.0;21610496;0
0.0;21610496;0
0.0;21610496;0
0.0;21610496;0
0.0;21610496;0
0.0;21610496;0
0.0;21610496;0
0.0;21610496;0
0.0;21610496;0
0.0;21610496;0
0.0;21610496;0
0.0;21610496;0
0.0;21610496;0
0.0;21610496;0
0.0;21610496;0
0.0;21610496;0
0.0;21610496;0
0.0;21610496;0
0.0;21610496;0
0.0;21610496;0
0.0;21610496;0
0.0;21610496;0
0.0;21610496;0
0.0;21610496;0
0.0;21610496;0
0.0;21610496;0
33.2;21876736;0
0.0;21876736;0
0.0;21876736;0
0.0;21876736;0
0.0;21876736;0
0.0;21876736;0
0.0;21876736;0
0.0;21876736;0
0.0;21876736;0
0.0;21876736;0
0.0;21876736;0
0.0;21876736;0
0.0;21876736;0
0.0;21876736;0
0.0;21876736;0
0.0;21876736;0
0.0;21876736;0
0.0;21876736;0
0.0;21876736;0
0.0;21876736;0
0.0;21876736;0
0.0;21876736;0
0.0;21876736;0
0.0;21876736;0
0.0;21876736;0
0.0;21876736;0
0.0;21876736;0
0.0;21876736;0
0.0;21876736;0
0.0;21876736;0
0.0;21876736;0
0.0;21876736;0
0.0;21876736;0
0.0;21876736;0
0.0;21876736;0
33.2;21893120;0
0.0;21893120;0
0.0;21893120;0
0.0;21893120;0
0.0;21893120;0
0.0;21893120;0
0.0;21893120;0
0.0;21893120;0
0.0;21893120;0
0.0;21893120;0
0.0;21893120;0
0.0;21893120;0
0.0;21893120;0
0.0;21893120;0
0.0;21893120;0
0.0;21893120;0
0.0;21893120;0
0.0;21893120;0
0.0;21893120;0
0.0;21893120;0
0.0;21893120;0
0.0;21893120;0
0.0;21893120;0
0.0;21893120;0
0.0;21893120;0
0.0;21893120;0
0.0;21893120;0
0.0;21893120;0
0.0;21893120;0
0.0;21893120;0
0.0;21893120;0
0.0;21893120;0
0.0;21893120;0
0.0;21893120;0
0.0;21893120;0
28.7;22183936;0
0.0;22183936;0
0.0;22183936;0
0.0;22183936;0
0.0;22183936;0
0.0;22183936;0
0.0;22183936;0
0.0;22183936;0
0.0;22167552;0
0.0;22167552;0
0.0;22167552;0
0.0;22167552;0
0.0;22167552;0
0.0;22167552;0
0.0;22167552;0
0.0;22167552;0
0.0;22167552;0
0.0;22167552;0
0.0;22167552;0
0.0;22167552;0
0.0;22167552;0
0.0;22167552;0
0.0;22167552;0
0.0;22167552;0
0.0;22167552;0
0.0;22167552;0
0.0;22167552;0
0.0;22167552;0
0.0;22167552;0
0.0;22167552;0
0.0;22167552;0
0.0;22167552;0
0.0;22167552;0
0.0;22167552;0
42.6;22720512;0
0.0;22720512;0
0.0;22720512;0
0.0;22720512;0
0.0;22720512;0
0.0;22720512;0
0.0;22720512;0
0.0;22720512;0
0.0;22720512;0
0.0;22720512;0
0.0;22720512;0
0.0;22720512;0
