0.0;156.5;0.0;0.0
0.0;156.5;1.3;0.0
0.0;156.5;0.0;0.0
0.0;156.5;0.7;0.0
0.0;156.5;0.0;0.0
0.0;156.5;0.7;0.0
0.0;156.5;0.0;0.0
0.0;156.5;0.4;0.0
0.0;156.5;0.0;0.0
0.0;156.5;0.6;0.0
0.0;156.5;0.0;0.0
0.0;156.5;0.6;0.0
0.0;156.5;0.0;0.0
0.0;156.5;0.6;0.0
0.0;156.5;0.0;0.0
0.0;156.5;0.3;0.0
0.0;156.5;0.0;0.0
39.9;160.2;0.5;0.0
49.9;160.4;0.0;0.0
50.0;160.4;0.0;0.0
53.5;161.0;0.3;0.0
14.9;161.0;0.0;0.0
0.0;161.0;0.1;0.0
0.0;161.0;0.0;0.0
0.0;161.0;1.3;0.0
0.0;161.0;0.0;0.0
0.0;161.0;0.0;0.0
0.0;161.0;0.7;0.0
0.0;161.0;0.0;0.0
0.0;161.0;0.6;0.0
0.0;161.0;0.0;0.0
0.0;161.0;0.5;0.0
0.0;161.0;0.0;0.0
0.0;161.0;0.4;0.0
0.0;161.0;0.4;0.0
0.0;161.0;0.0;0.0
0.0;161.0;0.5;0.0
0.0;161.0;0.0;0.0
4.9;161.5;0.2;0.0
48.5;161.5;0.0;0.0
49.9;161.5;1.1;0.0
19.9;161.5;0.0;0.0
0.0;161.5;0.0;0.0
0.0;161.5;0.2;0.0
0.0;161.5;0.0;0.0
0.0;161.5;2.7;0.0
0.0;161.5;0.0;0.0
0.0;161.5;1.4;0.0
0.0;161.5;0.0;0.0
0.0;161.5;1.1;0.0
0.0;161.5;0.0;0.0
0.0;161.5;0.7;0.0
0.0;161.5;0.0;0.0
0.0;161.5;0.8;0.0
0.0;161.5;0.0;0.0
0.0;161.5;0.9;0.0
0.0;161.5;0.0;0.0
0.0;161.5;0.6;0.0
0.0;161.5;0.0;0.0
59.0;162.4;0.7;0.0
19.7;162.4;0.0;0.0
24.6;165.1;9.2;4.0
49.6;184.1;45.3;0.0
50.0;245.9;409.9;0.0
50.0;245.9;289.8;0.0
52.3;245.9;340.8;0.0
50.4;277.1;91.5;68.0
50.0;277.1;0.6;192.0
49.5;277.1;0.6;192.0
49.6;184.2;0.3;20.0
