8.4;3.2;0.3;0.0;431.0


8.4;125.8;7.3;0.0;431.0


7.2;93.2;7.4;0.0;431.0


2.4;83.6;8.3;0.0;431.0


0.0;0.3;0.0;0.0;431.0


3.6;27.4;1.0;0.0;431.0


8.4;2.3;0.2;0.0;572.0


8.3;0.0;0.0;6.0;708.0


8.3;0.0;0.0;5.0;842.0


8.4;0.0;0.0;5.0;968.0


8.3;0.2;0.0;4.0;1070.0


8.4;70.2;67.7;10.0;1220.0


8.3;46.0;178.0;24.0;1640.0


50.2;38.8;175.6;66.0;1828.0


0.0;0.1;0.0;0.0;1828.0


0.0;0.3;0.0;0.0;1828.0


0.0;13.3;0.2;0.0;1828.0


0.0;0.3;0.0;0.0;1828.0


8.4;16.2;0.7;41.0;1908.0


8.3;0.0;0.0;38.0;2008.0


8.3;0.0;0.0;31.0;2106.0


8.4;0.0;0.0;31.0;2204.0


8.3;0.0;0.0;45.0;4662.0


50.2;0.0;0.0;30.0;4662.0


8.3;0.0;0.0;55.0;4662.0


8.3;0.0;0.0;54.0;4662.0


8.3;0.0;0.0;54.0;4662.0


8.4;0.0;0.0;54.0;4662.0


8.4;0.0;0.0;53.0;4662.0


8.3;0.0;0.0;55.0;4662.0


8.3;0.0;0.0;54.0;4662.0


8.3;0.0;0.0;54.0;4662.0


8.3;0.0;0.0;55.0;4662.0


8.4;0.0;0.0;55.0;4662.0


8.3;0.0;0.0;54.0;4662.0


8.4;0.0;0.0;55.0;4662.0


0.0;10.6;0.8;0.0;4662.0


0.0;0.3;0.0;0.0;4662.0


0.0;14.0;0.2;0.0;4662.0


0.0;0.3;0.0;0.0;4662.0


8.4;15.8;0.7;9.0;4684.0


8.3;0.0;0.0;43.0;4684.0


8.3;0.0;0.0;42.0;4684.0


8.3;0.0;0.0;47.0;4684.0


50.2;0.0;0.0;51.0;4684.0


8.4;0.0;0.0;54.0;4684.0


8.3;0.0;0.0;54.0;4684.0


8.4;0.0;0.0;53.0;4684.0


8.3;0.0;0.0;53.0;4684.0


8.3;0.0;0.0;55.0;4684.0


8.4;0.0;0.0;54.0;4684.0


8.3;0.0;0.0;54.0;4684.0


8.4;0.0;0.0;53.0;4684.0


8.3;0.0;0.0;54.0;4684.0


8.4;0.0;0.0;54.0;4684.0


8.3;0.0;0.0;54.0;4684.0


8.3;0.0;0.0;55.0;4684.0


0.0;10.6;0.8;0.0;4684.0


0.0;0.3;0.0;0.0;4684.0


0.0;13.3;0.2;0.0;4684.0


0.0;0.3;0.0;0.0;4684.0


8.3;14.4;0.7;37.0;4684.0


8.3;0.0;0.0;43.0;4684.0


8.3;0.0;0.0;43.0;4684.0


8.4;0.0;0.0;35.0;4684.0


49.9;0.0;0.0;48.0;4684.0


8.3;0.0;0.0;55.0;4684.0


8.3;0.0;0.0;54.0;4684.0


8.3;0.0;0.0;54.0;4684.0


8.4;0.0;0.0;53.0;4684.0


8.3;0.0;0.0;54.0;4684.0


8.4;0.0;0.0;54.0;4684.0


8.4;0.0;0.0;54.0;4684.0


8.4;0.0;0.0;55.0;4684.0


8.4;0.0;0.0;54.0;4684.0


8.4;0.0;0.0;54.0;4684.0


8.4;0.0;0.0;54.0;4684.0


8.3;0.0;0.0;55.0;4684.0


0.0;10.6;0.8;0.0;4684.0


0.0;0.3;0.0;0.0;4684.0


0.0;14.3;0.2;0.0;4684.0


0.0;0.3;0.0;0.0;4684.0


8.3;16.5;0.7;43.0;4684.0


8.4;0.0;0.0;43.0;4684.0


8.3;0.0;0.0;43.0;4684.0


32.0;0.0;0.0;55.0;4684.0


13.5;0.0;0.0;55.0;4684.0


8.3;0.0;0.0;52.0;4684.0


8.4;0.0;0.0;54.0;4684.0


8.4;0.0;0.0;54.0;4684.0


8.4;0.0;0.0;54.0;4684.0


8.4;0.0;0.0;53.0;4684.0


8.3;0.0;0.0;54.0;4684.0


8.4;0.0;0.0;54.0;4684.0


8.3;0.0;0.0;39.0;4684.0


8.3;0.0;0.0;54.0;4684.0


8.3;0.0;0.0;54.0;4684.0


8.3;0.0;0.0;54.0;4684.0


8.4;0.0;0.0;43.0;4684.0


0.0;10.6;0.8;0.0;4684.0


0.0;0.3;0.0;0.0;4684.0


0.0;14.2;0.2;0.0;4684.0


0.0;0.3;0.0;0.0;4684.0


8.3;14.4;0.7;44.0;4684.0


8.3;0.0;0.0;43.0;4684.0


8.4;0.0;0.0;43.0;4684.0


36.0;0.0;0.0;56.0;4684.0


8.4;0.0;0.0;54.0;4684.0


8.4;0.0;0.0;54.0;4684.0


8.3;0.0;0.0;54.0;4684.0


8.4;0.0;0.0;54.0;4684.0


8.4;0.0;0.0;54.0;4684.0


8.4;0.0;0.0;54.0;4684.0


8.3;0.0;0.0;54.0;4684.0


8.3;0.0;0.0;54.0;4684.0


8.3;0.0;0.0;55.0;4684.0


8.3;0.0;0.0;54.0;4684.0


8.4;0.0;0.0;52.0;4684.0


8.3;0.0;0.0;55.0;4684.0


7.2;10.6;0.8;35.0;4684.0


0.0;0.3;0.0;0.0;4684.0


1.2;13.3;0.2;0.0;4684.0


0.0;0.3;0.0;0.0;4684.0


4.7;15.4;0.7;0.0;4684.0


8.4;0.0;0.0;43.0;4684.0


8.4;0.0;0.0;43.0;4684.0


8.4;0.0;0.0;43.0;4684.0


49.9;0.0;0.0;34.0;4684.0


8.3;0.0;0.0;54.0;4684.0


8.4;0.0;0.0;54.0;4684.0


8.3;0.0;0.0;54.0;4684.0


8.4;0.0;0.0;54.0;4684.0


8.3;0.0;0.0;54.0;4684.0


8.3;0.0;0.0;54.0;4684.0


8.4;0.0;0.0;54.0;4684.0


8.3;0.0;0.0;54.0;4684.0


8.3;0.0;0.0;53.0;4684.0


8.3;0.0;0.0;55.0;4684.0


8.3;0.0;0.0;54.0;4684.0


8.3;0.0;0.0;54.0;4684.0


0.0;10.6;0.8;10.0;4684.0


0.0;0.3;0.0;0.0;4684.0


0.0;14.2;0.2;0.0;4684.0


0.0;0.3;0.0;0.0;4684.0


8.4;16.0;0.7;8.0;4684.0


8.3;0.0;0.0;43.0;4684.0


8.4;0.0;0.0;43.0;4684.0


8.4;0.0;0.0;46.0;4684.0


50.0;0.0;0.0;51.0;4684.0


8.3;0.0;0.0;46.0;4684.0


8.3;0.0;0.0;54.0;4684.0


8.4;0.0;0.0;54.0;4684.0


8.4;0.0;0.0;54.0;4684.0


8.3;0.0;0.0;54.0;4684.0


8.4;0.0;0.0;54.0;4684.0


8.3;0.0;0.0;55.0;4684.0


8.4;0.0;0.0;54.0;4684.0


8.4;0.0;0.0;53.0;4684.0


8.3;0.0;0.0;54.0;4684.0


8.4;0.0;0.0;54.0;4684.0


8.3;0.0;0.0;52.0;4684.0


0.0;10.6;0.8;0.0;4684.0


0.0;0.3;0.0;0.0;4684.0


0.0;14.6;0.2;0.0;4684.0


0.0;0.3;0.0;0.0;4684.0


8.3;16.9;0.7;28.0;4684.0


8.3;0.0;0.0;43.0;4684.0


8.3;0.0;0.0;43.0;4684.0


8.3;0.0;0.0;57.0;4684.0


44.2;0.0;0.0;43.0;4684.0


8.3;0.0;0.0;53.0;4684.0


8.4;0.0;0.0;51.0;4684.0


8.3;0.0;0.0;51.0;4684.0


8.4;0.0;0.0;53.0;4684.0


8.4;0.0;0.0;54.0;4684.0


8.4;0.0;0.0;53.0;4684.0


8.4;0.0;0.0;53.0;4684.0


8.3;0.0;0.0;53.0;4684.0


8.4;0.0;0.0;54.0;4684.0


8.3;0.0;0.0;53.0;4684.0


8.3;0.0;0.0;54.0;4684.0


8.3;0.0;0.0;53.0;4684.0


0.0;10.6;0.8;0.0;4684.0


0.0;0.3;0.0;0.0;4684.0


0.0;13.7;0.2;0.0;4684.0


0.0;0.3;0.0;0.0;4684.0


8.3;16.3;0.7;16.0;4684.0


8.3;0.0;0.0;43.0;4684.0


8.4;0.0;0.0;43.0;4684.0


8.3;0.0;0.0;48.0;4684.0


38.2;0.0;0.0;53.0;4684.0


8.3;0.0;0.0;53.0;4684.0


7.2;0.0;0.0;54.0;4684.0


8.4;0.0;0.0;53.0;4684.0


8.3;0.0;0.0;43.0;4684.0


8.4;0.0;0.0;54.0;4684.0


8.3;0.0;0.0;54.0;4684.0


8.4;0.0;0.0;54.0;4684.0


8.3;0.0;0.0;54.0;4684.0


8.4;0.0;0.0;54.0;4684.0


8.4;0.0;0.0;54.0;4684.0


8.3;0.0;0.0;54.0;4684.0


8.3;0.0;0.0;46.0;4684.0


0.0;10.6;0.8;0.0;4684.0


0.0;0.3;0.0;0.0;4684.0


0.0;13.8;0.2;0.0;4684.0


0.0;0.3;0.0;0.0;4684.0


8.4;16.0;0.7;43.0;4684.0


8.3;0.0;0.0;43.0;4684.0


8.4;0.0;0.0;43.0;4684.0


44.2;0.0;0.0;29.0;4684.0


8.4;0.0;0.0;53.0;4684.0


8.4;0.0;0.0;54.0;4684.0


8.3;0.0;0.0;53.0;4684.0


8.4;0.0;0.0;54.0;4684.0


8.3;0.0;0.0;53.0;4684.0


8.3;0.0;0.0;53.0;4684.0


8.3;0.0;0.0;54.0;4684.0


8.3;0.0;0.0;54.0;4684.0


8.3;0.0;0.0;54.0;4684.0


8.3;0.0;0.0;54.0;4684.0


8.3;0.0;0.0;54.0;4684.0


8.4;0.0;0.0;54.0;4684.0


7.3;10.6;0.8;44.0;4684.0


0.0;0.3;0.0;0.0;4684.0


0.0;14.1;0.2;0.0;4684.0


1.2;0.3;0.0;0.0;4684.0


5.2;15.9;0.7;6.0;4684.0


8.3;0.0;0.0;44.0;4684.0


8.4;0.0;0.0;43.0;4684.0


8.3;0.0;0.0;43.0;4684.0


50.2;0.0;0.0;32.0;4684.0


8.3;0.0;0.0;54.0;4684.0


8.3;0.0;0.0;54.0;4684.0


8.3;0.0;0.0;54.0;4684.0


8.4;0.0;0.0;54.0;4684.0


8.4;0.0;0.0;53.0;4684.0


8.3;0.0;0.0;53.0;4684.0


8.3;0.0;0.0;54.0;4684.0


8.3;0.0;0.0;54.0;4684.0


8.3;0.0;0.0;54.0;4684.0


8.4;0.0;0.0;54.0;4684.0


8.3;0.0;0.0;54.0;4684.0


8.4;0.0;0.0;54.0;4684.0


0.0;10.6;0.8;0.0;4684.0


0.0;0.3;0.0;0.0;4684.0


0.0;13.8;0.2;0.0;4684.0


0.0;0.3;0.0;0.0;4684.0


8.4;16.2;0.7;7.0;4684.0


8.3;0.0;0.0;43.0;4684.0


8.3;0.0;0.0;43.0;4684.0


8.3;0.0;0.0;44.0;4684.0


50.2;0.0;0.0;36.0;4684.0


8.4;0.0;0.0;54.0;4684.0


8.3;0.0;0.0;54.0;4684.0


8.4;0.0;0.0;53.0;4684.0


8.3;0.0;0.0;54.0;4684.0


8.3;0.0;0.0;54.0;4684.0


8.4;0.0;0.0;54.0;4684.0


8.3;0.0;0.0;54.0;4684.0


8.4;0.0;0.0;54.0;4684.0


8.3;0.0;0.0;54.0;4684.0


8.4;0.0;0.0;54.0;4684.0


8.3;0.0;0.0;54.0;4684.0


8.3;0.0;0.0;54.0;4684.0


0.0;10.6;0.8;0.0;4684.0


0.0;0.3;0.0;0.0;4684.0


0.0;14.3;0.2;0.0;4684.0


0.0;0.3;0.0;0.0;4684.0


8.3;15.9;0.7;13.0;4684.0


8.3;0.0;0.0;39.0;4684.0


8.3;0.0;0.0;43.0;4684.0


8.4;0.0;0.0;47.0;4684.0


43.8;0.0;0.0;53.0;4684.0


8.3;0.0;0.0;55.0;4684.0


8.3;0.0;0.0;54.0;4684.0


8.3;0.0;0.0;53.0;4684.0


8.4;0.0;0.0;54.0;4684.0


8.3;0.0;0.0;54.0;4684.0


8.4;0.0;0.0;54.0;4684.0


8.4;0.0;0.0;54.0;4684.0


8.4;0.0;0.0;54.0;4684.0


8.4;0.0;0.0;55.0;4684.0


8.4;0.0;0.0;54.0;4684.0


8.4;0.0;0.0;54.0;4684.0


8.3;0.0;0.0;48.0;4684.0


0.0;10.6;0.8;0.0;4684.0


0.0;0.3;0.0;0.0;4684.0


0.0;14.5;0.2;0.0;4684.0


0.0;0.3;0.0;0.0;4684.0


8.3;16.3;0.7;43.0;4684.0


8.4;0.0;0.0;43.0;4684.0


8.3;0.0;0.0;43.0;4684.0


37.9;0.0;0.0;43.0;4684.0


8.4;0.0;0.0;52.0;4684.0


8.3;0.0;0.0;55.0;4684.0


8.4;0.0;0.0;54.0;4684.0


8.4;0.0;0.0;54.0;4684.0


8.4;0.0;0.0;54.0;4684.0


8.3;0.0;0.0;54.0;4684.0


