8.3;9.6;1.2;0.0;438.0


8.3;119.4;6.4;0.0;438.0


8.3;93.6;7.5;0.0;438.0


2.4;83.2;8.2;0.0;438.0


0.0;0.3;0.0;0.0;438.0


4.2;26.2;1.0;0.0;438.0


8.3;2.3;0.2;4.0;578.0


8.4;0.0;0.0;4.0;704.0


8.4;0.0;0.0;7.0;851.0


8.4;0.0;0.0;5.0;973.0


8.4;0.2;0.0;5.0;1077.0


8.4;70.2;67.7;11.0;1227.0


8.4;47.0;194.6;17.0;1653.0


49.7;37.8;159.0;71.0;1903.0


0.0;0.1;0.0;0.0;1903.0


0.0;0.3;0.0;0.0;1903.0


0.0;14.9;0.2;0.0;1903.0


0.0;0.3;0.0;0.0;1903.0


8.3;15.2;0.7;34.0;1949.0


8.4;0.0;0.0;31.0;2049.0


8.3;0.0;0.0;41.0;2145.0


8.3;0.0;0.0;30.0;2243.0


8.4;0.0;0.0;38.0;2365.0


50.2;0.0;0.0;34.0;4739.0


8.4;0.0;0.0;54.0;4739.0


8.4;0.0;0.0;53.0;4739.0


8.3;0.0;0.0;54.0;4739.0


8.3;0.0;0.0;54.0;4739.0


8.3;0.0;0.0;54.0;4739.0


8.3;0.0;0.0;48.0;4739.0


8.3;0.0;0.0;52.0;4739.0


8.3;0.0;0.0;53.0;4739.0


8.4;0.0;0.0;53.0;4739.0


8.3;0.0;0.0;54.0;4739.0


8.3;0.0;0.0;54.0;4739.0


8.4;0.0;0.0;54.0;4739.0


0.0;10.6;0.8;0.0;4739.0


0.0;0.3;0.0;0.0;4739.0


0.0;14.6;0.2;0.0;4739.0


0.0;0.3;0.0;0.0;4739.0


8.3;16.6;0.7;7.0;4761.0


8.3;0.0;0.0;44.0;4761.0


8.4;0.0;0.0;43.0;4761.0


8.3;0.0;0.0;43.0;4761.0


50.2;0.0;0.0;46.0;4761.0


8.3;0.0;0.0;54.0;4761.0


8.4;0.0;0.0;54.0;4761.0


8.3;0.0;0.0;52.0;4761.0


8.4;0.0;0.0;53.0;4761.0


8.4;0.0;0.0;54.0;4761.0


8.3;0.0;0.0;54.0;4761.0


8.3;0.0;0.0;54.0;4761.0


8.3;0.0;0.0;53.0;4761.0


8.3;0.0;0.0;54.0;4761.0


8.4;0.0;0.0;54.0;4761.0


8.3;0.0;0.0;54.0;4761.0


8.4;0.0;0.0;54.0;4761.0


0.0;10.6;0.8;0.0;4761.0


0.0;0.3;0.0;0.0;4761.0


0.0;15.2;0.2;0.0;4761.0


0.0;0.3;0.0;0.0;4761.0


8.4;15.7;0.7;42.0;4761.0


8.3;0.0;0.0;43.0;4761.0


8.3;0.0;0.0;43.0;4761.0


8.3;0.0;0.0;39.0;4761.0


50.2;0.0;0.0;44.0;4761.0


8.3;0.0;0.0;55.0;4761.0


8.3;0.0;0.0;54.0;4761.0


8.4;0.0;0.0;54.0;4761.0


8.3;0.0;0.0;53.0;4761.0


8.3;0.0;0.0;54.0;4761.0


8.4;0.0;0.0;53.0;4761.0


8.3;0.0;0.0;54.0;4761.0


8.4;0.0;0.0;54.0;4761.0


8.4;0.0;0.0;54.0;4761.0


8.4;0.0;0.0;54.0;4761.0


8.4;0.0;0.0;54.0;4761.0


8.3;0.0;0.0;54.0;4761.0


0.0;10.6;0.8;0.0;4761.0


0.0;0.3;0.0;0.0;4761.0


0.0;13.0;0.2;0.0;4761.0


0.0;0.3;0.0;0.0;4761.0


8.3;15.9;0.7;43.0;4761.0


8.4;0.0;0.0;43.0;4761.0


8.3;0.0;0.0;43.0;4761.0


41.6;0.0;0.0;46.0;4761.0


8.3;0.0;0.0;49.0;4761.0


8.4;0.0;0.0;53.0;4761.0


8.3;0.0;0.0;54.0;4761.0


8.3;0.0;0.0;54.0;4761.0


8.4;0.0;0.0;53.0;4761.0


8.3;0.0;0.0;54.0;4761.0


8.4;0.0;0.0;54.0;4761.0


8.4;0.0;0.0;54.0;4761.0


8.3;0.0;0.0;41.0;4761.0


8.4;0.0;0.0;54.0;4761.0


8.4;0.0;0.0;54.0;4761.0


8.4;0.0;0.0;43.0;4761.0


8.3;0.0;0.0;14.0;4761.0


0.0;10.9;0.8;0.0;4761.0


0.0;14.8;0.2;0.0;4761.0


0.0;0.3;0.0;0.0;4761.0


4.8;16.0;0.4;0.0;4761.0


8.3;1.0;0.3;44.0;4761.0


8.4;0.0;0.0;43.0;4761.0


8.4;0.0;0.0;42.0;4761.0


50.0;0.0;0.0;46.0;4761.0


8.4;0.0;0.0;54.0;4761.0


8.3;0.0;0.0;39.0;4761.0


8.4;0.0;0.0;54.0;4761.0


8.4;0.0;0.0;54.0;4761.0


8.4;0.0;0.0;53.0;4761.0


8.4;0.0;0.0;54.0;4761.0


8.3;0.0;0.0;54.0;4761.0


8.4;0.0;0.0;54.0;4761.0


8.3;0.0;0.0;54.0;4761.0


8.4;0.0;0.0;54.0;4761.0


8.3;0.0;0.0;54.0;4761.0


8.3;0.0;0.0;55.0;4761.0


3.6;10.6;0.8;12.0;4761.0


0.0;0.3;0.0;0.0;4761.0


0.0;14.1;0.2;0.0;4761.0


1.4;0.3;0.0;0.0;4761.0


3.6;15.3;0.4;0.0;4761.0


8.3;1.0;0.3;43.0;4761.0


8.3;0.0;0.0;43.0;4761.0


8.4;0.0;0.0;43.0;4761.0


49.7;0.0;0.0;39.0;4761.0


8.3;0.0;0.0;54.0;4761.0


8.4;0.0;0.0;54.0;4761.0


8.3;0.0;0.0;53.0;4761.0


8.4;0.0;0.0;54.0;4761.0


8.3;0.0;0.0;54.0;4761.0


8.4;0.0;0.0;53.0;4761.0


8.3;0.0;0.0;54.0;4761.0


8.3;0.0;0.0;54.0;4761.0


8.3;0.0;0.0;53.0;4761.0


8.3;0.0;0.0;54.0;4761.0


8.3;0.0;0.0;54.0;4761.0


8.3;0.0;0.0;54.0;4761.0


0.0;10.6;0.8;9.0;4761.0


0.0;0.3;0.0;0.0;4761.0


0.0;14.2;0.2;0.0;4761.0


0.0;0.3;0.0;0.0;4761.0


7.1;16.9;0.7;13.0;4761.0


8.4;0.0;0.0;43.0;4761.0


8.4;0.0;0.0;43.0;4761.0


8.4;0.0;0.0;44.0;4761.0


49.9;0.0;0.0;38.0;4761.0


8.3;0.0;0.0;55.0;4761.0


8.4;0.0;0.0;54.0;4761.0


8.3;0.0;0.0;54.0;4761.0


8.4;0.0;0.0;53.0;4761.0


8.3;0.0;0.0;54.0;4761.0


8.3;0.0;0.0;54.0;4761.0


8.4;0.0;0.0;52.0;4761.0


8.3;0.0;0.0;54.0;4761.0


8.3;0.0;0.0;53.0;4761.0


8.4;0.0;0.0;53.0;4761.0


8.3;0.0;0.0;54.0;4761.0


8.4;0.0;0.0;54.0;4761.0


0.0;10.6;0.8;0.0;4761.0


0.0;0.3;0.0;0.0;4761.0


0.0;13.2;0.2;0.0;4761.0


0.0;0.3;0.0;0.0;4761.0


8.4;16.0;0.7;21.0;4761.0


8.3;0.0;0.0;43.0;4761.0


8.4;0.0;0.0;43.0;4761.0


8.3;0.0;0.0;49.0;4761.0


50.2;0.0;0.0;52.0;4761.0


8.3;0.0;0.0;49.0;4761.0


8.3;0.0;0.0;54.0;4761.0


8.3;0.0;0.0;54.0;4761.0


8.3;0.0;0.0;54.0;4761.0


8.3;0.0;0.0;54.0;4761.0


8.3;0.0;0.0;54.0;4761.0


8.4;0.0;0.0;54.0;4761.0


8.4;0.0;0.0;54.0;4761.0


8.3;0.0;0.0;55.0;4761.0


8.4;0.0;0.0;54.0;4761.0


8.3;0.0;0.0;55.0;4761.0


8.4;0.0;0.0;18.0;4761.0


0.0;10.6;0.8;0.0;4761.0


0.0;0.3;0.0;0.0;4761.0


0.0;14.6;0.2;0.0;4761.0


0.0;0.3;0.0;0.0;4761.0


8.4;15.8;0.7;32.0;4761.0


8.3;0.0;0.0;43.0;4761.0


8.4;0.0;0.0;38.0;4761.0


36.0;0.0;0.0;57.0;4761.0


13.5;0.0;0.0;53.0;4761.0


8.3;0.0;0.0;55.0;4761.0


8.3;0.0;0.0;54.0;4761.0


8.3;0.0;0.0;54.0;4761.0


8.4;0.0;0.0;53.0;4761.0


8.3;0.0;0.0;54.0;4761.0


8.4;0.0;0.0;54.0;4761.0


8.3;0.0;0.0;54.0;4761.0


8.4;0.0;0.0;53.0;4761.0


8.4;0.0;0.0;54.0;4761.0


8.3;0.0;0.0;55.0;4761.0


8.4;0.0;0.0;53.0;4761.0


8.3;1.5;0.1;31.0;4761.0


1.2;9.4;0.7;0.0;4761.0


1.0;14.2;0.2;0.0;4761.0


0.0;0.3;0.0;0.0;4761.0


4.2;15.3;0.4;0.0;4761.0


8.3;1.0;0.3;43.0;4761.0


8.3;0.0;0.0;43.0;4761.0


8.3;0.0;0.0;43.0;4761.0


50.2;0.0;0.0;38.0;4761.0


8.3;0.0;0.0;55.0;4761.0


8.3;0.0;0.0;54.0;4761.0


8.4;0.0;0.0;54.0;4761.0


8.3;0.0;0.0;54.0;4761.0


8.4;0.0;0.0;54.0;4761.0


8.3;0.0;0.0;54.0;4761.0


8.4;0.0;0.0;54.0;4761.0


8.4;0.0;0.0;53.0;4761.0


8.3;0.0;0.0;55.0;4761.0


8.4;0.0;0.0;54.0;4761.0


8.3;0.0;0.0;54.0;4761.0


8.4;0.0;0.0;55.0;4761.0


0.0;10.6;0.8;0.0;4761.0


0.0;0.3;0.0;0.0;4761.0


0.0;14.2;0.2;0.0;4761.0


0.0;0.3;0.0;0.0;4761.0


8.3;16.5;0.7;13.0;4761.0


8.3;0.0;0.0;43.0;4761.0


8.4;0.0;0.0;43.0;4761.0


8.4;0.0;0.0;48.0;4761.0


49.7;0.0;0.0;40.0;4761.0


8.4;0.0;0.0;55.0;4761.0


8.3;0.0;0.0;54.0;4761.0


8.4;0.0;0.0;54.0;4761.0


8.4;0.0;0.0;54.0;4761.0


8.4;0.0;0.0;54.0;4761.0


8.4;0.0;0.0;51.0;4761.0


8.3;0.0;0.0;54.0;4761.0


8.4;0.0;0.0;55.0;4761.0


8.3;0.0;0.0;54.0;4761.0


8.3;0.0;0.0;54.0;4761.0


8.3;0.0;0.0;54.0;4761.0


8.3;0.0;0.0;54.0;4761.0


0.0;10.6;0.8;0.0;4761.0


0.0;0.3;0.0;0.0;4761.0


0.0;14.8;0.2;0.0;4761.0


0.0;0.3;0.0;0.0;4761.0


8.3;15.7;0.7;43.0;4761.0


8.4;0.0;0.0;43.0;4761.0


8.3;0.0;0.0;43.0;4761.0


50.2;0.0;0.0;46.0;4761.0


8.3;0.0;0.0;55.0;4761.0


8.3;0.0;0.0;41.0;4761.0


8.4;0.0;0.0;54.0;4761.0


8.3;0.0;0.0;54.0;4761.0


8.4;0.0;0.0;54.0;4761.0


8.3;0.0;0.0;54.0;4761.0


8.3;0.0;0.0;54.0;4761.0


8.3;0.0;0.0;54.0;4761.0


8.4;0.0;0.0;54.0;4761.0


8.4;0.0;0.0;55.0;4761.0


8.3;0.0;0.0;54.0;4761.0


8.3;0.0;0.0;55.0;4761.0


0.0;10.6;0.8;0.0;4761.0


0.0;0.3;0.0;0.0;4761.0


0.0;12.5;0.2;0.0;4761.0


0.0;0.3;0.0;0.0;4761.0


8.4;16.9;0.7;7.0;4761.0


8.4;0.0;0.0;43.0;4761.0


8.4;0.0;0.0;43.0;4761.0


8.4;0.0;0.0;44.0;4761.0


50.2;0.0;0.0;37.0;4761.0


8.4;0.0;0.0;55.0;4761.0


8.3;0.0;0.0;54.0;4761.0


8.4;0.0;0.0;55.0;4761.0


8.3;0.0;0.0;55.0;4761.0


8.3;0.0;0.0;53.0;4761.0


8.4;0.0;0.0;54.0;4761.0


8.3;0.0;0.0;53.0;4761.0


8.4;0.0;0.0;54.0;4761.0


8.3;0.0;0.0;54.0;4761.0


8.3;0.0;0.0;54.0;4761.0


8.4;0.0;0.0;54.0;4761.0


8.3;0.0;0.0;53.0;4761.0


0.0;10.6;0.8;0.0;4761.0


0.0;0.3;0.0;0.0;4761.0


0.0;13.5;0.2;0.0;4761.0


0.0;0.3;0.0;0.0;4761.0


8.3;16.2;0.7;8.0;4761.0


8.4;0.0;0.0;44.0;4761.0


8.3;0.0;0.0;44.0;4761.0


13.5;0.0;0.0;49.0;4761.0


34.4;0.0;0.0;52.0;4761.0


8.3;0.0;0.0;54.0;4761.0


8.3;0.0;0.0;53.0;4761.0


8.4;0.0;0.0;53.0;4761.0


8.4;0.0;0.0;54.0;4761.0


8.3;0.0;0.0;54.0;4761.0


8.3;0.0;0.0;53.0;4761.0


