8.3;9.4;1.1;0.0;438.0


8.4;119.6;6.5;0.0;438.0


8.4;93.0;7.4;0.0;438.0


3.6;83.8;8.3;0.0;438.0


1.4;0.3;0.0;0.0;438.0


5.9;25.9;1.0;0.0;438.0


8.4;2.3;0.2;1.0;576.0


8.3;0.0;0.0;6.0;699.0


8.3;0.0;0.0;5.0;855.0


8.4;0.0;0.0;7.0;977.0


8.3;0.2;0.0;4.0;1081.0


8.4;70.2;67.7;9.0;1227.0


8.3;45.8;162.0;21.0;1829.0


50.2;39.0;191.6;70.0;1829.0


0.0;0.1;0.0;0.0;1829.0


0.0;0.3;0.0;0.0;1829.0


0.0;12.6;0.2;0.0;1829.0


0.0;0.3;0.0;0.0;1829.0


8.4;16.9;0.7;37.0;1909.0


8.3;0.0;0.0;42.0;2007.0


8.3;0.0;0.0;30.0;2105.0


8.4;0.0;0.0;37.0;2203.0


8.3;0.0;0.0;39.0;4663.0


50.2;0.0;0.0;34.0;4663.0


8.3;0.0;0.0;54.0;4663.0


8.3;0.0;0.0;54.0;4663.0


8.3;0.0;0.0;53.0;4663.0


8.3;0.0;0.0;54.0;4663.0


7.2;0.0;0.0;53.0;4663.0


8.3;0.0;0.0;54.0;4663.0


8.4;0.0;0.0;52.0;4663.0


8.3;0.0;0.0;51.0;4663.0


8.3;0.0;0.0;54.0;4663.0


8.4;0.0;0.0;54.0;4663.0


8.3;0.0;0.0;54.0;4663.0


8.4;0.0;0.0;54.0;4663.0


0.0;10.6;0.8;0.0;4663.0


0.0;0.3;0.0;0.0;4663.0


0.0;12.1;0.2;0.0;4663.0


0.0;0.3;0.0;0.0;4663.0


8.4;16.0;0.7;7.0;4685.0


8.3;0.0;0.0;43.0;4685.0


8.3;0.0;0.0;42.0;4685.0


8.3;0.0;0.0;43.0;4685.0


50.2;0.0;0.0;46.0;4685.0


8.3;0.0;0.0;54.0;4685.0


8.4;0.0;0.0;53.0;4685.0


8.3;0.0;0.0;53.0;4685.0


8.4;0.0;0.0;53.0;4686.0


8.3;0.0;0.0;54.0;4686.0


8.4;0.0;0.0;54.0;4686.0


8.4;0.0;0.0;53.0;4686.0


8.4;0.0;0.0;54.0;4686.0


8.4;0.0;0.0;54.0;4686.0


8.3;0.0;0.0;54.0;4686.0


8.3;0.0;0.0;54.0;4686.0


8.3;0.0;0.0;50.0;4686.0


0.0;10.6;0.8;0.0;4686.0


0.0;0.3;0.0;0.0;4686.0


0.0;13.3;0.2;0.0;4686.0


0.0;0.3;0.0;0.0;4686.0


8.3;15.1;0.7;24.0;4686.0


8.3;0.0;0.0;43.0;4686.0


8.4;0.0;0.0;43.0;4686.0


7.1;0.0;0.0;49.0;4686.0


38.2;0.0;0.0;54.0;4686.0


8.3;0.0;0.0;54.0;4686.0


8.3;0.0;0.0;54.0;4686.0


8.4;0.0;0.0;54.0;4686.0


8.4;0.0;0.0;53.0;4686.0


8.4;0.0;0.0;54.0;4686.0


8.3;0.0;0.0;53.0;4686.0


8.4;0.0;0.0;54.0;4686.0


8.3;0.0;0.0;53.0;4686.0


8.3;0.0;0.0;54.0;4686.0


8.4;0.0;0.0;54.0;4686.0


8.3;0.0;0.0;54.0;4686.0


8.3;0.0;0.0;48.0;4686.0


0.0;10.6;0.8;0.0;4686.0


0.0;0.3;0.0;0.0;4686.0


0.0;13.0;0.2;0.0;4686.0


0.0;0.3;0.0;0.0;4686.0


8.4;15.8;0.7;43.0;4686.0


8.3;0.0;0.0;43.0;4686.0


8.4;0.0;0.0;43.0;4686.0


50.0;0.0;0.0;57.0;4686.0


8.3;0.0;0.0;45.0;4686.0


8.4;0.0;0.0;53.0;4686.0


8.3;0.0;0.0;53.0;4686.0


8.4;0.0;0.0;53.0;4686.0


8.3;0.0;0.0;51.0;4686.0


8.3;0.0;0.0;53.0;4686.0


8.3;0.0;0.0;54.0;4686.0


8.4;0.0;0.0;53.0;4686.0


8.4;0.0;0.0;53.0;4686.0


8.3;0.0;0.0;54.0;4686.0


8.3;0.0;0.0;54.0;4686.0


8.3;0.0;0.0;53.0;4686.0


8.3;0.0;0.0;54.0;4686.0


0.0;10.6;0.8;0.0;4686.0


0.0;0.3;0.0;0.0;4686.0


0.0;13.6;0.2;0.0;4686.0


0.0;0.3;0.0;0.0;4686.0


8.4;16.7;0.7;43.0;4686.0


8.4;0.0;0.0;43.0;4686.0


8.4;0.0;0.0;42.0;4686.0


43.4;0.0;0.0;45.0;4686.0


8.3;0.0;0.0;50.0;4686.0


8.4;0.0;0.0;54.0;4686.0


8.3;0.0;0.0;53.0;4686.0


8.3;0.0;0.0;53.0;4686.0


8.4;0.0;0.0;54.0;4686.0


8.3;0.0;0.0;53.0;4686.0


8.4;0.0;0.0;54.0;4686.0


8.3;0.0;0.0;54.0;4686.0


8.3;0.0;0.0;54.0;4686.0


8.4;0.0;0.0;55.0;4686.0


8.3;0.0;0.0;54.0;4686.0


8.4;0.0;0.0;55.0;4686.0


8.3;6.7;0.5;7.0;4686.0


1.2;4.2;0.3;0.0;4686.0


1.0;13.8;0.2;0.0;4686.0


0.0;0.3;0.0;0.0;4686.0


5.6;13.3;0.4;0.0;4686.0


8.3;1.0;0.3;42.0;4686.0


8.3;0.0;0.0;43.0;4686.0


8.3;0.0;0.0;43.0;4686.0


50.2;0.0;0.0;32.0;4686.0


8.3;0.0;0.0;55.0;4686.0


8.4;0.0;0.0;54.0;4686.0


8.4;0.0;0.0;54.0;4686.0


8.3;0.0;0.0;52.0;4686.0


8.3;0.0;0.0;54.0;4686.0


8.3;0.0;0.0;54.0;4686.0


8.3;0.0;0.0;54.0;4686.0


8.4;0.0;0.0;54.0;4686.0


8.3;0.0;0.0;54.0;4686.0


8.4;0.0;0.0;54.0;4686.0


8.4;0.0;0.0;54.0;4686.0


8.3;0.0;0.0;42.0;4686.0


0.0;10.6;0.8;0.0;4686.0


0.0;0.3;0.0;0.0;4686.0


0.0;13.3;0.2;0.0;4686.0


0.0;0.3;0.0;0.0;4686.0


6.9;16.3;0.7;5.0;4686.0


8.3;0.0;0.0;44.0;4686.0


8.3;0.0;0.0;43.0;4686.0


8.4;0.0;0.0;43.0;4686.0


50.0;0.0;0.0;47.0;4686.0


8.4;0.0;0.0;55.0;4686.0


8.4;0.0;0.0;54.0;4686.0


8.3;0.0;0.0;52.0;4686.0


8.4;0.0;0.0;54.0;4686.0


8.4;0.0;0.0;53.0;4686.0


8.4;0.0;0.0;54.0;4686.0


8.4;0.0;0.0;54.0;4686.0


8.3;0.0;0.0;54.0;4686.0


8.3;0.0;0.0;54.0;4686.0


8.3;0.0;0.0;53.0;4686.0


8.3;0.0;0.0;54.0;4686.0


8.4;0.0;0.0;53.0;4686.0


0.0;10.6;0.8;0.0;4686.0


0.0;0.3;0.0;0.0;4686.0


0.0;14.1;0.2;0.0;4686.0


0.0;0.3;0.0;0.0;4686.0


8.4;14.3;0.7;35.0;4686.0


8.3;0.0;0.0;43.0;4686.0


8.4;0.0;0.0;42.0;4686.0


49.9;0.0;0.0;56.0;4686.0


8.4;0.0;0.0;54.0;4686.0


8.3;0.0;0.0;53.0;4686.0


8.3;0.0;0.0;47.0;4686.0


7.0;0.0;0.0;51.0;4686.0


8.3;0.0;0.0;53.0;4686.0


8.3;0.0;0.0;53.0;4686.0


8.3;0.0;0.0;53.0;4686.0


8.3;0.0;0.0;54.0;4686.0


8.4;0.0;0.0;53.0;4686.0


8.3;0.0;0.0;54.0;4686.0


8.4;0.0;0.0;54.0;4686.0


8.3;0.0;0.0;54.0;4686.0


6.9;10.6;0.8;20.0;4686.0


0.0;0.3;0.0;0.0;4686.0


1.2;14.0;0.2;0.0;4686.0


0.0;0.3;0.0;0.0;4686.0


4.2;14.5;0.4;0.0;4686.0


8.4;1.0;0.3;43.0;4686.0


8.4;0.0;0.0;42.0;4686.0


8.3;0.0;0.0;43.0;4686.0


50.2;0.0;0.0;39.0;4686.0


8.4;0.0;0.0;54.0;4686.0


8.4;0.0;0.0;54.0;4686.0


8.3;0.0;0.0;53.0;4686.0


8.3;0.0;0.0;54.0;4686.0


8.3;0.0;0.0;54.0;4686.0


8.3;0.0;0.0;54.0;4686.0


8.4;0.0;0.0;54.0;4686.0


8.3;0.0;0.0;54.0;4686.0


8.4;0.0;0.0;54.0;4686.0


8.3;0.0;0.0;54.0;4686.0


8.3;0.0;0.0;54.0;4686.0


8.4;0.0;0.0;54.0;4686.0


0.0;10.6;0.8;0.0;4686.0


0.0;0.3;0.0;0.0;4686.0


0.0;13.6;0.2;0.0;4686.0


0.0;0.3;0.0;0.0;4686.0


7.2;15.8;0.7;22.0;4686.0


8.3;0.0;0.0;43.0;4686.0


8.4;0.0;0.0;43.0;4686.0


8.3;0.0;0.0;42.0;4686.0


50.0;0.0;0.0;44.0;4686.0


8.3;0.0;0.0;54.0;4686.0


8.3;0.0;0.0;54.0;4686.0


8.4;0.0;0.0;54.0;4686.0


8.3;0.0;0.0;54.0;4686.0


8.3;0.0;0.0;54.0;4686.0


8.3;0.0;0.0;54.0;4686.0


8.3;0.0;0.0;54.0;4686.0


8.3;0.0;0.0;54.0;4686.0


8.3;0.0;0.0;54.0;4686.0


8.4;0.0;0.0;55.0;4686.0


8.3;0.0;0.0;54.0;4686.0


8.4;0.0;0.0;54.0;4686.0


0.0;10.6;0.8;0.0;4686.0


0.0;0.3;0.0;0.0;4686.0


0.0;13.6;0.2;0.0;4686.0


0.0;0.3;0.0;0.0;4686.0


8.4;16.1;0.7;29.0;4686.0


8.3;0.0;0.0;43.0;4686.0


8.3;0.0;0.0;43.0;4686.0


14.2;0.0;0.0;57.0;4686.0


34.4;0.0;0.0;46.0;4686.0


8.4;0.0;0.0;54.0;4686.0


8.3;0.0;0.0;54.0;4686.0


8.4;0.0;0.0;53.0;4686.0


8.4;0.0;0.0;53.0;4686.0


8.3;0.0;0.0;54.0;4686.0


8.4;0.0;0.0;54.0;4686.0


8.3;0.0;0.0;53.0;4686.0


8.4;0.0;0.0;54.0;4686.0


8.4;0.0;0.0;54.0;4686.0


8.3;0.0;0.0;53.0;4686.0


8.4;0.0;0.0;54.0;4686.0


8.3;0.0;0.0;54.0;4686.0


0.0;10.6;0.8;0.0;4686.0


0.0;0.3;0.0;0.0;4686.0


0.0;14.0;0.2;0.0;4686.0


0.0;0.3;0.0;0.0;4686.0


8.3;14.9;0.7;32.0;4686.0


8.4;0.0;0.0;43.0;4686.0


8.3;0.0;0.0;43.0;4686.0


42.9;0.0;0.0;53.0;4686.0


8.3;0.0;0.0;54.0;4686.0


8.3;0.0;0.0;54.0;4686.0


8.3;0.0;0.0;54.0;4686.0


8.3;0.0;0.0;54.0;4686.0


8.4;0.0;0.0;54.0;4686.0


8.3;0.0;0.0;54.0;4686.0


8.3;0.0;0.0;54.0;4686.0


8.4;0.0;0.0;54.0;4686.0


8.3;0.0;0.0;54.0;4686.0


8.4;0.0;0.0;55.0;4686.0


8.4;0.0;0.0;54.0;4686.0


8.4;0.0;0.0;54.0;4686.0


1.4;10.6;0.8;1.0;4686.0


0.0;0.3;0.0;0.0;4686.0


0.0;14.1;0.2;0.0;4686.0


0.0;0.3;0.0;0.0;4686.0


4.2;15.7;0.4;0.0;4686.0


8.3;1.0;0.3;43.0;4686.0


8.4;0.0;0.0;43.0;4686.0


8.4;0.0;0.0;43.0;4686.0


49.7;0.0;0.0;39.0;4686.0


8.4;0.0;0.0;55.0;4686.0


8.3;0.0;0.0;54.0;4686.0


8.4;0.0;0.0;54.0;4686.0


8.4;0.0;0.0;54.0;4686.0


8.3;0.0;0.0;54.0;4686.0


8.4;0.0;0.0;54.0;4686.0


8.3;0.0;0.0;54.0;4686.0


8.3;0.0;0.0;53.0;4686.0


8.3;0.0;0.0;54.0;4686.0


8.4;0.0;0.0;54.0;4686.0


8.3;0.0;0.0;54.0;4686.0


8.3;0.0;0.0;54.0;4686.0


0.0;10.6;0.8;0.0;4686.0


0.0;0.3;0.0;0.0;4686.0


0.0;13.4;0.2;0.0;4686.0


0.0;0.3;0.0;0.0;4686.0


8.3;15.7;0.7;19.0;4686.0


8.4;0.0;0.0;43.0;4686.0


8.3;0.0;0.0;43.0;4686.0


8.4;0.0;0.0;43.0;4686.0


50.0;0.0;0.0;45.0;4686.0


8.3;0.0;0.0;54.0;4686.0


8.4;0.0;0.0;51.0;4686.0


8.3;0.0;0.0;54.0;4686.0


8.4;0.0;0.0;54.0;4686.0


8.3;0.0;0.0;54.0;4686.0


8.3;0.0;0.0;54.0;4686.0


