199.7;225796096;758
99.9;323837952;967
109.8;355557376;1260
109.8;402219008;1294
119.8;481783808;1100
109.8;484012032;1535
99.9;485715968;1517
99.8;485715968;1544
99.8;485715968;1525
99.8;485715968;1543
99.8;486109184;1215
119.7;486240256;8
552.9;491782144;3
767.8;522477568;4
689.0;592338944;4
697.4;596140032;5
684.3;681467904;4
711.5;810835968;3
518.9;814637056;7
99.8;814637056;3
495.0;815292416;2
588.7;815292416;0
449.2;815292416;1
559.1;815292416;2
388.5;815292416;0
469.1;815292416;3
349.5;815554560;7
99.8;815816704;3
539.7;816340992;0
539.2;816340992;0
499.0;816340992;0
409.2;816340992;2
399.1;816340992;2
369.1;816340992;2
177.9;816590848;7
349.1;817246208;1
728.6;817246208;3
715.7;817246208;0
726.2;817377280;1
763.7;817377280;0
489.1;817639424;6
99.7;817635328;7
434.9;818552832;0
538.9;818552832;2
484.9;822747136;0
605.3;1101275136;0
688.6;1482432512;0
688.8;1865031680;0
499.2;1977229312;4
139.8;1118658560;3
424.7;968245248;1
686.5;969818112;0
518.8;969949184;0
479.6;969949184;1
641.5;969949184;0
498.9;969949184;0
179.7;970211328;6
159.5;970866688;0
595.9;970866688;1
608.9;970866688;0
588.7;970866688;2
677.4;970866688;2
688.5;970866688;2
309.3;970997760;7
219.6;971915264;0
698.5;971915264;0
687.3;971915264;2
684.3;971915264;0
737.2;971915264;0
666.8;971915264;0
119.8;972308480;10
389.5;972832768;1
634.3;972832768;0
648.4;976633856;0
479.0;977158144;0
638.8;977158144;0
488.9;977158144;2
219.6;977420288;8
293.8;977944576;1
694.6;978075648;0
638.9;978075648;0
529.0;978075648;0
479.1;978075648;0
469.1;978075648;0
349.2;978075648;6
157.6;979124224;1
663.4;979124224;0
648.7;979124224;2
598.2;979124224;2
518.8;979124224;0
499.2;979124224;0
387.9;979124224;8
183.8;979910656;1
628.9;979910656;0
648.5;979910656;0
588.6;980041728;0
688.5;980041728;2
698.4;980041728;0
219.6;980172800;10
288.8;980828160;1
688.4;980828160;0
605.3;980828160;2
578.6;984891392;0
765.2;984891392;0
669.0;984891392;0
119.8;985153536;7
453.6;986071040;1
469.0;986071040;2
399.3;986071040;0
399.1;986071040;0
409.1;986071040;0
399.0;986071040;0
389.2;986202112;8
119.8;986333184;0
569.1;986857472;0
566.0;986857472;2
409.2;986857472;0
437.2;986857472;0
469.0;986857472;0
289.4;986857472;2
269.4;986988544;7
99.8;986988544;0
572.0;987643904;0
528.8;987643904;2
606.2;987643904;0
597.2;987643904;0
598.6;987643904;0
449.0;987906048;10
109.2;987906048;0
543.9;988430336;0
619.5;988430336;0
598.9;992886784;0
638.4;992886784;0
638.7;992886784;2
389.2;993017856;4
99.2;993148928;2
489.1;993804288;0
582.8;993804288;2
508.8;993804288;0
309.4;993804288;0
299.1;993804288;0
239.6;993804288;0
199.7;993804288;0
189.7;993804288;0
119.8;993935360;6
406.3;994721792;0
578.8;994721792;0
568.7;994721792;1
598.8;994721792;0
684.1;994721792;0
597.3;994721792;0
129.8;994852864;7
413.1;995639296;0
589.2;995639296;0
696.6;995639296;0
558.8;995770368;0
499.1;995770368;2
518.9;995770368;0
139.7;995901440;9
139.8;996687872;0
625.3;996687872;0
658.4;996818944;2
598.9;1000882176;0
746.4;1000882176;0
708.9;1000882176;2
199.6;1001013248;9
169.5;1001799680;1
634.2;1001799680;0
638.4;1001799680;0
446.9;1001799680;0
429.2;1001799680;0
508.9;1001799680;0
389.2;1002061824;7
109.8;1002061824;0
614.0;1002848256;1
648.2;1002848256;0
558.7;1002848256;0
671.1;1002848256;0
708.8;1002848256;0
319.4;1002979328;9
129.8;1003110400;1
558.9;1003765760;0
566.6;1003765760;0
601.2;1003765760;0
728.4;1003765760;0
628.5;1003765760;0
358.9;1003765760;9
157.7;1004552192;0
605.8;1004552192;0
678.2;1004683264;0
508.7;1008615424;2
498.9;1008615424;0
578.9;1008615424;0
359.2;1008615424;2
119.8;1009008640;7
359.5;1009664000;0
594.6;1009664000;0
608.4;1009664000;2
608.4;1009664000;2
548.9;1009664000;2
598.7;1009664000;0
149.7;1009926144;6
386.9;1010450432;1
698.7;1010450432;0
588.5;1010450432;0
189.6;1010450432;0
199.6;1010450432;0
209.6;1010450432;0
199.6;1010450432;0
199.6;1010450432;0
199.6;1010450432;0
179.7;1010843648;7
119.7;1011105792;0
518.8;1011499008;0
598.8;1011499008;2
688.1;1011499008;0
698.6;1011499008;0
618.4;1011499008;0
409.0;1011761152;9
119.8;1011892224;0
629.1;1012547584;1
638.6;1012547584;2
698.5;1016610816;0
698.2;1016610816;0
658.1;1016610816;0
289.5;1016872960;7
259.5;1017790464;1
589.0;1017790464;0
635.4;1017790464;2
627.3;1017790464;0
698.0;1017790464;0
568.4;1017790464;0
188.4;1017921536;7
259.6;1018707968;1
606.0;1018707968;0
627.9;1018707968;0
646.6;1018839040;0
778.5;1018839040;0
627.1;1018839040;0
109.8;1018970112;7
449.2;1019494400;0
603.9;1019494400;0
518.8;1019494400;0
299.3;1019494400;0
299.3;1019494400;0
239.6;1019494400;2
209.6;1019494400;0
199.5;1019494400;2
179.6;1019625472;9
109.8;1019625472;0
589.1;1020149760;0
569.1;1020149760;2
508.9;1024475136;0
588.9;1024475136;2
578.9;1024475136;0
379.0;1024606208;4
99.7;1020616704;2
489.0;1021272064;0
579.0;1021272064;0
498.5;1021272064;0
519.1;1021272064;2
677.6;1021272064;0
598.5;1021272064;6
99.1;1021272064;2
566.9;1022058496;0
598.1;1022058496;2
598.7;1022058496;2
608.7;1022189568;0
498.8;1022189568;2
409.3;1022451712;8
109.8;1022451712;0
579.1;1022713856;0
608.4;1022713856;0
598.9;1022713856;0
737.9;1022713856;0
687.8;1022713856;0
379.2;1023107072;9
128.7;1023238144;0
628.8;1023762432;0
588.1;1023893504;0
469.1;1028087808;0
509.3;1028087808;0
718.3;1028087808;0
518.6;1028349952;7
107.9;1024258048;0
534.7;1024782336;0
588.0;1098182656;2
578.4;1460989952;0
507.3;1736110080;0
695.0;2119626752;0
608.7;2138238976;1
439.0;2155671552;3
99.8;2076397568;3
433.5;1218744320;0
637.7;1026420736;0
747.7;1026420736;0
598.4;1026420736;2
598.1;1026420736;0
488.6;1026551808;6
99.7;1026682880;2
