179.7;239325184;852
99.8;334090240;935
109.8;356241408;1245
109.8;403427328;1219
109.8;482594816;1045
109.8;482594816;1488
109.8;486789120;1452
99.8;486789120;1493
99.9;486789120;1478
99.8;486789120;1489
99.9;486789120;1506
109.8;487182336;30
382.2;489017344;3
777.9;519335936;4
788.3;590508032;4
728.8;596668416;5
707.4;596930560;3
694.0;832466944;2
658.1;832466944;3
148.5;836661248;6
410.9;837316608;2
684.4;837316608;0
618.7;837316608;0
628.7;837316608;0
698.8;837316608;0
628.5;837681152;6
99.4;837681152;2
496.9;838205440;1
558.0;838205440;1
593.3;838205440;0
665.7;838205440;0
688.7;838336512;0
696.7;838336512;0
109.8;838463488;7
438.9;839118848;1
698.5;839118848;0
598.7;839118848;0
628.9;839118848;0
698.6;839118848;1
557.7;839495680;7
118.4;839757824;4
527.6;841068544;3
698.6;841461760;2
698.8;845787136;0
598.6;1017622528;0
528.9;1324724224;0
509.1;1656467456;0
489.1;1977462784;0
459.1;2177564672;4
127.3;1228890112;2
545.5;937549824;2
784.2;940171264;0
702.9;942399488;2
698.2;942399488;0
780.7;942399488;0
579.0;942399488;0
129.8;942923776;7
429.4;943710208;2
600.9;943710208;0
748.6;943710208;0
688.7;943710208;0
668.8;943710208;0
628.6;943710208;0
179.7;943972352;8
199.7;944889856;1
579.0;944889856;0
499.0;944889856;0
489.0;944889856;0
648.7;944889856;1
608.6;944889856;0
509.0;944889856;1
108.9;945283072;10
419.6;945676288;0
788.2;945938432;1
547.0;950132736;0
587.2;950132736;0
548.6;950132736;0
476.6;950132736;0
229.6;950394880;6
218.2;951312384;0
625.5;951312384;0
598.6;951312384;2
578.8;951312384;2
498.9;951312384;0
498.8;951312384;0
458.8;951312384;6
99.7;951443456;2
538.3;951836672;0
698.4;951836672;0
607.7;951967744;0
449.1;952229888;7
119.8;952360960;0
588.3;952885248;2
595.2;952885248;0
608.7;952885248;0
598.6;952885248;0
598.6;952885248;0
448.8;952885248;0
139.7;953147392;11
339.9;953933824;0
608.7;953933824;0
658.5;953933824;0
549.0;958259200;2
635.3;958259200;0
638.6;958259200;0
319.4;958390272;7
225.5;959176704;2
635.1;959176704;0
588.7;959176704;0
588.7;959176704;2
658.7;959176704;0
558.7;959176704;0
499.0;959176704;0
119.1;959438848;6
455.7;959832064;0
596.7;959832064;0
598.4;959832064;0
588.6;959832064;0
598.4;959832064;2
488.9;959832064;0
268.4;960094208;7
262.1;960880640;1
673.5;960880640;0
598.7;960880640;0
588.8;960880640;0
719.3;960880640;0
793.8;960880640;0
329.4;961142784;10
208.8;961798144;0
618.7;961929216;0
658.6;961929216;0
608.7;965992448;0
529.2;965992448;0
498.8;965992448;0
508.8;966123520;4
99.0;966254592;2
554.8;966778880;0
672.8;966778880;0
499.1;966778880;0
508.9;966778880;0
568.5;966778880;0
638.5;966778880;0
208.4;966909952;6
330.3;967827456;0
684.9;967827456;0
618.7;967827456;0
549.0;967827456;2
479.0;967827456;0
538.8;967827456;0
389.2;967827456;6
108.7;967958528;0
603.6;968876032;0
589.7;968876032;0
598.4;968876032;0
708.3;968876032;0
688.3;968876032;0
499.0;968876032;6
99.7;969007104;3
496.1;969793536;0
697.4;969924608;0
588.9;973987840;0
588.8;973987840;0
598.6;973987840;0
379.0;973987840;0
178.6;974249984;7
149.7;974774272;1
618.8;974905344;0
638.4;974905344;2
588.3;974905344;0
609.1;974905344;0
756.0;974905344;0
498.8;975167488;4
99.8;975298560;2
523.7;975822848;1
619.0;975822848;0
664.3;975822848;0
498.9;975822848;0
787.2;975822848;0
763.1;975822848;0
129.7;975953920;6
475.9;976740352;1
618.9;976740352;0
688.5;976740352;0
698.7;976740352;0
658.7;976740352;2
419.2;976740352;2
229.6;976871424;10
159.8;977395712;0
657.8;977526784;0
618.8;977526784;0
458.9;981721088;1
499.0;981721088;2
459.1;981721088;0
459.1;981721088;0
149.6;981983232;7
349.2;982638592;0
608.4;982638592;0
628.4;982638592;2
588.5;982638592;0
618.9;982638592;2
658.6;982638592;2
276.9;982769664;6
149.8;983556096;1
687.5;983687168;0
658.1;983687168;0
588.6;983687168;0
718.7;983687168;0
628.8;983687168;0
459.1;983818240;4
119.7;983949312;4
597.4;984735744;0
688.8;984735744;0
607.2;984735744;0
668.2;984735744;0
638.7;984735744;0
566.4;984735744;3
99.7;984735744;7
487.9;985522176;1
558.6;985653248;2
498.9;989716480;2
429.2;989716480;0
419.2;989716480;0
329.3;989716480;2
469.2;989716480;0
179.7;989978624;8
376.1;990633984;1
758.2;990633984;0
692.8;990633984;0
692.1;990633984;2
732.8;990633984;0
399.0;990633984;0
199.6;990765056;8
252.4;991682560;2
642.7;991682560;0
538.6;991682560;0
469.0;991682560;0
399.1;991682560;0
649.6;991682560;0
529.0;991682560;0
109.7;991813632;6
438.0;992600064;1
688.7;992600064;0
499.0;992600064;0
489.1;992600064;0
638.3;992600064;0
508.6;992600064;0
389.0;992862208;9
137.7;993648640;0
660.4;993648640;0
658.9;993648640;0
605.1;997711872;0
651.9;997711872;0
688.3;997711872;0
339.4;997842944;9
109.8;997842944;0
639.0;998629376;0
656.0;1139793920;0
598.5;1417928704;0
638.6;1419108352;0
698.2;1419108352;0
698.1;1419108352;0
169.0;1425793024;6
429.4;1025093632;0
687.8;1025093632;0
596.7;1025093632;0
668.6;1025093632;0
698.2;1025093632;0
638.4;1025093632;0
149.6;1025224704;6
192.7;1026142208;0
578.4;1026142208;0
588.8;1026273280;0
598.9;1026273280;0
718.2;1026273280;0
606.4;1026273280;2
449.1;1026273280;2
159.6;1026404352;9
351.5;1026928640;0
694.5;1026928640;0
519.1;1026928640;0
299.4;1031254016;0
299.2;1031254016;0
578.3;1031254016;0
618.9;1031254016;0
237.5;1031385088;6
257.8;1027915776;0
568.4;1027915776;0
498.7;1027915776;0
568.5;1027915776;0
558.9;1027915776;2
399.1;1027915776;0
389.3;1027915776;0
119.8;1028046848;6
438.1;1028571136;0
508.6;1028571136;0
657.9;1028571136;0
578.4;1028571136;2
698.0;1028571136;0
598.4;1028571136;0
219.4;1028702208;6
