8.4;57.5;25.7;1.9;0.0;851.0
8.4;100.7;114.6;10.5;0.0;851.0
8.3;140.3;150.7;8.1;0.0;851.0
8.4;176.1;131.2;6.9;0.0;851.0
6.9;203.3;85.2;6.5;0.0;851.0
8.3;226.6;157.3;4.9;0.0;851.0
8.4;226.6;243.9;0.4;0.0;851.0
8.3;226.6;270.6;0.5;0.0;851.0
8.4;226.6;244.5;0.4;0.0;851.0
8.3;226.6;253.8;0.5;0.0;851.0
7.2;230.4;178.8;0.5;0.0;851.0
8.4;239.8;0.0;0.0;0.0;851.0
8.3;249.4;0.0;0.0;0.0;851.0
8.4;262.5;0.8;0.0;0.0;851.0
8.3;275.0;0.0;0.0;0.0;851.0
8.4;285.8;0.0;0.0;0.0;851.0
8.3;296.9;0.0;0.0;0.0;851.0
8.3;309.1;0.0;0.0;0.0;851.0
8.3;320.5;0.0;0.0;0.0;851.0
8.3;330.3;0.0;0.0;0.0;851.0
8.4;381.1;0.0;0.0;0.0;851.0
8.3;393.3;0.6;2.6;0.0;851.0
8.3;347.8;0.3;2.8;0.0;851.0
8.3;383.1;1.2;0.0;0.0;993.0
7.1;861.8;0.6;0.0;1.0;1025.0
8.4;895.1;0.0;0.0;13.0;6337.0
8.3;2143.1;7.5;448.7;8.0;7806.0
8.4;2237.9;15.2;537.5;0.0;7806.0
9.6;3198.4;8.7;327.0;0.0;7806.0
8.4;3248.7;0.0;0.0;0.0;7806.0
8.4;3309.8;0.0;0.0;0.0;7806.0
8.3;3257.5;0.0;0.0;0.0;7806.0
8.4;3278.4;0.0;0.0;0.0;7806.0
8.3;3280.4;0.0;0.0;0.0;7806.0
8.4;3284.5;0.0;0.0;0.0;7806.0
8.3;3286.4;0.0;0.0;0.0;7806.0
8.3;3289.3;0.1;8.4;0.0;7806.0
8.4;3312.2;0.0;0.0;0.0;7806.0
8.3;3310.6;0.3;3.3;0.0;7806.0
9.6;3362.0;0.3;3.5;59.0;7806.0
8.3;3370.0;6.2;394.6;0.0;7806.0
8.3;3370.0;9.3;446.1;0.0;7806.0
4.8;3370.0;8.4;398.8;0.0;7806.0
8.3;3365.3;1.8;0.1;0.0;7806.0
8.4;3289.7;0.4;3.5;0.0;7806.0
8.3;3336.3;0.0;0.0;0.0;7806.0
8.4;3345.5;0.0;0.0;0.0;7806.0
8.4;3346.8;0.0;0.0;0.0;7806.0
8.3;3349.2;0.0;0.0;0.0;7806.0
8.4;3367.1;0.0;0.0;0.0;7826.0
11.8;3407.7;0.2;0.3;66.0;7840.0
8.3;3481.6;0.6;0.0;0.0;7840.0
8.3;3488.4;0.0;0.0;0.0;7840.0
8.3;3491.3;0.0;0.0;0.0;7840.0
8.3;3508.5;0.0;0.0;0.0;7840.0
8.3;3512.7;0.0;0.0;0.0;7840.0
9.6;3512.9;0.6;0.0;96.0;7840.0
13.8;3512.9;0.6;0.0;97.0;7840.0
9.7;3512.9;1.2;0.0;97.0;7840.0
9.5;3512.9;1.2;0.0;97.0;7840.0
15.4;3512.9;0.6;0.0;97.0;7840.0
9.8;3512.9;1.2;0.0;97.0;7840.0
12.5;3512.9;0.6;0.0;99.0;7840.0
13.1;3512.9;1.2;0.0;97.0;7840.0
10.7;3512.9;1.2;0.0;97.0;7840.0
14.3;3512.9;0.6;0.0;99.0;7840.0
11.2;3512.9;1.2;0.0;97.0;7840.0
9.6;3512.9;1.2;0.0;99.0;7840.0
13.0;3512.9;0.6;0.0;99.0;7840.0
9.5;3513.0;1.2;0.0;97.0;7840.0
12.5;3513.0;0.6;0.0;99.0;7840.0
12.5;3513.0;1.2;0.0;99.0;7840.0
9.5;3513.0;1.2;0.0;98.0;7840.0
15.5;3513.0;0.6;0.0;99.0;7840.0
10.7;3513.0;1.2;0.0;99.0;7840.0
9.7;3513.0;0.6;0.0;98.0;7840.0
15.2;3513.0;1.2;0.0;99.0;7840.0
9.5;3513.0;1.2;0.0;96.0;7840.0
13.1;3513.0;0.6;0.0;97.0;7840.0
11.1;3513.0;1.2;0.0;98.0;7840.0
9.8;3513.0;1.2;0.0;96.0;7840.0
16.7;3513.0;0.6;0.0;97.0;7840.0
9.6;3513.0;1.3;0.3;96.0;7840.0
10.8;3513.0;0.6;0.0;96.0;7840.0
13.8;3513.0;1.2;0.0;97.0;7840.0
9.8;3513.0;1.2;0.0;96.0;7840.0
14.2;3513.0;0.6;0.0;97.0;7840.0
11.5;3513.0;1.2;0.0;96.0;7840.0
8.3;3513.0;1.2;0.0;96.0;7840.0
16.6;3513.0;0.6;0.0;97.0;7840.0
9.6;3513.0;1.2;0.0;97.0;7840.0
11.8;3513.0;0.6;0.0;96.0;7840.0
13.1;3513.0;1.2;0.0;97.0;7840.0
9.7;3513.0;1.2;0.0;97.0;7840.0
13.8;3513.0;0.6;0.0;99.0;7840.0
13.1;3513.0;1.2;0.0;97.0;7840.0
9.6;3513.0;1.2;0.0;97.0;7840.0
16.8;3513.0;0.6;0.0;99.0;7840.0
9.7;3513.0;1.2;0.0;97.0;7840.0
11.2;3513.0;0.6;0.0;99.0;7840.0
13.1;3513.0;1.2;0.0;99.0;7840.0
13.1;3513.0;1.2;0.0;98.0;7840.0
14.0;3513.0;0.6;0.0;99.0;7840.0
11.1;3513.0;1.2;0.0;99.0;7840.0
9.6;3513.0;1.2;0.0;99.0;7840.0
15.4;3513.0;0.6;0.0;99.0;7840.0
9.7;3513.0;1.2;0.0;96.0;7840.0
11.1;3513.0;0.6;0.0;99.0;7840.0
13.0;3513.0;1.2;0.0;99.0;7840.0
9.6;3513.0;1.2;0.0;96.0;7840.0
15.5;3513.0;0.6;0.0;99.0;7840.0
9.7;3513.0;1.2;0.0;96.0;7840.0
9.6;3513.0;1.2;0.0;97.0;7840.0
15.4;3513.0;0.6;0.0;98.0;7840.0
9.6;3513.0;1.2;0.0;96.0;7840.0
12.5;3513.0;0.6;0.0;97.0;7840.0
13.1;3513.0;1.2;0.0;97.0;7840.0
9.6;3513.0;1.6;0.3;97.0;7840.0
14.3;3513.0;0.6;0.0;97.0;7840.0
12.6;3513.0;1.2;0.0;96.0;7840.0
9.7;3513.0;1.2;0.0;97.0;7840.0
15.5;3513.0;0.6;0.0;97.0;7840.0
9.4;3513.0;1.2;0.0;97.0;7840.0
11.9;3513.0;0.6;0.0;99.0;7840.0
13.1;3513.0;1.2;0.0;97.0;7840.0
9.7;3513.0;1.2;0.0;97.0;7840.0
15.5;3513.0;0.6;0.0;99.0;7840.0
10.7;3513.0;1.2;0.0;97.0;7840.0
9.7;3513.0;1.2;0.0;99.0;7840.0
15.2;3513.0;0.6;0.0;99.0;7840.0
9.5;3513.0;1.2;0.0;97.0;7840.0
13.1;3513.0;0.6;0.0;99.0;7840.0
11.8;3513.0;1.2;0.0;99.0;7840.0
9.8;3513.0;1.2;0.0;99.0;7840.0
15.2;3513.0;0.6;0.0;99.0;7840.0
11.9;3513.0;1.2;0.0;99.0;7840.0
10.4;3513.0;1.2;0.0;97.0;7840.0
15.2;3513.0;0.6;0.0;99.0;7840.0
9.8;3512.9;1.2;0.0;97.0;7840.0
13.0;3512.9;0.6;0.0;97.0;7840.0
11.8;3512.9;1.2;0.0;99.0;7840.0
9.5;3512.9;1.2;0.0;97.0;7840.0
16.6;3512.9;0.6;0.0;97.0;7840.0
11.1;3512.9;1.2;0.0;97.0;7840.0
9.6;3512.9;1.2;0.0;97.0;7840.0
14.3;3512.9;0.6;0.0;97.0;7840.0
11.1;3512.9;1.2;0.0;97.0;7840.0
12.5;3512.9;0.6;0.0;96.0;7840.0
11.8;3512.9;1.2;0.0;97.0;7840.0
9.5;3512.9;1.2;0.0;97.0;7840.0
15.5;3512.9;0.6;0.0;97.0;7840.0
11.2;3512.9;1.2;0.0;97.0;7840.0
9.6;3512.9;1.3;0.3;97.0;7840.0
14.3;3512.9;0.6;0.0;97.0;7840.0
9.6;3512.9;1.2;0.0;97.0;7840.0
14.0;3512.9;0.6;0.0;99.0;7840.0
11.1;3512.9;1.2;0.0;97.0;7840.0
9.6;3512.9;1.2;0.0;97.0;7840.0
15.4;3512.9;0.6;0.0;99.0;7840.0
9.6;3512.9;1.2;0.0;97.0;7840.0
10.7;3512.9;1.2;0.0;99.0;7840.0
13.8;3512.9;0.6;0.0;99.0;7840.0
9.6;3512.9;1.2;0.0;97.0;7840.0
13.0;3512.9;0.6;0.0;99.0;7840.0
12.5;3512.9;1.2;0.0;99.0;7840.0
8.3;3512.9;1.2;0.0;97.0;7840.0
16.6;3512.9;0.6;0.0;99.0;7840.0
9.6;3512.9;1.2;0.0;97.0;7840.0
10.7;3512.9;1.2;0.0;97.0;7840.0
14.0;3512.9;0.6;0.0;99.0;7840.0
10.8;3512.9;1.2;0.0;97.0;7840.0
14.3;3512.9;0.6;0.0;97.0;7840.0
10.8;3512.9;1.2;0.0;97.0;7840.0
8.3;3512.9;1.2;0.0;97.0;7840.0
15.2;3512.9;0.6;0.0;96.0;7840.0
9.5;3512.9;1.2;0.0;97.0;7840.0
11.5;3512.9;1.2;0.0;97.0;7840.0
12.5;3512.9;0.6;0.0;97.0;7840.0
9.7;3512.9;1.5;0.0;97.0;7840.0
14.3;3512.9;0.6;0.0;97.0;7840.0
13.0;3512.9;1.2;0.0;97.0;7840.0
16.7;3512.9;1.2;0.0;97.0;7840.0
16.6;3512.9;0.6;0.0;97.0;7840.0
9.7;3512.9;1.2;0.0;97.0;7840.0
13.1;3512.9;0.6;0.0;97.0;7840.0
13.0;3512.9;1.2;0.0;97.0;7840.0
11.2;3512.9;1.2;0.0;97.0;7840.0
15.4;3512.9;0.7;0.3;99.0;7840.0
12.5;3512.9;1.2;0.0;97.0;7840.0
9.6;3512.9;1.2;0.0;97.0;7840.0
15.5;3512.9;0.6;0.0;99.0;7848.0
9.8;3512.9;1.2;0.0;97.0;7848.0
11.1;3512.9;0.6;0.0;99.0;7848.0
11.8;3512.9;1.2;0.0;99.0;7848.0
9.5;3512.9;1.2;0.0;99.0;7848.0
15.2;3512.9;0.6;0.0;99.0;7848.0
13.0;3512.9;1.2;0.0;99.0;7848.0
10.7;3512.9;1.2;0.0;99.0;7848.0
15.5;3512.9;0.6;0.0;99.0;7848.0
9.5;3512.9;1.2;0.0;97.0;7848.0
11.9;3512.9;0.6;0.0;99.0;7848.0
12.5;3512.9;1.2;0.0;99.0;7848.0
9.5;3512.9;1.2;0.0;96.0;7848.0
15.5;3512.9;0.6;0.0;99.0;7848.0
9.7;3512.9;1.2;0.0;97.0;7848.0
9.8;3512.9;0.6;0.0;97.0;7848.0
15.5;3512.9;1.2;0.0;99.0;7848.0
9.6;3512.9;1.2;0.0;97.0;7848.0
13.1;3512.9;0.6;0.0;97.0;7848.0
11.1;3512.9;1.2;0.0;97.0;7848.0
11.2;3512.9;1.2;0.0;97.0;7848.0
15.4;3512.9;0.6;0.0;97.0;7848.0
11.5;3512.9;1.2;0.0;97.0;7848.0
12.5;3512.9;0.6;0.0;97.0;7848.0
15.2;3512.9;1.2;0.0;97.0;7848.0
9.6;3512.9;1.2;0.0;97.0;7848.0
13.0;3512.9;0.6;0.0;99.0;7848.0
10.7;3512.9;1.2;0.0;97.0;7848.0
9.7;3512.9;1.2;0.0;97.0;7848.0
16.6;3512.9;0.6;0.0;99.0;7848.0
10.7;3512.9;1.2;0.0;97.0;7848.0
10.7;3512.9;0.6;0.0;99.0;7848.0
14.0;3512.9;1.2;0.0;99.0;7848.0
9.7;3512.9;1.3;0.3;97.0;7848.0
12.6;3512.9;0.6;0.0;99.0;7848.0
13.1;3512.9;1.2;0.0;99.0;7848.0
9.6;3512.9;1.2;0.0;99.0;7848.0
16.8;3512.9;0.6;0.0;99.0;7848.0
10.8;3512.9;1.2;0.0;99.0;7848.0
10.8;3512.9;0.6;0.0;99.0;7848.0
13.0;3512.9;1.2;0.0;99.0;7848.0
9.7;3512.9;1.2;0.0;97.0;7848.0
13.8;3512.9;0.6;0.0;99.0;7848.0
11.8;3512.9;1.2;0.0;99.0;7848.0
9.6;3512.9;1.2;0.0;97.0;7848.0
15.2;3512.9;0.6;0.0;99.0;7848.0
9.7;3512.9;1.2;0.0;97.0;7848.0
10.8;3512.9;0.6;0.0;97.0;7848.0
13.0;3512.9;1.2;0.0;98.0;7848.0
9.6;3512.9;1.5;0.0;97.0;7848.0
13.8;3512.9;0.6;0.0;97.0;7848.0
11.2;3512.9;1.2;0.0;97.0;7848.0
9.6;3512.9;1.2;0.0;97.0;7848.0
15.5;3512.9;0.6;0.0;97.0;7848.0
9.7;3512.9;1.2;0.0;97.0;7848.0
11.1;3512.9;0.6;0.0;97.0;7848.0
14.0;3512.9;1.2;0.0;97.0;7848.0
8.3;3512.9;1.2;0.0;97.0;7848.0
13.1;3512.9;0.6;0.0;99.0;7848.0
12.5;3512.9;1.2;0.0;97.0;7848.0
8.3;3512.9;1.2;0.0;97.0;7848.0
15.5;3512.9;0.6;0.0;99.0;7848.0
10.4;3512.9;1.2;0.0;97.0;7848.0
11.1;3512.9;0.6;0.0;99.0;7848.0
13.8;3512.9;1.2;0.0;99.0;7848.0
9.5;3512.9;1.2;0.0;97.0;7848.0
14.3;3512.9;0.6;0.0;99.0;7848.0
10.8;3512.9;1.2;0.0;99.0;7848.0
8.4;3512.9;1.3;0.3;99.0;7848.0
16.6;3512.9;0.6;0.0;99.0;7848.0
11.9;3512.9;1.2;0.0;99.0;7848.0
11.9;3512.9;0.6;0.0;99.0;7848.0
13.8;3512.9;1.2;0.0;99.0;7848.0
9.8;3512.9;1.2;0.0;96.0;7848.0
15.2;3512.9;0.6;0.0;98.0;7848.0
11.9;3512.9;1.2;0.0;97.0;7848.0
13.0;3512.9;1.2;0.0;97.0;7848.0
16.6;3512.9;0.6;0.0;97.0;7848.0
9.7;3512.9;1.2;0.0;97.0;7848.0
11.8;3512.9;0.6;0.0;97.0;7848.0
13.1;3512.9;1.2;0.0;97.0;7848.0
9.7;3512.9;1.2;0.0;97.0;7848.0
14.2;3512.9;0.6;0.0;97.0;7848.0
11.9;3512.9;1.2;0.0;97.0;7848.0
9.5;3512.9;1.2;0.0;97.0;7848.0
15.5;3512.9;0.6;0.0;97.0;7848.0
9.8;3512.9;1.2;0.0;97.0;7848.0
11.2;3512.9;0.6;0.0;99.0;7848.0
13.1;3512.9;1.2;0.0;99.0;7848.0
9.6;3512.9;1.2;0.0;97.0;7848.0
15.4;3512.9;0.6;0.0;99.0;7848.0
9.7;3512.9;1.2;0.0;99.0;7848.0
10.8;3512.9;1.2;0.0;99.0;7848.0
15.4;3512.9;0.6;0.0;99.0;7848.0
10.4;3512.9;1.2;0.0;99.0;7848.0
12.5;3512.9;0.6;0.0;99.0;7848.0
12.5;3512.9;1.2;0.0;99.0;7848.0
9.6;3512.9;1.2;0.0;97.0;7848.0
13.5;3512.9;0.6;0.0;99.0;7848.0
9.7;3512.9;1.2;0.0;99.0;7848.0
8.3;3512.9;1.2;0.0;97.0;7848.0
14.2;3512.9;0.6;0.0;99.0;7848.0
10.4;3512.9;1.2;0.0;97.0;7848.0
11.8;3512.9;0.7;0.3;97.0;7848.0
12.6;3512.9;1.2;0.0;97.0;7848.0
9.6;3512.9;1.2;0.0;97.0;7848.0
15.4;3512.9;0.6;0.0;97.0;7848.0
10.8;3512.9;1.2;0.0;96.0;7848.0
9.7;3512.9;1.2;0.0;97.0;7848.0
15.4;3512.9;0.6;0.0;97.0;7848.0
