7.1;56.8;22.9;1.7;0.0;843.0
6.9;101.0;119.8;10.8;0.0;843.0
7.0;139.9;149.5;8.0;0.0;843.0
7.1;175.9;131.2;6.9;0.0;843.0
6.0;203.8;85.2;6.5;0.0;843.0
8.4;226.2;156.7;4.9;0.0;843.0
8.3;226.2;255.9;0.5;0.0;843.0
8.3;226.2;245.7;0.4;0.0;843.0
8.3;226.2;262.8;0.5;0.0;843.0
8.3;226.2;256.5;0.5;0.0;843.0
8.3;230.6;171.3;0.5;0.0;843.0
8.3;240.6;0.0;0.0;0.0;843.0
8.4;250.9;0.0;0.0;0.0;843.0
7.2;262.6;0.8;0.0;0.0;843.0
8.3;275.6;0.0;0.0;0.0;843.0
8.3;286.2;0.0;0.0;0.0;843.0
8.3;297.3;0.0;0.0;0.0;843.0
8.4;309.6;0.0;0.0;0.0;843.0
8.3;321.6;0.0;0.0;0.0;843.0
8.4;330.9;0.0;0.0;0.0;843.0
8.4;379.5;0.0;0.0;0.0;843.0
8.4;398.5;0.6;2.6;0.0;843.0
8.4;349.8;0.3;2.8;0.0;843.0
8.3;386.3;1.2;0.0;2.0;984.0
8.4;865.0;0.6;0.0;0.0;1018.0
8.3;919.2;0.0;0.0;0.0;6010.0
8.4;2143.3;7.3;444.2;1.0;7798.0
8.3;2228.8;15.4;542.0;0.0;7798.0
8.3;3198.7;8.7;327.0;14.0;7798.0
8.4;3252.7;0.0;0.0;0.0;7798.0
8.3;3311.3;0.0;0.0;0.0;7798.0
8.3;3289.4;0.0;0.0;0.0;7798.0
8.3;3302.9;0.0;0.0;0.0;7798.0
8.3;3304.0;0.0;0.0;0.0;7798.0
8.4;3305.3;0.0;0.0;0.0;7798.0
8.3;3306.6;0.0;0.0;0.0;7798.0
8.4;3310.3;0.1;8.4;0.0;7798.0
8.3;3319.4;0.0;0.0;0.0;7798.0
8.4;3318.7;0.3;3.3;0.0;7798.0
8.3;3367.0;0.3;3.5;59.0;7798.0
8.4;3375.0;6.4;403.6;0.0;7798.0
8.4;3375.0;9.2;443.9;0.0;7798.0
4.2;3375.0;8.3;392.0;0.0;7798.0
8.4;3369.9;1.8;0.1;0.0;7798.0
8.3;3322.3;0.4;3.5;0.0;7798.0
8.3;3346.7;0.0;0.0;0.0;7798.0
8.3;3350.7;0.0;0.0;0.0;7798.0
8.4;3350.9;0.0;0.0;0.0;7798.0
8.4;3353.5;0.0;0.0;0.0;7798.0
8.3;3370.7;0.0;0.0;0.0;7816.0
12.5;3407.8;0.2;0.3;90.0;7832.0
8.3;3479.9;0.6;0.0;0.0;7832.0
8.3;3486.4;0.0;0.0;0.0;7832.0
8.4;3489.5;0.0;0.0;0.0;7832.0
8.3;3506.8;0.0;0.0;0.0;7832.0
8.4;3511.5;0.0;0.0;0.0;7832.0
9.6;3511.7;0.6;0.0;97.0;7832.0
14.3;3511.7;0.6;0.0;99.0;7832.0
12.6;3511.8;1.2;0.0;99.0;7832.0
10.8;3511.8;1.2;0.0;98.0;7832.0
15.5;3511.8;0.6;0.0;99.0;7832.0
9.5;3511.8;1.2;0.0;99.0;7832.0
11.9;3511.8;0.6;0.0;98.0;7832.0
14.2;3511.8;1.2;0.0;99.0;7832.0
9.7;3511.8;1.2;0.0;96.0;7832.0
14.3;3511.8;0.6;0.0;99.0;7832.0
10.7;3511.8;1.2;0.0;98.0;7832.0
11.1;3511.8;0.6;0.0;97.0;7832.0
16.6;3511.8;1.2;0.0;99.0;7832.0
9.5;3511.9;1.2;0.0;96.0;7832.0
11.9;3511.9;0.6;0.0;97.0;7832.0
12.5;3511.9;1.2;0.0;98.0;7832.0
9.8;3511.9;1.2;0.0;97.0;7832.0
15.2;3511.9;0.6;0.0;97.0;7832.0
9.5;3511.9;1.2;0.0;97.0;7832.0
9.6;3511.9;1.2;0.0;97.0;7832.0
16.6;3511.9;0.6;0.0;97.0;7832.0
15.4;3511.9;1.2;0.0;96.0;7832.0
11.8;3511.9;0.6;0.0;96.0;7832.0
12.5;3511.9;1.2;0.0;97.0;7832.0
9.7;3511.9;1.2;0.0;97.0;7832.0
15.2;3511.9;0.6;0.0;97.0;7832.0
12.5;3511.9;1.3;0.3;97.0;7832.0
9.5;3511.9;1.2;0.0;97.0;7832.0
14.3;3511.9;0.6;0.0;97.0;7832.0
9.7;3511.9;1.2;0.0;97.0;7832.0
12.5;3511.9;0.6;0.0;99.0;7832.0
11.9;3511.9;1.2;0.0;99.0;7832.0
9.5;3511.9;1.2;0.0;97.0;7832.0
15.4;3511.9;0.6;0.0;99.0;7832.0
11.1;3511.9;1.2;0.0;99.0;7832.0
8.4;3511.9;1.2;0.0;99.0;7832.0
14.3;3511.9;0.6;0.0;99.0;7832.0
9.6;3511.9;1.2;0.0;99.0;7832.0
12.6;3511.9;0.6;0.0;99.0;7832.0
12.5;3511.9;1.2;0.0;99.0;7832.0
10.8;3511.9;1.2;0.0;97.0;7832.0
14.2;3511.9;0.6;0.0;99.0;7832.0
13.8;3511.9;1.2;0.0;96.0;7832.0
9.7;3511.9;1.2;0.0;97.0;7832.0
14.2;3511.9;0.6;0.0;98.0;7832.0
9.6;3511.9;1.2;0.0;97.0;7832.0
11.8;3511.9;0.6;0.0;97.0;7832.0
11.9;3511.9;1.2;0.0;96.0;7832.0
11.1;3511.9;1.2;0.0;97.0;7832.0
15.4;3511.9;0.6;0.0;96.0;7832.0
10.8;3511.9;1.2;0.0;96.0;7832.0
9.5;3511.9;1.2;0.0;97.0;7832.0
15.4;3511.9;0.6;0.0;97.0;7832.0
11.9;3511.9;1.2;0.0;97.0;7832.0
11.9;3511.9;0.6;0.0;99.0;7832.0
11.9;3511.9;1.2;0.0;97.0;7832.0
9.7;3511.9;1.2;0.0;97.0;7832.0
15.4;3511.9;0.6;0.0;99.0;7832.0
10.7;3511.9;1.2;0.0;98.0;7832.0
10.4;3511.9;1.2;0.0;99.0;7832.0
11.1;3511.9;0.6;0.0;99.0;7832.0
9.7;3511.9;1.6;0.3;99.0;7832.0
11.9;3511.9;0.6;0.0;99.0;7832.0
11.8;3511.9;1.2;0.0;99.0;7832.0
9.6;3511.9;1.2;0.0;97.0;7832.0
16.8;3511.9;0.6;0.0;99.0;7832.0
12.5;3511.9;1.2;0.0;99.0;7832.0
9.6;3511.9;1.2;0.0;97.0;7832.0
14.2;3511.9;0.6;0.0;99.0;7832.0
9.8;3511.9;1.2;0.0;97.0;7832.0
12.5;3511.9;0.6;0.0;97.0;7832.0
12.6;3511.9;1.2;0.0;97.0;7832.0
9.6;3511.9;1.2;0.0;97.0;7832.0
14.3;3511.9;0.6;0.0;97.0;7832.0
11.2;3511.9;1.2;0.0;97.0;7832.0
8.3;3511.9;1.2;0.0;97.0;7832.0
15.5;3511.9;0.6;0.0;97.0;7832.0
9.5;3511.9;1.2;0.0;97.0;7832.0
12.5;3511.9;0.6;0.0;97.0;7832.0
13.0;3511.9;1.2;0.0;97.0;7832.0
11.8;3511.9;1.2;0.0;97.0;7832.0
14.3;3511.9;0.6;0.0;99.0;7832.0
10.7;3511.8;1.2;0.0;97.0;7832.0
9.7;3511.8;1.2;0.0;97.0;7832.0
14.3;3511.8;0.6;0.0;99.0;7832.0
9.5;3511.8;1.2;0.0;97.0;7832.0
11.9;3511.8;0.6;0.0;99.0;7832.0
13.0;3511.8;1.2;0.0;99.0;7832.0
8.3;3511.8;1.2;0.0;99.0;7832.0
14.3;3511.8;0.6;0.0;99.0;7832.0
10.8;3511.8;1.2;0.0;99.0;7832.0
9.8;3511.8;1.2;0.0;99.0;7832.0
18.0;3511.8;0.6;0.0;99.0;7832.0
9.6;3511.8;1.2;0.0;97.0;7832.0
11.8;3511.8;0.6;0.0;99.0;7832.0
12.5;3511.8;1.2;0.0;99.0;7832.0
9.7;3511.8;1.3;0.3;97.0;7832.0
15.2;3511.8;0.6;0.0;99.0;7832.0
10.8;3511.8;1.2;0.0;97.0;7832.0
9.5;3511.8;1.2;0.0;97.0;7832.0
15.2;3511.8;0.6;0.0;98.0;7832.0
12.5;3511.8;1.2;0.0;97.0;7832.0
11.8;3511.8;0.6;0.0;97.0;7832.0
13.5;3511.8;1.2;0.0;97.0;7832.0
9.5;3511.8;1.2;0.0;97.0;7832.0
16.6;3511.8;0.6;0.0;97.0;7832.0
11.1;3511.8;1.2;0.0;97.0;7832.0
9.6;3511.8;1.2;0.0;97.0;7832.0
15.5;3511.8;0.6;0.0;97.0;7832.0
13.8;3511.8;1.2;0.0;97.0;7832.0
11.2;3511.8;0.6;0.0;97.0;7832.0
13.8;3511.8;1.2;0.0;97.0;7832.0
9.5;3511.8;1.2;0.0;97.0;7832.0
14.2;3511.8;0.6;0.0;99.0;7832.0
12.5;3511.8;1.2;0.0;97.0;7832.0
8.3;3511.8;1.2;0.0;97.0;7832.0
15.4;3511.8;0.6;0.0;99.0;7832.0
10.8;3511.8;1.2;0.0;97.0;7832.0
11.1;3511.8;0.6;0.0;99.0;7832.0
13.8;3511.8;1.2;0.0;99.0;7832.0
9.6;3511.8;1.2;0.0;98.0;7832.0
13.0;3511.8;0.6;0.0;99.0;7832.0
11.9;3511.8;1.5;0.0;99.0;7832.0
8.3;3511.8;1.2;0.0;97.0;7832.0
16.8;3511.8;0.6;0.0;99.0;7832.0
9.6;3511.8;1.2;0.0;97.0;7832.0
10.8;3511.8;0.6;0.0;97.0;7832.0
14.0;3511.8;1.2;0.0;99.0;7832.0
9.7;3511.8;1.2;0.0;97.0;7832.0
14.3;3511.8;0.6;0.0;97.0;7832.0
9.6;3511.8;1.2;0.0;96.0;7832.0
10.8;3511.8;1.3;0.3;97.0;7832.0
16.6;3511.8;0.6;0.0;97.0;7832.0
9.7;3511.8;1.2;0.0;97.0;7832.0
11.9;3511.8;0.6;0.0;97.0;7832.0
13.0;3511.8;1.2;0.0;97.0;7832.0
9.7;3511.8;1.2;0.0;97.0;7832.0
13.8;3511.8;0.6;0.0;97.0;7832.0
13.0;3511.8;1.2;0.0;97.0;7832.0
8.4;3511.8;1.2;0.0;97.0;7832.0
14.2;3511.8;0.6;0.0;97.0;7832.0
9.8;3511.8;1.2;0.0;97.0;7832.0
11.1;3511.8;0.6;0.0;99.0;7832.0
13.1;3511.8;1.2;0.0;99.0;7832.0
9.6;3511.8;1.2;0.0;97.0;7832.0
13.8;3511.8;0.6;0.0;99.0;7832.0
12.6;3511.8;1.2;0.0;99.0;7832.0
6.9;3511.8;1.2;0.0;99.0;7832.0
15.5;3511.8;0.6;0.0;99.0;7832.0
11.1;3511.8;1.2;0.0;99.0;7832.0
11.1;3511.8;0.6;0.0;99.0;7832.0
13.8;3511.8;1.2;0.0;99.0;7832.0
11.8;3511.8;1.2;0.0;97.0;7832.0
13.1;3511.8;0.6;0.0;99.0;7832.0
12.5;3511.8;1.2;0.0;99.0;7832.0
9.6;3511.8;1.2;0.0;97.0;7832.0
15.5;3511.8;0.6;0.0;99.0;7832.0
9.6;3511.8;1.2;0.0;97.0;7832.0
11.2;3511.8;0.6;0.0;97.0;7832.0
13.8;3511.8;1.2;0.0;99.0;7832.0
9.6;3511.8;1.2;0.0;97.0;7832.0
15.5;3511.8;0.6;0.0;97.0;7832.0
11.9;3511.8;1.2;0.0;97.0;7832.0
9.6;3511.8;1.2;0.0;97.0;7832.0
16.6;3511.8;0.6;0.0;97.0;7832.0
11.9;3511.8;1.2;0.0;97.0;7832.0
10.7;3511.8;0.6;0.0;97.0;7832.0
15.2;3511.8;1.3;0.3;97.0;7832.0
9.7;3511.8;1.2;0.0;97.0;7832.0
14.2;3511.8;0.6;0.0;99.0;7832.0
11.9;3511.8;1.2;0.0;97.0;7832.0
9.4;3511.8;1.2;0.0;97.0;7832.0
16.6;3511.8;0.6;0.0;99.0;7832.0
11.1;3511.8;1.2;0.0;97.0;7832.0
10.7;3511.8;0.6;0.0;99.0;7832.0
13.1;3511.8;1.2;0.0;99.0;7832.0
9.7;3511.8;1.2;0.0;97.0;7832.0
14.0;3511.8;0.6;0.0;99.0;7832.0
11.9;3511.8;1.2;0.0;99.0;7832.0
9.6;3511.8;1.2;0.0;99.0;7832.0
15.5;3511.8;0.6;0.0;99.0;7832.0
9.7;3511.8;1.2;0.0;99.0;7832.0
9.8;3511.8;0.6;0.0;99.0;7832.0
13.0;3511.8;1.5;0.0;99.0;7832.0
9.6;3511.8;1.2;0.0;97.0;7832.0
13.8;3511.8;0.6;0.0;97.0;7832.0
11.1;3511.8;1.2;0.0;97.0;7832.0
9.7;3511.8;1.2;0.0;97.0;7832.0
15.4;3511.8;0.6;0.0;97.0;7832.0
9.6;3511.8;1.2;0.0;97.0;7832.0
9.7;3511.8;0.6;0.0;97.0;7832.0
15.5;3511.8;1.2;0.0;97.0;7832.0
9.6;3511.8;1.2;0.0;97.0;7832.0
13.0;3511.8;0.6;0.0;97.0;7832.0
11.1;3511.8;1.2;0.0;97.0;7832.0
11.1;3511.8;1.2;0.0;97.0;7832.0
15.5;3511.8;0.6;0.0;99.0;7832.0
9.6;3511.8;1.2;0.0;97.0;7832.0
10.8;3511.8;0.6;0.0;99.0;7832.0
15.4;3511.8;1.2;0.0;99.0;7832.0
9.6;3511.8;1.2;0.0;97.0;7832.0
14.2;3511.8;0.6;0.0;99.0;7832.0
13.5;3511.8;1.3;0.3;99.0;7832.0
9.7;3511.8;1.2;0.0;99.0;7832.0
15.2;3511.8;0.6;0.0;99.0;7832.0
9.5;3511.8;1.2;0.0;99.0;7832.0
11.8;3511.8;0.6;0.0;99.0;7832.0
13.8;3511.8;1.2;0.0;99.0;7832.0
9.6;3511.8;1.2;0.0;97.0;7832.0
12.5;3511.8;0.6;0.0;98.0;7832.0
13.1;3511.8;1.2;0.0;97.0;7832.0
19.1;3511.8;1.2;0.0;97.0;7832.0
15.2;3511.8;0.6;0.0;97.0;7832.0
9.7;3511.8;1.2;0.0;97.0;7832.0
10.8;3511.8;1.2;0.0;97.0;7832.0
14.3;3511.8;0.6;0.0;97.0;7832.0
11.9;3511.8;1.2;0.0;97.0;7832.0
12.5;3511.8;0.6;0.0;97.0;7832.0
13.1;3511.8;1.2;0.0;97.0;7832.0
18.9;3511.8;1.2;0.0;97.0;7832.0
14.2;3511.8;0.6;0.0;97.0;7832.0
11.1;3511.8;1.2;0.0;97.0;7832.0
9.7;3511.8;1.2;0.0;97.0;7832.0
14.3;3511.8;0.6;0.0;97.0;7832.0
9.4;3511.8;1.2;0.0;97.0;7832.0
12.5;3511.8;0.6;0.0;99.0;7832.0
12.5;3511.8;1.2;0.0;97.0;7832.0
9.5;3511.8;1.2;0.0;97.0;7832.0
15.5;3511.8;0.6;0.0;99.0;7832.0
10.7;3511.8;1.2;0.0;98.0;7832.0
9.8;3511.8;1.2;0.0;99.0;7832.0
15.2;3511.8;0.6;0.0;99.0;7832.0
11.8;3511.8;1.2;0.0;99.0;7832.0
11.9;3511.8;0.6;0.0;99.0;7832.0
15.2;3511.8;1.2;0.0;99.0;7832.0
9.8;3511.8;1.2;0.0;97.0;7832.0
14.3;3511.8;0.6;0.0;99.0;7832.0
10.8;3511.8;1.3;0.3;99.0;7832.0
9.5;3511.8;1.2;0.0;97.0;7832.0
15.2;3511.8;0.6;0.0;99.0;7832.0
11.1;3511.8;1.2;0.0;97.0;7832.0
11.8;3511.8;0.6;0.0;97.0;7832.0
11.9;3511.8;1.2;0.0;97.0;7832.0
9.7;3511.8;1.5;0.0;97.0;7832.0
