0.0;10514432;0
0.0;10514432;0
0.0;10514432;0
0.0;10514432;0
0.0;10514432;0
49.9;16928768;0
99.4;18706432;0
143.3;33296384;0
199.5;27189248;0
229.4;30793728;0
229.4;35381248;0
216.1;41570304;0
199.5;51515392;0
200.7;51527680;0
199.5;51527680;0
199.5;51527680;0
200.7;51527680;0
170.5;40558592;0
232.7;51699712;0
133.0;37183488;0
229.4;51761152;0
198.9;51761152;0
201.6;51761152;0
184.7;51765248;0
200.7;51884032;0
199.5;51884032;0
201.6;51884032;0
184.7;51884032;0
201.6;52080640;0
199.5;52084736;0
199.5;52084736;0
198.9;52137984;0
186.4;52146176;0
199.5;52228096;0
199.5;52228096;0
200.7;52305920;0
199.5;52236288;0
199.5;52187136;0
199.5;52236288;0
200.7;52363264;0
166.2;44339200;0
235.2;52449280;0
199.5;52379648;0
200.7;52375552;0
199.5;52645888;0
201.6;52649984;0
199.5;52645888;0
200.7;52649984;0
229.4;41648128;0
199.5;52744192;0
199.5;52744192;0
199.5;52744192;0
200.7;52752384;0
213.1;52891648;0
201.6;52891648;0
199.5;52891648;0
200.7;52891648;0
198.9;52903936;0
201.6;52985856;0
199.5;52998144;0
199.5;53018624;0
129.0;44982272;0
213.1;53313536;0
199.5;53309440;0
199.5;53309440;0
157.7;37236736;0
255.7;53510144;0
186.4;53526528;0
199.5;53526528;0
199.5;53526528;0
199.5;53526528;0
200.7;53526528;0
200.7;53583872;0
182.8;53583872;0
201.6;53633024;0
199.5;53633024;0
200.7;53682176;0
198.9;53702656;0
200.7;53714944;0
149.6;42340352;510
166.2;50753536;0
201.6;54185984;0
198.9;54185984;0
200.7;54214656;0
149.6;46215168;0
218.4;54915072;0
199.5;54915072;0
199.5;54915072;0
200.7;54915072;0
198.9;54915072;0
199.5;54915072;0
199.5;54915072;0
184.8;45338624;0
216.1;54915072;0
200.7;54915072;0
200.7;54915072;0
199.5;54915072;0
199.5;54915072;0
216.1;54087680;0
201.6;54087680;0
198.9;54087680;0
200.7;54087680;0
200.7;54087680;0
182.8;54149120;0
199.5;54149120;0
199.5;54149120;0
201.6;54149120;0
127.8;45645824;0
215.0;54751232;0
200.7;54751232;0
198.9;54751232;0
199.5;46718976;0
116.4;45441024;0
201.6;54792192;0
199.5;54824960;0
199.5;54824960;0
201.6;54824960;0
199.5;54824960;0
200.7;54845440;0
198.9;54845440;0
200.7;54845440;0
157.7;46809088;0
182.8;54919168;0
184.8;54919168;0
199.5;45809664;0
232.7;54718464;0
199.5;54722560;0
199.5;54722560;0
201.6;54722560;0
199.5;54738944;0
200.7;54738944;0
200.7;54743040;0
198.9;54743040;0
200.7;54743040;0
184.7;45711360;0
229.4;54779904;0
200.7;54779904;0
213.1;54833152;0
200.7;54833152;0
200.7;54833152;0
182.8;54833152;0
199.5;54833152;0
199.5;54837248;0
201.6;54837248;0
199.5;54837248;0
199.5;54837248;0
201.6;54841344;0
199.5;54841344;0
200.7;54841344;0
116.4;46804992;0
258.0;55390208;0
200.7;55390208;0
198.9;55394304;0
200.7;55394304;0
200.7;55394304;0
198.9;55394304;0
200.7;55427072;0
198.9;55435264;0
200.7;55435264;0
200.7;55435264;0
216.1;54411264;0
199.5;54808576;0
201.6;54808576;0
199.5;46850048;0
232.7;55115776;0
199.5;55115776;0
199.5;55115776;0
184.8;55119872;0
199.5;55197696;0
199.5;55197696;0
201.6;55197696;0
199.5;55197696;0
199.5;55193600;0
199.5;55193600;0
199.5;55193600;0
201.6;55193600;0
199.5;55193600;0
182.8;55336960;0
201.6;55336960;0
199.5;55336960;0
186.4;47300608;0
213.1;46174208;0
199.5;55390208;0
201.6;55390208;0
199.5;55390208;0
215.0;55554048;0
200.7;55554048;0
199.5;55554048;0
199.5;55554048;0
182.8;55554048;0
199.5;55554048;0
201.6;55554048;0
182.8;55554048;0
199.5;55554048;0
200.7;55554048;0
170.5;55607296;0
200.7;55607296;0
232.7;54898688;0
199.5;54898688;0
201.6;54960128;0
199.5;54960128;0
200.7;54960128;0
200.7;54960128;0
198.9;54960128;0
200.7;54960128;0
198.9;54960128;0
200.7;54960128;0
229.4;54808576;0
198.9;54808576;0
200.7;54812672;0
182.8;46833664;0
168.0;55046144;0
182.8;55046144;0
199.5;55046144;0
184.8;55046144;0
199.5;55046144;0
149.6;47013888;0
232.7;55066624;0
199.5;55066624;0
201.6;55066624;0
200.7;55066624;0
199.5;55066624;0
201.6;55066624;0
200.7;55066624;0
199.5;55066624;0
200.7;55169024;0
198.9;55169024;0
200.7;55169024;0
200.7;55169024;0
142.0;47132672;0
200.7;55267328;0
200.7;55267328;0
184.7;55267328;0
200.7;55267328;0
198.9;55267328;0
166.2;47230976;0
184.8;55271424;0
199.5;55271424;0
199.5;55271424;0
168.0;47239168;0
216.1;55365632;0
182.8;55365632;0
200.7;55365632;0
198.9;55365632;0
200.7;55365632;0
200.7;55365632;0
198.9;55365632;0
200.7;55365632;0
200.7;55365632;0
184.7;47329280;0
172.0;55463936;0
133.0;47431680;0
198.9;55472128;0
172.0;55472128;0
201.6;55472128;0
198.9;55472128;0
200.7;55472128;0
201.6;55472128;0
199.5;55472128;0
199.5;55472128;0
199.5;55472128;0
198.9;55472128;0
114.7;47439872;0
143.3;47464448;0
249.3;55513088;0
199.5;55513088;0
201.6;55513088;0
199.5;55513088;0
182.8;55513088;0
200.7;55513088;0
198.9;55513088;0
200.7;55513088;0
201.6;55513088;0
199.5;55492608;0
199.5;55492608;0
218.4;42106880;0
200.7;55566336;0
170.5;55685120;0
199.5;55685120;0
199.5;55685120;0
199.5;55697408;0
200.7;55697408;0
200.7;55697408;0
198.9;55697408;0
166.2;55697408;0
201.6;55697408;0
182.8;55697408;0
199.5;55697408;0
199.5;55697408;0
149.6;47665152;0
215.0;55824384;0
200.7;55824384;0
199.5;55824384;0
199.5;55824384;0
201.6;55824384;0
199.5;55824384;0
199.5;55824384;0
200.7;55824384;0
198.9;55824384;0
200.7;55820288;0
