0.0;10481664;0
0.0;10481664;0
0.0;10481664;0
0.0;10481664;0
33.2;18632704;0
99.7;18665472;0
127.8;32092160;0
201.6;27144192;0
232.7;43298816;0
215.0;35250176;0
229.4;41443328;0
199.5;51466240;0
199.5;51486720;0
200.7;51515392;0
199.5;51580928;0
182.8;51634176;0
117.6;32362496;0
116.4;43749376;0
99.7;43749376;0
99.4;43749376;0
100.8;43761664;0
99.7;43778048;0
99.7;43794432;0
100.3;43823104;0
99.4;43855872;0
99.7;43855872;0
249.3;52166656;0
200.7;52166656;0
199.5;52166656;0
201.6;52166656;0
199.5;52269056;0
200.7;52273152;0
198.9;52289536;0
201.6;52383744;0
166.2;44355584;0
215.0;52445184;0
199.5;52445184;0
199.5;52445184;0
149.6;44429312;0
229.4;52568064;0
200.7;52568064;0
199.5;52568064;0
201.6;52584448;0
198.9;52613120;0
200.7;52666368;0
198.9;52736000;0
201.6;52736000;0
199.5;52781056;0
199.5;52850688;0
201.6;52850688;0
198.9;52850688;0
166.2;52924416;0
199.5;52924416;0
134.4;44888064;0
184.7;53055488;0
200.7;53084160;0
200.7;53084160;0
199.5;53084160;0
200.7;53084160;0
199.5;53084160;0
201.6;53084160;0
133.0;38195200;0
216.1;53149696;0
200.7;53153792;0
198.9;53166080;0
199.5;53166080;0
199.5;53256192;0
200.7;53256192;0
198.9;53321728;0
184.8;43470848;0
199.5;53460992;0
199.5;53518336;0
199.5;53518336;0
157.7;45486080;0
200.7;53428224;0
199.5;53452800;0
201.6;53456896;0
199.5;53592064;0
200.7;53657600;0
198.9;53657600;0
201.6;53657600;0
182.8;45752320;151
266.0;53698560;359
201.6;53768192;0
198.9;53899264;0
143.3;40714240;0
216.1;54603776;0
201.6;54603776;0
199.5;54665216;0
199.5;54665216;0
200.7;54665216;0
198.9;54665216;0
199.5;54665216;0
199.5;54665216;0
184.8;54665216;0
199.5;54665216;0
200.7;54710272;0
243.7;53886976;0
199.5;53891072;0
199.5;53948416;0
199.5;53952512;0
100.8;45359104;0
216.1;53911552;0
200.7;53911552;0
200.7;53911552;0
170.5;45879296;0
216.1;47902720;0
199.5;54525952;0
201.6;54525952;0
199.5;54525952;0
200.7;54525952;0
200.7;54525952;0
199.5;54583296;0
199.5;54587392;0
199.5;54587392;0
201.6;54587392;0
170.5;46551040;0
200.7;55209984;0
200.7;55209984;0
199.5;55209984;0
199.5;55209984;0
216.1;42991616;0
201.6;55021568;0
199.5;55021568;0
199.5;55021568;0
184.8;46985216;0
166.2;55021568;0
199.5;55025664;0
198.9;55025664;0
200.7;55025664;0
200.7;55029760;0
198.9;55029760;0
200.7;55029760;0
200.7;55029760;0
199.5;55029760;0
166.2;41635840;0
199.5;55070720;0
184.8;55070720;0
199.5;55074816;0
199.5;55074816;0
201.6;55074816;0
199.5;47038464;0
186.4;55107584;0
198.9;55107584;0
200.7;55107584;0
200.7;55107584;0
199.5;55107584;0
200.7;55107584;0
200.7;55107584;0
156.2;39682048;0
200.7;46018560;0
156.2;42946560;0
200.7;54804480;0
200.7;54804480;0
198.9;54804480;0
200.7;54808576;0
200.7;54808576;0
198.9;54808576;0
200.7;54808576;0
227.3;54882304;0
200.7;54882304;0
200.7;54882304;0
198.9;54886400;0
200.7;54886400;0
200.7;54886400;0
184.7;46411776;0
199.5;54886400;0
198.9;54886400;0
186.4;54894592;0
199.5;54894592;0
199.5;54894592;0
199.5;54894592;0
182.8;54915072;0
168.0;54915072;0
116.4;46878720;0
199.5;54960128;0
200.7;54960128;0
198.9;54960128;0
200.7;54960128;0
156.2;45678592;0
229.4;54706176;0
200.7;54706176;0
198.9;54706176;0
200.7;54706176;0
199.5;54706176;0
199.5;54706176;0
199.5;54771712;0
199.5;54771712;0
201.6;54771712;0
199.5;54771712;0
232.7;54784000;0
201.6;54816768;0
200.7;54816768;0
199.5;54816768;0
129.0;41058304;0
213.1;54947840;0
200.7;54947840;0
200.7;54947840;0
198.9;54996992;0
200.7;54996992;0
200.7;54996992;0
198.9;54996992;0
200.7;54996992;0
198.9;55001088;0
200.7;55001088;0
200.7;55062528;0
198.9;55062528;0
200.7;55062528;0
157.7;47030272;0
99.4;47030272;0
100.3;47030272;0
241.5;55189504;0
200.7;55189504;0
200.7;55185408;0
199.5;55185408;0
199.5;55185408;0
201.6;55185408;0
199.5;55185408;0
199.5;55185408;0
186.4;47144960;0
156.2;48062464;0
199.5;55709696;0
201.6;55709696;0
199.5;55709696;0
199.5;55709696;0
129.0;46002176;0
229.4;54927360;0
198.9;54927360;0
200.7;54927360;0
198.9;54927360;0
200.7;54927360;0
201.6;54927360;0
199.5;54992896;0
199.5;54992896;0
151.2;46960640;0
199.5;54288384;0
199.5;54296576;0
199.5;46264320;0
213.1;55005184;0
200.7;55005184;0
200.7;55005184;0
182.8;55005184;0
199.5;55005184;0
201.6;55005184;0
199.5;55005184;0
199.5;55013376;0
199.5;55013376;0
184.7;46977024;0
229.4;54206464;0
200.7;54218752;0
199.5;54218752;0
199.5;54276096;0
151.2;43724800;0
200.7;55140352;0
198.9;55140352;0
199.5;55140352;0
198.9;55140352;0
199.5;55140352;0
201.6;55140352;0
199.5;55148544;0
166.2;39108608;0
229.4;55738368;0
200.7;55738368;0
198.9;55738368;0
166.2;55738368;0
199.5;55738368;0
199.5;54157312;0
200.7;54218752;0
200.7;54280192;0
198.9;54972416;0
200.7;54972416;0
201.6;54972416;0
199.5;54931456;0
199.5;54964224;0
200.7;54964224;0
198.9;54964224;0
200.7;54964224;0
201.6;54964224;0
116.4;46927872;0
216.1;55066624;0
200.7;55066624;0
200.7;55066624;0
182.8;55066624;0
199.5;45998080;0
199.5;54018048;0
199.5;54022144;0
200.7;54022144;0
200.7;54022144;0
198.9;54022144;0
199.5;54083584;0
168.0;38686720;0
229.4;41971712;0
199.5;54943744;0
198.9;54943744;0
200.7;54943744;0
199.5;54943744;0
199.5;54943744;0
201.6;54943744;0
199.5;54943744;0
198.9;54943744;0
