0.0;10506240;0
0.0;10506240;0
0.0;10506240;0
0.0;10506240;0
0.0;10506240;0
14.3;14155776;0
99.7;18685952;0
99.7;21532672;0
184.7;27242496;0
215.0;29216768;0
216.1;35254272;0
199.5;36843520;0
229.4;51417088;0
198.9;51453952;0
199.5;51462144;0
166.2;43483136;0
252.0;51609600;0
198.9;41590784;0
252.0;51781632;0
199.5;51781632;0
199.5;51781632;0
198.9;51793920;0
200.7;51806208;0
199.5;51867648;0
199.5;51933184;0
200.7;50515968;0
199.5;52080640;0
199.5;52080640;0
199.5;52088832;0
200.7;52097024;0
198.9;52109312;0
201.6;52150272;0
199.5;52174848;0
172.0;44187648;0
213.1;52260864;0
201.6;52391936;0
182.8;52363264;0
200.7;52441088;0
200.7;52408320;0
199.5;44404736;0
232.7;52654080;0
200.7;52654080;0
200.7;52711424;0
199.5;52711424;0
201.6;52711424;0
198.9;52719616;0
199.5;43413504;0
199.5;52781056;0
201.6;52846592;0
199.5;52850688;0
200.7;52850688;0
172.0;44818432;0
182.8;53026816;0
166.2;53026816;0
199.5;53075968;0
134.4;45039616;0
184.7;53231616;0
200.7;53231616;0
199.5;53231616;0
199.5;53231616;0
199.5;53231616;0
200.7;53239808;0
199.5;53374976;0
199.5;53374976;0
201.6;53374976;0
184.7;53374976;0
229.4;43941888;0
198.9;49831936;0
200.7;53633024;0
199.5;53641216;0
199.5;53702656;0
200.7;53702656;0
199.5;53702656;0
199.5;53702656;0
199.5;53841920;0
199.5;53907456;0
186.4;45903872;510
213.1;53776384;0
201.6;53780480;0
99.7;45723648;0
232.7;53698560;0
198.9;53710848;0
201.6;53710848;0
199.5;53755904;0
199.5;53817344;0
200.7;53817344;0
198.9;53817344;0
200.7;53817344;0
199.5;53817344;0
201.6;53907456;0
199.5;53907456;0
200.7;53907456;0
215.0;53997568;0
182.8;54026240;0
199.5;54030336;0
199.5;45715456;0
201.6;53846016;0
198.9;53846016;0
200.7;53846016;0
199.5;53846016;0
199.5;53911552;0
199.5;53911552;0
186.4;53915648;0
200.7;53915648;0
199.5;53940224;0
201.6;53940224;0
199.5;53940224;0
166.2;45907968;0
156.2;53940224;0
243.7;53878784;0
200.7;53882880;0
198.9;53882880;0
200.7;53882880;0
199.5;53927936;0
199.5;53927936;0
199.5;53936128;0
199.5;53936128;0
129.0;49283072;0
216.1;54067200;0
199.5;45658112;0
100.8;45723648;0
99.4;45723648;0
100.3;45789184;0
99.4;45789184;0
100.8;45850624;0
99.7;45850624;0
199.5;41308160;0
201.6;54067200;0
199.5;54067200;0
199.5;54067200;0
182.8;54067200;0
200.7;54067200;0
200.7;54198272;0
198.9;54337536;0
200.7;54337536;0
215.0;54317056;0
198.9;54321152;0
200.7;54321152;0
198.9;54337536;0
201.6;54337536;0
49.9;31543296;0
255.7;54431744;0
200.7;54452224;0
200.7;54452224;0
198.9;54452224;0
200.7;54452224;0
198.9;54456320;0
200.7;54456320;0
182.8;54456320;0
198.9;54456320;0
200.7;54456320;0
200.7;54587392;0
198.9;54587392;0
200.7;54722560;0
198.9;54722560;0
198.9;54722560;0
16.8;35160064;0
243.7;54362112;0
198.9;54362112;0
200.7;54362112;0
200.7;54419456;0
198.9;54419456;0
143.3;43016192;0
199.5;54312960;0
198.9;54312960;0
200.7;54312960;0
172.0;54362112;0
166.2;46325760;0
232.7;54345728;0
201.6;54345728;0
172.0;46501888;0
232.7;54345728;0
199.5;54407168;0
200.7;54407168;0
198.9;54407168;0
172.0;54407168;0
157.7;46374912;0
198.9;54341632;0
200.7;54341632;0
199.5;54341632;0
198.9;54341632;0
200.7;54341632;0
199.5;54345728;0
201.6;54345728;0
199.5;54349824;0
182.8;42409984;0
186.4;54398976;0
200.7;54398976;0
198.9;54398976;0
200.7;54398976;0
198.9;54398976;0
200.7;54398976;0
200.7;54403072;0
199.5;54403072;0
168.0;46366720;0
215.0;54358016;0
198.9;54358016;0
200.7;54358016;0
198.9;54358016;0
157.7;38346752;0
129.0;38617088;0
232.7;54267904;0
166.2;54267904;0
184.8;54267904;0
199.5;54267904;0
266.0;50040832;0
199.5;54431744;0
182.8;54431744;0
157.7;46047232;0
213.1;54353920;0
200.7;54353920;0
157.7;46317568;0
198.9;54259712;0
200.7;54312960;0
198.9;54312960;0
200.7;54312960;0
200.7;54312960;0
198.9;54312960;0
182.8;46411776;0
186.4;42717184;0
200.7;54587392;0
198.9;54587392;0
200.7;54587392;0
198.9;54587392;0
200.7;54587392;0
200.7;54587392;0
198.9;54587392;0
157.7;46157824;0
243.7;54353920;0
198.9;54353920;0
166.2;54398976;0
166.2;53014528;0
199.5;54476800;0
201.6;54534144;0
200.7;54534144;0
198.9;54550528;0
200.7;54550528;0
200.7;54603776;0
198.9;54603776;0
182.8;54603776;0
182.8;40882176;0
199.5;43130880;0
201.6;54304768;0
200.7;54304768;0
198.9;54304768;0
200.7;54304768;0
157.7;46272512;0
184.7;54362112;0
200.7;54362112;0
199.5;54362112;0
199.5;54362112;0
201.6;54362112;0
133.0;40808448;0
213.1;38952960;0
199.5;54075392;0
199.5;54075392;0
199.5;53809152;0
186.4;54132736;0
200.7;54132736;0
170.5;46100480;0
200.7;54108160;0
201.6;54108160;0
199.5;54108160;0
182.8;38621184;0
215.0;46043136;0
142.0;41410560;0
200.7;54153216;0
200.7;54153216;0
198.9;54157312;0
186.4;54157312;0
157.7;45744128;0
216.1;53768192;0
199.5;53739520;0
199.5;53739520;0
166.2;53874688;0
201.6;45846528;0
133.0;42553344;0
213.1;53903360;0
200.7;53911552;0
200.7;54005760;0
199.5;54005760;0
199.5;54005760;0
199.5;54005760;0
199.5;54005760;0
143.3;46297088;0
268.8;54136832;0
199.5;54145024;0
199.5;54145024;0
201.6;54145024;0
199.5;54145024;0
199.5;54185984;0
199.5;54185984;0
198.9;54185984;0
200.7;54214656;0
200.7;54214656;0
199.5;54231040;0
199.5;54231040;0
201.6;54231040;0
199.5;54362112;0
199.5;46325760;0
