0.0;10518528;0
0.0;10518528;0
0.0;10518528;0
0.0;10518528;0
0.0;10518528;0
57.3;18677760;0
99.7;18694144;0
166.2;27062272;0
200.7;27156480;0
232.7;35233792;0
199.5;35278848;0
229.4;51367936;0
198.9;51367936;0
199.5;51433472;0
200.7;51445760;0
200.7;51458048;0
199.5;51539968;0
201.6;35979264;0
184.7;41795584;0
215.0;51793920;0
199.5;51802112;0
201.6;51806208;0
184.7;51847168;0
200.7;51793920;0
199.5;51871744;0
199.5;51953664;0
198.9;51949568;0
200.7;51949568;0
166.2;43974656;0
216.1;52072448;0
200.7;52072448;0
198.9;52133888;0
116.4;44101632;0
249.3;52273152;0
200.7;52346880;0
198.9;52367360;0
201.6;52371456;0
199.5;52387840;0
200.7;52408320;0
184.7;40484864;0
218.4;52482048;0
182.8;52482048;0
199.5;52482048;0
200.7;52527104;0
198.9;52535296;0
199.5;52535296;0
199.5;52711424;0
200.7;52711424;0
142.0;44679168;0
201.6;52801536;0
182.8;52789248;0
186.4;52793344;0
198.9;52953088;0
201.6;52981760;0
199.5;53002240;0
200.7;53002240;0
200.7;53002240;0
199.5;53018624;0
199.5;53063680;0
166.2;38461440;0
200.7;53182464;0
198.9;53182464;0
201.6;53194752;0
199.5;53194752;0
199.5;53194752;0
170.5;45170688;0
172.0;53231616;0
199.5;53415936;0
199.5;53415936;0
201.6;53420032;0
184.7;53477376;0
200.7;53477376;0
199.5;53477376;0
201.6;53477376;0
198.9;53547008;0
143.3;45510656;0
216.1;53805056;0
315.8;53829632;510
199.5;53829632;0
182.8;53829632;0
114.7;37789696;0
227.3;53727232;0
201.6;53727232;0
199.5;53788672;0
199.5;53792768;0
166.2;53796864;0
199.5;53927936;0
200.7;53927936;0
170.5;53927936;0
172.0;45891584;0
172.0;53768192;0
199.5;53768192;0
199.5;53768192;0
182.8;53772288;0
186.4;45772800;0
213.1;53919744;0
201.6;53919744;0
199.5;53923840;0
182.8;53923840;0
199.5;53923840;0
143.3;38707200;0
229.4;53866496;0
198.9;53927936;0
201.6;53927936;0
199.5;53927936;0
199.5;53927936;0
198.9;53932032;0
200.7;53932032;0
199.5;53993472;0
199.5;53944320;0
200.7;53944320;0
156.2;45608960;0
200.7;53837824;0
199.5;53874688;0
201.6;53899264;0
199.5;53899264;0
199.5;53911552;0
201.6;53927936;0
199.5;54034432;0
199.5;47345664;0
71.0;32817152;0
243.7;54206464;0
200.7;54263808;0
198.9;54263808;0
201.6;54263808;0
199.5;54263808;0
199.5;54263808;0
199.5;54263808;0
199.5;54263808;0
201.6;54263808;0
213.1;54067200;0
200.7;54067200;0
199.5;54067200;0
199.5;54067200;0
199.5;54124544;0
182.8;46088192;0
201.6;54075392;0
199.5;54075392;0
199.5;54075392;0
200.7;54075392;0
184.7;39100416;0
199.5;54194176;0
199.5;54198272;0
200.7;54198272;0
186.4;46161920;0
184.7;53919744;0
200.7;53923840;0
199.5;53923840;0
199.5;53923840;0
199.5;53923840;0
199.5;53923840;0
201.6;53923840;0
199.5;53923840;0
166.2;53923840;0
184.8;53923840;0
116.4;32354304;0
232.7;53960704;0
199.5;53964800;0
199.5;54095872;0
201.6;54095872;0
199.5;54095872;0
199.5;54231040;0
218.4;51552256;0
199.5;54259712;0
199.5;54259712;0
199.5;54259712;0
199.5;54259712;0
184.8;54259712;0
199.5;54259712;0
199.5;54259712;0
168.0;45899776;0
216.1;45944832;0
199.5;53989376;0
166.2;53989376;0
199.5;53989376;0
200.7;53997568;0
198.9;53997568;0
200.7;53997568;0
186.4;53997568;0
199.5;53997568;0
199.5;53997568;0
149.6;46018560;0
199.5;54169600;0
201.6;54169600;0
199.5;54169600;0
199.5;54169600;0
143.3;40701952;0
227.3;54128640;0
199.5;54132736;0
199.5;54149120;0
199.5;54190080;0
258.0;54312960;0
184.7;54312960;0
199.5;54362112;0
200.7;54374400;0
182.8;54374400;0
199.5;54374400;0
199.5;54374400;0
199.5;54390784;0
151.2;42479616;0
199.5;54353920;0
166.2;54165504;0
201.6;54165504;0
182.8;54165504;0
199.5;54181888;0
199.5;54231040;0
199.5;54231040;0
151.2;45768704;0
232.7;53977088;0
199.5;53977088;0
200.7;54038528;0
200.7;54038528;0
198.9;54038528;0
200.7;54038528;0
198.9;54038528;0
201.6;53882880;0
200.7;53882880;0
184.7;53940224;0
200.7;53940224;0
200.7;53940224;0
199.5;53997568;0
200.7;54001664;0
184.7;45969408;0
100.8;40775680;0
200.7;42315776;0
213.1;54226944;0
200.7;54226944;0
200.7;54226944;0
199.5;54226944;0
199.5;54226944;0
199.5;54284288;0
199.5;54284288;0
168.0;46313472;0
249.3;54370304;0
199.5;54427648;0
201.6;54427648;0
199.5;45088768;0
198.9;54464512;0
200.7;54468608;0
184.7;54472704;0
200.7;54472704;0
200.7;54513664;0
166.2;46489600;0
232.7;54423552;0
184.8;54435840;0
199.5;54435840;0
149.6;54435840;0
200.7;54435840;0
198.9;54435840;0
200.7;54435840;0
200.7;54493184;0
198.9;54493184;0
186.4;46030848;0
235.2;54267904;0
199.5;54284288;0
199.5;54284288;0
199.5;54288384;0
198.9;54288384;0
229.4;44498944;0
201.6;54161408;0
199.5;54161408;0
199.5;54161408;0
201.6;54161408;0
186.4;54161408;0
198.9;54161408;0
99.7;53850112;0
216.1;53956608;0
199.5;53956608;0
201.6;53956608;0
199.5;53956608;0
198.9;53956608;0
200.7;54091776;0
200.7;54091776;0
142.0;46063616;0
249.3;46100480;0
232.7;54067200;0
199.5;54067200;0
201.6;54067200;0
199.5;54067200;0
199.5;54067200;0
200.7;54067200;0
186.4;54067200;0
198.9;54067200;0
186.4;46059520;0
216.1;54091776;0
166.2;46055424;0
235.2;54042624;0
199.5;54042624;0
199.5;54042624;0
200.7;54042624;0
186.4;54042624;0
199.5;54042624;0
199.5;54042624;0
199.5;54042624;0
156.2;46071808;0
229.4;54067200;0
157.7;45613056;0
216.1;54140928;0
199.5;54140928;0
201.6;54140928;0
