7.2;57.5;26.3;1.9;0.0;870.0
8.3;103.2;126.0;11.2;0.0;870.0
6.9;141.9;138.7;7.4;0.0;870.0
6.0;177.1;141.6;7.3;1.0;870.0
7.2;208.5;93.6;6.7;0.0;870.0
8.3;242.3;103.3;10.7;0.0;870.0
8.4;295.6;3.7;18.5;0.0;870.0
8.3;344.4;3.6;18.0;0.0;870.0
8.3;388.2;3.2;16.0;0.0;870.0
8.4;439.8;1.8;7.8;0.0;870.0
8.3;487.1;0.0;0.0;0.0;870.0
8.4;497.5;171.3;0.3;0.0;870.0
8.4;497.5;401.4;0.7;0.0;870.0
8.3;497.5;418.5;0.7;0.0;870.0
8.3;497.5;416.4;0.7;0.0;870.0
8.3;497.5;425.1;0.7;0.0;870.0
8.3;497.5;402.3;0.7;0.0;870.0
8.4;497.5;409.8;0.7;0.0;870.0
8.4;497.5;428.1;0.7;0.0;870.0
8.4;497.5;403.5;0.7;0.0;870.0
8.3;497.5;414.3;0.7;0.0;870.0
8.4;497.5;424.2;0.7;0.0;870.0
8.4;497.5;417.6;0.7;0.0;870.0
8.3;497.5;415.5;0.7;0.0;870.0
8.3;497.5;438.9;0.7;0.0;870.0
8.4;497.5;412.8;0.7;0.0;870.0
8.4;497.5;408.9;0.7;0.0;870.0
8.3;497.5;420.9;0.7;0.0;870.0
8.3;497.5;413.4;0.7;0.0;870.0
8.4;497.5;443.4;0.7;0.0;870.0
8.3;497.5;382.8;0.6;0.0;870.0
8.4;497.5;414.9;0.7;0.0;870.0
8.3;497.5;417.3;0.7;0.0;870.0
8.3;497.5;409.5;0.7;0.0;870.0
8.3;497.5;426.6;0.7;0.0;870.0
8.4;497.5;414.3;0.7;0.0;870.0
8.3;497.5;412.5;0.7;0.0;870.0
8.3;497.5;397.2;0.7;0.0;870.0
8.3;497.5;429.9;0.7;0.0;870.0
8.3;497.5;420.9;0.7;0.0;870.0
8.4;497.5;399.0;0.7;0.0;870.0
8.4;497.5;409.8;0.7;0.0;870.0
8.3;497.5;412.8;0.7;0.0;870.0
8.3;497.5;431.4;0.7;0.0;870.0
8.3;497.5;395.7;0.7;0.0;870.0
8.4;497.5;412.5;0.7;0.0;870.0
8.3;497.5;412.2;0.7;0.0;870.0
8.4;497.5;448.5;0.8;0.0;870.0
8.4;497.5;390.0;0.7;0.0;870.0
8.3;497.5;415.1;0.7;0.0;870.0
8.3;497.5;413.8;0.7;0.0;870.0
8.3;497.5;427.5;0.7;0.0;870.0
8.3;497.5;399.9;0.7;0.0;870.0
8.4;497.5;417.0;0.7;0.0;870.0
8.3;497.5;425.7;0.7;0.0;870.0
8.3;497.5;420.3;0.7;0.0;870.0
8.4;497.5;399.0;0.7;0.0;870.0
8.4;497.5;423.3;0.7;0.0;870.0
8.4;497.5;397.5;0.7;0.0;870.0
8.4;497.5;426.6;0.7;0.0;870.0
8.4;497.5;396.0;0.7;0.0;870.0
8.4;497.5;429.9;0.7;0.0;870.0
8.4;497.5;398.1;0.7;0.0;870.0
8.3;497.5;429.9;0.7;0.0;870.0
8.4;497.5;407.1;0.7;0.0;870.0
8.3;497.5;397.8;0.7;0.0;870.0
8.3;497.5;405.9;0.7;0.0;870.0
8.4;497.5;412.5;0.7;0.0;870.0
8.3;497.5;407.4;0.7;0.0;870.0
8.3;497.5;431.4;0.7;0.0;870.0
8.4;497.5;392.1;0.7;0.0;870.0
8.4;497.5;427.8;0.7;0.0;870.0
8.3;497.5;420.0;0.7;0.0;870.0
8.3;497.5;399.6;0.7;0.0;870.0
8.4;497.5;411.6;0.7;0.0;870.0
8.4;497.5;409.8;0.7;0.0;870.0
8.4;497.5;416.1;0.7;0.0;870.0
8.3;497.6;432.9;0.7;0.0;870.0
8.3;497.6;398.7;0.7;0.0;870.0
8.4;497.6;432.6;0.7;0.0;870.0
8.3;497.6;392.7;0.7;0.0;870.0
8.4;497.6;428.7;0.7;0.0;870.0
8.3;497.6;403.5;0.7;0.0;870.0
8.4;497.6;428.1;0.7;0.0;870.0
8.4;497.6;398.1;0.7;0.0;870.0
8.3;497.6;415.2;0.7;0.0;870.0
8.3;497.6;411.0;0.7;0.0;870.0
8.3;497.6;426.9;0.7;0.0;870.0
8.4;497.6;405.6;0.7;0.0;870.0
8.3;497.6;407.1;0.7;0.0;870.0
8.3;497.6;420.6;0.7;0.0;870.0
8.4;497.6;386.4;0.6;0.0;870.0
8.4;497.6;414.3;0.7;0.0;870.0
8.4;497.6;413.7;0.7;0.0;870.0
8.3;497.6;424.2;0.7;0.0;870.0
8.4;497.6;412.2;0.7;0.0;870.0
8.4;497.6;396.3;0.7;0.0;870.0
8.3;497.6;410.4;0.7;0.0;870.0
8.4;497.6;417.3;0.7;0.0;870.0
8.3;497.6;410.4;0.7;0.0;870.0
8.3;497.6;409.8;0.7;0.0;870.0
8.4;497.6;417.9;0.7;0.0;870.0
8.4;497.6;431.1;0.7;0.0;870.0
8.4;497.6;403.2;0.7;0.0;870.0
8.3;497.6;417.3;0.7;0.0;870.0
8.3;497.6;413.7;0.7;0.0;870.0
8.3;497.6;411.0;0.7;0.0;870.0
8.3;497.6;394.8;0.7;0.0;870.0
8.3;497.6;429.3;0.7;0.0;870.0
8.3;497.6;416.7;0.7;0.0;870.0
8.4;497.6;397.8;0.7;0.0;870.0
8.3;497.6;430.2;0.7;0.0;870.0
8.4;497.6;407.4;0.7;0.0;870.0
8.4;497.6;397.5;0.7;0.0;870.0
8.4;497.6;430.8;0.7;0.0;870.0
8.3;497.6;413.7;0.7;0.0;870.0
8.3;497.6;402.9;0.7;0.0;870.0
8.3;497.6;413.4;0.7;0.0;870.0
8.3;497.6;410.1;0.7;0.0;870.0
8.4;497.6;429.3;0.7;0.0;870.0
8.4;497.6;392.7;0.7;0.0;870.0
8.3;497.6;428.4;0.7;0.0;870.0
8.3;497.6;392.7;0.7;0.0;870.0
8.3;497.6;410.1;0.7;0.0;870.0
8.4;497.6;422.1;0.7;0.0;870.0
8.4;497.6;403.3;0.7;0.0;870.0
8.3;497.6;411.0;0.7;0.0;870.0
8.4;497.6;429.2;0.7;0.0;870.0
8.4;497.6;387.6;0.7;0.0;870.0
8.4;497.6;426.0;0.7;0.0;870.0
8.4;497.6;399.6;0.7;0.0;870.0
8.4;497.6;440.7;0.7;0.0;870.0
8.4;497.6;386.1;0.6;0.0;870.0
8.3;497.6;417.3;0.7;0.0;870.0
8.4;497.6;427.5;0.7;0.0;870.0
8.3;497.6;400.2;0.7;0.0;870.0
8.3;497.6;414.3;0.7;0.0;870.0
8.4;497.6;411.9;0.7;0.0;870.0
8.4;497.5;428.4;0.7;0.0;870.0
8.3;497.5;393.9;0.7;0.0;870.0
8.3;497.5;403.8;0.7;0.0;870.0
8.3;497.5;409.2;0.7;0.0;870.0
8.4;497.5;407.7;0.7;0.0;870.0
8.3;497.5;415.2;0.7;0.0;870.0
8.4;497.5;413.7;0.7;0.0;870.0
8.3;497.5;421.8;0.7;0.0;870.0
8.4;497.5;419.4;0.7;0.0;870.0
8.3;497.5;426.9;0.7;0.0;870.0
8.4;497.5;408.0;0.7;0.0;870.0
8.3;497.5;416.1;0.7;0.0;870.0
