7.2;69.5;24.8;3.3;0.0;870.0
6.9;117.4;148.2;10.7;0.0;870.0
6.9;156.8;127.2;9.0;0.0;870.0
9.5;186.7;150.1;6.3;0.0;870.0
7.1;212.2;85.0;5.0;0.0;870.0
8.4;250.5;76.3;12.4;0.0;870.0
8.4;299.0;3.3;16.5;0.0;870.0
8.4;348.0;3.6;18.0;0.0;870.0
8.4;404.3;4.2;21.0;0.0;870.0
8.4;442.7;0.6;1.8;0.0;870.0
8.4;489.8;0.0;0.0;0.0;870.0
8.3;498.1;295.8;0.5;0.0;870.0
8.4;498.1;422.4;0.7;0.0;870.0
8.3;498.1;428.4;0.7;0.0;870.0
8.4;498.1;427.5;0.7;0.0;870.0
8.3;498.1;412.5;0.7;0.0;870.0
8.3;498.1;421.8;0.7;0.0;870.0
8.4;498.1;439.8;0.7;0.0;870.0
8.3;498.1;426.0;0.7;0.0;870.0
8.3;498.1;411.3;0.7;0.0;870.0
8.4;498.1;432.0;0.7;0.0;870.0
8.4;498.1;427.2;0.7;0.0;870.0
8.4;498.1;430.2;0.7;0.0;870.0
8.3;498.1;449.9;0.8;0.0;870.0
8.3;498.1;410.8;0.7;0.0;870.0
8.4;498.1;427.2;0.7;0.0;870.0
8.3;498.1;431.4;0.7;0.0;870.0
8.4;498.1;437.2;0.7;0.0;870.0
8.3;498.1;431.9;0.7;0.0;870.0
8.3;498.1;408.6;0.7;0.0;870.0
8.3;498.1;420.9;0.7;0.0;870.0
8.3;498.1;432.3;0.7;0.0;870.0
8.4;498.1;418.5;0.7;0.0;870.0
8.3;498.1;438.3;0.7;0.0;870.0
8.3;498.1;421.5;0.7;0.0;870.0
8.3;498.1;421.8;0.7;0.0;870.0
8.3;498.1;414.9;0.7;0.0;870.0
8.3;498.1;442.2;0.7;0.0;870.0
8.3;498.1;430.5;0.7;0.0;870.0
8.3;498.1;432.3;0.7;0.0;870.0
8.4;498.1;389.7;0.7;0.0;870.0
8.4;498.1;441.6;0.7;0.0;870.0
8.4;498.1;409.2;0.7;0.0;870.0
8.3;498.1;425.4;0.7;0.0;870.0
8.4;498.1;422.4;0.7;0.0;870.0
8.3;498.1;421.5;0.7;0.0;870.0
8.3;498.1;427.2;0.7;0.0;870.0
8.3;498.1;444.7;0.7;0.0;870.0
8.3;498.1;410.9;0.7;0.0;870.0
8.4;498.1;426.9;0.7;0.0;870.0
8.4;498.1;433.5;0.7;0.0;870.0
8.4;498.1;420.3;0.7;0.0;870.0
8.3;498.1;434.7;0.7;0.0;870.0
8.4;498.1;421.2;0.7;0.0;870.0
8.3;498.1;426.6;0.7;0.0;870.0
8.3;498.1;404.1;0.7;0.0;870.0
8.3;498.1;438.9;0.7;0.0;870.0
8.3;498.1;418.5;0.7;0.0;870.0
8.4;498.1;412.5;0.7;0.0;870.0
8.3;498.1;433.8;0.7;0.0;870.0
8.4;498.1;426.6;0.7;0.0;870.0
8.4;498.1;408.6;0.7;0.0;870.0
8.4;498.1;441.9;0.7;0.0;870.0
8.4;498.1;406.5;0.7;0.0;870.0
8.3;498.1;422.4;0.7;0.0;870.0
8.3;498.1;422.7;0.7;0.0;870.0
8.4;498.1;420.3;0.7;0.0;870.0
8.3;498.1;459.9;0.8;0.0;870.0
8.3;498.1;392.4;0.7;0.0;870.0
8.3;498.1;438.0;0.7;0.0;870.0
8.3;498.1;429.6;0.7;0.0;870.0
8.3;498.1;429.0;0.7;0.0;870.0
8.3;498.1;408.0;0.7;0.0;870.0
8.4;498.1;418.8;0.7;0.0;870.0
8.3;498.1;439.2;0.7;0.0;870.0
8.4;498.1;412.5;0.7;0.0;870.0
8.4;498.1;427.5;0.7;0.0;870.0
8.3;498.1;429.0;0.7;0.0;870.0
8.4;498.1;418.2;0.7;0.0;870.0
8.3;498.1;423.6;0.7;0.0;870.0
8.4;498.1;430.2;0.7;0.0;870.0
8.4;498.1;433.5;0.7;0.0;870.0
8.3;498.1;412.2;0.7;0.0;870.0
8.3;498.1;429.0;0.7;0.0;870.0
8.4;498.1;437.7;0.7;0.0;870.0
8.4;498.1;408.0;0.7;0.0;870.0
8.3;498.1;408.3;0.7;0.0;870.0
8.3;498.1;439.8;0.7;0.0;870.0
8.3;498.1;430.8;0.7;0.0;870.0
8.3;498.1;402.6;0.7;0.0;870.0
8.4;498.1;426.3;0.7;0.0;870.0
8.3;498.1;418.2;0.7;0.0;870.0
8.4;498.1;422.4;0.7;0.0;870.0
8.4;498.1;416.1;0.7;0.0;870.0
8.4;498.1;440.1;0.7;0.0;870.0
8.3;498.1;423.0;0.7;0.0;870.0
8.3;498.1;405.9;0.7;0.0;870.0
8.4;498.1;423.6;0.7;0.0;870.0
8.3;498.1;424.8;0.7;0.0;870.0
8.4;498.1;440.4;0.7;0.0;870.0
8.3;498.1;414.2;0.7;0.0;870.0
8.3;498.1;423.4;0.7;0.0;870.0
8.4;498.1;415.2;0.7;0.0;870.0
8.3;498.1;422.7;0.7;0.0;870.0
8.4;498.1;432.3;0.7;0.0;870.0
8.3;498.1;407.4;0.7;0.0;870.0
8.4;498.1;443.7;0.7;0.0;870.0
8.4;498.1;409.2;0.7;0.0;870.0
8.3;498.1;423.6;0.7;0.0;870.0
8.4;498.1;417.3;0.7;0.0;870.0
8.3;498.1;436.2;0.7;0.0;870.0
8.3;498.1;440.7;0.7;0.0;870.0
8.4;498.1;393.3;0.7;0.0;870.0
8.3;498.1;423.9;0.7;0.0;870.0
8.4;498.1;425.1;0.7;0.0;870.0
8.3;498.1;417.3;0.7;0.0;870.0
8.4;498.1;423.3;0.7;0.0;870.0
8.4;498.1;432.3;0.7;0.0;870.0
8.3;498.1;405.6;0.7;0.0;870.0
8.3;498.1;415.5;0.7;0.0;870.0
8.4;498.1;429.9;0.7;0.0;870.0
8.4;498.1;401.7;0.7;0.0;870.0
8.3;498.1;429.3;0.7;0.0;870.0
8.3;498.1;437.1;0.7;0.0;870.0
8.3;498.1;420.6;0.7;0.0;870.0
8.3;498.1;399.9;0.7;0.0;870.0
8.3;498.1;437.7;0.7;0.0;870.0
8.4;498.1;429.9;0.7;0.0;870.0
8.4;498.2;394.8;0.7;0.0;870.0
8.3;498.2;444.3;0.7;0.0;870.0
8.4;498.2;417.0;0.7;0.0;870.0
8.3;498.2;438.3;0.7;0.0;870.0
8.3;498.2;394.2;0.7;0.0;870.0
8.4;498.2;440.7;0.7;0.0;870.0
8.3;498.2;407.4;0.7;0.0;870.0
8.4;498.2;436.2;0.7;0.0;870.0
8.3;498.2;403.5;0.7;0.0;870.0
8.4;498.2;431.7;0.7;0.0;870.0
8.4;498.1;405.0;0.7;0.0;870.0
8.3;498.1;436.2;0.7;0.0;870.0
8.3;498.1;420.6;0.7;0.0;870.0
8.3;498.1;431.1;0.7;0.0;870.0
8.3;498.1;412.8;0.7;0.0;870.0
8.3;498.1;436.8;0.7;0.0;870.0
8.4;498.1;435.3;0.7;0.0;870.0
8.4;498.1;387.3;0.7;0.0;870.0
8.3;498.1;439.8;0.7;0.0;870.0
8.4;498.1;402.9;0.7;0.0;870.0
8.4;498.1;420.3;0.7;0.0;870.0
8.3;498.1;419.7;0.7;0.0;870.0
