8.4;0.4;0.0;0.0;475.0


8.4;128.6;7.6;0.0;475.0


7.1;94.0;7.5;0.0;475.0


3.6;83.0;8.2;1.0;475.0


0.0;0.3;0.0;1.0;475.0


4.2;24.2;1.0;0.0;475.0


8.4;2.3;0.2;5.0;614.0


8.4;0.0;0.0;5.0;744.0


8.4;0.0;0.0;7.0;884.0


8.3;0.0;0.0;6.0;1014.0


8.3;0.2;0.0;4.0;1152.0


8.3;70.2;67.7;3.0;1280.0


8.3;79.2;343.2;19.0;1876.0


22.7;5.6;10.3;61.0;1876.0


0.0;0.1;0.0;0.0;1876.0


0.0;0.3;0.0;0.0;1876.0


11.8;1207.4;52.8;0.0;1876.0


8.3;285.2;12.7;0.0;1876.0


8.4;0.0;0.0;0.0;1876.0


8.3;0.0;0.0;0.0;1876.0


8.4;0.0;0.0;1.0;1876.0


8.4;0.0;0.0;0.0;1876.0


8.4;0.0;0.0;0.0;1876.0


8.4;0.0;0.0;0.0;1876.0


8.3;0.0;0.0;0.0;1876.0


8.4;0.0;0.0;0.0;1876.0


8.3;0.0;0.0;0.0;1876.0


8.3;0.0;0.0;0.0;1876.0


8.3;0.0;0.0;0.0;1876.0


8.3;0.0;0.0;0.0;1876.0


8.4;0.0;0.0;0.0;1876.0


8.3;0.0;0.0;0.0;1876.0


8.3;0.0;0.0;0.0;1876.0


8.3;0.0;0.0;0.0;1876.0


8.3;0.0;0.0;1.0;1876.0


8.3;0.0;0.0;0.0;1876.0


8.3;0.0;0.0;0.0;1876.0


8.4;0.0;0.0;0.0;1876.0


0.0;0.1;0.0;0.0;1876.0


0.0;0.3;0.0;0.0;1876.0


9.6;1178.2;51.5;0.0;1876.0


8.3;313.9;14.0;0.0;1876.0


8.4;0.0;0.0;0.0;1876.0


8.4;0.0;0.0;0.0;1876.0


8.4;0.0;0.0;0.0;1876.0


8.3;0.0;0.0;0.0;1876.0


8.3;0.0;0.0;0.0;1876.0


8.3;0.0;0.0;0.0;1876.0


8.3;0.0;0.0;0.0;1876.0


8.4;0.0;0.0;0.0;1876.0


8.3;0.0;0.0;0.0;1876.0


8.4;0.0;0.0;0.0;1876.0


8.4;0.0;0.0;1.0;1876.0


8.3;0.0;0.0;0.0;1876.0


8.4;0.0;0.0;0.0;1876.0


8.3;0.0;0.0;0.0;1876.0


8.4;0.0;0.0;0.0;1876.0


8.4;0.0;0.0;0.0;1876.0


8.4;0.0;0.0;0.0;1876.0


8.4;0.0;0.0;1.0;1876.0


8.4;0.0;0.0;0.0;1876.0


8.4;1.0;0.3;0.0;1876.0


8.3;0.0;0.0;0.0;1876.0


8.4;0.0;0.0;0.0;1876.0


8.3;0.0;0.0;0.0;1876.0


8.4;0.0;0.0;1.0;1877.0


8.4;0.0;0.0;0.0;1877.0


8.3;0.0;0.0;0.0;1877.0


8.3;0.0;0.0;0.0;1877.0


8.3;0.0;0.0;0.0;1877.0


8.3;0.0;0.0;0.0;1877.0


8.3;0.0;0.0;0.0;1877.0


8.4;0.2;0.0;43.0;1891.0


50.2;0.0;0.0;43.0;2491.0


8.4;0.0;0.0;48.0;2491.0


8.3;0.0;0.0;47.0;2491.0


8.4;0.0;0.0;47.0;2491.0


8.3;0.0;0.0;47.0;2490.0


8.3;0.0;0.0;48.0;2490.0


8.4;0.0;0.0;48.0;2490.0


8.3;0.0;0.0;48.0;2490.0


8.4;0.0;0.0;48.0;2490.0


8.3;0.0;0.0;48.0;2490.0


8.3;0.0;0.0;48.0;2490.0


8.4;0.0;0.0;48.0;2490.0


2.4;3.6;0.2;14.0;2490.0


0.0;0.3;0.0;0.0;2490.0


3.6;175.4;7.5;0.0;2490.0


7.2;1315.6;57.8;1.0;2490.0


8.4;1.0;0.3;0.0;2490.0


8.3;0.0;0.0;0.0;2490.0


8.4;0.0;0.0;1.0;2490.0


8.3;0.0;0.0;0.0;2490.0


8.3;0.0;0.0;0.0;2490.0


8.3;0.0;0.0;0.0;2490.0


8.3;0.0;0.0;0.0;2490.0


8.4;0.0;0.0;0.0;2490.0


8.3;0.0;0.0;0.0;2490.0


8.3;0.0;0.0;0.0;2490.0


8.3;0.0;0.0;0.0;2490.0


8.3;0.0;0.0;0.0;2490.0


8.3;0.0;0.0;0.0;2490.0


8.3;0.0;0.0;0.0;2490.0


8.4;0.0;0.0;0.0;2490.0


8.3;0.0;0.0;0.0;2490.0


8.4;0.0;0.0;1.0;2490.0


8.4;0.0;0.0;0.0;2490.0


8.3;0.0;0.0;0.0;2490.0


8.4;0.0;0.0;0.0;2490.0


6.0;0.1;0.0;0.0;2490.0


0.0;0.3;0.0;0.0;2490.0


3.6;174.7;7.4;0.0;2490.0


6.9;1317.6;57.9;1.0;2490.0


8.3;1.0;0.3;0.0;2490.0


8.3;0.0;0.0;0.0;2490.0


8.4;0.0;0.0;0.0;2490.0


8.3;0.0;0.0;0.0;2490.0


8.4;0.0;0.0;0.0;2490.0


8.3;0.0;0.0;0.0;2490.0


8.3;0.0;0.0;0.0;2490.0


8.4;0.0;0.0;0.0;2490.0


8.3;0.0;0.0;0.0;2490.0


8.4;0.0;0.0;1.0;2490.0


8.4;0.0;0.0;1.0;2490.0


8.4;0.0;0.0;1.0;2490.0


8.4;0.0;0.0;1.0;2490.0


8.3;0.0;0.0;1.0;2490.0


8.4;0.0;0.0;1.0;2490.0


8.3;0.0;0.0;1.0;2490.0


8.4;0.0;0.0;1.0;2490.0


8.3;0.0;0.0;1.0;2490.0


8.3;0.0;0.0;3.0;2490.0


8.3;0.0;0.0;2.0;2490.0


8.3;1.0;0.3;3.0;2490.0


8.4;0.0;0.0;4.0;2490.0


8.3;0.0;0.0;4.0;2490.0


8.3;0.0;0.0;3.0;2490.0


8.3;0.0;0.0;2.0;2490.0


8.3;0.0;0.0;3.0;2490.0


8.4;0.0;0.0;3.0;2490.0


8.3;0.0;0.0;3.0;2490.0


8.4;0.0;0.0;3.0;2490.0


8.3;0.0;0.0;4.0;2490.0


8.3;0.0;0.0;4.0;2490.0


8.4;0.0;0.0;100.0;2496.0


8.4;0.0;0.0;43.0;3100.0


8.3;0.0;0.0;47.0;3100.0


8.3;0.0;0.0;47.0;3100.0


8.3;0.0;0.0;47.0;3100.0


8.3;0.0;0.0;47.0;3100.0


8.3;0.0;0.0;48.0;3100.0


8.4;0.0;0.0;48.0;3100.0


8.3;0.0;0.0;48.0;3100.0


8.4;0.0;0.0;48.0;3100.0


8.4;0.0;0.0;48.0;3100.0


8.3;0.0;0.0;48.0;3100.0


8.4;0.0;0.0;48.0;3100.0


8.3;0.0;0.0;48.0;3100.0


0.0;3.7;0.3;0.0;3100.0


0.0;0.3;0.0;0.0;3100.0


9.6;841.1;36.7;0.0;3100.0


8.4;651.0;28.8;0.0;3100.0


8.3;0.0;0.0;0.0;3100.0


8.4;0.0;0.0;0.0;3100.0


8.3;0.0;0.0;0.0;3100.0


8.4;0.0;0.0;0.0;3100.0


8.3;0.0;0.0;0.0;3100.0


8.3;0.0;0.0;1.0;3100.0


8.4;0.0;0.0;0.0;3100.0


8.3;0.0;0.0;0.0;3100.0


8.3;0.0;0.0;0.0;3100.0


8.3;0.0;0.0;0.0;3100.0


8.3;0.0;0.0;0.0;3100.0


8.3;0.0;0.0;0.0;3100.0


8.3;0.0;0.0;1.0;3100.0


8.4;0.0;0.0;0.0;3100.0


8.4;0.0;0.0;0.0;3100.0


8.3;0.0;0.0;0.0;3100.0


8.4;0.0;0.0;0.0;3100.0


8.3;0.0;0.0;0.0;3100.0


8.4;0.0;0.0;0.0;3100.0


8.3;0.0;0.0;0.0;3100.0


0.0;0.1;0.0;0.0;3100.0


0.0;0.3;0.0;0.0;3100.0


8.3;851.0;37.1;0.0;3100.0


8.3;642.0;28.4;0.0;3100.0


8.3;0.0;0.0;0.0;3100.0


8.3;0.0;0.0;0.0;3100.0


8.3;0.0;0.0;1.0;3100.0


8.4;0.0;0.0;0.0;3100.0


8.3;0.0;0.0;1.0;3100.0


8.3;0.0;0.0;0.0;3100.0


8.4;0.0;0.0;0.0;3100.0


8.3;0.0;0.0;0.0;3100.0


8.4;0.0;0.0;0.0;3100.0


8.4;0.0;0.0;0.0;3100.0


8.3;0.0;0.0;0.0;3100.0


8.4;0.0;0.0;1.0;3100.0


8.3;0.0;0.0;0.0;3100.0


8.4;0.0;0.0;0.0;3100.0


8.3;0.0;0.0;0.0;3100.0


8.4;0.0;0.0;0.0;3100.0


8.3;0.0;0.0;0.0;3100.0


8.3;0.0;0.0;0.0;3100.0


8.4;0.0;0.0;1.0;3100.0


8.3;0.0;0.0;0.0;3100.0


8.3;1.0;0.3;0.0;3100.0


8.4;0.0;0.0;0.0;3100.0


8.3;0.0;0.0;0.0;3100.0


8.3;0.0;0.0;0.0;3100.0


8.3;0.0;0.0;0.0;3100.0


8.4;0.0;0.0;1.0;3100.0


8.4;0.0;0.0;0.0;3100.0


8.3;0.0;0.0;0.0;3100.0


8.4;0.0;0.0;0.0;3100.0


8.3;0.0;0.0;0.0;3100.0


23.8;0.0;0.0;29.0;3100.0


8.3;0.0;0.0;49.0;3732.0


8.4;0.0;0.0;46.0;3732.0


8.3;0.0;0.0;48.0;3732.0


8.3;0.0;0.0;47.0;3732.0


8.3;0.0;0.0;48.0;3732.0


8.3;0.0;0.0;48.0;3732.0


8.4;0.0;0.0;48.0;3732.0


8.3;0.0;0.0;48.0;3732.0


8.4;0.0;0.0;49.0;3732.0


8.4;0.0;0.0;48.0;3732.0


8.3;0.0;0.0;48.0;3732.0


8.4;0.0;0.0;48.0;3732.0


8.3;0.0;0.0;48.0;3732.0


0.0;3.8;0.3;0.0;3732.0


0.0;0.3;0.0;0.0;3732.0


11.1;847.2;37.0;1.0;3732.0


8.4;644.7;28.5;0.0;3732.0


8.3;0.0;0.0;0.0;3732.0


8.4;0.0;0.0;0.0;3732.0


8.3;0.0;0.0;0.0;3732.0


8.4;0.0;0.0;0.0;3732.0


8.3;0.0;0.0;0.0;3732.0


8.3;0.0;0.0;1.0;3732.0


8.4;0.0;0.0;0.0;3732.0


8.3;0.0;0.0;0.0;3732.0


8.3;0.0;0.0;1.0;3732.0


8.4;0.0;0.0;1.0;3732.0


8.3;0.0;0.0;1.0;3732.0


8.4;0.0;0.0;1.0;3732.0


8.3;0.0;0.0;1.0;3732.0


8.4;0.0;0.0;1.0;3732.0


8.3;0.0;0.0;3.0;3732.0


8.3;0.0;0.0;3.0;3732.0


8.4;0.0;0.0;5.0;3732.0


8.3;0.0;0.0;3.0;3732.0


8.4;0.0;0.0;3.0;3732.0


8.4;0.0;0.0;3.0;3732.0


0.0;0.1;0.0;3.0;3732.0


0.0;0.3;0.0;2.0;3732.0


9.6;1243.9;54.4;3.0;3732.0


8.3;249.2;11.2;4.0;3732.0


8.3;0.0;0.0;3.0;3732.0


8.3;0.0;0.0;3.0;3732.0


8.3;0.0;0.0;3.0;3732.0


8.4;0.0;0.0;3.0;3732.0


8.4;0.0;0.0;3.0;3732.0


8.3;0.0;0.0;4.0;3732.0


8.4;0.0;0.0;5.0;3732.0


8.3;0.0;0.0;3.0;3732.0


8.3;0.0;0.0;3.0;3732.0


8.4;0.0;0.0;3.0;3732.0


8.3;0.0;0.0;3.0;3732.0


8.4;0.0;0.0;3.0;3732.0


8.3;0.0;0.0;4.0;3732.0


8.3;0.0;0.0;4.0;3732.0


8.3;0.0;0.0;2.0;3732.0


8.4;0.0;0.0;5.0;3732.0


8.3;0.0;0.0;3.0;3732.0


8.3;0.0;0.0;3.0;3732.0


8.4;0.0;0.0;3.0;3732.0


8.3;1.0;0.3;3.0;3732.0


8.4;0.0;0.0;3.0;3732.0


8.4;0.0;0.0;2.0;3732.0


8.3;0.0;0.0;4.0;3732.0


8.4;0.0;0.0;2.0;3732.0


8.3;0.0;0.0;2.0;3732.0


8.4;0.0;0.0;2.0;3732.0


8.4;0.0;0.0;4.0;3732.0


8.3;0.0;0.0;3.0;3732.0


8.4;0.0;0.0;4.0;3732.0


8.3;0.0;0.0;5.0;3732.0


8.3;0.0;0.0;52.0;3736.0


44.2;0.0;0.0;44.0;3736.0


8.3;0.0;0.0;48.0;3736.0


8.3;0.0;0.0;47.0;3736.0


8.4;0.0;0.0;48.0;3736.0


8.3;0.0;0.0;48.0;3736.0


8.4;0.0;0.0;48.0;3736.0


8.3;0.0;0.0;48.0;3736.0


8.4;0.0;0.0;48.0;3736.0


8.4;0.0;0.0;32.0;3736.0


8.3;0.0;0.0;47.0;3736.0


8.4;0.0;0.0;48.0;3736.0


