8.4;16.4;1.7;0.0;474.0


8.4;131.0;7.0;0.0;474.0


6.9;106.6;9.5;0.0;474.0


0.0;52.0;5.1;1.0;474.0


0.0;0.3;0.0;0.0;474.0


8.4;27.7;1.1;0.0;474.0


8.4;0.3;0.0;7.0;664.0


8.4;0.0;0.0;5.0;794.0


8.4;0.0;0.0;6.0;929.0


8.3;0.2;0.0;5.0;1041.0


8.4;0.0;0.0;4.0;1197.0


8.3;70.2;67.7;3.0;1279.0


8.4;84.8;353.6;20.0;1881.0


26.3;0.0;0.0;57.0;1881.0


0.0;0.1;0.0;0.0;1881.0


0.0;0.3;0.0;0.0;1881.0


9.7;1200.8;52.5;0.0;1881.0


8.3;291.6;13.0;1.0;1881.0


8.4;0.0;0.0;0.0;1881.0


8.3;0.0;0.0;0.0;1881.0


8.4;0.0;0.0;0.0;1881.0


8.3;0.0;0.0;0.0;1881.0


8.4;0.0;0.0;0.0;1881.0


8.3;0.0;0.0;0.0;1881.0


8.3;0.0;0.0;0.0;1881.0


8.4;0.0;0.0;0.0;1881.0


8.3;0.0;0.0;0.0;1881.0


8.3;0.0;0.0;0.0;1881.0


8.3;0.0;0.0;0.0;1881.0


8.3;0.0;0.0;0.0;1881.0


8.3;0.0;0.0;0.0;1881.0


8.3;0.0;0.0;0.0;1881.0


8.4;0.0;0.0;0.0;1881.0


8.3;0.0;0.0;0.0;1881.0


8.3;0.0;0.0;0.0;1881.0


8.3;0.0;0.0;0.0;1881.0


8.3;0.0;0.0;0.0;1881.0


8.4;0.0;0.0;0.0;1881.0


0.0;0.4;0.0;0.0;1881.0


7.2;224.6;9.7;0.0;1881.0


9.6;1265.4;55.6;1.0;1881.0


8.4;1.0;0.3;0.0;1881.0


8.4;0.0;0.0;0.0;1881.0


8.4;0.0;0.0;0.0;1881.0


8.4;0.0;0.0;0.0;1881.0


8.3;0.0;0.0;0.0;1881.0


8.3;0.0;0.0;0.0;1881.0


8.3;0.0;0.0;0.0;1881.0


8.3;0.0;0.0;0.0;1881.0


8.4;0.0;0.0;1.0;1881.0


8.3;0.0;0.0;0.0;1881.0


8.4;0.0;0.0;0.0;1881.0


8.3;0.0;0.0;0.0;1881.0


8.3;0.0;0.0;0.0;1881.0


8.4;0.0;0.0;0.0;1881.0


8.3;0.0;0.0;0.0;1881.0


8.4;0.0;0.0;1.0;1881.0


8.4;0.0;0.0;0.0;1881.0


8.4;0.0;0.0;0.0;1881.0


8.3;0.0;0.0;0.0;1881.0


8.3;0.0;0.0;0.0;1881.0


8.4;1.0;0.3;0.0;1881.0


8.3;0.0;0.0;0.0;1881.0


8.3;0.0;0.0;2.0;1881.0


8.3;0.0;0.0;1.0;1881.0


8.3;0.0;0.0;1.0;1881.0


8.3;0.0;0.0;1.0;1881.0


8.4;0.0;0.0;1.0;1881.0


8.4;0.0;0.0;1.0;1881.0


8.3;0.0;0.0;3.0;1881.0


8.3;0.0;0.0;4.0;1881.0


8.3;0.0;0.0;5.0;1881.0


8.3;0.2;0.0;44.0;1885.0


36.4;0.0;0.0;40.0;2517.0


8.3;0.0;0.0;47.0;2517.0


8.4;0.0;0.0;46.0;2517.0


8.4;0.0;0.0;47.0;2517.0


8.4;0.0;0.0;47.0;2517.0


8.4;0.0;0.0;47.0;2517.0


8.4;0.0;0.0;48.0;2517.0


8.4;0.0;0.0;45.0;2517.0


8.3;0.0;0.0;47.0;2517.0


8.3;0.0;0.0;47.0;2517.0


8.3;0.0;0.0;47.0;2517.0


8.3;0.0;0.0;47.0;2517.0


8.4;0.0;0.0;48.0;2519.0


0.0;3.7;0.3;1.0;2519.0


0.0;0.3;0.0;0.0;2519.0


11.1;851.7;37.2;0.0;2519.0


8.3;639.6;28.1;0.0;2519.0


8.4;1.0;0.3;0.0;2519.0


8.3;0.0;0.0;0.0;2519.0


8.4;0.0;0.0;0.0;2519.0


8.4;0.0;0.0;0.0;2519.0


8.4;0.0;0.0;0.0;2519.0


8.4;0.0;0.0;0.0;2519.0


8.3;0.0;0.0;0.0;2519.0


8.4;0.0;0.0;0.0;2519.0


8.3;0.0;0.0;0.0;2519.0


8.3;0.0;0.0;0.0;2519.0


8.3;0.0;0.0;0.0;2519.0


8.3;0.0;0.0;0.0;2519.0


8.4;0.0;0.0;0.0;2519.0


8.3;0.0;0.0;0.0;2519.0


8.3;0.0;0.0;0.0;2519.0


8.3;0.0;0.0;0.0;2519.0


8.3;0.0;0.0;0.0;2519.0


8.3;0.0;0.0;0.0;2519.0


8.3;0.0;0.0;0.0;2519.0


8.4;0.0;0.0;1.0;2519.0


0.0;0.1;0.0;0.0;2519.0


0.0;0.3;0.0;0.0;2519.0


8.4;849.2;37.1;0.0;2519.0


8.4;642.5;28.4;0.0;2519.0


8.4;0.0;0.0;0.0;2519.0


8.4;0.0;0.0;0.0;2519.0


8.4;0.0;0.0;0.0;2519.0


8.3;0.0;0.0;0.0;2519.0


8.3;0.0;0.0;0.0;2519.0


8.3;0.0;0.0;0.0;2519.0


8.3;0.0;0.0;0.0;2519.0


8.4;0.0;0.0;0.0;2519.0


8.3;0.0;0.0;0.0;2519.0


8.4;0.0;0.0;0.0;2519.0


8.3;0.0;0.0;0.0;2519.0


8.3;0.0;0.0;1.0;2519.0


8.4;0.0;0.0;0.0;2519.0


8.3;0.0;0.0;0.0;2519.0


8.4;0.0;0.0;0.0;2519.0


8.4;0.0;0.0;0.0;2519.0


8.4;0.0;0.0;0.0;2519.0


8.4;0.0;0.0;0.0;2519.0


8.4;0.0;0.0;1.0;2519.0


8.4;0.0;0.0;0.0;2519.0


8.3;1.0;0.3;0.0;2519.0


8.3;0.0;0.0;0.0;2519.0


8.3;0.0;0.0;0.0;2519.0


8.3;0.0;0.0;0.0;2519.0


8.4;0.0;0.0;0.0;2519.0


8.3;0.0;0.0;1.0;2519.0


8.3;0.0;0.0;0.0;2519.0


8.3;0.0;0.0;0.0;2519.0


8.3;0.0;0.0;0.0;2519.0


8.3;0.0;0.0;0.0;2519.0


8.3;0.0;0.0;48.0;2523.0


29.4;0.0;0.0;46.0;3153.0


8.3;0.0;0.0;47.0;3153.0


8.4;0.0;0.0;46.0;3153.0


8.4;0.0;0.0;47.0;3153.0


8.3;0.0;0.0;47.0;3153.0


8.4;0.0;0.0;47.0;3153.0


8.4;0.0;0.0;48.0;3153.0


8.4;0.0;0.0;47.0;3153.0


8.3;0.0;0.0;47.0;3153.0


8.3;0.0;0.0;47.0;3153.0


8.3;0.0;0.0;47.0;3153.0


8.3;0.0;0.0;47.0;3153.0


8.4;0.0;0.0;47.0;3153.0


0.0;3.8;0.3;0.0;3153.0


0.0;0.3;0.0;0.0;3153.0


7.2;838.0;36.6;0.0;3153.0


8.3;654.1;29.0;0.0;3153.0


8.4;0.0;0.0;0.0;3153.0


8.3;0.0;0.0;0.0;3153.0


8.4;0.0;0.0;0.0;3153.0


8.4;0.0;0.0;0.0;3153.0


8.4;0.0;0.0;0.0;3153.0


8.4;0.0;0.0;0.0;3153.0


8.3;0.0;0.0;0.0;3153.0


8.4;0.0;0.0;1.0;3153.0


8.3;0.0;0.0;0.0;3153.0


8.4;0.0;0.0;0.0;3153.0


8.3;0.0;0.0;0.0;3153.0


8.3;0.0;0.0;0.0;3153.0


8.4;0.0;0.0;0.0;3153.0


8.3;0.0;0.0;1.0;3153.0


8.4;0.0;0.0;1.0;3153.0


8.3;0.0;0.0;1.0;3153.0


8.3;0.0;0.0;1.0;3153.0


8.3;0.0;0.0;1.0;3153.0


8.3;0.0;0.0;1.0;3153.0


8.4;0.0;0.0;1.0;3153.0


0.0;0.1;0.0;1.0;3153.0


0.0;0.3;0.0;3.0;3153.0


9.6;838.7;36.6;4.0;3153.0


8.4;653.4;28.9;3.0;3153.0


8.4;0.0;0.0;3.0;3153.0


8.4;0.0;0.0;3.0;3153.0


8.4;0.0;0.0;3.0;3153.0


8.3;0.0;0.0;4.0;3153.0


8.3;0.0;0.0;2.0;3153.0


8.3;0.0;0.0;2.0;3153.0


8.3;0.0;0.0;5.0;3153.0


8.4;0.0;0.0;3.0;3153.0


8.3;0.0;0.0;3.0;3153.0


8.4;0.0;0.0;3.0;3153.0


8.3;0.0;0.0;3.0;3153.0


8.3;0.0;0.0;3.0;3153.0


8.4;0.0;0.0;3.0;3153.0


8.3;0.0;0.0;4.0;3153.0


8.4;0.0;0.0;4.0;3153.0


8.4;0.0;0.0;4.0;3153.0


8.4;0.0;0.0;3.0;3153.0


8.4;0.0;0.0;2.0;3153.0


8.3;0.0;0.0;3.0;3153.0


8.4;0.0;0.0;3.0;3153.0


8.3;1.0;0.3;3.0;3153.0


8.4;0.0;0.0;4.0;3153.0


8.3;0.0;0.0;3.0;3153.0


8.3;0.0;0.0;3.0;3153.0


8.4;0.0;0.0;3.0;3153.0


8.3;0.0;0.0;2.0;3153.0


8.3;0.0;0.0;2.0;3153.0


8.3;0.0;0.0;3.0;3153.0


8.3;0.0;0.0;3.0;3153.0


8.3;0.0;0.0;5.0;3153.0


8.3;0.0;0.0;95.0;3155.0


8.4;0.0;0.0;42.0;3155.0


26.0;0.0;0.0;43.0;3155.0


8.3;0.0;0.0;45.0;3155.0


8.4;0.0;0.0;46.0;3155.0


8.3;0.0;0.0;46.0;3155.0


8.4;0.0;0.0;46.0;3155.0


8.3;0.0;0.0;47.0;3155.0


8.4;0.0;0.0;47.0;3155.0


8.3;0.0;0.0;47.0;3155.0


8.3;0.0;0.0;46.0;3155.0


8.3;0.0;0.0;46.0;3155.0


8.3;0.0;0.0;46.0;3155.0


8.3;0.0;0.0;47.0;3155.0


8.3;0.0;0.0;41.0;3155.0


1.2;4.1;0.3;1.0;3155.0


6.0;174.5;7.4;0.0;3155.0


9.5;1317.1;57.9;0.0;3155.0


8.4;1.0;0.3;0.0;3155.0


8.3;0.0;0.0;0.0;3155.0


8.4;0.0;0.0;0.0;3155.0


8.4;0.0;0.0;0.0;3155.0


8.3;0.0;0.0;1.0;3155.0


8.4;0.0;0.0;0.0;3155.0


8.3;0.0;0.0;0.0;3155.0


8.4;0.0;0.0;0.0;3155.0


8.3;0.0;0.0;0.0;3155.0


8.4;0.0;0.0;0.0;3155.0


8.3;0.0;0.0;1.0;3155.0


8.3;0.0;0.0;1.0;3155.0


8.4;0.0;0.0;0.0;3155.0


8.3;0.0;0.0;0.0;3155.0


8.3;0.0;0.0;0.0;3155.0


8.4;0.0;0.0;0.0;3155.0


8.3;0.0;0.0;0.0;3155.0


8.4;0.0;0.0;0.0;3155.0


8.3;0.0;0.0;1.0;3155.0


8.4;0.0;0.0;0.0;3155.0


0.0;0.1;0.0;0.0;3155.0


0.0;0.3;0.0;0.0;3155.0


9.8;524.9;22.8;0.0;3155.0


8.3;967.6;42.5;0.0;3155.0


8.4;1.0;0.3;0.0;3155.0


8.3;0.0;0.0;0.0;3155.0


8.3;0.0;0.0;0.0;3155.0


8.3;0.0;0.0;1.0;3155.0


8.3;0.0;0.0;0.0;3155.0


8.3;0.0;0.0;0.0;3155.0


8.3;0.0;0.0;0.0;3155.0


8.3;0.0;0.0;0.0;3155.0


8.3;0.0;0.0;1.0;3155.0


8.4;0.0;0.0;0.0;3155.0


8.4;0.0;0.0;0.0;3155.0


8.3;0.0;0.0;0.0;3155.0


8.4;0.0;0.0;1.0;3155.0


8.3;0.0;0.0;0.0;3155.0


8.4;0.0;0.0;0.0;3155.0


8.4;0.0;0.0;0.0;3155.0


8.3;0.0;0.0;0.0;3155.0


8.4;0.0;0.0;0.0;3155.0


8.3;0.0;0.0;0.0;3155.0


8.4;0.0;0.0;0.0;3155.0


8.3;1.0;0.3;0.0;3155.0


8.4;0.0;0.0;0.0;3155.0


8.3;0.0;0.0;0.0;3155.0


8.3;0.0;0.0;0.0;3155.0


8.4;0.0;0.0;0.0;3155.0


8.3;0.0;0.0;0.0;3155.0


8.3;0.0;0.0;1.0;3155.0


8.4;0.0;0.0;0.0;3155.0


8.3;0.0;0.0;0.0;3155.0


8.4;0.0;0.0;0.0;3155.0


8.3;0.0;0.0;1.0;3155.0


8.4;0.0;0.0;42.0;3155.0


18.8;0.0;0.0;46.0;3155.0


8.3;0.0;0.0;47.0;3155.0


8.4;0.0;0.0;46.0;3155.0


8.3;0.0;0.0;44.0;3155.0


8.4;0.0;0.0;46.0;3155.0


8.3;0.0;0.0;47.0;3155.0


8.4;0.0;0.0;46.0;3155.0


8.3;0.0;0.0;47.0;3155.0


8.3;0.0;0.0;47.0;3155.0


8.3;0.0;0.0;47.0;3155.0


