50.0;91.3;40.4;0.0
50.0;107.4;87.4;0.0
69.6;130.1;85.9;0.0
65.0;143.9;27.6;0.0
15.0;156.6;31.2;0.0
0.0;156.6;0.0;0.0
0.0;156.6;0.1;0.0
0.0;156.6;0.0;0.0
0.0;156.6;1.4;0.0
0.0;156.6;0.0;0.0
0.0;156.6;0.7;0.0
0.0;156.6;0.0;0.0
0.0;156.6;0.6;0.0
0.0;156.6;0.0;0.0
0.0;156.6;0.5;0.0
0.0;156.6;0.0;0.0
5.0;156.6;0.6;0.0
0.0;156.6;0.0;0.0
5.0;159.6;0.2;0.0
50.0;160.1;0.1;0.0
0.0;160.5;5.3;0.0
47.1;160.8;1.2;0.0
51.5;160.8;0.0;0.0
50.3;160.8;0.0;0.0
5.0;160.8;3.1;0.0
24.8;161.7;4.0;0.0
0.0;161.7;0.1;0.0
0.0;161.7;0.0;0.0
5.0;161.7;1.3;0.0
0.0;161.7;0.0;0.0
0.0;161.7;0.7;0.0
0.0;161.7;0.0;0.0
0.0;161.7;0.6;0.0
0.0;161.7;0.0;0.0
0.0;161.7;0.4;0.0
0.0;161.7;0.0;0.0
0.0;161.7;0.6;0.0
0.0;161.7;0.0;0.0
39.9;166.8;16.0;4.0
49.6;184.0;38.5;0.0
48.9;216.0;574.2;0.0
48.8;216.0;1423.3;0.0
49.9;247.1;257.0;0.0
50.0;247.1;313.6;0.0
49.0;247.1;332.0;0.0
52.7;247.1;338.2;0.0
52.0;247.1;344.6;0.0
50.0;247.1;353.6;0.0
49.1;247.1;339.8;0.0
50.0;247.1;337.8;0.0
50.0;247.1;358.0;0.0
49.5;247.4;365.8;0.0
48.5;247.4;372.8;0.0
49.0;247.4;382.0;0.0
51.0;278.8;33.5;132.0
50.0;278.8;0.8;256.0
48.5;278.8;0.4;128.0
49.9;186.6;0.3;12.0
