49.9;101.0;68.2;0.0
45.0;114.7;90.4;0.0
89.8;138.9;55.2;0.0
44.9;156.6;40.1;0.0
0.0;156.6;0.0;0.0
0.0;156.6;0.0;0.0
0.0;156.6;0.1;0.0
0.0;156.6;0.0;0.0
0.0;156.6;1.3;0.0
0.0;156.6;0.0;0.0
0.0;156.6;0.7;0.0
0.0;156.6;0.0;0.0
0.0;156.6;0.5;0.0
0.0;156.6;0.0;0.0
0.0;156.6;0.4;0.0
0.0;156.6;0.0;0.0
0.0;156.6;0.5;0.0
0.0;156.6;0.0;0.0
35.0;159.7;0.2;0.0
20.0;160.3;0.6;0.0
46.6;161.0;5.8;0.0
46.2;161.0;0.0;0.0
55.5;161.0;0.0;0.0
4.9;161.0;3.1;0.0
24.6;162.0;3.9;0.0
0.0;162.0;0.1;0.0
0.0;162.0;0.0;0.0
4.9;162.0;1.3;0.0
0.0;162.0;0.0;0.0
0.0;162.0;0.7;0.0
0.0;162.0;0.0;0.0
0.0;162.0;0.5;0.0
0.0;162.0;0.0;0.0
0.0;162.0;0.6;0.0
0.0;162.0;0.0;0.0
0.0;162.0;0.6;0.0
0.0;162.0;0.0;0.0
28.1;163.8;5.8;4.0
45.1;184.2;48.1;0.0
50.4;247.3;4875.9;0.0
51.8;247.3;394.8;0.0
48.9;278.8;806.7;0.0
48.8;279.1;0.4;132.0
48.8;279.1;1.0;320.0
