53.0;92.6;40.6;0.0
50.0;107.2;91.8;0.0
73.6;132.7;90.5;0.0
60.0;145.6;24.0;0.0
14.9;156.1;25.6;0.0
0.0;156.1;0.0;0.0
0.0;156.1;0.1;0.0
0.0;156.1;0.0;0.0
0.0;156.1;1.3;0.0
0.0;156.1;0.0;0.0
0.0;156.1;0.7;0.0
0.0;156.1;0.0;0.0
0.0;156.1;0.5;0.0
0.0;156.1;0.0;0.0
0.0;156.1;0.7;0.0
0.0;156.1;0.0;0.0
0.0;156.1;0.5;0.0
0.0;156.1;0.0;0.0
9.4;159.0;0.2;0.0
42.6;159.5;0.3;0.0
4.5;160.0;6.1;0.0
57.9;160.2;0.0;0.0
49.0;160.2;0.0;0.0
51.1;160.2;0.1;0.0
0.0;160.2;6.2;0.0
24.9;161.1;0.8;0.0
0.0;161.1;0.1;0.0
0.0;161.1;0.0;0.0
5.0;161.1;1.3;0.0
0.0;161.1;0.0;0.0
0.0;161.1;0.7;0.0
0.0;161.1;0.0;0.0
0.0;161.1;0.6;0.0
0.0;161.1;0.0;0.0
0.0;161.1;0.6;0.0
0.0;161.1;0.0;0.0
0.0;161.1;0.6;0.0
0.0;161.1;0.0;0.0
34.9;163.3;14.7;4.0
47.9;183.2;39.3;0.0
45.6;215.3;1269.6;0.0
50.6;246.3;2973.9;0.0
52.4;246.3;466.5;0.0
49.2;246.8;365.9;0.0
46.8;246.8;394.2;0.0
49.5;246.8;355.6;0.0
50.0;278.0;347.3;0.0
50.0;278.3;0.4;132.0
49.9;278.3;0.8;256.0
54.0;278.3;0.4;128.0
49.9;186.0;0.3;8.0
