9.5;55.9;24.9;1.9;0.0;1021.0
7.1;101.1;121.8;11.0;0.0;1021.0
8.4;140.0;148.9;8.0;0.0;1021.0
8.3;292.9;124.9;6.6;4.0;1191.0
8.4;625.7;42.1;2.9;0.0;1195.0
8.4;653.5;94.0;5.6;0.0;1195.0
8.3;668.6;413.0;3.1;0.0;1195.0
8.4;668.6;699.6;1.2;0.0;1195.0
8.3;668.6;709.5;1.2;0.0;1195.0
8.4;668.6;718.2;1.2;0.0;1195.0
8.3;676.7;108.0;0.4;0.0;1195.0
8.3;686.3;0.0;0.0;0.0;1195.0
8.4;698.6;0.8;0.0;0.0;1195.0
8.3;711.0;0.0;0.0;0.0;1195.0
8.4;721.6;0.0;0.0;0.0;1195.0
8.3;735.0;0.0;0.0;0.0;1195.0
8.3;746.2;0.0;0.0;0.0;1195.0
8.4;758.2;0.0;0.0;0.0;1195.0
8.3;767.2;0.0;0.0;0.0;1195.0
8.4;807.5;0.0;0.0;0.0;1195.0
8.3;810.3;0.6;2.6;0.0;1195.0
8.4;794.8;0.3;2.8;0.0;1195.0
8.4;801.9;0.0;0.0;0.0;1195.0
8.3;952.7;1.5;0.0;0.0;1195.0
22.4;1638.9;4.0;320.4;77.0;7976.0
8.3;2166.9;12.2;436.0;0.0;7976.0
8.4;3223.0;9.4;347.0;1.0;7976.0
8.3;3297.6;5.8;209.8;0.0;7976.0
8.3;3276.3;0.0;0.0;0.0;7976.0
8.3;3274.0;0.0;0.0;0.0;7976.0
8.3;3291.7;0.0;0.0;0.0;7976.0
8.4;3297.9;0.0;0.0;0.0;7976.0
8.3;3298.5;0.0;0.0;0.0;7976.0
8.3;3300.2;0.0;0.0;0.0;7976.0
8.3;3301.8;0.0;0.0;0.0;7976.0
8.3;3311.9;0.1;8.4;0.0;7976.0
8.4;3316.1;0.0;0.0;0.0;7976.0
8.3;3364.6;0.6;6.8;0.0;7976.0
8.4;3373.2;2.5;190.4;0.0;7976.0
8.3;3373.2;9.0;456.5;0.0;7976.0
8.4;3373.2;9.2;443.9;0.0;7976.0
0.0;3373.2;3.2;148.7;0.0;7976.0
8.3;3365.2;1.8;0.1;0.0;7976.0
8.4;3346.4;0.4;3.5;0.0;7976.0
8.3;3339.3;0.0;0.0;0.0;7976.0
8.4;3345.7;0.0;0.0;0.0;7976.0
8.3;3349.1;0.0;0.0;0.0;7976.0
8.3;3365.8;0.0;0.0;0.0;7976.0
8.4;3329.7;0.0;0.0;0.0;8010.0
15.4;3410.3;0.2;0.3;99.0;8010.0
8.3;3482.4;0.6;0.0;0.0;8010.0
8.3;3487.9;0.0;0.0;0.0;8010.0
8.3;3490.5;0.0;0.0;0.0;8010.0
8.4;3510.7;0.0;0.0;0.0;8010.0
8.3;3512.4;0.0;0.0;0.0;8010.0
9.8;3512.7;0.6;0.0;99.0;8010.0
8.3;3512.7;1.2;0.0;99.0;8010.0
8.4;3512.7;0.6;0.0;99.0;8010.0
10.8;3512.8;1.2;0.0;97.0;8010.0
8.3;3512.8;0.6;0.0;97.0;8010.0
8.4;3512.8;1.2;0.0;99.0;8010.0
9.5;3512.8;1.2;0.0;97.0;8010.0
8.4;3512.8;0.6;0.0;97.0;8010.0
9.5;3512.8;1.2;0.0;97.0;8010.0
8.3;3512.8;1.2;0.0;97.0;8010.0
8.4;3512.8;0.6;0.0;97.0;8010.0
9.5;3512.8;1.2;0.0;97.0;8010.0
8.4;3512.8;0.6;0.0;97.0;8010.0
8.3;3512.8;1.2;0.0;97.0;8010.0
9.7;3512.8;1.2;0.0;97.0;8010.0
8.4;3512.8;0.6;0.0;97.0;8010.0
10.7;3512.8;1.2;0.0;97.0;8010.0
8.4;3512.8;1.2;0.0;97.0;8010.0
8.3;3512.8;0.6;0.0;97.0;8010.0
9.6;3512.8;1.2;0.0;97.0;8010.0
8.4;3512.8;0.6;0.0;99.0;8010.0
8.4;3512.8;1.2;0.0;97.0;8010.0
11.2;3512.8;1.2;0.0;97.0;8010.0
8.3;3512.8;0.6;0.0;99.0;8010.0
11.9;3512.8;1.2;0.0;97.0;8010.0
8.3;3512.8;1.2;0.0;99.0;8010.0
8.4;3512.8;0.6;0.0;99.0;8010.0
9.7;3512.8;1.2;0.0;98.0;8010.0
8.3;3512.8;0.7;0.3;99.0;8010.0
8.4;3512.8;1.2;0.0;99.0;8010.0
9.5;3512.8;1.2;0.0;97.0;8010.0
8.3;3512.8;0.6;0.0;99.0;8010.0
9.7;3512.8;1.2;0.0;99.0;8010.0
8.3;3512.8;1.2;0.0;97.0;8010.0
8.4;3512.8;0.6;0.0;99.0;8010.0
11.1;3512.8;1.2;0.0;97.0;8010.0
8.4;3512.8;0.6;0.0;97.0;8010.0
8.4;3512.8;1.2;0.0;97.0;8010.0
9.6;3512.8;1.2;0.0;97.0;8010.0
8.4;3512.8;0.6;0.0;97.0;8010.0
9.7;3512.8;1.2;0.0;97.0;8010.0
8.4;3512.8;1.2;0.0;97.0;8010.0
8.3;3512.8;0.6;0.0;97.0;8010.0
10.8;3512.8;1.2;0.0;97.0;8010.0
8.3;3512.8;0.6;0.0;97.0;8010.0
8.3;3512.8;1.2;0.0;97.0;8010.0
9.6;3512.8;1.2;0.0;97.0;8010.0
8.3;3512.8;0.6;0.0;97.0;8010.0
10.8;3512.8;1.2;0.0;97.0;8010.0
8.3;3512.8;0.6;0.0;97.0;8010.0
8.3;3512.8;1.2;0.0;97.0;8010.0
9.6;3512.8;1.2;0.0;97.0;8010.0
8.3;3512.8;0.6;0.0;99.0;8010.0
8.4;3512.8;1.2;0.0;98.0;8010.0
11.1;3512.8;1.2;0.0;97.0;8010.0
8.4;3512.8;0.6;0.0;99.0;8010.0
9.6;3512.8;1.2;0.0;99.0;8010.0
8.4;3512.8;0.6;0.0;99.0;8010.0
8.4;3512.8;1.2;0.0;99.0;8010.0
11.1;3512.8;1.2;0.0;99.0;8010.0
8.4;3512.8;0.6;0.0;99.0;8010.0
8.3;3512.8;1.5;0.0;99.0;8010.0
9.7;3512.8;1.2;0.0;97.0;8010.0
8.3;3512.8;0.6;0.0;99.0;8010.0
9.7;3512.8;1.2;0.0;97.0;8010.0
8.4;3512.8;0.6;0.0;97.0;8010.0
8.3;3512.8;1.3;0.3;99.0;8010.0
8.3;3512.8;1.2;0.0;97.0;8010.0
8.3;3512.8;0.6;0.0;97.0;8010.0
8.3;3512.8;1.2;0.0;97.0;8010.0
9.6;3512.8;1.2;0.0;97.0;8010.0
8.3;3512.8;0.6;0.0;97.0;8010.0
14.0;3512.8;1.2;0.0;97.0;8010.0
8.4;3512.8;0.6;0.0;97.0;8010.0
8.4;3512.8;1.2;0.0;97.0;8010.0
9.6;3512.8;1.2;0.0;97.0;8010.0
8.4;3512.8;0.6;0.0;97.0;8010.0
9.6;3512.8;1.2;0.0;97.0;8010.0
9.5;3512.8;1.2;0.0;97.0;8010.0
8.4;3512.8;0.6;0.0;97.0;8010.0
9.7;3512.8;1.2;0.0;97.0;8010.0
8.3;3512.8;0.6;0.0;97.0;8010.0
8.4;3512.8;1.2;0.0;97.0;8010.0
10.7;3512.8;1.2;0.0;97.0;8010.0
8.3;3512.8;0.6;0.0;99.0;8010.0
8.3;3512.8;1.2;0.0;98.0;8010.0
9.5;3512.8;1.2;0.0;99.0;8010.0
8.4;3512.8;0.6;0.0;99.0;8010.0
15.4;3512.8;1.2;0.0;98.0;8010.0
8.4;3512.8;0.6;0.0;99.0;8010.0
8.3;3512.8;1.2;0.0;99.0;8010.0
9.6;3512.8;1.2;0.0;98.0;8010.0
8.4;3512.8;0.6;0.0;99.0;8010.0
9.7;3512.8;1.2;0.0;99.0;8010.0
8.4;3512.8;1.2;0.0;97.0;8010.0
8.3;3512.8;0.6;0.0;99.0;8010.0
9.6;3512.8;1.2;0.0;97.0;8010.0
7.1;3512.8;0.6;0.0;97.0;8010.0
8.3;3512.8;1.2;0.0;99.0;8010.0
9.7;3512.8;1.2;0.0;97.0;8010.0
8.3;3512.8;0.6;0.0;97.0;8010.0
9.6;3512.8;1.2;0.0;97.0;8010.0
8.3;3512.8;1.2;0.0;97.0;8010.0
8.3;3512.8;0.6;0.0;97.0;8010.0
9.7;3512.8;1.3;0.3;97.0;8010.0
8.3;3512.8;0.6;0.0;97.0;8010.0
8.4;3512.8;1.2;0.0;97.0;8010.0
9.7;3512.8;1.2;0.0;97.0;8010.0
8.4;3512.8;0.6;0.0;97.0;8010.0
9.6;3512.8;1.2;0.0;97.0;8010.0
8.4;3512.8;1.2;0.0;97.0;8010.0
8.4;3512.8;0.6;0.0;97.0;8010.0
9.7;3512.8;1.2;0.0;97.0;8010.0
8.4;3512.8;0.6;0.0;99.0;8010.0
8.3;3512.8;1.2;0.0;97.0;8010.0
9.6;3512.8;1.2;0.0;97.0;8010.0
8.3;3512.8;0.6;0.0;99.0;8010.0
9.7;3512.8;1.2;0.0;97.0;8010.0
8.4;3512.8;0.6;0.0;99.0;8010.0
8.3;3512.8;1.2;0.0;99.0;8010.0
11.1;3512.8;1.2;0.0;97.0;8010.0
8.3;3512.8;0.6;0.0;99.0;8010.0
8.3;3512.8;1.5;0.0;99.0;8010.0
9.6;3512.8;1.2;0.0;99.0;8010.0
8.3;3512.8;0.6;0.0;99.0;8010.0
12.6;3512.8;1.2;0.0;99.0;8010.0
8.4;3512.8;0.6;0.0;99.0;8010.0
8.4;3512.8;1.2;0.0;99.0;8010.0
9.6;3512.8;1.2;0.0;97.0;8010.0
8.3;3512.8;0.6;0.0;98.0;8010.0
8.4;3512.8;1.2;0.0;99.0;8010.0
10.7;3512.8;1.2;0.0;97.0;8010.0
8.4;3512.8;0.6;0.0;97.0;8010.0
9.5;3512.8;1.2;0.0;97.0;8010.0
8.3;3512.8;0.6;0.0;97.0;8010.0
8.4;3512.8;1.2;0.0;97.0;8010.0
9.6;3512.8;1.2;0.0;97.0;8010.0
8.4;3512.8;0.6;0.0;97.0;8010.0
8.3;3512.8;1.2;0.0;97.0;8010.0
9.7;3512.8;1.2;0.0;97.0;8010.0
8.4;3512.8;0.6;0.0;97.0;8010.0
9.5;3512.8;1.3;0.3;97.0;8010.0
8.4;3512.8;0.6;0.0;97.0;8010.0
8.3;3512.8;1.2;0.0;97.0;8010.0
9.6;3512.8;1.2;0.0;97.0;8010.0
8.4;3512.8;0.6;0.0;99.0;8010.0
8.4;3512.8;1.2;0.0;97.0;8010.0
9.8;3512.8;1.2;0.0;97.0;8010.0
8.3;3512.8;0.6;0.0;99.0;8010.0
9.6;3512.8;1.2;0.0;97.0;8010.0
8.3;3512.8;0.6;0.0;99.0;8010.0
8.3;3512.8;1.2;0.0;99.0;8010.0
9.7;3512.8;1.2;0.0;98.0;8010.0
8.3;3512.8;0.6;0.0;99.0;8010.0
9.6;3512.8;1.2;0.0;99.0;8010.0
9.5;3512.8;1.2;0.0;99.0;8010.0
8.3;3512.8;0.6;0.0;99.0;8010.0
9.7;3512.8;1.2;0.0;99.0;8010.0
8.3;3512.8;0.6;0.0;99.0;8010.0
8.4;3512.8;1.2;0.0;99.0;8010.0
11.1;3512.8;1.2;0.0;97.0;8010.0
8.4;3512.8;0.6;0.0;99.0;8010.0
9.6;3512.8;1.2;0.0;97.0;8010.0
9.6;3512.8;1.2;0.0;97.0;8010.0
8.4;3512.8;0.6;0.0;98.0;8010.0
11.1;3512.8;1.2;0.0;97.0;8010.0
8.4;3512.8;0.6;0.0;97.0;8010.0
8.3;3512.8;1.2;0.0;97.0;8010.0
9.6;3512.8;1.2;0.0;97.0;8010.0
8.3;3512.8;0.6;0.0;97.0;8010.0
9.7;3512.8;1.2;0.0;97.0;8010.0
8.4;3512.8;1.2;0.0;97.0;8010.0
8.3;3512.8;0.6;0.0;97.0;8010.0
9.6;3512.8;1.2;0.0;97.0;8010.0
8.3;3512.8;0.6;0.0;97.0;8010.0
8.3;3512.8;1.2;0.0;97.0;8010.0
10.8;3512.8;1.2;0.0;97.0;8010.0
8.3;3512.8;0.6;0.0;99.0;8010.0
9.8;3512.8;1.2;0.0;98.0;8010.0
8.3;3512.8;1.3;0.3;99.0;8010.0
8.4;3512.8;0.6;0.0;99.0;8010.0
10.8;3512.8;1.2;0.0;98.0;8010.0
8.4;3512.8;0.6;0.0;99.0;8010.0
8.4;3512.8;1.5;0.0;99.0;8010.0
9.6;3512.8;1.2;0.0;97.0;8010.0
8.4;3512.8;0.6;0.0;99.0;8010.0
10.7;3512.8;1.2;0.0;99.0;8010.0
8.3;3512.8;1.2;0.0;97.0;8010.0
8.3;3512.8;0.6;0.0;99.0;8010.0
9.5;3512.8;1.2;0.0;97.0;8010.0
8.4;3512.8;0.6;0.0;97.0;8010.0
8.3;3512.8;1.2;0.0;97.0;8010.0
9.6;3512.8;1.2;0.0;97.0;8010.0
8.4;3512.8;0.6;0.0;97.0;8010.0
9.5;3512.8;1.2;0.0;97.0;8010.0
8.4;3512.8;0.6;0.0;97.0;8010.0
8.3;3512.8;1.2;0.0;97.0;8010.0
9.8;3512.8;1.2;0.0;97.0;8010.0
8.4;3512.8;0.6;0.0;97.0;8010.0
8.4;3512.8;1.2;0.0;97.0;8010.0
10.8;3512.8;1.2;0.0;97.0;8010.0
8.3;3512.8;0.6;0.0;98.0;8010.0
9.6;3512.8;1.2;0.0;97.0;8010.0
8.3;3512.8;0.6;0.0;97.0;8010.0
8.4;3512.8;1.2;0.0;98.0;8010.0
9.7;3512.8;1.2;0.0;97.0;8010.0
8.3;3512.8;0.6;0.0;99.0;8010.0
8.4;3512.8;1.2;0.0;98.0;8010.0
9.4;3512.8;1.2;0.0;97.0;8010.0
8.3;3512.8;0.6;0.0;99.0;8010.0
8.3;3512.8;1.2;0.0;99.0;8010.0
8.3;3512.8;0.6;0.0;99.0;8010.0
8.4;3512.8;1.2;0.0;99.0;8010.0
9.5;3512.8;1.2;0.0;97.0;8010.0
8.4;3512.8;0.6;0.0;99.0;8010.0
8.3;3512.8;1.2;0.0;99.0;8010.0
9.6;3512.8;1.2;0.0;97.0;8010.0
8.4;3512.8;0.6;0.0;99.0;8010.0
11.1;3512.8;1.3;0.3;97.0;8010.0
8.4;3512.8;0.6;0.0;97.0;8010.0
8.3;3512.8;1.2;0.0;99.0;8010.0
9.6;3512.8;1.2;0.0;97.0;8010.0
8.3;3512.8;0.6;0.0;97.0;8010.0
8.3;3512.8;1.2;0.0;97.0;8010.0
9.7;3512.8;1.2;0.0;97.0;8010.0
8.3;3512.8;0.6;0.0;97.0;8010.0
10.8;3512.8;1.2;0.0;97.0;8010.0
8.3;3512.8;0.6;0.0;97.0;8010.0
8.3;3512.8;1.2;0.0;97.0;8010.0
9.6;3512.8;1.2;0.0;97.0;8010.0
8.3;3512.8;0.6;0.0;97.0;8010.0
9.6;3512.8;1.2;0.0;97.0;8010.0
9.7;3512.8;1.2;0.0;97.0;8010.0
8.4;3512.8;0.6;0.0;97.0;8010.0
9.6;3512.8;1.2;0.0;97.0;8010.0
8.4;3512.8;0.6;0.0;99.0;8010.0
8.4;3512.8;1.2;0.0;98.0;8010.0
11.1;3512.8;1.2;0.0;97.0;8010.0
8.4;3512.8;0.6;0.0;99.0;8010.0
9.5;3512.8;1.2;0.0;97.0;8010.0
9.6;3512.8;1.2;0.0;99.0;8010.0
8.3;3512.8;0.6;0.0;99.0;8010.0
11.1;3512.8;1.2;0.0;97.0;8010.0
8.4;3512.8;0.6;0.0;99.0;8010.0
8.3;3512.8;1.5;0.0;99.0;8010.0
