7.2;54.7;22.1;2.1;0.0;1040.0
6.0;89.6;102.1;9.1;0.0;1040.0
7.2;132.6;140.8;9.1;0.0;1040.0
8.4;168.3;157.7;7.7;0.0;1171.0
8.4;618.7;8.9;0.3;0.0;1215.0
7.1;649.5;102.8;7.1;0.0;1215.0
8.4;668.4;277.5;3.9;0.0;1215.0
8.3;668.4;678.6;1.1;0.0;1215.0
8.3;668.4;722.7;1.2;0.0;1215.0
8.3;668.4;701.1;1.2;0.0;1215.0
8.3;673.2;294.0;0.7;0.0;1215.0
8.4;683.4;0.0;0.0;0.0;1215.0
8.3;695.3;0.8;0.0;0.0;1215.0
8.4;708.6;0.0;0.0;0.0;1215.0
8.4;718.5;0.0;0.0;0.0;1215.0
8.3;731.1;0.0;0.0;0.0;1215.0
8.4;743.1;0.0;0.0;0.0;1215.0
8.3;755.1;0.0;0.0;0.0;1215.0
8.4;765.1;0.0;0.0;0.0;1215.0
8.4;795.0;0.0;0.0;0.0;1215.0
8.4;800.4;0.6;2.6;0.0;1215.0
8.4;858.4;0.0;0.0;0.0;1215.0
8.3;800.3;0.3;2.8;0.0;1215.0
8.4;892.6;1.5;0.0;0.0;1215.0
15.4;1441.3;1.5;171.0;14.0;7679.0
8.3;2143.8;11.9;470.4;0.0;7996.0
8.3;3186.3;9.3;344.8;1.0;7996.0
8.3;3242.7;8.7;327.0;59.0;7996.0
8.4;3282.2;0.0;0.0;0.0;7996.0
8.3;3310.5;0.0;0.0;0.0;7996.0
8.3;3261.6;0.0;0.0;0.0;7996.0
8.3;3278.8;0.0;0.0;0.0;7996.0
8.3;3283.0;0.0;0.0;0.0;7996.0
8.4;3282.7;0.0;0.0;0.0;7996.0
8.3;3284.7;0.0;0.0;0.0;7996.0
8.4;3288.8;0.1;8.4;0.0;7996.0
8.4;3313.8;0.0;0.0;0.0;7996.0
8.4;3311.7;0.6;6.8;0.0;7996.0
9.6;3371.0;0.7;44.5;20.0;7996.0
8.4;3371.0;8.1;478.5;0.0;7996.0
8.4;3371.0;9.1;438.4;0.0;7996.0
0.0;3371.0;6.0;278.1;0.0;7996.0
8.4;3366.0;1.8;0.1;0.0;7996.0
8.3;3321.3;0.4;3.5;0.0;7996.0
8.3;3350.1;0.0;0.0;0.0;7996.0
8.4;3354.1;0.0;0.0;0.0;7996.0
8.3;3354.1;0.0;0.0;0.0;7996.0
8.4;3355.9;0.0;0.0;0.0;7996.0
8.3;3369.1;0.0;0.0;0.0;8026.0
14.2;3406.0;0.2;0.3;98.0;8030.0
8.4;3477.9;0.6;0.0;0.0;8030.0
8.3;3485.0;0.0;0.0;0.0;8030.0
8.4;3486.5;0.0;0.0;0.0;8030.0
8.3;3506.3;0.0;0.0;0.0;8030.0
8.4;3508.0;0.0;0.0;0.0;8030.0
12.5;3508.3;0.6;0.0;99.0;8030.0
9.7;3508.3;1.2;0.0;99.0;8030.0
16.8;3508.3;0.6;0.0;99.0;8030.0
9.5;3508.3;1.2;0.0;97.0;8030.0
11.9;3508.4;0.6;0.0;99.0;8030.0
13.0;3508.4;1.2;0.0;99.0;8030.0
9.7;3508.4;1.2;0.0;97.0;8030.0
14.3;3508.4;0.6;0.0;98.0;8030.0
13.0;3508.4;1.2;0.0;97.0;8030.0
8.4;3508.4;1.2;0.0;97.0;8030.0
16.6;3508.4;0.6;0.0;97.0;8030.0
9.7;3508.4;1.2;0.0;97.0;8030.0
11.9;3508.4;0.6;0.0;97.0;8030.0
13.0;3508.4;1.2;0.0;97.0;8030.0
10.8;3508.4;1.2;0.0;97.0;8030.0
13.8;3508.4;0.6;0.0;97.0;8030.0
12.6;3508.4;1.2;0.0;97.0;8030.0
9.6;3508.4;1.2;0.0;97.0;8030.0
15.5;3508.4;0.6;0.0;97.0;8030.0
9.8;3508.4;1.2;0.0;97.0;8030.0
11.1;3508.4;0.6;0.0;97.0;8030.0
13.1;3508.4;1.2;0.0;97.0;8030.0
9.5;3508.4;1.2;0.0;97.0;8030.0
15.2;3508.4;0.6;0.0;99.0;8030.0
12.5;3508.4;1.2;0.0;97.0;8030.0
8.3;3508.4;1.2;0.0;97.0;8030.0
15.5;3508.4;0.6;0.0;99.0;8030.0
11.8;3508.4;1.2;0.0;97.0;8030.0
11.1;3508.4;0.7;0.3;99.0;8030.0
13.8;3508.4;1.2;0.0;99.0;8030.0
9.5;3508.4;1.2;0.0;99.0;8030.0
14.3;3508.4;0.6;0.0;99.0;8030.0
12.5;3508.4;1.2;0.0;99.0;8030.0
9.8;3508.4;1.2;0.0;98.0;8030.0
15.5;3508.4;0.6;0.0;99.0;8030.0
9.6;3508.4;1.2;0.0;97.0;8030.0
11.9;3508.4;0.6;0.0;97.0;8030.0
13.8;3508.4;1.2;0.0;99.0;8030.0
9.8;3508.4;1.2;0.0;97.0;8030.0
14.2;3508.4;0.6;0.0;97.0;8030.0
13.1;3508.4;1.2;0.0;97.0;8030.0
8.3;3508.4;1.2;0.0;97.0;8030.0
16.6;3508.4;0.6;0.0;97.0;8030.0
9.6;3508.4;1.2;0.0;97.0;8030.0
11.8;3508.4;0.6;0.0;97.0;8030.0
13.1;3508.4;1.2;0.0;97.0;8030.0
9.7;3508.4;1.2;0.0;97.0;8030.0
13.8;3508.4;0.6;0.0;97.0;8030.0
11.9;3508.4;1.2;0.0;97.0;8030.0
9.5;3508.4;1.2;0.0;97.0;8030.0
16.8;3508.4;0.6;0.0;97.0;8030.0
9.7;3508.4;1.2;0.0;97.0;8030.0
11.2;3508.4;0.6;0.0;99.0;8030.0
13.1;3508.4;1.2;0.0;97.0;8030.0
9.6;3508.4;1.2;0.0;97.0;8030.0
15.4;3508.4;0.6;0.0;99.0;8030.0
11.1;3508.4;1.2;0.0;98.0;8030.0
9.6;3508.4;1.2;0.0;99.0;8030.0
15.4;3508.4;0.6;0.0;99.0;8030.0
11.1;3508.4;1.2;0.0;99.0;8030.0
12.5;3508.4;0.6;0.0;99.0;8030.0
11.8;3508.4;1.5;0.0;99.0;8030.0
9.6;3508.4;1.2;0.0;97.0;8030.0
14.2;3508.4;0.6;0.0;99.0;8030.0
11.1;3508.4;1.2;0.0;99.0;8030.0
10.8;3508.4;1.3;0.3;97.0;8030.0
14.2;3508.4;0.6;0.0;99.0;8030.0
9.6;3508.4;1.2;0.0;97.0;8030.0
12.5;3508.4;0.6;0.0;97.0;8030.0
12.6;3508.4;1.2;0.0;99.0;8030.0
9.6;3508.4;1.2;0.0;97.0;8030.0
15.5;3508.4;0.6;0.0;97.0;8030.0
10.8;3508.4;1.2;0.0;97.0;8030.0
9.7;3508.4;1.2;0.0;97.0;8030.0
14.3;3508.4;0.6;0.0;97.0;8030.0
9.5;3508.4;1.2;0.0;97.0;8030.0
13.1;3508.4;0.6;0.0;97.0;8030.0
12.5;3508.4;1.2;0.0;97.0;8030.0
9.7;3508.4;1.2;0.0;97.0;8030.0
15.5;3508.4;0.6;0.0;98.0;8030.0
13.0;3508.4;1.2;0.0;97.0;8030.0
9.6;3508.4;0.6;0.0;97.0;8030.0
15.2;3508.4;1.2;0.0;99.0;8030.0
9.5;3508.4;1.2;0.0;97.0;8030.0
13.1;3508.4;0.6;0.0;99.0;8030.0
11.8;3508.4;1.2;0.0;99.0;8030.0
8.4;3508.4;1.2;0.0;99.0;8030.0
16.6;3508.4;0.6;0.0;99.0;8030.0
9.6;3508.4;1.2;0.0;99.0;8030.0
10.8;3508.4;0.6;0.0;99.0;8030.0
13.8;3508.4;1.2;0.0;99.0;8030.0
11.2;3508.4;1.2;0.0;97.0;8030.0
12.5;3508.4;0.6;0.0;99.0;8030.0
11.9;3508.4;1.2;0.0;99.0;8030.0
9.5;3508.4;1.2;0.0;97.0;8030.0
16.6;3508.4;0.6;0.0;99.0;8030.0
12.5;3508.4;1.2;0.0;97.0;8030.0
10.7;3508.4;0.6;0.0;97.0;8030.0
13.1;3508.4;1.2;0.0;99.0;8030.0
9.7;3508.4;1.2;0.0;97.0;8030.0
13.8;3508.4;0.6;0.0;97.0;8030.0
13.1;3508.4;1.2;0.0;97.0;8030.0
9.5;3508.4;1.2;0.0;97.0;8030.0
15.5;3508.4;0.6;0.0;97.0;8030.0
9.7;3508.4;1.3;0.3;97.0;8030.0
11.2;3508.4;0.6;0.0;97.0;8030.0
13.1;3508.4;1.2;0.0;97.0;8030.0
10.8;3508.4;1.2;0.0;97.0;8030.0
14.0;3508.4;0.6;0.0;99.0;8030.0
12.5;3508.4;1.2;0.0;97.0;8030.0
9.6;3508.4;1.2;0.0;97.0;8030.0
15.4;3508.4;0.6;0.0;99.0;8030.0
11.9;3508.4;1.2;0.0;97.0;8030.0
11.1;3508.4;0.6;0.0;99.0;8030.0
13.8;3508.4;1.2;0.0;99.0;8030.0
9.6;3508.4;1.2;0.0;97.0;8030.0
14.2;3508.4;0.6;0.0;99.0;8030.0
12.5;3508.4;1.2;0.0;99.0;8030.0
8.3;3508.4;1.2;0.0;99.0;8030.0
15.4;3508.4;0.6;0.0;99.0;8030.0
9.6;3508.4;1.2;0.0;99.0;8030.0
11.8;3508.4;0.6;0.0;99.0;8030.0
12.6;3508.4;1.5;0.0;99.0;8030.0
11.1;3508.4;1.2;0.0;97.0;8030.0
14.3;3508.4;0.6;0.0;99.0;8030.0
10.8;3508.4;1.2;0.0;99.0;8030.0
9.7;3508.4;1.2;0.0;97.0;8030.0
15.4;3508.4;0.6;0.0;99.0;8030.0
11.1;3508.4;1.2;0.0;97.0;8030.0
11.9;3508.4;0.6;0.0;97.0;8030.0
11.8;3508.4;1.2;0.0;97.0;8030.0
9.7;3508.4;1.2;0.0;97.0;8030.0
15.2;3508.4;0.6;0.0;97.0;8030.0
13.0;3508.4;1.2;0.0;97.0;8030.0
9.6;3508.4;1.2;0.0;97.0;8030.0
15.2;3508.4;0.6;0.0;97.0;8030.0
9.7;3508.4;1.2;0.0;97.0;8030.0
13.1;3508.4;0.6;0.0;97.0;8030.0
13.0;3508.4;1.2;0.0;97.0;8030.0
9.6;3508.4;1.2;0.0;97.0;8030.0
15.4;3508.4;0.6;0.0;97.0;8030.0
9.6;3508.4;1.3;0.3;97.0;8030.0
10.8;3508.4;0.6;0.0;97.0;8030.0
14.3;3508.4;1.2;0.0;97.0;8030.0
11.2;3508.4;1.2;0.0;97.0;8030.0
12.5;3508.4;0.6;0.0;99.0;8030.0
11.9;3508.4;1.2;0.0;98.0;8030.0
9.5;3508.4;1.2;0.0;97.0;8030.0
15.5;3508.4;0.6;0.0;99.0;8030.0
11.1;3508.4;1.2;0.0;99.0;8030.0
10.7;3508.4;0.6;0.0;99.0;8030.0
13.1;3508.4;1.2;0.0;99.0;8030.0
9.5;3508.4;1.2;0.0;97.0;8030.0
13.8;3508.4;0.6;0.0;99.0;8030.0
11.1;3508.4;1.2;0.0;99.0;8030.0
9.5;3508.4;1.2;0.0;97.0;8030.0
13.5;3508.4;0.6;0.0;99.0;8030.0
12.5;3508.4;1.2;0.0;97.0;8030.0
11.2;3508.4;0.6;0.0;97.0;8030.0
13.1;3508.4;1.2;0.0;99.0;8030.0
10.8;3508.4;1.2;0.0;97.0;8030.0
13.1;3508.4;0.6;0.0;97.0;8030.0
12.5;3508.4;1.2;0.0;97.0;8030.0
8.4;3508.4;1.2;0.0;97.0;8030.0
15.4;3508.4;0.6;0.0;97.0;8030.0
11.9;3508.4;1.2;0.0;97.0;8030.0
11.1;3508.4;0.6;0.0;97.0;8030.0
13.8;3508.4;1.2;0.0;97.0;8030.0
9.7;3508.4;1.2;0.0;97.0;8030.0
14.2;3508.4;0.6;0.0;97.0;8030.0
11.9;3508.4;1.2;0.0;97.0;8030.0
8.3;3508.4;1.2;0.0;97.0;8030.0
16.6;3508.4;0.6;0.0;97.0;8030.0
9.6;3508.4;1.2;0.0;97.0;8030.0
11.8;3508.4;0.6;0.0;97.0;8030.0
16.8;3508.4;1.2;0.0;97.0;8030.0
8.3;3508.4;1.2;0.0;97.0;8030.0
14.3;3508.4;0.6;0.0;99.0;8030.0
11.9;3508.4;1.2;0.0;97.0;8030.0
9.6;3508.4;1.3;0.3;99.0;8030.0
16.8;3508.4;0.6;0.0;99.0;8030.0
9.7;3508.4;1.2;0.0;97.0;8030.0
11.9;3508.4;0.6;0.0;99.0;8030.0
11.8;3508.4;1.5;0.0;99.0;8030.0
9.7;3508.4;1.2;0.0;98.0;8030.0
15.2;3508.4;0.6;0.0;99.0;8030.0
11.1;3508.4;1.2;0.0;99.0;8030.0
9.6;3508.4;1.2;0.0;97.0;8030.0
15.4;3508.4;0.6;0.0;99.0;8030.0
9.7;3508.4;1.2;0.0;97.0;8030.0
13.1;3508.4;0.6;0.0;97.0;8030.0
11.8;3508.4;1.2;0.0;99.0;8030.0
9.6;3508.4;1.2;0.0;97.0;8030.0
15.2;3508.4;0.6;0.0;97.0;8030.0
12.6;3508.4;1.2;0.0;97.0;8030.0
10.8;3508.4;1.2;0.0;97.0;8030.0
14.3;3508.4;0.6;0.0;97.0;8030.0
11.9;3508.4;1.2;0.0;97.0;8030.0
12.5;3508.4;0.6;0.0;97.0;8030.0
13.1;3508.4;1.2;0.0;97.0;8030.0
9.5;3508.4;1.2;0.0;97.0;8030.0
15.5;3508.4;0.6;0.0;97.0;8030.0
11.1;3508.4;1.2;0.0;97.0;8030.0
9.7;3508.4;0.6;0.0;97.0;8030.0
14.3;3508.4;1.2;0.0;97.0;8030.0
9.5;3508.4;1.2;0.0;97.0;8030.0
13.1;3508.4;0.6;0.0;99.0;8030.0
12.5;3508.4;1.2;0.0;97.0;8030.0
9.6;3508.4;1.2;0.0;97.0;8030.0
15.5;3508.4;0.6;0.0;99.0;8030.0
9.5;3508.4;1.2;0.0;97.0;8030.0
11.2;3508.4;0.6;0.0;99.0;8030.0
15.2;3508.4;1.2;0.0;99.0;8030.0
9.6;3508.4;1.2;0.0;97.0;8030.0
13.1;3508.4;0.6;0.0;99.0;8030.0
11.1;3508.4;1.2;0.0;99.0;8030.0
9.6;3508.4;1.2;0.0;99.0;8030.0
16.6;3508.4;0.6;0.0;99.0;8030.0
9.6;3508.4;1.3;0.3;99.0;8030.0
10.7;3508.4;0.6;0.0;99.0;8030.0
13.8;3508.4;1.2;0.0;99.0;8030.0
9.7;3508.4;1.2;0.0;97.0;8030.0
14.2;3508.4;0.6;0.0;97.0;8030.0
11.9;3508.4;1.2;0.0;97.0;8030.0
8.3;3508.4;1.2;0.0;97.0;8030.0
16.6;3508.4;0.6;0.0;97.0;8030.0
9.6;3508.4;1.2;0.0;97.0;8030.0
11.8;3508.4;0.6;0.0;97.0;8030.0
13.1;3508.4;1.2;0.0;97.0;8030.0
9.7;3508.4;1.2;0.0;97.0;8030.0
14.0;3508.4;0.6;0.0;97.0;8030.0
11.9;3508.4;1.2;0.0;97.0;8030.0
9.6;3508.4;1.2;0.0;97.0;8030.0
15.4;3508.4;0.6;0.0;97.0;8030.0
9.7;3508.4;1.2;0.0;97.0;8030.0
11.9;3508.4;0.6;0.0;99.0;8030.0
13.0;3508.4;1.2;0.0;97.0;8030.0
9.6;3508.4;1.2;0.0;97.0;8030.0
15.2;3508.4;0.6;0.0;99.0;8030.0
11.1;3508.4;1.2;0.0;99.0;8030.0
9.6;3508.4;1.2;0.0;99.0;8030.0
15.4;3508.4;0.6;0.0;99.0;8030.0
9.7;3508.4;1.2;0.0;99.0;8030.0
12.5;3508.4;0.6;0.0;99.0;8030.0
12.5;3508.4;1.5;0.0;99.0;8030.0
