8.3;0.4;0.0;0.0;337.0


8.3;128.6;7.6;0.0;337.0


8.3;93.2;7.4;0.0;337.0


3.1;83.6;8.3;0.0;337.0


0.0;0.3;0.0;0.0;337.0


2.8;26.3;1.0;0.0;337.0


8.3;2.3;0.2;1.0;480.0


8.3;0.0;0.0;7.0;630.0


8.3;0.0;0.0;5.0;762.0


8.4;0.0;0.0;7.0;880.0


8.3;0.2;0.0;4.0;1020.0


8.4;70.2;67.7;7.0;1126.0


8.3;82.1;353.4;32.0;1752.0


26.3;2.7;0.2;71.0;1752.0


0.0;0.1;0.0;0.0;1752.0


0.0;0.3;0.0;0.0;1752.0


0.0;14.2;0.2;0.0;1752.0


0.0;0.3;0.0;0.0;1752.0


8.3;15.9;0.7;39.0;1764.0


30.8;0.0;0.0;48.0;2476.0


8.3;0.0;0.0;40.0;2476.0


7.2;0.0;0.0;37.0;2476.0


7.1;0.0;0.0;39.0;2476.0


8.4;0.0;0.0;40.0;2476.0


8.3;0.0;0.0;39.0;2476.0


7.1;0.0;0.0;41.0;2476.0


7.2;0.0;0.0;41.0;2476.0


7.1;0.0;0.0;41.0;2476.0


8.4;0.0;0.0;40.0;2476.0


7.2;0.0;0.0;41.0;2476.0


8.4;0.0;0.0;41.0;2476.0


8.4;0.0;0.0;43.0;2478.0


8.3;0.0;0.0;43.0;2478.0


8.4;0.0;0.0;33.0;2478.0


0.0;4.1;0.3;0.0;2478.0


0.0;0.3;0.0;0.0;2478.0


0.0;13.9;0.2;0.0;2478.0


0.0;0.3;0.0;0.0;2482.0


8.4;16.4;0.7;39.0;2484.0


50.0;0.0;0.0;48.0;3214.0


8.3;0.0;0.0;43.0;3214.0


8.3;0.0;0.0;43.0;3214.0


8.3;0.0;0.0;42.0;3214.0


8.3;0.0;0.0;42.0;3214.0


8.3;0.0;0.0;43.0;3214.0


8.4;0.0;0.0;43.0;3214.0


8.3;0.0;0.0;41.0;3214.0


8.4;0.0;0.0;38.0;3214.0


8.4;0.0;0.0;41.0;3214.0


8.3;0.0;0.0;40.0;3214.0


4.2;0.0;0.0;40.0;3214.0


7.2;0.0;0.0;41.0;3214.0


8.4;0.0;0.0;40.0;3214.0


8.3;0.0;0.0;21.0;3214.0


0.0;4.5;0.3;0.0;3214.0


0.0;14.2;0.2;0.0;3214.0


0.0;0.3;0.0;0.0;3214.0


4.8;14.8;0.4;0.0;3216.0


8.3;1.0;0.3;37.0;3216.0


49.0;0.0;0.0;36.0;3216.0


8.4;0.0;0.0;40.0;3216.0


5.9;0.0;0.0;38.0;3216.0


7.0;0.0;0.0;41.0;3216.0


7.1;0.0;0.0;42.0;3216.0


8.4;0.0;0.0;42.0;3216.0


8.4;0.0;0.0;43.0;3216.0


8.4;0.0;0.0;43.0;3216.0


8.4;0.0;0.0;42.0;3216.0


8.3;0.0;0.0;42.0;3216.0


8.4;0.0;0.0;42.0;3216.0


8.3;0.0;0.0;43.0;3216.0


8.4;0.0;0.0;42.0;3216.0


8.3;0.0;0.0;41.0;3216.0


0.0;4.1;0.3;0.0;3216.0


0.0;0.3;0.0;0.0;3216.0


0.0;14.6;0.2;0.0;3216.0


0.0;0.3;0.0;0.0;3216.0


6.9;15.1;0.7;35.0;3216.0


5.9;0.0;0.0;36.0;3216.0


7.3;0.0;0.0;38.0;3216.0


8.3;0.0;0.0;39.0;3216.0


8.4;0.0;0.0;38.0;3216.0


8.3;0.0;0.0;38.0;3216.0


7.3;0.0;0.0;38.0;3216.0


8.4;0.0;0.0;39.0;3216.0


5.5;0.0;0.0;40.0;3216.0


8.4;0.0;0.0;40.0;3216.0


8.4;0.0;0.0;41.0;3216.0


7.2;0.0;0.0;39.0;3216.0


8.3;0.0;0.0;42.0;3216.0


8.3;0.0;0.0;42.0;3216.0


7.1;0.0;0.0;42.0;3216.0


8.3;0.0;0.0;42.0;3216.0


0.0;4.2;0.3;0.0;3216.0


0.0;0.3;0.0;0.0;3216.0


0.0;12.7;0.2;0.0;3216.0


0.0;0.3;0.0;0.0;3216.0


8.3;16.1;0.7;39.0;3216.0


29.4;0.0;0.0;42.0;3216.0


8.3;0.0;0.0;42.0;3216.0


8.4;0.0;0.0;42.0;3216.0


8.4;0.0;0.0;42.0;3216.0


8.4;0.0;0.0;41.0;3216.0


8.4;0.0;0.0;42.0;3216.0


6.9;0.0;0.0;39.0;3216.0


8.4;0.0;0.0;39.0;3216.0


4.7;0.0;0.0;39.0;3216.0


7.2;0.0;0.0;40.0;3216.0


6.9;0.0;0.0;35.0;3216.0


8.3;0.0;0.0;31.0;3216.0


7.2;0.0;0.0;40.0;3216.0


7.1;0.0;0.0;39.0;3216.0


8.3;0.0;0.0;32.0;3216.0


0.0;4.1;0.3;0.0;3216.0


0.0;0.3;0.0;0.0;3216.0


0.0;13.9;0.2;0.0;3216.0


0.0;0.3;0.0;0.0;3216.0


8.4;16.5;0.7;39.0;3216.0


49.7;0.0;0.0;41.0;3216.0


8.3;0.0;0.0;43.0;3216.0


8.4;0.0;0.0;42.0;3216.0


8.3;0.0;0.0;42.0;3216.0


8.4;0.0;0.0;42.0;3216.0


8.3;0.0;0.0;42.0;3216.0


8.4;0.0;0.0;43.0;3216.0


8.3;0.0;0.0;41.0;3216.0


8.3;0.0;0.0;43.0;3216.0


8.3;0.0;0.0;43.0;3216.0


8.3;0.0;0.0;43.0;3216.0


8.3;0.0;0.0;42.0;3216.0


8.3;0.0;0.0;40.0;3216.0


7.2;0.0;0.0;40.0;3216.0


0.0;4.1;0.3;0.0;3216.0


0.0;0.3;0.0;0.0;3216.0


0.0;15.2;0.2;0.0;3216.0


0.0;0.3;0.0;0.0;3216.0


8.4;15.0;0.7;37.0;3216.0


20.3;0.0;0.0;40.0;3216.0


8.3;0.0;0.0;32.0;3216.0


7.2;0.0;0.0;40.0;3216.0


8.3;0.0;0.0;39.0;3216.0


7.2;0.0;0.0;40.0;3216.0


7.1;0.0;0.0;39.0;3216.0


8.4;0.0;0.0;40.0;3216.0


8.3;0.0;0.0;40.0;3216.0


7.1;0.0;0.0;39.0;3216.0


8.4;0.0;0.0;42.0;3216.0


8.3;0.0;0.0;42.0;3216.0


8.3;0.0;0.0;42.0;3216.0


8.3;0.0;0.0;34.0;3216.0


8.3;0.0;0.0;42.0;3216.0


8.3;0.0;0.0;25.0;3216.0


0.0;4.1;0.3;0.0;3216.0


0.0;0.3;0.0;0.0;3216.0


0.0;14.2;0.2;0.0;3216.0


0.0;0.3;0.0;0.0;3216.0


8.4;15.3;0.7;39.0;3216.0


49.0;0.0;0.0;41.0;3216.0


8.4;0.0;0.0;41.0;3216.0


7.3;0.0;0.0;42.0;3216.0


8.4;0.0;0.0;41.0;3216.0


6.9;0.0;0.0;38.0;3216.0


6.9;0.0;0.0;37.0;3216.0


5.9;0.0;0.0;38.0;3216.0


8.3;0.0;0.0;39.0;3216.0


5.5;0.0;0.0;38.0;3216.0


8.3;0.0;0.0;38.0;3216.0


6.0;0.0;0.0;39.0;3216.0


7.2;0.0;0.0;38.0;3216.0


8.3;0.0;0.0;38.0;3216.0


7.0;0.0;0.0;38.0;3216.0


8.3;0.0;0.0;35.0;3216.0


0.0;4.1;0.3;0.0;3216.0


0.0;0.3;0.0;0.0;3216.0


0.0;14.8;0.2;0.0;3216.0


0.0;0.3;0.0;0.0;3216.0


7.1;16.2;0.7;36.0;3216.0


50.0;0.0;0.0;40.0;3216.0


8.3;0.0;0.0;42.0;3216.0


8.4;0.0;0.0;41.0;3216.0


8.3;0.0;0.0;42.0;3216.0


8.3;0.0;0.0;42.0;3216.0


8.4;0.0;0.0;42.0;3216.0


8.3;0.0;0.0;42.0;3216.0


8.3;0.0;0.0;41.0;3216.0


8.4;0.0;0.0;43.0;3216.0


8.3;0.0;0.0;43.0;3216.0


8.4;0.0;0.0;42.0;3216.0


8.3;0.0;0.0;40.0;3216.0


8.4;0.0;0.0;39.0;3216.0


8.4;0.0;0.0;40.0;3216.0


0.0;4.0;0.3;0.0;3216.0


0.0;0.3;0.0;0.0;3216.0


0.0;15.5;0.2;0.0;3216.0


0.0;0.3;0.0;0.0;3216.0


6.2;16.1;0.7;37.0;3216.0


15.2;0.0;0.0;39.0;3216.0


8.3;0.0;0.0;39.0;3216.0


8.3;0.0;0.0;38.0;3216.0


6.2;0.0;0.0;38.0;3216.0


7.1;0.0;0.0;38.0;3216.0


8.3;0.0;0.0;38.0;3216.0


6.9;0.0;0.0;39.0;3216.0


7.2;0.0;0.0;39.0;3216.0


8.4;0.0;0.0;42.0;3216.0


8.3;0.0;0.0;42.0;3216.0


8.4;0.0;0.0;42.0;3216.0


8.3;0.0;0.0;42.0;3216.0


8.4;0.0;0.0;42.0;3216.0


8.4;0.0;0.0;42.0;3216.0


8.3;0.0;0.0;30.0;3216.0


0.0;4.1;0.3;0.0;3216.0


0.0;0.3;0.0;0.0;3216.0


0.0;14.6;0.2;0.0;3216.0


0.0;0.3;0.0;0.0;3216.0


7.2;16.2;0.7;38.0;3216.0


49.7;0.0;0.0;47.0;3956.0


7.1;0.0;0.0;42.0;3956.0


8.4;0.0;0.0;42.0;3956.0


8.3;0.0;0.0;38.0;3956.0


6.9;0.0;0.0;39.0;3956.0


7.2;0.0;0.0;39.0;3956.0


5.9;0.0;0.0;38.0;3956.0


6.0;0.0;0.0;40.0;3956.0


6.9;0.0;0.0;39.0;3956.0


7.2;0.0;0.0;39.0;3956.0


7.2;0.0;0.0;38.0;3956.0


8.4;0.0;0.0;39.0;3956.0


7.0;0.0;0.0;39.0;3956.0


6.9;0.0;0.0;39.0;3956.0


7.2;0.0;0.0;39.0;3956.0


0.0;4.3;0.3;0.0;3956.0


0.0;0.3;0.0;0.0;3956.0


0.0;13.8;0.2;0.0;3956.0


0.0;0.3;0.0;0.0;3956.0


8.3;15.6;0.7;19.0;3958.0


22.2;0.0;0.0;40.0;3958.0


8.3;0.0;0.0;41.0;3958.0


8.3;0.0;0.0;42.0;3958.0


8.3;0.0;0.0;41.0;3958.0


8.4;0.0;0.0;41.0;3958.0


8.3;0.0;0.0;42.0;3958.0


8.4;0.0;0.0;42.0;3958.0


8.3;0.0;0.0;43.0;3958.0


8.4;0.0;0.0;42.0;3958.0


8.4;0.0;0.0;42.0;3958.0


8.3;0.0;0.0;40.0;3958.0


8.4;0.0;0.0;40.0;3958.0


8.3;0.0;0.0;39.0;3958.0


7.2;0.0;0.0;41.0;3958.0


0.0;4.0;0.3;11.0;3958.0


0.0;0.3;0.0;0.0;3958.0


0.0;14.8;0.2;0.0;3958.0


0.0;0.3;0.0;0.0;3958.0


8.3;17.4;0.7;27.0;3958.0


8.3;0.0;0.0;38.0;3958.0


42.9;0.0;0.0;41.0;3958.0


8.4;0.0;0.0;40.0;3958.0


7.1;0.0;0.0;38.0;3958.0


8.4;0.0;0.0;39.0;3958.0


8.3;0.0;0.0;39.0;3958.0


7.2;0.0;0.0;40.0;3958.0


8.4;0.0;0.0;42.0;3958.0


8.4;0.0;0.0;43.0;3958.0


8.4;0.0;0.0;42.0;3958.0


8.3;0.0;0.0;42.0;3958.0


8.4;0.0;0.0;43.0;3958.0


8.3;0.0;0.0;35.0;3958.0


8.3;0.0;0.0;42.0;3958.0


8.3;0.0;0.0;43.0;3958.0


0.0;4.2;0.3;0.0;3958.0


0.0;0.3;0.0;0.0;3958.0


0.0;12.9;0.2;0.0;3958.0


0.0;0.3;0.0;0.0;3958.0


8.4;16.1;0.7;21.0;3958.0


24.0;0.0;0.0;42.0;3958.0


8.4;0.0;0.0;41.0;3958.0


5.5;0.0;0.0;39.0;3958.0


8.4;0.0;0.0;38.0;3958.0


5.9;0.0;0.0;38.0;3958.0


7.2;0.0;0.0;39.0;3958.0


8.4;0.0;0.0;40.0;3958.0


8.3;0.0;0.0;39.0;3958.0


8.4;0.0;0.0;40.0;3958.0


8.3;0.0;0.0;39.0;3958.0


8.3;0.0;0.0;40.0;3958.0


6.9;0.0;0.0;40.0;3958.0


7.2;0.0;0.0;39.0;3958.0


8.4;0.0;0.0;39.0;3958.0


8.3;0.0;0.0;42.0;3958.0


0.0;4.2;0.3;0.0;3958.0


0.0;0.3;0.0;0.0;3958.0


0.0;14.9;0.2;0.0;3958.0


0.0;0.3;0.0;0.0;3958.0


8.3;16.5;0.7;26.0;3958.0


20.3;0.0;0.0;39.0;3958.0


8.3;0.0;0.0;42.0;3958.0


8.4;0.0;0.0;33.0;3958.0


8.4;0.0;0.0;42.0;3958.0


8.4;0.0;0.0;42.0;3958.0


