9.6;0.4;0.0;0.0;337.0


8.3;128.6;7.6;0.0;337.0


8.4;102.6;8.6;0.0;337.0


0.0;74.2;7.1;0.0;337.0


0.0;0.3;0.0;0.0;337.0


8.4;29.1;1.1;0.0;337.0


8.3;0.3;0.0;3.0;520.0


8.4;0.0;0.0;5.0;648.0


8.3;0.0;0.0;5.0;784.0


8.4;0.2;0.0;5.0;904.0


8.4;0.0;0.0;5.0;1060.0


8.4;70.2;67.7;7.0;1142.0


7.2;84.8;353.6;26.0;1730.0


49.7;0.0;0.0;72.0;1862.0


0.0;0.1;0.0;0.0;1862.0


0.0;0.3;0.0;0.0;1862.0


0.0;14.0;0.2;0.0;1862.0


0.0;0.3;0.0;0.0;1862.0


8.3;15.7;0.7;24.0;1862.0


7.2;0.0;0.0;31.0;2612.0


8.3;0.0;0.0;41.0;2612.0


5.5;0.0;0.0;39.0;2612.0


8.4;0.0;0.0;41.0;2612.0


8.3;0.0;0.0;41.0;2612.0


8.4;0.0;0.0;40.0;2612.0


8.3;0.0;0.0;41.0;2612.0


7.2;0.0;0.0;40.0;2612.0


7.3;0.0;0.0;42.0;2612.0


8.3;0.0;0.0;40.0;2612.0


8.4;0.0;0.0;41.0;2612.0


8.3;0.0;0.0;42.0;2612.0


8.3;0.0;0.0;44.0;2612.0


8.3;0.0;0.0;43.0;2614.0


8.3;0.0;0.0;43.0;2614.0


0.0;4.2;0.3;0.0;2614.0


0.0;0.3;0.0;0.0;2614.0


0.0;13.3;0.2;0.0;2614.0


0.0;0.3;0.0;0.0;2614.0


8.3;15.4;0.7;40.0;2620.0


48.5;0.0;0.0;39.0;2620.0


8.3;0.0;0.0;39.0;2620.0


8.4;0.0;0.0;41.0;2620.0


8.3;0.0;0.0;42.0;2620.0


8.4;0.0;0.0;42.0;2620.0


8.4;0.0;0.0;42.0;2620.0


7.2;0.0;0.0;41.0;2620.0


2.8;0.0;0.0;39.0;2620.0


8.4;0.0;0.0;39.0;2620.0


8.4;0.0;0.0;39.0;2620.0


5.9;0.0;0.0;39.0;2620.0


6.9;0.0;0.0;38.0;2620.0


8.3;0.0;0.0;40.0;2620.0


6.9;0.0;0.0;39.0;2620.0


8.4;0.0;0.0;37.0;2620.0


0.0;4.0;0.3;0.0;2620.0


0.0;0.3;0.0;0.0;2620.0


0.0;14.0;0.2;0.0;2620.0


0.0;0.3;0.0;0.0;2620.0


8.4;16.7;0.7;37.0;2620.0


37.9;0.0;0.0;41.0;2620.0


8.4;0.0;0.0;40.0;2620.0


6.0;0.0;0.0;40.0;2620.0


8.4;0.0;0.0;42.0;2620.0


8.4;0.0;0.0;42.0;2620.0


8.3;0.0;0.0;42.0;2620.0


8.4;0.0;0.0;42.0;2620.0


8.3;0.0;0.0;43.0;2620.0


8.3;0.0;0.0;43.0;2620.0


8.3;0.0;0.0;43.0;2620.0


8.3;0.0;0.0;42.0;2620.0


8.4;0.0;0.0;35.0;2620.0


8.3;0.0;0.0;43.0;2620.0


8.3;0.0;0.0;42.0;2620.0


1.4;4.1;0.3;2.0;2620.0


1.4;0.3;0.0;0.0;2620.0


0.0;12.4;0.2;0.0;2620.0


0.0;0.3;0.0;0.0;2620.0


4.2;14.4;0.4;0.0;2620.0


8.3;1.0;0.3;38.0;2620.0


49.0;0.0;0.0;40.0;2620.0


6.0;0.0;0.0;39.0;2620.0


6.9;0.0;0.0;35.0;2620.0


8.4;0.0;0.0;38.0;2620.0


7.2;0.0;0.0;40.0;2620.0


6.0;0.0;0.0;39.0;2620.0


8.3;0.0;0.0;40.0;2620.0


6.9;0.0;0.0;39.0;2620.0


7.1;0.0;0.0;39.0;2620.0


8.3;0.0;0.0;39.0;2620.0


8.4;0.0;0.0;43.0;2620.0


8.3;0.0;0.0;42.0;2620.0


8.4;0.0;0.0;42.0;2620.0


6.9;0.0;0.0;42.0;2620.0


5.2;4.0;0.3;8.0;2620.0


0.0;0.3;0.0;0.0;2620.0


0.0;13.9;0.2;0.0;2620.0


1.4;0.3;0.0;0.0;2620.0


3.6;14.8;0.4;0.0;2620.0


8.4;1.0;0.3;39.0;2620.0


50.2;0.0;0.0;41.0;2620.0


8.3;0.0;0.0;43.0;2620.0


8.4;0.0;0.0;42.0;2620.0


8.3;0.0;0.0;42.0;2620.0


7.2;0.0;0.0;40.0;2620.0


8.3;0.0;0.0;41.0;2620.0


8.3;0.0;0.0;40.0;2620.0


8.4;0.0;0.0;40.0;2620.0


8.3;0.0;0.0;40.0;2620.0


8.3;0.0;0.0;41.0;2620.0


8.3;0.0;0.0;39.0;2620.0


7.1;0.0;0.0;30.0;2620.0


6.2;0.0;0.0;40.0;2620.0


8.3;0.0;0.0;41.0;2620.0


7.0;0.0;0.0;40.0;2620.0


0.0;4.5;0.3;0.0;2620.0


0.0;14.8;0.2;0.0;2620.0


0.0;0.3;0.0;0.0;2620.0


4.2;14.9;0.4;0.0;2620.0


7.0;1.0;0.3;37.0;2620.0


50.2;0.0;0.0;43.0;2620.0


8.4;0.0;0.0;42.0;2620.0


8.3;0.0;0.0;42.0;2620.0


8.3;0.0;0.0;42.0;2620.0


8.3;0.0;0.0;35.0;2620.0


8.3;0.0;0.0;42.0;2620.0


8.3;0.0;0.0;42.0;2620.0


8.3;0.0;0.0;43.0;2620.0


8.4;0.0;0.0;43.0;2620.0


8.4;0.0;0.0;43.0;2620.0


8.3;0.0;0.0;43.0;2620.0


5.6;0.0;0.0;39.0;2620.0


5.9;0.0;0.0;39.0;2620.0


8.4;0.0;0.0;40.0;2620.0


0.0;4.0;0.3;0.0;2620.0


0.0;0.3;0.0;0.0;2620.0


0.0;13.6;0.2;0.0;2620.0


0.0;0.3;0.0;0.0;2620.0


8.4;15.7;0.7;38.0;2620.0


50.0;0.0;0.0;41.0;2620.0


7.2;0.0;0.0;40.0;2620.0


5.5;0.0;0.0;39.0;2620.0


8.3;0.0;0.0;38.0;2620.0


6.0;0.0;0.0;38.0;2620.0


8.3;0.0;0.0;39.0;2620.0


8.3;0.0;0.0;41.0;2620.0


6.0;0.0;0.0;38.0;2620.0


8.3;0.0;0.0;39.0;2620.0


8.4;0.0;0.0;43.0;2620.0


8.3;0.0;0.0;42.0;2620.0


8.4;0.0;0.0;42.0;2620.0


8.4;0.0;0.0;42.0;2620.0


8.3;0.0;0.0;42.0;2620.0


8.4;0.0;0.0;14.0;2620.0


0.0;4.4;0.3;0.0;2620.0


1.2;14.7;0.2;0.0;2620.0


0.0;0.3;0.0;0.0;2620.0


4.2;15.6;0.4;0.0;2620.0


8.3;1.0;0.3;38.0;2748.0


50.2;0.0;0.0;39.0;3370.0


8.3;0.0;0.0;43.0;3370.0


8.3;0.0;0.0;42.0;3370.0


6.9;0.0;0.0;40.0;3370.0


6.9;0.0;0.0;40.0;3370.0


7.3;0.0;0.0;39.0;3370.0


7.2;0.0;0.0;37.0;3370.0


8.3;0.0;0.0;42.0;3370.0


8.4;0.0;0.0;41.0;3370.0


7.1;0.0;0.0;41.0;3370.0


6.0;0.0;0.0;41.0;3370.0


8.4;0.0;0.0;41.0;3370.0


8.3;0.0;0.0;41.0;3370.0


7.2;0.0;0.0;41.0;3370.0


4.7;4.3;0.3;31.0;3370.0


0.0;0.3;0.0;0.0;3370.0


1.4;13.9;0.2;0.0;3370.0


0.0;0.3;0.0;0.0;3370.0


3.6;14.7;0.4;0.0;3372.0


8.3;1.0;0.3;39.0;3372.0


48.5;0.0;0.0;44.0;3372.0


8.3;0.0;0.0;41.0;3372.0


8.3;0.0;0.0;41.0;3372.0


8.4;0.0;0.0;42.0;3372.0


8.3;0.0;0.0;43.0;3372.0


8.4;0.0;0.0;43.0;3372.0


8.3;0.0;0.0;42.0;3372.0


8.4;0.0;0.0;42.0;3372.0


8.4;0.0;0.0;43.0;3372.0


8.4;0.0;0.0;42.0;3372.0


8.4;0.0;0.0;39.0;3372.0


8.3;0.0;0.0;40.0;3372.0


8.4;0.0;0.0;39.0;3372.0


8.3;0.0;0.0;40.0;3372.0


0.0;4.1;0.3;0.0;3372.0


0.0;0.3;0.0;0.0;3372.0


0.0;13.9;0.2;0.0;3372.0


0.0;0.3;0.0;0.0;3372.0


8.3;16.1;0.7;38.0;3372.0


49.9;0.0;0.0;41.0;3372.0


8.4;0.0;0.0;41.0;3372.0


7.3;0.0;0.0;37.0;3372.0


7.0;0.0;0.0;41.0;3372.0


6.9;0.0;0.0;40.0;3372.0


5.6;0.0;0.0;39.0;3372.0


5.2;0.0;0.0;41.0;3372.0


8.4;0.0;0.0;43.0;3372.0


8.4;0.0;0.0;43.0;3372.0


8.3;0.0;0.0;42.0;3372.0


8.4;0.0;0.0;43.0;3372.0


8.3;0.0;0.0;43.0;3372.0


8.3;0.0;0.0;42.0;3372.0


8.3;0.0;0.0;41.0;3372.0


0.0;4.0;0.3;20.0;3372.0


0.0;0.3;0.0;0.0;3372.0


0.0;14.2;0.2;0.0;3372.0


0.0;0.3;0.0;0.0;3372.0


8.3;14.9;0.7;19.0;3372.0


8.3;0.0;0.0;39.0;3372.0


7.2;0.0;0.0;42.0;3372.0


8.3;0.0;0.0;39.0;3372.0


8.4;0.0;0.0;38.0;3372.0


6.9;0.0;0.0;38.0;3372.0


7.2;0.0;0.0;38.0;3372.0


7.2;0.0;0.0;39.0;3372.0


6.0;0.0;0.0;39.0;3372.0


8.4;0.0;0.0;40.0;3372.0


8.3;0.0;0.0;40.0;3372.0


8.4;0.0;0.0;39.0;3372.0


8.3;0.0;0.0;40.0;3372.0


8.3;0.0;0.0;41.0;3372.0


8.3;0.0;0.0;33.0;3372.0


7.1;0.0;0.0;40.0;3372.0


4.2;4.0;0.3;28.0;3372.0


0.0;0.3;0.0;0.0;3372.0


0.0;13.9;0.2;0.0;3372.0


0.0;0.3;0.0;0.0;3372.0


5.2;15.0;0.7;4.0;3372.0


8.4;0.0;0.0;39.0;3372.0


48.5;0.0;0.0;44.0;3372.0


7.2;0.0;0.0;42.0;3372.0


7.3;0.0;0.0;42.0;3372.0


8.3;0.0;0.0;38.0;3372.0


8.4;0.0;0.0;43.0;3372.0


8.3;0.0;0.0;43.0;3372.0


8.3;0.0;0.0;43.0;3372.0


7.1;0.0;0.0;44.0;3372.0


5.5;0.0;0.0;43.0;3372.0


8.3;0.0;0.0;40.0;3372.0


8.4;0.0;0.0;41.0;3372.0


7.3;0.0;0.0;40.0;3372.0


8.3;0.0;0.0;41.0;3372.0


6.9;0.0;0.0;41.0;3372.0


0.0;4.2;0.3;0.0;3372.0


0.0;0.3;0.0;0.0;3372.0


0.0;13.3;0.2;0.0;3372.0


0.0;0.3;0.0;0.0;3372.0


7.2;15.6;0.7;20.0;3372.0


14.3;0.0;0.0;41.0;3372.0


6.0;0.0;0.0;40.0;3372.0


7.0;0.0;0.0;41.0;3372.0


7.2;0.0;0.0;40.0;3372.0


7.2;0.0;0.0;40.0;3372.0


8.3;0.0;0.0;42.0;3372.0


8.3;0.0;0.0;44.0;3372.0


8.3;0.0;0.0;44.0;3372.0


8.4;0.0;0.0;44.0;3372.0


8.4;0.0;0.0;44.0;3372.0


8.3;0.0;0.0;43.0;3372.0


8.4;0.0;0.0;44.0;3372.0


8.3;0.0;0.0;44.0;3372.0


8.3;0.0;0.0;44.0;3372.0


2.4;4.2;0.3;22.0;3372.0


0.0;0.3;0.0;0.0;3372.0


0.0;14.1;0.2;0.0;3372.0


1.2;0.3;0.0;0.0;3372.0


4.8;15.1;0.4;4.0;3372.0


8.4;1.0;0.3;39.0;3372.0


41.8;0.0;0.0;43.0;3372.0


8.4;0.0;0.0;41.0;3372.0


5.9;0.0;0.0;39.0;3372.0


8.3;0.0;0.0;39.0;3372.0


5.5;0.0;0.0;39.0;3372.0


5.5;0.0;0.0;40.0;3372.0


8.4;0.0;0.0;32.0;3372.0


6.2;0.0;0.0;40.0;3372.0


6.9;0.0;0.0;40.0;3372.0


8.3;0.0;0.0;40.0;3372.0


8.3;0.0;0.0;39.0;3372.0


7.3;0.0;0.0;40.0;3372.0


8.3;0.0;0.0;43.0;3372.0


8.4;0.0;0.0;43.0;3372.0


2.8;4.0;0.3;18.0;3372.0


1.0;0.3;0.0;0.0;3372.0


1.2;13.7;0.2;0.0;3372.0


0.0;0.3;0.0;0.0;3372.0


4.2;13.9;0.4;0.0;3372.0


8.4;1.0;0.3;39.0;3372.0


49.0;0.0;0.0;43.0;3372.0


8.3;0.0;0.0;43.0;3372.0


8.3;0.0;0.0;43.0;3372.0


8.3;0.0;0.0;43.0;3372.0


