8.3;0.4;0.0;0.0;456.0


8.4;128.2;7.6;0.0;456.0


8.3;93.4;7.4;0.0;456.0


3.1;84.0;8.3;1.0;456.0


0.0;0.3;0.0;0.0;456.0


4.2;24.7;1.0;0.0;456.0


7.2;2.3;0.2;2.0;604.0


8.3;0.0;0.0;8.0;745.0


8.3;0.0;0.0;6.0;877.0


8.3;0.0;0.0;7.0;999.0


8.4;0.2;0.0;5.0;1101.0


18.8;70.2;67.7;10.0;1245.0


8.3;47.0;194.6;19.0;1665.0


50.2;37.8;159.0;62.0;1933.0


0.0;0.1;0.0;0.0;1933.0


0.0;0.3;0.0;0.0;1933.0


0.0;13.6;0.2;0.0;1933.0


0.0;0.3;0.0;0.0;1933.0


8.4;16.7;0.7;39.0;1933.0


20.3;0.0;0.0;49.0;2693.0


8.4;0.0;0.0;47.0;2693.0


8.3;0.0;0.0;48.0;2693.0


8.3;0.0;0.0;48.0;2693.0


8.3;0.0;0.0;48.0;2693.0


8.3;0.0;0.0;48.0;2693.0


8.3;0.0;0.0;47.0;2693.0


8.3;0.0;0.0;49.0;2693.0


8.4;0.0;0.0;48.0;2693.0


8.4;0.0;0.0;49.0;2695.0


8.3;0.0;0.0;49.0;2695.0


8.4;0.0;0.0;49.0;2695.0


8.3;0.0;0.0;49.0;2695.0


0.0;4.3;0.3;0.0;2695.0


0.0;0.3;0.0;0.0;2695.0


0.0;15.0;0.2;0.0;2695.0


0.0;0.3;0.0;1.0;2695.0


8.3;15.9;0.7;38.0;2701.0


26.3;0.0;0.0;44.0;2701.0


8.3;0.0;0.0;48.0;2701.0


8.4;0.0;0.0;48.0;2701.0


8.3;0.0;0.0;48.0;2701.0


8.3;0.0;0.0;49.0;2701.0


8.4;0.0;0.0;48.0;2701.0


8.3;0.0;0.0;49.0;2701.0


8.3;0.0;0.0;49.0;2701.0


8.3;0.0;0.0;48.0;2701.0


8.3;0.0;0.0;49.0;2701.0


8.3;0.0;0.0;48.0;2701.0


8.3;0.0;0.0;48.0;2701.0


8.4;0.0;0.0;49.0;2701.0


0.0;4.1;0.3;0.0;2701.0


0.0;0.3;0.0;1.0;2701.0


0.0;13.7;0.2;0.0;2701.0


0.0;0.3;0.0;0.0;2701.0


8.4;16.0;0.7;43.0;2701.0


50.2;0.0;0.0;42.0;2701.0


8.4;0.0;0.0;48.0;2701.0


8.3;0.0;0.0;47.0;2701.0


8.3;0.0;0.0;49.0;2701.0


8.3;0.0;0.0;48.0;2701.0


8.3;0.0;0.0;48.0;2701.0


8.4;0.0;0.0;49.0;2701.0


8.3;0.0;0.0;47.0;2701.0


8.4;0.0;0.0;49.0;2701.0


8.4;0.0;0.0;48.0;2701.0


8.3;0.0;0.0;49.0;2701.0


8.4;0.0;0.0;48.0;2701.0


4.7;4.1;0.3;31.0;2701.0


1.2;0.3;0.0;0.0;2701.0


0.0;13.6;0.2;0.0;2701.0


0.0;0.3;0.0;0.0;2701.0


4.8;16.2;0.7;7.0;2701.0


8.3;0.0;0.0;43.0;2701.0


34.4;0.0;0.0;46.0;2701.0


8.3;0.0;0.0;46.0;2701.0


8.4;0.0;0.0;48.0;2701.0


8.3;0.0;0.0;48.0;2701.0


8.3;0.0;0.0;48.0;2701.0


8.4;0.0;0.0;49.0;2701.0


8.3;0.0;0.0;49.0;2701.0


8.3;0.0;0.0;49.0;2701.0


8.3;0.0;0.0;48.0;2701.0


8.3;0.0;0.0;49.0;2701.0


8.3;0.0;0.0;48.0;2701.0


6.9;0.0;0.0;48.0;2701.0


0.0;4.1;0.3;0.0;2701.0


0.0;0.3;0.0;1.0;2701.0


0.0;14.7;0.2;0.0;2701.0


0.0;0.3;0.0;1.0;2701.0


8.4;15.9;0.7;5.0;2701.0


8.4;0.0;0.0;44.0;2701.0


8.3;0.0;0.0;46.0;2701.0


8.4;0.0;0.0;47.0;2701.0


8.3;0.0;0.0;47.0;2701.0


8.3;0.0;0.0;47.0;2701.0


8.3;0.0;0.0;49.0;2701.0


8.3;0.0;0.0;48.0;2701.0


8.3;0.0;0.0;48.0;2701.0


8.3;0.0;0.0;48.0;2701.0


8.4;0.0;0.0;47.0;2701.0


8.4;0.0;0.0;32.0;2701.0


8.3;0.0;0.0;48.0;2701.0


8.4;0.0;0.0;48.0;2701.0


0.0;4.0;0.3;5.0;2701.0


0.0;0.3;0.0;0.0;2701.0


0.0;14.4;0.2;0.0;2701.0


0.0;0.3;0.0;0.0;2701.0


7.2;15.9;0.7;22.0;2701.0


8.3;0.0;0.0;43.0;2701.0


8.3;0.0;0.0;48.0;2701.0


8.3;0.0;0.0;47.0;2701.0


8.4;0.0;0.0;48.0;2701.0


8.3;0.0;0.0;48.0;2701.0


8.3;0.0;0.0;46.0;2701.0


8.4;0.0;0.0;48.0;2701.0


8.3;0.0;0.0;46.0;2701.0


8.3;0.0;0.0;48.0;2701.0


8.4;0.0;0.0;49.0;2701.0


8.3;0.0;0.0;48.0;2701.0


8.4;0.0;0.0;48.0;2701.0


8.3;0.0;0.0;48.0;2701.0


0.0;4.1;0.3;0.0;2701.0


0.0;0.3;0.0;0.0;2701.0


0.0;14.2;0.2;0.0;2701.0


0.0;0.3;0.0;0.0;2701.0


8.3;15.4;0.7;1.0;2701.0


8.4;0.0;0.0;45.0;2701.0


8.3;0.0;0.0;48.0;2701.0


8.3;0.0;0.0;48.0;2701.0


8.3;0.0;0.0;48.0;2701.0


8.4;0.0;0.0;46.0;2701.0


8.3;0.0;0.0;48.0;2701.0


8.3;0.0;0.0;49.0;2701.0


8.3;0.0;0.0;48.0;2701.0


8.3;0.0;0.0;49.0;2701.0


8.4;0.0;0.0;48.0;2701.0


8.4;0.0;0.0;48.0;2701.0


8.3;0.0;0.0;48.0;2701.0


8.4;0.0;0.0;48.0;2701.0


0.0;4.1;0.3;0.0;2701.0


0.0;0.3;0.0;0.0;2701.0


0.0;14.7;0.2;1.0;2701.0


0.0;0.3;0.0;0.0;2701.0


8.4;16.8;0.7;39.0;2701.0


37.9;0.0;0.0;43.0;2701.0


8.4;0.0;0.0;48.0;2701.0


8.3;0.0;0.0;48.0;2701.0


8.4;0.0;0.0;47.0;2701.0


8.3;0.0;0.0;49.0;2701.0


8.3;0.0;0.0;48.0;2701.0


8.4;0.0;0.0;48.0;2701.0


8.3;0.0;0.0;49.0;2701.0


8.3;0.0;0.0;48.0;2701.0


8.4;0.0;0.0;48.0;2701.0


8.3;0.0;0.0;48.0;2701.0


8.4;0.0;0.0;49.0;2701.0


8.3;0.0;0.0;47.0;2701.0


0.0;4.1;0.3;0.0;2701.0


0.0;0.3;0.0;0.0;2701.0


0.0;13.4;0.2;0.0;2701.0


0.0;0.3;0.0;0.0;2701.0


8.3;15.0;0.7;43.0;2701.0


50.0;0.0;0.0;40.0;2701.0


8.3;0.0;0.0;47.0;2701.0


8.3;0.0;0.0;47.0;2701.0


8.3;0.0;0.0;48.0;2701.0


8.3;0.0;0.0;48.0;2701.0


8.3;0.0;0.0;49.0;2701.0


8.3;0.0;0.0;49.0;2701.0


8.3;0.0;0.0;48.0;2701.0


8.4;0.0;0.0;48.0;2701.0


8.4;0.0;0.0;49.0;2701.0


8.4;0.0;0.0;48.0;2701.0


8.3;0.0;0.0;48.0;2701.0


5.6;4.0;0.3;39.0;2701.0


0.0;0.3;0.0;0.0;2701.0


1.2;14.4;0.2;0.0;2701.0


0.0;0.3;0.0;0.0;2701.0


4.2;15.6;0.4;0.0;2701.0


8.4;1.0;0.3;43.0;2701.0


50.0;0.0;0.0;43.0;2701.0


8.3;0.0;0.0;48.0;2701.0


8.3;0.0;0.0;47.0;2701.0


8.4;0.0;0.0;48.0;2701.0


8.4;0.0;0.0;48.0;2701.0


8.3;0.0;0.0;49.0;2701.0


8.3;0.0;0.0;48.0;2701.0


8.3;0.0;0.0;48.0;2701.0


8.3;0.0;0.0;48.0;2701.0


8.4;0.0;0.0;48.0;2701.0


8.3;0.0;0.0;48.0;2701.0


8.4;0.0;0.0;48.0;2701.0


8.4;3.6;0.3;35.0;2701.0


0.0;0.8;0.0;0.0;2701.0


0.0;14.6;0.2;1.0;2701.0


0.0;0.3;0.0;0.0;2701.0


5.6;15.5;0.4;0.0;2701.0


8.3;1.0;0.3;43.0;2765.0


46.9;0.0;0.0;44.0;3479.0


8.3;0.0;0.0;48.0;3479.0


8.3;0.0;0.0;47.0;3479.0


8.4;0.0;0.0;47.0;3479.0


8.3;0.0;0.0;48.0;3479.0


8.4;0.0;0.0;48.0;3479.0


8.3;0.0;0.0;48.0;3479.0


8.3;0.0;0.0;48.0;3479.0


8.4;0.0;0.0;48.0;3479.0


8.3;0.0;0.0;48.0;3479.0


8.4;0.0;0.0;48.0;3479.0


8.3;0.0;0.0;48.0;3479.0


8.4;0.0;0.0;25.0;3479.0


0.0;4.8;0.3;0.0;3479.0


0.0;15.1;0.2;0.0;3479.0


0.0;0.3;0.0;0.0;3479.0


3.6;14.7;0.4;0.0;3483.0


8.3;1.0;0.3;43.0;3483.0


36.0;0.0;0.0;43.0;3483.0


8.3;0.0;0.0;46.0;3483.0


8.4;0.0;0.0;46.0;3483.0


8.3;0.0;0.0;47.0;3483.0


8.3;0.0;0.0;47.0;3483.0


8.3;0.0;0.0;47.0;3483.0


8.3;0.0;0.0;48.0;3483.0


8.3;0.0;0.0;47.0;3483.0


8.3;0.0;0.0;49.0;3483.0


8.4;0.0;0.0;48.0;3483.0


8.3;0.0;0.0;48.0;3483.0


8.4;0.0;0.0;48.0;3483.0


2.4;4.1;0.3;24.0;3483.0


0.0;0.3;0.0;0.0;3483.0


0.0;13.6;0.2;0.0;3483.0


0.0;0.3;0.0;1.0;3483.0


8.4;14.4;0.7;24.0;3483.0


8.3;0.0;0.0;43.0;3483.0


8.3;0.0;0.0;48.0;3483.0


8.3;0.0;0.0;48.0;3483.0


8.3;0.0;0.0;47.0;3483.0


8.4;0.0;0.0;48.0;3483.0


8.3;0.0;0.0;48.0;3483.0


8.4;0.0;0.0;49.0;3483.0


8.3;0.0;0.0;48.0;3483.0


8.3;0.0;0.0;49.0;3483.0


8.4;0.0;0.0;48.0;3483.0


8.3;0.0;0.0;48.0;3483.0


8.4;0.0;0.0;48.0;3483.0


8.4;0.0;0.0;48.0;3483.0


0.0;3.9;0.3;0.0;3483.0


0.0;0.3;0.0;1.0;3483.0


0.0;15.0;0.2;0.0;3483.0


0.0;0.3;0.0;0.0;3483.0


8.3;16.5;0.7;25.0;3483.0


32.2;0.0;0.0;42.0;3483.0


8.3;0.0;0.0;48.0;3483.0


8.3;0.0;0.0;48.0;3483.0


8.4;0.0;0.0;49.0;3483.0


8.3;0.0;0.0;48.0;3483.0


8.3;0.0;0.0;48.0;3483.0


8.3;0.0;0.0;48.0;3483.0


8.3;0.0;0.0;49.0;3483.0


8.3;0.0;0.0;48.0;3483.0


8.3;0.0;0.0;48.0;3483.0


8.4;0.0;0.0;48.0;3483.0


8.3;0.0;0.0;49.0;3483.0


8.4;0.0;0.0;49.0;3483.0


0.0;4.2;0.3;0.0;3483.0


0.0;0.3;0.0;0.0;3483.0


0.0;14.9;0.2;0.0;3483.0


0.0;0.3;0.0;0.0;3483.0


8.4;15.6;0.7;43.0;3483.0


49.7;0.0;0.0;44.0;3483.0


8.3;0.0;0.0;48.0;3483.0


8.3;0.0;0.0;48.0;3483.0


8.3;0.0;0.0;48.0;3483.0


8.4;0.0;0.0;48.0;3483.0


8.3;0.0;0.0;48.0;3483.0


8.4;0.0;0.0;49.0;3483.0


8.4;0.0;0.0;45.0;3483.0


8.3;0.0;0.0;48.0;3483.0


8.4;0.0;0.0;49.0;3483.0


8.3;0.0;0.0;48.0;3483.0


8.4;0.0;0.0;48.0;3483.0


3.6;4.1;0.3;1.0;3483.0


0.0;0.3;0.0;0.0;3483.0


0.0;14.2;0.2;0.0;3483.0


1.2;0.3;0.0;1.0;3483.0


4.8;14.3;0.4;0.0;3483.0


8.3;1.0;0.3;43.0;3483.0


38.2;0.0;0.0;43.0;3483.0


8.3;0.0;0.0;48.0;3483.0


8.3;0.0;0.0;48.0;3483.0


8.4;0.0;0.0;48.0;3483.0


8.3;0.0;0.0;48.0;3483.0


8.3;0.0;0.0;48.0;3483.0


8.4;0.0;0.0;49.0;3483.0


8.3;0.0;0.0;49.0;3483.0


8.4;0.0;0.0;49.0;3483.0


8.3;0.0;0.0;48.0;3483.0


8.4;0.0;0.0;49.0;3483.0


8.4;0.0;0.0;48.0;3483.0


0.0;4.1;0.3;15.0;3483.0


