209.7;316846080;290
109.8;388280320;914
99.8;481472512;923
119.8;551596032;1103
109.8;551596032;1526
119.8;551817216;1505
109.8;556142592;1488
99.8;556142592;1538
109.8;556142592;1502
99.8;556142592;1536
109.8;644616192;1062
99.9;746852352;1010
89.9;849481728;1014
89.9;951455744;1016
99.9;951586816;1544
109.8;951586816;1540
99.8;951586816;1519
99.8;951586816;1538
99.9;951586816;1522
99.8;951586816;1551
89.9;951586816;1541
99.8;951980032;1346
109.8;952242176;9
99.8;952242176;0
169.7;952373248;1
652.7;955965440;4
788.8;977547264;1
729.9;978595840;4
749.8;988688384;4
788.6;988688384;4
794.8;988688384;2
784.1;988819456;2
633.4;988819456;2
578.9;1017131008;4
588.8;1327247360;1
499.0;1522675712;0
489.2;1522675712;2
399.1;1532112896;6
98.9;1532112896;2
99.8;1532112896;0
239.7;1532768256;1
539.2;1532768256;0
701.4;1532768256;1
758.9;1532768256;1
813.4;1532768256;0
793.0;1532768256;0
765.8;1532899328;0
688.5;1532899328;0
548.7;1532899328;1
499.0;1532899328;0
498.8;1532899328;0
429.2;1532899328;0
159.7;1533161472;7
109.8;1533161472;0
139.8;1533161472;0
411.8;1533816832;0
659.8;1533947904;0
698.8;1534078976;0
760.9;1534078976;0
793.6;1534078976;0
778.6;1534078976;0
799.0;1534078976;0
710.7;1534078976;0
673.8;1534078976;2
598.8;1534078976;0
538.9;1534078976;1
139.7;1534054400;7
99.8;1534054400;0
119.8;1534185472;0
395.8;1534709760;1
698.9;1534709760;0
628.3;1534709760;1
698.4;1534709760;0
787.5;1534709760;0
800.8;1534709760;2
774.4;1534709760;0
698.4;1534709760;0
698.5;1534709760;2
698.6;1534709760;0
678.7;1534709760;1
198.7;1535623168;11
99.8;1535623168;0
119.8;1535623168;0
447.7;1536147456;1
668.7;1536147456;1
588.8;1537982464;2
798.9;1537982464;0
786.6;1542176768;0
794.1;1542176768;0
809.0;1542176768;0
778.2;1542176768;0
498.9;1542176768;0
498.9;1542176768;0
478.9;1542176768;0
329.3;1542176768;0
129.7;1542537216;7
99.8;1542537216;0
149.7;1542537216;0
539.1;1543192576;2
698.1;1543192576;0
730.8;1587757056;1
797.4;1959346176;0
802.6;2367373312;0
788.8;2742239232;0
798.7;3070050304;0
738.5;3070181376;3
698.6;3070181376;0
698.7;3070181376;0
698.6;3070181376;0
608.4;2962194432;4
139.8;2138406912;2
119.8;1788502016;0
169.7;1788633088;0
562.2;1789157376;1
800.7;1789157376;1
775.1;1789157376;0
698.6;1789288448;0
688.7;1789288448;0
743.6;1789288448;2
786.0;1789288448;1
698.8;1789288448;2
604.7;1789288448;0
588.7;1789288448;0
548.3;1789288448;2
109.8;1789288448;6
99.8;1789288448;0
159.7;1789419520;0
604.8;1789943808;0
803.7;1790074880;0
788.8;1790074880;0
794.7;1790074880;0
799.3;1790074880;2
807.3;1790074880;0
699.0;1790074880;0
693.5;1790074880;0
658.9;1790074880;0
598.9;1790074880;0
529.2;1790074880;0
128.9;1790468096;10
99.8;1790468096;0
149.7;1790599168;0
500.1;1791385600;2
604.5;1791385600;0
666.9;1791385600;0
697.4;1791516672;0
698.3;1791516672;0
688.3;1795710976;0
688.4;1795710976;2
598.9;1795710976;0
598.6;1795710976;0
608.4;1795710976;0
518.8;1795710976;3
119.8;1795973120;6
109.8;1795973120;0
149.7;1795973120;0
459.1;1796366336;0
742.5;1796366336;0
728.2;1796366336;0
777.8;1796366336;2
807.8;1796366336;0
800.8;1796366336;0
725.4;1796366336;0
698.4;1796366336;0
708.6;1796366336;0
648.6;1796366336;2
479.3;1796366336;3
99.8;1796497408;3
99.8;1796497408;0
199.7;1797283840;0
716.7;1797283840;0
704.9;1797283840;0
802.2;1797283840;0
799.4;1797283840;0
798.5;1797283840;0
785.3;1797283840;0
698.6;1797283840;0
599.0;1797283840;0
598.9;1797283840;0
588.6;1797283840;2
319.3;1797414912;5
99.6;1797545984;2
99.8;1797545984;0
266.9;1798332416;1
644.8;1798332416;0
754.6;1798332416;0
798.7;1798332416;0
801.7;1798332416;0
796.0;1798332416;0
802.2;1798332416;0
641.8;1798332416;0
537.7;1798332416;0
439.2;1798332416;1
399.3;1798332416;0
379.2;1798332416;0
149.7;1798463488;10
99.8;1798463488;0
159.7;1798594560;0
607.8;1799249920;1
727.2;1799249920;0
688.3;1799249920;2
698.1;1799249920;0
698.4;1803444224;2
698.5;1803444224;0
658.8;1803444224;1
588.9;1803444224;0
499.0;1803444224;0
469.1;1803444224;0
299.5;1803444224;0
239.5;1803575296;4
99.9;1803706368;2
109.8;1803706368;1
339.3;1804492800;0
678.8;1804492800;0
708.3;1804492800;0
704.5;1804492800;0
812.0;1804492800;0
792.1;1804492800;0
794.7;1804492800;0
798.5;1804492800;0
757.1;1804492800;0
598.8;1804492800;0
509.0;1804492800;0
189.7;1804623872;6
99.8;1804623872;0
139.8;1804623872;0
521.9;1805410304;1
688.9;1805410304;0
790.4;1805410304;0
798.7;1805410304;0
806.7;1805410304;0
767.1;1805410304;0
687.9;1805410304;0
698.3;1805410304;0
668.2;1805410304;0
538.8;1805410304;0
498.9;1805410304;0
118.6;1805541376;6
99.9;1805541376;0
169.7;1805541376;0
589.1;1805934592;0
518.7;1805934592;0
788.3;1806065664;0
798.5;1806065664;0
808.1;1806065664;0
798.1;1806065664;0
735.0;1806196736;0
698.4;1806196736;0
698.3;1806196736;0
608.5;1806196736;0
458.9;1806327808;7
99.8;1806327808;2
99.8;1806327808;0
241.3;1806983168;0
715.8;1806983168;0
698.5;1806983168;0
788.6;1807114240;0
798.0;1807114240;0
783.3;1811308544;0
792.9;1811308544;0
719.0;1811308544;0
706.6;1811308544;0
627.3;1811308544;0
489.1;1811308544;0
299.3;1811570688;6
99.8;1811570688;0
99.8;1811701760;0
305.0;1812226048;0
701.4;1812226048;0
698.6;1812226048;0
782.2;1812226048;2
797.3;1812226048;0
798.2;1812226048;0
797.5;1812226048;0
798.1;1812226048;0
604.8;1812226048;0
548.8;1812226048;0
499.0;1812226048;0
259.5;1812488192;6
99.8;1812488192;0
119.8;1812619264;0
426.4;1813274624;0
726.1;1813274624;0
730.3;1813274624;0
798.2;1813274624;0
798.3;1813274624;0
797.7;1813274624;0
748.9;1813274624;0
678.7;1813274624;0
518.6;1813274624;0
688.1;1813274624;0
608.6;1813274624;0
129.7;1813274624;6
99.8;1813274624;0
139.8;1813405696;0
569.2;1813929984;0
697.5;1813929984;0
746.9;1813929984;0
800.9;1813929984;0
806.4;1813929984;0
787.8;1813929984;0
