6.9;29.5;10.1;0.7;0.0;1092.0
8.3;35.0;45.8;3.6;0.0;1092.0
8.3;48.5;24.8;1.9;0.0;1092.0
8.4;62.5;24.6;1.9;0.0;1092.0
8.3;73.6;21.7;1.7;0.0;1092.0
8.4;85.7;21.4;1.7;0.0;1092.0
8.3;100.3;24.7;1.9;0.0;1092.0
8.3;111.6;22.3;1.7;9.0;1093.0
8.4;120.3;13.4;1.0;22.0;1126.0
8.3;134.6;26.5;2.1;9.0;1108.0
8.4;142.9;14.5;1.1;12.0;1100.0
8.3;157.3;27.0;2.1;0.0;1100.0
8.4;170.4;24.8;1.9;0.0;1100.0
8.3;178.5;14.8;1.2;1.0;1100.0
8.3;193.2;25.5;2.0;0.0;1100.0
8.4;205.8;22.0;1.7;0.0;1100.0
8.3;212.4;9.6;0.8;0.0;1096.0
8.3;226.5;25.9;2.0;8.0;1094.0
8.4;234.6;37.5;2.9;1.0;1094.0
8.3;235.0;55.9;4.4;6.0;1094.0
8.4;235.2;56.6;4.4;17.0;1081.0
8.3;235.5;56.0;4.4;0.0;1079.0
8.4;235.9;56.0;4.4;6.0;1075.0
8.4;236.3;55.0;4.3;6.0;1075.0
8.4;236.5;55.5;4.3;6.0;1072.0
8.4;237.0;56.3;4.4;8.0;1075.0
8.3;240.0;53.1;4.1;4.0;1075.0
8.4;252.5;24.1;1.9;0.0;1074.0
8.3;256.3;7.5;0.6;0.0;1074.0
8.3;270.8;27.2;2.1;0.0;1074.0
8.4;285.0;26.8;2.1;0.0;1070.0
8.3;300.0;30.6;2.4;3.0;1070.0
8.3;307.5;14.3;1.1;0.0;1070.0
8.3;312.6;11.0;0.9;0.0;1070.0
8.3;327.0;30.0;2.3;0.0;1070.0
8.4;341.5;26.3;2.1;12.0;1064.0
8.3;355.9;27.7;2.2;3.0;1054.0
8.4;370.2;28.1;2.2;21.0;1078.0
8.4;376.5;12.4;1.0;2.0;1057.0
8.4;379.2;5.4;0.4;0.0;1057.0
8.4;393.6;30.2;2.4;0.0;1057.0
8.3;408.2;30.3;2.4;0.0;1057.0
8.4;422.8;27.5;2.1;0.0;1056.0
8.3;437.2;26.1;2.0;0.0;1056.0
8.4;451.8;28.3;2.2;0.0;1056.0
8.3;462.7;23.9;1.9;0.0;1056.0
8.3;462.7;0.0;0.0;0.0;1060.0
8.4;469.9;14.0;1.1;0.0;1060.0
8.3;483.7;29.1;2.3;0.0;1060.0
8.3;497.8;26.7;2.1;0.0;1060.0
8.3;511.7;27.3;2.1;1.0;1060.0
8.3;525.8;26.5;2.1;0.0;1060.0
8.4;540.3;27.6;2.2;0.0;1060.0
8.3;554.0;30.3;2.4;1.0;1060.0
8.4;568.1;27.2;2.1;0.0;1059.0
8.3;570.0;3.7;0.3;0.0;1065.0
8.4;570.0;0.0;0.0;1.0;1065.0
8.4;578.9;16.4;1.3;0.0;1065.0
8.3;592.9;25.8;2.0;0.0;1065.0
8.4;607.0;27.6;2.2;0.0;1065.0
8.3;620.7;28.3;2.2;5.0;1067.0
8.4;634.6;29.0;2.3;1.0;1067.0
8.3;648.4;26.6;2.1;0.0;1067.0
8.3;662.5;26.9;2.1;0.0;1068.0
8.4;676.4;26.2;2.0;0.0;1068.0
8.3;690.0;27.7;2.2;1.0;1068.0
8.4;702.8;24.2;1.9;1.0;1069.0
8.3;702.8;0.0;0.0;0.0;1065.0
8.3;702.8;0.0;0.0;0.0;1065.0
8.4;707.9;10.0;0.8;0.0;1065.0
7.1;722.1;26.9;2.1;0.0;1065.0
8.4;736.1;27.9;2.2;0.0;1065.0
8.3;750.1;26.8;2.1;0.0;1065.0
8.4;764.1;26.1;2.0;0.0;1065.0
8.4;778.2;28.3;2.2;0.0;1065.0
8.3;792.4;26.6;2.1;0.0;1065.0
8.4;806.2;25.8;2.0;0.0;1065.0
8.3;820.3;26.8;2.1;0.0;1065.0
8.4;834.2;27.6;2.2;0.0;1065.0
8.3;848.6;29.1;2.3;4.0;1069.0
8.3;861.9;25.2;2.0;2.0;1069.0
8.4;867.6;11.0;0.9;0.0;1069.0
8.3;867.6;0.0;0.0;0.0;1068.0
8.3;867.6;0.0;0.0;0.0;1068.0
8.3;870.1;4.5;0.4;1.0;1063.0
8.3;884.1;27.1;2.1;0.0;1063.0
8.4;898.0;27.8;2.2;0.0;1063.0
8.3;912.3;26.6;2.1;0.0;1063.0
8.4;926.0;27.1;2.1;5.0;1063.0
8.4;939.9;27.5;2.1;6.0;1059.0
8.4;954.0;28.6;2.2;3.0;1055.0
8.4;968.2;27.7;2.2;5.0;1072.0
8.3;981.5;24.3;1.9;4.0;1072.0
8.4;995.2;26.8;2.1;0.0;1072.0
8.3;1009.3;27.6;2.2;0.0;1072.0
8.4;1023.5;27.1;2.1;22.0;1091.0
8.3;1036.5;25.7;2.0;3.0;1081.0
7.1;1050.5;27.6;2.2;4.0;1071.0
8.4;1064.4;27.2;2.1;21.0;1088.0
8.3;1074.1;19.4;1.5;19.0;1093.0
8.3;1074.1;0.0;0.0;3.0;1096.0
8.4;1074.1;0.0;0.0;9.0;1096.0
8.3;1074.1;0.0;0.0;3.0;1099.0
8.4;1074.1;0.0;0.0;15.0;1091.0
8.3;1086.1;27.0;2.1;14.0;1100.0
8.4;1099.4;26.7;2.1;8.0;1100.0
8.4;1113.3;28.4;2.2;3.0;1100.0
8.4;1127.5;26.7;2.1;2.0;1100.0
8.4;1141.2;26.3;2.1;0.0;1100.0
8.3;1155.1;30.4;2.4;8.0;1100.0
8.4;1168.7;28.0;2.2;4.0;1100.0
8.3;1183.0;25.2;2.0;5.0;1097.0
8.3;1195.9;24.2;1.9;6.0;1095.0
8.4;1209.9;26.9;2.1;6.0;1095.0
8.3;1223.9;28.6;2.2;4.0;1094.0
8.4;1237.2;27.2;2.1;1.0;1093.0
8.3;1251.2;27.2;2.1;0.0;1093.0
8.3;1265.1;27.1;2.1;0.0;1093.0
8.3;1279.6;28.5;2.2;0.0;1093.0
8.3;1292.9;26.7;2.1;0.0;1093.0
8.4;1306.7;28.3;2.2;0.0;1088.0
8.3;1320.4;26.2;2.0;0.0;1086.0
8.4;1330.0;18.8;1.5;0.0;1086.0
8.4;1330.0;0.0;0.0;2.0;1081.0
8.3;1330.0;0.0;0.0;0.0;1081.0
8.4;1330.0;0.0;0.0;0.0;1075.0
7.1;1330.0;0.0;0.0;7.0;1075.0
8.4;1330.0;0.0;0.0;10.0;1074.0
8.3;1342.7;25.0;2.0;15.0;1075.0
8.3;1356.4;28.4;2.2;9.0;1075.0
8.3;1370.3;28.2;2.2;5.0;1083.0
7.2;1384.8;29.8;2.3;3.0;1082.0
8.4;1398.1;27.0;2.1;5.0;1083.0
8.3;1412.0;25.6;2.0;2.0;1083.0
8.3;1425.6;28.2;2.2;9.0;1088.0
8.3;1439.4;28.3;2.2;10.0;1088.0
8.3;1453.3;27.6;2.2;12.0;1088.0
7.2;1466.5;25.0;2.0;4.0;1088.0
8.3;1480.2;27.7;2.2;0.0;1088.0
8.4;1494.3;26.9;2.1;0.0;1088.0
8.4;1508.2;28.1;2.2;0.0;1093.0
8.4;1521.8;27.3;2.1;13.0;1093.0
8.4;1535.4;27.9;2.2;13.0;1093.0
8.3;1549.3;28.0;2.2;1.0;1093.0
8.4;1563.4;27.7;2.2;0.0;1092.0
8.3;1577.4;26.7;2.1;0.0;1092.0
8.3;1591.3;28.4;2.2;2.0;1092.0
8.3;1605.1;29.9;2.3;9.0;1089.0
8.3;1618.8;26.5;2.1;13.0;1089.0
8.4;1632.7;27.2;2.1;2.0;1089.0
8.3;1646.6;26.8;2.1;0.0;1093.0
8.3;1649.4;6.0;0.5;11.0;1098.0
8.3;1649.4;0.0;0.0;0.0;1104.0
8.3;1649.4;0.0;0.0;0.0;1104.0
8.4;1649.4;0.0;0.0;2.0;1104.0
8.3;1649.4;0.0;0.0;0.0;1104.0
8.4;1649.4;0.0;0.0;0.0;1104.0
7.2;1650.9;2.6;0.2;0.0;1104.0
8.4;1665.2;27.9;2.2;0.0;1104.0
8.4;1679.4;28.4;2.2;0.0;1104.0
8.3;1693.3;27.3;2.1;0.0;1104.0
8.4;1707.6;26.7;2.1;0.0;1104.0
8.3;1721.6;28.6;2.2;0.0;1104.0
8.3;1735.4;27.8;2.2;0.0;1104.0
8.3;1749.5;28.8;2.2;0.0;1104.0
8.3;1763.4;27.5;2.1;0.0;1104.0
8.4;1777.6;27.7;2.2;0.0;1104.0
8.3;1791.7;27.5;2.1;0.0;1104.0
8.3;1805.5;28.2;2.2;0.0;1104.0
8.4;1819.5;26.8;2.1;0.0;1104.0
8.3;1833.5;28.1;2.2;0.0;1107.0
8.4;1847.7;29.7;2.3;0.0;1107.0
8.3;1861.3;27.7;2.2;8.0;1102.0
8.4;1874.4;26.7;2.1;5.0;1102.0
8.4;1888.3;28.8;2.2;5.0;1102.0
8.4;1902.5;27.2;2.1;1.0;1102.0
8.4;1916.5;27.4;2.1;0.0;1102.0
8.3;1930.6;25.1;2.0;0.0;1102.0
8.4;1944.5;26.2;2.0;0.0;1102.0
8.3;1958.7;27.2;2.1;0.0;1102.0
8.3;1972.9;26.3;2.1;0.0;1102.0
8.3;1986.8;26.9;2.1;0.0;1102.0
8.3;2001.1;26.2;2.0;0.0;1102.0
8.4;2015.0;27.5;2.1;0.0;1102.0
8.3;2029.0;29.3;2.3;0.0;1099.0
8.3;2043.0;27.3;2.1;13.0;1088.0
8.4;2046.9;8.2;0.6;14.0;1086.0
8.3;2046.9;0.0;0.0;1.0;1086.0
8.4;2046.9;0.0;0.0;0.0;1086.0
8.3;2046.9;0.0;0.0;0.0;1086.0
8.4;2046.9;0.0;0.0;0.0;1086.0
8.4;2046.9;0.0;0.0;0.0;1086.0
8.4;2046.9;0.0;0.0;0.0;1086.0
8.4;2046.9;0.0;0.0;0.0;1086.0
8.3;2053.4;11.9;0.9;0.0;1082.0
8.4;2067.5;28.0;2.2;0.0;1082.0
8.3;2081.5;27.2;2.1;0.0;1082.0
8.4;2096.4;28.6;2.2;0.0;1082.0
8.3;2110.4;26.9;2.1;0.0;1082.0
8.3;2124.3;28.1;2.2;0.0;1082.0
8.4;2138.5;25.7;2.0;0.0;1082.0
8.3;2152.6;27.0;2.1;0.0;1082.0
8.3;2166.8;26.7;2.1;0.0;1082.0
8.3;2181.0;29.7;2.3;0.0;1082.0
8.3;2195.0;28.1;2.2;0.0;1082.0
8.4;2209.2;25.6;2.0;0.0;1082.0
8.3;2223.1;23.8;1.9;0.0;1082.0
8.4;2237.2;27.7;2.2;0.0;1082.0
8.4;2251.3;27.9;2.2;0.0;1082.0
8.4;2265.2;27.3;2.1;0.0;1082.0
8.4;2279.4;26.3;2.1;0.0;1082.0
8.4;2294.0;24.4;1.9;0.0;1082.0
8.4;2307.4;24.4;1.9;0.0;1082.0
8.3;2321.1;26.8;2.1;0.0;1082.0
8.4;2335.2;27.3;2.1;0.0;1082.0
7.1;2349.4;27.8;2.2;0.0;1082.0
8.3;2363.3;26.8;2.1;0.0;1082.0
8.4;2377.6;27.2;2.1;0.0;1082.0
8.3;2391.7;26.3;2.1;0.0;1082.0
8.4;2405.7;28.1;2.2;0.0;1082.0
8.3;2419.8;27.1;2.1;0.0;1082.0
8.3;2433.9;26.6;2.1;0.0;1082.0
7.2;2447.8;25.8;2.0;14.0;1075.0
8.3;2461.7;27.7;2.2;13.0;1075.0
8.4;2475.4;27.4;2.1;13.0;1075.0
6.9;2489.4;27.3;2.1;0.0;1075.0
8.4;2503.4;25.9;2.0;0.0;1075.0
8.4;2517.4;26.6;2.1;0.0;1075.0
8.3;2531.6;27.3;2.1;0.0;1075.0
8.4;2540.9;19.8;1.5;0.0;1075.0
8.3;2540.9;0.0;0.0;0.0;1075.0
8.4;2540.9;0.0;0.0;0.0;1075.0
8.3;2540.9;0.0;0.0;0.0;1075.0
8.3;2540.9;0.0;0.0;0.0;1075.0
8.4;2540.9;0.0;0.0;0.0;1075.0
8.3;2540.9;0.0;0.0;0.0;1075.0
8.3;2540.9;0.0;0.0;0.0;1075.0
8.3;2540.9;0.0;0.0;0.0;1075.0
8.3;2540.9;0.0;0.0;0.0;1075.0
8.4;2540.9;0.0;0.0;0.0;1075.0
9.5;2554.3;451.0;1.6;1.0;1075.0
8.4;2558.4;909.7;0.3;0.0;1075.0
8.4;2598.8;772.7;21.8;0.0;1075.0
8.4;2648.9;724.5;30.3;0.0;1075.0
9.4;2656.8;923.7;12.5;0.0;1075.0
8.4;2658.6;1070.4;2.0;0.0;1076.0
8.4;2764.2;7.0;62.7;14.0;1088.0
7.2;2779.1;678.8;29.5;16.0;1090.0
10.4;2778.4;611.9;19.3;15.0;1090.0
9.5;2815.4;867.8;14.8;0.0;1090.0
7.2;2850.1;433.3;40.8;0.0;1090.0
8.3;2893.6;541.5;26.8;0.0;1090.0
8.3;2927.9;585.2;30.1;0.0;1090.0
8.4;2953.1;801.1;18.6;0.0;1090.0
7.1;2974.4;297.0;42.4;0.0;1090.0
8.4;3010.9;592.6;28.7;0.0;1086.0
8.4;3041.3;424.6;32.3;0.0;1086.0
5.9;3061.9;998.1;14.7;0.0;1086.0
8.4;3085.5;578.7;23.0;0.0;1086.0
8.3;3143.9;330.2;35.7;0.0;1086.0
8.4;3164.5;466.8;33.4;0.0;1086.0
9.6;3183.3;606.3;23.5;0.0;1086.0
8.3;3224.3;695.6;19.9;0.0;1086.0
10.8;3251.5;328.5;29.2;4.0;1086.0
2.1;3276.5;70.7;39.5;2.0;1086.0
3.6;3308.5;5.2;33.1;1.0;1086.0
2.8;3334.2;3.0;24.5;0.0;1086.0
0.0;3356.8;3.3;27.6;0.0;1086.0
0.0;3384.6;2.5;30.3;10.0;1093.0
1.2;3409.9;2.5;27.4;14.0;1094.0
7.2;3449.3;2.5;33.1;0.0;1094.0
8.3;3471.6;1.7;26.5;9.0;1094.0
8.4;3513.1;2.0;30.8;2.0;1091.0
8.3;3528.8;1.5;19.9;1.0;1083.0
8.3;3596.8;3.0;61.3;1.0;1083.0
5.5;3599.4;3.0;20.1;5.0;1083.0
8.3;3621.5;3.1;34.0;15.0;1080.0
3.1;3655.9;3.9;38.4;1.0;1080.0
5.2;3674.8;3.3;21.5;0.0;1080.0
3.6;3717.0;3.2;40.1;0.0;1080.0
6.0;3738.5;3.3;28.5;7.0;1079.0
5.9;3779.3;2.7;27.8;4.0;1075.0
7.3;3808.6;3.5;37.7;4.0;1081.0
4.7;3816.8;2.8;18.3;1.0;1081.0
8.4;3862.9;3.7;45.7;6.0;1083.0
8.3;3870.5;8.5;13.8;1.0;1083.0
8.4;3897.8;8.7;30.8;5.0;1083.0
8.3;3946.9;6.3;38.5;2.0;1083.0
8.3;3972.4;6.0;34.0;1.0;1083.0
9.6;4001.7;6.7;36.7;7.0;1081.0
8.3;4011.8;13.3;15.9;3.0;1081.0
8.3;4068.0;7.0;44.9;1.0;1081.0
8.4;4077.1;11.4;26.6;1.0;1079.0
8.3;4104.7;11.9;31.2;1.0;1079.0
8.4;4132.2;13.7;21.6;1.0;1079.0
8.3;4171.2;10.9;31.2;0.0;1079.0
8.4;4196.8;7.5;39.4;1.0;1071.0
8.4;4207.5;13.2;20.7;10.0;1071.0
8.4;4245.3;5.3;35.5;1.0;1071.0
8.4;4274.4;12.5;33.6;1.0;1071.0
