8.4;58.7;27.9;1.6;0.0;1242.0
7.2;103.9;122.3;10.9;0.0;1242.0
5.9;141.8;137.2;7.4;0.0;1242.0
8.4;177.3;131.6;6.9;1.0;1242.0
8.3;208.3;98.4;7.0;1.0;1242.0
8.3;276.8;112.9;32.2;1.0;1242.0
8.4;328.6;0.0;0.0;0.0;1242.0
8.3;346.3;0.0;0.0;0.0;1242.0
8.3;364.0;0.0;0.0;0.0;1242.0
8.3;380.8;0.0;0.0;0.0;1242.0
8.4;397.6;0.0;0.0;0.0;1242.0
8.4;409.8;0.0;0.0;0.0;1242.0
8.4;426.6;0.0;0.0;0.0;1242.0
8.3;443.6;0.0;0.0;0.0;1242.0
8.3;460.3;0.0;0.0;0.0;1242.0
8.4;477.4;0.0;0.0;0.0;1242.0
8.3;469.4;18.6;0.1;0.0;1242.0
8.3;469.5;57.0;0.3;0.0;1242.0
8.3;469.5;57.3;0.3;0.0;1242.0
8.3;469.5;57.3;0.3;0.0;1242.0
8.4;469.5;56.7;0.3;0.0;1242.0
8.4;469.6;56.7;0.3;0.0;1242.0
8.3;469.6;59.1;0.3;0.0;1242.0
8.4;469.6;57.6;0.3;0.0;1242.0
8.3;469.6;57.0;0.3;0.0;1242.0
8.4;469.6;57.9;0.3;0.0;1242.0
8.3;469.6;57.3;0.3;0.0;1242.0
8.3;469.6;57.0;0.3;0.0;1242.0
8.4;469.6;59.1;0.3;0.0;1242.0
8.4;469.6;58.2;0.3;0.0;1242.0
8.3;469.6;57.6;0.3;0.0;1242.0
8.3;469.6;58.8;0.3;0.0;1242.0
8.3;469.6;55.2;0.3;0.0;1242.0
8.4;469.6;57.6;0.3;0.0;1242.0
8.4;469.6;59.7;0.3;0.0;1242.0
8.3;469.6;57.3;0.3;0.0;1242.0
8.3;469.6;57.9;0.3;0.0;1242.0
8.4;469.6;56.1;0.3;0.0;1242.0
8.3;469.6;57.9;0.3;0.0;1242.0
8.4;469.6;57.6;0.3;0.0;1242.0
8.3;469.6;55.5;0.3;0.0;1242.0
8.3;469.6;61.5;0.3;0.0;1242.0
8.4;469.6;58.8;0.3;0.0;1242.0
8.3;469.6;57.3;0.3;0.0;1242.0
8.3;469.6;55.2;0.3;0.0;1242.0
8.4;469.6;57.6;0.3;0.0;1242.0
8.4;469.6;59.1;0.3;0.0;1242.0
8.4;469.6;56.1;0.3;0.0;1242.0
8.3;469.6;60.9;0.3;0.0;1242.0
8.3;469.6;57.0;0.3;0.0;1242.0
8.3;469.6;58.2;0.3;0.0;1242.0
8.4;469.6;59.4;0.3;0.0;1242.0
8.3;469.6;56.7;0.3;0.0;1242.0
8.3;469.6;59.4;0.3;0.0;1242.0
8.3;469.6;55.8;0.3;0.0;1242.0
8.3;469.6;58.5;0.3;0.0;1242.0
8.4;469.6;56.4;0.3;0.0;1242.0
8.3;469.6;57.6;0.3;0.0;1242.0
8.3;469.6;57.3;0.3;0.0;1242.0
8.4;469.6;57.9;0.3;0.0;1242.0
8.3;469.6;57.6;0.3;0.0;1242.0
8.4;469.6;57.6;0.3;0.0;1242.0
8.3;469.6;55.2;0.3;0.0;1242.0
8.4;469.6;58.5;0.3;0.0;1242.0
8.4;469.6;54.6;0.3;0.0;1242.0
8.4;469.6;58.2;0.3;0.0;1242.0
8.3;469.6;56.7;0.3;0.0;1242.0
8.3;469.6;56.7;0.3;0.0;1242.0
8.4;469.6;57.3;0.3;0.0;1242.0
8.3;469.6;58.2;0.3;0.0;1242.0
8.4;469.6;56.1;0.3;0.0;1242.0
8.3;469.6;54.6;0.3;0.0;1242.0
8.3;469.6;58.5;0.3;0.0;1242.0
8.4;469.6;57.3;0.3;0.0;1242.0
8.3;469.6;58.2;0.3;0.0;1242.0
8.4;469.6;58.5;0.3;0.0;1242.0
8.3;469.6;57.3;0.3;0.0;1242.0
8.3;469.6;56.4;0.3;0.0;1242.0
8.4;469.6;55.2;0.3;0.0;1242.0
8.3;469.6;55.2;0.3;0.0;1242.0
8.3;469.6;54.9;0.3;0.0;1242.0
8.4;469.6;59.4;0.3;0.0;1242.0
8.4;469.6;55.2;0.3;0.0;1242.0
8.4;469.6;58.5;0.3;0.0;1242.0
8.3;469.6;55.5;0.3;0.0;1242.0
8.3;469.6;58.5;0.3;0.0;1242.0
8.3;469.6;57.3;0.3;0.0;1242.0
8.3;469.6;55.5;0.3;0.0;1242.0
8.3;469.6;59.4;0.3;0.0;1242.0
8.3;469.6;58.5;0.3;0.0;1242.0
8.4;469.6;57.3;0.3;0.0;1242.0
8.3;469.6;57.3;0.3;0.0;1242.0
8.4;469.6;58.2;0.3;0.0;1242.0
8.3;469.6;57.3;0.3;0.0;1242.0
8.3;469.6;58.2;0.3;0.0;1242.0
8.4;469.6;57.3;0.3;0.0;1242.0
8.3;469.6;56.1;0.3;0.0;1242.0
8.4;469.6;58.8;0.3;0.0;1242.0
8.3;469.6;56.1;0.3;0.0;1242.0
8.4;469.6;57.3;0.3;0.0;1242.0
8.4;469.6;56.4;0.3;0.0;1242.0
8.4;469.6;57.0;0.3;0.0;1242.0
8.3;469.6;57.3;0.3;0.0;1242.0
8.3;469.6;57.6;0.3;0.0;1242.0
8.4;469.6;57.6;0.3;0.0;1242.0
8.4;469.6;55.8;0.3;0.0;1242.0
8.3;469.6;60.0;0.3;0.0;1242.0
8.3;469.6;56.1;0.3;0.0;1242.0
8.3;469.6;57.3;0.3;0.0;1242.0
8.4;469.6;57.0;0.3;0.0;1242.0
8.3;469.6;56.7;0.3;0.0;1242.0
8.3;469.6;56.4;0.3;0.0;1242.0
8.4;469.6;58.2;0.3;0.0;1242.0
8.4;469.6;58.5;0.3;0.0;1242.0
8.4;469.6;60.6;0.3;0.0;1242.0
8.3;469.6;55.8;0.3;0.0;1242.0
8.3;469.6;57.0;0.3;0.0;1242.0
8.4;469.6;58.5;0.3;0.0;1242.0
8.4;469.6;56.4;0.3;0.0;1242.0
8.4;469.6;57.3;0.3;0.0;1242.0
8.3;469.6;57.3;0.3;0.0;1242.0
8.4;469.6;56.4;0.3;0.0;1242.0
8.3;469.6;57.3;0.3;0.0;1242.0
8.4;469.6;58.5;0.3;0.0;1242.0
8.3;469.6;56.4;0.3;0.0;1242.0
8.3;469.6;57.6;0.3;0.0;1242.0
8.4;469.6;58.7;0.3;0.0;1242.0
8.3;469.6;58.0;0.3;0.0;1242.0
8.4;469.6;57.6;0.3;0.0;1242.0
8.3;469.6;57.3;0.3;0.0;1242.0
8.3;469.6;57.3;0.3;0.0;1242.0
8.4;469.6;56.7;0.3;0.0;1242.0
8.3;469.6;56.7;0.3;0.0;1242.0
8.3;469.6;56.7;0.3;0.0;1242.0
8.3;469.6;57.9;0.3;0.0;1242.0
8.4;469.6;58.8;0.3;0.0;1242.0
8.4;469.6;58.2;0.3;0.0;1242.0
8.4;469.6;56.4;0.3;0.0;1242.0
8.3;469.6;56.4;0.3;0.0;1242.0
8.3;469.6;57.3;0.3;0.0;1242.0
8.4;469.6;57.0;0.3;0.0;1242.0
8.3;469.6;57.0;0.3;0.0;1242.0
8.3;469.6;58.5;0.3;0.0;1242.0
8.3;469.6;59.1;0.3;0.0;1242.0
8.3;469.6;56.4;0.3;0.0;1242.0
8.3;469.6;55.2;0.3;0.0;1242.0
8.3;469.6;60.9;0.3;0.0;1242.0
8.3;469.6;56.7;0.3;0.0;1242.0
8.4;469.6;56.1;0.3;0.0;1242.0
8.3;469.6;58.2;0.3;0.0;1242.0
8.4;469.6;59.4;0.3;0.0;1242.0
8.3;469.6;60.6;0.3;0.0;1242.0
8.3;469.6;55.2;0.3;0.0;1242.0
8.4;469.6;57.6;0.3;0.0;1242.0
8.4;469.6;58.8;0.3;0.0;1242.0
8.3;469.6;59.1;0.3;0.0;1242.0
8.3;469.6;55.8;0.3;0.0;1242.0
8.4;469.6;57.3;0.3;0.0;1242.0
8.3;469.6;57.0;0.3;0.0;1242.0
8.4;469.6;57.9;0.3;0.0;1242.0
8.3;469.6;58.5;0.3;0.0;1242.0
8.3;469.6;57.3;0.3;0.0;1242.0
8.4;469.6;57.9;0.3;0.0;1242.0
8.3;469.6;56.4;0.3;0.0;1242.0
8.4;469.6;57.3;0.3;0.0;1242.0
8.3;469.6;57.3;0.3;0.0;1242.0
8.3;469.6;57.0;0.3;0.0;1242.0
8.4;469.6;56.7;0.3;0.0;1242.0
8.3;469.6;57.3;0.3;0.0;1242.0
8.3;469.6;59.1;0.3;0.0;1242.0
8.4;469.6;58.2;0.3;0.0;1242.0
8.4;469.6;58.8;0.3;0.0;1242.0
8.4;469.6;60.0;0.3;0.0;1242.0
8.3;469.6;57.3;0.3;0.0;1242.0
8.3;469.6;55.8;0.3;0.0;1242.0
8.3;469.6;57.3;0.3;0.0;1242.0
8.4;469.6;57.6;0.3;0.0;1242.0
8.3;469.6;57.9;0.3;0.0;1242.0
8.3;469.6;56.7;0.3;0.0;1242.0
8.3;469.6;55.8;0.3;0.0;1242.0
8.3;469.6;58.2;0.3;0.0;1242.0
8.4;469.6;58.5;0.3;0.0;1242.0
8.3;469.6;59.1;0.3;0.0;1242.0
8.3;470.7;54.3;0.3;0.0;1242.0
8.4;470.7;56.7;0.3;0.0;1242.0
8.4;470.7;55.2;0.3;0.0;1242.0
8.4;470.7;57.3;0.3;0.0;1242.0
8.3;470.7;60.6;0.3;0.0;1242.0
8.4;470.7;56.7;0.3;0.0;1242.0
8.4;470.7;58.5;0.3;0.0;1242.0
8.4;470.7;56.1;0.3;0.0;1242.0
8.3;470.7;57.6;0.3;0.0;1242.0
8.3;470.7;55.5;0.3;0.0;1242.0
8.3;470.7;56.7;0.3;0.0;1242.0
8.3;470.7;57.6;0.3;0.0;1242.0
8.4;470.7;56.1;0.3;0.0;1242.0
8.3;470.7;58.5;0.3;0.0;1242.0
8.3;470.7;55.8;0.3;0.0;1242.0
8.4;470.7;57.0;0.3;0.0;1242.0
8.3;470.7;58.5;0.3;0.0;1242.0
8.3;470.7;55.5;0.3;0.0;1242.0
8.3;470.7;61.5;0.3;0.0;1242.0
8.3;470.7;57.3;0.3;0.0;1242.0
8.4;470.7;55.8;0.3;0.0;1242.0
8.3;470.7;57.9;0.3;0.0;1242.0
8.3;470.7;56.7;0.3;0.0;1242.0
8.4;470.7;54.6;0.3;0.0;1242.0
8.4;470.7;57.3;0.3;0.0;1242.0
8.4;470.7;59.1;0.3;0.0;1242.0
8.3;470.7;56.7;0.3;0.0;1242.0
8.3;470.7;57.9;0.3;0.0;1242.0
8.3;470.7;58.2;0.3;0.0;1242.0
8.4;470.7;57.3;0.3;0.0;1242.0
8.3;470.7;58.2;0.3;0.0;1242.0
8.3;470.7;56.1;0.3;0.0;1242.0
8.4;470.7;60.3;0.3;0.0;1242.0
8.3;470.7;55.8;0.3;0.0;1242.0
8.4;470.7;57.9;0.3;0.0;1242.0
8.3;470.7;57.3;0.3;0.0;1242.0
8.4;470.7;53.1;0.3;0.0;1242.0
8.4;470.7;58.8;0.3;0.0;1242.0
8.3;470.7;56.1;0.3;0.0;1242.0
8.3;470.7;59.1;0.3;0.0;1242.0
8.3;470.7;58.2;0.3;0.0;1242.0
8.4;470.7;58.5;0.3;0.0;1242.0
8.4;470.7;55.2;0.3;0.0;1242.0
8.4;470.7;59.7;0.3;0.0;1242.0
8.3;470.7;57.3;0.3;0.0;1242.0
8.3;470.7;59.7;0.3;0.0;1242.0
8.4;470.7;59.1;0.3;0.0;1242.0
8.3;470.7;57.0;0.3;0.0;1242.0
8.3;470.7;54.3;0.3;0.0;1242.0
8.3;470.7;58.5;0.3;0.0;1242.0
8.3;470.7;58.8;0.3;0.0;1242.0
8.4;470.7;57.6;0.3;0.0;1242.0
8.3;470.7;56.1;0.3;0.0;1242.0
8.3;470.7;54.9;0.3;0.0;1242.0
8.4;470.7;56.4;0.3;0.0;1242.0
8.3;470.7;57.3;0.3;0.0;1242.0
8.4;470.7;58.2;0.3;0.0;1242.0
8.3;470.7;59.4;0.3;0.0;1242.0
8.3;470.7;56.4;0.3;0.0;1242.0
8.4;470.7;58.2;0.3;0.0;1242.0
8.4;470.7;56.1;0.3;0.0;1242.0
8.4;470.7;57.6;0.3;0.0;1242.0
8.3;470.7;53.1;0.3;0.0;1242.0
8.4;470.7;58.5;0.3;0.0;1242.0
8.3;470.7;58.5;0.3;0.0;1242.0
8.4;470.7;56.7;0.3;0.0;1242.0
8.3;470.7;57.9;0.3;0.0;1242.0
8.3;470.7;59.7;0.3;0.0;1242.0
8.4;470.7;55.8;0.3;0.0;1242.0
8.4;470.7;55.2;0.3;0.0;1242.0
8.4;470.7;58.8;0.3;0.0;1242.0
8.3;470.7;58.2;0.3;0.0;1242.0
8.3;470.7;57.3;0.3;0.0;1242.0
8.4;470.7;56.7;0.3;0.0;1242.0
8.3;470.7;59.4;0.3;0.0;1242.0
8.3;470.7;55.8;0.3;0.0;1242.0
8.3;470.7;59.7;0.3;0.0;1242.0
8.4;470.7;55.5;0.3;0.0;1242.0
8.4;470.7;56.1;0.3;0.0;1242.0
8.4;470.7;58.8;0.3;0.0;1242.0
8.3;470.7;60.3;0.3;0.0;1242.0
8.3;470.7;55.8;0.3;0.0;1242.0
8.4;470.7;58.2;0.3;0.0;1242.0
8.3;470.7;57.0;0.3;0.0;1242.0
8.3;470.7;57.6;0.3;0.0;1242.0
8.3;470.7;56.1;0.3;0.0;1242.0
8.3;470.7;58.8;0.3;0.0;1242.0
8.4;470.7;57.3;0.3;0.0;1242.0
8.3;470.7;57.3;0.3;0.0;1242.0
8.3;470.7;59.1;0.3;0.0;1242.0
8.4;470.7;58.8;0.3;0.0;1242.0
8.3;470.7;56.1;0.3;0.0;1242.0
8.4;470.7;58.2;0.3;0.0;1242.0
8.3;470.7;58.8;0.3;0.0;1242.0
8.4;470.7;57.9;0.3;0.0;1242.0
8.4;470.7;58.5;0.3;0.0;1242.0
8.4;470.7;58.2;0.3;0.0;1242.0
8.4;470.7;57.9;0.3;0.0;1242.0
8.3;470.7;56.7;0.3;0.0;1242.0
8.4;470.7;56.4;0.3;0.0;1242.0
8.3;470.7;57.6;0.3;0.0;1242.0
8.4;470.7;57.6;0.3;0.0;1242.0
8.3;470.7;59.1;0.3;0.0;1242.0
8.3;470.7;57.6;0.3;0.0;1242.0
8.4;470.7;58.8;0.3;0.0;1242.0
8.3;470.7;59.1;0.3;0.0;1242.0
8.3;470.7;57.9;0.3;0.0;1242.0
8.3;470.7;57.9;0.3;0.0;1242.0
8.4;470.7;55.8;0.3;0.0;1242.0
8.4;470.7;59.4;0.3;0.0;1242.0
8.3;470.7;56.4;0.3;0.0;1242.0
8.3;470.7;59.4;0.3;0.0;1242.0
8.4;470.7;57.6;0.3;0.0;1242.0
8.4;470.7;57.3;0.3;0.0;1242.0
8.4;470.7;58.5;0.3;0.0;1242.0
8.3;470.7;57.6;0.3;0.0;1242.0
8.3;470.7;56.7;0.3;0.0;1242.0
