47.1;114.4;158.9;0.0
81.3;139.2;55.2;0.0
35.0;156.4;40.1;0.0
0.0;156.4;0.0;0.0
0.0;156.4;0.0;0.0
0.0;156.4;0.1;0.0
0.0;156.4;0.0;0.0
0.0;156.4;1.2;0.0
0.0;156.4;0.0;0.0
0.0;156.4;0.7;0.0
0.0;156.4;0.0;0.0
0.0;156.4;0.5;0.0
0.0;156.4;0.0;0.0
0.0;156.4;0.5;0.0
0.0;156.4;0.0;0.0
0.0;156.4;0.6;0.0
0.0;156.4;0.0;0.0
17.2;159.5;0.2;0.0
29.9;160.0;0.6;0.0
40.9;160.8;6.1;0.0
50.0;160.8;0.1;0.0
0.0;160.8;3.0;0.0
24.9;161.7;3.9;0.0
0.0;161.7;0.1;0.0
0.0;161.7;0.0;0.0
0.0;161.7;1.3;0.0
0.0;161.7;0.0;0.0
0.0;161.7;0.7;0.0
0.0;161.7;0.0;0.0
0.0;161.7;0.4;0.0
0.0;161.7;0.0;0.0
0.0;161.7;0.3;0.0
0.0;161.7;0.0;0.0
0.0;161.7;0.5;0.0
0.0;161.7;0.0;0.0
14.8;162.2;0.2;0.0
49.0;179.5;17.5;4.0
48.6;185.1;36.2;0.0
49.4;216.2;1260.2;0.0
50.0;247.3;858.7;0.0
50.0;247.3;307.6;0.0
50.0;247.3;318.8;0.0
53.0;247.3;343.2;0.0
48.0;247.3;341.2;0.0
49.4;247.3;339.8;0.0
50.0;247.3;343.4;0.0
50.0;247.3;345.2;0.0
50.0;247.7;324.6;0.0
48.6;247.7;376.3;0.0
53.2;247.7;371.1;0.0
50.0;247.7;355.8;0.0
50.0;279.0;328.3;0.0
48.2;279.3;0.6;196.0
52.8;279.3;0.6;192.0
50.0;248.9;0.5;92.0
50.0;186.1;0.0;0.0
