39.8;99.4;62.7;0.0
50.0;111.9;87.0;0.0
84.9;137.8;63.6;0.0
45.0;156.6;40.1;0.0
0.0;156.6;0.0;0.0
0.0;156.6;0.0;0.0
10.0;156.6;0.1;0.0
0.0;156.6;0.0;0.0
0.0;156.6;1.2;0.0
0.0;156.6;0.0;0.0
0.0;156.6;0.7;0.0
0.0;156.6;0.0;0.0
0.0;156.6;0.5;0.0
0.0;156.6;0.0;0.0
0.0;156.6;0.5;0.0
0.0;156.6;0.0;0.0
0.0;156.6;0.6;0.0
0.0;156.6;0.0;0.0
24.6;159.4;0.2;0.0
29.9;160.0;0.5;0.0
0.0;160.0;1.9;0.0
0.0;160.0;0.0;0.0
35.0;160.7;3.9;0.0
50.0;160.7;0.0;0.0
53.7;160.7;0.0;0.0
50.0;160.7;0.0;0.0
49.8;160.7;0.0;0.0
47.9;160.7;0.0;0.0
48.4;160.7;0.0;0.0
24.9;161.0;1.2;0.0
24.9;161.9;6.0;0.0
0.0;161.9;0.1;0.0
0.0;161.9;0.0;0.0
0.0;161.9;1.2;0.0
0.0;161.9;0.0;0.0
0.0;161.9;0.7;0.0
0.0;161.9;0.0;0.0
0.0;161.9;0.4;0.0
0.0;161.9;0.0;0.0
0.0;161.9;0.4;0.0
0.0;161.9;0.0;0.0
0.0;161.9;0.0;0.0
0.0;161.9;0.4;0.0
0.0;161.9;0.0;0.0
34.5;164.1;15.7;4.0
48.9;184.0;38.5;0.0
48.9;216.0;1045.9;0.0
48.1;247.1;1301.4;0.0
53.8;247.1;340.6;0.0
50.2;278.7;3474.3;0.0
47.6;278.9;0.6;196.0
49.5;263.0;1.1;276.0
