0.0;10506240;0
0.0;10506240;0
0.0;10506240;0
28.4;12251136;0
143.3;14290944;0
199.5;16019456;0
151.2;14622720;0
182.8;16359424;0
200.7;19628032;0
199.5;19652608;0
216.1;19746816;0
198.9;19755008;0
201.6;19812352;0
199.5;19849216;0
199.5;19886080;0
129.0;18284544;0
133.0;18386944;0
216.1;19914752;0
200.7;20201472;0
200.7;20148224;0
116.4;17244160;0
218.4;20279296;0
182.8;20271104;0
200.7;20373504;0
199.5;20414464;0
151.2;17612800;0
198.9;20414464;0
200.7;20439040;0
149.6;20606976;0
199.5;18882560;0
156.2;20692992;0
172.0;20606976;0
199.5;20631552;0
199.5;20692992;0
200.7;20742144;0
184.7;19132416;0
133.0;20901888;0
216.1;20938752;0
200.7;20987904;0
198.9;21069824;0
184.8;21086208;0
166.2;19480576;0
114.7;21106688;0
198.9;21143552;0
168.0;19656704;0
199.5;21422080;0
157.7;19804160;0
200.7;21401600;0
199.5;21401600;0
166.2;19906560;369
100.3;19931136;133
200.7;21676032;0
199.5;21676032;0
201.6;21676032;0
149.6;21684224;0
143.3;21647360;0
198.9;21647360;0
201.6;21663744;0
199.5;21663744;0
157.7;21688320;0
200.7;21581824;0
199.5;21585920;0
199.5;21757952;0
199.5;21815296;0
172.0;20193280;0
149.6;21839872;0
201.6;21839872;0
133.0;20172800;0
186.4;21688320;0
198.9;21749760;0
201.6;21811200;0
166.2;20185088;0
133.0;20287488;0
215.0;21872640;0
198.9;21876736;0
199.5;21876736;0
149.6;22695936;0
218.4;32354304;0
282.6;65351680;0
266.0;92520448;0
302.4;117407744;0
284.1;136642560;0
215.0;166092800;0
299.2;190144512;0
302.4;206684160;44
301.0;206684160;720
299.2;206782464;668
134.4;203534336;0
149.6;207839232;0
200.7;207839232;0
199.5;207839232;0
201.6;207839232;0
199.5;207839232;0
216.1;207839232;0
200.7;207839232;0
142.0;206213120;0
186.4;207839232;0
182.8;206217216;0
184.8;206655488;0
182.8;207847424;0
182.8;206221312;0
86.0;207872000;0
198.9;207872000;0
199.5;207872000;0
116.4;207872000;0
201.6;207872000;0
170.5;207876096;0
186.4;206249984;0
133.0;207880192;0
199.5;207880192;0
182.8;204632064;0
149.6;207884288;0
200.7;207884288;0
198.9;207884288;0
201.6;207884288;0
182.8;206258176;0
182.8;208429056;0
199.5;208429056;0
182.8;208429056;0
200.7;208429056;0
156.2;205213696;0
129.0;208441344;0
200.7;208441344;0
198.9;208441344;0
133.0;208441344;0
149.6;208445440;0
201.6;208445440;0
199.5;208445440;0
182.8;206819328;0
157.7;208445440;0
198.9;208453632;0
143.3;206827520;0
199.5;208465920;0
201.6;208465920;0
99.7;206843904;0
133.0;206839808;0
201.6;208461824;0
133.0;205942784;0
199.5;208470016;0
198.9;208470016;0
157.7;208470016;0
200.7;208470016;0
199.5;208470016;0
134.4;208470016;0
149.6;206843904;0
149.6;208470016;0
199.5;208470016;0
172.0;206843904;0
157.7;208523264;0
198.9;208523264;0
172.0;206897152;0
186.4;208523264;0
142.0;206897152;0
216.1;216670208;0
199.5;216670208;0
67.2;210366464;0
301.0;244682752;0
282.6;267034624;0
285.6;290680832;0
299.2;315469824;0
266.0;332955648;0
299.2;352284672;0
249.3;370536448;0
319.2;392552448;0
299.2;396517376;0
199.5;209694720;0
201.6;209694720;0
182.8;206450688;0
216.1;211001344;0
199.5;211005440;0
199.5;211005440;0
186.4;211005440;0
142.0;208773120;0
200.7;211087360;0
200.7;211087360;0
142.0;211116032;0
186.4;211181568;0
198.9;211181568;0
186.4;209559552;0
149.6;211156992;0
182.8;211169280;0
157.7;209543168;0
200.7;211202048;0
198.9;211202048;0
186.4;209719296;0
170.5;208846848;0
114.7;208896000;0
215.0;211517440;0
156.2;211521536;0
200.7;211521536;0
199.5;211542016;0
133.0;211537920;0
199.5;211537920;0
199.5;209915904;0
168.0;211599360;0
199.5;211599360;0
166.2;209973248;0
201.6;211599360;0
182.8;209981440;0
216.1;211607552;0
199.5;211607552;0
16.6;208134144;0
200.7;211632128;0
200.7;211648512;0
142.0;211693568;0
200.7;211693568;0
172.0;211701760;0
127.8;210075648;0
157.7;211718144;0
199.5;210092032;0
172.0;211763200;0
200.7;211763200;0
127.8;210137088;0
157.7;210616320;0
200.7;211804160;0
184.7;210182144;0
143.3;211800064;0
182.8;211804160;0
199.5;210178048;0
129.0;211808256;0
199.5;211812352;0
299.2;227385344;0
301.0;257912832;0
301.0;285573120;0
284.1;309379072;0
272.4;326098944;0
232.7;350941184;0
299.2;372752384;0
268.8;390782976;0
272.4;397045760;0
198.9;210558976;0
172.0;208945152;0
172.0;210206720;0
184.7;211955712;0
182.8;209760256;0
133.0;212000768;0
199.5;211927040;0
201.6;211927040;0
99.7;212082688;0
198.9;212082688;0
172.0;210489344;0
186.4;212123648;0
198.9;212123648;0
172.0;210550784;0
142.0;210640896;0
129.0;210796544;0
201.6;212520960;0
199.5;212520960;0
199.5;212533248;0
151.2;212664320;0
199.5;212664320;0
182.8;211099648;0
149.6;212774912;0
198.9;211144704;0
114.7;211169280;0
200.7;212795392;0
170.5;211144704;0
199.5;213188608;0
184.8;213184512;0
199.5;213184512;0
199.5;213184512;0
166.2;211623936;0
170.5;213250048;0
157.7;213344256;0
143.3;211718144;0
170.5;213340160;0
172.0;211714048;0
114.7;211730432;0
199.5;213397504;0
199.5;213397504;0
166.2;213422080;0
216.1;213491712;0
201.6;213491712;0
186.4;211927040;0
156.2;213602304;0
200.7;213602304;0
168.0;211980288;0
216.1;213606400;0
199.5;213606400;0
199.5;213606400;0
166.2;213741568;0
117.6;213741568;0
199.5;213741568;0
83.1;213839872;0
186.4;212217856;0
172.0;213839872;0
198.9;212213760;0
157.7;220368896;0
282.6;241078272;0
299.2;269737984;0
302.4;295886848;0
286.7;319229952;0
249.3;344633344;0
299.2;370896896;0
302.4;395628544;0
272.4;352763904;0
198.9;208261120;0
182.8;211378176;0
199.5;211378176;0
142.0;209752064;0
