139.8;239546368;881
99.9;336539648;959
119.8;353972224;1323
89.9;412037120;1206
109.8;480653312;1146
99.8;484585472;1521
99.8;484585472;1519
99.8;484585472;1542
99.8;484585472;1509
99.8;484585472;1533
99.9;484978688;1104
109.8;485240832;1
668.3;491266048;3
773.3;576962560;6
705.0;590594048;2
677.7;594788352;5
608.9;595050496;3
598.9;826261504;2
548.9;826392576;3
189.7;830849024;8
359.4;831373312;2
616.3;831373312;0
588.7;831373312;2
558.8;831373312;0
499.2;831373312;0
499.1;831373312;2
229.6;831766528;10
258.5;832552960;1
615.6;832552960;0
608.8;832552960;0
598.8;832552960;0
598.8;832552960;2
329.5;832552960;0
409.0;832552960;7
99.8;832815104;2
526.2;833470464;1
439.1;833470464;0
349.5;833470464;2
603.0;833470464;0
578.6;833601536;2
518.9;833601536;0
249.5;834125824;13
194.5;834387968;1
635.8;834781184;0
587.6;838057984;0
589.0;952745984;0
598.7;1290125312;0
608.8;1632354304;0
598.7;2000142336;0
329.5;1752662016;9
129.8;946077696;0
555.5;969277440;1
608.6;969277440;0
508.7;969277440;1
489.0;969277440;0
439.2;969277440;2
568.9;969277440;1
239.1;969932800;8
219.7;970588160;0
618.5;970719232;0
648.8;970719232;0
399.3;970719232;0
674.1;970719232;0
698.7;970719232;0
348.5;970981376;7
166.6;971505664;0
628.7;971505664;0
658.9;971505664;0
586.2;971505664;0
499.0;971505664;0
508.2;971505664;0
389.4;971898880;10
119.8;972029952;0
651.0;972685312;0
689.0;972816384;0
693.1;977010688;0
688.4;977010688;2
678.3;977010688;0
259.6;977141760;6
158.3;977797120;0
668.7;977797120;2
588.9;977797120;2
599.0;977797120;0
499.1;977797120;0
499.0;977797120;2
498.9;977797120;0
349.4;978059264;6
119.8;978190336;0
603.8;978976768;1
598.9;978976768;2
559.0;978976768;2
708.7;978976768;0
678.6;978976768;0
319.3;979107840;5
99.8;979107840;2
510.0;979632128;1
555.0;979632128;2
439.1;979632128;1
496.2;979632128;0
499.0;979632128;2
509.0;979632128;0
168.9;979894272;9
345.8;980680704;1
688.6;980811776;2
639.4;984875008;2
657.6;984875008;0
658.5;984875008;0
549.1;984875008;1
109.3;984875008;5
431.1;985923584;1
636.1;985923584;2
699.0;985923584;2
653.5;985923584;0
768.7;985923584;2
539.0;986054656;8
109.8;986054656;0
592.6;986578944;0
628.5;986578944;2
598.7;986578944;2
599.0;986578944;0
598.8;986578944;2
439.2;986710016;9
116.4;986841088;0
593.3;987627520;0
645.8;987627520;0
604.2;987627520;0
626.7;987627520;0
602.7;987627520;0
437.4;987627520;7
99.8;987758592;2
552.7;988545024;0
681.2;988545024;0
598.8;992739328;2
624.7;992739328;0
668.4;992739328;0
397.5;993132544;6
109.8;993132544;0
602.4;993656832;0
689.0;993656832;0
653.7;993656832;0
608.0;993656832;0
579.0;993656832;0
399.3;993787904;8
99.8;993787904;0
497.8;994312192;0
489.1;994312192;0
499.0;994312192;0
499.1;994443264;2
508.6;994443264;2
519.3;994443264;0
249.5;994705408;6
249.7;995360768;0
588.8;995360768;0
608.7;995360768;2
598.4;995360768;0
598.5;995360768;0
598.8;995360768;0
239.6;995360768;9
213.8;996409344;0
615.0;996409344;0
658.2;996409344;2
678.5;1000472576;0
594.3;1000472576;0
678.1;1000472576;0
209.6;1000865792;7
209.3;997244928;0
568.7;997244928;0
675.8;997244928;0
558.6;997244928;2
648.6;997244928;2
658.7;997244928;2
347.6;997376000;6
139.8;997376000;0
636.8;998162432;0
638.7;998162432;0
608.6;998162432;0
688.6;998162432;0
509.1;998162432;0
458.6;998162432;5
99.7;998293504;2
558.7;998948864;0
608.3;999079936;0
588.7;999079936;0
629.0;999079936;1
498.8;999079936;0
429.0;999079936;0
129.8;999342080;10
129.8;999735296;0
685.2;999735296;1
698.2;999735296;0
698.1;1003929600;2
608.9;1003929600;0
489.0;1003929600;0
289.6;1004191744;7
168.4;1005109248;0
687.1;1005109248;0
688.1;1005109248;2
608.3;1005109248;0
697.2;1005109248;0
638.7;1005109248;0
269.4;1005371392;6
109.8;1005502464;0
540.1;1006026752;1
695.0;1006157824;0
628.2;1006157824;0
554.1;1006157824;0
539.1;1006157824;2
448.6;1006288896;6
109.8;1006419968;1
552.5;1007075328;1
677.9;1007075328;0
613.5;1007075328;0
696.8;1007075328;0
698.7;1007075328;0
339.1;1007206400;10
129.7;1007337472;1
649.2;1007992832;1
695.4;1008123904;0
628.2;1012318208;2
499.1;1012318208;0
628.7;1012318208;0
409.3;1012449280;5
99.8;1012449280;2
439.3;1013235712;2
698.2;1013235712;0
628.3;1013235712;0
648.5;1013235712;0
598.1;1013235712;0
498.7;1013235712;0
129.7;1013366784;7
366.4;1013891072;1
689.0;1013891072;0
693.7;1014022144;0
648.7;1014022144;0
698.3;1014022144;0
538.4;1014022144;4
99.7;1014022144;2
478.5;1015070720;0
498.7;1015070720;0
528.5;1015070720;0
498.6;1015070720;0
570.4;1015070720;0
706.8;1015070720;0
219.6;1015201792;9
298.3;1015988224;0
598.8;1016119296;0
578.6;1016250368;0
727.3;1020313600;0
763.0;1020313600;0
578.8;1020313600;2
109.8;1020313600;7
404.8;1021100032;0
702.3;1021100032;2
627.4;1021100032;0
638.0;1021231104;0
698.2;1021231104;0
553.3;1021362176;6
99.8;1021362176;0
573.5;1021755392;0
587.3;1021755392;2
598.7;1021755392;0
588.9;1021755392;2
608.7;1021755392;0
319.4;1021755392;0
109.8;1021886464;6
261.7;1022541824;0
678.9;1022541824;0
538.0;1022541824;2
282.8;1022541824;0
199.7;1022541824;0
199.2;1022541824;0
199.6;1022541824;2
199.6;1022541824;0
199.6;1022541824;0
169.6;1022672896;9
119.8;1022935040;0
608.3;1023590400;0
568.7;1023590400;2
588.5;1027784704;0
578.3;1027784704;0
698.0;1027784704;0
229.4;1027784704;0
109.8;1028177920;6
269.3;1024479232;1
620.4;1024741376;0
656.5;1024741376;0
606.8;1024741376;0
598.1;1024741376;0
608.3;1024741376;0
159.7;1024872448;6
346.9;1025396736;0
608.7;1025396736;0
588.7;1025396736;2
678.8;1025396736;2
796.8;1025396736;0
657.5;1025396736;6
99.8;1025396736;2
536.4;1026052096;1
666.9;1026052096;0
598.7;1026052096;0
