219.7;214130688;652
99.9;309944320;947
119.8;351887360;1196
99.8;389505024;1327
109.8;482041856;1024
119.8;482091008;1536
99.8;486023168;1496
99.8;486023168;1542
99.9;486023168;1522
99.8;486023168;1543
109.9;486809600;1486
109.8;578691072;9
239.6;580169728;2
792.7;584175616;4
723.8;584306688;2
688.8;596758528;4
618.8;699203584;6
598.7;907870208;0
558.8;908132352;2
189.6;912850944;8
298.6;913375232;1
588.7;913375232;1
498.9;913375232;2
429.2;913375232;2
399.2;913375232;0
399.2;913375232;0
399.1;913375232;0
119.8;913768448;7
409.4;914685952;2
595.9;914685952;0
399.3;914685952;0
556.0;914685952;1
536.0;914685952;0
309.5;914685952;0
299.5;914685952;0
199.7;914817024;6
225.2;915603456;1
683.9;915603456;1
698.9;1087700992;0
649.2;1087832064;2
549.0;1087832064;0
509.0;1087832064;0
478.8;1090846720;11
109.8;971325440;3
529.2;972242944;2
627.3;972242944;2
608.6;976437248;0
479.3;976437248;0
588.9;976437248;0
369.2;976437248;2
239.6;976568320;6
137.4;977092608;1
558.9;977223680;1
538.7;977223680;0
588.9;977223680;2
588.9;977354752;0
429.1;977354752;0
379.2;977354752;0
159.7;977747968;7
306.3;978141184;1
656.6;978141184;1
479.1;978141184;2
349.3;978141184;0
299.4;978141184;0
279.4;978141184;2
209.6;978141184;0
189.7;978141184;0
179.7;978403328;7
109.8;978534400;0
608.3;979451904;2
588.7;979451904;2
598.9;979451904;0
598.3;979451904;2
498.8;979451904;2
558.7;979451904;2
139.7;979714048;10
359.5;980369408;0
623.2;980369408;2
603.6;984694784;0
740.1;984694784;2
738.5;984694784;2
528.3;984694784;0
99.8;984956928;6
269.1;985350144;0
774.2;985350144;0
698.7;985350144;2
690.3;985350144;2
694.1;985350144;0
668.7;985350144;0
109.8;985743360;6
364.5;986529792;1
719.0;986529792;0
798.9;986529792;0
738.8;986529792;0
628.5;986529792;2
469.2;986529792;0
109.1;986791936;6
389.2;987316224;1
594.6;987316224;0
598.7;987316224;0
608.5;987316224;2
698.3;987316224;0
658.3;987316224;0
239.5;987578368;10
219.1;988233728;1
668.3;988233728;1
648.5;1184317440;0
598.5;1400455168;0
588.9;1400455168;0
667.6;1404518400;0
529.1;1409630208;3
99.7;1411334144;3
422.2;1006673920;2
614.6;1006673920;0
579.0;1006673920;0
500.5;1006673920;2
588.5;1006673920;0
449.2;1006673920;0
385.8;1006936064;9
119.2;1006936064;0
624.0;1007329280;0
598.8;1007329280;0
529.0;1007329280;0
489.0;1007329280;0
428.9;1007329280;0
588.5;1007329280;0
229.4;1007591424;7
227.6;1008377856;1
668.3;1008377856;0
528.8;1008377856;2
498.7;1008377856;0
499.0;1008377856;0
498.8;1008377856;0
479.2;1008377856;0
269.5;1008377856;9
99.8;1008640000;0
529.2;1009295360;0
694.1;1009295360;2
698.2;1013489664;0
640.1;1013489664;2
616.3;1013489664;2
529.0;1013751808;4
109.1;1009713152;2
424.5;1010237440;0
608.5;1010237440;0
479.0;1010237440;0
509.2;1010237440;0
599.2;1010237440;0
598.6;1010237440;0
259.1;1010237440;6
185.0;1011154944;0
679.0;1011154944;0
627.1;1011154944;0
598.4;1011154944;2
598.7;1011154944;0
558.7;1011154944;0
379.2;1011154944;0
129.3;1011417088;7
314.4;1011941376;0
688.5;1012072448;0
701.3;1012072448;0
748.6;1012072448;0
738.2;1012072448;0
568.5;1012072448;2
129.7;1012203520;10
373.8;1012858880;0
695.0;1012858880;0
608.6;1012858880;0
548.8;1017053184;2
796.4;1017053184;0
704.5;1017053184;0
109.8;1017315328;6
394.1;1013989376;1
708.0;1013989376;0
599.0;1013989376;2
498.0;1013989376;0
658.3;1013989376;0
604.6;1013989376;0
199.7;1014120448;7
297.5;1014906880;0
588.6;1014906880;0
618.5;1014906880;0
680.9;1014906880;2
658.5;1014906880;0
489.0;1014906880;0
269.4;1014906880;4
99.7;1015037952;2
517.2;1015562240;1
641.9;1015693312;0
608.3;1015693312;0
698.6;1015693312;0
668.3;1015693312;0
399.0;1015693312;0
119.4;1015824384;10
382.5;1016217600;0
685.8;1016217600;3
528.9;1020542976;0
538.5;1020542976;1
498.7;1020542976;0
538.7;1020542976;0
289.3;1020674048;7
201.8;1017241600;0
668.7;1017241600;0
598.8;1017241600;0
673.3;1017241600;0
728.1;1017241600;2
628.8;1017241600;0
219.6;1017372672;6
296.9;1018028032;1
788.1;1018028032;0
663.3;1018028032;2
688.4;1018028032;2
728.0;1018028032;0
578.9;1018028032;2
109.8;1018159104;7
436.6;1018945536;1
698.1;1018945536;0
658.6;1018945536;0
598.8;1018945536;0
628.1;1018945536;2
548.6;1018945536;0
119.6;1019076608;10
350.0;1019731968;1
618.8;1019731968;0
566.7;1019863040;0
487.4;1023926272;0
379.1;1023926272;0
309.3;1023926272;2
299.4;1023926272;0
209.5;1024188416;8
239.5;1020649472;1
628.3;1020649472;0
598.4;1020649472;0
598.4;1020649472;0
598.7;1020649472;0
598.8;1020649472;0
327.5;1020911616;7
119.8;1021042688;1
624.8;1021698048;0
658.0;1021698048;2
598.3;1021698048;0
598.7;1021698048;0
598.4;1021698048;2
448.7;1021698048;6
99.7;1021698048;2
594.3;1022746624;1
798.4;1022746624;0
721.3;1022746624;2
604.0;1022746624;0
598.3;1022746624;2
199.6;1022746624;2
109.2;1023008768;9
149.8;1023401984;0
647.8;1023401984;0
635.7;1023401984;0
508.6;1027596288;0
678.6;1027596288;0
698.4;1027596288;0
436.0;1027858432;6
119.8;1023979520;0
589.1;1024503808;0
588.6;1024503808;0
598.6;1024503808;0
588.8;1024503808;0
538.9;1024503808;0
469.1;1024503808;0
129.8;1024765952;6
328.3;1025290240;0
681.6;1025290240;0
695.2;1025290240;0
658.7;1025290240;0
588.7;1025290240;0
568.5;1025290240;2
169.7;1025945600;6
118.8;1026076672;0
638.7;1026469888;0
588.3;1026600960;2
578.5;1026600960;0
652.9;1026600960;0
676.5;1026600960;0
438.4;1026863104;11
99.8;1026863104;0
543.4;1027780608;0
685.0;1027780608;2
598.7;1032105984;2
598.7;1032105984;0
688.6;1032105984;0
489.1;1032105984;0
109.8;1032368128;6
378.6;1028734976;0
552.2;1028734976;0
529.2;1028734976;2
498.4;1028734976;2
548.8;1028734976;2
548.5;1028734976;0
279.3;1028866048;8
149.7;1029521408;0
658.0;1029521408;0
678.1;1029521408;0
618.7;1029521408;0
