45.0;88.6;41.4;0.0
50.0;107.1;71.8;0.0
64.7;125.6;85.3;0.0
69.9;139.8;34.9;0.0
50.0;158.2;39.1;0.0
0.0;159.6;1.9;0.0
0.0;159.6;0.0;0.0
5.0;159.6;0.1;0.0
0.0;159.6;0.0;0.0
0.0;159.6;1.2;0.0
0.0;159.6;0.0;0.0
0.0;159.6;0.7;0.0
0.0;159.6;0.0;0.0
46.5;160.2;0.6;0.0
29.9;160.7;1.2;0.0
0.0;160.7;0.0;0.0
0.0;160.7;0.1;0.0
0.0;160.7;0.0;0.0
0.0;160.7;1.3;0.0
0.0;160.7;0.0;0.0
0.0;160.7;0.7;0.0
0.0;160.7;0.0;0.0
20.0;161.0;0.8;4.0
48.1;182.8;52.8;0.0
51.6;214.6;1513.6;0.0
52.4;245.4;376.3;0.0
50.3;245.8;814.2;0.0
44.8;245.8;646.8;0.0
51.3;247.0;1572.2;472.0
50.3;185.2;0.0;0.0
