49.9;85.4;37.4;0.0
50.0;104.4;75.4;0.0
59.1;122.4;79.8;0.0
75.0;139.4;44.2;0.0
49.7;157.3;39.0;0.0
10.0;159.3;2.0;0.0
0.0;159.3;0.0;0.0
0.0;159.3;0.1;0.0
0.0;159.3;0.0;0.0
0.0;159.3;1.3;0.0
0.0;159.3;0.0;0.0
0.0;159.3;0.7;0.0
0.0;159.3;0.0;0.0
24.9;160.0;0.5;0.0
50.0;160.0;0.0;0.0
50.0;160.0;0.0;0.0
50.0;160.0;0.0;0.0
55.0;160.0;0.0;0.0
24.9;160.4;1.3;0.0
0.0;160.4;0.0;0.0
0.0;160.4;0.1;0.0
0.0;160.4;0.0;0.0
0.0;160.4;1.3;0.0
0.0;160.4;0.0;0.0
0.0;160.4;0.7;0.0
0.0;160.4;0.0;0.0
18.9;160.4;0.5;0.0
44.9;180.8;54.0;4.0
48.8;214.1;209.5;0.0
54.1;214.2;1403.3;0.0
47.1;245.0;268.5;0.0
50.0;245.3;305.8;0.0
50.5;245.3;353.2;0.0
50.0;245.3;324.0;0.0
50.0;245.3;368.6;0.0
49.4;245.3;343.0;0.0
49.8;245.3;388.0;0.0
53.4;245.3;356.2;0.0
50.0;245.3;353.8;0.0
53.6;276.8;104.7;0.0
50.0;276.8;0.8;260.0
48.3;276.8;0.4;128.0
48.6;246.6;0.3;64.0
