8.3;0.4;0.0;2.0;1216.0


6.9;128.2;7.6;2.0;1216.0


8.3;93.4;7.4;1.0;1216.0


5.2;83.8;8.3;2.0;1216.0


0.0;0.3;0.0;2.0;1216.0


4.2;26.0;1.0;1.0;1216.0


8.3;2.3;0.2;2.0;1352.0


8.3;0.0;0.0;8.0;1478.0


8.4;0.0;0.0;7.0;1617.0


8.4;0.0;0.0;10.0;1747.0


8.4;0.2;0.0;6.0;1849.0


8.4;70.2;67.7;15.0;2005.0


8.4;41.9;120.8;21.0;2425.0


8.3;42.9;232.8;70.0;2613.0


0.0;0.1;0.0;2.0;2613.0


0.0;0.3;0.0;2.0;2613.0


10.7;1142.0;49.9;1.0;2613.0


8.3;350.1;15.6;2.0;2613.0


6.9;0.0;0.0;2.0;2613.0


7.2;0.0;0.0;2.0;2613.0


8.4;0.0;0.0;1.0;2613.0


8.3;0.0;0.0;2.0;2613.0


8.4;0.0;0.0;1.0;2613.0


8.3;0.0;0.0;2.0;2613.0


8.4;0.0;0.0;1.0;2613.0


7.2;0.0;0.0;2.0;2613.0


8.4;0.0;0.0;2.0;2613.0


8.4;0.0;0.0;2.0;2613.0


8.3;0.0;0.0;2.0;2613.0


6.0;0.0;0.0;2.0;2613.0


8.3;0.0;0.0;1.0;2613.0


8.4;0.0;0.0;2.0;2613.0


8.3;0.0;0.0;2.0;2613.0


8.3;0.0;0.0;2.0;2613.0


8.4;0.0;0.0;2.0;2613.0


8.3;0.0;0.0;2.0;2613.0


8.3;0.0;0.0;2.0;2613.0


8.3;0.0;0.0;1.0;2613.0


0.0;0.1;0.0;2.0;2613.0


0.0;0.3;0.0;2.0;2613.0


6.9;503.2;21.9;1.0;2613.0


8.4;987.9;43.4;2.0;2613.0


8.4;1.0;0.3;2.0;2613.0


8.3;0.0;0.0;2.0;2613.0


8.4;0.0;0.0;2.0;2613.0


8.4;0.0;0.0;2.0;2613.0


8.4;0.0;0.0;2.0;2613.0


7.2;0.0;0.0;2.0;2613.0


8.4;0.0;0.0;2.0;2613.0


8.3;0.0;0.0;1.0;2613.0


8.3;0.0;0.0;2.0;2613.0


8.3;0.0;0.0;2.0;2613.0


8.3;0.0;0.0;2.0;2613.0


8.3;0.0;0.0;1.0;2613.0


6.9;0.0;0.0;2.0;2613.0


8.4;0.0;0.0;2.0;2613.0


8.4;0.0;0.0;1.0;2613.0


8.3;0.0;0.0;2.0;2613.0


8.4;0.0;0.0;2.0;2613.0


8.3;0.0;0.0;1.0;2613.0


8.4;0.0;0.0;2.0;2613.0


8.4;0.0;0.0;2.0;2613.0


8.3;1.0;0.3;2.0;2613.0


8.4;0.0;0.0;2.0;2613.0


8.3;0.0;0.0;1.0;2613.0


6.0;0.0;0.0;2.0;2613.0


8.3;0.0;0.0;2.0;2613.0


8.4;0.0;0.0;1.0;2613.0


8.3;0.0;0.0;2.0;2613.0


8.3;0.0;0.0;2.0;2613.0


8.4;0.0;0.0;2.0;2613.0


8.3;0.0;0.0;1.0;2613.0


8.3;0.0;0.0;2.0;2613.0


23.6;0.0;0.0;47.0;2617.0


8.3;0.2;0.0;31.0;2709.0


8.4;0.0;0.0;43.0;2799.0


8.3;0.0;0.0;31.0;2889.0


8.4;0.0;0.0;36.0;2979.0


8.4;0.0;0.0;47.0;5447.0


8.3;0.0;0.0;26.0;5447.0


8.4;0.0;0.0;50.0;5447.0


8.3;0.0;0.0;51.0;5447.0


8.4;0.0;0.0;44.0;5447.0


8.3;0.0;0.0;52.0;5447.0


8.3;0.0;0.0;51.0;5447.0


8.3;0.0;0.0;50.0;5447.0


8.3;0.0;0.0;50.0;5447.0


7.3;0.0;0.0;49.0;5447.0


8.3;0.0;0.0;47.0;5447.0


6.9;0.0;0.0;45.0;5447.0


8.3;0.0;0.0;49.0;5447.0


8.4;0.0;0.0;49.0;5447.0


8.4;0.0;0.0;49.0;5447.0


8.3;0.0;0.0;50.0;5447.0


8.4;0.0;0.0;47.0;5447.0


4.7;10.6;0.8;6.0;5447.0


0.0;0.3;0.0;2.0;5447.0


5.6;166.7;7.1;1.0;5447.0


8.4;1325.0;58.2;1.0;5447.0


7.2;1.0;0.3;2.0;5447.0


8.3;0.0;0.0;2.0;5447.0


8.4;0.0;0.0;2.0;5447.0


8.3;0.0;0.0;2.0;5447.0


8.4;0.0;0.0;2.0;5447.0


8.4;0.0;0.0;2.0;5447.0


8.3;0.0;0.0;2.0;5447.0


8.3;0.0;0.0;2.0;5447.0


8.3;0.0;0.0;2.0;5447.0


8.3;0.0;0.0;2.0;5447.0


8.4;0.0;0.0;2.0;5447.0


8.3;0.0;0.0;2.0;5447.0


8.4;0.0;0.0;2.0;5447.0


8.3;0.0;0.0;2.0;5447.0


8.4;0.0;0.0;2.0;5447.0


8.3;0.0;0.0;5.0;5447.0


7.2;0.0;0.0;5.0;5447.0


8.4;0.0;0.0;4.0;5447.0


8.4;0.0;0.0;5.0;5447.0


8.4;0.0;0.0;4.0;5447.0


8.3;0.0;0.0;4.0;5447.0


0.0;0.1;0.0;13.0;5447.0


0.0;0.3;0.0;19.0;5447.0


10.4;862.0;37.6;16.0;5447.0


8.3;629.8;27.9;16.0;5447.0


8.3;0.0;0.0;13.0;5447.0


8.4;0.0;0.0;14.0;5447.0


8.3;0.0;0.0;14.0;5447.0


8.4;0.0;0.0;16.0;5447.0


8.4;0.0;0.0;17.0;5447.0


8.3;0.0;0.0;17.0;5447.0


8.4;0.0;0.0;15.0;5447.0


8.3;0.0;0.0;13.0;5447.0


8.3;0.0;0.0;12.0;5447.0


8.4;0.0;0.0;16.0;5447.0


7.2;0.0;0.0;14.0;5447.0


8.4;0.0;0.0;16.0;5447.0


8.3;0.0;0.0;17.0;5447.0


8.4;0.0;0.0;14.0;5447.0


8.3;0.0;0.0;13.0;5447.0


8.4;0.0;0.0;12.0;5447.0


8.3;0.0;0.0;15.0;5447.0


8.3;0.0;0.0;11.0;5447.0


8.4;0.0;0.0;17.0;5447.0


8.3;0.0;0.0;13.0;5447.0


8.3;1.0;0.3;14.0;5447.0


8.3;0.0;0.0;12.0;5447.0


8.3;0.0;0.0;13.0;5447.0


8.4;0.0;0.0;14.0;5447.0


8.3;0.0;0.0;14.0;5447.0


8.3;0.0;0.0;16.0;5447.0


8.4;0.0;0.0;16.0;5447.0


8.4;0.0;0.0;14.0;5447.0


8.4;0.0;0.0;14.0;5447.0


8.3;0.0;0.0;12.0;5447.0


8.3;0.0;0.0;16.0;5447.0


8.3;0.0;0.0;22.0;5447.0


8.4;0.0;0.0;38.0;5469.0


7.2;0.0;0.0;42.0;5469.0


8.3;0.0;0.0;41.0;5469.0


7.2;0.0;0.0;41.0;5469.0


8.3;0.0;0.0;48.0;5469.0


5.5;0.0;0.0;50.0;5469.0


8.4;0.0;0.0;50.0;5469.0


6.2;0.0;0.0;46.0;5469.0


5.6;0.0;0.0;42.0;5469.0


8.3;0.0;0.0;48.0;5469.0


8.4;0.0;0.0;47.0;5469.0


7.3;0.0;0.0;46.0;5469.0


6.9;0.0;0.0;42.0;5469.0


8.4;0.0;0.0;52.0;5469.0


8.3;0.0;0.0;51.0;5469.0


7.3;0.0;0.0;51.0;5469.0


8.3;0.0;0.0;38.0;5469.0


8.3;0.0;0.0;52.0;5469.0


8.3;0.0;0.0;49.0;5469.0


8.3;0.0;0.0;47.0;5469.0


8.4;0.0;0.0;52.0;5469.0


0.0;10.6;0.8;2.0;5469.0


0.0;0.3;0.0;2.0;5469.0


9.5;883.5;38.5;2.0;5469.0


8.3;609.3;27.0;2.0;5469.0


7.0;0.0;0.0;2.0;5469.0


8.3;0.0;0.0;2.0;5469.0


7.2;0.0;0.0;2.0;5469.0


8.4;0.0;0.0;2.0;5469.0


8.4;0.0;0.0;2.0;5469.0


7.0;0.0;0.0;2.0;5469.0


6.0;0.0;0.0;1.0;5469.0


8.3;0.0;0.0;2.0;5469.0


8.3;0.0;0.0;2.0;5469.0


8.3;0.0;0.0;2.0;5469.0


8.3;0.0;0.0;2.0;5469.0


8.3;0.0;0.0;1.0;5469.0


8.4;0.0;0.0;2.0;5469.0


8.3;0.0;0.0;1.0;5469.0


8.4;0.0;0.0;2.0;5469.0


8.3;0.0;0.0;1.0;5469.0


8.3;0.0;0.0;2.0;5469.0


8.4;0.0;0.0;2.0;5469.0


8.3;0.0;0.0;2.0;5469.0


8.4;0.0;0.0;1.0;5469.0


8.4;0.0;0.0;1.0;5469.0


0.0;0.1;0.0;2.0;5469.0


0.0;0.3;0.0;1.0;5469.0


8.3;1143.4;50.0;2.0;5469.0


8.4;348.7;15.5;2.0;5469.0


8.3;0.0;0.0;1.0;5469.0


8.3;0.0;0.0;2.0;5469.0


6.9;0.0;0.0;2.0;5469.0


8.3;0.0;0.0;2.0;5469.0


8.4;0.0;0.0;2.0;5469.0


7.3;0.0;0.0;2.0;5469.0


8.3;0.0;0.0;2.0;5469.0


8.3;0.0;0.0;2.0;5469.0


8.3;0.0;0.0;2.0;5469.0


8.3;0.0;0.0;2.0;5469.0


8.3;0.0;0.0;1.0;5469.0


8.4;0.0;0.0;2.0;5469.0


8.3;0.0;0.0;1.0;5469.0


8.4;0.0;0.0;2.0;5469.0


8.4;0.0;0.0;2.0;5469.0


8.3;0.0;0.0;2.0;5469.0


8.4;0.0;0.0;2.0;5469.0


8.4;0.0;0.0;2.0;5469.0


8.4;0.0;0.0;2.0;5469.0


8.3;0.0;0.0;2.0;5469.0


8.4;1.0;0.3;1.0;5469.0


8.3;0.0;0.0;2.0;5469.0


8.3;0.0;0.0;2.0;5469.0


8.4;0.0;0.0;2.0;5469.0


8.3;0.0;0.0;2.0;5469.0


8.4;0.0;0.0;1.0;5469.0


8.3;0.0;0.0;5.0;5469.0


8.3;0.0;0.0;4.0;5469.0


8.4;0.0;0.0;5.0;5469.0


8.3;0.0;0.0;6.0;5469.0


8.4;0.0;0.0;5.0;5469.0


8.4;0.0;0.0;31.0;5469.0


8.4;0.0;0.0;33.0;5469.0


7.2;0.0;0.0;43.0;5469.0


8.3;0.0;0.0;31.0;5469.0


8.4;0.0;0.0;41.0;5469.0


8.3;0.0;0.0;53.0;5469.0


8.4;0.0;0.0;53.0;5469.0


5.5;0.0;0.0;52.0;5469.0


8.3;0.0;0.0;51.0;5469.0


8.4;0.0;0.0;51.0;5469.0


8.3;0.0;0.0;52.0;5469.0


6.9;0.0;0.0;50.0;5469.0


6.9;0.0;0.0;50.0;5469.0


7.1;0.0;0.0;45.0;5469.0


5.2;0.0;0.0;46.0;5469.0


8.3;0.0;0.0;40.0;5469.0


7.0;0.0;0.0;38.0;5469.0


6.9;0.0;0.0;49.0;5469.0


5.2;0.0;0.0;44.0;5469.0


7.0;0.0;0.0;50.0;5469.0


8.3;0.0;0.0;49.0;5469.0


0.0;10.6;0.8;2.0;5469.0


0.0;0.3;0.0;2.0;5469.0


9.4;850.1;37.1;2.0;5469.0


8.3;641.1;28.2;1.0;5469.0


8.3;1.0;0.3;2.0;5469.0


8.3;0.0;0.0;2.0;5469.0


8.3;0.0;0.0;2.0;5469.0


8.3;0.0;0.0;2.0;5469.0


8.3;0.0;0.0;2.0;5469.0


8.4;0.0;0.0;2.0;5469.0


8.4;0.0;0.0;2.0;5469.0


8.3;0.0;0.0;2.0;5469.0


8.4;0.0;0.0;2.0;5469.0


8.3;0.0;0.0;2.0;5469.0


8.4;0.0;0.0;1.0;5469.0


8.4;0.0;0.0;2.0;5469.0


8.3;0.0;0.0;1.0;5469.0


7.2;0.0;0.0;2.0;5469.0


6.9;0.0;0.0;2.0;5469.0


8.4;0.0;0.0;2.0;5469.0


8.3;0.0;0.0;2.0;5469.0


8.4;0.0;0.0;2.0;5469.0


6.9;0.0;0.0;2.0;5469.0


8.3;0.0;0.0;1.0;5469.0


3.6;0.1;0.0;2.0;5469.0


0.0;0.3;0.0;2.0;5469.0


5.5;164.7;7.0;1.0;5469.0


5.9;1326.4;58.3;1.0;5469.0


8.3;1.0;0.3;1.0;5469.0


8.4;0.0;0.0;2.0;5469.0


8.3;0.0;0.0;2.0;5469.0


8.4;0.0;0.0;2.0;5469.0


8.4;0.0;0.0;2.0;5469.0


8.3;0.0;0.0;2.0;5469.0


8.4;0.0;0.0;2.0;5469.0


8.4;0.0;0.0;2.0;5469.0


8.4;0.0;0.0;2.0;5469.0


8.3;0.0;0.0;2.0;5469.0


8.3;0.0;0.0;1.0;5469.0


8.3;0.0;0.0;2.0;5469.0


8.3;0.0;0.0;2.0;5469.0


8.3;0.0;0.0;1.0;5469.0


