8.3;9.4;1.1;1.0;1130.0


8.3;119.2;6.5;1.0;1130.0


7.2;94.0;7.5;1.0;1130.0


2.4;83.2;8.2;4.0;1130.0


0.0;0.3;0.0;3.0;1130.0


4.2;27.4;1.0;1.0;1130.0


8.3;2.3;0.2;1.0;1269.0


8.4;0.0;0.0;7.0;1411.0


8.4;0.0;0.0;7.0;1537.0


8.4;0.0;0.0;6.0;1661.0


8.4;0.2;0.0;7.0;1769.0


8.4;70.2;67.7;13.0;1919.0


8.4;45.7;162.0;20.0;2339.0


8.3;39.1;191.6;72.0;2531.0


0.0;0.1;0.0;0.0;2531.0


0.0;0.3;0.0;0.0;2531.0


9.5;1193.7;52.2;0.0;2531.0


8.3;298.5;13.3;0.0;2531.0


8.3;0.0;0.0;0.0;2531.0


8.4;0.0;0.0;0.0;2531.0


8.3;0.0;0.0;0.0;2531.0


8.3;0.0;0.0;0.0;2531.0


8.4;0.0;0.0;1.0;2531.0


8.3;0.0;0.0;0.0;2531.0


8.4;0.0;0.0;0.0;2531.0


8.4;0.0;0.0;0.0;2531.0


8.4;0.0;0.0;0.0;2531.0


8.4;0.0;0.0;0.0;2531.0


8.3;0.0;0.0;0.0;2531.0


8.4;0.0;0.0;0.0;2531.0


8.3;0.0;0.0;0.0;2531.0


8.3;0.0;0.0;0.0;2531.0


8.3;0.0;0.0;0.0;2531.0


8.3;0.0;0.0;0.0;2531.0


8.4;0.0;0.0;0.0;2531.0


8.3;0.0;0.0;0.0;2531.0


8.3;0.0;0.0;0.0;2531.0


8.3;0.0;0.0;0.0;2531.0


0.0;0.1;0.0;0.0;2531.0


0.0;0.3;0.0;0.0;2531.0


7.1;853.8;37.3;0.0;2531.0


8.4;637.9;28.2;0.0;2531.0


8.3;0.0;0.0;0.0;2531.0


8.4;0.0;0.0;0.0;2531.0


7.2;0.0;0.0;0.0;2531.0


8.3;0.0;0.0;1.0;2531.0


8.4;0.0;0.0;0.0;2531.0


8.4;0.0;0.0;0.0;2531.0


8.4;0.0;0.0;0.0;2531.0


8.3;0.0;0.0;0.0;2531.0


8.3;0.0;0.0;1.0;2531.0


8.3;0.0;0.0;0.0;2531.0


8.3;0.0;0.0;1.0;2531.0


8.4;0.0;0.0;0.0;2531.0


8.3;0.0;0.0;0.0;2531.0


8.4;0.0;0.0;0.0;2531.0


8.3;0.0;0.0;0.0;2531.0


8.3;0.0;0.0;0.0;2531.0


8.4;0.0;0.0;0.0;2531.0


8.3;0.0;0.0;1.0;2531.0


8.4;0.0;0.0;0.0;2531.0


8.4;0.0;0.0;0.0;2531.0


8.4;1.0;0.3;0.0;2531.0


8.4;0.0;0.0;0.0;2531.0


8.3;0.0;0.0;0.0;2531.0


8.4;0.0;0.0;0.0;2531.0


8.3;0.0;0.0;1.0;2531.0


8.4;0.0;0.0;0.0;2531.0


8.3;0.0;0.0;0.0;2531.0


6.9;0.0;0.0;0.0;2531.0


8.4;0.0;0.0;0.0;2531.0


8.3;0.0;0.0;0.0;2531.0


8.3;0.0;0.0;0.0;2531.0


8.3;0.2;0.0;43.0;2581.0


8.3;0.0;0.0;37.0;2673.0


8.3;0.0;0.0;31.0;2765.0


8.3;0.0;0.0;40.0;2859.0


8.4;0.0;0.0;31.0;2953.0


4.2;0.0;0.0;50.0;5365.0


7.3;0.0;0.0;52.0;5365.0


8.4;0.0;0.0;40.0;5365.0


8.3;0.0;0.0;51.0;5365.0


8.4;0.0;0.0;49.0;5365.0


8.4;0.0;0.0;51.0;5365.0


8.4;0.0;0.0;50.0;5365.0


8.3;0.0;0.0;51.0;5365.0


8.3;0.0;0.0;49.0;5365.0


7.1;0.0;0.0;49.0;5365.0


7.1;0.0;0.0;50.0;5365.0


7.2;0.0;0.0;50.0;5365.0


6.9;0.0;0.0;48.0;5365.0


8.4;0.0;0.0;50.0;5365.0


7.2;0.0;0.0;49.0;5365.0


5.9;10.6;0.8;24.0;5365.0


0.0;0.3;0.0;0.0;5365.0


5.9;219.0;9.4;0.0;5365.0


9.8;1272.1;55.9;1.0;5365.0


8.4;1.0;0.3;0.0;5365.0


8.4;0.0;0.0;1.0;5365.0


8.4;0.0;0.0;0.0;5365.0


8.3;0.0;0.0;0.0;5365.0


8.4;0.0;0.0;0.0;5365.0


8.3;0.0;0.0;0.0;5365.0


8.4;0.0;0.0;1.0;5365.0


8.3;0.0;0.0;0.0;5365.0


8.3;0.0;0.0;1.0;5365.0


8.4;0.0;0.0;1.0;5365.0


8.3;0.0;0.0;1.0;5365.0


8.3;0.0;0.0;1.0;5365.0


8.3;0.0;0.0;0.0;5365.0


8.3;0.0;0.0;1.0;5365.0


8.3;0.0;0.0;0.0;5365.0


8.3;0.0;0.0;2.0;5365.0


8.4;0.0;0.0;1.0;5365.0


8.3;0.0;0.0;1.0;5365.0


8.4;0.0;0.0;1.0;5365.0


8.4;0.0;0.0;1.0;5365.0


8.3;0.0;0.0;1.0;5365.0


0.0;0.1;0.0;1.0;5365.0


0.0;0.3;0.0;2.0;5365.0


8.4;844.5;36.8;1.0;5365.0


8.3;648.5;28.7;1.0;5365.0


8.3;0.0;0.0;1.0;5365.0


8.3;0.0;0.0;1.0;5365.0


8.3;0.0;0.0;1.0;5365.0


8.3;0.0;0.0;1.0;5365.0


8.3;0.0;0.0;2.0;5365.0


8.4;0.0;0.0;1.0;5365.0


8.4;0.0;0.0;1.0;5365.0


8.3;0.0;0.0;1.0;5365.0


8.4;0.0;0.0;1.0;5365.0


8.3;0.0;0.0;1.0;5365.0


8.4;0.0;0.0;1.0;5365.0


8.4;0.0;0.0;3.0;5365.0


8.3;0.0;0.0;1.0;5365.0


8.4;0.0;0.0;2.0;5365.0


8.3;0.0;0.0;2.0;5365.0


8.4;0.0;0.0;1.0;5365.0


8.3;0.0;0.0;1.0;5365.0


8.4;0.0;0.0;1.0;5365.0


8.3;0.0;0.0;1.0;5365.0


8.3;0.0;0.0;1.0;5365.0


8.4;1.0;0.3;2.0;5365.0


8.3;0.0;0.0;1.0;5365.0


8.3;0.0;0.0;1.0;5365.0


8.3;0.0;0.0;1.0;5365.0


8.3;0.0;0.0;1.0;5365.0


8.3;0.0;0.0;1.0;5365.0


8.3;0.0;0.0;1.0;5365.0


8.4;0.0;0.0;2.0;5365.0


8.4;0.0;0.0;1.0;5365.0


8.3;0.0;0.0;1.0;5365.0


8.4;0.0;0.0;1.0;5365.0


8.3;0.0;0.0;45.0;5387.0


8.4;0.0;0.0;42.0;5387.0


8.3;0.0;0.0;42.0;5387.0


6.0;0.0;0.0;37.0;5387.0


8.3;0.0;0.0;49.0;5387.0


6.9;0.0;0.0;50.0;5387.0


4.7;0.0;0.0;48.0;5387.0


8.3;0.0;0.0;49.0;5387.0


8.3;0.0;0.0;46.0;5373.0


7.1;0.0;0.0;49.0;5329.0


8.4;0.0;0.0;48.0;5329.0


7.3;0.0;0.0;48.0;5332.0


7.1;0.0;0.0;49.0;5332.0


8.4;0.0;0.0;50.0;5365.0


7.1;0.0;0.0;50.0;5374.0


7.2;0.0;0.0;53.0;5366.0


8.4;0.0;0.0;52.0;5366.0


8.3;0.0;0.0;48.0;5366.0


8.4;0.0;0.0;43.0;5366.0


8.4;0.0;0.0;50.0;5366.0


7.3;10.6;0.8;41.0;5366.0


0.0;0.3;0.0;2.0;5366.0


3.6;205.0;8.7;2.0;5366.0


8.3;1185.0;52.1;2.0;5366.0


8.4;103.3;4.7;2.0;5366.0


8.4;0.0;0.0;2.0;5366.0


8.3;0.0;0.0;3.0;5382.0


8.3;0.0;0.0;7.0;5452.0


5.9;0.0;0.0;7.0;5533.0


8.3;0.0;0.0;5.0;5504.0


8.4;0.0;0.0;4.0;5504.0


8.3;0.0;0.0;4.0;5504.0


6.0;0.0;0.0;4.0;5504.0


8.3;0.0;0.0;4.0;5504.0


8.4;0.0;0.0;6.0;5506.0


8.4;0.0;0.0;5.0;5523.0


8.3;0.0;0.0;8.0;5538.0


8.3;0.0;0.0;5.0;5539.0


8.3;0.0;0.0;2.0;5539.0


8.3;0.0;0.0;4.0;5533.0


8.3;0.0;0.0;1.0;5533.0


8.3;0.0;0.0;2.0;5533.0


8.3;0.0;0.0;2.0;5526.0


8.3;0.0;0.0;2.0;5526.0


8.3;0.0;0.0;2.0;5525.0


7.1;0.1;0.0;2.0;5525.0


1.0;0.3;0.0;1.0;5524.0


6.0;213.2;9.1;2.0;5524.0


9.7;1236.3;54.3;1.0;5524.0


8.4;44.4;2.2;2.0;5519.0


8.3;0.0;0.0;1.0;5519.0


8.4;0.0;0.0;2.0;5515.0


8.4;0.0;0.0;2.0;5515.0


8.3;0.0;0.0;2.0;5512.0


8.4;0.0;0.0;1.0;5512.0


8.3;0.0;0.0;1.0;5512.0


8.3;0.0;0.0;2.0;5505.0


8.3;0.0;0.0;2.0;5505.0


8.4;0.0;0.0;2.0;5501.0


8.4;0.0;0.0;2.0;5498.0


8.3;0.0;0.0;2.0;5498.0


8.3;0.0;0.0;2.0;5498.0


8.3;0.0;0.0;1.0;5498.0


8.3;0.0;0.0;2.0;5493.0


8.4;0.0;0.0;2.0;5493.0


8.3;0.0;0.0;2.0;5487.0


8.4;0.0;0.0;1.0;5487.0


8.3;0.0;0.0;1.0;5485.0


8.4;0.0;0.0;2.0;5485.0


8.3;0.0;0.0;1.0;5485.0


8.4;1.0;0.3;5.0;5485.0


8.4;0.0;0.0;4.0;5485.0


8.4;0.0;0.0;6.0;5483.0


7.3;0.0;0.0;5.0;5483.0


7.1;0.0;0.0;4.0;5478.0


8.4;0.0;0.0;7.0;5478.0


8.3;0.0;0.0;15.0;5478.0


8.3;0.0;0.0;17.0;5478.0


8.3;0.0;0.0;16.0;5483.0


8.3;0.0;0.0;16.0;5483.0


7.2;0.0;0.0;15.0;5483.0


17.8;0.0;0.0;18.0;5483.0


7.2;0.0;0.0;40.0;5483.0


8.4;0.0;0.0;37.0;5483.0


8.3;0.0;0.0;35.0;5483.0


8.4;0.0;0.0;38.0;5483.0


8.3;0.0;0.0;48.0;5483.0


8.4;0.0;0.0;54.0;5483.0


8.4;0.0;0.0;52.0;5483.0


8.3;0.0;0.0;51.0;5483.0


8.4;0.0;0.0;39.0;5483.0


8.3;0.0;0.0;51.0;5483.0


8.3;0.0;0.0;51.0;5483.0


8.3;0.0;0.0;51.0;5483.0


8.4;0.0;0.0;52.0;5483.0


8.3;0.0;0.0;50.0;5483.0


6.9;0.0;0.0;48.0;5483.0


8.4;0.0;0.0;51.0;5483.0


8.3;0.0;0.0;49.0;5483.0


8.3;0.0;0.0;46.0;5483.0


7.2;0.0;0.0;49.0;5483.0


6.9;0.0;0.0;48.0;5483.0


6.0;0.0;0.0;35.0;5483.0


0.0;10.6;0.8;1.0;5483.0


0.0;0.3;0.0;2.0;5480.0


8.4;1163.9;50.9;2.0;5480.0


8.4;329.1;14.7;2.0;5478.0


8.4;0.0;0.0;2.0;5478.0


7.1;0.0;0.0;2.0;5478.0


6.9;0.0;0.0;2.0;5478.0


8.3;0.0;0.0;1.0;5478.0


8.3;0.0;0.0;2.0;5478.0


8.3;0.0;0.0;1.0;5478.0


8.3;0.0;0.0;1.0;5478.0


8.4;0.0;0.0;2.0;5478.0


8.3;0.0;0.0;1.0;5478.0


8.3;0.0;0.0;2.0;5478.0


8.4;0.0;0.0;1.0;5478.0


8.3;0.0;0.0;2.0;5478.0


8.4;0.0;0.0;2.0;5478.0


8.3;0.0;0.0;2.0;5478.0


8.4;0.0;0.0;2.0;5478.0


8.3;0.0;0.0;1.0;5478.0


8.4;0.0;0.0;2.0;5478.0


8.4;0.0;0.0;2.0;5478.0


8.4;0.0;0.0;2.0;5478.0


8.3;0.0;0.0;2.0;5478.0


8.3;0.0;0.0;2.0;5478.0


0.0;0.1;0.0;2.0;5478.0


0.0;0.3;0.0;2.0;5478.0


6.2;1204.7;52.7;2.0;5478.0


8.4;287.2;12.8;2.0;5478.0


8.3;0.0;0.0;2.0;5478.0


8.4;0.0;0.0;1.0;5478.0


8.3;0.0;0.0;2.0;5478.0


8.3;0.0;0.0;1.0;5478.0


8.4;0.0;0.0;2.0;5478.0


8.3;0.0;0.0;1.0;5478.0


8.4;0.0;0.0;2.0;5478.0


8.4;0.0;0.0;1.0;5478.0


8.4;0.0;0.0;2.0;5478.0


8.4;0.0;0.0;2.0;5478.0


8.4;0.0;0.0;1.0;5478.0


8.4;0.0;0.0;2.0;5478.0


8.3;0.0;0.0;1.0;5478.0


8.4;0.0;0.0;2.0;5478.0


8.3;0.0;0.0;2.0;5478.0


