8.3;0.8;0.0;16.0;1218.0


8.4;128.6;7.6;15.0;1218.0


8.4;93.4;7.4;12.0;1218.0


4.8;83.8;8.3;15.0;1218.0


0.0;0.3;0.0;16.0;1218.0


4.8;26.4;1.0;13.0;1218.0


8.3;2.3;0.2;19.0;1355.0


8.4;0.0;0.0;7.0;1479.0


8.4;0.0;0.0;9.0;1605.0


8.3;0.0;0.0;7.0;1733.0


8.3;0.2;0.0;7.0;1835.0


8.3;70.2;67.7;14.0;1995.0


8.3;0.0;0.0;3.0;2427.0


8.3;84.8;353.6;56.0;2637.0


8.3;0.0;0.0;61.0;2637.0


0.0;0.1;0.0;2.0;2637.0


0.0;0.3;0.0;1.0;2637.0


8.4;1152.1;50.4;2.0;2637.0


8.4;340.4;15.2;2.0;2637.0


8.4;0.0;0.0;2.0;2637.0


7.0;0.0;0.0;2.0;2637.0


8.3;0.0;0.0;1.0;2637.0


7.2;0.0;0.0;2.0;2637.0


8.3;0.0;0.0;2.0;2637.0


6.9;0.0;0.0;2.0;2637.0


8.4;0.0;0.0;2.0;2637.0


8.3;0.0;0.0;2.0;2637.0


8.4;0.0;0.0;2.0;2637.0


8.3;0.0;0.0;2.0;2637.0


8.3;0.0;0.0;2.0;2637.0


8.4;0.0;0.0;2.0;2637.0


7.3;0.0;0.0;2.0;2637.0


8.4;0.0;0.0;2.0;2637.0


8.3;0.0;0.0;2.0;2637.0


8.4;0.0;0.0;2.0;2637.0


8.3;0.0;0.0;2.0;2637.0


8.3;0.0;0.0;2.0;2637.0


8.4;0.0;0.0;2.0;2637.0


8.3;0.0;0.0;2.0;2637.0


2.1;0.1;0.0;2.0;2637.0


0.0;0.3;0.0;1.0;2637.0


4.2;168.0;7.1;2.0;2637.0


6.9;1322.7;58.1;1.0;2637.0


8.4;1.2;0.3;2.0;2637.0


8.4;0.0;0.0;2.0;2637.0


8.3;0.0;0.0;1.0;2637.0


8.3;0.0;0.0;2.0;2637.0


8.3;0.0;0.0;2.0;2637.0


8.3;0.0;0.0;1.0;2637.0


8.4;0.0;0.0;2.0;2637.0


8.3;0.0;0.0;2.0;2637.0


8.4;0.0;0.0;2.0;2637.0


8.4;0.0;0.0;2.0;2637.0


8.4;0.0;0.0;2.0;2637.0


8.4;0.0;0.0;2.0;2637.0


8.4;0.0;0.0;2.0;2637.0


8.4;0.0;0.0;2.0;2637.0


8.3;0.0;0.0;2.0;2637.0


8.3;0.0;0.0;1.0;2637.0


8.3;0.0;0.0;2.0;2637.0


8.3;0.0;0.0;2.0;2637.0


8.4;0.0;0.0;2.0;2637.0


8.3;0.0;0.0;2.0;2637.0


7.2;0.0;0.0;2.0;2637.0


8.3;1.0;0.3;2.0;2637.0


8.3;0.0;0.0;2.0;2637.0


8.4;0.0;0.0;2.0;2637.0


8.3;0.0;0.0;2.0;2637.0


7.0;0.0;0.0;2.0;2637.0


8.3;0.0;0.0;2.0;2637.0


8.4;0.0;0.0;2.0;2637.0


8.3;0.0;0.0;2.0;2637.0


8.3;0.0;0.0;1.0;2637.0


8.4;0.0;0.0;2.0;2637.0


8.3;0.0;0.0;25.0;2639.0


8.3;0.2;0.0;31.0;2727.0


8.3;0.0;0.0;36.0;2819.0


8.3;0.0;0.0;35.0;2909.0


8.4;0.0;0.0;32.0;3001.0


8.3;0.0;0.0;39.0;3463.0


8.4;0.0;0.0;55.0;5479.0


8.3;0.0;0.0;52.0;5479.0


8.3;0.0;0.0;53.0;5479.0


8.3;0.0;0.0;52.0;5479.0


8.3;0.0;0.0;46.0;5479.0


8.4;0.0;0.0;52.0;5479.0


5.5;0.0;0.0;48.0;5479.0


7.2;0.0;0.0;43.0;5479.0


7.2;0.0;0.0;40.0;5479.0


6.9;0.0;0.0;49.0;5479.0


5.6;0.0;0.0;46.0;5479.0


7.2;0.0;0.0;48.0;5479.0


7.2;0.0;0.0;46.0;5479.0


7.1;0.0;0.0;45.0;5479.0


6.9;0.0;0.0;50.0;5479.0


8.3;0.0;0.0;45.0;5479.0


8.3;0.0;0.0;48.0;5479.0


0.0;10.6;0.8;1.0;5479.0


0.0;0.3;0.0;2.0;5479.0


8.4;548.0;23.8;2.0;5479.0


8.3;943.0;41.4;2.0;5479.0


8.3;1.0;0.3;2.0;5479.0


8.4;0.0;0.0;2.0;5479.0


8.3;0.0;0.0;2.0;5479.0


8.4;0.0;0.0;2.0;5479.0


8.4;0.0;0.0;2.0;5479.0


8.4;0.0;0.0;1.0;5479.0


8.4;0.0;0.0;2.0;5479.0


8.3;0.0;0.0;2.0;5479.0


8.4;0.0;0.0;2.0;5479.0


8.3;0.0;0.0;2.0;5479.0


8.4;0.0;0.0;1.0;5479.0


8.3;0.0;0.0;2.0;5479.0


8.3;0.0;0.0;2.0;5479.0


8.4;0.0;0.0;2.0;5479.0


8.3;0.0;0.0;2.0;5479.0


8.3;0.0;0.0;2.0;5479.0


8.3;0.0;0.0;2.0;5479.0


8.3;0.0;0.0;2.0;5479.0


8.3;0.0;0.0;2.0;5479.0


8.3;0.0;0.0;2.0;5479.0


8.4;0.0;0.0;4.0;5479.0


0.0;0.1;0.0;4.0;5479.0


0.0;0.3;0.0;5.0;5479.0


6.2;885.7;38.6;4.0;5479.0


8.4;607.1;26.9;5.0;5479.0


8.4;0.0;0.0;4.0;5479.0


8.4;0.0;0.0;5.0;5479.0


8.3;0.0;0.0;14.0;5479.0


8.3;0.0;0.0;15.0;5479.0


8.4;0.0;0.0;14.0;5479.0


8.3;0.0;0.0;15.0;5479.0


8.3;0.0;0.0;15.0;5479.0


8.3;0.0;0.0;16.0;5479.0


8.3;0.0;0.0;14.0;5479.0


8.4;0.0;0.0;13.0;5479.0


7.2;0.0;0.0;16.0;5479.0


8.3;0.0;0.0;14.0;5479.0


8.4;0.0;0.0;16.0;5479.0


8.3;0.0;0.0;17.0;5479.0


8.4;0.0;0.0;15.0;5479.0


8.3;0.0;0.0;14.0;5479.0


8.3;0.0;0.0;12.0;5479.0


8.4;0.0;0.0;13.0;5479.0


8.4;0.0;0.0;15.0;5479.0


8.4;0.0;0.0;13.0;5479.0


8.3;1.0;0.3;17.0;5479.0


8.4;0.0;0.0;13.0;5479.0


8.3;0.0;0.0;16.0;5479.0


8.4;0.0;0.0;12.0;5479.0


8.3;0.0;0.0;16.0;5479.0


8.3;0.0;0.0;14.0;5479.0


8.4;0.0;0.0;15.0;5479.0


8.3;0.0;0.0;16.0;5479.0


8.3;0.0;0.0;13.0;5479.0


8.3;0.0;0.0;15.0;5479.0


8.3;0.0;0.0;15.0;5479.0


8.4;0.0;0.0;76.0;5501.0


8.4;0.0;0.0;42.0;5501.0


8.3;0.0;0.0;31.0;5501.0


8.4;0.0;0.0;39.0;5501.0


8.3;0.0;0.0;50.0;5501.0


8.4;0.0;0.0;35.0;5501.0


6.2;0.0;0.0;50.0;5501.0


8.4;0.0;0.0;48.0;5501.0


8.3;0.0;0.0;49.0;5501.0


8.3;0.0;0.0;48.0;5501.0


5.9;0.0;0.0;50.0;5501.0


7.1;0.0;0.0;49.0;5501.0


8.3;0.0;0.0;47.0;5501.0


8.3;0.0;0.0;52.0;5501.0


8.4;0.0;0.0;40.0;5501.0


8.4;0.0;0.0;52.0;5501.0


8.3;0.0;0.0;52.0;5501.0


8.4;0.0;0.0;39.0;5501.0


8.3;0.0;0.0;52.0;5501.0


8.3;0.0;0.0;52.0;5501.0


8.4;0.0;0.0;51.0;5501.0


0.0;10.6;0.8;2.0;5501.0


0.0;0.3;0.0;1.0;5501.0


8.3;546.4;23.7;2.0;5501.0


8.4;945.3;41.5;2.0;5501.0


8.3;1.0;0.3;2.0;5501.0


8.4;0.0;0.0;2.0;5501.0


8.4;0.0;0.0;1.0;5501.0


5.9;0.0;0.0;2.0;5501.0


6.9;0.0;0.0;2.0;5501.0


8.3;0.0;0.0;1.0;5501.0


8.3;0.0;0.0;1.0;5501.0


8.4;0.0;0.0;2.0;5501.0


8.3;0.0;0.0;2.0;5501.0


8.4;0.0;0.0;1.0;5501.0


8.3;0.0;0.0;2.0;5501.0


8.4;0.0;0.0;2.0;5501.0


8.4;0.0;0.0;1.0;5501.0


8.4;0.0;0.0;2.0;5501.0


8.4;0.0;0.0;2.0;5501.0


8.3;0.0;0.0;2.0;5501.0


8.3;0.0;0.0;1.0;5501.0


8.3;0.0;0.0;2.0;5501.0


8.3;0.0;0.0;2.0;5501.0


8.3;0.0;0.0;2.0;5501.0


8.3;0.0;0.0;2.0;5501.0


0.0;0.1;0.0;1.0;5501.0


0.0;0.3;0.0;2.0;5501.0


8.3;1144.2;50.0;2.0;5501.0


8.4;348.4;15.5;1.0;5501.0


8.3;0.0;0.0;2.0;5501.0


8.4;0.0;0.0;1.0;5501.0


8.3;0.0;0.0;2.0;5501.0


8.4;0.0;0.0;2.0;5501.0


8.3;0.0;0.0;2.0;5501.0


8.4;0.0;0.0;2.0;5501.0


8.4;0.0;0.0;2.0;5501.0


6.9;0.0;0.0;2.0;5501.0


8.4;0.0;0.0;2.0;5501.0


8.3;0.0;0.0;2.0;5501.0


8.3;0.0;0.0;2.0;5501.0


8.3;0.0;0.0;2.0;5501.0


8.4;0.0;0.0;2.0;5501.0


8.4;0.0;0.0;1.0;5501.0


8.3;0.0;0.0;1.0;5501.0


8.3;0.0;0.0;2.0;5501.0


8.3;0.0;0.0;2.0;5501.0


8.3;0.0;0.0;2.0;5501.0


8.4;0.0;0.0;2.0;5501.0


8.3;0.0;0.0;2.0;5501.0


8.4;1.0;0.3;2.0;5501.0


8.3;0.0;0.0;2.0;5501.0


8.4;0.0;0.0;2.0;5501.0


8.4;0.0;0.0;2.0;5501.0


8.4;0.0;0.0;2.0;5501.0


7.0;0.0;0.0;2.0;5501.0


8.3;0.0;0.0;1.0;5501.0


8.4;0.0;0.0;2.0;5501.0


8.3;0.0;0.0;2.0;5501.0


6.9;0.0;0.0;2.0;5501.0


8.4;0.0;0.0;2.0;5501.0


8.3;0.0;0.0;30.0;5501.0


8.4;0.0;0.0;43.0;5501.0


8.3;0.0;0.0;43.0;5501.0


8.3;0.0;0.0;37.0;5501.0


8.4;0.0;0.0;23.0;5501.0


8.3;0.0;0.0;53.0;5501.0


8.4;0.0;0.0;52.0;5501.0


8.3;0.0;0.0;52.0;5501.0


8.4;0.0;0.0;51.0;5501.0


7.3;0.0;0.0;52.0;5501.0


8.3;0.0;0.0;39.0;5501.0


4.2;0.0;0.0;49.0;5501.0


6.9;0.0;0.0;37.0;5501.0


7.3;0.0;0.0;44.0;5501.0


8.3;0.0;0.0;38.0;5501.0


5.5;0.0;0.0;36.0;5501.0


8.3;0.0;0.0;45.0;5501.0


7.2;0.0;0.0;49.0;5501.0


8.4;0.0;0.0;49.0;5501.0


6.9;0.0;0.0;41.0;5501.0


6.9;0.0;0.0;49.0;5501.0


0.0;10.6;0.8;2.0;5501.0


0.0;0.3;0.0;2.0;5501.0


11.9;485.3;21.1;2.0;5501.0


8.3;1006.3;44.2;2.0;5501.0


8.4;1.0;0.3;2.0;5501.0


8.4;0.0;0.0;2.0;5501.0


8.4;0.0;0.0;3.0;5501.0


8.4;0.0;0.0;3.0;5501.0


8.4;0.0;0.0;2.0;5501.0


8.4;0.0;0.0;2.0;5501.0


8.3;0.0;0.0;2.0;5501.0


8.4;0.0;0.0;2.0;5501.0


8.3;0.0;0.0;5.0;5501.0


8.3;0.0;0.0;4.0;5501.0


8.3;0.0;0.0;5.0;5501.0


8.3;0.0;0.0;5.0;5501.0


8.4;0.0;0.0;5.0;5501.0


8.3;0.0;0.0;3.0;5501.0


8.3;0.0;0.0;4.0;5501.0


8.3;0.0;0.0;15.0;5501.0


8.3;0.0;0.0;14.0;5501.0


8.4;0.0;0.0;17.0;5501.0


8.3;0.0;0.0;14.0;5501.0


7.3;0.0;0.0;15.0;5501.0


6.2;0.0;0.0;11.0;5501.0


0.0;0.1;0.0;13.0;5501.0


0.0;0.3;0.0;12.0;5501.0


9.4;543.4;23.6;14.0;5501.0


8.4;947.5;41.6;18.0;5501.0


8.3;1.0;0.3;13.0;5501.0


8.3;0.0;0.0;15.0;5501.0


8.3;0.0;0.0;14.0;5501.0


8.4;0.0;0.0;14.0;5501.0


8.3;0.0;0.0;14.0;5501.0


8.3;0.0;0.0;12.0;5501.0


8.4;0.0;0.0;15.0;5501.0


8.3;0.0;0.0;15.0;5501.0


8.3;0.0;0.0;16.0;5501.0


8.4;0.0;0.0;10.0;5501.0


8.3;0.0;0.0;12.0;5501.0


8.4;0.0;0.0;13.0;5501.0


