8.4;1.6;0.2;0.0;454.0


8.4;129.0;7.6;0.0;454.0


8.3;93.2;7.4;0.0;454.0


2.4;83.6;8.3;0.0;454.0


1.2;0.3;0.0;1.0;454.0


4.8;26.6;1.0;0.0;454.0


8.4;2.3;0.2;4.0;613.0


8.4;0.0;0.0;5.0;745.0


8.4;0.0;0.0;6.0;875.0


8.3;0.0;0.0;6.0;997.0


8.4;0.2;0.0;4.0;1137.0


8.3;70.2;67.7;6.0;1243.0


8.4;84.8;353.6;24.0;1851.0


14.3;0.1;0.0;55.0;1851.0


0.0;0.3;0.0;0.0;1851.0


4.8;221.5;9.5;0.0;1851.0


9.5;1270.0;55.8;0.0;1851.0


8.3;1.0;0.3;0.0;1851.0


8.4;0.0;0.0;1.0;1851.0


8.3;0.0;0.0;0.0;1851.0


8.4;0.0;0.0;0.0;1851.0


8.3;0.0;0.0;0.0;1851.0


8.4;0.0;0.0;0.0;1851.0


8.3;0.0;0.0;0.0;1851.0


8.3;0.0;0.0;0.0;1851.0


8.4;0.0;0.0;0.0;1851.0


8.3;0.0;0.0;0.0;1851.0


8.3;0.0;0.0;0.0;1851.0


8.3;0.0;0.0;0.0;1851.0


8.3;0.0;0.0;0.0;1851.0


8.3;0.0;0.0;0.0;1851.0


8.3;0.0;0.0;0.0;1851.0


8.4;0.0;0.0;0.0;1851.0


8.3;0.0;0.0;0.0;1851.0


8.3;0.0;0.0;0.0;1851.0


8.3;0.0;0.0;0.0;1851.0


8.3;0.0;0.0;0.0;1851.0


1.4;0.1;0.0;0.0;1851.0


0.0;0.3;0.0;0.0;1851.0


7.2;225.2;9.7;0.0;1851.0


8.4;1265.7;55.6;0.0;1851.0


8.3;1.0;0.3;0.0;1851.0


8.4;0.0;0.0;0.0;1851.0


8.4;0.0;0.0;0.0;1851.0


8.4;0.0;0.0;0.0;1851.0


8.3;0.0;0.0;0.0;1851.0


8.3;0.0;0.0;0.0;1851.0


8.3;0.0;0.0;0.0;1851.0


8.3;0.0;0.0;0.0;1851.0


8.4;0.0;0.0;0.0;1851.0


8.3;0.0;0.0;1.0;1851.0


8.4;0.0;0.0;0.0;1851.0


8.3;0.0;0.0;0.0;1851.0


8.3;0.0;0.0;0.0;1851.0


8.4;0.0;0.0;0.0;1851.0


8.3;0.0;0.0;0.0;1851.0


8.4;0.0;0.0;0.0;1851.0


8.3;0.0;0.0;1.0;1851.0


8.4;0.0;0.0;1.0;1851.0


8.4;0.0;0.0;1.0;1851.0


8.3;0.0;0.0;1.0;1851.0


8.4;1.0;0.3;1.0;1851.0


8.3;0.0;0.0;1.0;1851.0


8.3;0.0;0.0;2.0;1851.0


8.3;0.0;0.0;4.0;1851.0


8.4;0.0;0.0;3.0;1851.0


8.3;0.0;0.0;2.0;1851.0


8.3;0.0;0.0;3.0;1851.0


8.4;0.0;0.0;3.0;1851.0


8.3;0.0;0.0;3.0;1851.0


8.3;0.0;0.0;2.0;1851.0


8.3;0.0;0.0;32.0;1851.0


8.3;0.2;0.0;61.0;1857.0


50.2;0.0;0.0;42.0;2485.0


8.3;0.0;0.0;47.0;2485.0


8.4;0.0;0.0;47.0;2485.0


8.4;0.0;0.0;47.0;2485.0


8.3;0.0;0.0;47.0;2485.0


8.4;0.0;0.0;48.0;2485.0


8.4;0.0;0.0;47.0;2485.0


7.2;0.0;0.0;47.0;2485.0


8.3;0.0;0.0;47.0;2485.0


8.3;0.0;0.0;46.0;2485.0


8.3;0.0;0.0;48.0;2485.0


8.3;0.0;0.0;48.0;2485.0


8.4;0.0;0.0;47.0;2487.0


0.0;3.7;0.3;0.0;2487.0


0.0;0.3;0.0;0.0;2487.0


8.3;1200.8;52.5;0.0;2487.0


8.3;290.6;13.0;0.0;2487.0


8.3;0.0;0.0;0.0;2487.0


8.3;0.0;0.0;0.0;2487.0


8.4;0.0;0.0;1.0;2487.0


8.3;0.0;0.0;0.0;2487.0


8.4;0.0;0.0;0.0;2487.0


8.4;0.0;0.0;0.0;2487.0


8.3;0.0;0.0;0.0;2487.0


8.4;0.0;0.0;0.0;2487.0


8.3;0.0;0.0;0.0;2487.0


8.3;0.0;0.0;0.0;2487.0


8.3;0.0;0.0;0.0;2487.0


8.3;0.0;0.0;0.0;2487.0


8.4;0.0;0.0;0.0;2487.0


8.3;0.0;0.0;0.0;2487.0


8.3;0.0;0.0;0.0;2487.0


8.3;0.0;0.0;0.0;2487.0


8.3;0.0;0.0;0.0;2487.0


8.3;0.0;0.0;0.0;2487.0


8.3;0.0;0.0;0.0;2487.0


5.6;0.1;0.0;0.0;2487.0


0.0;0.3;0.0;0.0;2487.0


7.2;230.5;9.9;0.0;2487.0


8.4;1260.7;55.4;0.0;2487.0


8.3;1.0;0.3;0.0;2487.0


8.4;0.0;0.0;0.0;2487.0


8.4;0.0;0.0;0.0;2487.0


8.4;0.0;0.0;0.0;2487.0


8.3;0.0;0.0;0.0;2487.0


8.3;0.0;0.0;0.0;2487.0


8.3;0.0;0.0;0.0;2487.0


8.3;0.0;0.0;0.0;2487.0


8.4;0.0;0.0;0.0;2487.0


8.3;0.0;0.0;0.0;2487.0


8.4;0.0;0.0;0.0;2487.0


8.4;0.0;0.0;0.0;2487.0


8.3;0.0;0.0;0.0;2487.0


8.4;0.0;0.0;0.0;2487.0


8.3;0.0;0.0;0.0;2487.0


8.4;0.0;0.0;0.0;2487.0


8.4;0.0;0.0;0.0;2487.0


8.4;0.0;0.0;0.0;2487.0


8.4;0.0;0.0;0.0;2487.0


8.3;0.0;0.0;0.0;2487.0


8.4;1.0;0.3;0.0;2487.0


8.3;0.0;0.0;0.0;2487.0


8.4;0.0;0.0;0.0;2487.0


8.3;0.0;0.0;0.0;2487.0


8.3;0.0;0.0;0.0;2487.0


8.4;0.0;0.0;1.0;2487.0


8.3;0.0;0.0;0.0;2487.0


8.3;0.0;0.0;0.0;2487.0


8.3;0.0;0.0;0.0;2487.0


8.3;0.0;0.0;0.0;2487.0


8.3;0.0;0.0;1.0;2491.0


8.3;0.0;0.0;43.0;3117.0


38.2;0.0;0.0;45.0;3117.0


8.3;0.0;0.0;47.0;3117.0


8.3;0.0;0.0;47.0;3117.0


8.3;0.0;0.0;43.0;3117.0


8.3;0.0;0.0;46.0;3117.0


8.4;0.0;0.0;47.0;3117.0


8.4;0.0;0.0;48.0;3117.0


8.4;0.0;0.0;48.0;3117.0


8.3;0.0;0.0;47.0;3117.0


8.3;0.0;0.0;48.0;3117.0


8.3;0.0;0.0;48.0;3117.0


8.3;0.0;0.0;47.0;3117.0


0.0;3.8;0.3;0.0;3117.0


0.0;0.3;0.0;0.0;3117.0


11.9;568.4;24.7;0.0;3117.0


8.3;922.3;40.5;0.0;3117.0


8.3;1.0;0.3;1.0;3117.0


8.4;0.0;0.0;0.0;3117.0


8.3;0.0;0.0;0.0;3117.0


8.4;0.0;0.0;0.0;3117.0


8.4;0.0;0.0;1.0;3117.0


8.4;0.0;0.0;0.0;3117.0


8.4;0.0;0.0;0.0;3117.0


8.3;0.0;0.0;0.0;3117.0


8.4;0.0;0.0;0.0;3117.0


8.3;0.0;0.0;1.0;3117.0


8.4;0.0;0.0;0.0;3117.0


8.3;0.0;0.0;0.0;3117.0


8.3;0.0;0.0;0.0;3117.0


8.4;0.0;0.0;0.0;3117.0


8.3;0.0;0.0;0.0;3117.0


8.4;0.0;0.0;1.0;3117.0


8.3;0.0;0.0;1.0;3117.0


8.3;0.0;0.0;1.0;3117.0


8.3;0.0;0.0;1.0;3117.0


8.3;0.0;0.0;1.0;3117.0


0.0;0.1;0.0;1.0;3117.0


0.0;0.3;0.0;4.0;3117.0


11.9;897.3;39.2;4.0;3117.0


8.4;593.8;26.3;3.0;3117.0


8.3;0.0;0.0;3.0;3117.0


8.4;0.0;0.0;4.0;3117.0


8.4;0.0;0.0;2.0;3117.0


8.4;0.0;0.0;2.0;3117.0


8.3;0.0;0.0;2.0;3117.0


8.3;0.0;0.0;4.0;3117.0


8.3;0.0;0.0;5.0;3117.0


8.3;0.0;0.0;2.0;3117.0


8.4;0.0;0.0;3.0;3117.0


8.3;0.0;0.0;3.0;3117.0


8.4;0.0;0.0;3.0;3117.0


8.3;0.0;0.0;3.0;3117.0


8.3;0.0;0.0;4.0;3117.0


8.4;0.0;0.0;5.0;3117.0


8.3;0.0;0.0;3.0;3117.0


8.4;0.0;0.0;4.0;3117.0


8.3;0.0;0.0;3.0;3117.0


8.3;0.0;0.0;3.0;3117.0


8.4;0.0;0.0;3.0;3117.0


8.3;0.0;0.0;4.0;3117.0


8.4;1.0;0.3;3.0;3117.0


8.3;0.0;0.0;3.0;3117.0


8.4;0.0;0.0;4.0;3117.0


8.3;0.0;0.0;2.0;3117.0


8.3;0.0;0.0;4.0;3117.0


8.3;0.0;0.0;2.0;3117.0


8.3;0.0;0.0;3.0;3117.0


8.4;0.0;0.0;4.0;3117.0


8.3;0.0;0.0;3.0;3117.0


8.3;0.0;0.0;3.0;3117.0


8.3;0.0;0.0;56.0;3119.0


26.3;0.0;0.0;42.0;3751.0


8.3;0.0;0.0;47.0;3751.0


8.4;0.0;0.0;46.0;3751.0


8.3;0.0;0.0;47.0;3751.0


8.4;0.0;0.0;47.0;3751.0


8.3;0.0;0.0;47.0;3751.0


8.3;0.0;0.0;47.0;3751.0


8.4;0.0;0.0;47.0;3751.0


8.3;0.0;0.0;46.0;3751.0


8.3;0.0;0.0;48.0;3751.0


8.3;0.0;0.0;47.0;3751.0


8.3;0.0;0.0;48.0;3751.0


8.3;0.0;0.0;47.0;3751.0


0.0;3.8;0.3;0.0;3751.0


0.0;0.3;0.0;0.0;3751.0


8.4;850.1;37.1;0.0;3751.0


8.3;641.5;28.4;1.0;3751.0


8.4;0.0;0.0;0.0;3751.0


8.3;0.0;0.0;0.0;3751.0


8.4;0.0;0.0;0.0;3751.0


8.3;0.0;0.0;0.0;3751.0


8.3;0.0;0.0;0.0;3751.0


8.3;0.0;0.0;0.0;3751.0


8.3;0.0;0.0;1.0;3751.0


8.3;0.0;0.0;0.0;3751.0


8.3;0.0;0.0;0.0;3751.0


8.3;0.0;0.0;0.0;3751.0


8.3;0.0;0.0;0.0;3751.0


8.4;0.0;0.0;0.0;3751.0


8.4;0.0;0.0;0.0;3751.0


8.3;0.0;0.0;0.0;3751.0


8.4;0.0;0.0;0.0;3751.0


8.3;0.0;0.0;0.0;3751.0


8.4;0.0;0.0;0.0;3751.0


8.4;0.0;0.0;0.0;3751.0


8.3;0.0;0.0;0.0;3751.0


8.4;0.0;0.0;0.0;3751.0


0.0;0.1;0.0;1.0;3751.0


0.0;0.3;0.0;0.0;3751.0


8.3;1183.3;51.8;0.0;3751.0


8.4;307.4;13.7;0.0;3751.0


8.3;0.0;0.0;0.0;3751.0


8.3;0.0;0.0;0.0;3751.0


8.3;0.0;0.0;1.0;3751.0


8.3;0.0;0.0;0.0;3751.0


8.3;0.0;0.0;0.0;3751.0


8.4;0.0;0.0;0.0;3751.0


8.3;0.0;0.0;0.0;3751.0


8.4;0.0;0.0;0.0;3751.0


8.3;0.0;0.0;0.0;3751.0


8.4;0.0;0.0;0.0;3751.0


8.4;0.0;0.0;0.0;3751.0


8.3;0.0;0.0;0.0;3751.0


8.4;0.0;0.0;0.0;3751.0


8.3;0.0;0.0;0.0;3751.0


8.4;0.0;0.0;1.0;3751.0


8.3;0.0;0.0;0.0;3751.0


8.3;0.0;0.0;0.0;3751.0


8.3;0.0;0.0;0.0;3751.0


8.3;0.0;0.0;0.0;3751.0


8.3;1.0;0.3;0.0;3751.0


8.3;0.0;0.0;0.0;3751.0


8.3;0.0;0.0;0.0;3751.0


8.3;0.0;0.0;0.0;3751.0


8.4;0.0;0.0;0.0;3751.0


8.4;0.0;0.0;1.0;3751.0


8.3;0.0;0.0;0.0;3751.0


8.4;0.0;0.0;0.0;3751.0


8.3;0.0;0.0;1.0;3751.0


8.4;0.0;0.0;0.0;3751.0


8.4;0.0;0.0;1.0;3751.0


8.3;0.0;0.0;43.0;3751.0


50.2;0.0;0.0;42.0;3751.0


8.3;0.0;0.0;47.0;3751.0


8.4;0.0;0.0;47.0;3751.0


8.3;0.0;0.0;44.0;3751.0


8.4;0.0;0.0;47.0;3751.0


8.4;0.0;0.0;47.0;3751.0


8.3;0.0;0.0;47.0;3751.0


8.3;0.0;0.0;47.0;3751.0


8.3;0.0;0.0;40.0;3751.0


8.4;0.0;0.0;47.0;3751.0


8.4;0.0;0.0;48.0;3751.0


8.3;0.0;0.0;47.0;3751.0


