7.1;34.8;18.3;1.4;1.0;920.0
8.3;98.8;114.3;9.8;0.0;920.0
8.4;138.3;145.3;8.5;0.0;920.0
7.1;168.7;129.1;7.2;0.0;920.0
8.3;195.9;90.8;6.1;0.0;920.0
7.2;220.2;145.0;5.2;1.0;920.0
8.3;233.5;1.7;0.1;0.0;1019.0
8.4;672.8;61.0;33.4;7.0;4935.0
9.4;1016.4;0.8;33.3;5.0;7876.0
0.0;983.3;2.9;0.0;1.0;7876.0
0.0;983.3;0.0;0.0;0.0;7876.0
0.0;983.3;0.0;0.0;0.0;7876.0
0.0;983.3;0.0;0.0;0.0;7876.0
0.0;983.3;0.0;0.0;0.0;7876.0
0.0;983.3;0.0;0.0;0.0;7876.0
0.0;983.3;0.0;0.0;0.0;7876.0
0.0;983.3;0.0;0.0;0.0;7876.0
0.0;983.3;0.0;0.0;0.0;7876.0
3.1;1021.1;0.3;37.3;0.0;7876.0
0.0;1138.9;1.6;116.1;0.0;7876.0
8.3;1294.0;0.1;0.0;1.0;7876.0
8.4;1297.3;0.0;0.0;0.0;7876.0
8.3;1308.4;0.0;0.0;0.0;7876.0
8.3;1318.5;0.3;0.0;0.0;7876.0
8.4;1390.1;0.0;0.0;0.0;7876.0
8.3;1371.2;0.9;1.4;0.0;7876.0
8.3;1406.6;0.3;1.5;0.0;7876.0
8.3;1417.7;0.0;0.0;0.0;7876.0
8.3;1420.0;0.0;0.0;0.0;7876.0
8.4;1436.5;0.0;0.0;0.0;7876.0
8.3;1439.5;0.0;0.0;0.0;7902.0
8.4;1683.2;0.2;0.0;10.0;8043.0
10.8;1919.1;15.5;0.2;88.0;8043.0
10.8;1919.3;5.6;0.1;96.0;8043.0
9.6;1919.3;0.0;0.0;97.0;8043.0
13.1;1919.4;0.0;0.0;96.0;8043.0
11.9;1919.4;0.0;0.0;96.0;8043.0
8.3;1919.4;0.0;0.0;99.0;8043.0
8.4;1919.5;0.0;0.0;96.0;8043.0
8.3;1919.5;0.0;0.0;96.0;8043.0
8.3;1919.5;0.0;0.0;97.0;8043.0
8.4;1919.5;0.0;0.0;97.0;8043.0
8.3;1919.5;0.0;0.0;96.0;8043.0
8.4;1919.5;0.0;0.0;97.0;8043.0
8.3;1919.6;0.0;0.0;97.0;8043.0
8.3;1919.6;0.0;0.0;97.0;8043.0
8.4;1919.6;0.0;0.0;99.0;8043.0
10.7;1919.1;2.0;0.0;92.0;8043.0
8.3;1966.1;18.8;0.3;82.0;8043.0
8.3;1968.4;9.2;0.1;10.0;8043.0
77.6;2959.3;0.0;0.0;31.0;8043.0
69.8;2959.3;0.0;0.0;1.0;8043.0
8.4;2961.8;3.6;3.0;0.0;8043.0
8.3;2962.7;1.2;6.8;0.0;8043.0
8.3;2964.7;1.3;4.5;0.0;8043.0
8.4;2963.4;1.5;6.8;0.0;8043.0
8.3;2963.8;1.2;6.8;0.0;8043.0
8.4;2964.4;1.3;4.5;0.0;8043.0
8.3;2965.1;1.4;1.2;0.0;8043.0
8.3;2966.9;3.8;33.5;0.0;8043.0
10.8;2971.6;0.9;3.0;14.0;8043.0
9.5;2971.6;0.0;0.0;97.0;8043.0
8.3;2971.6;0.0;0.0;97.0;8043.0
15.5;2971.6;0.0;0.0;97.0;8043.0
9.5;2971.6;0.0;0.0;97.0;8043.0
8.4;2971.6;0.0;0.0;99.0;8043.0
12.5;2971.6;0.0;0.0;96.0;8043.0
12.5;2971.6;0.0;0.0;97.0;8043.0
9.6;2971.6;0.0;0.0;97.0;8043.0
8.4;2971.7;0.0;0.0;97.0;8043.0
8.4;2971.7;0.0;0.0;97.0;8043.0
8.3;2971.7;0.0;0.0;97.0;8043.0
8.4;2971.7;0.0;0.0;99.0;8043.0
10.7;2971.7;0.0;0.0;96.0;8043.0
10.8;2971.7;0.0;0.0;99.0;8043.0
13.0;2971.2;0.0;0.0;96.0;8043.0
22.9;2978.4;0.0;0.0;44.0;8043.0
98.2;2978.4;0.0;0.0;0.0;8043.0
97.1;2978.4;0.0;0.0;0.0;8043.0
8.3;2975.4;15.2;67.3;1.0;8043.0
8.4;2976.1;0.6;1.5;0.0;8043.0
8.4;2980.8;0.3;1.6;96.0;8043.0
15.4;2980.8;0.0;0.0;99.0;8043.0
8.4;2980.8;0.0;0.0;96.0;8043.0
6.2;2980.8;0.0;0.0;97.0;8043.0
8.3;2980.8;0.0;0.0;96.0;8043.0
9.6;2980.8;0.0;0.0;97.0;8043.0
10.7;2980.8;0.0;0.0;97.0;8043.0
8.4;2980.8;0.0;0.0;96.0;8043.0
8.3;2980.8;0.0;0.0;99.0;8043.0
8.3;2980.8;0.0;0.0;96.0;8043.0
8.4;2980.8;0.0;0.0;96.0;8043.0
9.5;2980.8;0.0;0.0;96.0;8043.0
9.4;2980.8;0.0;0.0;97.0;8043.0
9.6;2980.8;0.0;0.0;96.0;8043.0
9.6;2980.8;0.0;0.0;96.0;8043.0
8.4;2991.1;0.0;0.0;4.0;8043.0
99.1;2992.5;0.0;0.0;0.0;8043.0
99.1;2992.5;0.0;0.0;0.0;8043.0
99.4;2992.5;0.0;0.0;0.0;8043.0
100.3;2992.5;0.0;0.0;0.0;8043.0
8.4;3113.7;15.2;67.6;2.0;8043.0
8.3;2990.5;0.6;1.5;0.0;8043.0
13.0;2996.9;0.3;1.6;99.0;8043.0
8.4;2996.9;0.0;0.0;96.0;8043.0
8.3;2996.9;0.0;0.0;97.0;8043.0
9.4;2996.9;0.0;0.0;96.0;8043.0
8.4;2996.9;0.0;0.0;97.0;8043.0
8.4;2996.9;0.0;0.0;97.0;8043.0
8.4;2996.9;0.0;0.0;97.0;8043.0
8.4;2996.9;0.0;0.0;99.0;8043.0
9.4;2996.9;0.0;0.0;97.0;8043.0
8.3;2996.9;0.0;0.0;99.0;8043.0
7.2;2996.9;0.0;0.0;96.0;8043.0
9.5;2996.9;0.0;0.0;97.0;8043.0
9.4;2996.9;0.0;0.0;96.0;8043.0
8.4;2996.9;0.0;0.0;97.0;8043.0
8.3;2996.9;0.0;0.0;96.0;8043.0
8.4;2996.4;0.0;0.0;85.0;8043.0
8.3;3010.3;0.0;0.0;0.0;8043.0
97.9;3010.3;0.0;0.0;0.0;8043.0
100.3;3010.3;0.0;0.0;0.0;8043.0
96.8;3010.3;0.0;0.0;0.0;8043.0
93.2;3010.3;0.0;0.0;1.0;8043.0
99.0;3010.3;0.0;0.0;0.0;8043.0
11.9;3038.1;15.1;67.9;3.0;8043.0
8.4;3007.0;0.1;0.0;0.0;8043.0
8.4;3016.8;0.9;3.3;1.0;8043.0
8.3;3012.6;0.0;0.0;97.0;8043.0
9.5;3012.6;0.0;0.0;97.0;8043.0
9.6;3012.6;0.0;0.0;96.0;8043.0
9.5;3012.6;0.0;0.0;97.0;8043.0
8.3;3012.6;0.0;0.0;96.0;8043.0
8.3;3012.6;0.0;0.0;96.0;8043.0
8.3;3012.6;0.0;0.0;99.0;8043.0
8.4;3012.6;0.0;0.0;96.0;8043.0
16.6;3012.6;0.0;0.0;97.0;8043.0
14.6;3012.5;0.0;0.0;97.0;8043.0
13.1;3012.5;0.0;0.0;97.0;8043.0
10.7;3012.5;0.0;0.0;97.0;8043.0
8.4;3012.5;0.0;0.0;97.0;8043.0
8.3;3012.5;0.0;0.0;97.0;8043.0
10.4;3012.0;0.0;0.0;97.0;8043.0
8.4;3024.7;0.0;0.0;2.0;8043.0
97.1;3026.0;0.0;0.0;0.0;8043.0
95.6;3026.0;0.0;0.0;0.0;8043.0
95.9;3026.0;0.0;0.0;0.0;8043.0
90.0;3026.0;0.0;0.0;0.0;8043.0
96.8;3026.0;0.0;0.0;0.0;8043.0
99.4;3026.0;0.0;0.0;0.0;8043.0
90.6;3026.0;0.0;0.0;0.0;8043.0
8.4;3022.4;15.2;68.2;1.0;8043.0
8.4;3024.0;0.6;1.7;0.0;8043.0
8.4;3029.3;0.3;1.8;96.0;8043.0
8.3;3029.3;0.0;0.0;97.0;8043.0
8.3;3029.3;0.0;0.0;96.0;8043.0
8.4;3029.3;0.0;0.0;97.0;8043.0
8.3;3029.3;0.0;0.0;96.0;8043.0
9.6;3029.3;0.0;0.0;97.0;8043.0
8.3;3029.3;0.0;0.0;99.0;8043.0
8.3;3029.3;0.0;0.0;97.0;8043.0
8.4;3029.3;0.0;0.0;98.0;8043.0
9.5;3029.3;0.0;0.0;96.0;8043.0
10.4;3029.3;0.0;0.0;97.0;8043.0
9.4;3029.3;0.0;0.0;96.0;8043.0
8.3;3029.3;0.0;0.0;97.0;8043.0
8.4;3029.3;0.0;0.0;96.0;8043.0
8.3;3029.3;0.0;0.0;97.0;8043.0
8.3;3028.8;0.0;0.0;97.0;8043.0
8.4;3044.5;0.0;0.0;0.0;8043.0
99.4;3044.5;0.0;0.0;0.0;8043.0
39.4;3044.5;0.0;0.0;0.0;8043.0
84.8;3044.5;0.0;0.0;0.0;8043.0
84.8;3044.5;0.0;0.0;0.0;8043.0
83.6;3044.5;0.0;0.0;0.0;8043.0
89.6;3044.5;0.0;0.0;0.0;8043.0
99.0;3044.5;0.0;0.0;0.0;8043.0
94.7;3044.5;0.0;0.0;1.0;8043.0
8.3;3185.8;15.2;68.5;2.0;8043.0
8.4;3042.6;0.6;1.7;0.0;8043.0
8.3;3048.4;0.3;1.8;33.0;8043.0
9.4;3048.4;0.0;0.0;99.0;8043.0
8.4;3048.4;0.0;0.0;96.0;8043.0
8.3;3048.4;0.0;0.0;99.0;8043.0
8.4;3048.4;0.0;0.0;96.0;8043.0
8.3;3048.4;0.0;0.0;96.0;8043.0
9.6;3048.4;0.0;0.0;96.0;8043.0
7.2;3048.4;0.0;0.0;97.0;8043.0
9.6;3048.4;0.0;0.0;96.0;8043.0
8.3;3048.4;0.0;0.0;97.0;8043.0
8.3;3048.4;0.0;0.0;99.0;8043.0
8.4;3048.4;0.0;0.0;96.0;8043.0
8.3;3048.4;0.0;0.0;96.0;8043.0
9.4;3048.4;0.0;0.0;96.0;8043.0
12.5;3048.4;0.0;0.0;97.0;8043.0
9.5;3048.4;0.0;0.0;97.0;8043.0
8.4;3058.5;0.0;0.0;0.0;8043.0
8.3;3063.3;0.0;0.0;2.0;8043.0
94.8;3063.3;0.0;0.0;0.0;8043.0
98.2;3063.3;0.0;0.0;0.0;8043.0
100.3;3063.3;0.0;0.0;0.0;8043.0
98.0;3063.3;0.0;0.0;0.0;8043.0
99.0;3063.3;0.0;0.0;0.0;8043.0
98.0;3063.3;0.0;0.0;0.0;8043.0
97.1;3063.3;0.0;0.0;0.0;8043.0
99.1;3063.3;0.0;0.0;0.0;8043.0
8.3;3057.5;15.2;68.9;3.0;8043.0
8.4;3061.5;0.6;1.8;0.0;8043.0
8.3;3067.1;0.3;1.9;75.0;8043.0
11.9;3067.1;0.0;0.0;97.0;8043.0
11.5;3067.1;0.0;0.0;96.0;8043.0
7.2;3067.1;0.0;0.0;97.0;8043.0
8.4;3067.1;0.0;0.0;99.0;8043.0
8.4;3067.1;0.0;0.0;97.0;8043.0
9.4;3067.1;0.0;0.0;97.0;8043.0
8.3;3067.1;0.0;0.0;96.0;8043.0
14.3;3067.1;0.0;0.0;97.0;8043.0
8.3;3067.1;0.0;0.0;97.0;8043.0
10.8;3067.1;0.0;0.0;96.0;8043.0
9.4;3067.1;0.0;0.0;98.0;8043.0
8.3;3067.1;0.0;0.0;97.0;8043.0
9.6;3067.1;0.0;0.0;99.0;8043.0
9.5;3067.1;0.0;0.0;97.0;8043.0
10.4;3066.6;0.0;0.0;97.0;8043.0
8.3;3079.7;0.0;0.0;0.0;8043.0
55.6;3085.0;0.0;0.0;55.0;8043.0
100.3;3085.0;0.0;0.0;0.0;8043.0
93.5;3085.0;0.0;0.0;0.0;8043.0
92.7;3085.0;0.0;0.0;0.0;8043.0
98.2;3085.0;0.0;0.0;0.0;8043.0
98.2;3085.0;0.0;0.0;0.0;8043.0
100.3;3085.0;0.0;0.0;0.0;8043.0
99.0;3085.0;0.0;0.0;0.0;8043.0
90.8;3085.0;0.0;0.0;0.0;8043.0
99.1;3085.0;0.0;0.0;0.0;8043.0
95.6;3085.0;0.0;0.0;0.0;8043.0
8.3;3081.3;15.2;69.2;0.0;8043.0
8.4;3081.6;0.6;1.9;0.0;8043.0
9.5;3086.3;0.3;2.0;99.0;8043.0
8.4;3086.3;0.0;0.0;97.0;8043.0
8.3;3086.3;0.0;0.0;98.0;8043.0
8.3;3086.3;0.0;0.0;96.0;8043.0
9.6;3086.3;0.0;0.0;96.0;8043.0
9.5;3086.3;0.0;0.0;97.0;8043.0
11.9;3086.3;0.0;0.0;97.0;8043.0
7.3;3086.3;0.0;0.0;96.0;8043.0
8.4;3086.3;0.0;0.0;97.0;8043.0
7.2;3086.3;0.0;0.0;99.0;8043.0
8.4;3086.3;0.0;0.0;96.0;8043.0
8.3;3086.3;0.0;0.0;97.0;8043.0
9.5;3086.3;0.0;0.0;97.0;8043.0
8.4;3086.3;0.0;0.0;97.0;8043.0
8.3;3086.3;0.0;0.0;97.0;8043.0
8.3;3088.9;0.0;0.0;93.0;8043.0
8.3;3100.7;0.0;0.0;0.0;8043.0
72.2;3108.8;0.0;0.0;46.0;8043.0
100.3;3108.9;0.0;0.0;0.0;8043.0
99.1;3108.9;0.0;0.0;0.0;8043.0
97.1;3108.9;0.0;0.0;0.0;8043.0
88.8;3108.9;0.0;0.0;0.0;8043.0
99.4;3108.9;0.0;0.0;0.0;8043.0
94.4;3108.9;0.0;0.0;0.0;8043.0
96.8;3108.9;0.0;0.0;0.0;8043.0
96.8;3108.9;0.0;0.0;0.0;8043.0
95.6;3108.9;0.0;0.0;0.0;8043.0
92.0;3108.9;0.0;0.0;0.0;8043.0
99.4;3108.9;0.0;0.0;0.0;8043.0
8.4;3136.1;15.1;69.6;2.0;8043.0
8.3;3105.5;0.7;1.9;0.0;8043.0
8.4;3109.2;0.3;2.1;0.0;8043.0
8.3;3109.2;0.0;0.0;96.0;8043.0
8.3;3109.2;0.0;0.0;96.0;8043.0
8.4;3109.2;0.0;0.0;97.0;8043.0
7.1;3109.2;0.0;0.0;99.0;8043.0
9.6;3109.2;0.0;0.0;96.0;8043.0
8.3;3109.2;0.0;0.0;96.0;8043.0
11.8;3109.2;0.0;0.0;97.0;8043.0
8.4;3109.2;0.0;0.0;97.0;8043.0
10.7;3109.2;0.0;0.0;96.0;8043.0
10.4;3109.2;0.0;0.0;97.0;8043.0
8.3;3109.2;0.0;0.0;99.0;8043.0
11.9;3109.2;0.0;0.0;97.0;8043.0
9.6;3109.2;0.0;0.0;96.0;8043.0
9.6;3109.2;0.0;0.0;96.0;8043.0
8.3;3109.2;0.0;0.0;97.0;8043.0
8.3;3120.4;0.0;0.0;29.0;8043.0
8.4;3132.4;0.0;0.0;0.0;8043.0
96.8;3132.5;0.0;0.0;58.0;8043.0
94.4;3132.5;0.0;0.0;0.0;8043.0
96.9;3132.5;0.0;0.0;0.0;8043.0
100.3;3132.5;0.0;0.0;0.0;8043.0
99.1;3132.5;0.0;0.0;0.0;8043.0
94.4;3132.5;0.0;0.0;0.0;8043.0
91.7;3132.5;0.0;0.0;0.0;8043.0
94.4;3132.5;0.0;0.0;0.0;8043.0
96.8;3132.5;0.0;0.0;0.0;8043.0
99.1;3132.5;0.0;0.0;0.0;8043.0
100.0;3132.5;0.0;0.0;0.0;8043.0
99.1;3132.5;0.0;0.0;0.0;8043.0
100.3;3132.5;0.0;0.0;0.0;8043.0
