8.4;35.9;16.9;1.1;1.0;953.0
8.3;94.7;98.3;8.7;1.0;951.0
8.4;132.5;133.9;8.9;0.0;951.0
7.1;164.7;116.1;7.1;1.0;954.0
7.1;191.5;118.2;6.1;1.0;950.0
6.2;210.1;98.6;4.0;1.0;951.0
8.3;228.1;57.0;2.0;10.0;950.0
8.4;449.6;61.1;33.4;7.0;1124.0
8.3;943.7;0.6;0.0;56.0;7906.0
0.0;982.5;3.1;33.3;1.0;7906.0
0.0;982.5;0.0;0.0;1.0;7905.0
0.0;982.5;0.0;0.0;1.0;7906.0
0.0;982.5;0.0;0.0;1.0;7905.0
0.0;982.5;0.0;0.0;1.0;7905.0
0.0;982.5;0.0;0.0;1.0;7906.0
0.0;982.5;0.0;0.0;1.0;7905.0
0.0;982.5;0.0;0.0;6.0;7905.0
0.0;982.5;0.0;0.0;0.0;7906.0
0.0;982.5;0.0;0.0;5.0;7908.0
6.0;1093.8;0.9;111.3;2.0;7904.0
0.0;1138.1;1.0;42.2;8.0;7904.0
8.4;1293.3;0.1;0.0;2.0;7902.0
8.3;1296.4;0.0;0.0;8.0;7902.0
8.3;1306.0;0.0;0.0;2.0;7900.0
7.2;1315.8;0.3;0.0;4.0;7903.0
8.3;1388.2;0.0;0.0;1.0;7902.0
8.3;1368.1;0.3;0.0;1.0;7902.0
8.3;1366.6;0.9;2.9;1.0;7903.0
8.4;1415.7;0.0;0.0;6.0;7896.0
8.4;1416.8;0.0;0.0;2.0;7898.0
8.4;1417.9;0.0;0.0;4.0;7894.0
8.3;1435.7;0.0;0.0;2.0;7894.0
8.3;1402.9;0.0;0.0;4.0;7943.0
8.4;1780.5;0.2;0.0;8.0;8062.0
8.3;1918.8;18.3;0.3;94.0;8064.0
10.8;1919.0;2.0;0.0;96.0;8068.0
10.4;1919.1;0.0;0.0;96.0;8067.0
10.7;1919.1;0.0;0.0;99.0;8067.0
7.2;1919.1;0.0;0.0;95.0;8066.0
9.5;1919.1;0.0;0.0;99.0;8086.0
8.3;1919.1;0.0;0.0;96.0;8083.0
8.4;1919.2;0.0;0.0;99.0;8084.0
8.3;1919.2;0.0;0.0;95.0;8086.0
8.4;1919.3;0.0;0.0;99.0;8083.0
8.3;1919.3;0.0;0.0;96.0;8083.0
8.3;1923.5;0.0;0.0;99.0;8083.0
8.4;1919.3;0.0;0.0;96.0;8081.0
8.4;1919.3;0.0;0.0;99.0;8083.0
10.8;1919.3;0.0;0.0;96.0;8083.0
8.3;1919.3;0.0;0.0;95.0;8083.0
9.6;1918.8;17.8;0.3;87.0;8067.0
8.3;1967.2;2.6;0.0;21.0;8056.0
8.4;1969.1;9.2;0.1;2.0;8046.0
100.3;2959.2;0.0;0.0;31.0;8046.0
16.7;2958.3;2.7;0.3;6.0;8046.0
8.4;2960.3;1.1;4.9;9.0;8044.0
8.3;2960.5;1.0;4.5;2.0;8044.0
10.8;2963.2;1.3;4.5;2.0;8046.0
8.3;2963.6;1.2;6.8;2.0;8043.0
8.3;2962.2;1.3;4.5;2.0;8044.0
8.4;2962.2;1.5;6.8;2.0;8046.0
8.3;2962.6;1.2;0.3;2.0;8044.0
8.3;2964.6;4.0;34.4;3.0;8044.0
8.3;2966.4;0.6;1.4;2.0;8044.0
9.6;2969.6;0.3;1.5;96.0;8046.0
9.6;2969.6;0.0;0.0;95.0;8046.0
13.5;2969.6;0.0;0.0;95.0;8044.0
8.3;2969.6;0.0;0.0;96.0;8044.0
9.5;2969.6;0.0;0.0;96.0;8047.0
8.4;2969.6;0.0;0.0;96.0;8046.0
13.0;2969.6;0.0;0.0;95.0;8044.0
9.4;2969.6;0.0;0.0;95.0;8046.0
8.3;2969.6;0.0;0.0;95.0;8044.0
8.3;2969.6;0.0;0.0;96.0;8046.0
8.4;2969.6;0.0;0.0;96.0;8046.0
9.4;2969.6;0.0;0.0;96.0;8044.0
8.3;2969.6;0.0;0.0;95.0;8046.0
8.4;2969.6;0.0;0.0;96.0;8044.0
8.3;2969.6;0.0;0.0;95.0;8044.0
8.4;2969.2;0.0;0.0;96.0;8046.0
8.3;2975.3;0.0;0.0;3.0;8046.0
90.0;2975.7;0.0;0.0;19.0;8043.0
98.0;2975.7;0.0;0.0;2.0;8044.0
98.2;2975.7;0.0;0.0;2.0;8043.0
8.3;2972.1;15.2;67.1;2.0;8044.0
8.3;2974.9;0.6;1.5;2.0;8044.0
8.4;2979.1;0.3;1.6;96.0;8044.0
8.3;2979.1;0.0;0.0;96.0;8046.0
8.4;2979.1;0.0;0.0;97.0;8046.0
9.4;2979.1;0.0;0.0;95.0;8044.0
8.3;2979.1;0.0;0.0;96.0;8044.0
8.4;2979.1;0.0;0.0;95.0;8046.0
8.3;2979.1;0.0;0.0;95.0;8046.0
9.6;2979.1;0.0;0.0;95.0;8046.0
7.3;2979.1;0.0;0.0;95.0;8046.0
8.3;2979.1;0.0;0.0;95.0;8046.0
9.6;2979.1;0.0;0.0;98.0;8047.0
9.5;2979.1;0.0;0.0;96.0;8046.0
9.4;2979.1;0.0;0.0;99.0;8044.0
9.6;2979.1;0.0;0.0;96.0;8046.0
11.9;2979.1;0.0;0.0;96.0;8046.0
8.4;2978.6;0.0;0.0;95.0;8044.0
8.3;2991.8;0.0;0.0;1.0;8044.0
95.6;2991.9;0.0;0.0;2.0;8044.0
91.1;2991.9;0.0;0.0;2.0;8044.0
96.8;2991.9;0.0;0.0;2.0;8044.0
90.0;2991.9;0.0;0.0;2.0;8044.0
8.3;2987.0;15.2;67.4;2.0;8043.0
8.3;2991.2;0.6;1.5;2.0;8043.0
7.2;2996.9;0.3;1.6;99.0;8044.0
8.3;2996.9;0.0;0.0;95.0;8044.0
11.5;2996.9;0.0;0.0;99.0;8046.0
8.4;2996.9;0.0;0.0;96.0;8045.0
8.4;2996.9;0.0;0.0;99.0;8045.0
8.4;2996.9;0.0;0.0;95.0;8046.0
8.3;2996.9;0.0;0.0;96.0;8046.0
8.3;2996.9;0.0;0.0;95.0;8045.0
9.5;2996.9;0.0;0.0;95.0;8046.0
8.4;2996.9;0.0;0.0;95.0;8045.0
8.3;2996.9;0.0;0.0;96.0;8045.0
8.3;2996.9;0.0;0.0;95.0;8046.0
8.4;2996.9;0.0;0.0;99.0;8045.0
8.3;2996.9;0.0;0.0;95.0;8046.0
8.4;2996.9;0.0;0.0;97.0;8046.0
9.4;2996.9;0.0;0.0;96.0;8045.0
8.3;3005.1;0.0;0.0;2.0;8045.0
99.7;3007.1;0.0;0.0;36.0;8043.0
97.0;3007.1;0.0;0.0;2.0;8045.0
93.2;3007.1;0.0;0.0;2.0;8045.0
98.0;3007.1;0.0;0.0;2.0;8045.0
87.3;3007.1;0.0;0.0;2.0;8045.0
82.9;3007.1;0.0;0.0;2.0;8046.0
8.3;3004.5;15.2;67.6;2.0;8044.0
8.3;3006.0;0.6;1.6;3.0;8045.0
9.4;3010.7;0.3;1.7;95.0;8046.0
8.3;3010.7;0.0;0.0;99.0;8046.0
9.6;3010.7;0.0;0.0;97.0;8046.0
9.5;3010.7;0.0;0.0;96.0;8045.0
8.3;3010.7;0.0;0.0;96.0;8046.0
9.6;3010.7;0.0;0.0;95.0;8046.0
11.8;3010.7;0.0;0.0;97.0;8045.0
11.9;3010.7;0.0;0.0;95.0;8046.0
9.4;3010.7;0.0;0.0;99.0;8045.0
10.8;3010.7;0.0;0.0;96.0;8045.0
8.4;3010.7;0.0;0.0;99.0;8046.0
8.4;3010.7;0.0;0.0;95.0;8045.0
9.4;3010.7;0.0;0.0;99.0;8046.0
8.3;3010.7;0.0;0.0;96.0;8046.0
8.4;3010.7;0.0;0.0;97.0;8045.0
9.5;3010.2;0.0;0.0;96.0;8045.0
8.4;3024.5;0.0;0.0;3.0;8045.0
92.3;3024.8;0.0;0.0;60.0;8043.0
83.6;3024.8;0.0;0.0;2.0;8045.0
95.6;3024.8;0.0;0.0;2.0;8045.0
92.3;3024.8;0.0;0.0;2.0;8046.0
93.2;3024.8;0.0;0.0;3.0;8043.0
85.9;3024.8;0.0;0.0;2.0;8046.0
95.6;3024.8;0.0;0.0;2.0;8043.0
8.3;3019.8;15.2;67.8;2.0;8046.0
8.3;3021.6;0.6;1.7;2.0;8045.0
9.4;3031.8;0.3;1.8;97.0;8046.0
8.3;3031.8;0.0;0.0;96.0;8046.0
8.4;3031.8;0.0;0.0;96.0;8046.0
8.3;3031.8;0.0;0.0;97.0;8048.0
8.3;3031.8;0.0;0.0;96.0;8045.0
8.4;3031.8;0.0;0.0;95.0;8045.0
10.7;3031.8;0.0;0.0;96.0;8046.0
9.6;3031.8;0.0;0.0;95.0;8046.0
8.3;3031.8;0.0;0.0;96.0;8045.0
8.3;3031.8;0.0;0.0;95.0;8046.0
9.6;3031.8;0.0;0.0;97.0;8046.0
9.6;3031.8;0.0;0.0;95.0;8045.0
17.9;3031.8;0.0;0.0;99.0;8046.0
8.3;3031.8;0.0;0.0;96.0;8046.0
8.4;3031.8;0.0;0.0;99.0;8046.0
8.3;3031.8;0.0;0.0;95.0;8046.0
8.4;3041.1;0.0;0.0;2.0;8045.0
46.2;3042.5;0.0;0.0;62.0;8045.0
92.7;3042.6;0.0;0.0;2.0;8043.0
96.8;3042.6;0.0;0.0;2.0;8043.0
94.7;3042.6;0.0;0.0;2.0;8043.0
97.1;3042.6;0.0;0.0;2.0;8043.0
94.4;3042.6;0.0;0.0;3.0;8043.0
97.0;3042.6;0.0;0.0;2.0;8046.0
94.7;3042.6;0.0;0.0;3.0;8044.0
19.1;3036.8;9.2;28.9;4.0;8045.0
8.3;3038.4;6.0;39.2;2.0;8046.0
8.3;3043.7;0.9;3.6;2.0;8046.0
13.1;3044.8;0.0;0.0;96.0;8046.0
9.5;3044.8;0.0;0.0;95.0;8045.0
8.3;3044.8;0.0;0.0;97.0;8046.0
11.5;3044.8;0.0;0.0;96.0;8048.0
8.3;3044.8;0.0;0.0;96.0;8048.0
8.4;3044.8;0.0;0.0;96.0;8048.0
8.3;3048.6;0.0;0.0;95.0;8045.0
8.3;3044.8;0.0;0.0;95.0;8046.0
8.4;3044.8;0.0;0.0;96.0;8048.0
8.4;3044.8;0.0;0.0;95.0;8045.0
11.9;3044.8;0.0;0.0;96.0;8046.0
10.4;3044.8;0.0;0.0;95.0;8048.0
8.4;3044.8;0.0;0.0;96.0;8046.0
9.5;3044.8;0.0;0.0;95.0;8046.0
8.4;3044.8;0.0;0.0;96.0;8045.0
8.3;3044.4;0.0;0.0;95.0;8045.0
8.3;3054.8;0.0;0.0;2.0;8044.0
95.6;3058.1;0.0;0.0;6.0;8045.0
96.8;3058.1;0.0;0.0;2.0;8044.0
92.0;3058.1;0.0;0.0;2.0;8045.0
93.2;3058.1;0.0;0.0;2.0;8044.0
92.8;3058.1;0.0;0.0;2.0;8045.0
98.0;3058.1;0.0;0.0;2.0;8045.0
92.3;3058.1;0.0;0.0;7.0;8046.0
97.1;3058.1;0.0;0.0;6.0;8046.0
78.8;3058.1;0.0;0.0;5.0;8044.0
37.9;3059.6;0.0;0.0;5.0;8045.0
8.3;3054.5;15.2;68.3;6.0;8044.0
8.3;3056.5;0.6;1.8;5.0;8045.0
8.3;3062.3;0.3;1.9;99.0;8046.0
9.5;3062.3;0.0;0.0;95.0;8045.0
8.4;3062.3;0.0;0.0;95.0;8046.0
8.3;3062.3;0.0;0.0;95.0;8046.0
10.4;3062.3;0.0;0.0;95.0;8046.0
13.1;3062.3;0.0;0.0;99.0;8046.0
11.9;3062.3;0.0;0.0;96.0;8045.0
7.2;3062.3;0.0;0.0;99.0;8046.0
8.4;3062.3;0.0;0.0;95.0;8046.0
9.4;3062.3;0.0;0.0;99.0;8045.0
8.3;3062.3;0.0;0.0;97.0;8045.0
8.4;3062.3;0.0;0.0;99.0;8047.0
8.3;3062.3;0.0;0.0;96.0;8047.0
8.3;3062.3;0.0;0.0;98.0;8047.0
9.6;3062.3;0.0;0.0;96.0;8045.0
9.5;3062.3;0.0;0.0;95.0;8045.0
8.4;3061.8;0.0;0.0;97.0;8045.0
8.3;3079.6;0.0;0.0;2.0;8045.0
99.4;3084.0;0.0;0.0;4.0;8044.0
99.4;3084.0;0.0;0.0;2.0;8045.0
96.8;3084.0;0.0;0.0;2.0;8045.0
86.0;3084.0;0.0;0.0;2.0;8045.0
89.6;3084.0;0.0;0.0;3.0;8048.0
81.7;3084.0;0.0;0.0;2.0;8045.0
95.9;3084.0;0.0;0.0;2.0;8044.0
99.1;3084.0;0.0;0.0;2.0;8048.0
95.8;3084.0;0.0;0.0;7.0;8050.0
80.5;3084.0;0.0;0.0;2.0;8048.0
96.8;3084.0;0.0;0.0;2.0;8050.0
8.3;3078.0;15.2;68.5;2.0;8047.0
8.3;3082.1;0.6;1.9;2.0;8048.0
8.3;3085.5;0.3;2.0;2.0;8051.0
8.4;3085.5;0.0;0.0;95.0;8049.0
9.6;3085.5;0.0;0.0;97.0;8052.0
8.3;3085.5;0.0;0.0;96.0;8049.0
8.3;3085.5;0.0;0.0;98.0;8051.0
8.3;3085.5;0.0;0.0;96.0;8049.0
9.6;3085.5;0.0;0.0;95.0;8048.0
10.7;3085.5;0.0;0.0;96.0;8048.0
8.3;3085.5;0.0;0.0;97.0;8047.0
11.5;3085.5;0.0;0.0;99.0;8050.0
15.4;3085.5;0.0;0.0;95.0;8050.0
9.6;3085.5;0.0;0.0;99.0;8050.0
9.4;3085.5;0.0;0.0;95.0;8048.0
8.3;3085.5;0.0;0.0;99.0;8051.0
9.6;3085.5;0.0;0.0;96.0;8044.0
8.3;3085.5;0.0;0.0;96.0;8046.0
8.4;3085.5;0.0;0.0;99.0;8047.0
8.3;3095.4;0.0;0.0;47.0;8043.0
8.4;3106.1;0.0;0.0;2.0;8044.0
94.7;3106.9;0.0;0.0;2.0;8044.0
99.4;3106.9;0.0;0.0;3.0;8054.0
97.9;3106.9;0.0;0.0;1.0;8052.0
97.1;3106.9;0.0;0.0;1.0;8054.0
89.6;3106.9;0.0;0.0;1.0;8056.0
91.1;3106.9;0.0;0.0;1.0;8053.0
98.0;3106.9;0.0;0.0;1.0;8053.0
98.2;3106.9;0.0;0.0;2.0;8049.0
92.0;3106.9;0.0;0.0;2.0;8050.0
92.3;3106.9;0.0;0.0;2.0;8049.0
99.1;3106.9;0.0;0.0;2.0;8052.0
96.9;3106.9;0.0;0.0;1.0;8054.0
39.2;3107.1;0.0;0.0;3.0;8050.0
8.4;3103.2;15.2;68.8;2.0;8050.0
8.3;3103.4;0.6;1.9;2.0;8049.0
8.4;3108.2;0.3;2.1;99.0;8053.0
10.4;3108.2;0.0;0.0;95.0;8054.0
9.5;3108.2;0.0;0.0;99.0;8054.0
11.9;3108.2;0.0;0.0;95.0;8053.0
8.3;3108.2;0.0;0.0;94.0;8059.0
8.3;3108.2;0.0;0.0;99.0;8057.0
8.4;3108.2;0.0;0.0;95.0;8055.0
9.5;3108.2;0.0;0.0;99.0;8057.0
8.4;3108.2;0.0;0.0;96.0;8055.0
8.3;3108.2;0.0;0.0;99.0;8057.0
8.3;3108.2;0.0;0.0;96.0;8057.0
8.4;3108.2;0.0;0.0;99.0;8055.0
8.4;3108.2;0.0;0.0;96.0;8057.0
8.4;3108.2;0.0;0.0;99.0;8057.0
8.4;3108.2;0.0;0.0;96.0;8056.0
10.8;3108.2;0.0;0.0;99.0;8056.0
8.3;3107.7;0.0;0.0;66.0;8056.0
8.4;3122.8;0.0;0.0;2.0;8054.0
