8.4;39.1;18.5;1.2;1.0;942.0
7.1;99.5;110.1;9.6;0.0;942.0
7.2;138.8;149.3;8.5;0.0;942.0
8.3;169.0;123.7;7.1;0.0;942.0
8.3;195.5;89.6;6.0;0.0;942.0
8.4;219.8;146.2;5.3;0.0;942.0
8.3;233.6;1.7;0.1;1.0;1047.0
8.4;676.5;61.0;33.4;5.0;4189.0
10.4;1016.1;0.8;33.3;39.0;7897.0
0.0;982.9;2.9;0.0;1.0;7897.0
0.0;982.9;0.0;0.0;0.0;7897.0
0.0;982.9;0.0;0.0;1.0;7897.0
0.0;982.9;0.0;0.0;0.0;7897.0
0.0;982.9;0.0;0.0;0.0;7897.0
0.0;982.9;0.0;0.0;0.0;7897.0
0.0;982.9;0.0;0.0;0.0;7897.0
0.0;982.9;0.0;0.0;0.0;7897.0
0.0;982.9;0.0;0.0;0.0;7897.0
0.0;982.9;0.0;0.0;0.0;7897.0
2.4;1138.6;1.9;153.5;0.0;7897.0
4.7;1292.1;0.0;0.0;0.0;7897.0
8.4;1295.1;0.1;0.0;0.0;7897.0
8.3;1304.1;0.0;0.0;0.0;7897.0
8.3;1314.4;0.3;0.0;1.0;7897.0
8.4;1374.3;0.0;0.0;0.0;7897.0
8.3;1367.6;0.3;0.0;1.0;7897.0
8.3;1391.0;0.6;1.4;1.0;7897.0
8.3;1417.9;0.3;1.5;0.0;7897.0
8.3;1421.1;0.0;0.0;0.0;7897.0
8.4;1424.3;0.0;0.0;0.0;7897.0
8.3;1437.6;0.0;0.0;0.0;7897.0
8.4;1541.2;0.2;0.0;7.0;8013.0
9.6;1917.9;4.5;0.1;22.0;8067.0
9.6;1918.8;16.4;0.3;94.0;8067.0
11.9;1919.1;0.0;0.0;95.0;8067.0
10.8;1919.1;0.0;0.0;96.0;8067.0
9.4;1919.1;0.0;0.0;97.0;8067.0
8.3;1919.1;0.0;0.0;96.0;8067.0
8.4;1919.1;0.0;0.0;96.0;8067.0
8.3;1919.2;0.0;0.0;95.0;8067.0
11.5;1919.2;0.0;0.0;96.0;8067.0
9.6;1919.2;0.0;0.0;96.0;8067.0
7.1;1919.2;0.0;0.0;96.0;8067.0
13.1;1919.2;0.0;0.0;96.0;8067.0
9.4;1919.2;0.0;0.0;96.0;8067.0
8.3;1919.2;0.0;0.0;98.0;8067.0
8.4;1919.2;0.0;0.0;96.0;8067.0
8.3;1919.2;0.0;0.0;99.0;8067.0
8.4;1918.7;14.8;0.2;88.0;8067.0
8.3;1967.1;6.8;0.1;0.0;8067.0
33.4;2192.1;7.6;0.1;12.0;8067.0
99.4;2959.2;0.0;0.0;0.0;8067.0
8.4;2961.9;3.1;0.8;0.0;8067.0
8.3;2964.7;1.2;6.8;0.0;8067.0
8.3;2963.7;1.3;4.5;0.0;8067.0
8.4;2964.5;1.2;6.8;1.0;8067.0
8.3;2965.2;1.3;4.5;1.0;8067.0
8.4;2966.9;1.2;6.8;0.0;8067.0
8.3;2970.6;1.4;2.3;0.0;8067.0
8.3;2969.3;4.6;34.7;1.0;8067.0
8.4;2971.1;0.6;1.4;0.0;8067.0
8.3;2975.8;0.3;1.5;99.0;8067.0
8.3;2975.8;0.0;0.0;96.0;8067.0
13.1;2975.8;0.0;0.0;99.0;8067.0
8.3;2975.8;0.0;0.0;96.0;8067.0
8.4;2975.8;0.0;0.0;99.0;8067.0
8.3;2975.8;0.0;0.0;96.0;8067.0
8.3;2975.8;0.0;0.0;96.0;8067.0
8.4;2975.8;0.0;0.0;96.0;8067.0
8.4;2975.8;0.0;0.0;96.0;8067.0
8.4;2975.8;0.0;0.0;96.0;8067.0
10.4;2975.8;0.0;0.0;96.0;8067.0
10.8;2975.8;0.0;0.0;96.0;8067.0
10.7;2975.8;0.0;0.0;96.0;8067.0
8.4;2975.8;0.0;0.0;95.0;8067.0
8.3;2975.8;0.0;0.0;96.0;8067.0
8.3;2978.4;0.0;0.0;98.0;8067.0
82.4;2978.3;0.0;0.0;49.0;8067.0
93.5;2978.3;0.0;0.0;0.0;8067.0
100.3;2978.3;0.0;0.0;0.0;8067.0
8.3;2973.1;15.2;67.2;3.0;8067.0
8.4;2975.1;0.6;1.5;0.0;8067.0
8.4;2981.8;0.3;1.6;96.0;8067.0
10.8;2981.8;0.0;0.0;98.0;8067.0
8.3;2981.8;0.0;0.0;96.0;8067.0
8.3;2981.8;0.0;0.0;99.0;8067.0
8.3;2981.8;0.0;0.0;95.0;8067.0
10.8;2981.8;0.0;0.0;96.0;8067.0
9.5;2981.8;0.0;0.0;96.0;8067.0
8.3;2981.8;0.0;0.0;99.0;8067.0
9.6;2981.8;0.0;0.0;96.0;8067.0
8.3;2981.8;0.0;0.0;96.0;8067.0
8.4;2981.8;0.0;0.0;96.0;8067.0
9.5;2981.8;0.0;0.0;96.0;8067.0
8.3;2981.8;0.0;0.0;96.0;8067.0
8.4;2981.8;0.0;0.0;97.0;8067.0
9.5;2981.8;0.0;0.0;96.0;8067.0
9.6;2981.3;0.0;0.0;96.0;8067.0
8.3;2989.7;0.0;0.0;0.0;8067.0
99.1;2989.8;0.0;0.0;0.0;8067.0
94.7;2989.8;0.0;0.0;0.0;8067.0
99.1;2989.8;0.0;0.0;0.0;8067.0
99.4;2989.9;0.0;0.0;0.0;8067.0
8.4;2987.2;15.2;67.5;0.0;8067.0
8.3;2988.8;0.6;1.5;0.0;8067.0
9.6;2994.5;0.3;1.6;96.0;8067.0
11.8;2994.5;0.0;0.0;96.0;8067.0
10.4;2994.5;0.0;0.0;95.0;8067.0
8.4;2994.5;0.0;0.0;99.0;8067.0
10.7;2994.5;0.0;0.0;96.0;8067.0
8.4;2994.5;0.0;0.0;95.0;8067.0
8.3;2994.5;0.0;0.0;96.0;8067.0
8.4;2994.5;0.0;0.0;96.0;8067.0
8.4;2994.5;0.0;0.0;96.0;8067.0
9.6;2994.5;0.0;0.0;96.0;8067.0
9.4;2994.5;0.0;0.0;96.0;8067.0
8.3;2994.5;0.0;0.0;96.0;8067.0
8.4;2994.5;0.0;0.0;96.0;8067.0
8.3;2994.5;0.0;0.0;96.0;8067.0
8.4;2994.5;0.0;0.0;99.0;8067.0
8.3;2997.1;0.0;0.0;71.0;8067.0
8.3;3005.2;0.0;0.0;0.0;8067.0
94.4;3005.2;0.0;0.0;0.0;8067.0
92.0;3005.2;0.0;0.0;0.0;8067.0
99.0;3005.2;0.0;0.0;0.0;8067.0
94.4;3005.2;0.0;0.0;0.0;8067.0
99.1;3005.2;0.0;0.0;0.0;8067.0
8.3;3000.2;15.2;67.8;1.0;8067.0
8.3;3004.0;0.6;1.6;0.0;8067.0
8.4;3009.9;0.3;1.7;92.0;8067.0
8.3;3009.9;0.0;0.0;96.0;8067.0
8.4;3009.9;0.0;0.0;96.0;8067.0
9.4;3009.9;0.0;0.0;96.0;8067.0
8.3;3009.9;0.0;0.0;96.0;8067.0
9.6;3009.9;0.0;0.0;96.0;8067.0
10.7;3009.9;0.0;0.0;96.0;8067.0
9.6;3009.9;0.0;0.0;96.0;8067.0
7.1;3009.9;0.0;0.0;99.0;8067.0
8.4;3009.9;0.0;0.0;96.0;8067.0
8.4;3009.9;0.0;0.0;99.0;8067.0
8.4;3009.9;0.0;0.0;95.0;8067.0
8.4;3009.9;0.0;0.0;95.0;8067.0
8.3;3009.9;0.0;0.0;96.0;8067.0
9.6;3009.9;0.0;0.0;95.0;8067.0
8.3;3009.4;0.0;0.0;95.0;8067.0
8.4;2986.6;0.0;0.0;0.0;8067.0
99.1;2987.3;0.0;0.0;0.0;8067.0
93.5;2987.4;0.0;0.0;0.0;8067.0
93.2;2987.4;0.0;0.0;0.0;8067.0
98.0;2987.4;0.0;0.0;0.0;8067.0
93.2;2987.4;0.0;0.0;1.0;8067.0
95.6;2987.4;0.0;0.0;0.0;8067.0
7.2;3015.1;15.1;68.2;2.0;8067.0
8.3;2987.8;0.7;1.7;0.0;8067.0
8.4;2999.5;0.3;1.8;33.0;8067.0
8.4;2995.6;0.0;0.0;99.0;8067.0
8.4;2995.6;0.0;0.0;96.0;8067.0
8.4;2995.6;0.0;0.0;96.0;8067.0
9.6;2995.6;0.0;0.0;96.0;8067.0
9.4;2995.6;0.0;0.0;99.0;8067.0
11.8;2995.6;0.0;0.0;96.0;8067.0
9.6;2995.6;0.0;0.0;97.0;8067.0
8.3;2995.6;0.0;0.0;96.0;8067.0
8.3;2995.6;0.0;0.0;96.0;8067.0
8.4;2995.6;0.0;0.0;96.0;8067.0
8.3;2995.6;0.0;0.0;96.0;8067.0
9.6;2995.6;0.0;0.0;96.0;8067.0
9.4;2995.6;0.0;0.0;96.0;8067.0
8.3;2995.6;0.0;0.0;96.0;8067.0
8.4;2995.6;0.0;0.0;96.0;8067.0
8.3;3005.0;0.0;0.0;13.0;8067.0
45.4;3007.4;0.0;0.0;47.0;8067.0
97.9;3007.4;0.0;0.0;0.0;8067.0
97.0;3007.4;0.0;0.0;0.0;8067.0
92.3;3007.4;0.0;0.0;0.0;8067.0
98.0;3007.4;0.0;0.0;0.0;8067.0
97.9;3007.4;0.0;0.0;0.0;8067.0
92.3;3007.4;0.0;0.0;0.0;8067.0
93.2;3007.4;0.0;0.0;0.0;8067.0
8.4;3035.1;15.1;68.4;2.0;8067.0
8.3;3005.9;0.4;0.0;0.0;8067.0
8.4;3016.3;0.6;3.6;40.0;8067.0
8.3;3012.1;0.0;0.0;99.0;8067.0
8.4;3012.1;0.0;0.0;96.0;8067.0
9.4;3012.1;0.0;0.0;96.0;8067.0
16.7;3012.1;0.0;0.0;96.0;8067.0
8.4;3012.1;0.0;0.0;96.0;8067.0
8.3;3012.1;0.0;0.0;96.0;8067.0
8.4;3012.1;0.0;0.0;96.0;8067.0
9.4;3012.1;0.0;0.0;96.0;8067.0
8.3;3012.1;0.0;0.0;96.0;8067.0
8.4;3012.1;0.0;0.0;96.0;8067.0
14.2;3012.1;0.0;0.0;96.0;8067.0
8.3;3012.1;0.0;0.0;96.0;8067.0
8.3;3012.1;0.0;0.0;96.0;8067.0
7.2;3012.1;0.0;0.0;95.0;8067.0
9.6;3012.1;0.0;0.0;96.0;8067.0
8.4;3020.9;0.0;0.0;13.0;8067.0
8.3;3025.4;0.0;0.0;2.0;8067.0
99.1;3025.5;0.0;0.0;0.0;8067.0
97.1;3025.5;0.0;0.0;0.0;8067.0
92.0;3025.5;0.0;0.0;0.0;8067.0
93.2;3025.5;0.0;0.0;0.0;8067.0
99.1;3025.5;0.0;0.0;0.0;8067.0
99.1;3025.5;0.0;0.0;0.0;8067.0
96.8;3025.5;0.0;0.0;1.0;8067.0
91.1;3025.5;0.0;0.0;0.0;8067.0
95.2;3025.5;0.0;0.0;0.0;8067.0
8.4;3020.3;15.2;68.7;2.0;8067.0
8.3;3022.1;0.6;1.8;0.0;8067.0
13.1;3031.0;0.3;1.9;99.0;8067.0
8.3;3031.0;0.0;0.0;96.0;8067.0
9.5;3031.0;0.0;0.0;99.0;8067.0
9.6;3031.0;0.0;0.0;95.0;8067.0
8.3;3031.0;0.0;0.0;96.0;8067.0
8.3;3031.0;0.0;0.0;96.0;8067.0
7.2;3031.0;0.0;0.0;96.0;8067.0
7.2;3031.0;0.0;0.0;96.0;8067.0
7.2;3031.0;0.0;0.0;97.0;8067.0
9.6;3031.0;0.0;0.0;96.0;8067.0
8.3;3031.0;0.0;0.0;96.0;8067.0
8.3;3031.0;0.0;0.0;96.0;8067.0
8.4;3031.0;0.0;0.0;96.0;8067.0
9.5;3031.0;0.0;0.0;99.0;8067.0
8.3;3031.0;0.0;0.0;96.0;8067.0
9.6;3030.5;0.0;0.0;99.0;8067.0
8.3;3046.1;0.0;0.0;0.0;8067.0
46.6;3051.8;0.0;0.0;59.0;8067.0
100.3;3051.8;0.0;0.0;0.0;8067.0
98.2;3051.8;0.0;0.0;0.0;8067.0
99.1;3051.8;0.0;0.0;0.0;8067.0
99.4;3051.8;0.0;0.0;0.0;8067.0
93.5;3051.8;0.0;0.0;0.0;8067.0
100.0;3051.8;0.0;0.0;0.0;8067.0
96.8;3051.8;0.0;0.0;0.0;8067.0
99.4;3051.8;0.0;0.0;0.0;8067.0
99.4;3051.8;0.0;0.0;0.0;8067.0
94.4;3051.8;0.0;0.0;0.0;8067.0
8.4;3046.5;15.2;69.1;2.0;8067.0
8.3;3050.0;0.6;1.9;1.0;8067.0
9.6;3053.4;0.3;2.0;72.0;8067.0
8.3;3053.4;0.0;0.0;96.0;8067.0
8.3;3053.4;0.0;0.0;95.0;8067.0
8.4;3053.4;0.0;0.0;96.0;8067.0
8.3;3053.4;0.0;0.0;98.0;8067.0
9.6;3053.4;0.0;0.0;96.0;8067.0
9.4;3053.4;0.0;0.0;99.0;8067.0
11.8;3053.4;0.0;0.0;96.0;8067.0
8.4;3053.4;0.0;0.0;99.0;8067.0
14.2;3053.4;0.0;0.0;95.0;8067.0
14.6;3053.4;0.0;0.0;99.0;8067.0
8.4;3053.4;0.0;0.0;95.0;8067.0
8.4;3053.4;0.0;0.0;96.0;8067.0
8.4;3053.4;0.0;0.0;96.0;8067.0
8.3;3053.4;0.0;0.0;96.0;8067.0
9.6;3053.4;0.0;0.0;96.0;8067.0
8.3;3053.0;0.0;0.0;89.0;8067.0
8.4;3074.4;0.0;0.0;0.0;8067.0
99.4;3075.3;0.0;0.0;0.0;8067.0
100.0;3075.3;0.0;0.0;0.0;8067.0
97.1;3075.3;0.0;0.0;0.0;8067.0
97.1;3075.3;0.0;0.0;0.0;8067.0
99.4;3075.3;0.0;0.0;0.0;8067.0
98.0;3075.3;0.0;0.0;0.0;8067.0
100.3;3075.3;0.0;0.0;0.0;8067.0
94.4;3075.3;0.0;0.0;0.0;8067.0
94.7;3075.3;0.0;0.0;1.0;8067.0
97.1;3075.3;0.0;0.0;0.0;8067.0
95.9;3075.3;0.0;0.0;0.0;8067.0
93.2;3075.3;0.0;0.0;0.0;8067.0
8.3;3070.2;15.2;69.4;1.0;8067.0
8.3;3072.0;0.6;1.9;0.0;8067.0
9.6;3076.6;0.3;2.1;65.0;8067.0
8.3;3076.6;0.0;0.0;96.0;8067.0
10.8;3076.6;0.0;0.0;95.0;8067.0
8.3;3076.7;0.0;0.0;96.0;8067.0
8.3;3076.7;0.0;0.0;96.0;8067.0
8.4;3076.7;0.0;0.0;96.0;8067.0
8.3;3076.7;0.0;0.0;99.0;8067.0
12.5;3076.7;0.0;0.0;96.0;8067.0
9.4;3076.7;0.0;0.0;96.0;8067.0
11.9;3076.7;0.0;0.0;96.0;8067.0
8.4;3076.7;0.0;0.0;99.0;8067.0
10.8;3076.7;0.0;0.0;96.0;8067.0
8.3;3076.7;0.0;0.0;99.0;8067.0
8.3;3076.7;0.0;0.0;95.0;8067.0
8.4;3076.7;0.0;0.0;96.0;8067.0
9.5;3076.2;0.0;0.0;96.0;8067.0
8.4;3090.3;0.0;0.0;0.0;8067.0
8.3;3098.9;0.0;0.0;0.0;8067.0
99.1;3098.9;0.0;0.0;0.0;8067.0
100.3;3098.9;0.0;0.0;0.0;8067.0
95.9;3098.9;0.0;0.0;0.0;8067.0
94.7;3098.9;0.0;0.0;0.0;8067.0
93.5;3098.9;0.0;0.0;0.0;8067.0
95.9;3098.9;0.0;0.0;0.0;8067.0
94.4;3098.9;0.0;0.0;0.0;8067.0
98.0;3098.9;0.0;0.0;0.0;8067.0
92.0;3098.9;0.0;0.0;0.0;8067.0
100.3;3098.9;0.0;0.0;0.0;8067.0
