7.1;34.6;15.5;1.0;2.0;966.0
7.2;95.9;108.7;9.3;2.0;966.0
7.2;133.8;134.7;8.7;2.0;968.0
6.0;166.2;120.3;7.1;5.0;968.0
7.3;194.3;111.2;6.4;12.0;1033.0
6.2;210.5;96.4;3.6;10.0;1016.0
8.4;227.6;54.4;1.9;14.0;1015.0
8.3;417.5;61.1;33.4;12.0;1216.0
8.4;943.9;0.6;0.0;75.0;7961.0
0.0;982.6;3.1;33.3;2.0;7961.0
0.0;982.6;0.0;0.0;3.0;7961.0
0.0;982.6;0.0;0.0;9.0;7978.0
0.0;982.6;0.0;0.0;4.0;7978.0
0.0;982.6;0.0;0.0;2.0;7978.0
0.0;982.6;0.0;0.0;2.0;7992.0
0.0;982.6;0.0;0.0;4.0;7989.0
0.0;982.6;0.0;0.0;6.0;7967.0
0.0;982.6;0.0;0.0;4.0;7964.0
0.0;982.6;0.0;0.0;2.0;7970.0
0.0;982.6;0.0;0.0;2.0;7964.0
2.4;1138.3;1.9;153.5;2.0;7966.0
0.0;1151.9;0.0;0.0;2.0;7968.0
8.3;1294.6;0.1;0.0;2.0;7969.0
8.3;1301.9;0.0;0.0;3.0;7966.0
8.3;1311.8;0.2;0.0;3.0;7953.0
8.4;1350.8;0.1;0.0;3.0;7953.0
8.3;1355.1;0.1;0.0;5.0;7949.0
8.3;1371.2;0.8;1.4;4.0;7931.0
8.4;1392.2;0.3;1.5;1.0;7933.0
8.3;1417.8;0.0;0.0;5.0;7932.0
8.4;1418.6;0.0;0.0;5.0;7932.0
8.3;1420.8;0.0;0.0;1.0;7933.0
8.3;1438.1;0.0;0.0;5.0;7921.0
8.4;1408.9;0.0;0.0;4.0;7991.0
8.3;1757.5;0.2;0.0;11.0;8071.0
8.4;1919.5;16.7;0.3;88.0;8073.0
9.4;1919.8;3.2;0.0;96.0;8072.0
10.8;1919.9;0.0;0.0;96.0;8070.0
8.4;1919.9;0.0;0.0;98.0;8067.0
10.8;1919.9;0.0;0.0;97.0;8070.0
9.4;1919.9;0.0;0.0;96.0;8070.0
9.5;1919.9;0.0;0.0;97.0;8061.0
8.4;1920.0;0.0;0.0;96.0;8060.0
11.8;1920.0;0.0;0.0;99.0;8060.0
8.4;1920.0;0.0;0.0;96.0;8061.0
8.3;1920.0;0.0;0.0;98.0;8061.0
8.3;1920.0;0.0;0.0;96.0;8060.0
8.4;1920.0;0.0;0.0;99.0;8061.0
8.3;1920.0;0.0;0.0;97.0;8057.0
8.3;1920.0;0.0;0.0;99.0;8060.0
8.4;1920.0;0.0;0.0;97.0;8062.0
9.5;1919.6;15.1;0.2;89.0;8060.0
8.4;1967.9;4.5;0.1;7.0;8059.0
11.5;1986.8;9.2;0.1;13.0;8060.0
94.8;2960.0;0.0;0.0;24.0;8059.0
8.4;2960.3;2.8;0.7;2.0;8059.0
8.4;2961.7;1.3;4.5;2.0;8060.0
8.4;2962.3;1.0;4.5;2.0;8057.0
8.3;2964.4;1.2;6.8;2.0;8057.0
8.4;2963.7;1.3;4.5;2.0;8058.0
8.3;2964.5;1.2;6.8;2.0;8057.0
8.4;2965.2;1.3;4.5;2.0;8057.0
8.3;2965.9;1.4;1.2;2.0;8059.0
8.3;2966.7;3.8;33.5;2.0;8057.0
8.4;2972.9;0.9;3.0;2.0;8058.0
8.3;2972.9;0.0;0.0;96.0;8059.0
8.4;2972.9;0.0;0.0;99.0;8058.0
8.3;2972.9;0.0;0.0;96.0;8059.0
8.3;2972.9;0.0;0.0;96.0;8058.0
11.9;2972.9;0.0;0.0;96.0;8058.0
17.8;2972.9;0.0;0.0;99.0;8059.0
8.3;2972.9;0.0;0.0;96.0;8058.0
9.4;2972.9;0.0;0.0;96.0;8059.0
8.4;2972.9;0.0;0.0;96.0;8059.0
8.4;2972.9;0.0;0.0;97.0;8058.0
8.3;2972.9;0.0;0.0;96.0;8059.0
9.4;2972.9;0.0;0.0;97.0;8058.0
9.5;2972.9;0.0;0.0;96.0;8058.0
9.6;2972.9;0.0;0.0;96.0;8060.0
8.3;2972.9;0.0;0.0;99.0;8060.0
8.4;2977.2;0.0;0.0;2.0;8057.0
97.9;2977.6;0.0;0.0;2.0;8057.0
99.1;2977.6;0.0;0.0;2.0;8057.0
31.1;2972.7;9.5;30.2;2.0;8058.0
8.3;2973.6;5.7;36.9;2.0;8057.0
8.3;2981.3;0.9;3.1;2.0;8060.0
8.4;2981.3;0.0;0.0;97.0;8058.0
8.4;2981.3;0.0;0.0;98.0;8058.0
8.4;2981.3;0.0;0.0;97.0;8060.0
8.3;2981.3;0.0;0.0;96.0;8058.0
9.5;2981.3;0.0;0.0;96.0;8058.0
8.4;2981.3;0.0;0.0;99.0;8060.0
8.3;2981.3;0.0;0.0;96.0;8058.0
8.4;2981.3;0.0;0.0;99.0;8058.0
8.3;2981.3;0.0;0.0;97.0;8058.0
8.3;2981.3;0.0;0.0;96.0;8060.0
8.4;2981.3;0.0;0.0;96.0;8058.0
9.5;2981.3;0.0;0.0;97.0;8060.0
10.4;2981.3;0.0;0.0;96.0;8058.0
15.5;2981.3;0.0;0.0;97.0;8058.0
10.7;2981.3;0.0;0.0;96.0;8060.0
8.4;2992.8;0.0;0.0;2.0;8057.0
94.7;2994.8;0.0;0.0;2.0;8057.0
97.0;2994.8;0.0;0.0;3.0;8057.0
100.3;2994.8;0.0;0.0;3.0;8058.0
88.4;2994.8;0.0;0.0;3.0;8057.0
14.3;3023.5;15.0;34.1;4.0;8058.0
8.3;2992.2;0.2;33.3;2.0;8057.0
8.3;3001.8;0.9;3.2;2.0;8058.0
8.4;2997.8;0.0;0.0;99.0;8060.0
8.3;2997.8;0.0;0.0;97.0;8058.0
8.3;2997.8;0.0;0.0;99.0;8058.0
8.4;2997.8;0.0;0.0;97.0;8060.0
10.7;2997.8;0.0;0.0;99.0;8058.0
8.4;2997.8;0.0;0.0;96.0;8058.0
11.5;2997.8;0.0;0.0;96.0;8060.0
12.5;2997.8;0.0;0.0;96.0;8058.0
13.1;2997.8;0.0;0.0;96.0;8060.0
8.4;2997.8;0.0;0.0;96.0;8060.0
8.4;2997.8;0.0;0.0;96.0;8058.0
8.3;2997.8;0.0;0.0;95.0;8060.0
9.6;2997.8;0.0;0.0;96.0;8058.0
7.1;2997.8;0.0;0.0;96.0;8058.0
8.4;2997.8;0.0;0.0;96.0;8060.0
8.3;2997.8;0.0;0.0;97.0;8058.0
8.3;3007.6;0.0;0.0;22.0;8057.0
93.2;3008.6;0.0;0.0;50.0;8058.0
91.4;3008.6;0.0;0.0;2.0;8058.0
98.0;3008.6;0.0;0.0;2.0;8058.0
98.0;3008.6;0.0;0.0;2.0;8058.0
94.4;3008.6;0.0;0.0;3.0;8058.0
45.7;3003.1;2.4;1.0;2.0;8057.0
8.4;3003.7;12.8;66.6;2.0;8055.0
8.3;3011.6;0.9;3.3;2.0;8058.0
8.3;3012.7;0.0;0.0;96.0;8060.0
8.4;3012.7;0.0;0.0;99.0;8058.0
8.3;3012.7;0.0;0.0;96.0;8058.0
8.4;3012.6;0.0;0.0;98.0;8060.0
8.3;3012.6;0.0;0.0;96.0;8058.0
8.3;3012.6;0.0;0.0;96.0;8058.0
9.6;3012.6;0.0;0.0;96.0;8060.0
10.7;3012.6;0.0;0.0;96.0;8058.0
8.3;3012.6;0.0;0.0;96.0;8060.0
10.8;3012.6;0.0;0.0;97.0;8058.0
9.6;3012.6;0.0;0.0;96.0;8058.0
8.4;3012.6;0.0;0.0;96.0;8060.0
10.4;3012.6;0.0;0.0;96.0;8060.0
8.3;3012.6;0.0;0.0;96.0;8058.0
8.3;3012.6;0.0;0.0;96.0;8058.0
8.4;3015.2;0.0;0.0;97.0;8058.0
8.3;3028.2;0.0;0.0;2.0;8058.0
100.0;3028.2;0.0;0.0;2.0;8057.0
91.1;3028.2;0.0;0.0;2.0;8058.0
100.3;3028.2;0.0;0.0;2.0;8058.0
98.0;3028.3;0.0;0.0;2.0;8057.0
98.2;3028.3;0.0;0.0;2.0;8058.0
95.6;3028.3;0.0;0.0;2.0;8055.0
67.5;3029.6;0.0;0.0;2.0;8057.0
8.4;3024.7;15.2;67.9;2.0;8060.0
8.3;3025.5;0.6;1.7;3.0;8057.0
8.3;3030.7;0.3;1.8;96.0;8058.0
8.3;3030.7;0.0;0.0;96.0;8060.0
8.4;3030.7;0.0;0.0;96.0;8058.0
13.0;3030.7;0.0;0.0;96.0;8058.0
10.4;3030.7;0.0;0.0;97.0;8060.0
11.9;3030.7;0.0;0.0;96.0;8058.0
9.5;3030.7;0.0;0.0;99.0;8060.0
8.4;3030.7;0.0;0.0;96.0;8058.0
8.3;3030.7;0.0;0.0;99.0;8058.0
8.3;3030.7;0.0;0.0;96.0;8060.0
8.4;3030.7;0.0;0.0;99.0;8060.0
8.3;3030.7;0.0;0.0;97.0;8058.0
8.4;3030.7;0.0;0.0;97.0;8060.0
10.4;3030.7;0.0;0.0;96.0;8058.0
9.6;3030.7;0.0;0.0;96.0;8058.0
8.4;3030.2;0.0;0.0;96.0;8060.0
8.4;3043.0;0.0;0.0;2.0;8057.0
92.3;3043.2;0.0;0.0;54.0;8057.0
81.7;3043.2;0.0;0.0;2.0;8057.0
91.4;3043.2;0.0;0.0;2.0;8058.0
98.0;3043.2;0.0;0.0;2.0;8058.0
99.1;3043.2;0.0;0.0;2.0;8058.0
97.9;3043.2;0.0;0.0;1.0;8057.0
98.2;3043.2;0.0;0.0;2.0;8058.0
100.3;3043.2;0.0;0.0;2.0;8057.0
6.2;3070.7;15.1;68.2;3.0;8058.0
7.3;3039.8;0.7;1.7;2.0;8058.0
8.3;3052.8;0.3;1.8;3.0;8058.0
8.4;3048.8;0.0;0.0;99.0;8060.0
8.3;3048.8;0.0;0.0;97.0;8060.0
8.3;3048.8;0.0;0.0;98.0;8058.0
8.4;3048.8;0.0;0.0;97.0;8060.0
8.3;3048.8;0.0;0.0;99.0;8058.0
8.4;3048.8;0.0;0.0;97.0;8058.0
9.5;3048.8;0.0;0.0;99.0;8058.0
8.3;3048.8;0.0;0.0;96.0;8060.0
8.4;3048.8;0.0;0.0;96.0;8058.0
11.8;3048.8;0.0;0.0;97.0;8060.0
11.9;3048.8;0.0;0.0;96.0;8058.0
10.4;3048.8;0.0;0.0;96.0;8058.0
8.4;3048.8;0.0;0.0;99.0;8060.0
8.4;3048.8;0.0;0.0;97.0;8058.0
8.4;3048.8;0.0;0.0;99.0;8058.0
8.4;3051.4;0.0;0.0;85.0;8058.0
8.3;3058.2;0.0;0.0;2.0;8057.0
92.0;3061.3;0.0;0.0;23.0;8057.0
96.6;3061.3;0.0;0.0;2.0;8060.0
83.6;3061.3;0.0;0.0;2.0;8058.0
95.6;3061.3;0.0;0.0;2.0;8057.0
95.9;3061.3;0.0;0.0;2.0;8057.0
95.6;3061.3;0.0;0.0;2.0;8058.0
94.4;3061.3;0.0;0.0;2.0;8057.0
95.6;3061.3;0.0;0.0;2.0;8057.0
99.7;3061.3;0.0;0.0;2.0;8058.0
10.8;3055.5;4.2;9.0;4.0;8058.0
8.3;3056.2;11.0;59.4;3.0;8055.0
8.3;3061.7;0.6;1.8;3.0;8057.0
8.3;3066.6;0.3;1.9;99.0;8058.0
8.3;3066.6;0.0;0.0;96.0;8060.0
8.4;3066.6;0.0;0.0;96.0;8058.0
8.3;3066.6;0.0;0.0;96.0;8060.0
9.4;3066.6;0.0;0.0;96.0;8058.0
8.4;3066.6;0.0;0.0;97.0;8058.0
11.8;3066.6;0.0;0.0;96.0;8060.0
8.4;3066.6;0.0;0.0;97.0;8058.0
8.3;3066.6;0.0;0.0;96.0;8058.0
8.3;3066.6;0.0;0.0;96.0;8060.0
8.4;3066.6;0.0;0.0;96.0;8058.0
8.4;3066.6;0.0;0.0;97.0;8058.0
9.6;3066.6;0.0;0.0;96.0;8058.0
9.4;3066.6;0.0;0.0;97.0;8057.0
9.6;3066.6;0.0;0.0;96.0;8060.0
8.3;3066.1;0.0;0.0;97.0;8058.0
8.4;3076.9;0.0;0.0;3.0;8058.0
8.3;3083.0;0.0;0.0;3.0;8057.0
88.6;3083.0;0.0;0.0;2.0;8057.0
98.0;3083.0;0.0;0.0;2.0;8058.0
95.2;3083.0;0.0;0.0;2.0;8057.0
95.6;3083.0;0.0;0.0;2.0;8057.0
94.4;3083.0;0.0;0.0;2.0;8057.0
96.8;3083.0;0.0;0.0;3.0;8058.0
94.4;3083.0;0.0;0.0;2.0;8057.0
100.3;3083.0;0.0;0.0;2.0;8057.0
92.8;3083.0;0.0;0.0;2.0;8057.0
98.2;3083.0;0.0;0.0;2.0;8058.0
8.4;3078.4;15.2;68.7;2.0;8057.0
8.4;3079.6;0.6;1.9;2.0;8058.0
9.4;3085.6;0.3;2.0;77.0;8060.0
8.3;3085.6;0.0;0.0;97.0;8058.0
8.4;3085.6;0.0;0.0;96.0;8058.0
9.5;3085.6;0.0;0.0;97.0;8060.0
8.3;3085.6;0.0;0.0;96.0;8058.0
8.4;3085.6;0.0;0.0;97.0;8058.0
8.3;3085.6;0.0;0.0;99.0;8058.0
8.4;3085.6;0.0;0.0;97.0;8060.0
8.3;3085.6;0.0;0.0;99.0;8058.0
12.5;3085.6;0.0;0.0;96.0;8060.0
11.9;3085.6;0.0;0.0;96.0;8058.0
9.5;3085.6;0.0;0.0;97.0;8060.0
8.4;3085.6;0.0;0.0;99.0;8058.0
9.4;3085.6;0.0;0.0;96.0;8058.0
8.4;3085.6;0.0;0.0;96.0;8060.0
8.4;3085.6;0.0;0.0;96.0;8058.0
8.4;3099.3;0.0;0.0;2.0;8057.0
8.3;3106.8;0.0;0.0;2.0;8060.0
95.8;3106.8;0.0;0.0;32.0;8058.0
98.4;3106.8;0.0;0.0;2.0;8057.0
99.1;3106.8;0.0;0.0;2.0;8057.0
99.1;3106.8;0.0;0.0;2.0;8058.0
83.6;3106.8;0.0;0.0;2.0;8057.0
96.6;3106.8;0.0;0.0;2.0;8057.0
95.9;3106.8;0.0;0.0;2.0;8058.0
88.6;3106.8;0.0;0.0;2.0;8057.0
92.0;3106.8;0.0;0.0;2.0;8058.0
92.4;3106.8;0.0;0.0;2.0;8058.0
94.4;3106.8;0.0;0.0;2.0;8057.0
98.0;3106.8;0.0;0.0;2.0;8058.0
33.4;3100.8;3.0;2.9;3.0;8057.0
8.3;3103.1;12.2;66.2;2.0;8057.0
8.4;3103.5;0.6;1.9;2.0;8058.0
8.3;3108.3;0.3;2.1;97.0;8058.0
8.4;3108.3;0.0;0.0;99.0;8058.0
9.4;3108.3;0.0;0.0;97.0;8060.0
8.3;3108.3;0.0;0.0;99.0;8058.0
9.6;3108.3;0.0;0.0;97.0;8058.0
8.3;3108.3;0.0;0.0;96.0;8060.0
9.4;3108.3;0.0;0.0;97.0;8058.0
8.3;3108.3;0.0;0.0;96.0;8058.0
8.3;3108.3;0.0;0.0;96.0;8060.0
9.6;3108.3;0.0;0.0;97.0;8058.0
8.3;3108.3;0.0;0.0;97.0;8060.0
8.3;3108.3;0.0;0.0;99.0;8058.0
8.4;3108.3;0.0;0.0;97.0;8058.0
8.4;3108.3;0.0;0.0;99.0;8060.0
9.6;3108.3;0.0;0.0;96.0;8058.0
12.5;3107.9;0.0;0.0;99.0;8058.0
8.3;3120.7;0.0;0.0;2.0;8057.0
8.3;3131.6;0.0;0.0;4.0;8052.0
88.8;3131.6;0.0;0.0;36.0;8054.0
88.8;3131.6;0.0;0.0;4.0;8052.0
