8.4;45.4;18.6;1.2;1.0;905.0
7.1;97.3;105.6;9.1;2.0;905.0
8.4;136.7;138.9;8.6;1.0;905.0
7.3;168.4;132.3;7.4;1.0;905.0
8.3;195.3;94.0;6.0;0.0;905.0
8.4;218.6;147.8;5.3;1.0;905.0
8.3;232.7;1.9;0.2;1.0;1003.0
8.4;645.3;61.0;33.4;6.0;3511.0
8.3;1016.3;0.8;33.3;50.0;7860.0
0.0;983.2;2.9;0.0;1.0;7860.0
0.0;983.2;0.0;0.0;0.0;7860.0
0.0;983.2;0.0;0.0;0.0;7860.0
0.0;983.2;0.0;0.0;0.0;7860.0
0.0;983.2;0.0;0.0;0.0;7860.0
0.0;983.2;0.0;0.0;0.0;7860.0
0.0;983.2;0.0;0.0;0.0;7860.0
0.0;983.2;0.0;0.0;0.0;7860.0
0.0;983.2;0.0;0.0;0.0;7860.0
0.0;983.2;0.0;0.0;0.0;7860.0
0.0;1138.8;1.9;153.5;0.0;7860.0
8.3;1293.2;0.0;0.0;0.0;7860.0
8.3;1296.6;0.1;0.0;1.0;7860.0
8.4;1307.0;0.0;0.0;0.0;7860.0
8.3;1317.5;0.3;0.0;0.0;7860.0
8.4;1386.4;0.0;0.0;0.0;7860.0
8.3;1370.6;0.3;0.0;0.0;7860.0
8.3;1383.2;0.9;2.9;1.0;7860.0
8.4;1418.7;0.0;0.0;0.0;7860.0
8.3;1420.5;0.0;0.0;0.0;7860.0
8.4;1439.3;0.0;0.0;0.0;7860.0
8.3;1439.4;0.0;0.0;0.0;7860.0
8.4;1591.9;0.2;0.0;8.0;7997.0
9.6;1919.3;5.3;0.1;46.0;8027.0
8.4;1920.1;15.8;0.2;94.0;8027.0
9.6;1920.2;0.0;0.0;96.0;8027.0
8.3;1920.2;0.0;0.0;98.0;8027.0
8.4;1920.2;0.0;0.0;96.0;8027.0
8.3;1920.3;0.0;0.0;99.0;8027.0
9.6;1920.3;0.0;0.0;96.0;8027.0
8.3;1920.3;0.0;0.0;96.0;8027.0
11.8;1920.3;0.0;0.0;96.0;8027.0
9.6;1920.3;0.0;0.0;99.0;8027.0
8.3;1920.3;0.0;0.0;96.0;8027.0
8.3;1920.3;0.0;0.0;96.0;8027.0
8.3;1920.3;0.0;0.0;96.0;8027.0
8.3;1920.3;0.0;0.0;96.0;8027.0
8.4;1920.3;0.0;0.0;96.0;8027.0
9.5;1920.3;0.0;0.0;96.0;8027.0
8.3;1919.9;19.0;0.3;95.0;8027.0
8.4;1966.6;7.2;0.1;11.0;8027.0
69.3;2432.4;4.0;0.1;17.0;8027.0
94.7;2960.5;0.0;0.0;1.0;8027.0
8.4;2964.8;3.3;3.0;0.0;8027.0
8.4;2966.0;1.3;4.5;0.0;8027.0
8.3;2966.9;1.0;4.5;0.0;8027.0
8.4;2968.4;1.5;6.8;0.0;8027.0
8.3;2970.3;1.2;6.8;0.0;8027.0
8.3;2969.5;1.3;4.5;1.0;8027.0
8.4;2969.8;1.5;2.3;0.0;8027.0
8.3;2972.3;4.2;34.7;1.0;8027.0
8.4;2974.1;0.6;1.4;0.0;8027.0
8.3;2977.2;0.3;1.5;96.0;8027.0
9.5;2977.2;0.0;0.0;99.0;8027.0
8.4;2977.2;0.0;0.0;96.0;8027.0
8.3;2977.2;0.0;0.0;99.0;8027.0
10.4;2977.2;0.0;0.0;96.0;8027.0
10.4;2977.2;0.0;0.0;95.0;8027.0
8.4;2977.2;0.0;0.0;96.0;8027.0
8.4;2977.2;0.0;0.0;96.0;8027.0
10.8;2977.3;0.0;0.0;96.0;8027.0
9.4;2977.3;0.0;0.0;96.0;8027.0
8.3;2977.3;0.0;0.0;96.0;8027.0
8.4;2977.3;0.0;0.0;96.0;8027.0
13.0;2977.3;0.0;0.0;96.0;8027.0
8.3;2977.3;0.0;0.0;96.0;8027.0
9.4;2977.3;0.0;0.0;96.0;8027.0
8.3;2980.5;0.0;0.0;63.0;8027.0
99.1;2981.6;0.0;0.0;6.0;8027.0
94.4;2981.6;0.0;0.0;1.0;8027.0
100.0;2981.6;0.0;0.0;0.0;8027.0
8.4;2976.8;15.2;67.2;1.0;8027.0
8.3;2979.6;0.6;1.5;0.0;8027.0
8.4;2984.8;0.3;1.6;96.0;8027.0
8.3;2984.8;0.0;0.0;98.0;8027.0
10.4;2984.8;0.0;0.0;96.0;8027.0
10.8;2984.8;0.0;0.0;95.0;8027.0
8.4;2984.8;0.0;0.0;96.0;8027.0
9.6;2984.8;0.0;0.0;99.0;8027.0
8.4;2984.8;0.0;0.0;95.0;8027.0
7.2;2984.8;0.0;0.0;96.0;8027.0
8.3;2984.8;0.0;0.0;95.0;8027.0
8.4;2984.8;0.0;0.0;96.0;8027.0
9.6;2984.8;0.0;0.0;96.0;8027.0
8.3;2984.8;0.0;0.0;96.0;8027.0
8.4;2984.8;0.0;0.0;95.0;8027.0
10.7;2984.8;0.0;0.0;97.0;8027.0
8.4;2984.8;0.0;0.0;96.0;8027.0
9.4;2984.3;0.0;0.0;88.0;8027.0
28.6;2999.3;0.0;0.0;60.0;8027.0
99.1;2999.3;0.0;0.0;0.0;8027.0
100.3;2999.3;0.0;0.0;0.0;8027.0
98.0;2999.3;0.0;0.0;0.0;8027.0
39.1;2994.8;9.2;28.3;0.0;8027.0
8.3;2996.5;6.0;39.2;0.0;8027.0
8.4;3002.6;0.9;3.2;1.0;8027.0
8.3;3002.6;0.0;0.0;96.0;8027.0
8.3;3002.6;0.0;0.0;95.0;8027.0
9.6;3002.6;0.0;0.0;96.0;8027.0
11.8;3002.6;0.0;0.0;96.0;8027.0
7.2;3002.6;0.0;0.0;96.0;8027.0
9.4;3002.6;0.0;0.0;95.0;8027.0
9.5;3002.6;0.0;0.0;96.0;8027.0
8.4;3002.6;0.0;0.0;99.0;8027.0
8.4;3002.6;0.0;0.0;96.0;8027.0
10.4;3002.6;0.0;0.0;96.0;8027.0
7.3;3002.6;0.0;0.0;96.0;8027.0
9.6;3002.6;0.0;0.0;96.0;8027.0
11.9;3002.6;0.0;0.0;96.0;8027.0
17.9;3002.6;0.0;0.0;96.0;8027.0
8.3;3002.6;0.0;0.0;96.0;8027.0
8.3;3012.0;0.0;0.0;0.0;8027.0
100.3;3014.0;0.0;0.0;0.0;8027.0
98.2;3014.0;0.0;0.0;0.0;8027.0
95.8;3014.0;0.0;0.0;0.0;8027.0
92.0;3014.0;0.0;0.0;0.0;8027.0
99.4;3014.0;0.0;0.0;0.0;8027.0
92.3;3014.0;0.0;0.0;0.0;8027.0
8.3;3010.4;15.2;67.8;0.0;8027.0
8.3;3013.6;0.6;1.6;1.0;8027.0
11.9;3017.4;0.3;1.7;99.0;8027.0
9.6;3017.4;0.0;0.0;96.0;8027.0
8.4;3017.4;0.0;0.0;96.0;8027.0
8.3;3020.8;0.0;0.0;96.0;8027.0
8.3;3017.4;0.0;0.0;97.0;8027.0
8.4;3017.4;0.0;0.0;96.0;8027.0
16.6;3017.4;0.0;0.0;96.0;8027.0
10.4;3017.4;0.0;0.0;96.0;8027.0
9.4;3017.4;0.0;0.0;96.0;8027.0
8.3;3017.3;0.0;0.0;99.0;8027.0
8.4;3017.3;0.0;0.0;96.0;8027.0
8.3;3017.3;0.0;0.0;99.0;8027.0
8.3;3017.3;0.0;0.0;96.0;8027.0
8.4;3017.3;0.0;0.0;96.0;8027.0
11.8;3017.3;0.0;0.0;96.0;8027.0
9.6;3016.8;0.0;0.0;97.0;8027.0
8.3;3029.4;0.0;0.0;0.0;8027.0
90.8;3029.9;0.0;0.0;0.0;8027.0
100.3;3029.9;0.0;0.0;0.0;8027.0
99.4;3029.9;0.0;0.0;0.0;8027.0
99.7;3029.9;0.0;0.0;0.0;8027.0
95.9;3029.9;0.0;0.0;0.0;8027.0
7.2;3057.6;15.1;68.1;2.0;8027.0
8.4;3026.5;0.7;1.7;0.0;8027.0
7.3;3033.3;0.3;1.8;0.0;8027.0
8.3;3033.8;0.0;0.0;96.0;8027.0
10.8;3033.8;0.0;0.0;99.0;8027.0
9.5;3033.8;0.0;0.0;96.0;8027.0
9.4;3033.8;0.0;0.0;99.0;8027.0
9.6;3033.8;0.0;0.0;96.0;8027.0
8.3;3033.8;0.0;0.0;97.0;8027.0
8.4;3033.8;0.0;0.0;96.0;8027.0
8.3;3037.4;0.0;0.0;95.0;8027.0
8.3;3033.8;0.0;0.0;96.0;8027.0
10.8;3033.8;0.0;0.0;96.0;8027.0
13.0;3033.8;0.0;0.0;96.0;8027.0
8.4;3033.8;0.0;0.0;96.0;8027.0
8.3;3033.8;0.0;0.0;96.0;8027.0
8.4;3033.8;0.0;0.0;96.0;8027.0
8.4;3033.8;0.0;0.0;99.0;8027.0
8.4;3046.5;0.0;0.0;0.0;8027.0
64.6;3049.3;0.0;0.0;19.0;8027.0
90.8;3049.3;0.0;0.0;0.0;8027.0
98.0;3049.3;0.0;0.0;0.0;8027.0
92.3;3049.3;0.0;0.0;0.0;8027.0
98.0;3049.3;0.0;0.0;0.0;8027.0
100.3;3049.3;0.0;0.0;0.0;8027.0
98.0;3049.3;0.0;0.0;0.0;8027.0
99.1;3049.3;0.0;0.0;0.0;8027.0
8.4;3043.6;15.2;68.4;1.0;8027.0
8.3;3047.3;0.6;1.7;1.0;8027.0
8.3;3051.5;0.3;1.8;57.0;8027.0
11.9;3051.5;0.0;0.0;95.0;8027.0
10.7;3051.5;0.0;0.0;96.0;8027.0
8.3;3051.5;0.0;0.0;96.0;8027.0
10.8;3051.5;0.0;0.0;95.0;8027.0
8.4;3051.5;0.0;0.0;95.0;8027.0
8.4;3051.5;0.0;0.0;96.0;8027.0
8.3;3051.5;0.0;0.0;96.0;8027.0
8.3;3051.5;0.0;0.0;96.0;8027.0
10.7;3051.5;0.0;0.0;96.0;8027.0
9.6;3051.5;0.0;0.0;96.0;8027.0
9.5;3051.5;0.0;0.0;96.0;8027.0
8.3;3051.5;0.0;0.0;99.0;8027.0
8.4;3051.5;0.0;0.0;95.0;8027.0
8.3;3051.5;0.0;0.0;98.0;8027.0
11.9;3051.0;0.0;0.0;96.0;8027.0
8.3;3064.9;0.0;0.0;0.0;8027.0
58.0;3067.6;0.0;0.0;54.0;8027.0
93.5;3067.6;0.0;0.0;0.0;8027.0
94.4;3067.6;0.0;0.0;0.0;8027.0
94.4;3067.6;0.0;0.0;0.0;8027.0
96.8;3067.6;0.0;0.0;0.0;8027.0
95.9;3067.6;0.0;0.0;0.0;8027.0
99.1;3067.6;0.0;0.0;0.0;8027.0
99.4;3067.6;0.0;0.0;0.0;8027.0
97.9;3067.6;0.0;0.0;0.0;8027.0
98.0;3067.6;0.0;0.0;0.0;8027.0
8.4;3064.0;15.2;68.7;0.0;8027.0
8.4;3066.0;0.6;1.8;0.0;8027.0
8.3;3071.2;0.3;1.9;96.0;8027.0
8.4;3071.2;0.0;0.0;95.0;8027.0
7.1;3071.2;0.0;0.0;96.0;8027.0
14.3;3071.2;0.0;0.0;96.0;8027.0
11.5;3071.2;0.0;0.0;96.0;8027.0
9.4;3071.2;0.0;0.0;96.0;8027.0
8.4;3071.2;0.0;0.0;96.0;8027.0
8.3;3071.2;0.0;0.0;95.0;8027.0
8.4;3071.2;0.0;0.0;96.0;8027.0
8.3;3071.2;0.0;0.0;99.0;8027.0
7.1;3071.2;0.0;0.0;96.0;8027.0
8.4;3071.2;0.0;0.0;99.0;8027.0
8.3;3071.2;0.0;0.0;96.0;8027.0
8.3;3071.2;0.0;0.0;99.0;8027.0
9.6;3071.2;0.0;0.0;96.0;8027.0
8.4;3070.8;0.0;0.0;97.0;8027.0
8.4;3080.1;0.0;0.0;0.0;8027.0
96.8;3086.7;0.0;0.0;3.0;8027.0
89.6;3086.7;0.0;0.0;0.0;8027.0
98.0;3086.7;0.0;0.0;0.0;8027.0
93.5;3086.7;0.0;0.0;0.0;8027.0
96.8;3086.7;0.0;0.0;0.0;8027.0
99.1;3086.7;0.0;0.0;0.0;8027.0
90.8;3086.7;0.0;0.0;0.0;8027.0
94.4;3086.7;0.0;0.0;1.0;8027.0
93.5;3086.7;0.0;0.0;0.0;8027.0
97.1;3086.7;0.0;0.0;0.0;8027.0
92.0;3086.7;0.0;0.0;0.0;8027.0
8.3;3083.0;15.2;68.9;2.0;8027.0
8.4;3083.3;0.6;1.9;0.0;8027.0
8.3;3088.2;0.3;2.0;75.0;8027.0
8.4;3088.2;0.0;0.0;95.0;8027.0
8.4;3088.2;0.0;0.0;95.0;8027.0
8.4;3088.2;0.0;0.0;96.0;8027.0
9.6;3088.2;0.0;0.0;99.0;8027.0
8.3;3088.2;0.0;0.0;96.0;8027.0
8.4;3088.2;0.0;0.0;96.0;8027.0
9.5;3088.2;0.0;0.0;95.0;8027.0
10.8;3088.2;0.0;0.0;99.0;8027.0
10.4;3088.2;0.0;0.0;96.0;8027.0
8.3;3088.2;0.0;0.0;97.0;8027.0
9.6;3088.2;0.0;0.0;96.0;8027.0
9.5;3088.2;0.0;0.0;96.0;8027.0
12.5;3088.2;0.0;0.0;95.0;8027.0
10.4;3088.2;0.0;0.0;96.0;8027.0
9.5;3088.2;0.0;0.0;96.0;8027.0
8.4;3102.9;0.0;0.0;0.0;8027.0
8.3;3112.8;0.0;0.0;0.0;8027.0
96.9;3113.6;0.0;0.0;0.0;8027.0
100.3;3113.6;0.0;0.0;0.0;8027.0
99.1;3113.6;0.0;0.0;0.0;8027.0
93.5;3113.6;0.0;0.0;0.0;8027.0
97.1;3113.6;0.0;0.0;0.0;8027.0
98.0;3113.6;0.0;0.0;0.0;8027.0
95.6;3113.6;0.0;0.0;0.0;8027.0
90.8;3113.6;0.0;0.0;0.0;8027.0
97.9;3113.6;0.0;0.0;0.0;8027.0
98.2;3113.6;0.0;0.0;0.0;8027.0
99.1;3113.6;0.0;0.0;0.0;8027.0
16.6;3107.6;6.9;21.1;0.0;8027.0
8.4;3108.3;8.3;48.2;0.0;8027.0
8.4;3111.6;0.6;1.9;0.0;8027.0
8.3;3114.9;0.3;2.1;96.0;8027.0
10.8;3114.9;0.0;0.0;95.0;8027.0
11.8;3114.9;0.0;0.0;96.0;8027.0
10.4;3114.9;0.0;0.0;99.0;8027.0
8.4;3114.9;0.0;0.0;95.0;8027.0
8.3;3114.9;0.0;0.0;97.0;8027.0
8.4;3114.9;0.0;0.0;95.0;8027.0
8.3;3114.9;0.0;0.0;96.0;8027.0
8.3;3114.9;0.0;0.0;96.0;8027.0
8.4;3114.9;0.0;0.0;96.0;8027.0
9.5;3114.9;0.0;0.0;96.0;8027.0
8.3;3114.9;0.0;0.0;96.0;8027.0
9.6;3114.9;0.0;0.0;96.0;8027.0
7.2;3114.9;0.0;0.0;96.0;8027.0
8.4;3114.9;0.0;0.0;99.0;8027.0
8.4;3117.5;0.0;0.0;77.0;8027.0
8.3;3127.4;0.0;0.0;0.0;8027.0
47.4;3136.9;0.0;0.0;2.0;8027.0
96.8;3136.9;0.0;0.0;0.0;8027.0
92.7;3136.9;0.0;0.0;0.0;8027.0
92.3;3136.9;0.0;0.0;0.0;8027.0
94.4;3136.9;0.0;0.0;0.0;8027.0
99.4;3136.9;0.0;0.0;0.0;8027.0
99.0;3136.9;0.0;0.0;0.0;8027.0
100.3;3136.9;0.0;0.0;0.0;8027.0
98.0;3136.9;0.0;0.0;0.0;8027.0
94.4;3136.9;0.0;0.0;0.0;8027.0
100.3;3136.9;0.0;0.0;0.0;8027.0
97.9;3136.9;0.0;0.0;0.0;8027.0
