8.4;29.1;0.0;0.0;1.0;944.0
8.3;75.3;51.2;3.6;1.0;937.0
6.9;114.2;126.0;10.5;1.0;952.0
8.4;151.3;125.5;7.2;2.0;945.0
8.3;176.5;146.5;7.1;0.0;945.0
8.3;206.4;84.0;6.0;2.0;952.0
8.3;227.2;105.9;3.4;0.0;947.0
8.4;301.3;61.1;33.0;1.0;1082.0
8.4;899.8;0.6;0.0;40.0;7889.0
0.0;988.0;0.7;32.9;3.0;7887.0
0.0;988.2;35.6;0.2;0.0;7887.0
0.0;988.2;44.8;0.0;0.0;7887.0
0.0;988.2;44.8;0.0;0.0;7884.0
0.0;988.2;44.8;0.0;0.0;7879.0
0.0;988.2;44.8;0.0;0.0;7878.0
0.0;988.2;46.4;0.0;0.0;7877.0
8.3;1087.3;14.8;0.0;6.0;7983.0
8.3;1523.2;5.0;0.1;8.0;8028.0
8.3;1523.5;37.5;0.5;0.0;7893.0
