7.2;29.1;9.2;1.1;0.0;900.0
8.4;80.7;53.2;4.9;0.0;900.0
6.9;122.7;147.6;10.6;1.0;899.0
8.4;163.7;125.6;9.1;0.0;899.0
8.4;188.9;151.6;6.8;0.0;899.0
5.9;212.5;99.8;4.5;0.0;898.0
8.4;230.8;61.3;2.0;1.0;897.0
8.3;430.5;61.1;33.0;2.0;1069.0
8.4;951.0;0.6;0.0;68.0;7869.0
6.0;989.9;0.7;32.9;2.0;7869.0
0.0;990.0;46.8;0.2;2.0;7869.0
0.0;990.0;44.8;0.0;1.0;7869.0
0.0;990.0;44.8;0.0;1.0;7869.0
0.0;990.0;44.8;0.0;1.0;7869.0
0.0;990.0;44.8;0.0;2.0;7838.0
0.0;990.0;44.8;0.0;1.0;7857.0
8.4;1057.0;18.0;0.0;5.0;7945.0
7.1;1501.3;0.1;0.0;6.0;8015.0
8.4;1522.5;44.0;0.5;2.0;8002.0
