8.3;28.7;14.6;1.9;1.0;919.0
7.1;66.2;23.8;1.4;1.0;917.0
8.4;106.6;124.4;11.0;0.0;917.0
8.3;143.9;142.5;7.6;2.0;921.0
7.0;172.0;126.7;6.9;0.0;920.0
8.4;205.0;106.0;7.1;0.0;920.0
8.4;225.2;115.7;3.8;1.0;920.0
8.4;258.8;55.0;18.4;0.0;1045.0
8.3;735.4;6.7;14.6;27.0;7875.0
4.2;989.0;0.7;32.9;4.0;7873.0
0.0;989.2;35.6;0.2;0.0;7873.0
0.0;989.2;46.4;0.0;0.0;7873.0
0.0;989.2;43.2;0.0;0.0;7873.0
0.0;989.2;44.8;0.0;1.0;7867.0
0.0;989.2;44.8;0.0;1.0;7866.0
0.0;989.2;46.4;0.0;2.0;7868.0
8.3;1015.8;19.6;0.0;0.0;7946.0
8.3;1487.1;0.1;0.0;7.0;8038.0
8.3;1524.8;42.4;0.5;0.0;8011.0
