8.4;29.1;0.0;0.0;0.0;913.0
6.9;79.2;53.0;4.5;1.0;914.0
7.2;122.2;142.8;10.7;1.0;922.0
7.3;162.1;125.8;9.0;1.0;922.0
5.5;188.3;156.4;7.1;0.0;922.0
5.5;211.6;93.6;4.3;1.0;960.0
8.3;230.1;67.5;2.2;1.0;960.0
8.4;385.9;61.1;33.0;5.0;1132.0
8.3;950.3;0.6;0.0;52.0;7915.0
7.0;989.4;0.7;32.9;0.0;7915.0
0.0;989.6;45.2;0.2;1.0;7915.0
0.0;989.6;46.4;0.0;3.0;7915.0
0.0;989.6;43.2;0.0;2.0;7933.0
0.0;989.6;44.8;0.0;2.0;7933.0
0.0;989.6;44.8;0.0;1.0;7949.0
0.0;989.6;46.4;0.0;1.0;7945.0
8.4;1022.7;18.0;0.0;6.0;8035.0
8.3;1485.8;0.1;0.0;18.0;8045.0
5.5;1524.5;44.0;0.5;5.0;8037.0
7.1;173.5;0.0;0.0;1.0;919.0
