0.0;10522624;0
0.0;10522624;0
0.0;10522624;0
0.0;10522624;0
49.9;14663680;0
99.7;14704640;0
143.3;19120128;0
199.5;19161088;0
182.8;23379968;0
200.7;23330816;0
198.9;27303936;0
199.5;27348992;0
216.1;35459072;0
200.7;35471360;0
166.2;35487744;0
151.2;39550976;0
184.7;43737088;0
200.7;43737088;0
199.5;43737088;0
201.6;43737088;0
149.6;43737088;0
172.0;47923200;0
200.7;47923200;0
182.8;47906816;0
216.1;52084736;0
200.7;52084736;0
199.5;52084736;0
199.5;52084736;0
201.6;52084736;0
127.8;50880512;0
200.7;56102912;0
166.2;54394880;0
201.6;60305408;0
198.9;60305408;0
201.6;60305408;0
199.5;60305408;0
172.0;65527808;0
198.9;65527808;0
201.6;65527808;0
166.2;65515520;0
172.0;68517888;0
200.7;68517888;0
198.9;68517888;0
199.5;68628480;0
216.1;72749056;0
200.7;72749056;0
156.2;72769536;277
201.6;76832768;0
182.8;76832768;0
200.7;76890112;0
113.6;76873728;0
218.4;80891904;0
199.5;80769024;0
199.5;80805888;0
157.7;82771968;0
199.5;84828160;0
199.5;84828160;0
199.5;84881408;0
172.0;88961024;0
184.7;88948736;0
151.2;92889088;0
216.1;97497088;0
200.7;97501184;0
198.9;97501184;0
201.6;97505280;0
199.5;97492992;0
182.8;101785600;0
172.0;105811968;0
198.9;105820160;0
199.5;105820160;0
199.5;105820160;0
172.0;105807872;0
198.9;113770496;0
200.7;113770496;0
199.5;113799168;0
199.5;113799168;0
133.0;112877568;0
199.5;117657600;0
200.7;117673984;0
166.2;117657600;0
100.8;117657600;0
182.8;125870080;0
199.5;125870080;0
198.9;125870080;0
200.7;125870080;0
199.5;124846080;0
182.8;129626112;0
184.8;129613824;0
199.5;133033984;0
200.7;133033984;0
199.5;133033984;0
201.6;133050368;0
182.8;133038080;0
149.6;137785344;0
218.4;141029376;0
198.9;141090816;0
200.7;141111296;0
149.6;145432576;0
201.6;145752064;0
199.5;145760256;0
199.5;145760256;0
172.0;149544960;0
184.7;153817088;0
199.5;153821184;0
199.5;153825280;0
201.6;153825280;0
199.5;153829376;0
199.5;153829376;0
129.0;157032448;0
198.9;161677312;0
200.7;161677312;0
198.9;161677312;0
201.6;161677312;0
149.6;159318016;0
199.5;169852928;0
199.5;169852928;0
200.7;169852928;0
184.7;169852928;0
199.5;174063616;0
199.5;174063616;0
184.8;174051328;0
166.2;177512448;0
199.5;177512448;0
200.7;177512448;0
198.9;177512448;0
186.4;176971776;0
198.9;186183680;0
201.6;186183680;0
199.5;186183680;0
199.5;186183680;0
184.8;186171392;0
216.1;189247488;0
149.6;186662912;0
199.5;193859584;0
199.5;193859584;0
200.7;193859584;0
198.9;193859584;0
172.0;201887744;0
200.7;201887744;0
198.9;201887744;0
199.5;201887744;0
199.5;201871360;0
184.8;206155776;0
199.5;206155776;0
133.0;206139392;0
201.6;210194432;0
184.7;210182144;0
216.1;214204416;0
199.5;214204416;0
200.7;214204416;0
143.3;212971520;0
216.1;221429760;0
199.5;221433856;0
201.6;221433856;0
199.5;221433856;0
149.6;226037760;0
199.5;226037760;0
199.5;230096896;0
200.7;230096896;0
198.9;230084608;0
186.4;234131456;0
200.7;234131456;0
198.9;234131456;0
200.7;234131456;0
85.2;234303488;0
199.5;241991680;0
201.6;241991680;0
199.5;241991680;0
200.7;241991680;0
200.7;241991680;0
198.9;241991680;0
172.0;241967104;0
113.6;250146816;0
201.6;250146816;0
199.5;250195968;0
199.5;250208256;0
201.6;250208256;0
199.5;250253312;0
182.8;250265600;0
182.8;250249216;0
199.5;257515520;0
201.6;257523712;0
200.7;257523712;0
198.9;257523712;0
186.4;253927424;0
200.7;262131712;0
184.7;262115328;0
143.3;266182656;0
156.2;266170368;0
157.7;270249984;0
200.7;270249984;0
198.9;270249984;0
200.7;270249984;0
200.7;270249984;0
127.8;270237696;0
143.3;274313216;0
227.3;278482944;0
200.7;278482944;0
200.7;278503424;0
199.5;278503424;0
182.8;282525696;0
201.6;286572544;0
199.5;286572544;0
199.5;286572544;0
199.5;286572544;0
182.8;290578432;0
200.7;290578432;0
200.7;290578432;0
142.0;290611200;0
216.1;294596608;0
201.6;294596608;0
182.8;294584320;0
166.2;302256128;0
182.8;302256128;0
182.8;302256128;0
201.6;302256128;0
199.5;302256128;0
182.8;305520640;0
200.7;305524736;0
114.7;305512448;0
213.1;310124544;0
200.7;310124544;0
198.9;310124544;0
149.6;314204160;0
201.6;314204160;0
199.5;314208256;0
149.6;314195968;0
184.8;322572288;0
199.5;322572288;0
198.9;322572288;0
200.7;322576384;0
156.2;322564096;0
200.7;325660672;0
201.6;325869568;0
116.4;328945664;0
199.5;334376960;0
186.4;333508608;0
143.3;342294528;0
184.7;342302720;0
200.7;342302720;0
198.9;342302720;0
199.5;342347776;0
184.8;346472448;0
133.0;346460160;0
199.5;349630464;0
186.4;349618176;0
215.0;353583104;0
198.9;353583104;0
200.7;353583104;0
198.9;353583104;0
149.6;358383616;0
201.6;358383616;0
133.0;358367232;0
184.7;362430464;0
215.0;366448640;0
200.7;366448640;0
198.9;366448640;0
200.7;366448640;0
182.8;370212864;0
182.8;370544640;0
151.2;373641216;0
199.5;373649408;0
156.2;373633024;0
186.4;378261504;0
201.6;378261504;0
166.2;378245120;0
149.6;382517248;0
200.7;386551808;0
198.9;386560000;0
200.7;386560000;0
151.2;386543616;0
149.6;394665984;0
199.5;394665984;0
201.6;394702848;0
199.5;394702848;0
184.7;394686464;0
186.4;397721600;0
198.9;397721600;0
200.7;401670144;0
201.6;401670144;0
116.4;401190912;0
198.9;406392832;0
199.5;406392832;0
201.6;406392832;0
199.5;406392832;0
170.5;414466048;0
200.7;414466048;0
199.5;414478336;0
199.5;414502912;0
186.4;416129024;0
215.0;418545664;0
149.6;422658048;0
199.5;422658048;0
200.7;422658048;0
200.7;422662144;0
198.9;422662144;0
166.2;426733568;0
216.1;429805568;0
198.9;429821952;0
200.7;429821952;0
