0.0;10473472;0
0.0;10473472;0
0.0;10473472;0
0.0;10473472;0
33.2;13479936;0
99.7;14626816;0
129.0;19058688;0
198.9;19136512;0
218.4;23244800;0
184.7;23236608;0
71.7;27426816;0
182.8;27222016;0
201.6;31440896;0
198.9;31477760;0
201.6;35569664;0
199.5;35598336;0
215.0;43646976;0
199.5;43683840;0
201.6;47697920;0
198.9;47734784;0
200.7;47755264;0
199.5;47706112;0
199.5;47820800;0
127.8;57073664;0
200.7;57073664;0
200.7;57073664;0
199.5;57073664;0
201.6;57073664;0
198.9;57073664;0
199.5;57073664;0
182.8;57073664;0
151.2;57044992;0
170.5;64237568;0
201.6;64237568;0
199.5;64237568;0
200.7;64344064;0
142.0;64331776;0
184.8;68349952;0
199.5;68358144;0
186.4;68538368;0
200.7;73256960;0
166.2;73281536;277
199.5;77848576;0
133.0;77836288;0
215.0;80601088;0
198.9;80617472;0
201.6;80629760;0
199.5;80642048;0
200.7;80642048;0
198.9;80642048;0
151.2;85598208;0
172.0;88731648;0
199.5;88731648;0
201.6;88731648;0
199.5;88731648;0
200.7;88731648;0
199.5;88731648;0
201.6;88731648;0
116.4;88702976;0
182.8;97828864;0
200.7;97832960;0
170.5;97816576;0
149.6;102125568;0
199.5;104906752;0
201.6;104906752;0
198.9;104955904;0
186.4;101617664;0
186.4;108859392;0
198.9;108920832;0
133.0;109920256;0
199.5;117960704;0
201.6;117960704;0
99.4;121999360;0
215.0;126017536;0
200.7;126017536;0
199.5;125018112;0
199.5;125063168;0
199.5;125075456;0
200.7;125112320;0
198.9;125100032;0
172.0;133984256;0
199.5;133996544;0
199.5;133996544;0
199.5;133996544;0
200.7;137109504;0
200.7;137113600;0
149.6;137097216;0
151.2;140820480;0
216.1;145997824;0
182.8;145989632;0
198.9;150044672;0
200.7;150048768;0
199.5;150048768;0
199.5;150048768;0
134.4;146034688;0
166.2;151085056;0
199.5;158044160;0
127.8;162062336;0
200.7;162062336;0
199.5;162062336;0
216.1;165937152;0
201.6;165941248;0
198.9;165941248;0
200.7;165941248;0
182.8;165994496;0
168.0;170078208;0
182.8;174149632;0
199.5;174149632;0
200.7;174149632;0
198.9;174149632;0
199.5;174149632;0
199.5;174149632;0
117.6;174137344;0
232.7;182091776;0
199.5;182091776;0
201.6;182091776;0
184.7;178089984;0
215.0;186114048;0
198.9;186114048;0
201.6;186114048;0
133.0;190169088;0
199.5;190169088;0
201.6;190169088;0
182.8;194195456;0
182.8;194179072;0
182.8;198205440;0
200.7;198205440;0
186.4;201236480;0
198.9;201240576;0
201.6;201240576;0
199.5;201240576;0
199.5;201240576;0
116.4;201207808;0
199.5;210153472;0
201.6;210153472;0
199.5;210153472;0
172.0;208007168;0
215.0;214257664;0
198.9;214257664;0
186.4;214241280;0
156.2;217133056;0
200.7;217137152;0
200.7;217141248;0
198.9;222081024;0
201.6;222081024;0
182.8;225177600;0
182.8;225165312;0
199.5;230133760;0
199.5;230133760;0
184.8;230137856;0
199.5;230137856;0
182.8;230137856;0
201.6;228769792;0
199.5;234151936;0
166.2;238161920;0
199.5;238161920;0
199.5;238161920;0
201.6;238161920;0
170.5;246292480;0
200.7;246308864;0
186.4;246317056;0
198.9;246325248;0
143.3;246321152;0
199.5;249331712;0
199.5;249339904;0
218.4;254062592;0
199.5;254070784;0
149.6;252329984;0
201.6;258105344;0
199.5;258105344;0
199.5;258105344;0
166.2;258093056;0
166.2;261373952;0
201.6;261382144;0
199.5;261382144;0
199.5;266104832;0
201.6;266104832;0
199.5;266104832;0
199.5;266104832;0
133.0;263327744;0
199.5;270135296;0
218.4;274178048;0
199.5;274178048;0
199.5;274178048;0
201.6;274178048;0
149.6;282181632;0
200.7;282181632;0
198.9;282181632;0
186.4;282181632;0
200.7;285442048;0
198.9;285442048;0
200.7;285446144;0
200.7;285446144;0
42.6;285417472;0
232.7;294137856;0
199.5;294137856;0
199.5;294137856;0
184.8;294199296;0
199.5;294199296;0
199.5;294199296;0
184.8;297553920;0
182.8;301539328;0
199.5;301551616;0
199.5;301551616;0
182.8;306249728;0
201.6;306249728;0
199.5;306249728;0
199.5;306249728;0
200.7;310345728;0
182.8;310329344;0
213.1;313479168;0
199.5;313479168;0
199.5;313479168;0
201.6;313483264;0
186.4;318214144;0
199.5;318214144;0
200.7;322252800;0
200.7;322252800;0
184.7;321216512;0
200.7;326127616;0
199.5;326127616;0
199.5;326139904;0
201.6;326172672;0
127.8;326074368;0
199.5;330244096;0
168.0;334348288;0
199.5;334348288;0
199.5;334348288;0
199.5;334348288;0
199.5;334348288;0
151.2;334331904;0
199.5;338419712;0
99.7;338403328;0
218.4;342454272;0
149.6;339484672;0
198.9;346488832;0
200.7;346488832;0
198.9;346492928;0
199.5;346492928;0
151.2;346476544;0
199.5;350498816;0
199.5;354508800;0
201.6;354521088;0
199.5;354525184;0
182.8;357584896;0
215.0;357801984;0
156.2;362385408;0
200.7;362422272;0
200.7;362422272;0
198.9;362422272;0
215.0;366436352;0
200.7;369790976;0
198.9;369795072;0
199.5;369795072;0
199.5;369795072;0
216.1;373526528;0
168.0;370233344;0
199.5;378286080;0
198.9;378302464;0
200.7;378310656;0
200.7;378322944;0
184.7;382369792;0
186.4;382361600;0
199.5;385748992;0
182.8;385732608;0
235.2;390369280;0
199.5;390369280;0
199.5;390369280;0
201.6;390373376;0
199.5;390373376;0
149.6;394551296;0
149.6;397668352;0
198.9;397672448;0
200.7;397672448;0
200.7;397737984;0
199.5;402341888;0
199.5;402329600;0
218.4;406409216;0
199.5;406466560;0
199.5;406466560;0
100.3;410628096;0
199.5;413859840;0
199.5;413859840;0
201.6;413863936;0
199.5;413790208;0
198.9;413790208;0
200.7;413790208;0
143.3;413626368;0
198.9;422678528;0
199.5;422678528;0
199.5;422678528;0
182.8;422404096;0
200.7;425996288;0
200.7;426008576;0
182.8;425996288;0
149.6;433844224;0
201.6;433844224;0
199.5;433844224;0
199.5;433860608;0
200.7;438480896;0
