0.0;10522624;0
0.0;10522624;0
0.0;10522624;0
0.0;10522624;0
0.0;10522624;0
0.0;10522624;0
0.0;10522624;0
0.0;10522624;0
0.0;10522624;0
0.0;10522624;0
0.0;10522624;0
0.0;10522624;0
0.0;10522624;0
0.0;10522624;0
0.0;10522624;0
0.0;10522624;0
0.0;10522624;0
0.0;10522624;0
0.0;10522624;0
0.0;10522624;0
0.0;10522624;0
0.0;10522624;0
0.0;10522624;0
0.0;10522624;0
0.0;10522624;0
0.0;10522624;0
0.0;10522624;0
0.0;10522624;0
0.0;10522624;0
0.0;10522624;0
0.0;10522624;0
0.0;10522624;0
0.0;10522624;0
0.0;10522624;0
0.0;10522624;0
0.0;10522624;0
0.0;10522624;0
0.0;10522624;0
28.7;20402176;114
0.0;20402176;0
0.0;20402176;0
0.0;20402176;0
0.0;20402176;0
0.0;20402176;0
0.0;20402176;0
0.0;20402176;0
0.0;20402176;0
0.0;20402176;0
0.0;20402176;0
0.0;20402176;0
0.0;20402176;0
0.0;20402176;0
0.0;20402176;0
0.0;20402176;0
0.0;20402176;0
0.0;20402176;0
0.0;20402176;0
0.0;20402176;0
0.0;20402176;0
0.0;20402176;0
0.0;20402176;0
0.0;20402176;0
0.0;20402176;0
0.0;20402176;0
0.0;20402176;0
0.0;20402176;0
0.0;20402176;0
0.0;20402176;0
0.0;20402176;0
0.0;20402176;0
0.0;20402176;0
0.0;20402176;0
0.0;20402176;0
0.0;20402176;0
0.0;20402176;0
33.2;30130176;0
0.0;21168128;0
0.0;21168128;0
0.0;21168128;0
0.0;21168128;0
0.0;21168128;0
0.0;21168128;0
0.0;21168128;0
0.0;21168128;0
0.0;21168128;0
0.0;21168128;0
0.0;21168128;0
0.0;21168128;0
0.0;21168128;0
0.0;21168128;0
0.0;21168128;0
0.0;21168128;0
0.0;21168128;0
0.0;21168128;0
0.0;21168128;0
0.0;21168128;0
0.0;21168128;0
0.0;21168128;0
0.0;21168128;0
0.0;21168128;0
0.0;21168128;0
0.0;21168128;0
0.0;21168128;0
0.0;21168128;0
0.0;21168128;0
0.0;21168128;0
0.0;21168128;0
0.0;21168128;0
0.0;21168128;0
0.0;21168128;0
0.0;21168128;0
0.0;21168128;0
0.0;21168128;0
49.9;21078016;0
0.0;21078016;0
0.0;21078016;0
0.0;21078016;0
0.0;21078016;0
0.0;21078016;0
0.0;21078016;0
0.0;21078016;0
0.0;21078016;0
0.0;21078016;0
0.0;21078016;0
0.0;21078016;0
0.0;21078016;0
0.0;21078016;0
0.0;21078016;0
0.0;21078016;0
0.0;21078016;0
0.0;21078016;0
0.0;21078016;0
0.0;21078016;0
0.0;21078016;0
0.0;21078016;0
0.0;21078016;0
0.0;21078016;0
0.0;21078016;0
0.0;21078016;0
0.0;21078016;0
0.0;21078016;0
0.0;21078016;0
0.0;21078016;0
0.0;21078016;0
0.0;21078016;0
0.0;21078016;0
0.0;21078016;0
0.0;21078016;0
0.0;21078016;0
43.0;21876736;0
0.0;21876736;0
0.0;21876736;0
0.0;21876736;0
0.0;21876736;0
0.0;21876736;0
0.0;21876736;0
0.0;21876736;0
0.0;21876736;0
0.0;21876736;0
0.0;21876736;0
0.0;21876736;0
0.0;21876736;0
0.0;21876736;0
0.0;21876736;0
0.0;21876736;0
0.0;21876736;0
0.0;21876736;0
0.0;21876736;0
0.0;21876736;0
0.0;21876736;0
0.0;21876736;0
0.0;21876736;0
0.0;21876736;0
0.0;21876736;0
0.0;21876736;0
0.0;21876736;0
0.0;21876736;0
0.0;21876736;0
0.0;21876736;0
0.0;21876736;0
0.0;21876736;0
0.0;21876736;0
0.0;21876736;0
0.0;21876736;0
33.2;21340160;0
0.0;21340160;0
0.0;21340160;0
0.0;21340160;0
0.0;21340160;0
0.0;21340160;0
0.0;21340160;0
0.0;21340160;0
0.0;21340160;0
0.0;21340160;0
0.0;21340160;0
0.0;21340160;0
0.0;21340160;0
0.0;21340160;0
0.0;21340160;0
0.0;21340160;0
0.0;21340160;0
0.0;21340160;0
0.0;21340160;0
0.0;21340160;0
0.0;21340160;0
0.0;21340160;0
0.0;21340160;0
0.0;21340160;0
0.0;21340160;0
0.0;21340160;0
0.0;21340160;0
0.0;21340160;0
0.0;21340160;0
0.0;21340160;0
0.0;21340160;0
0.0;21340160;0
0.0;21340160;0
0.0;21340160;0
0.0;21340160;0
0.0;21340160;0
33.2;21942272;0
0.0;21942272;0
0.0;21942272;0
0.0;21942272;0
0.0;21942272;0
0.0;21942272;0
0.0;21942272;0
0.0;21942272;0
0.0;21942272;0
0.0;21942272;0
0.0;21942272;0
0.0;21942272;0
0.0;21942272;0
0.0;21942272;0
0.0;21942272;0
0.0;21942272;0
0.0;21942272;0
0.0;21942272;0
0.0;21942272;0
0.0;21942272;0
0.0;21942272;0
0.0;21942272;0
0.0;21942272;0
0.0;21942272;0
0.0;21942272;0
0.0;21942272;0
0.0;21942272;0
0.0;21942272;0
0.0;21942272;0
0.0;21942272;0
0.0;21942272;0
0.0;21942272;0
0.0;21942272;0
0.0;21942272;0
16.6;25538560;0
14.3;22220800;0
0.0;22220800;0
0.0;22220800;0
0.0;22220800;0
0.0;22220800;0
0.0;22220800;0
0.0;22208512;0
0.0;22208512;0
0.0;22208512;0
0.0;22208512;0
0.0;22208512;0
0.0;22208512;0
0.0;22208512;0
0.0;22208512;0
0.0;22208512;0
0.0;22208512;0
0.0;22208512;0
0.0;22208512;0
0.0;22208512;0
0.0;22208512;0
0.0;22208512;0
0.0;22208512;0
0.0;22208512;0
0.0;22208512;0
0.0;22208512;0
0.0;22208512;0
0.0;22208512;0
0.0;22208512;0
0.0;22208512;0
0.0;22208512;0
0.0;22208512;0
0.0;22208512;0
0.0;22208512;0
0.0;22208512;0
14.3;23412736;0
16.8;22458368;0
0.0;22458368;0
0.0;22458368;0
0.0;22458368;0
0.0;22458368;0
0.0;22458368;0
0.0;22458368;0
0.0;22458368;0
0.0;22458368;0
0.0;22458368;0
