0.0;10530816;0
0.0;10530816;0
0.0;10530816;0
0.0;10530816;0
0.0;10530816;0
0.0;10530816;0
0.0;10530816;0
0.0;10530816;0
0.0;10530816;0
0.0;10530816;0
0.0;10530816;0
0.0;10530816;0
0.0;10530816;0
0.0;10530816;0
0.0;10530816;0
0.0;10530816;0
0.0;10530816;0
0.0;10530816;0
0.0;10530816;0
0.0;10530816;0
0.0;10530816;0
0.0;10530816;0
0.0;10530816;0
0.0;10530816;0
0.0;10530816;0
0.0;10530816;0
0.0;10530816;0
0.0;10530816;0
0.0;10530816;0
0.0;10530816;0
0.0;10530816;0
0.0;10530816;0
0.0;10530816;0
0.0;10530816;0
0.0;10530816;0
0.0;10530816;0
0.0;10530816;0
42.6;20492288;114
0.0;20492288;0
0.0;20492288;0
0.0;20492288;0
0.0;20492288;0
0.0;20492288;0
0.0;20492288;0
0.0;20492288;0
0.0;20492288;0
0.0;20492288;0
0.0;20492288;0
0.0;20492288;0
0.0;20492288;0
0.0;20492288;0
0.0;20492288;0
0.0;20492288;0
0.0;20492288;0
0.0;20492288;0
0.0;20492288;0
0.0;20492288;0
0.0;20492288;0
0.0;20492288;0
0.0;20492288;0
0.0;20492288;0
0.0;20492288;0
0.0;20492288;0
0.0;20492288;0
0.0;20492288;0
0.0;20492288;0
0.0;20492288;0
0.0;20492288;0
0.0;20492288;0
0.0;20492288;0
0.0;20492288;0
0.0;20492288;0
0.0;20492288;0
0.0;20492288;0
49.9;20897792;0
0.0;20897792;0
0.0;20897792;0
0.0;20897792;0
0.0;20897792;0
0.0;20897792;0
0.0;20897792;0
0.0;20897792;0
0.0;20897792;0
0.0;20897792;0
0.0;20897792;0
0.0;20897792;0
0.0;20897792;0
0.0;20897792;0
0.0;20897792;0
0.0;20897792;0
0.0;20897792;0
0.0;20897792;0
0.0;20897792;0
0.0;20897792;0
0.0;20897792;0
0.0;20877312;0
0.0;20877312;0
0.0;20877312;0
0.0;20877312;0
0.0;20877312;0
0.0;20877312;0
0.0;20877312;0
0.0;20877312;0
0.0;20877312;0
0.0;20877312;0
0.0;20877312;0
0.0;20877312;0
0.0;20877312;0
0.0;20877312;0
0.0;20877312;0
0.0;22302720;0
16.6;21041152;0
0.0;21041152;0
0.0;21041152;0
0.0;21041152;0
0.0;21041152;0
0.0;21041152;0
0.0;21041152;0
0.0;21041152;0
0.0;21041152;0
0.0;21041152;0
0.0;21041152;0
0.0;21041152;0
0.0;21041152;0
0.0;21041152;0
0.0;21041152;0
0.0;21041152;0
0.0;21041152;0
0.0;21041152;0
0.0;21041152;0
0.0;21041152;0
0.0;21041152;0
0.0;21041152;0
0.0;21041152;0
0.0;21041152;0
0.0;21041152;0
0.0;21041152;0
0.0;21041152;0
0.0;21041152;0
0.0;21041152;0
0.0;21041152;0
0.0;21041152;0
0.0;21041152;0
0.0;21041152;0
0.0;21041152;0
0.0;21041152;0
0.0;21041152;0
16.6;21303296;0
0.0;21303296;0
0.0;21303296;0
0.0;21303296;0
0.0;21303296;0
0.0;21303296;0
0.0;21303296;0
0.0;21303296;0
0.0;21303296;0
0.0;21303296;0
0.0;21303296;0
0.0;21303296;0
0.0;21303296;0
0.0;21303296;0
0.0;21303296;0
0.0;21303296;0
0.0;21303296;0
0.0;21303296;0
0.0;21303296;0
0.0;21303296;0
0.0;21303296;0
0.0;21303296;0
0.0;21303296;0
0.0;21303296;0
0.0;21303296;0
0.0;21303296;0
0.0;21303296;0
0.0;21303296;0
0.0;21303296;0
0.0;21303296;0
0.0;21303296;0
0.0;21303296;0
0.0;21303296;0
0.0;21303296;0
0.0;21303296;0
33.2;21901312;0
0.0;21901312;0
0.0;21901312;0
0.0;21901312;0
0.0;21901312;0
0.0;21901312;0
0.0;21901312;0
0.0;21901312;0
0.0;21901312;0
0.0;21901312;0
0.0;21901312;0
0.0;21901312;0
0.0;21901312;0
0.0;21901312;0
0.0;21901312;0
0.0;21901312;0
0.0;21901312;0
0.0;21901312;0
0.0;21901312;0
0.0;21901312;0
0.0;21901312;0
0.0;21901312;0
0.0;21901312;0
0.0;21901312;0
0.0;21901312;0
0.0;21901312;0
0.0;21901312;0
0.0;21901312;0
0.0;21901312;0
0.0;21901312;0
0.0;21901312;0
0.0;21901312;0
0.0;21901312;0
0.0;21901312;0
0.0;21901312;0
0.0;21901312;0
28.7;21934080;0
0.0;21934080;0
0.0;21934080;0
0.0;21934080;0
0.0;21934080;0
0.0;21934080;0
0.0;21934080;0
0.0;21934080;0
0.0;21934080;0
0.0;21934080;0
0.0;21934080;0
0.0;21934080;0
0.0;21934080;0
0.0;21934080;0
0.0;21934080;0
0.0;21934080;0
0.0;21934080;0
0.0;21934080;0
0.0;21934080;0
0.0;21934080;0
0.0;21934080;0
0.0;21934080;0
0.0;21934080;0
0.0;21934080;0
0.0;21934080;0
0.0;21934080;0
0.0;21934080;0
0.0;21934080;0
0.0;21934080;0
0.0;21934080;0
0.0;21934080;0
0.0;21934080;0
0.0;21934080;0
0.0;21934080;0
28.7;22253568;0
0.0;22253568;0
0.0;22253568;0
0.0;22253568;0
0.0;22253568;0
0.0;22253568;0
0.0;22253568;0
0.0;22253568;0
0.0;22253568;0
0.0;22253568;0
0.0;22286336;0
0.0;22286336;0
0.0;22286336;0
0.0;22286336;0
0.0;22286336;0
0.0;22286336;0
0.0;22286336;0
0.0;22286336;0
0.0;22286336;0
0.0;22286336;0
0.0;22286336;0
0.0;22286336;0
0.0;22286336;0
0.0;22286336;0
0.0;22286336;0
0.0;22286336;0
0.0;22286336;0
0.0;22286336;0
0.0;22286336;0
0.0;22286336;0
0.0;22286336;0
0.0;22286336;0
0.0;22286336;0
0.0;22286336;0
49.9;22790144;0
0.0;22790144;0
0.0;22790144;0
0.0;22790144;0
0.0;22790144;0
0.0;22790144;0
0.0;22790144;0
0.0;22790144;0
0.0;22790144;0
0.0;22790144;0
0.0;22790144;0
0.0;22790144;0
0.0;22790144;0
0.0;22790144;0
