0.0;10510336;0
0.0;10510336;0
0.0;10510336;0
0.0;10510336;0
0.0;10510336;0
0.0;10510336;0
0.0;10510336;0
0.0;10510336;0
0.0;10510336;0
0.0;10510336;0
0.0;10510336;0
0.0;10510336;0
0.0;10510336;0
0.0;10510336;0
0.0;10510336;0
0.0;10510336;0
0.0;10510336;0
0.0;10510336;0
0.0;10510336;0
0.0;10510336;0
0.0;10510336;0
0.0;10510336;0
0.0;10510336;0
0.0;10510336;0
0.0;10510336;0
0.0;10510336;0
0.0;10510336;0
0.0;10510336;0
0.0;10510336;0
0.0;10510336;0
0.0;10510336;0
0.0;10510336;0
0.0;10510336;0
0.0;10510336;0
0.0;10510336;0
0.0;10510336;0
0.0;10510336;0
49.9;20516864;114
0.0;20516864;0
0.0;20516864;0
0.0;20516864;0
0.0;20516864;0
0.0;20516864;0
0.0;20516864;0
0.0;20516864;0
0.0;20516864;0
0.0;20516864;0
0.0;20516864;0
0.0;20516864;0
0.0;20516864;0
0.0;20516864;0
0.0;20516864;0
0.0;20516864;0
0.0;20516864;0
0.0;20516864;0
0.0;20516864;0
0.0;20516864;0
0.0;20516864;0
0.0;20516864;0
0.0;20516864;0
0.0;20516864;0
0.0;20516864;0
0.0;20516864;0
0.0;20516864;0
0.0;20516864;0
0.0;20516864;0
0.0;20516864;0
0.0;20516864;0
0.0;20516864;0
0.0;20516864;0
0.0;20516864;0
0.0;20516864;0
0.0;20516864;0
0.0;20516864;0
33.2;20869120;0
0.0;20869120;0
0.0;20869120;0
0.0;20869120;0
0.0;20869120;0
0.0;20869120;0
0.0;20869120;0
0.0;20869120;0
0.0;20869120;0
0.0;20869120;0
0.0;20869120;0
0.0;20869120;0
0.0;20869120;0
0.0;20869120;0
0.0;20869120;0
0.0;20869120;0
0.0;20869120;0
0.0;20869120;0
0.0;20869120;0
0.0;20869120;0
0.0;20869120;0
0.0;20869120;0
0.0;20869120;0
0.0;20869120;0
0.0;20869120;0
0.0;20869120;0
0.0;20869120;0
0.0;20869120;0
0.0;20869120;0
0.0;20869120;0
0.0;20869120;0
0.0;20869120;0
0.0;20869120;0
0.0;20869120;0
0.0;20869120;0
0.0;20869120;0
0.0;20869120;0
28.7;21041152;0
0.0;21041152;0
0.0;21041152;0
0.0;21041152;0
0.0;21041152;0
0.0;21041152;0
0.0;21041152;0
0.0;21041152;0
0.0;21041152;0
0.0;21041152;0
0.0;21041152;0
0.0;21041152;0
0.0;21041152;0
0.0;21041152;0
0.0;21041152;0
0.0;21041152;0
0.0;21041152;0
0.0;21041152;0
0.0;21041152;0
0.0;21041152;0
0.0;21041152;0
0.0;21041152;0
0.0;21041152;0
0.0;21041152;0
0.0;21041152;0
0.0;21041152;0
0.0;21041152;0
0.0;21041152;0
0.0;21041152;0
0.0;21041152;0
0.0;21041152;0
0.0;21041152;0
0.0;21041152;0
0.0;21041152;0
0.0;21041152;0
0.0;21041152;0
33.2;21598208;0
0.0;21598208;0
0.0;21598208;0
0.0;21598208;0
0.0;21598208;0
0.0;21598208;0
0.0;21598208;0
0.0;21598208;0
0.0;21598208;0
0.0;21598208;0
0.0;21598208;0
0.0;21598208;0
0.0;21598208;0
0.0;21598208;0
0.0;21598208;0
0.0;21598208;0
0.0;21598208;0
0.0;21598208;0
0.0;21598208;0
0.0;21598208;0
0.0;21598208;0
0.0;21598208;0
0.0;21598208;0
0.0;21598208;0
0.0;21598208;0
0.0;21598208;0
0.0;21598208;0
0.0;21598208;0
0.0;21598208;0
0.0;21598208;0
0.0;21598208;0
0.0;21598208;0
0.0;21598208;0
0.0;21598208;0
0.0;21598208;0
0.0;21598208;0
33.6;21872640;0
0.0;21872640;0
0.0;21872640;0
0.0;21872640;0
0.0;21872640;0
0.0;21872640;0
0.0;21872640;0
0.0;21872640;0
0.0;21872640;0
0.0;21872640;0
0.0;21872640;0
0.0;21872640;0
0.0;21872640;0
0.0;21872640;0
0.0;21872640;0
0.0;21872640;0
0.0;21872640;0
0.0;21872640;0
0.0;21872640;0
0.0;21872640;0
0.0;21872640;0
0.0;21872640;0
0.0;21872640;0
0.0;21872640;0
0.0;21872640;0
0.0;21872640;0
0.0;21872640;0
0.0;21872640;0
0.0;21872640;0
0.0;21872640;0
0.0;21872640;0
0.0;21872640;0
0.0;21872640;0
0.0;21872640;0
0.0;21872640;0
16.8;25460736;0
16.6;21901312;0
0.0;21901312;0
0.0;21901312;0
0.0;21901312;0
0.0;21901312;0
0.0;21901312;0
0.0;21901312;0
0.0;21901312;0
0.0;21901312;0
0.0;21901312;0
0.0;21901312;0
0.0;21901312;0
0.0;21901312;0
0.0;21901312;0
0.0;21901312;0
0.0;21901312;0
0.0;21901312;0
0.0;21901312;0
0.0;21901312;0
0.0;21901312;0
0.0;21901312;0
0.0;21901312;0
0.0;21901312;0
0.0;21901312;0
0.0;21901312;0
0.0;21901312;0
0.0;21901312;0
0.0;21901312;0
0.0;21901312;0
0.0;21901312;0
0.0;21901312;0
0.0;21901312;0
0.0;21901312;0
0.0;21901312;0
0.0;21901312;0
49.9;21942272;0
0.0;21942272;0
0.0;21942272;0
0.0;21942272;0
0.0;21942272;0
0.0;21942272;0
0.0;21942272;0
0.0;21942272;0
0.0;21942272;0
0.0;21942272;0
0.0;21942272;0
0.0;21942272;0
0.0;21942272;0
0.0;21942272;0
0.0;21942272;0
0.0;21979136;0
0.0;21979136;0
0.0;21979136;0
0.0;21979136;0
0.0;21979136;0
0.0;21979136;0
0.0;21979136;0
0.0;21979136;0
0.0;21979136;0
0.0;21979136;0
0.0;21979136;0
0.0;21979136;0
0.0;21979136;0
0.0;21979136;0
0.0;21979136;0
0.0;21979136;0
0.0;21979136;0
0.0;21979136;0
0.0;21979136;0
0.0;21979136;0
33.2;22786048;0
0.0;22786048;0
0.0;22786048;0
0.0;22786048;0
0.0;22786048;0
0.0;22786048;0
0.0;22786048;0
0.0;22786048;0
0.0;22786048;0
0.0;22786048;0
0.0;22786048;0
