0.0;10493952;0
0.0;10493952;0
0.0;10493952;0
0.0;10493952;0
0.0;10493952;0
16.6;16154624;0
100.3;18690048;0
116.4;21975040;0
117.6;26898432;0
113.6;29339648;0
129.0;43028480;0
99.7;43028480;0
99.7;43028480;0
42.6;35028992;0
143.3;43184128;0
99.7;43216896;0
99.7;43249664;0
100.8;43282432;0
99.4;43315200;0
99.7;43347968;0
83.1;35311616;0
67.2;32317440;0
113.6;43368448;0
100.3;43393024;0
99.7;43393024;0
99.7;43458560;0
99.4;43458560;0
100.3;43458560;0
99.7;43589632;0
99.7;43655168;0
100.8;43655168;0
99.4;43655168;0
99.7;43655168;0
99.7;43786240;0
100.8;43786240;0
99.4;43786240;0
57.3;35913728;0
143.3;43855872;0
99.7;43917312;0
99.7;43917312;0
99.7;43917312;0
100.3;43917312;0
99.4;43917312;0
151.2;44142592;0
99.7;44142592;0
100.3;44142592;0
99.4;44142592;0
100.8;44204032;0
99.7;44204032;0
99.7;44204032;0
43.0;36171776;0
113.6;44298240;0
100.3;44298240;0
99.4;44359680;0
100.8;44359680;0
99.7;44359680;0
83.1;44359680;0
100.3;44359680;0
71.0;28995584;0
116.4;44638208;0
99.7;44638208;0
100.8;44638208;0
99.4;44638208;0
100.3;44773376;0
100.3;44773376;0
116.4;44769280;0
99.7;44769280;0
99.7;44769280;0
100.8;44904448;0
99.4;44904448;0
100.8;44904448;0
99.7;44904448;0
83.1;36868096;0
133.0;44871680;0
100.3;45006848;0
100.3;45006848;0
99.4;45006848;0
100.8;45006848;0
99.7;45142016;0
114.7;33284096;0
127.8;45146112;0
100.8;45146112;0
99.7;45146112;0
99.7;45207552;0
100.8;45207552;0
85.2;45207552;0
129.0;45309952;0
83.1;45309952;0
100.8;45338624;0
99.7;45338624;0
100.3;45338624;0
100.3;45338624;0
99.7;45473792;0
99.7;37240832;557
149.6;45420544;0
100.8;45420544;0
99.4;45420544;0
100.3;45420544;0
100.3;45481984;0
99.7;45481984;0
99.7;31924224;0
116.4;45457408;0
100.8;45457408;0
99.4;45457408;0
100.3;45457408;0
99.7;45518848;0
99.7;45518848;0
99.7;37187584;0
116.4;45441024;0
100.3;45441024;0
99.4;45441024;0
100.3;45502464;0
99.7;45502464;0
99.7;45502464;0
83.1;30175232;0
116.4;45535232;0
100.8;45535232;0
99.7;45535232;0
100.3;45535232;0
100.3;45535232;0
99.4;45535232;0
129.0;45424640;0
99.4;45424640;0
100.3;45424640;0
99.4;45453312;0
100.3;45453312;0
99.4;45453312;0
114.7;45621248;0
100.3;45621248;0
99.7;45621248;0
100.8;45621248;0
99.7;45621248;0
99.7;45621248;0
99.7;45621248;0
49.9;30986240;0
117.6;45629440;0
99.7;45629440;0
100.3;45629440;0
100.3;45629440;0
99.4;45629440;0
100.3;45629440;0
127.8;45449216;0
100.3;45449216;0
100.3;45449216;0
99.7;45461504;0
100.8;45461504;0
99.7;45461504;0
99.7;45461504;0
49.9;30121984;0
133.0;45559808;0
100.8;45559808;0
99.7;45559808;0
99.7;45559808;0
100.8;45559808;0
99.7;45559808;0
99.7;37523456;0
99.7;45588480;0
99.7;45588480;0
100.3;45588480;0
99.4;45588480;0
99.7;45588480;0
100.3;45588480;0
99.4;45588480;0
57.3;31428608;0
99.7;45674496;0
99.7;45674496;0
100.8;45674496;0
99.4;45674496;0
100.3;45674496;0
100.3;45674496;0
142.0;45502464;0
100.3;45502464;0
99.4;45502464;0
100.3;45502464;0
100.3;45502464;0
99.4;45502464;0
100.3;45502464;0
86.0;35901440;0
113.6;45596672;0
100.3;45596672;0
99.4;45596672;0
100.3;45596672;0
100.3;45596672;0
99.4;45596672;0
57.3;37564416;0
129.0;45461504;0
99.4;45461504;0
100.3;45461504;0
99.4;45461504;0
100.3;45461504;0
100.3;45461504;0
71.0;37429248;0
86.0;45543424;0
100.3;45543424;0
85.2;45543424;0
100.3;45543424;0
99.7;45543424;0
99.7;45543424;0
100.8;45543424;0
0.0;37519360;0
116.4;45477888;0
100.8;45477888;0
99.7;45477888;0
99.7;45477888;0
99.7;45477888;0
99.7;45477888;0
50.4;37445632;0
83.1;45539328;0
99.7;45539328;0
100.8;45539328;0
99.7;45539328;0
99.7;45539328;0
99.7;45539328;0
116.4;32743424;0
100.8;45543424;0
99.7;45543424;0
99.7;45543424;0
100.8;45543424;0
99.7;45543424;0
99.4;45543424;0
86.0;37507072;0
127.8;45477888;0
100.3;45477888;0
100.3;45477888;0
99.7;45477888;0
99.7;45477888;0
100.8;45477888;0
133.0;45490176;0
99.7;45490176;0
99.7;45490176;0
99.7;45490176;0
100.8;45490176;0
99.7;45490176;0
99.7;45490176;0
50.4;37457920;0
143.3;45461504;0
99.7;45461504;0
99.7;45461504;0
99.7;45461504;0
99.7;45461504;0
100.8;45461504;0
99.7;45461504;0
116.4;45547520;0
100.3;45547520;0
100.3;45547520;0
99.7;45547520;0
100.3;45547520;0
99.7;45547520;0
116.4;45490176;0
100.8;45490176;0
99.7;45490176;0
99.4;45490176;0
100.3;45490176;0
100.3;45490176;0
99.4;45490176;0
116.4;45465600;0
99.7;45465600;0
99.7;45465600;0
100.3;45465600;0
100.3;45465600;0
99.7;45465600;0
83.1;37429248;0
117.6;45461504;0
99.7;45461504;0
99.7;45461504;0
100.3;45461504;0
99.4;45461504;0
83.1;45461504;0
67.2;37429248;0
99.7;40488960;0
99.7;45465600;0
100.8;45465600;0
100.3;45465600;0
99.4;45461504;0
100.3;45461504;0
49.9;30502912;0
116.4;45457408;0
100.8;45457408;0
100.3;45457408;0
99.4;45477888;0
99.7;45477888;0
100.8;45551616;0
99.7;45551616;0
99.4;45551616;0
100.3;45551616;0
99.7;45551616;0
99.7;37519360;0
71.7;45457408;0
100.3;45465600;0
99.4;45465600;0
99.7;45465600;0
100.8;45465600;0
66.5;37429248;0
149.6;45539328;0
100.3;45539328;0
99.4;45539328;0
99.7;45539328;0
100.8;45539328;0
83.1;37502976;0
99.4;45551616;0
