0.0;10502144;0
0.0;10502144;0
0.0;10502144;0
0.0;10502144;0
56.8;31297536;0
99.7;18714624;0
133.0;26873856;0
100.3;26918912;0
116.4;33189888;0
100.8;43024384;0
113.6;28274688;0
129.0;43261952;0
99.7;43261952;0
100.8;43261952;0
99.4;43261952;0
100.8;43261952;0
83.1;35250176;0
71.7;29999104;0
127.8;43413504;0
100.8;43413504;0
99.7;43470848;0
100.3;43470848;0
100.3;43536384;0
66.5;35504128;0
116.4;43614208;0
100.3;43614208;0
99.7;43614208;0
99.7;43671552;0
100.8;43671552;0
99.4;43802624;0
33.2;35766272;0
133.0;43929600;0
100.8;43929600;0
99.7;43958272;0
100.3;43958272;0
100.3;44019712;0
99.7;35983360;0
33.2;30806016;0
116.4;44085248;0
100.8;44085248;0
99.4;44142592;0
100.3;44142592;0
99.7;44142592;0
66.5;36110336;0
85.2;44290048;0
100.3;44290048;0
99.7;44290048;0
99.7;44290048;0
100.8;44290048;0
99.4;44417024;0
28.7;36380672;0
113.6;44556288;0
100.8;44617728;0
99.7;44617728;0
99.7;44617728;0
100.3;44617728;0
99.4;44744704;0
33.2;31686656;0
113.6;45424640;0
100.8;45424640;0
99.7;45473792;0
99.7;45473792;0
100.3;45473792;0
71.0;37437440;0
66.5;45633536;0
99.7;45629440;0
100.8;45629440;0
99.4;45629440;0
100.3;45629440;0
100.3;45625344;0
33.2;37588992;0
143.3;45363200;0
99.7;45363200;0
100.8;45363200;0
99.7;45424640;0
99.7;45424640;0
86.0;37388288;0
56.8;37797888;0
114.7;45441024;0
99.4;45441024;0
100.8;45498368;0
99.7;45498368;0
99.7;45498368;0
100.8;37523456;354
127.8;45465600;203
100.3;45527040;0
99.4;45527040;0
100.8;45527040;0
99.7;45527040;0
83.1;37302272;0
129.0;45539328;0
99.4;45539328;0
99.7;45600768;0
99.7;45600768;0
100.8;45600768;0
113.6;34123776;0
114.7;46600192;0
99.7;46600192;0
99.7;46600192;0
99.7;46600192;0
99.7;46600192;0
100.3;45588480;0
99.4;45588480;0
100.3;45588480;0
99.7;45588480;0
99.7;45723648;0
99.7;37687296;0
114.7;46477312;0
100.3;46477312;0
99.7;46477312;0
100.8;46477312;0
99.7;46473216;0
99.7;35188736;0
99.7;46149632;0
99.7;46149632;0
100.8;46149632;0
99.7;46284800;0
100.3;46284800;0
129.0;45785088;0
99.4;45785088;0
100.3;45785088;0
99.4;45785088;0
100.3;45785088;0
99.7;37748736;0
133.0;46678016;0
100.8;46678016;0
99.7;46678016;0
99.7;46678016;0
99.7;46813184;0
99.7;42999808;0
100.8;46952448;0
99.7;46952448;0
99.7;46952448;0
100.8;46952448;0
99.7;47079424;0
114.7;46698496;0
99.4;46698496;0
100.3;46698496;0
100.3;46698496;0
99.4;46698496;0
100.3;31625216;0
114.7;45641728;0
99.4;45641728;0
99.7;45776896;0
99.7;45776896;0
100.8;45776896;0
99.7;46874624;0
99.7;46874624;0
100.8;46874624;0
99.7;46874624;0
99.7;46874624;0
99.7;37416960;0
133.0;45555712;0
100.8;45555712;0
99.4;45555712;0
100.3;45555712;0
100.3;45690880;0
113.6;36524032;0
114.7;46415872;0
99.4;46415872;0
100.3;46551040;0
100.3;46551040;0
99.4;46551040;0
100.3;46723072;0
100.3;46723072;0
99.4;46723072;0
100.3;46723072;0
99.4;46723072;0
100.3;31723520;0
114.7;45584384;0
99.7;45584384;0
100.3;45584384;0
100.3;45719552;0
99.7;45719552;0
116.4;45543424;0
99.7;45543424;0
99.7;45543424;0
84.0;45678592;0
99.7;45678592;0
66.5;43892736;0
117.6;46530560;0
99.7;46530560;0
99.7;46530560;0
99.7;46530560;0
99.7;46530560;0
86.0;46673920;0
99.4;46673920;0
100.3;46673920;0
100.3;46673920;0
99.4;46673920;0
100.3;38641664;0
127.8;46751744;0
86.0;46751744;0
100.3;46751744;0
99.4;46751744;0
100.3;46751744;0
100.3;36462592;0
99.7;46878720;0
100.3;46878720;0
99.4;46878720;0
100.3;46878720;0
100.3;46878720;0
99.4;46882816;0
100.3;46882816;0
100.3;46882816;0
99.7;46882816;0
99.7;46882816;0
83.1;36757504;0
99.7;47017984;0
100.8;47017984;0
99.7;47017984;0
99.4;47017984;0
100.3;47034368;0
83.1;47034368;0
100.3;47034368;0
100.3;47034368;0
99.4;47034368;0
86.0;38998016;0
117.6;46632960;0
99.7;46632960;0
99.7;46632960;0
99.4;46632960;0
99.7;46632960;0
114.7;46845952;0
99.4;46845952;0
100.3;46841856;0
100.8;46841856;0
99.7;46841856;0
99.7;46841856;0
116.4;47046656;0
99.7;47046656;0
100.8;47046656;0
100.3;47046656;0
99.4;47046656;0
100.3;38764544;0
100.3;47108096;0
99.4;47108096;0
100.3;47108096;0
99.4;47108096;0
99.7;47108096;0
117.6;45682688;0
99.7;45682688;0
99.7;45682688;0
100.8;45682688;0
99.7;45682688;0
83.1;37056512;0
100.3;46817280;0
99.4;46817280;0
100.3;46817280;0
100.3;46817280;0
99.4;46817280;0
149.6;46379008;0
100.8;46379008;0
99.7;46379008;0
99.7;46379008;0
99.7;46424064;0
127.8;45707264;0
100.3;45707264;0
100.3;45707264;0
99.4;45707264;0
100.3;45707264;0
100.8;37670912;0
133.0;46510080;0
99.7;46510080;0
99.7;46510080;0
99.7;46510080;0
100.3;46510080;0
114.7;46366720;0
99.4;46366720;0
100.3;46366720;0
100.8;46366720;0
99.7;46399488;0
99.7;38305792;0
133.0;46342144;0
99.7;46342144;0
100.8;46342144;0
100.3;46342144;0
99.4;46342144;0
71.7;38305792;0
86.0;46534656;0
99.4;46534656;0
99.7;46534656;0
83.1;46534656;0
99.7;46534656;0
100.8;46534656;0
43.0;31399936;0
116.4;46645248;0
99.4;46645248;0
100.3;46645248;0
100.3;46645248;0
99.7;46645248;0
33.2;38612992;0
133.0;46653440;0
99.7;46653440;0
100.3;46653440;0
100.3;46653440;0
99.7;46653440;0
83.1;37281792;0
84.0;46387200;0
99.7;46387200;0
