0.0;10502144;0
0.0;10502144;0
0.0;10502144;0
0.0;10502144;0
33.2;25640960;0
99.4;18681856;0
117.6;24829952;0
99.7;26902528;0
129.0;33071104;0
100.3;43020288;0
99.7;43044864;0
16.6;27537408;0
133.0;43229184;0
100.3;43229184;0
99.4;43229184;0
100.8;43229184;0
99.7;43286528;0
86.0;35254272;0
66.5;31412224;0
117.6;43479040;0
99.7;43479040;0
100.3;43479040;0
100.3;43479040;0
99.7;43597824;0
66.5;35561472;0
114.7;43622400;0
100.3;43622400;0
99.7;43712512;0
100.8;43712512;0
99.7;43712512;0
100.3;43712512;0
28.4;35676160;0
129.0;43847680;0
99.7;43847680;0
99.7;43847680;0
100.3;43847680;0
99.4;43982848;0
99.7;43982848;0
66.5;31686656;0
114.7;44068864;0
99.4;44068864;0
100.3;44130304;0
99.7;44130304;0
99.7;44130304;0
71.0;36093952;0
86.0;44281856;0
99.7;44343296;0
99.7;44343296;0
100.8;44343296;0
99.4;44343296;0
100.3;44482560;0
49.9;36450304;0
134.4;44523520;0
99.4;44523520;0
100.3;44523520;0
99.7;44584960;0
99.7;44584960;0
99.7;44584960;0
57.3;31313920;0
117.6;44658688;0
99.4;44720128;0
100.3;44720128;0
99.7;44720128;0
99.7;44720128;0
66.5;36818944;0
100.3;45027328;0
100.3;45027328;0
99.7;45027328;0
100.8;45027328;0
99.4;45088768;0
100.3;45088768;0
33.2;37052416;0
129.0;45060096;0
99.7;45060096;0
99.7;45121536;0
100.8;45121536;0
99.7;45121536;0
99.7;45121536;0
56.8;38658048;0
114.7;46325760;0
100.3;46325760;0
99.7;46325760;0
100.8;46325760;0
99.7;46321664;0
100.3;38359040;323
113.6;45445120;234
100.3;45445120;0
99.7;45445120;0
99.7;45502464;0
100.8;45502464;0
99.7;45502464;0
28.7;39575552;0
129.0;46198784;0
99.7;46198784;0
100.8;46198784;0
99.7;46198784;0
99.7;46198784;0
86.0;38207488;0
99.4;39895040;0
83.1;45481984;0
99.7;45481984;0
100.8;45481984;0
99.7;45481984;0
100.3;45481984;0
57.3;37507072;0
116.4;45641728;0
99.7;45641728;0
99.7;45641728;0
100.8;45641728;0
99.7;45641728;0
100.3;45641728;0
43.0;33529856;0
99.7;46051328;0
99.7;46051328;0
99.4;46051328;0
100.3;46051328;0
100.3;46051328;0
66.5;38064128;0
100.8;46653440;0
99.7;46653440;0
99.7;46653440;0
99.7;46653440;0
99.7;46653440;0
100.3;46653440;0
28.4;44269568;0
116.4;46133248;0
100.8;46133248;0
99.4;46133248;0
100.3;46133248;0
99.4;46133248;0
71.7;38125568;0
100.3;46813184;0
99.7;46813184;0
100.8;46813184;0
99.7;46813184;0
99.7;46813184;0
99.7;46813184;0
33.2;37081088;0
143.3;46100480;0
99.7;46133248;0
99.7;46133248;0
100.8;46133248;0
99.7;46133248;0
83.1;38100992;0
99.7;46751744;0
100.3;46751744;0
100.3;46751744;0
99.4;46751744;0
100.3;46751744;0
100.3;46751744;0
28.4;38715392;0
133.0;46047232;0
99.4;46047232;0
100.3;46047232;0
100.3;46047232;0
99.4;46047232;0
86.0;38010880;0
66.5;36737024;0
99.4;46469120;0
100.3;46469120;0
99.4;46469120;0
100.3;46469120;0
100.3;46469120;0
42.6;38494208;0
151.2;46616576;0
100.3;46616576;0
99.7;46616576;0
99.7;46616576;0
99.7;46616576;0
84.0;38580224;0
66.5;33890304;0
116.4;45346816;0
100.8;45346816;0
99.7;45481984;0
99.7;45481984;0
99.7;45481984;0
33.2;37449728;0
117.6;46542848;0
99.7;46542848;0
99.7;46542848;0
100.8;46542848;0
99.7;46542848;0
83.1;38506496;0
83.1;46628864;0
99.7;46628864;0
100.8;46628864;0
99.7;46628864;0
99.7;46628864;0
100.8;46632960;0
33.2;38596608;0
127.8;46690304;0
86.0;46690304;0
99.4;46690304;0
100.3;46690304;0
100.3;46690304;0
85.2;38653952;0
86.0;35115008;0
100.3;46489600;0
99.4;46489600;0
100.3;46489600;0
99.4;46489600;0
100.3;46505984;0
43.0;38473728;0
127.8;45625344;0
100.3;45625344;0
100.3;45625344;0
99.4;45625344;0
100.3;45625344;0
71.0;37593088;0
71.7;46436352;0
100.3;46436352;0
99.4;46436352;0
100.3;46436352;0
100.3;46436352;0
99.4;46436352;0
28.7;38404096;0
133.0;46555136;0
99.7;46555136;0
100.8;46555136;0
99.7;46555136;0
99.7;46583808;0
84.0;38551552;0
99.7;46682112;0
99.7;46682112;0
99.7;46682112;0
99.7;46682112;0
100.8;46682112;0
99.7;46682112;0
16.6;30642176;0
116.4;46759936;0
100.8;46759936;0
99.7;46759936;0
99.4;46759936;0
100.3;46759936;0
56.8;38723584;0
129.0;45518848;0
100.3;45518848;0
99.4;45518848;0
100.3;45518848;0
100.8;45522944;0
99.7;45522944;0
66.5;36470784;0
99.7;46555136;0
99.7;46555136;0
100.8;46555136;0
99.7;46555136;0
99.7;46555136;0
33.6;38518784;0
133.0;46632960;0
99.4;46632960;0
100.3;46632960;0
99.4;46632960;0
100.3;46632960;0
71.7;38600704;0
71.0;46542848;0
100.3;46542848;0
100.3;46542848;0
99.7;46542848;0
99.7;46538752;0
99.7;46538752;0
16.6;39780352;0
116.4;46628864;0
100.8;46628864;0
99.7;46628864;0
99.7;46628864;0
100.8;46628864;0
57.3;38592512;0
149.6;45625344;0
99.7;45625344;0
99.7;45625344;0
99.4;45625344;0
100.3;45625344;0
100.3;45625344;0
99.7;46440448;0
99.7;46477312;0
100.8;46477312;0
99.7;46477312;0
49.9;38445056;0
129.0;45670400;0
99.4;45670400;0
100.3;45670400;0
84.0;37634048;0
66.5;33959936;0
99.4;46411776;0
99.7;46411776;0
100.8;46411776;0
16.6;38379520;0
133.0;46518272;0
99.7;46518272;0
99.7;46518272;0
142.0;35991552;0
100.3;46608384;0
84.0;46608384;0
99.7;46608384;0
149.6;45400064;0
100.8;45535232;0
100.3;45535232;0
85.2;37498880;0
129.0;46522368;0
99.7;46522368;0
