0.0;10489856;0
0.0;10489856;0
0.0;10489856;0
0.0;10489856;0
0.0;10489856;0
49.9;18628608;0
100.3;18644992;0
133.0;25931776;0
100.8;26923008;0
127.8;33837056;0
100.3;43139072;0
99.7;42426368;0
33.6;28164096;0
116.4;43110400;0
100.3;43143168;0
99.7;43208704;0
99.7;43208704;0
99.7;43274240;0
71.7;35237888;0
66.5;32022528;0
116.4;43433984;0
100.3;43433984;0
99.4;43491328;0
99.7;43491328;0
99.7;43622400;0
57.3;35586048;0
113.6;43716608;0
100.8;43716608;0
99.7;43716608;0
100.3;43773952;0
99.7;43773952;0
100.8;43773952;0
16.6;35737600;0
133.0;43790336;0
100.3;43925504;0
99.4;43925504;0
99.7;43925504;0
99.7;43925504;0
100.3;44060672;0
56.8;30658560;0
114.7;44015616;0
99.7;44015616;0
99.7;44015616;0
99.7;44150784;0
100.3;44150784;0
71.7;36114432;0
99.4;44310528;0
100.3;44310528;0
99.7;44371968;0
99.7;44371968;0
99.7;44371968;0
100.3;44371968;0
28.7;36335616;0
133.0;44457984;0
100.8;44457984;0
99.7;44457984;0
100.3;44457984;0
99.4;44593152;0
100.8;36560896;0
66.5;32784384;0
99.7;44740608;0
100.3;44740608;0
99.4;44802048;0
99.7;44802048;0
99.7;44802048;0
67.2;36765696;0
99.4;44859392;0
100.8;44920832;0
99.7;44920832;0
99.7;44920832;0
99.7;44920832;0
100.3;45051904;0
28.7;37019648;0
127.8;45096960;0
86.0;45096960;0
99.7;45096960;0
99.7;45158400;0
99.7;45158400;0
99.7;45158400;0
67.2;34111488;0
113.6;45260800;0
100.3;45322240;0
99.7;45322240;0
99.7;45322240;0
99.7;45322240;0
100.3;37228544;270
129.0;45420544;287
99.4;45420544;0
100.8;45420544;0
99.7;45420544;0
99.7;45481984;0
99.7;45481984;0
14.3;43737088;0
129.0;45457408;0
99.4;45457408;0
100.8;45457408;0
99.7;45457408;0
99.7;45457408;0
66.5;37138432;0
99.7;36352000;0
100.8;45346816;0
99.4;45346816;0
100.3;45346816;0
100.3;45408256;0
99.4;45408256;0
49.9;37376000;0
116.4;45502464;0
100.8;45502464;0
99.7;45502464;0
100.3;45502464;0
100.3;45502464;0
99.4;45502464;0
33.2;32071680;0
127.8;45457408;0
100.3;45457408;0
99.7;45457408;0
99.7;45457408;0
100.8;45457408;0
66.5;37482496;0
116.4;45740032;0
99.4;45740032;0
100.3;45740032;0
100.3;45740032;0
99.7;45740032;0
100.8;45740032;0
16.6;29851648;0
116.4;45465600;0
99.7;45465600;0
99.7;45465600;0
100.3;45465600;0
99.4;45465600;0
71.7;37433344;0
83.1;45408256;0
99.7;45408256;0
83.1;45408256;0
99.7;45408256;0
100.8;45408256;0
99.7;45408256;0
43.0;37437440;0
151.2;45649920;0
99.7;45649920;0
100.3;45649920;0
99.4;45649920;0
100.8;45649920;0
99.7;45649920;0
66.5;36646912;0
100.8;45502464;0
99.7;45502464;0
99.7;45502464;0
99.7;45502464;0
99.7;45502464;0
43.0;37474304;0
133.0;45617152;0
99.7;45617152;0
100.8;45617152;0
99.7;45617152;0
99.7;45617152;0
99.7;45617152;0
66.5;35024896;0
100.8;45420544;0
99.7;45481984;0
99.7;45481984;0
100.8;45481984;0
99.7;45481984;0
49.9;37580800;0
99.4;45625344;0
100.3;45625344;0
100.3;45625344;0
99.4;45625344;0
100.3;45625344;0
100.3;45625344;0
56.8;32477184;0
99.7;45518848;0
99.4;45518848;0
99.7;45518848;0
100.8;45518848;0
99.4;45514752;0
57.3;37482496;0
151.2;45613056;0
99.7;45613056;0
99.7;45613056;0
99.7;45613056;0
99.7;45613056;0
100.8;45613056;0
66.5;37281792;0
99.7;45359104;0
100.8;45359104;0
99.7;45359104;0
99.7;45359104;0
99.7;45486080;0
33.2;37453824;0
143.3;45584384;0
100.3;45584384;0
99.4;45584384;0
100.3;45584384;0
100.3;45584384;0
85.2;37548032;0
86.0;44466176;0
99.4;45371392;0
100.3;45371392;0
100.3;45400064;0
99.4;45400064;0
100.3;45527040;0
28.7;37494784;0
127.8;45592576;0
100.3;45592576;0
99.4;45592576;0
100.3;45592576;0
100.3;45592576;0
85.2;37556224;0
86.0;34816000;0
100.3;45551616;0
99.4;45551616;0
100.3;45551616;0
99.7;45551616;0
99.7;45613056;0
50.4;37576704;0
116.4;45629440;0
99.7;45629440;0
100.8;45629440;0
99.7;45629440;0
99.4;45629440;0
71.7;37285888;0
85.2;45457408;0
100.3;45457408;0
100.3;45457408;0
99.4;45457408;0
100.3;45457408;0
100.3;45498368;0
42.6;31920128;0
116.4;45580288;0
99.7;45580288;0
99.7;45580288;0
100.3;45580288;0
100.3;45580288;0
56.8;37548032;0
100.3;45445120;0
100.3;45445120;0
99.4;45445120;0
100.3;45445120;0
99.7;45477888;0
99.7;45477888;0
67.2;45637632;0
99.7;45637632;0
99.7;45637632;0
84.0;45637632;0
99.7;45637632;0
99.4;45637632;0
43.0;37605376;0
113.6;45641728;0
100.3;45641728;0
100.8;45641728;0
99.7;45641728;0
99.7;45641728;0
84.0;37269504;0
100.3;45449216;0
99.4;45449216;0
100.3;45449216;0
99.4;45449216;0
100.3;45584384;0
100.3;45584384;0
28.4;45568000;0
127.8;45547520;0
100.3;45547520;0
100.8;45547520;0
99.7;45547520;0
99.7;45547520;0
49.9;37511168;0
133.0;45436928;0
100.8;45436928;0
100.3;45436928;0
99.4;45436928;0
100.3;45498368;0
86.0;45473792;0
56.8;45568000;0
100.3;45568000;0
99.4;45568000;0
99.7;45568000;0
84.0;37535744;0
116.4;45613056;0
99.7;45613056;0
100.8;45613056;0
99.7;45613056;0
71.0;32059392;0
99.7;45551616;0
99.7;45551616;0
99.7;45551616;0
100.8;45551616;0
99.7;45654016;0
99.4;45654016;0
100.3;45654016;0
100.3;45654016;0
49.9;45641728;0
113.6;45608960;0
100.3;45608960;0
99.7;45608960;0
99.7;45608960;0
100.8;45625344;0
99.7;45625344;0
99.4;45625344;0
