0.0;10502144;0
0.0;10502144;0
0.0;10502144;0
0.0;10502144;0
42.6;18632704;0
100.8;18694144;0
116.4;26869760;0
100.3;26894336;0
116.4;33017856;0
99.7;43024384;0
99.4;43044864;0
71.7;28631040;0
133.0;43229184;0
99.7;43229184;0
100.3;43229184;0
99.4;43229184;0
99.7;43286528;0
83.1;35254272;0
71.7;33345536;0
116.4;43442176;0
100.8;43442176;0
99.4;43499520;0
100.3;43499520;0
99.7;43630592;0
67.2;35598336;0
113.6;43728896;0
100.3;43728896;0
99.7;43728896;0
99.7;43786240;0
99.4;43786240;0
100.3;43786240;0
49.9;35753984;0
133.0;43823104;0
100.3;43884544;0
99.4;43884544;0
99.7;43884544;0
99.7;43884544;0
100.3;44019712;0
42.6;30007296;0
100.3;44105728;0
99.7;44105728;0
99.7;44105728;0
99.7;44167168;0
100.3;44167168;0
100.3;44167168;0
83.1;44331008;0
100.8;44331008;0
99.7;44392448;0
100.3;44392448;0
99.4;44392448;0
100.3;44392448;0
49.9;36356096;0
149.6;44486656;0
100.8;44486656;0
99.4;44486656;0
100.3;44486656;0
99.7;44548096;0
100.8;44548096;0
33.2;32337920;0
99.7;44646400;0
100.3;44646400;0
99.4;44707840;0
99.7;44707840;0
99.7;44707840;0
86.0;36671488;0
85.2;44814336;0
100.8;44875776;0
99.7;44875776;0
99.7;44875776;0
99.4;44875776;0
86.0;45010944;0
66.5;36974592;0
133.0;45109248;0
100.8;45109248;0
99.4;45109248;0
100.3;45113344;0
99.7;45113344;0
100.3;45113344;0
71.7;32464896;0
113.6;45256704;0
100.8;45256704;0
99.7;45256704;0
99.7;45256704;0
99.4;45256704;0
86.0;37220352;137
129.0;45424640;420
99.7;45424640;0
100.8;45424640;0
99.7;45424640;0
99.7;45486080;0
99.4;45486080;0
28.7;37453824;0
133.0;45457408;0
99.7;45457408;0
100.8;45457408;0
99.7;45486080;0
100.3;45486080;0
99.4;44814336;0
50.4;34811904;0
99.7;45355008;0
99.7;45355008;0
100.8;45355008;0
99.4;45355008;0
100.3;45355008;0
56.8;37457920;0
100.8;45674496;0
99.7;45674496;0
99.7;45674496;0
100.8;45674496;0
99.7;45674496;0
100.3;45674496;0
56.8;29749248;0
129.0;45420544;0
100.3;45420544;0
99.4;45420544;0
100.8;45420544;0
99.7;45420544;0
83.1;37519360;0
99.7;36790272;0
99.7;45625344;0
100.3;45625344;0
99.4;45625344;0
100.3;45625344;0
100.3;45625344;0
28.4;37593088;0
129.0;45494272;0
99.4;45494272;0
100.3;45494272;0
100.3;45494272;0
99.7;45494272;0
100.8;37593088;0
66.5;34181120;0
99.7;45473792;0
99.7;45473792;0
99.7;45473792;0
100.8;45473792;0
99.7;45473792;0
49.9;37437440;0
151.2;45481984;0
99.7;45481984;0
99.7;45481984;0
99.7;45481984;0
99.4;45481984;0
86.0;37449728;0
71.7;45367296;0
99.7;45367296;0
100.8;45502464;0
99.7;45502464;0
99.7;45502464;0
83.1;45502464;0
49.9;37470208;0
168.0;45473792;0
99.7;45473792;0
99.7;45473792;0
100.8;45473792;0
99.7;45473792;0
99.7;45473792;0
66.5;40693760;0
99.7;45379584;0
100.8;45432832;0
99.7;45432832;0
99.7;45432832;0
100.8;45432832;0
33.2;37511168;0
133.0;45621248;0
99.7;45621248;0
99.7;45621248;0
100.8;45621248;0
100.3;45621248;0
85.2;37588992;0
100.3;44056576;0
100.3;45477888;0
99.4;45477888;0
100.3;45477888;0
99.4;45477888;0
100.3;45604864;0
28.7;37572608;0
133.0;45563904;0
99.7;45563904;0
100.8;45563904;0
99.7;45563904;0
99.7;45563904;0
66.5;37531648;0
116.4;45379584;0
100.8;45379584;0
99.7;45379584;0
99.7;45379584;0
100.8;45379584;0
99.7;45514752;0
28.7;45477888;0
116.4;45518848;0
99.7;45518848;0
100.3;45518848;0
99.7;45518848;0
99.4;45654016;0
57.3;37617664;0
100.3;45551616;0
99.7;45551616;0
99.7;45551616;0
99.7;45551616;0
99.7;45551616;0
100.8;45551616;0
66.5;33988608;0
114.7;45568000;0
100.3;45568000;0
99.7;45568000;0
100.3;45568000;0
99.4;45568000;0
57.3;37531648;0
100.3;45486080;0
99.7;45486080;0
99.7;45486080;0
99.7;45486080;0
99.7;45621248;0
33.6;37588992;0
129.0;45543424;0
99.4;45543424;0
100.3;45543424;0
100.3;45543424;0
99.4;45543424;0
71.7;37507072;0
99.4;45608960;0
100.3;45608960;0
100.3;45608960;0
99.4;45608960;0
100.3;45608960;0
100.3;45608960;0
33.2;30691328;0
127.8;45654016;0
99.7;45654016;0
99.7;45654016;0
100.3;45654016;0
100.3;45654016;0
66.5;37621760;0
133.0;45469696;0
100.8;45469696;0
99.7;45469696;0
99.7;45469696;0
99.7;45469696;0
99.7;45502464;0
71.7;35008512;0
114.7;45576192;0
99.4;45576192;0
100.3;45576192;0
100.8;45576192;0
99.7;45576192;0
33.2;37539840;0
149.6;45613056;0
99.7;45613056;0
100.8;45613056;0
100.3;45613056;0
99.4;45613056;0
71.7;37576704;0
86.0;45334528;0
99.4;45334528;0
100.3;45334528;0
99.4;45465600;0
99.7;45465600;0
100.8;45465600;0
16.6;45199360;0
99.7;45506560;0
99.7;45506560;0
100.8;45506560;0
100.3;45506560;0
99.4;45654016;0
57.3;37621760;0
116.4;45588480;0
99.4;45588480;0
100.3;45588480;0
100.3;45588480;0
99.7;45588480;0
83.1;37220352;0
100.8;38219776;0
99.7;45416448;0
99.7;45416448;0
99.7;45416448;0
99.4;45416448;0
100.3;45551616;0
57.3;32296960;0
116.4;45563904;0
99.4;45563904;0
100.3;45563904;0
100.3;45563904;0
99.7;45563904;0
66.5;37531648;0
114.7;45645824;0
99.7;45645824;0
99.7;45645824;0
100.3;45645824;0
100.3;45645824;0
99.7;37609472;0
99.7;45400064;0
100.8;45400064;0
99.7;45400064;0
99.7;45400064;0
100.3;45400064;0
99.4;45535232;0
49.9;36798464;0
100.3;45617152;0
100.3;45617152;0
