0.0;10493952;0
0.0;10493952;0
0.0;10493952;0
0.0;10493952;0
0.0;10493952;0
33.6;18632704;0
99.7;18673664;0
129.0;26288128;0
116.4;26890240;0
117.6;32755712;0
113.6;43020288;0
100.8;35983360;0
33.2;28123136;0
116.4;43302912;0
99.7;43302912;0
100.3;43302912;0
99.7;43302912;0
99.7;43335680;0
86.0;35303424;0
85.2;34177024;0
100.3;43417600;0
99.7;43417600;0
100.8;43474944;0
99.4;43474944;0
100.8;43606016;0
49.9;35569664;0
114.7;43659264;0
99.4;43659264;0
100.8;43659264;0
99.7;43716608;0
100.3;43716608;0
99.7;43716608;0
49.9;35684352;0
133.0;43782144;0
86.0;43843584;0
100.3;43843584;0
99.7;43843584;0
100.8;43843584;0
99.4;43978752;0
49.9;30629888;0
127.8;44068864;0
100.8;44068864;0
99.7;44068864;0
99.7;44130304;0
100.3;44130304;0
71.0;36093952;0
99.7;44195840;0
99.7;44195840;0
100.8;44253184;0
99.4;44253184;0
100.8;44253184;0
99.7;44253184;0
33.2;36343808;0
166.2;44515328;0
100.3;44515328;0
100.3;44515328;0
99.7;44515328;0
100.8;44576768;0
99.7;44576768;0
57.3;30781440;0
99.7;44650496;0
100.3;44650496;0
100.3;44707840;0
99.7;44707840;0
100.8;44707840;0
66.5;36675584;0
100.3;44851200;0
99.4;44851200;0
100.8;44851200;0
99.7;44851200;0
99.7;44986368;0
100.3;44986368;0
28.4;36954112;0
143.3;45678592;0
99.4;45678592;0
100.8;45715456;0
99.7;45715456;0
99.7;45715456;0
100.3;45715456;0
56.8;33677312;0
116.4;45887488;0
99.7;45887488;0
100.8;45887488;0
99.4;45887488;0
100.3;45883392;0
100.3;37228544;314
149.6;46415872;243
99.7;46415872;0
99.7;46415872;0
100.3;46432256;0
99.4;46432256;0
100.8;46432256;0
33.2;38395904;0
127.8;45486080;0
99.7;45486080;0
99.7;45486080;0
100.8;45486080;0
99.7;45486080;0
100.3;45494272;0
100.3;45457408;0
99.4;45457408;0
99.7;45457408;0
99.7;45457408;0
100.8;45457408;0
99.7;45457408;0
49.9;37482496;0
100.3;46301184;0
99.4;46301184;0
100.3;46301184;0
99.4;46301184;0
100.8;46301184;0
99.7;46301184;0
33.2;31113216;0
134.4;46080000;0
99.7;46092288;0
99.7;46092288;0
99.7;46092288;0
99.7;46092288;0
71.7;38080512;0
85.2;46329856;0
100.3;46329856;0
100.3;46329856;0
99.4;46329856;0
99.7;46329856;0
99.7;46329856;0
16.8;40132608;0
116.4;46051328;0
99.7;46055424;0
100.8;46055424;0
99.7;46055424;0
99.7;46055424;0
83.1;38023168;0
86.0;37801984;0
100.3;46276608;0
99.7;46276608;0
86.0;46276608;0
100.3;46276608;0
99.4;46276608;0
57.3;38244352;0
133.0;46030848;0
100.8;46030848;0
83.1;46030848;0
99.7;46030848;0
100.8;46030848;0
99.7;37994496;0
66.5;36655104;0
99.7;46186496;0
99.7;46186496;0
100.8;46186496;0
99.7;46186496;0
100.3;46186496;0
43.0;38182912;0
133.0;46358528;0
99.7;46358528;0
99.7;46358528;0
99.7;46358528;0
100.3;46358528;0
85.2;37142528;0
71.7;46239744;0
100.3;46239744;0
99.4;46239744;0
100.3;46239744;0
99.4;46239744;0
100.3;46239744;0
43.0;38244352;0
113.6;46370816;0
100.3;46370816;0
100.3;46370816;0
99.4;46370816;0
100.3;46370816;0
85.2;38334464;0
71.7;35213312;0
100.8;46243840;0
99.7;46243840;0
99.7;46239744;0
100.8;46239744;0
99.7;46239744;0
49.9;38207488;0
113.6;46321664;0
100.3;46321664;0
100.3;46321664;0
99.4;46321664;0
100.3;46321664;0
100.3;46321664;0
66.5;35909632;0
100.3;46526464;0
99.4;46526464;0
100.3;46526464;0
100.3;46526464;0
99.4;46522368;0
71.7;37146624;0
114.7;45744128;0
99.4;45744128;0
100.3;45744128;0
99.4;45744128;0
100.3;45748224;0
86.0;37715968;0
85.2;46657536;0
100.3;46657536;0
100.3;46657536;0
99.4;46657536;0
100.3;46657536;0
99.4;46657536;0
28.7;38625280;0
134.4;46297088;0
99.7;46297088;0
83.1;46297088;0
100.8;46297088;0
99.7;46301184;0
83.1;38264832;0
99.7;45613056;0
100.3;45613056;0
100.3;45613056;0
99.4;45613056;0
99.7;45613056;0
100.8;45613056;0
33.2;37576704;0
127.8;46346240;0
100.3;46346240;0
99.7;46346240;0
99.7;46346240;0
100.8;46346240;0
83.1;37249024;0
99.7;46264320;0
100.8;46264320;0
99.7;46264320;0
99.7;46264320;0
99.7;46399488;0
99.7;46399488;0
57.3;32817152;0
117.6;46538752;0
99.7;46538752;0
99.7;46538752;0
100.8;46538752;0
99.7;46538752;0
49.9;38502400;0
99.7;46374912;0
85.2;46374912;0
100.3;46374912;0
100.3;46374912;0
99.7;46407680;0
99.7;38371328;0
86.0;36032512;0
99.7;45645824;0
99.7;45645824;0
100.3;45645824;0
85.2;45645824;0
100.3;45645824;0
43.0;37609472;0
116.4;46538752;0
83.1;46538752;0
100.8;46538752;0
99.7;46538752;0
99.4;46538752;0
57.3;38502400;0
99.4;45355008;0
100.3;45355008;0
100.3;45490176;0
99.7;45490176;0
99.7;45490176;0
100.8;45490176;0
33.2;34570240;0
113.6;46407680;0
100.3;46407680;0
85.2;46407680;0
100.3;46407680;0
100.3;46456832;0
33.2;38424576;0
142.0;46551040;0
100.3;46551040;0
100.8;46551040;0
99.7;46551040;0
99.7;46551040;0
83.1;38490112;0
99.7;46600192;0
100.8;46600192;0
100.3;46600192;0
99.4;46600192;0
100.3;46600192;0
28.7;38563840;0
127.8;46223360;0
99.7;46223360;0
99.7;46223360;0
99.7;46284800;0
67.2;38248448;0
83.1;46505984;0
99.7;46505984;0
100.3;46505984;0
100.3;46505984;0
99.4;46505984;0
0.0;30466048;0
114.7;46587904;0
99.7;46587904;0
99.7;46587904;0
100.8;46587904;0
33.2;38551552;0
99.7;46272512;0
99.4;46272512;0
100.3;46272512;0
99.7;46305280;0
