8.4;57.7;26.3;1.9;0.0;859.0
8.3;103.4;126.9;11.2;0.0;859.0
8.4;141.1;137.8;7.4;0.0;859.0
8.3;175.9;134.2;6.9;1.0;859.0
8.3;208.1;100.4;7.1;0.0;859.0
8.4;239.3;103.6;9.2;0.0;859.0
8.3;293.8;3.9;19.5;0.0;859.0
8.4;342.6;3.6;18.0;0.0;859.0
8.4;389.1;3.5;17.5;0.0;859.0
8.4;437.8;1.6;6.8;0.0;859.0
8.4;486.6;0.0;0.0;0.0;859.0
8.4;496.9;184.5;0.3;0.0;859.0
8.4;496.9;426.6;0.7;0.0;859.0
8.3;496.9;412.2;0.7;0.0;859.0
8.3;496.9;427.5;0.7;0.0;859.0
8.3;496.9;445.2;0.7;0.0;859.0
8.3;496.9;409.2;0.7;0.0;859.0
8.3;496.9;419.1;0.7;0.0;859.0
8.3;496.9;443.1;0.7;0.0;859.0
8.3;496.9;408.6;0.7;0.0;859.0
8.4;496.9;430.2;0.7;0.0;859.0
8.3;496.9;430.2;0.7;0.0;859.0
8.4;496.9;431.4;0.7;0.0;859.0
8.4;496.9;434.4;0.7;0.0;859.0
8.3;497.0;447.3;0.8;0.0;859.0
8.4;497.0;413.1;0.7;0.0;859.0
8.4;497.0;450.1;0.8;0.0;859.0
8.4;497.0;407.9;0.7;0.0;859.0
7.3;497.0;444.6;0.7;0.0;859.0
8.4;497.0;427.8;0.7;0.0;859.0
8.3;497.0;408.3;0.7;0.0;859.0
8.3;497.0;431.1;0.7;0.0;859.0
8.4;497.0;453.6;0.8;0.0;859.0
8.3;497.0;392.4;0.7;0.0;859.0
8.3;497.0;438.3;0.7;0.0;859.0
8.3;497.0;413.1;0.7;0.0;859.0
8.3;497.0;443.4;0.7;0.0;859.0
8.4;497.0;410.7;0.7;0.0;859.0
8.4;497.0;447.3;0.8;0.0;859.0
8.4;497.0;412.2;0.7;0.0;859.0
8.3;497.0;419.4;0.7;0.0;859.0
8.4;497.0;443.7;0.7;0.0;859.0
8.3;497.0;427.5;0.7;0.0;859.0
8.4;497.0;408.6;0.7;0.0;859.0
8.4;497.0;428.1;0.7;0.0;859.0
8.4;497.0;439.5;0.7;0.0;859.0
8.4;497.0;411.9;0.7;0.0;859.0
8.3;497.0;433.2;0.7;0.0;859.0
8.4;497.0;440.7;0.7;0.0;859.0
8.3;497.0;414.6;0.7;0.0;859.0
8.4;497.0;435.3;0.7;0.0;859.0
8.4;497.0;413.1;0.7;0.0;859.0
8.3;497.0;460.8;0.8;0.0;859.0
8.3;497.0;396.3;0.7;0.0;859.0
8.3;497.0;427.8;0.7;0.0;859.0
8.4;497.0;442.8;0.7;0.0;859.0
8.4;497.0;409.8;0.7;0.0;859.0
8.3;497.0;423.3;0.7;0.0;859.0
8.4;497.0;425.7;0.7;0.0;859.0
8.4;497.0;423.6;0.7;0.0;859.0
8.4;497.0;429.3;0.7;0.0;859.0
8.4;497.0;424.5;0.7;0.0;859.0
8.4;497.0;439.2;0.7;0.0;859.0
8.3;497.0;421.5;0.7;0.0;859.0
8.3;497.0;403.8;0.7;0.0;859.0
8.4;497.0;442.2;0.7;0.0;859.0
8.3;497.0;401.7;0.7;0.0;859.0
8.3;497.0;432.0;0.7;0.0;859.0
8.3;497.0;423.9;0.7;0.0;859.0
8.3;497.0;426.6;0.7;0.0;859.0
8.4;497.0;425.1;0.7;0.0;859.0
8.3;497.0;432.3;0.7;0.0;859.0
8.3;497.0;439.5;0.7;0.0;859.0
8.3;497.0;422.1;0.7;0.0;859.0
8.4;497.0;429.6;0.7;0.0;859.0
8.3;497.1;426.3;0.7;0.0;859.0
8.3;497.1;431.7;0.7;0.0;859.0
8.4;497.1;414.3;0.7;0.0;859.0
8.3;497.1;434.1;0.7;0.0;859.0
8.4;497.1;413.4;0.7;0.0;859.0
8.3;497.1;446.7;0.7;0.0;859.0
8.4;497.1;423.3;0.7;0.0;859.0
8.4;497.1;412.5;0.7;0.0;859.0
8.3;497.1;431.1;0.7;0.0;859.0
8.4;497.1;437.4;0.7;0.0;859.0
8.3;497.1;410.7;0.7;0.0;859.0
8.3;497.1;417.3;0.7;0.0;859.0
8.3;497.1;437.4;0.7;0.0;859.0
8.3;497.1;433.8;0.7;0.0;859.0
8.3;497.1;403.8;0.7;0.0;859.0
8.4;497.1;427.8;0.7;0.0;859.0
8.3;497.1;420.0;0.7;0.0;859.0
8.4;497.1;424.2;0.7;0.0;859.0
8.3;497.1;423.6;0.7;0.0;859.0
8.3;497.1;434.1;0.7;0.0;859.0
8.3;497.1;425.7;0.7;0.0;859.0
8.3;497.1;423.0;0.7;0.0;859.0
8.4;497.1;407.7;0.7;0.0;859.0
8.3;497.1;425.7;0.7;0.0;859.0
8.4;497.1;424.8;0.7;0.0;859.0
8.3;497.1;433.2;0.7;0.0;859.0
8.4;497.1;439.2;0.7;0.0;859.0
8.3;497.1;407.4;0.7;0.0;859.0
8.3;497.1;423.9;0.7;0.0;859.0
8.4;497.1;419.1;0.7;0.0;859.0
8.3;497.1;430.8;0.7;0.0;859.0
8.3;497.1;444.6;0.7;0.0;859.0
8.3;497.1;412.5;0.7;0.0;859.0
8.4;497.1;441.0;0.7;0.0;859.0
8.3;497.1;424.2;0.7;0.0;859.0
8.4;497.1;424.8;0.7;0.0;859.0
8.4;497.1;410.7;0.7;0.0;859.0
8.3;497.1;425.7;0.7;0.0;859.0
8.4;497.1;443.1;0.7;0.0;859.0
8.4;497.1;411.3;0.7;0.0;859.0
8.4;497.1;434.7;0.7;0.0;859.0
8.3;497.1;425.4;0.7;0.0;859.0
8.4;497.1;422.7;0.7;0.0;859.0
8.4;497.1;422.4;0.7;0.0;859.0
8.3;497.1;405.3;0.7;0.0;859.0
8.4;497.1;433.2;0.7;0.0;859.0
8.3;497.1;422.4;0.7;0.0;859.0
8.3;497.1;414.3;0.7;0.0;859.0
8.4;497.1;427.2;0.7;0.0;859.0
8.3;497.1;436.8;0.7;0.0;859.0
8.3;497.1;401.4;0.7;0.0;859.0
8.4;497.1;426.9;0.7;0.0;859.0
8.4;497.1;438.0;0.7;0.0;859.0
8.3;497.1;422.4;0.7;0.0;859.0
8.3;497.1;420.9;0.7;0.0;859.0
8.4;497.1;424.8;0.7;0.0;859.0
8.3;497.1;441.6;0.7;0.0;859.0
8.4;497.1;413.1;0.7;0.0;859.0
8.4;497.1;426.9;0.7;0.0;859.0
8.3;497.1;426.3;0.7;0.0;859.0
8.4;497.1;438.3;0.7;0.0;859.0
8.3;497.1;404.7;0.7;0.0;859.0
8.4;497.1;422.4;0.7;0.0;859.0
8.3;497.0;432.6;0.7;0.0;859.0
8.3;497.0;409.2;0.7;0.0;859.0
8.3;497.0;442.8;0.7;0.0;859.0
8.3;497.0;419.4;0.7;0.0;859.0
8.3;497.0;429.1;0.7;0.0;859.0
8.3;497.0;423.5;0.7;0.0;859.0
8.3;497.0;437.1;0.7;0.0;859.0
8.3;497.0;425.7;0.7;0.0;859.0
8.3;497.0;405.9;0.7;0.0;859.0
8.3;497.0;444.3;0.7;0.0;859.0
8.3;497.0;422.4;0.7;0.0;859.0
8.4;497.0;411.0;0.7;0.0;859.0
8.3;497.0;432.9;0.7;0.0;859.0
8.3;497.0;408.3;0.7;0.0;859.0
8.4;497.0;423.0;0.7;0.0;859.0
8.3;497.0;418.5;0.7;0.0;859.0
8.4;497.0;437.7;0.7;0.0;859.0
8.3;497.0;410.1;0.7;0.0;859.0
8.3;497.0;428.7;0.7;0.0;859.0
8.3;497.0;439.5;0.7;0.0;859.0
8.4;497.0;425.1;0.7;0.0;859.0
8.4;497.0;405.6;0.7;0.0;859.0
8.3;497.0;438.6;0.7;0.0;859.0
8.3;497.0;425.7;0.7;0.0;859.0
8.4;497.0;407.7;0.7;0.0;859.0
8.3;497.0;422.4;0.7;0.0;859.0
8.4;497.0;423.9;0.7;0.0;859.0
8.3;497.0;424.5;0.7;0.0;859.0
8.4;497.0;423.9;0.7;0.0;859.0
8.3;497.0;441.6;0.7;0.0;859.0
8.3;497.0;415.2;0.7;0.0;859.0
8.4;497.0;405.6;0.7;0.0;859.0
8.3;497.0;429.6;0.7;0.0;859.0
8.4;497.0;436.5;0.7;0.0;859.0
8.3;497.0;415.8;0.7;0.0;859.0
8.4;497.0;436.8;0.7;0.0;859.0
8.3;497.0;421.8;0.7;0.0;859.0
8.4;497.0;430.8;0.7;0.0;859.0
8.4;497.0;410.7;0.7;0.0;859.0
8.3;497.0;435.9;0.7;0.0;859.0
8.3;497.0;423.3;0.7;0.0;859.0
8.3;497.0;443.1;0.7;0.0;859.0
8.4;497.0;427.5;0.7;0.0;859.0
8.3;497.0;424.8;0.7;0.0;859.0
8.3;497.0;423.0;0.7;0.0;859.0
8.4;497.0;413.1;0.7;0.0;859.0
8.3;497.0;421.8;0.7;0.0;859.0
8.4;497.0;443.7;0.7;0.0;859.0
8.4;497.0;408.6;0.7;0.0;859.0
8.3;497.0;418.2;0.7;0.0;859.0
8.4;497.0;421.8;0.7;0.0;859.0
8.3;497.0;429.3;0.7;0.0;859.0
8.4;497.0;445.2;0.7;0.0;859.0
8.3;497.0;426.0;0.7;0.0;859.0
8.4;497.0;425.1;0.7;0.0;859.0
8.4;497.0;409.2;0.7;0.0;859.0
8.4;497.0;432.6;0.7;0.0;859.0
8.3;497.0;423.3;0.7;0.0;859.0
8.3;497.0;420.9;0.7;0.0;859.0
8.3;497.0;410.1;0.7;0.0;859.0
8.4;497.0;424.2;0.7;0.0;859.0
8.3;497.0;420.3;0.7;0.0;859.0
8.3;497.0;441.9;0.7;0.0;859.0
8.3;497.0;419.4;0.7;0.0;859.0
8.4;497.0;404.7;0.7;0.0;859.0
8.4;497.0;436.2;0.7;0.0;859.0
8.4;497.0;447.3;0.8;0.0;859.0
8.3;497.0;427.5;0.7;0.0;859.0
8.3;497.0;408.3;0.7;0.0;859.0
8.4;497.0;423.6;0.7;0.0;859.0
8.3;497.0;453.3;0.8;0.0;859.0
8.3;497.0;384.9;0.6;0.0;859.0
8.3;497.0;441.3;0.7;0.0;859.0
8.3;497.0;411.6;0.7;0.0;859.0
8.4;497.0;424.2;0.7;0.0;859.0
8.3;497.0;428.4;0.7;0.0;859.0
8.3;497.0;430.4;0.7;0.0;859.0
8.3;497.0;440.8;0.7;0.0;859.0
8.3;497.0;414.9;0.7;0.0;859.0
8.3;497.0;440.4;0.7;0.0;859.0
8.3;497.0;415.5;0.7;0.0;859.0
8.4;497.0;421.2;0.7;0.0;859.0
8.4;497.0;461.1;0.8;0.0;859.0
8.4;497.0;395.7;0.7;0.0;859.0
8.4;497.0;423.6;0.7;0.0;859.0
8.4;497.0;441.9;0.7;0.0;859.0
8.3;497.0;422.1;0.7;0.0;859.0
8.4;497.0;420.6;0.7;0.0;859.0
8.4;497.0;409.5;0.7;0.0;859.0
8.3;497.0;417.9;0.7;0.0;859.0
8.4;497.0;435.0;0.7;0.0;859.0
8.4;497.0;404.7;0.7;0.0;859.0
8.3;497.0;422.4;0.7;0.0;859.0
8.3;497.0;443.7;0.7;0.0;859.0
8.3;497.0;406.8;0.7;0.0;859.0
8.3;497.0;428.7;0.7;0.0;859.0
8.4;497.0;429.6;0.7;0.0;859.0
8.3;497.0;422.4;0.7;0.0;859.0
8.3;497.0;447.6;0.8;0.0;859.0
8.3;497.0;395.7;0.7;0.0;859.0
8.4;497.0;408.6;0.7;0.0;859.0
8.4;497.0;431.1;0.7;0.0;859.0
8.4;497.0;451.8;0.8;0.0;859.0
8.4;497.0;390.9;0.7;0.0;859.0
8.3;497.0;425.9;0.7;0.0;859.0
8.4;497.0;442.6;0.7;0.0;859.0
8.3;497.0;441.0;0.7;0.0;859.0
8.3;497.0;392.4;0.7;0.0;859.0
8.3;497.0;422.1;0.7;0.0;859.0
8.4;497.0;435.9;0.7;0.0;859.0
8.3;497.0;420.3;0.7;0.0;859.0
8.4;497.0;434.4;0.7;0.0;859.0
8.3;497.0;389.7;0.7;0.0;859.0
8.3;497.0;414.0;0.7;0.0;859.0
8.4;497.0;404.4;0.7;0.0;859.0
8.3;497.0;435.6;0.7;0.0;859.0
8.3;497.0;380.1;0.6;1.0;859.0
8.4;497.0;413.7;0.7;0.0;859.0
8.4;497.0;428.1;0.7;0.0;859.0
8.4;497.0;432.3;0.7;0.0;859.0
8.4;497.0;394.5;0.7;1.0;859.0
8.4;497.0;437.1;0.7;0.0;859.0
8.4;497.0;411.3;0.7;0.0;859.0
8.3;497.0;447.6;0.8;0.0;859.0
8.4;497.0;386.4;0.6;0.0;859.0
8.3;497.0;428.1;0.7;0.0;859.0
8.4;497.0;441.0;0.7;0.0;859.0
8.4;497.0;410.7;0.7;0.0;859.0
8.3;497.0;423.6;0.7;0.0;859.0
8.3;497.0;440.7;0.7;0.0;859.0
8.3;497.0;425.7;0.7;0.0;859.0
8.3;497.0;401.7;0.7;0.0;859.0
8.3;497.0;437.1;0.7;3.0;870.0
8.3;497.0;399.9;0.7;0.0;870.0
8.3;497.0;415.8;0.7;0.0;870.0
8.4;497.0;435.3;0.7;0.0;870.0
8.4;497.0;403.8;0.7;0.0;870.0
8.3;497.0;422.7;0.7;0.0;870.0
8.3;497.0;409.8;0.7;0.0;870.0
8.4;497.0;429.9;0.7;0.0;870.0
8.3;497.0;421.2;0.7;0.0;870.0
8.4;497.0;423.3;0.7;0.0;870.0
8.3;497.0;422.0;0.7;0.0;870.0
8.3;497.0;429.1;0.7;0.0;870.0
8.3;497.0;439.8;0.7;0.0;870.0
8.4;497.0;424.8;0.7;0.0;870.0
8.3;497.0;424.2;0.7;0.0;870.0
8.3;497.0;405.6;0.7;0.0;870.0
8.3;497.0;421.5;0.7;0.0;870.0
8.4;497.0;420.6;0.7;0.0;870.0
8.3;497.0;429.9;0.7;0.0;870.0
8.3;502.4;80.4;0.4;0.0;870.0
8.3;510.7;0.0;0.0;0.0;870.0
8.4;518.7;0.8;0.0;0.0;870.0
8.3;527.4;0.0;0.0;0.0;870.0
8.3;540.6;0.0;0.0;0.0;870.0
8.4;551.6;0.0;0.0;0.0;870.0
8.3;563.0;0.0;0.0;0.0;870.0
8.4;575.0;0.0;0.0;0.0;870.0
8.4;583.4;0.0;0.0;0.0;870.0
8.4;626.5;0.0;0.0;0.0;870.0
8.3;633.0;0.6;2.6;0.0;870.0
