0.0;10493952;0
0.0;10493952;0
0.0;10493952;0
0.0;10493952;0
0.0;10493952;0
0.0;10493952;0
0.0;10493952;0
0.0;10493952;0
0.0;10493952;0
0.0;10493952;0
0.0;10493952;0
0.0;10493952;0
0.0;10493952;0
0.0;10493952;0
0.0;10493952;0
0.0;10493952;0
0.0;10493952;0
0.0;10493952;0
0.0;10493952;0
0.0;10493952;0
0.0;10493952;0
0.0;10493952;0
0.0;10493952;0
0.0;10493952;0
0.0;10493952;0
0.0;10493952;0
0.0;10493952;0
0.0;10493952;0
0.0;10493952;0
0.0;10493952;0
0.0;10493952;0
0.0;10493952;0
0.0;10493952;0
0.0;10493952;0
0.0;10493952;0
0.0;10493952;0
0.0;11325440;0
100.3;53080064;0
99.4;90071040;0
99.7;120627200;0
99.7;144789504;0
100.8;176783360;0
99.4;195411968;96
86.0;195411968;756
83.1;195383296;580
0.0;195383296;0
0.0;195383296;0
0.0;195383296;0
0.0;195383296;0
0.0;195383296;0
0.0;195383296;0
0.0;195383296;0
0.0;195383296;0
0.0;195383296;0
0.0;195383296;0
0.0;195383296;0
0.0;195383296;0
0.0;195383296;0
0.0;195383296;0
0.0;195383296;0
0.0;195383296;0
0.0;195383296;0
0.0;195383296;0
0.0;195383296;0
0.0;195383296;0
0.0;195383296;0
0.0;195383296;0
0.0;195383296;0
0.0;195383296;0
0.0;195383296;0
0.0;195383296;0
0.0;195383296;0
0.0;195383296;0
0.0;195383296;0
0.0;195383296;0
83.1;229879808;0
100.8;266960896;0
99.7;299130880;0
100.3;323899392;0
99.4;355672064;0
100.8;385077248;0
99.7;251682816;0
0.0;199237632;0
0.0;199237632;0
0.0;199237632;0
0.0;199237632;0
0.0;199237632;0
0.0;199237632;0
0.0;199237632;0
0.0;199237632;0
0.0;199237632;0
0.0;199237632;0
0.0;199237632;0
0.0;199237632;0
0.0;199237632;0
0.0;199237632;0
0.0;199237632;0
0.0;199237632;0
0.0;199237632;0
0.0;199237632;0
0.0;199237632;0
0.0;199237632;0
0.0;199237632;0
0.0;199237632;0
0.0;199237632;0
0.0;199237632;0
0.0;199237632;0
0.0;199237632;0
0.0;199237632;0
0.0;199237632;0
0.0;199237632;0
0.0;199237632;0
0.0;202031104;0
114.7;240971776;0
99.4;276037632;0
99.7;305119232;0
99.7;331313152;0
100.8;361746432;0
99.7;385507328;0
99.7;208859136;0
0.0;199643136;0
0.0;199643136;0
0.0;199643136;0
0.0;199643136;0
0.0;199643136;0
0.0;199643136;0
0.0;199643136;0
0.0;199643136;0
0.0;199643136;0
0.0;199643136;0
0.0;199643136;0
0.0;199643136;0
0.0;199643136;0
0.0;199643136;0
0.0;199643136;0
0.0;199643136;0
0.0;199643136;0
0.0;199643136;0
0.0;199643136;0
0.0;199643136;0
0.0;199643136;0
0.0;199643136;0
0.0;199643136;0
0.0;199643136;0
0.0;199643136;0
0.0;199643136;0
0.0;199643136;0
0.0;199643136;0
0.0;199643136;0
0.0;200994816;0
99.4;240611328;0
100.3;276742144;0
99.4;306765824;0
100.3;332296192;0
100.3;365031424;0
99.4;385339392;0
71.7;199335936;0
0.0;199335936;0
0.0;199335936;0
0.0;199335936;0
0.0;199335936;0
0.0;199335936;0
0.0;199335936;0
0.0;199335936;0
0.0;199335936;0
0.0;199335936;0
0.0;199335936;0
0.0;199335936;0
0.0;199335936;0
0.0;199335936;0
0.0;199335936;0
0.0;199335936;0
0.0;199335936;0
0.0;199335936;0
0.0;199335936;0
0.0;199335936;0
0.0;199335936;0
0.0;199335936;0
0.0;199335936;0
0.0;199335936;0
0.0;199335936;0
0.0;199335936;0
0.0;199335936;0
0.0;199335936;0
0.0;199335936;0
0.0;199335936;0
71.7;228106240;0
100.3;265064448;0
99.7;297222144;0
99.7;321679360;0
100.8;352100352;0
99.7;382980096;0
99.7;346238976;0
16.6;200695808;0
0.0;200695808;0
0.0;200695808;0
0.0;200695808;0
0.0;200695808;0
0.0;200695808;0
0.0;200695808;0
0.0;200695808;0
0.0;200695808;0
0.0;200695808;0
0.0;200695808;0
0.0;200695808;0
0.0;200695808;0
0.0;200695808;0
0.0;200695808;0
0.0;200695808;0
0.0;200695808;0
0.0;200695808;0
0.0;200695808;0
0.0;200695808;0
0.0;200695808;0
0.0;200695808;0
0.0;200695808;0
0.0;200695808;0
0.0;200695808;0
0.0;200695808;0
0.0;200695808;0
0.0;200695808;0
0.0;200695808;0
85.2;228978688;0
99.7;266973184;0
100.8;299315200;0
99.7;324276224;0
99.7;356708352;0
100.8;385789952;0
99.7;245592064;0
0.0;207187968;0
0.0;207187968;0
0.0;207187968;0
0.0;207187968;0
0.0;207187968;0
0.0;207187968;0
0.0;207187968;0
0.0;207187968;0
0.0;207187968;0
0.0;207187968;0
0.0;207187968;0
0.0;207187968;0
0.0;207187968;0
0.0;207187968;0
0.0;207187968;0
0.0;207187968;0
0.0;207187968;0
0.0;207187968;0
0.0;207187968;0
0.0;207187968;0
0.0;207187968;0
0.0;207187968;0
0.0;207187968;0
0.0;207187968;0
0.0;207187968;0
0.0;207187968;0
0.0;207187968;0
0.0;207187968;0
14.3;210268160;0
99.4;242925568;0
99.7;278425600;0
100.8;309583872;0
99.7;334725120;0
99.7;366665728;0
99.7;385888256;0
71.0;208441344;0
0.0;208441344;0
0.0;208441344;0
0.0;208441344;0
0.0;208441344;0
0.0;208441344;0
0.0;208441344;0
0.0;208441344;0
0.0;208441344;0
0.0;208441344;0
0.0;208441344;0
0.0;208441344;0
0.0;208441344;0
0.0;208441344;0
0.0;208441344;0
0.0;208441344;0
0.0;208441344;0
0.0;208441344;0
0.0;208441344;0
0.0;208441344;0
0.0;208441344;0
0.0;208441344;0
0.0;208441344;0
0.0;208441344;0
0.0;208441344;0
0.0;208441344;0
0.0;208441344;0
0.0;208441344;0
0.0;208441344;0
100.3;241000448;0
99.4;274522112;0
100.3;305991680;0
100.8;333201408;0
99.7;365514752;0
99.4;386162688;0
86.0;209215488;0
