0.0;10493952;0
0.0;10493952;0
0.0;10493952;0
0.0;10493952;0
0.0;10493952;0
0.0;10493952;0
0.0;10493952;0
0.0;10493952;0
0.0;10493952;0
0.0;10493952;0
0.0;10493952;0
0.0;10493952;0
0.0;10493952;0
0.0;10493952;0
0.0;10493952;0
0.0;10493952;0
0.0;10493952;0
0.0;10493952;0
0.0;10493952;0
0.0;10493952;0
0.0;10493952;0
0.0;10493952;0
0.0;10493952;0
0.0;10493952;0
0.0;10493952;0
0.0;10493952;0
0.0;10493952;0
0.0;10493952;0
0.0;10493952;0
0.0;10493952;0
0.0;10493952;0
0.0;10493952;0
0.0;10493952;0
0.0;10493952;0
0.0;10493952;0
0.0;10493952;0
56.8;35020800;0
100.3;76288000;0
99.7;109539328;0
99.7;133492736;0
100.8;167202816;0
99.7;197193728;0
100.3;195444736;630
99.4;195444736;689
0.0;195416064;113
0.0;195416064;0
0.0;195416064;0
0.0;195416064;0
0.0;195416064;0
0.0;195416064;0
0.0;195416064;0
0.0;195416064;0
0.0;195416064;0
0.0;195416064;0
0.0;195416064;0
0.0;195416064;0
0.0;195416064;0
0.0;195416064;0
0.0;195416064;0
0.0;195416064;0
0.0;195416064;0
0.0;195416064;0
0.0;195416064;0
0.0;195416064;0
0.0;195416064;0
0.0;195416064;0
0.0;195416064;0
0.0;195416064;0
0.0;195416064;0
0.0;195416064;0
0.0;195416064;0
0.0;195416064;0
0.0;195416064;0
0.0;195416064;0
99.4;238759936;0
100.3;273457152;0
99.7;302575616;0
100.8;329555968;0
99.7;363130880;0
99.7;385064960;0
84.0;198094848;0
0.0;198094848;0
0.0;198094848;0
0.0;198094848;0
0.0;198094848;0
0.0;198094848;0
0.0;198094848;0
0.0;198094848;0
0.0;198094848;0
0.0;198094848;0
0.0;198094848;0
0.0;198094848;0
0.0;198094848;0
0.0;198094848;0
0.0;198094848;0
0.0;198094848;0
0.0;198094848;0
0.0;198094848;0
0.0;198094848;0
0.0;198094848;0
0.0;198094848;0
0.0;198094848;0
0.0;198094848;0
0.0;198094848;0
0.0;198094848;0
0.0;198094848;0
0.0;198094848;0
0.0;198094848;0
0.0;198094848;0
0.0;198094848;0
0.0;198094848;0
57.3;219402240;0
99.7;259149824;0
100.8;292241408;0
99.7;315707392;0
99.7;349204480;0
100.8;380305408;0
99.7;385138688;0
33.2;198746112;0
0.0;198746112;0
0.0;198746112;0
0.0;198746112;0
0.0;198746112;0
0.0;198746112;0
0.0;198746112;0
0.0;198746112;0
0.0;198746112;0
0.0;198746112;0
0.0;198746112;0
0.0;198746112;0
0.0;198746112;0
0.0;198746112;0
0.0;198746112;0
0.0;198746112;0
0.0;198746112;0
0.0;198746112;0
0.0;198746112;0
0.0;198746112;0
0.0;198746112;0
0.0;198746112;0
0.0;198746112;0
0.0;198746112;0
0.0;198746112;0
0.0;198746112;0
0.0;198746112;0
0.0;198746112;0
0.0;198746112;0
0.0;198746112;0
28.7;207593472;0
99.7;250101760;0
99.7;285237248;0
99.4;311910400;0
100.3;343154688;0
100.3;373899264;0
99.7;385372160;0
67.2;200278016;0
0.0;200278016;0
0.0;200278016;0
0.0;200278016;0
0.0;200278016;0
0.0;200278016;0
0.0;200278016;0
0.0;200278016;0
0.0;200278016;0
0.0;200278016;0
0.0;200278016;0
0.0;200278016;0
0.0;200278016;0
0.0;200278016;0
0.0;200278016;0
0.0;200278016;0
0.0;200278016;0
0.0;200278016;0
0.0;200278016;0
0.0;200278016;0
0.0;200278016;0
0.0;200278016;0
0.0;200278016;0
0.0;200278016;0
0.0;200278016;0
0.0;200278016;0
0.0;200278016;0
0.0;200278016;0
0.0;200278016;0
0.0;200278016;0
71.7;222507008;0
99.7;261840896;0
100.3;293978112;0
100.8;317415424;0
99.7;347447296;0
99.7;378249216;0
100.8;385802240;0
33.2;201076736;0
0.0;201076736;0
0.0;201076736;0
0.0;201076736;0
0.0;201076736;0
0.0;201076736;0
0.0;201076736;0
0.0;201076736;0
0.0;201076736;0
0.0;201076736;0
0.0;201076736;0
0.0;201076736;0
0.0;201076736;0
0.0;201076736;0
0.0;201076736;0
0.0;201076736;0
0.0;201076736;0
0.0;201076736;0
0.0;201076736;0
0.0;201076736;0
0.0;201076736;0
0.0;201076736;0
0.0;201076736;0
0.0;201076736;0
0.0;201076736;0
0.0;201076736;0
0.0;201076736;0
0.0;201076736;0
0.0;201076736;0
66.5;216842240;0
99.7;258920448;0
99.7;291606528;0
100.8;314892288;0
99.7;348680192;0
99.4;379420672;0
100.3;385982464;0
28.7;210739200;0
0.0;210739200;0
0.0;210739200;0
0.0;210739200;0
0.0;210739200;0
0.0;210739200;0
0.0;210739200;0
0.0;210739200;0
0.0;210739200;0
0.0;210739200;0
0.0;210739200;0
0.0;210739200;0
0.0;210739200;0
0.0;210739200;0
0.0;210739200;0
0.0;210739200;0
0.0;210739200;0
0.0;210739200;0
0.0;210739200;0
0.0;210739200;0
0.0;210739200;0
0.0;210739200;0
0.0;210739200;0
0.0;210739200;0
0.0;210739200;0
0.0;210739200;0
0.0;210739200;0
0.0;210739200;0
0.0;210739200;0
100.8;244080640;0
99.7;279912448;0
99.4;310358016;0
100.3;336781312;0
100.8;369840128;0
99.7;386486272;0
66.5;211709952;0
0.0;211709952;0
0.0;211709952;0
0.0;211709952;0
0.0;211709952;0
0.0;211709952;0
0.0;211709952;0
0.0;211709952;0
0.0;211709952;0
0.0;211709952;0
0.0;211709952;0
0.0;211709952;0
0.0;211709952;0
0.0;211709952;0
0.0;211709952;0
0.0;211709952;0
0.0;211709952;0
0.0;211709952;0
0.0;211709952;0
0.0;211709952;0
0.0;211709952;0
0.0;211709952;0
0.0;211709952;0
0.0;211709952;0
0.0;211709952;0
0.0;211709952;0
0.0;211709952;0
0.0;211709952;0
0.0;211709952;0
56.8;228851712;0
100.3;262750208;0
100.8;295747584;0
99.7;319447040;0
99.7;354521088;0
100.3;386244608;0
100.8;268853248;0
0.0;211091456;0
