0.0;10522624;0
0.0;10522624;0
0.0;10522624;0
0.0;10522624;0
33.2;14647296;0
100.3;14680064;0
114.7;18862080;0
99.7;18898944;0
50.4;18227200;0
99.4;18952192;0
133.0;27058176;0
83.1;19058688;0
117.6;27086848;0
99.4;27119616;0
100.8;23158784;0
49.9;22437888;0
99.7;27185152;0
99.7;27250688;0
86.0;23228416;0
49.9;27373568;0
99.7;27373568;0
100.8;27373568;0
56.8;23408640;0
100.3;27529216;0
99.7;27529216;0
100.8;27586560;0
56.8;23560192;0
100.3;27594752;0
99.7;27594752;0
99.7;27594752;0
28.4;23703552;0
129.0;27738112;0
100.3;27738112;0
99.7;27738112;0
33.6;21020672;0
99.7;27885568;0
99.7;27885568;0
99.4;23859200;0
71.7;27971584;0
99.7;27971584;0
99.7;28033024;0
71.7;24006656;0
85.2;28106752;0
99.7;28106752;0
99.7;28106752;0
57.3;24080384;0
99.4;28188672;0
100.8;28188672;0
99.7;28188672;0
71.7;24014848;301
113.6;28217344;0
100.8;28274688;0
99.7;28274688;0
14.3;24047616;0
129.0;28147712;0
99.7;28147712;0
99.7;28147712;0
33.2;22986752;0
100.8;28200960;0
99.4;28200960;0
86.0;24174592;0
71.7;28291072;0
99.7;28291072;0
99.7;28291072;0
66.5;23990272;0
117.6;31424512;0
99.7;31506432;0
100.3;31506432;0
43.0;27480064;0
198.9;62267392;0
200.7;95375360;0
199.5;122953728;0
201.6;145170432;0
199.5;172728320;0
186.4;200359936;0
200.7;213180416;271
198.9;213180416;786
149.6;213147648;375
83.1;205893632;0
100.8;214388736;0
99.7;214388736;0
83.1;210362368;0
57.3;214396928;0
99.7;214396928;0
100.3;214396928;0
99.4;214396928;0
100.3;210370560;0
86.0;214392832;0
99.7;214392832;0
100.8;214392832;0
99.7;214392832;0
71.7;210370560;0
99.4;214396928;0
100.8;214396928;0
99.7;214396928;0
99.7;214396928;0
67.2;208367616;0
99.7;214401024;0
99.7;214401024;0
83.1;210374656;0
83.1;214401024;0
100.3;214401024;0
99.4;214401024;0
57.3;210374656;0
86.0;214409216;0
99.7;214409216;0
99.7;214409216;0
16.6;210382848;0
134.4;214409216;0
99.7;214409216;0
99.7;214409216;0
43.0;209022976;0
99.7;214405120;0
99.7;214405120;0
83.1;210382848;0
83.1;214441984;0
100.8;214441984;0
99.4;214441984;0
100.3;214441984;0
86.0;210419712;0
99.7;214446080;0
99.7;214446080;0
99.7;214446080;0
100.8;214446080;0
49.9;206422016;0
113.6;214441984;0
100.8;214441984;0
99.7;214441984;0
99.7;214441984;0
83.1;214441984;0
99.7;214441984;0
100.8;214441984;0
99.7;214441984;0
83.1;210419712;0
100.8;214462464;0
99.7;214462464;0
100.3;214462464;0
99.7;214462464;0
71.7;209240064;0
100.3;214458368;0
99.4;214458368;0
100.3;214458368;0
100.3;214458368;0
71.0;214462464;0
99.7;214462464;0
99.7;214462464;0
100.8;214462464;0
83.1;210436096;0
99.7;214458368;0
100.8;214458368;0
99.7;214458368;0
0.0;206442496;0
114.7;217812992;0
99.7;217812992;0
100.3;217812992;0
99.7;217812992;0
166.2;229212160;0
201.6;262529024;0
200.7;288354304;0
184.7;308793344;0
186.4;333373440;0
199.5;363249664;0
201.6;391262208;0
200.7;403369984;0
142.0;216326144;0
33.6;216301568;0
100.3;217423872;0
100.3;217423872;0
71.0;213397504;0
86.0;217493504;0
99.4;217493504;0
100.3;217493504;0
100.3;217493504;0
85.2;213467136;0
100.3;217624576;0
100.8;217624576;0
99.7;217624576;0
99.7;217624576;0
83.1;213630976;0
99.7;217661440;0
100.8;217661440;0
99.7;217661440;0
99.7;214597632;0
84.0;217751552;0
99.7;217751552;0
99.7;217751552;0
99.7;217751552;0
66.5;213893120;0
100.8;217890816;0
99.7;217890816;0
83.1;213864448;0
50.4;217890816;0
100.3;217890816;0
99.4;217890816;0
57.3;213864448;0
99.7;217903104;0
100.8;217903104;0
100.3;217903104;0
99.7;217903104;0
67.2;213876736;0
114.7;217919488;0
99.4;217919488;0
99.7;217919488;0
99.7;217919488;0
67.2;217952256;0
100.3;217952256;0
99.4;217952256;0
100.3;217952256;0
86.0;213925888;0
116.4;218124288;0
99.7;218124288;0
99.7;218124288;0
84.0;214097920;0
99.7;218177536;0
99.7;218177536;0
100.3;218177536;0
28.4;212443136;0
99.7;218181632;0
100.8;218181632;0
99.7;218181632;0
99.7;218181632;0
84.0;218189824;0
99.7;218189824;0
99.7;218189824;0
99.7;218189824;0
83.1;214163456;0
114.7;218308608;0
100.3;218308608;0
99.4;218308608;0
100.3;218308608;0
86.0;218337280;0
99.4;218337280;0
100.3;218337280;0
42.6;214310912;0
99.7;218370048;0
100.3;218370048;0
100.3;218370048;0
99.4;218370048;0
86.0;213979136;0
100.8;221720576;0
99.7;221720576;0
99.4;221720576;0
100.3;221720576;0
170.5;247197696;0
200.7;280412160;0
200.7;309481472;0
198.9;329920512;0
200.7;359383040;0
117.6;389640192;0
199.5;403320832;0
133.0;216662016;0
99.7;216662016;0
99.7;216662016;0
129.0;217808896;0
100.3;217808896;0
99.7;217808896;0
16.6;213782528;0
129.0;217849856;0
100.3;217849856;0
99.4;217849856;0
100.3;217849856;0
99.7;217866240;0
99.7;217866240;0
100.8;217866240;0
49.9;213843968;0
116.4;218005504;0
100.8;218005504;0
99.7;218005504;0
99.7;218005504;0
86.0;212807680;0
99.4;218103808;0
100.3;218103808;0
100.8;218091520;0
99.7;218091520;0
83.1;218230784;0
100.8;218230784;0
99.7;218230784;0
16.6;214208512;0
99.7;218292224;0
99.7;218292224;0
99.7;218292224;0
100.3;218292224;0
86.0;218361856;0
99.4;218361856;0
100.3;218361856;0
100.8;218361856;0
83.1;214335488;0
116.4;218374144;0
99.7;218374144;0
99.7;214347776;0
33.6;211972096;0
100.3;218390528;0
99.7;218390528;0
99.7;218390528;0
100.8;218390528;0
116.4;218431488;0
99.4;218431488;0
100.3;218431488;0
42.6;211816448;0
99.4;218472448;0
