0.0;10506240;0
0.0;10506240;0
0.0;10506240;0
0.0;10506240;0
49.9;14651392;0
100.3;14774272;0
116.4;18833408;0
84.0;14843904;0
56.8;18927616;0
100.3;18952192;0
133.0;27004928;0
71.7;22982656;0
56.8;27037696;0
100.8;27070464;0
99.7;27140096;0
57.3;23117824;0
83.1;27279360;0
100.8;27279360;0
99.4;27279360;0
57.3;23252992;0
99.7;27340800;0
99.7;27340800;0
99.4;27398144;0
43.0;23375872;0
99.7;27475968;0
99.7;27533312;0
100.3;27533312;0
14.2;23506944;0
143.3;27607040;0
99.7;27607040;0
100.8;27668480;0
33.2;22499328;0
99.7;27742208;0
100.3;27742208;0
85.2;23715840;0
49.9;27738112;0
99.7;27795456;0
100.8;27795456;0
56.8;23773184;0
67.2;28463104;0
99.7;28463104;0
99.7;28467200;0
42.6;24440832;0
86.0;28020736;0
100.3;28020736;0
99.4;28020736;0
16.8;24059904;0
116.4;28168192;0
99.7;28168192;0
99.7;24207360;48
71.7;28119040;253
86.0;28180480;0
99.4;28180480;0
84.0;24158208;0
83.1;28205056;0
99.7;28205056;0
99.7;28205056;0
57.3;24182784;0
100.3;28209152;0
99.7;28266496;0
100.8;28266496;0
33.2;24244224;0
133.0;28336128;0
99.4;28336128;0
100.3;28336128;0
0.0;20389888;0
127.8;31682560;0
100.3;31682560;0
83.1;27660288;0
99.7;31838208;0
215.0;77783040;0
199.5;108167168;0
201.6;135634944;0
199.5;158195712;0
172.0;183574528;0
157.7;213352448;0
199.5;213114880;577
199.5;213114880;752
83.1;214306816;103
100.8;214306816;0
99.4;214306816;0
100.3;214306816;0
99.7;210280448;0
99.7;214319104;0
99.7;214319104;0
99.7;214319104;0
100.8;214319104;0
85.2;209149952;0
100.3;214319104;0
100.3;214319104;0
83.1;210292736;0
66.5;214319104;0
99.7;214319104;0
100.3;214319104;0
56.8;210292736;0
86.0;214319104;0
100.3;214319104;0
99.4;214319104;0
49.9;210292736;0
113.6;214331392;0
100.8;214331392;0
99.7;214331392;0
0.0;206860288;0
114.7;214372352;0
100.3;214372352;0
83.1;210350080;0
66.5;214372352;0
99.7;214372352;0
100.8;214372352;0
99.7;214372352;0
100.3;214372352;0
86.0;214376448;0
99.4;214376448;0
100.3;214376448;0
28.4;210350080;0
129.0;214372352;0
100.3;214372352;0
99.4;214372352;0
33.6;210554880;0
100.3;214372352;0
99.4;214372352;0
100.3;214372352;0
99.4;214372352;0
84.0;214376448;0
99.7;214376448;0
99.7;214376448;0
100.3;214376448;0
86.0;214372352;0
99.4;214372352;0
100.3;214372352;0
43.0;210350080;0
99.4;214372352;0
100.3;214372352;0
99.4;214372352;0
100.3;214372352;0
83.1;213581824;0
99.7;214372352;0
100.8;214372352;0
99.7;214372352;0
99.7;214372352;0
66.5;214372352;0
99.7;214372352;0
100.8;214372352;0
99.4;214372352;0
100.3;214372352;0
86.0;214376448;0
99.4;214376448;0
100.3;214376448;0
99.7;214376448;0
84.0;210350080;0
114.7;217722880;0
99.7;217722880;0
100.8;217722880;0
99.7;217722880;0
116.4;222015488;0
199.5;265134080;0
199.5;295649280;0
201.6;324177920;0
199.5;346689536;0
186.4;373084160;0
200.7;395890688;0
198.9;402771968;0
100.3;211972096;0
85.2;217141248;0
100.3;217141248;0
100.3;217141248;0
99.4;217141248;0
28.7;210182144;0
100.8;217333760;0
99.7;217333760;0
83.1;213307392;0
56.8;217468928;0
100.3;217468928;0
100.3;217468928;0
42.6;213442560;0
133.0;217608192;0
100.8;217608192;0
99.7;217608192;0
99.7;217608192;0
83.1;213098496;0
99.7;217669632;0
100.8;217669632;0
99.7;217669632;0
66.5;213643264;0
57.3;217743360;0
99.7;217743360;0
99.7;217743360;0
99.7;217743360;0
83.1;213716992;0
117.6;217759744;0
99.7;217759744;0
99.7;217759744;0
100.8;217759744;0
83.1;217788416;0
99.7;217788416;0
99.7;217788416;0
66.5;213762048;0
67.2;217821184;0
99.7;217821184;0
99.7;217821184;0
100.8;217821184;0
66.5;213798912;0
113.6;217874432;0
100.3;217874432;0
83.1;213848064;0
57.3;217870336;0
100.8;217870336;0
99.7;217870336;0
99.7;217870336;0
100.8;217870336;0
83.1;217870336;0
99.7;217870336;0
100.3;217870336;0
28.4;213987328;0
99.7;217882624;0
100.8;217882624;0
99.7;217882624;0
99.7;217882624;0
84.0;218009600;0
100.3;218009600;0
99.4;218009600;0
28.7;213983232;0
116.4;218038272;0
99.7;218038272;0
100.8;214011904;0
16.6;213127168;0
99.4;218075136;0
99.7;218075136;0
100.3;218075136;0
99.7;218075136;0
99.7;218075136;0
99.7;218075136;0
99.7;218075136;0
0.0;210059264;0
100.8;221429760;0
99.7;221429760;0
83.1;217403392;0
151.2;222863360;0
199.5;266973184;0
199.5;297754624;0
199.5;325951488;0
198.9;348991488;0
157.7;375836672;0
186.4;403251200;0
199.5;238264320;0
99.7;216768512;0
100.8;216768512;0
83.1;211378176;0
99.7;217571328;0
99.7;217571328;0
83.1;213544960;0
67.2;217702400;0
99.7;217702400;0
99.4;217702400;0
100.3;217702400;0
100.3;217702400;0
99.4;217894912;0
99.7;217894912;0
99.7;217894912;0
99.7;217894912;0
84.0;217935872;0
99.7;217935872;0
99.7;217935872;0
100.3;217935872;0
71.7;213913600;0
99.7;217997312;0
99.7;217997312;0
99.7;217997312;0
28.4;213266432;0
100.3;217997312;0
100.8;217997312;0
99.7;217997312;0
99.7;217997312;0
100.8;218030080;0
100.3;218030080;0
99.4;218030080;0
99.7;218030080;0
66.5;212103168;0
99.7;218046464;0
100.3;218046464;0
100.3;218046464;0
99.4;218046464;0
83.1;218079232;0
100.8;218079232;0
99.7;218079232;0
33.2;214052864;0
114.7;218107904;0
83.1;218107904;0
99.7;218107904;0
100.8;218107904;0
100.3;218157056;0
99.4;218157056;0
100.3;218157056;0
33.6;214130688;0
129.0;218152960;0
99.4;218152960;0
100.3;218152960;0
99.7;218152960;0
99.7;218152960;0
100.8;218152960;0
