0.0;10510336;0
0.0;10510336;0
0.0;10510336;0
0.0;10510336;0
33.2;14647296;0
100.8;14675968;0
116.4;18849792;0
86.0;14856192;0
56.8;18944000;0
100.8;18968576;0
116.4;27123712;0
71.7;23097344;0
49.9;27033600;0
99.7;27070464;0
99.4;27103232;0
71.7;23142400;0
83.1;27308032;0
99.7;27308032;0
100.3;27308032;0
42.6;23281664;0
100.3;27389952;0
99.7;27389952;0
100.8;27389952;0
28.4;23420928;0
114.7;27455488;0
99.7;27455488;0
99.7;27586560;0
0.0;19578880;0
116.4;27676672;0
100.8;27676672;0
85.2;23703552;0
43.0;27824128;0
99.7;27824128;0
99.7;27824128;0
85.2;23797760;0
57.3;27770880;0
99.7;27828224;0
99.7;27828224;0
71.7;23801856;0
85.2;27959296;0
99.7;27959296;0
99.7;28020736;0
57.3;23994368;0
71.0;28094464;0
100.8;28094464;0
99.7;28094464;0
16.6;24068096;0
99.4;28155904;0
100.3;28155904;0
100.3;28155904;0
33.2;23605248;301
100.8;28213248;0
99.7;28270592;0
86.0;24248320;0
56.8;28254208;0
100.3;28254208;0
99.7;28254208;0
66.5;24227840;0
84.0;28188672;0
99.7;28241920;0
100.3;28241920;0
42.6;24219648;0
100.3;28319744;0
99.7;28319744;0
99.7;28319744;0
16.8;24018944;0
133.0;31600640;0
99.7;31662080;0
99.7;27635712;0
86.0;30306304;0
215.0;73695232;0
198.9;99590144;0
172.0;125689856;0
199.5;150425600;0
199.5;177655808;0
199.5;205385728;0
200.7;213704704;378
166.2;209678336;756
99.7;214892544;298
100.8;214892544;0
99.7;214892544;0
100.3;214892544;0
85.2;210870272;0
84.0;214937600;0
99.7;214937600;0
99.7;214937600;0
50.4;210915328;0
116.4;214978560;0
99.7;214978560;0
99.4;214978560;0
100.3;214978560;0
100.3;210784256;0
99.4;214982656;0
100.8;214982656;0
99.7;214982656;0
99.7;214982656;0
66.5;214986752;0
100.3;214986752;0
100.3;214986752;0
99.7;214986752;0
100.8;210960384;0
99.7;214999040;0
99.7;214999040;0
99.4;214999040;0
43.0;210972672;0
117.6;214999040;0
99.4;214999040;0
100.3;214999040;0
100.3;214999040;0
83.1;214999040;0
99.7;214999040;0
99.7;214999040;0
100.8;210976768;0
71.0;215007232;0
100.3;215007232;0
100.3;215007232;0
99.7;215007232;0
99.7;210980864;0
99.7;215003136;0
100.8;215003136;0
99.7;215003136;0
43.0;210980864;0
117.6;215007232;0
99.7;215007232;0
100.3;215007232;0
99.4;215007232;0
117.6;215003136;0
99.7;215003136;0
99.7;215003136;0
100.8;215003136;0
99.7;215003136;0
83.1;215003136;0
99.4;215003136;0
100.3;215003136;0
100.3;215003136;0
83.1;210980864;0
117.6;215007232;0
99.7;215007232;0
99.7;215007232;0
49.9;210497536;0
99.7;215007232;0
100.3;215007232;0
99.4;215007232;0
100.3;215007232;0
100.3;215007232;0
99.7;215007232;0
99.7;215007232;0
99.7;215007232;0
100.8;210980864;0
99.7;215007232;0
99.7;215007232;0
100.8;215007232;0
99.7;215007232;0
83.1;209076224;0
100.3;218357760;0
99.4;218357760;0
86.0;214331392;0
149.6;222011392;0
199.5;261459968;0
199.5;292675584;0
200.7;320753664;0
198.9;341286912;0
172.0;367742976;0
184.7;399360000;0
200.7;403218432;0
114.7;216756224;0
99.4;216756224;0
100.3;212729856;0
28.7;211939328;0
99.4;217817088;0
100.3;217817088;0
99.4;217817088;0
100.3;217817088;0
86.0;218013696;0
99.4;218013696;0
100.3;218013696;0
100.3;218013696;0
85.2;213987328;0
100.3;218148864;0
99.4;218148864;0
100.3;218148864;0
57.3;212938752;0
99.7;218288128;0
99.7;218288128;0
100.3;214261760;0
85.2;218361856;0
100.3;218361856;0
99.4;218361856;0
100.3;218361856;0
86.0;214335488;0
99.4;218357760;0
100.3;218357760;0
100.3;218357760;0
99.4;218357760;0
100.3;214073344;0
99.4;218370048;0
100.3;218370048;0
100.3;218370048;0
99.4;218370048;0
86.0;218447872;0
100.3;218447872;0
99.4;218447872;0
99.7;218447872;0
66.5;214421504;0
99.7;218476544;0
100.8;218476544;0
99.7;218476544;0
99.7;218476544;0
84.0;218521600;0
99.4;218521600;0
99.7;218521600;0
99.7;218521600;0
99.7;214511616;0
100.8;218574848;0
99.7;218574848;0
99.7;218574848;0
33.6;213008384;0
114.7;218570752;0
99.4;218570752;0
99.7;218570752;0
99.7;218570752;0
83.1;218587136;0
100.8;218587136;0
99.7;218587136;0
33.2;214560768;0
114.7;218603520;0
100.3;218603520;0
99.4;218603520;0
100.3;218603520;0
85.2;218628096;0
100.3;218628096;0
100.8;218628096;0
99.7;218628096;0
99.7;214605824;0
100.8;218628096;0
99.7;218628096;0
99.7;218628096;0
100.3;218628096;0
71.0;218685440;0
100.3;218685440;0
100.3;218685440;0
99.4;214659072;0
57.3;222068736;0
100.3;222068736;0
99.4;222068736;0
99.7;222068736;0
83.1;218042368;0
232.7;248172544;0
201.6;273043456;0
199.5;297000960;0
213.1;312229888;0
200.7;342331392;0
201.6;370249728;0
199.5;398827520;0
199.5;403623936;0
83.1;213590016;0
99.4;218632192;0
100.3;218632192;0
100.3;218632192;0
99.4;218632192;0
49.9;211574784;0
100.3;218771456;0
100.3;218771456;0
99.4;218771456;0
99.7;218771456;0
83.1;218963968;0
99.7;218963968;0
100.8;218963968;0
99.7;218963968;0
66.5;211054592;0
100.3;219115520;0
100.3;219115520;0
99.4;219115520;0
66.5;219172864;0
99.7;219209728;0
99.7;219209728;0
100.8;219209728;0
83.1;215183360;0
116.4;219287552;0
100.3;219287552;0
100.3;219287552;0
71.0;215203840;0
99.7;219357184;0
100.3;219357184;0
85.2;215330816;0
71.7;219369472;0
100.8;219369472;0
99.7;219369472;0
99.7;219369472;0
67.2;213495808;0
100.3;219394048;0
99.4;219394048;0
100.3;215371776;0
56.8;219435008;0
100.3;219435008;0
100.8;219435008;0
99.7;219435008;0
49.9;215408640;0
99.7;219475968;0
100.8;219475968;0
