0.0;10485760;0
0.0;10485760;0
0.0;10485760;0
0.0;10485760;0
67.2;14622720;0
99.4;14663680;0
116.4;18907136;0
83.1;14913536;0
57.3;18923520;0
99.7;18939904;0
134.4;27021312;0
49.9;22999040;0
57.3;27164672;0
99.7;27164672;0
100.8;27164672;0
56.8;23142400;0
86.0;27230208;0
99.7;27230208;0
99.7;27291648;0
42.6;23265280;0
100.3;27369472;0
100.3;27369472;0
99.7;27369472;0
16.8;23347200;0
133.0;27496448;0
100.3;27496448;0
99.4;27553792;0
0.0;21229568;0
116.4;27594752;0
99.7;27594752;0
84.0;23568384;0
42.6;27602944;0
100.3;27680768;0
99.7;27680768;0
67.2;23654400;0
66.5;27742208;0
100.3;27811840;0
100.3;27811840;0
49.9;23785472;0
99.7;27959296;0
99.7;27959296;0
100.3;28020736;0
28.4;23994368;0
129.0;27951104;0
99.7;27951104;0
99.7;27951104;0
16.6;20770816;0
116.4;28102656;0
100.8;28102656;0
99.4;24035328;87
67.2;28225536;214
99.7;28225536;0
100.3;28286976;0
71.0;24264704;0
84.0;28139520;0
99.7;28139520;0
99.7;28139520;0
57.3;24113152;0
85.2;28086272;0
99.7;28086272;0
99.7;28221440;0
33.6;24195072;0
133.0;28311552;0
100.3;28311552;0
99.7;28311552;0
16.6;24285184;0
116.4;31559680;0
100.3;31559680;0
86.0;27353088;0
85.2;29855744;0
218.4;77008896;0
199.5;107646976;0
199.5;136011776;0
198.9;157437952;0
215.0;185724928;0
199.5;212766720;0
199.5;213110784;634
201.6;209100800;725
66.5;214306816;73
100.3;214306816;0
99.4;214306816;0
100.8;214306816;0
99.7;214306816;0
99.7;214315008;0
100.3;214315008;0
99.4;214315008;0
28.7;210292736;0
113.6;214315008;0
100.8;214347776;0
99.7;214347776;0
33.2;210534400;0
100.8;214351872;0
99.7;214351872;0
99.7;214351872;0
99.7;214351872;0
86.0;214347776;0
100.3;214347776;0
99.7;214347776;0
50.4;210325504;0
83.1;214360064;0
99.7;214360064;0
99.7;214360064;0
16.6;210333696;0
117.6;214372352;0
99.7;214372352;0
99.7;214372352;0
100.3;214372352;0
99.4;214376448;0
100.3;214376448;0
99.4;214376448;0
100.3;214376448;0
99.7;214376448;0
99.7;214376448;0
100.8;214376448;0
99.7;214376448;0
43.0;210350080;0
133.0;214376448;0
100.3;214376448;0
100.3;214376448;0
99.4;214376448;0
86.0;210165760;0
99.7;214372352;0
99.7;214372352;0
83.1;210350080;0
49.9;214376448;0
100.3;214376448;0
99.4;214376448;0
100.3;214376448;0
100.3;214376448;0
85.2;214380544;0
100.3;214380544;0
99.7;214380544;0
100.8;214380544;0
83.1;210354176;0
116.4;214376448;0
100.8;214376448;0
99.7;214376448;0
99.7;214376448;0
83.1;214380544;0
100.3;214380544;0
100.3;214380544;0
56.8;210354176;0
86.0;214376448;0
99.7;214376448;0
99.7;214376448;0
99.7;214376448;0
99.7;210354176;0
117.6;214376448;0
99.4;214376448;0
100.3;214376448;0
28.7;207609856;0
114.7;217726976;0
99.7;217726976;0
83.1;213704704;0
133.0;226414592;0
201.6;267259904;0
199.5;298536960;0
199.5;326819840;0
201.6;349392896;0
166.2;378122240;0
199.5;402649088;0
199.5;317575168;0
99.7;216231936;0
67.2;212209664;0
116.4;217309184;0
100.3;217309184;0
100.3;217309184;0
28.4;212840448;0
99.7;217513984;0
99.7;217513984;0
99.7;217513984;0
100.8;217513984;0
99.7;217550848;0
99.7;217550848;0
100.8;217550848;0
99.7;217550848;0
66.5;213528576;0
116.4;217604096;0
99.7;217604096;0
100.8;217604096;0
99.7;217604096;0
99.7;217653248;0
100.8;217653248;0
99.7;217653248;0
99.7;217653248;0
66.5;213630976;0
99.7;217653248;0
100.8;217653248;0
99.7;217653248;0
99.7;217653248;0
67.2;211144704;0
100.3;217673728;0
99.4;217673728;0
100.3;217673728;0
99.4;217673728;0
84.0;217694208;0
99.7;217694208;0
99.7;217694208;0
50.4;213671936;0
100.3;217726976;0
99.4;217726976;0
99.7;217726976;0
99.4;217726976;0
57.3;211972096;0
100.8;217776128;0
99.7;217776128;0
66.5;213749760;0
67.2;217829376;0
99.7;217829376;0
99.7;217829376;0
33.2;213803008;0
99.7;217825280;0
100.8;217825280;0
99.7;217825280;0
99.7;217825280;0
100.8;217833472;0
99.7;217833472;0
99.4;217833472;0
57.3;213811200;0
99.7;217853952;0
99.7;217853952;0
100.8;217853952;0
16.6;213831680;0
127.8;217890816;0
100.3;217890816;0
100.3;217890816;0
99.7;217890816;0
99.7;217927680;0
99.7;217927680;0
99.7;217927680;0
50.4;213901312;0
116.4;217923584;0
99.7;217923584;0
100.8;217923584;0
16.6;213901312;0
113.6;221302784;0
100.3;221302784;0
85.2;217280512;0
114.7;220196864;0
201.6;265408512;0
199.5;292167680;0
199.5;320274432;0
201.6;342241280;0
172.0;366530560;0
184.7;399482880;0
200.7;403345408;0
116.4;216694784;0
99.7;216694784;0
33.6;211660800;0
100.8;217636864;0
99.7;217636864;0
99.7;217636864;0
100.8;217636864;0
99.7;217657344;0
99.4;217657344;0
100.3;217657344;0
99.4;217657344;0
71.7;211066880;0
100.8;218058752;0
99.7;218058752;0
83.1;214032384;0
86.0;218193920;0
100.3;218193920;0
99.7;218193920;0
33.2;214171648;0
129.0;218247168;0
99.4;218247168;0
100.3;214220800;0
57.3;214044672;0
99.4;218247168;0
100.3;218247168;0
100.8;218247168;0
99.7;218247168;0
83.1;218284032;0
99.7;218284032;0
99.4;218284032;0
100.3;218284032;0
67.2;214355968;0
100.3;218300416;0
99.4;218300416;0
100.3;218300416;0
100.8;218300416;0
116.4;218324992;0
99.7;218324992;0
99.7;218324992;0
42.6;212848640;0
99.7;218361856;0
100.8;218361856;0
100.3;218361856;0
71.0;214339584;0
71.7;218415104;0
100.8;218415104;0
99.7;218415104;0
16.6;214388736;0
116.4;218468352;0
99.7;218468352;0
71.0;214441984;0
71.7;218529792;0
100.8;218529792;0
99.7;218529792;0
