0.0;10493952;0
0.0;10493952;0
0.0;10493952;0
0.0;10493952;0
43.0;14630912;0
99.7;14671872;0
116.4;18837504;0
85.2;14843904;0
84.0;18919424;0
99.7;18927616;0
114.7;27013120;0
99.7;18989056;0
116.4;27041792;0
99.4;27119616;0
71.7;23097344;0
66.5;27271168;0
99.7;27271168;0
100.8;27271168;0
71.0;23244800;0
66.5;27332608;0
99.7;27332608;0
100.8;27389952;0
42.6;23367680;0
100.3;27467776;0
99.7;27525120;0
99.7;27525120;0
28.4;23498752;0
100.3;27594752;0
100.3;27594752;0
99.7;27652096;0
0.0;20860928;0
99.7;27729920;0
100.3;27729920;0
99.7;23703552;0
33.6;27725824;0
99.7;27787264;0
99.7;27787264;0
71.7;23764992;0
56.8;27865088;0
99.7;27865088;0
99.7;27926528;0
57.3;23900160;0
85.2;28856320;0
100.3;28856320;0
99.7;28856320;0
33.2;24829952;0
116.4;29052928;0
99.7;29052928;0
100.3;29052928;0
42.6;26095616;301
114.7;28098560;0
100.3;28160000;0
99.7;24133632;0
16.6;23920640;0
99.7;28270592;0
100.3;28270592;0
71.0;24244224;0
50.4;28082176;0
99.7;28082176;0
99.7;28143616;0
56.8;24121344;0
71.7;28217344;0
100.3;28217344;0
99.7;28217344;0
33.6;24195072;0
116.4;31535104;0
99.7;31535104;0
99.7;31535104;0
28.7;27017216;0
218.4;71233536;0
198.9;100880384;0
229.4;128688128;0
200.7;149958656;0
199.5;179011584;0
199.5;206950400;0
199.5;213069824;402
143.3;214306816;674
142.0;214269952;356
100.8;214269952;0
99.7;214269952;0
99.7;214269952;0
99.7;214278144;0
100.3;214278144;0
100.3;214278144;0
49.9;210251776;0
86.0;214274048;0
99.7;214274048;0
99.7;214274048;0
99.7;214274048;0
66.5;210423808;0
100.8;214319104;0
99.4;214319104;0
100.3;214319104;0
66.5;212676608;0
99.7;214319104;0
99.7;214319104;0
99.7;214319104;0
67.2;214319104;0
99.7;214319104;0
100.3;214319104;0
99.7;214319104;0
99.7;214319104;0
99.7;214331392;0
100.3;214331392;0
100.3;214331392;0
42.6;210305024;0
129.0;214331392;0
100.3;214331392;0
99.4;214331392;0
66.5;209043456;0
99.4;214331392;0
100.3;214331392;0
100.3;214331392;0
66.5;214331392;0
100.8;214331392;0
99.7;214331392;0
99.7;214331392;0
99.7;210309120;0
71.7;214335488;0
100.3;214335488;0
99.4;214335488;0
43.0;210309120;0
114.7;214335488;0
85.2;214335488;0
100.3;214335488;0
56.8;214335488;0
100.8;214335488;0
99.7;214335488;0
99.7;210309120;0
67.2;214335488;0
99.7;214335488;0
99.7;214335488;0
99.7;214335488;0
83.1;210309120;0
100.3;214335488;0
99.4;214335488;0
100.3;214335488;0
57.3;207724544;0
99.4;214331392;0
99.7;214331392;0
99.7;214331392;0
100.8;214331392;0
66.5;214335488;0
99.7;214335488;0
100.8;214335488;0
99.7;214335488;0
99.7;210309120;0
99.7;217681920;0
99.7;217681920;0
100.3;217681920;0
99.4;217681920;0
86.0;213516288;0
229.4;251920384;0
198.9;278704128;0
200.7;302268416;0
184.7;327610368;0
200.7;345583616;0
200.7;369328128;0
199.5;392323072;0
184.8;404602880;0
186.4;216485888;0
99.4;216485888;0
83.1;212459520;0
83.1;217673728;0
100.8;217673728;0
99.7;217673728;0
99.7;217673728;0
84.0;211439616;0
99.7;217858048;0
99.7;217858048;0
99.7;217858048;0
66.5;217939968;0
100.8;217939968;0
99.7;217939968;0
99.7;217939968;0
100.8;217939968;0
99.7;217993216;0
99.7;217993216;0
99.7;217993216;0
33.2;213966848;0
114.7;217993216;0
99.7;217993216;0
99.7;217993216;0
67.2;217993216;0
99.7;217993216;0
99.7;217993216;0
99.7;217993216;0
99.7;217993216;0
84.0;218001408;0
99.7;218001408;0
99.7;218001408;0
100.8;218001408;0
66.5;211083264;0
99.7;218144768;0
99.7;218144768;0
99.7;218144768;0
99.7;218144768;0
100.8;218185728;0
99.7;218185728;0
100.3;218185728;0
100.8;218185728;0
83.1;214159360;0
116.4;218226688;0
99.7;218226688;0
99.7;218226688;0
50.4;213635072;0
100.3;218279936;0
99.4;218279936;0
100.3;218279936;0
99.7;218279936;0
99.7;218206208;0
99.7;218206208;0
99.4;218206208;0
43.0;214179840;0
117.6;218206208;0
99.7;218206208;0
99.7;218206208;0
67.2;218206208;0
99.7;218206208;0
99.7;218206208;0
83.1;214183936;0
83.1;218210304;0
100.8;218210304;0
99.7;218210304;0
49.9;214183936;0
116.4;218210304;0
100.8;218210304;0
99.7;218210304;0
66.5;218587136;0
100.3;221560832;0
99.4;221560832;0
100.3;221560832;0
100.3;221560832;0
170.5;247427072;0
199.5;282460160;0
201.6;312242176;0
199.5;334458880;0
199.5;364797952;0
99.7;389275648;0
199.5;403292160;0
129.0;216498176;0
86.0;212475904;0
71.0;217632768;0
100.3;217632768;0
100.3;217632768;0
99.7;217632768;0
83.1;213610496;0
133.0;217747456;0
99.7;217747456;0
100.8;217747456;0
86.0;217747456;0
116.4;217882624;0
100.3;217882624;0
100.3;217882624;0
99.4;217882624;0
99.7;213860352;0
99.7;218083328;0
99.7;218083328;0
100.8;218083328;0
99.7;218083328;0
83.1;216113152;0
100.8;218120192;0
99.7;218120192;0
99.7;218120192;0
99.7;218120192;0
85.2;218185728;0
100.3;218185728;0
100.8;218185728;0
49.9;214159360;0
127.8;218238976;0
99.7;218238976;0
100.8;218238976;0
99.7;218238976;0
99.7;218243072;0
99.7;218243072;0
99.4;218243072;0
57.3;214216704;0
100.3;218255360;0
99.7;218255360;0
99.7;218255360;0
100.8;218255360;0
83.1;218284032;0
99.7;218284032;0
100.3;218284032;0
99.4;218284032;0
83.1;214257664;0
117.6;218316800;0
99.7;218316800;0
99.7;218316800;0
100.8;218316800;0
66.5;218365952;0
99.7;218365952;0
100.3;218365952;0
85.2;214339584;0
86.0;218415104;0
100.8;218415104;0
99.7;218415104;0
99.7;218415104;0
100.3;211124224;0
100.3;218415104;0
