0.0;10493952;0
0.0;10493952;0
0.0;10493952;0
0.0;10493952;0
49.9;14643200;0
100.3;14675968;0
133.0;19038208;0
100.8;15020032;0
71.0;18944000;0
100.3;18956288;0
116.4;27193344;0
67.2;23166976;0
71.0;27213824;0
100.8;27213824;0
99.7;27213824;0
57.3;23191552;0
85.2;27279360;0
100.8;27279360;0
99.7;27287552;0
49.9;23265280;0
114.7;27303936;0
99.7;27348992;0
99.7;27348992;0
16.6;23322624;0
134.4;27447296;0
99.4;27447296;0
100.3;27545600;0
0.0;20406272;0
116.4;27619328;0
99.7;27619328;0
83.1;23592960;0
57.3;23465984;0
99.4;27676672;0
100.8;27676672;0
83.1;23650304;0
66.5;27746304;0
99.4;27807744;0
100.8;27807744;0
49.9;23785472;0
99.7;27811840;0
100.8;27811840;0
99.4;27947008;0
33.2;23920640;0
116.4;28082176;0
100.8;28082176;0
99.4;28082176;0
16.8;24059904;0
129.0;28155904;0
99.7;28155904;0
99.7;28155904;0
71.7;26877952;301
100.3;28147712;0
99.7;28209152;0
84.0;24035328;0
56.8;23584768;0
100.3;28286976;0
99.4;28286976;0
67.2;24264704;0
66.5;28233728;0
100.3;28233728;0
100.3;28295168;0
49.9;24272896;0
100.3;28315648;0
99.7;28315648;0
100.8;28315648;0
16.6;24289280;0
133.0;31711232;0
100.8;31711232;0
99.4;31711232;0
28.7;29888512;0
213.1;75042816;0
201.6;99143680;0
133.0;126214144;0
199.5;151580672;0
184.8;173883392;0
149.6;205680640;0
200.7;213348352;341
156.3;209321984;774
100.3;214413312;317
99.7;214413312;0
99.7;214413312;0
99.7;214413312;0
100.8;214417408;0
99.4;214478848;0
100.3;214478848;0
99.7;214478848;0
99.7;214478848;0
83.1;214482944;0
99.7;214482944;0
100.3;214482944;0
99.4;214482944;0
86.0;210456576;0
116.4;214487040;0
99.7;214487040;0
99.7;214487040;0
99.7;214487040;0
86.0;213401600;0
99.4;214491136;0
100.3;214491136;0
100.3;214491136;0
99.4;214491136;0
83.1;214491136;0
99.7;214491136;0
100.8;210468864;0
83.1;214495232;0
100.3;214495232;0
100.3;214495232;0
99.4;214495232;0
83.1;210468864;0
116.4;214536192;0
100.8;214536192;0
99.7;214536192;0
100.3;214536192;0
86.0;214540288;0
99.7;214540288;0
99.7;214540288;0
99.7;214540288;0
100.8;214540288;0
66.5;214544384;0
99.7;214544384;0
100.3;214544384;0
99.4;214544384;0
100.3;210522112;0
99.4;214544384;0
100.8;214544384;0
49.9;210522112;0
116.4;214548480;0
100.8;214548480;0
99.7;214548480;0
99.7;214548480;0
83.1;214548480;0
99.7;214548480;0
100.8;214548480;0
99.7;214548480;0
99.7;214548480;0
100.8;214581248;0
99.4;214581248;0
71.7;208683008;0
99.7;214577152;0
99.7;214577152;0
100.8;214577152;0
99.7;214577152;0
83.1;214585344;0
100.8;214585344;0
83.1;210558976;0
86.0;217931776;0
99.4;217931776;0
100.3;217931776;0
100.3;217931776;0
66.5;210096128;0
215.0;261128192;0
200.7;293040128;0
198.9;319885312;0
215.0;342294528;0
199.5;371261440;0
184.8;397590528;0
199.5;403140608;0
133.0;216289280;0
67.2;212262912;0
99.7;217452544;0
99.7;217452544;0
99.7;217452544;0
99.7;217452544;0
67.2;213430272;0
116.4;217714688;0
99.7;217714688;0
100.8;217714688;0
66.5;217853952;0
99.7;217853952;0
99.7;217853952;0
99.7;217853952;0
100.8;217853952;0
83.1;217993216;0
99.7;217993216;0
100.8;217993216;0
99.7;217993216;0
49.9;213966848;0
113.6;218116096;0
100.3;218116096;0
100.3;218116096;0
99.4;218116096;0
86.0;218189824;0
100.3;218189824;0
99.4;218189824;0
71.7;218202112;0
99.4;218202112;0
71.7;214175744;0
86.0;218230784;0
99.4;218230784;0
99.7;218230784;0
100.8;218230784;0
85.2;213794816;0
100.3;218271744;0
99.4;218271744;0
100.3;218271744;0
100.3;218271744;0
85.2;218275840;0
100.3;218275840;0
100.3;218275840;0
71.0;214249472;0
100.3;218329088;0
99.7;218329088;0
49.9;210341888;0
114.7;218361856;0
100.3;218361856;0
99.4;218361856;0
100.3;218361856;0
100.3;218370048;0
99.4;218370048;0
100.3;218370048;0
99.4;218370048;0
86.0;214347776;0
117.6;218390528;0
99.7;218390528;0
99.7;218390528;0
84.0;218419200;0
99.7;218419200;0
99.7;218419200;0
66.5;218550272;0
99.7;218550272;0
100.8;218550272;0
99.7;218550272;0
99.7;214523904;0
117.6;218554368;0
100.3;218554368;0
71.0;213098496;0
99.7;221900800;0
99.7;221900800;0
99.4;221900800;0
157.7;242008064;0
200.7;277114880;0
198.9;307376128;0
200.7;330100736;0
218.4;360087552;0
199.5;389357568;0
199.5;403668992;0
133.0;217276416;0
99.7;217276416;0
33.6;213581824;0
99.7;218329088;0
99.7;218329088;0
86.0;214302720;0
71.7;218468352;0
99.4;218468352;0
100.3;218468352;0
99.4;218554368;0
100.3;218554368;0
100.8;218554368;0
99.7;218554368;0
66.5;218681344;0
100.8;218681344;0
99.7;218681344;0
99.7;218726400;0
100.3;218726400;0
99.4;218726400;0
57.3;214704128;0
117.6;218861568;0
99.7;218861568;0
99.7;214646784;0
100.8;218931200;0
100.3;218931200;0
99.4;218959872;0
100.3;218959872;0
99.7;218959872;0
99.7;218959872;0
84.0;214933504;0
116.4;218980352;0
99.7;218980352;0
100.3;218980352;0
71.7;214278144;0
99.4;219017216;0
99.7;219017216;0
99.7;219062272;0
99.7;219058176;0
100.8;219058176;0
83.1;215035904;0
99.4;219115520;0
100.3;219115520;0
100.3;216756224;0
16.6;214970368;0
99.7;219115520;0
99.7;219115520;0
99.4;219115520;0
100.3;215089152;0
86.0;219123712;0
99.4;219123712;0
100.3;219123712;0
100.8;219123712;0
49.9;212205568;0
99.7;219144192;0
99.7;219144192;0
99.7;219144192;0
71.0;219172864;0
100.3;219172864;0
100.8;219172864;0
99.7;219172864;0
49.9;212623360;0
100.3;219222016;0
100.3;219222016;0
66.5;215195648;0
