0.0;10510336;0
0.0;10510336;0
0.0;10510336;0
0.0;10510336;0
0.0;10510336;0
0.0;10510336;0
0.0;10510336;0
0.0;10510336;0
0.0;10510336;0
0.0;10510336;0
0.0;10510336;0
0.0;10510336;0
0.0;10510336;0
0.0;10510336;0
0.0;10510336;0
0.0;10510336;0
0.0;10510336;0
0.0;10510336;0
0.0;10510336;0
0.0;10510336;0
0.0;10510336;0
0.0;10510336;0
0.0;10510336;0
0.0;10510336;0
0.0;10510336;0
0.0;10510336;0
0.0;10510336;0
0.0;10510336;0
0.0;10510336;0
0.0;10510336;0
0.0;10510336;0
0.0;10510336;0
0.0;10510336;0
0.0;10510336;0
0.0;10510336;0
0.0;10510336;0
0.0;10510336;0
100.8;49479680;0
99.7;86622208;0
100.3;118349824;0
99.4;141848576;0
100.8;174153728;0
99.7;195469312;95
99.7;195469312;762
71.7;195440640;575
0.0;195440640;0
0.0;195440640;0
0.0;195440640;0
0.0;195440640;0
0.0;195440640;0
0.0;195440640;0
0.0;195440640;0
0.0;195440640;0
0.0;195440640;0
0.0;195440640;0
0.0;195440640;0
0.0;195440640;0
0.0;195440640;0
0.0;195440640;0
0.0;195440640;0
0.0;195440640;0
0.0;195440640;0
0.0;195440640;0
0.0;195440640;0
0.0;195440640;0
0.0;195440640;0
0.0;195440640;0
0.0;195440640;0
0.0;195440640;0
0.0;195440640;0
0.0;195440640;0
0.0;195440640;0
0.0;195440640;0
0.0;195440640;0
16.6;201375744;0
100.8;243417088;0
99.4;276504576;0
100.3;307048448;0
100.3;333565952;0
99.4;364265472;0
99.7;385056768;0
83.1;199303168;0
0.0;199303168;0
0.0;199303168;0
0.0;199303168;0
0.0;199303168;0
0.0;199303168;0
0.0;199303168;0
0.0;199303168;0
0.0;199303168;0
0.0;199303168;0
0.0;199303168;0
0.0;199303168;0
0.0;199303168;0
0.0;199303168;0
0.0;199303168;0
0.0;199303168;0
0.0;199303168;0
0.0;199303168;0
0.0;199303168;0
0.0;199303168;0
0.0;199303168;0
0.0;199303168;0
0.0;199303168;0
0.0;199303168;0
0.0;199303168;0
0.0;199303168;0
0.0;199303168;0
0.0;199303168;0
0.0;199303168;0
0.0;199303168;0
0.0;199303168;0
66.5;214876160;0
99.7;257019904;0
100.8;290504704;0
99.7;313647104;0
99.7;348033024;0
99.7;376033280;0
99.7;385458176;0
50.4;199376896;0
0.0;199376896;0
0.0;199376896;0
0.0;199376896;0
0.0;199376896;0
0.0;199376896;0
0.0;199376896;0
0.0;199376896;0
0.0;199376896;0
0.0;199376896;0
0.0;199376896;0
0.0;199376896;0
0.0;199376896;0
0.0;199376896;0
0.0;199376896;0
0.0;199376896;0
0.0;199376896;0
0.0;199376896;0
0.0;199376896;0
0.0;199376896;0
0.0;199376896;0
0.0;199376896;0
0.0;199376896;0
0.0;199376896;0
0.0;199376896;0
0.0;199376896;0
0.0;199376896;0
0.0;199376896;0
0.0;199376896;0
0.0;199376896;0
99.7;233959424;0
100.8;271278080;0
99.7;302899200;0
99.4;328335360;0
100.8;359727104;0
99.7;385355776;0
99.7;198557696;0
0.0;198557696;0
0.0;198557696;0
0.0;198557696;0
0.0;198557696;0
0.0;198557696;0
0.0;198557696;0
0.0;198557696;0
0.0;198557696;0
0.0;198557696;0
0.0;198557696;0
0.0;198557696;0
0.0;198557696;0
0.0;198557696;0
0.0;198557696;0
0.0;198557696;0
0.0;198557696;0
0.0;198557696;0
0.0;198557696;0
0.0;198557696;0
0.0;198557696;0
0.0;198557696;0
0.0;198557696;0
0.0;198557696;0
0.0;198557696;0
0.0;198557696;0
0.0;198557696;0
0.0;198557696;0
0.0;198557696;0
0.0;198557696;0
16.8;207876096;0
99.7;248438784;0
99.7;283725824;0
100.8;311992320;0
99.7;343130112;0
99.4;374902784;0
100.3;385728512;0
42.6;201510912;0
0.0;201510912;0
0.0;201510912;0
0.0;201510912;0
0.0;201510912;0
0.0;201510912;0
0.0;201510912;0
0.0;201510912;0
0.0;201510912;0
0.0;201510912;0
0.0;201510912;0
0.0;201510912;0
0.0;201510912;0
0.0;201510912;0
0.0;201510912;0
0.0;201510912;0
0.0;201510912;0
0.0;201510912;0
0.0;201510912;0
0.0;201510912;0
0.0;201510912;0
0.0;201510912;0
0.0;201510912;0
0.0;201510912;0
0.0;201510912;0
0.0;201510912;0
0.0;201510912;0
0.0;201510912;0
0.0;201510912;0
0.0;201510912;0
100.3;236085248;0
100.3;274169856;0
99.7;304508928;0
99.7;331821056;0
100.8;365228032;0
99.7;385912832;0
99.4;222814208;0
0.0;208388096;0
0.0;208388096;0
0.0;208388096;0
0.0;208388096;0
0.0;208388096;0
0.0;208388096;0
0.0;208388096;0
0.0;208388096;0
0.0;208388096;0
0.0;208388096;0
0.0;208388096;0
0.0;208388096;0
0.0;208388096;0
0.0;208388096;0
0.0;208388096;0
0.0;208388096;0
0.0;208388096;0
0.0;208388096;0
0.0;208388096;0
0.0;208388096;0
0.0;208388096;0
0.0;208388096;0
0.0;208388096;0
0.0;208388096;0
0.0;208388096;0
0.0;208388096;0
0.0;208388096;0
0.0;208388096;0
0.0;208388096;0
71.7;232787968;0
99.7;269410304;0
99.7;299253760;0
100.8;324591616;0
100.3;358678528;0
99.4;386224128;0
99.7;219316224;0
0.0;208596992;0
0.0;208596992;0
0.0;208596992;0
0.0;208596992;0
0.0;208596992;0
0.0;208596992;0
0.0;208596992;0
0.0;208596992;0
0.0;208596992;0
0.0;208596992;0
0.0;208596992;0
0.0;208596992;0
0.0;208596992;0
0.0;208596992;0
0.0;208596992;0
0.0;208596992;0
0.0;208596992;0
0.0;208596992;0
0.0;208596992;0
0.0;208596992;0
0.0;208596992;0
0.0;208596992;0
0.0;208596992;0
0.0;208596992;0
0.0;208596992;0
0.0;208596992;0
0.0;208596992;0
0.0;208596992;0
99.7;233717760;0
99.7;269545472;0
100.3;301318144;0
100.3;326672384;0
99.7;362147840;0
99.7;386097152;0
100.8;214900736;0
