0.0;10514432;0
0.0;10514432;0
0.0;10514432;0
0.0;10514432;0
0.0;10514432;0
0.0;10514432;0
0.0;10514432;0
0.0;10514432;0
0.0;10514432;0
0.0;10514432;0
0.0;10514432;0
0.0;10514432;0
0.0;10514432;0
0.0;10514432;0
0.0;10514432;0
0.0;10514432;0
0.0;10514432;0
0.0;10514432;0
0.0;10514432;0
0.0;10514432;0
0.0;10514432;0
0.0;10514432;0
0.0;10514432;0
0.0;10514432;0
0.0;10514432;0
0.0;10514432;0
0.0;10514432;0
0.0;10514432;0
0.0;10514432;0
0.0;10514432;0
0.0;10514432;0
0.0;10514432;0
0.0;10514432;0
0.0;10514432;0
0.0;10514432;0
0.0;10514432;0
0.0;10514432;0
71.0;41869312;0
100.8;82239488;0
99.7;113770496;0
99.7;138121216;0
100.3;171397120;0
99.4;195272704;61
100.3;195272704;771
83.1;195244032;600
0.0;195244032;0
0.0;195244032;0
0.0;195244032;0
0.0;195244032;0
0.0;195244032;0
0.0;195244032;0
0.0;195244032;0
0.0;195244032;0
0.0;195244032;0
0.0;195244032;0
0.0;195244032;0
0.0;195244032;0
0.0;195244032;0
0.0;195244032;0
0.0;195244032;0
0.0;195244032;0
0.0;195244032;0
0.0;195244032;0
0.0;195244032;0
0.0;195244032;0
0.0;195244032;0
0.0;195244032;0
0.0;195244032;0
0.0;195244032;0
0.0;195244032;0
0.0;195244032;0
0.0;195244032;0
0.0;195244032;0
0.0;195244032;0
14.3;204873728;0
100.3;247746560;0
99.4;283070464;0
99.7;311382016;0
99.7;340647936;0
100.8;372830208;0
99.7;385073152;0
66.5;198328320;0
0.0;198328320;0
0.0;198328320;0
0.0;198328320;0
0.0;198328320;0
0.0;198328320;0
0.0;198328320;0
0.0;198328320;0
0.0;198328320;0
0.0;198328320;0
0.0;198328320;0
0.0;198328320;0
0.0;198328320;0
0.0;198328320;0
0.0;198328320;0
0.0;198328320;0
0.0;198328320;0
0.0;198328320;0
0.0;198328320;0
0.0;198328320;0
0.0;198328320;0
0.0;198328320;0
0.0;198328320;0
0.0;198328320;0
0.0;198328320;0
0.0;198328320;0
0.0;198328320;0
0.0;198328320;0
0.0;198328320;0
0.0;198328320;0
0.0;198328320;0
86.0;236937216;0
99.4;273666048;0
100.3;302698496;0
100.3;329134080;0
99.4;361463808;0
100.8;385413120;0
99.7;235073536;0
0.0;198275072;0
0.0;198275072;0
0.0;198275072;0
0.0;198275072;0
0.0;198275072;0
0.0;198275072;0
0.0;198275072;0
0.0;198275072;0
0.0;198275072;0
0.0;198275072;0
0.0;198275072;0
0.0;198275072;0
0.0;198275072;0
0.0;198275072;0
0.0;198275072;0
0.0;198275072;0
0.0;198275072;0
0.0;198275072;0
0.0;198275072;0
0.0;198275072;0
0.0;198275072;0
0.0;198275072;0
0.0;198275072;0
0.0;198275072;0
0.0;198275072;0
0.0;198275072;0
0.0;198275072;0
0.0;198275072;0
0.0;198275072;0
0.0;198275072;0
43.0;214556672;0
100.3;258826240;0
99.4;292454400;0
100.3;314486784;0
99.4;347754496;0
100.3;379502592;0
100.3;385335296;0
42.6;199856128;0
0.0;199856128;0
0.0;199856128;0
0.0;199856128;0
0.0;199856128;0
0.0;199856128;0
0.0;199856128;0
0.0;199856128;0
0.0;199856128;0
0.0;199856128;0
0.0;199856128;0
0.0;199856128;0
0.0;199856128;0
0.0;199856128;0
0.0;199856128;0
0.0;199856128;0
0.0;199856128;0
0.0;199856128;0
0.0;199856128;0
0.0;199856128;0
0.0;199856128;0
0.0;199856128;0
0.0;199856128;0
0.0;199856128;0
0.0;199856128;0
0.0;199856128;0
0.0;199856128;0
0.0;199856128;0
0.0;199856128;0
16.6;206606336;0
99.7;245563392;0
100.8;282693632;0
99.7;311918592;0
99.7;342355968;0
100.3;373334016;0
100.3;385433600;0
56.8;201080832;0
0.0;201080832;0
0.0;201080832;0
0.0;201080832;0
0.0;201080832;0
0.0;201080832;0
0.0;201080832;0
0.0;201080832;0
0.0;201080832;0
0.0;201080832;0
0.0;201080832;0
0.0;201080832;0
0.0;201080832;0
0.0;201080832;0
0.0;201080832;0
0.0;201080832;0
0.0;201080832;0
0.0;201080832;0
0.0;201080832;0
0.0;201080832;0
0.0;201080832;0
0.0;201080832;0
0.0;201080832;0
0.0;201080832;0
0.0;201080832;0
0.0;201080832;0
0.0;201080832;0
0.0;201080832;0
0.0;201080832;0
0.0;201080832;0
99.7;240902144;0
99.7;277327872;0
99.4;307904512;0
100.3;330907648;0
100.3;363454464;0
99.7;385748992;0
83.1;204107776;0
0.0;204107776;0
0.0;204107776;0
0.0;204107776;0
0.0;204107776;0
0.0;204107776;0
0.0;204107776;0
0.0;204107776;0
0.0;204107776;0
0.0;204107776;0
0.0;204107776;0
0.0;204107776;0
0.0;204107776;0
0.0;204107776;0
0.0;204107776;0
0.0;204107776;0
0.0;204107776;0
0.0;204107776;0
0.0;204107776;0
0.0;204107776;0
0.0;204107776;0
0.0;204107776;0
0.0;204107776;0
0.0;204107776;0
0.0;204107776;0
0.0;204107776;0
0.0;204107776;0
0.0;204107776;0
0.0;204107776;0
16.6;216514560;0
100.8;249212928;0
100.3;284577792;0
99.4;312279040;0
99.7;342790144;0
100.8;376623104;0
99.7;385925120;0
42.6;204468224;0
0.0;204468224;0
0.0;204468224;0
0.0;204468224;0
0.0;204468224;0
0.0;204468224;0
0.0;204468224;0
0.0;204468224;0
0.0;204468224;0
0.0;204468224;0
0.0;204468224;0
0.0;204468224;0
0.0;204468224;0
0.0;204468224;0
0.0;204468224;0
0.0;204468224;0
0.0;204468224;0
0.0;204468224;0
0.0;204468224;0
0.0;204468224;0
0.0;204468224;0
0.0;204468224;0
0.0;204468224;0
0.0;204468224;0
0.0;204468224;0
0.0;204468224;0
0.0;204468224;0
0.0;204468224;0
0.0;204468224;0
42.6;215146496;0
99.7;259194880;0
100.8;294604800;0
100.3;319651840;0
99.7;350588928;0
99.7;382644224;0
100.8;301907968;0
