119.2;447283200;11
189.7;506015744;783
109.8;607334400;932
109.8;646787072;1218
109.8;705376256;1222
129.8;713793536;1277
109.8;713924608;1502
109.9;713924608;1528
99.8;713924608;1520
109.8;713924608;1494
99.8;713924608;1539
99.9;774479872;1200
89.9;876978176;1012
99.8;979345408;1011
99.8;1082236928;1017
89.9;1185128448;1015
109.8;1287757824;1014
99.9;1390780416;1018
99.9;1403756544;1453
109.8;1403756544;1556
99.8;1403756544;1541
99.8;1403756544;1543
99.9;1403756544;1492
99.8;1403756544;1532
99.8;1403756544;1525
99.9;1403756544;1544
99.8;1403756544;1539
99.8;1403756544;1540
89.9;1403756544;1545
99.8;1403756544;1514
109.8;1403756544;1551
99.8;1403756544;1545
99.8;1403756544;1528
99.8;1403756544;1541
99.8;1403756544;1523
109.8;1433772032;1205
109.8;1433772032;10
99.8;1433772032;0
109.8;1433772032;0
109.8;1433903104;1
199.7;1433903104;0
650.7;1441017856;4
778.9;1441959936;4
798.8;1441959936;0
784.4;1442091008;3
784.0;1457295360;2
798.6;1457295360;2
793.0;1457295360;2
794.3;1454653440;2
792.3;1454653440;2
792.6;1454653440;2
777.4;1454653440;2
789.1;1454653440;2
792.2;1454653440;2
779.9;1689141248;3
802.1;1917730816;1
794.6;1917730816;2
648.8;1917730816;0
369.3;1917861888;2
199.7;1917861888;0
119.8;1917861888;0
99.8;1917861888;0
109.8;1917992960;3
99.8;1917992960;2
99.8;1917992960;0
99.8;1917992960;0
179.6;1918124032;0
485.5;1918779392;1
798.0;1919041536;3
797.4;1919041536;1
802.3;1919041536;0
788.5;1919041536;2
796.5;1919041536;0
798.2;1919041536;2
800.3;1919041536;0
798.9;1919041536;2
800.4;1919041536;2
771.5;1919041536;0
658.6;1919041536;0
688.5;1919041536;2
698.5;1919041536;0
698.4;1919041536;2
698.6;1919041536;2
558.9;1919041536;0
299.5;1919041536;0
99.8;1919041536;0
99.8;1919041536;0
99.8;1919041536;2
99.9;1919041536;0
99.9;1919041536;0
99.8;1919041536;0
109.8;1919172608;6
99.8;1919172608;0
99.9;1919172608;0
99.8;1919172608;0
209.6;1919303680;0
583.3;1920090112;1
804.3;1920090112;1
796.6;1920090112;2
798.3;1920090112;2
731.0;1920090112;0
680.2;1920090112;2
622.9;1920090112;1
698.5;1920090112;0
698.4;1920090112;2
598.7;1920090112;0
598.8;1920090112;2
606.7;1920090112;0
689.0;1920090112;2
708.4;1920090112;0
698.7;1920090112;0
678.8;1920090112;0
608.8;1920090112;0
558.9;1920090112;0
488.9;1920090112;0
178.0;1920352256;4
99.8;1920352256;0
99.8;1920352256;0
99.8;1920352256;0
199.7;1920483328;0
622.0;1921007616;1
788.8;1921007616;0
694.7;1921007616;0
708.5;1921007616;0
688.2;1921007616;2
698.5;1921007616;0
678.5;1921007616;2
698.6;1921007616;0
688.4;1921007616;0
598.6;1921007616;0
549.0;1921007616;1
508.9;1921007616;0
499.0;1921007616;0
498.9;1921007616;0
499.0;1921007616;0
499.0;1921007616;0
498.7;1921007616;0
439.2;1921007616;0
249.4;1921007616;1
199.7;1921007616;0
199.7;1921007616;0
159.8;1921007616;0
99.9;1921138688;6
99.8;1921269760;2
99.8;1921269760;0
99.8;1921269760;0
179.7;1921400832;0
504.7;1922056192;1
778.8;1922056192;0
705.1;1922056192;0
688.6;1922187264;0
708.2;1922187264;0
698.6;1926512640;2
698.6;1926512640;0
698.8;1926512640;0
698.7;1926512640;0
698.7;1926512640;0
688.6;1926512640;0
699.0;1926512640;0
688.8;1926512640;2
498.9;1926512640;0
545.3;1926512640;1
598.5;1926512640;0
555.6;1926512640;2
499.2;1926512640;0
329.4;1926512640;0
199.6;1926512640;0
119.8;1926512640;0
99.8;1926643712;3
99.7;1926774784;2
99.8;1926774784;0
99.8;1926774784;0
179.7;1926905856;0
492.8;1927430144;2
757.3;1927430144;0
698.5;1927430144;0
698.5;1927430144;0
708.4;1927430144;0
698.3;1927430144;0
668.3;1927430144;0
598.8;1927430144;0
528.7;1927430144;0
498.9;1927430144;0
498.7;1927430144;0
488.9;1927430144;0
498.9;1927430144;0
499.1;1927430144;0
508.9;1927430144;0
489.1;1927430144;0
498.8;1927430144;0
499.2;1927430144;0
469.1;1927430144;0
199.6;1927430144;0
199.7;1927430144;0
199.7;1927430144;2
99.8;1927692288;5
99.8;1927692288;0
99.9;1927692288;0
119.8;1927823360;0
199.7;1927823360;0
640.7;1928478720;1
798.8;1928478720;0
798.9;1928478720;0
713.5;1928478720;0
688.6;1928478720;0
698.7;1928478720;0
698.4;1928478720;2
698.8;1928478720;0
678.3;1928478720;0
598.8;1928478720;0
528.8;1929134080;1
399.2;1929134080;2
409.1;1929134080;0
478.9;1929134080;0
498.9;1929134080;2
468.7;1929134080;0
389.2;1929134080;0
399.1;1929134080;0
409.1;1929134080;0
349.4;1929134080;2
199.7;1929134080;0
179.7;1929396224;2
99.8;1929527296;2
99.8;1929527296;0
99.8;1929527296;0
149.7;1929658368;0
327.5;1929920512;0
788.2;1930051584;3
807.9;1930051584;0
802.2;1930051584;0
798.1;1930051584;0
807.7;1930051584;0
794.1;1930051584;0
800.9;1930051584;0
798.7;1930051584;0
795.9;1930051584;0
738.4;1930051584;0
687.7;1930051584;0
758.3;1930051584;0
698.4;1930051584;0
658.5;1930051584;0
509.1;1929076736;0
498.9;1929207808;0
389.2;1929207808;0
189.7;1929207808;2
99.8;1929207808;0
99.8;1929207808;0
99.8;1929338880;6
99.7;1929469952;2
99.8;1929469952;0
99.8;1929469952;0
159.7;1929601024;0
415.0;1929994240;0
782.9;1929994240;0
796.4;1930911744;1
798.8;1931042816;0
801.7;1931042816;0
803.8;1935237120;0
798.8;1935237120;0
801.0;1935237120;0
801.4;1935237120;0
812.4;1935237120;0
794.2;1935237120;0
792.9;1935237120;2
798.9;1935237120;0
787.4;1935237120;0
798.8;1935237120;0
701.9;1935237120;0
618.8;1935237120;0
489.2;1935237120;0
199.7;1935237120;0
119.8;1935368192;5
99.8;1935368192;0
99.8;1935368192;0
99.8;1935499264;0
199.7;1935630336;0
668.2;1936023552;1
798.6;1936154624;0
802.3;1936154624;0
809.4;1936154624;0
798.3;1936154624;0
803.0;1936154624;0
787.5;1936154624;0
803.3;1936154624;0
745.9;1936154624;0
698.4;1936154624;0
698.6;1936154624;0
698.7;1936154624;0
698.5;1936154624;0
678.4;1935372288;0
588.9;1935372288;2
598.9;1935372288;0
529.1;1935372288;0
299.4;1935372288;0
299.4;1935372288;2
129.8;1935503360;5
99.8;1935503360;0
99.8;1935503360;0
99.8;1935634432;0
199.7;1935634432;0
