109.9;445710336;4
219.6;507760640;800
109.8;609341440;931
109.8;650366976;1232
99.8;706334720;1239
129.8;714821632;1454
119.8;714821632;1500
99.8;714821632;1540
99.8;714821632;1526
109.8;714821632;1506
99.8;714821632;1550
99.8;791891968;1103
99.9;894783488;1017
99.9;997543936;1013
99.9;1100304384;1016
99.9;1203195904;1016
109.8;1306087424;1016
99.8;1404653568;1036
99.8;1404784640;1525
109.8;1404784640;1547
89.9;1404784640;1551
109.8;1404784640;1548
99.8;1404784640;1549
99.8;1404784640;1539
109.8;1404784640;1536
99.8;1404784640;1551
99.8;1404784640;1550
99.8;1404784640;1549
109.8;1404784640;1552
99.8;1404784640;1525
99.8;1404784640;1550
109.8;1404784640;1549
99.8;1404784640;1551
89.9;1404784640;1547
99.8;1404784640;1528
109.8;1434800128;782
109.8;1434931200;8
99.8;1434931200;0
99.8;1434931200;0
139.8;1434931200;1
239.6;1435062272;1
778.0;1440067584;4
792.0;1439449088;3
788.7;1439842304;3
786.1;1454784512;3
788.6;1454784512;2
797.5;1454915584;2
798.8;1454915584;2
785.4;1454010368;2
754.0;1454010368;2
717.7;1454272512;4
688.7;1683779584;2
688.7;2022600704;0
708.7;2110156800;0
698.2;2110287872;2
698.5;2110287872;0
608.8;2110287872;2
628.4;2110550016;1
379.3;2110550016;0
129.8;2110681088;6
99.8;2110681088;0
99.8;2110681088;0
109.8;2110812160;0
209.6;2110943232;0
722.3;2111467520;1
798.5;2111467520;0
795.4;2111467520;2
797.1;2111467520;0
744.2;2111467520;2
698.7;2111467520;0
698.5;2111467520;0
688.7;2111467520;2
698.6;2111467520;0
698.6;2111467520;2
698.6;2111467520;0
696.4;2111467520;2
649.2;2111467520;0
598.7;2111467520;3
598.9;2111467520;0
339.2;2111467520;2
199.6;2111467520;0
119.7;2111598592;4
99.8;2111729664;2
99.8;2111729664;0
169.7;2111860736;1
472.2;2112516096;0
738.7;2112647168;1
698.7;2112647168;2
708.3;2112647168;0
698.4;2112647168;0
708.8;2112647168;2
708.7;2112647168;0
688.5;2112647168;2
698.7;2112647168;0
698.5;2112647168;2
754.1;2112061440;0
798.7;2112061440;2
798.6;2112061440;0
788.4;2112061440;2
785.9;2112061440;0
648.0;2112061440;2
299.5;2112061440;0
259.5;2112061440;0
109.8;2112323584;5
99.8;2112323584;0
99.8;2112323584;0
99.9;2112323584;0
199.6;2112454656;0
630.5;2112978944;1
800.1;2112978944;2
808.8;2112978944;0
717.1;2112978944;0
708.5;2112978944;0
698.6;2112978944;0
688.5;2112978944;2
708.7;2112978944;0
688.5;2112978944;2
696.6;2112978944;0
688.6;2112978944;0
698.1;2112978944;0
698.2;2112978944;2
698.3;2112978944;0
538.6;2112978944;2
339.4;2112978944;0
99.8;2112978944;0
99.8;2112978944;0
99.8;2112978944;0
99.8;2112978944;0
99.8;2112978944;0
109.8;2113110016;8
99.8;2113241088;2
99.8;2113241088;0
99.8;2113241088;0
169.7;2113372160;0
249.6;2113896448;1
769.5;2114027520;0
808.6;2114027520;0
768.8;2114027520;0
693.8;2114027520;0
708.2;2114027520;0
668.8;2114027520;0
668.8;2114027520;0
688.7;2114027520;2
698.6;2114027520;0
698.5;2114027520;2
705.8;2114027520;0
698.8;2114027520;0
698.7;2114027520;0
638.9;2114027520;0
538.9;2114027520;0
499.1;2114027520;0
369.3;2114027520;1
99.8;2114289664;4
109.8;2114289664;0
99.8;2114289664;0
129.8;2114420736;0
229.6;2114551808;0
736.6;2114682880;1
798.3;2114813952;1
798.1;2114945024;0
808.6;2114945024;0
803.9;2114945024;0
714.0;2114945024;0
697.1;2114945024;2
698.7;2114945024;0
698.4;2114945024;0
698.1;2114945024;0
519.0;2114945024;0
499.1;2114945024;2
499.1;2114945024;0
509.0;2115076096;1
399.2;2115076096;0
469.2;2115076096;1
299.5;2115076096;0
279.4;2115076096;2
99.8;2115207168;2
99.8;2115207168;0
99.8;2115207168;0
139.8;2115207168;0
239.6;2115469312;0
683.8;2115862528;1
708.2;2115862528;0
698.6;2115862528;0
698.5;2115862528;0
678.7;2115993600;0
698.5;2115993600;0
698.8;2115993600;0
598.6;2115993600;0
598.6;2115993600;0
627.0;2115993600;2
699.0;2115993600;0
693.9;2115993600;2
698.6;2115993600;0
598.8;2115993600;0
608.9;2115993600;0
588.9;2115993600;0
189.7;2115993600;0
99.8;2115993600;0
99.8;2115993600;0
99.8;2115993600;0
109.8;2116255744;5
99.8;2116255744;0
99.8;2116255744;0
109.8;2116255744;0
199.6;2116386816;0
689.4;2116780032;0
789.9;2116780032;2
805.3;2116780032;0
800.5;2116780032;2
738.4;2116780032;0
708.8;2116780032;0
698.1;2116780032;0
698.6;2116780032;0
698.5;2116780032;2
698.6;2116780032;0
698.4;2116780032;0
618.8;2116780032;0
598.4;2116780032;0
578.1;2116780032;0
419.1;2116780032;1
309.4;2116780032;2
189.7;2116780032;0
169.7;2116780032;0
99.8;2116780032;0
99.8;2116780032;0
109.8;2117042176;10
99.8;2117042176;0
99.8;2117042176;0
99.8;2117042176;0
189.7;2117173248;0
583.5;2117828608;0
698.9;2117828608;0
693.4;2117828608;0
688.3;2117959680;0
698.8;2117959680;0
698.5;2117959680;2
628.6;2117959680;1
598.6;2117959680;0
588.6;2117959680;0
598.4;2117959680;0
598.5;2117959680;0
608.8;2117959680;0
598.9;2117959680;0
598.5;2117959680;0
598.5;2117959680;0
568.4;2117959680;2
449.2;2117959680;0
199.6;2117959680;0
109.8;2117959680;0
119.8;2118221824;5
99.8;2118221824;0
99.8;2118221824;0
99.8;2118221824;0
199.7;2118352896;0
596.2;2118746112;0
796.2;2118746112;1
767.4;2118746112;0
708.2;2118746112;0
698.5;2118746112;0
698.3;2118746112;0
698.6;2118746112;0
678.5;2118746112;2
698.6;2118746112;0
698.6;2118746112;2
698.7;2118746112;0
688.7;2118746112;2
478.8;2118746112;0
399.1;2118746112;0
399.2;2118746112;0
449.0;2118746112;0
279.4;2118746112;0
199.6;2118746112;2
199.6;2118746112;0
119.8;2119008256;5
99.8;2119008256;0
99.8;2119008256;0
99.8;2119139328;0
199.6;2119270400;0
613.2;2119794688;1
798.3;2119794688;0
800.5;2119794688;2
800.1;2119925760;0
797.4;2119925760;0
747.6;2119925760;0
698.7;2119925760;2
698.6;2119925760;0
698.3;2119925760;2
698.7;2119925760;0
698.2;2119925760;0
698.3;2119925760;0
658.4;2119925760;0
598.4;2119925760;0
598.8;2119925760;0
419.2;2119925760;0
209.7;2119925760;0
119.8;2119925760;0
99.8;2119925760;0
99.8;2119925760;2
99.8;2120056832;2
99.8;2120056832;0
