109.8;447676416;12
179.7;506302464;788
119.8;606572544;921
99.9;644845568;1208
109.8;704876544;1191
129.8;713592832;1297
109.8;713592832;1483
99.8;713592832;1535
99.8;713592832;1522
99.9;713592832;1500
99.9;713592832;1538
99.9;771788800;1205
99.9;873762816;1008
99.9;975867904;1008
99.9;1078235136;1011
99.9;1180602368;1011
99.8;1283100672;1012
109.8;1385467904;1011
89.9;1403424768;1426
89.9;1403424768;1552
99.8;1403424768;1553
89.9;1403424768;1546
99.8;1403424768;1547
89.9;1403424768;1552
109.8;1403424768;1529
99.8;1403424768;1511
99.8;1403424768;1553
99.8;1403424768;1544
99.8;1403424768;1550
99.8;1403424768;1527
99.8;1403424768;1303
99.8;1403424768;1434
89.8;1403424768;1532
99.9;1403424768;1532
99.9;1403424768;1516
99.8;1403424768;1556
109.8;1433571328;16
99.8;1433571328;0
99.8;1433571328;0
99.8;1433571328;0
179.7;1433571328;1
541.0;1437999104;3
798.9;1440423936;3
803.1;1440350208;2
787.8;1440481280;2
735.7;1455554560;2
789.0;1455554560;2
784.8;1454813184;2
796.4;1454813184;2
771.7;1454813184;2
792.7;1454813184;2
795.7;1454813184;2
788.9;1661382656;2
806.0;1786294272;0
787.3;1791930368;2
798.8;1792585728;3
805.6;1792585728;2
678.2;1792585728;2
558.9;1792585728;3
309.5;1792847872;3
99.1;1792847872;2
99.8;1792847872;0
99.8;1792847872;0
169.7;1793110016;0
439.3;1793634304;1
722.3;1793634304;0
688.7;1793634304;2
698.6;1793634304;2
698.6;1793634304;0
782.8;1792737280;2
685.6;1809252352;2
708.8;2113994752;0
688.5;2116616192;0
698.3;2116616192;2
708.7;2116616192;0
678.6;2116616192;2
598.7;2116616192;0
539.3;2116616192;2
359.4;2116616192;0
299.4;2116616192;0
299.5;2116616192;0
299.4;2116616192;2
299.4;2116616192;1
149.8;2116878336;5
99.8;2116878336;0
99.8;2116878336;0
109.8;2117009408;1
209.7;2117140480;1
674.9;2117664768;1
791.2;2117664768;2
798.6;2117664768;0
798.2;2117664768;2
794.6;2117664768;0
801.8;2117664768;2
804.5;2117664768;0
703.5;2117664768;2
698.7;2117664768;0
658.9;2117664768;2
598.5;2117664768;0
608.2;2117664768;0
589.0;2117664768;2
518.9;2117664768;1
399.3;2117664768;0
379.4;2117664768;2
249.6;2117664768;0
199.7;2117664768;0
119.8;2117795840;4
99.8;2117795840;0
99.8;2117795840;0
119.8;2118057984;0
199.6;2118057984;0
550.2;2118844416;3
697.4;2118844416;0
697.1;2118844416;0
698.4;2118844416;0
698.1;2118844416;0
688.2;2118844416;0
698.6;2118844416;0
698.6;2118844416;0
678.8;2118844416;0
796.5;2118844416;0
787.7;2118844416;0
439.3;2118844416;0
503.5;2118844416;2
494.9;2118844416;0
498.8;2118844416;0
567.5;2118844416;2
379.3;2118844416;0
229.6;2118844416;0
149.7;2118844416;2
99.8;2118975488;6
99.8;2119106560;2
99.8;2119106560;0
99.8;2119106560;0
159.7;2119237632;0
451.4;2119761920;1
798.8;2119761920;1
798.8;2119761920;0
790.9;2119761920;0
803.1;2119761920;0
756.8;2119761920;0
708.4;2119761920;0
706.5;2119761920;0
708.4;2119761920;0
698.3;2119761920;0
668.7;2119761920;2
609.0;2119761920;0
638.6;2119761920;2
598.7;2119761920;0
608.6;2119761920;0
449.2;2119761920;0
399.1;2119761920;0
289.3;2119892992;3
89.9;2120024064;2
99.8;2120024064;0
99.8;2120024064;0
159.8;2120024064;0
383.4;2120679424;0
718.5;2120679424;1
693.3;2120679424;0
698.3;2120679424;0
698.4;2120679424;0
688.7;2120679424;2
606.0;2120679424;0
698.0;2120679424;0
698.3;2120679424;0
698.4;2120679424;0
688.6;2120679424;2
698.3;2120679424;0
698.7;2120679424;2
728.3;2120810496;3
688.7;2120810496;0
648.5;2120810496;1
469.2;2120810496;0
219.6;2120810496;0
169.6;2120941568;2
99.8;2121072640;2
99.9;2121072640;0
99.8;2121072640;0
179.7;2121203712;0
522.6;2121859072;1
658.8;2121859072;0
588.9;2121859072;0
598.9;2121859072;0
598.7;2121859072;0
608.7;2121859072;0
598.5;2121859072;0
688.7;2121859072;0
708.5;2121859072;0
698.6;2121859072;0
697.8;2121859072;0
638.4;2121859072;0
598.7;2121859072;0
598.8;2121859072;0
588.9;2121859072;1
499.1;2121859072;0
379.3;2121859072;0
399.3;2121859072;1
149.7;2121990144;5
99.8;2121990144;0
99.8;2121990144;0
119.8;2122121216;0
219.6;2122252288;0
721.0;2122907648;0
803.3;2122907648;0
805.2;2122907648;0
799.5;2122907648;0
819.2;2122907648;0
766.1;2122907648;1
698.3;2122907648;0
698.3;2122907648;0
688.1;2122907648;2
698.4;2122907648;0
698.4;2122907648;0
698.2;2122907648;0
648.8;2122907648;2
539.0;2122907648;0
269.5;2122907648;0
199.6;2122907648;0
149.6;2123038720;8
99.8;2123169792;2
99.8;2123169792;0
99.8;2123169792;0
179.7;2123169792;0
375.3;2123563008;0
806.6;2123694080;0
808.7;2123694080;0
796.5;2123694080;0
800.7;2123694080;0
796.3;2123694080;0
789.0;2123694080;0
695.5;2123694080;1
698.4;2123694080;2
698.5;2123694080;0
688.6;2123694080;0
698.4;2123694080;0
688.7;2123694080;0
459.2;2123694080;0
299.4;2123694080;0
309.4;2123694080;0
219.6;2123694080;0
99.8;2123694080;0
99.8;2123694080;0
99.8;2123694080;0
99.8;2123694080;0
109.8;2123694080;0
99.8;2123825152;3
99.8;2123825152;2
99.8;2123825152;0
99.8;2123825152;0
159.7;2123956224;0
382.4;2124742656;0
798.1;2124742656;0
803.8;2124742656;0
798.5;2124742656;0
798.2;2124742656;0
617.9;2124742656;2
598.6;2124742656;0
608.4;2124742656;2
598.3;2124742656;0
538.8;2124742656;2
499.0;2124742656;0
499.0;2124742656;0
489.0;2124742656;2
498.7;2124742656;0
498.5;2124742656;2
498.9;2124742656;0
429.2;2124742656;0
299.4;2124742656;0
209.5;2124873728;2
99.8;2125004800;2
99.8;2125004800;0
99.8;2125004800;0
169.7;2125004800;0
469.5;2125791232;2
798.7;2125791232;0
799.8;2125791232;2
797.2;2125791232;0
797.5;2125791232;0
810.6;2125791232;0
789.6;2125791232;0
775.4;2125791232;0
697.8;2125791232;0
702.9;2125791232;0
708.4;2125791232;0
684.7;2125791232;0
708.5;2125791232;0
648.0;2125791232;0
559.0;2125791232;0
508.9;2125791232;2
249.4;2125791232;0
139.7;2125791232;2
99.7;2125922304;2
99.8;2125922304;0
99.8;2125922304;0
199.7;2126053376;0
592.5;2126708736;2
696.7;2126708736;0
698.1;2126708736;0
708.4;2126708736;0
