0.0;10514432;0
0.0;10514432;0
0.0;10514432;0
0.0;10514432;0
33.6;11096064;0
85.2;11210752;0
86.0;12214272;0
83.1;11579392;0
100.8;11644928;0
71.0;12238848;0
100.8;11845632;0
83.1;11984896;0
86.0;11702272;0
71.0;11837440;0
84.0;12644352;0
83.1;12787712;0
71.7;12513280;0
99.7;13058048;0
66.5;12656640;0
85.2;12795904;0
86.0;12931072;0
66.5;13070336;0
99.7;12652544;0
57.3;12787712;0
156.2;14196736;502
66.5;13660160;7
83.1;13737984;0
84.0;13737984;0
71.0;13336576;0
100.3;13336576;0
66.5;12922880;0
99.7;12922880;0
71.0;13758464;0
86.0;13742080;0
86.0;13336576;0
66.5;13340672;0
100.8;13737984;0
42.6;12922880;0
114.7;47931392;0
133.0;86298624;0
134.4;118517760;0
116.4;143515648;0
133.0;171708416;0
114.7;201052160;0
149.6;199610368;678
199.5;199610368;754
66.5;199573504;0
86.0;199577600;0
56.8;199561216;0
84.0;199950336;0
66.5;200081408;0
86.0;200093696;0
85.2;200089600;0
67.2;200089600;0
83.1;200093696;0
66.5;200089600;0
84.0;200077312;0
71.0;200077312;0
66.5;200093696;0
83.1;200093696;0
57.3;200093696;0
85.2;200089600;0
67.2;200089600;0
66.5;200093696;0
83.1;200089600;0
71.0;200077312;0
86.0;200093696;0
71.7;200089600;0
83.1;200089600;0
67.2;200093696;0
49.9;200085504;0
86.0;200089600;0
56.8;200073216;0
86.0;200085504;0
66.5;200089600;0
83.1;200073216;0
134.4;214261760;0
266.0;251867136;0
200.7;281501696;0
255.7;303439872;0
168.0;324444160;0
249.3;350138368;0
216.1;375734272;0
252.0;390045696;0
142.0;202641408;0
129.0;204181504;0
149.6;204394496;0
117.6;204517376;0
149.6;204763136;0
133.0;204816384;0
143.3;204865536;0
133.0;204926976;0
149.6;205017088;0
116.4;205004800;0
201.6;205197312;0
66.5;205213696;0
199.5;205283328;0
43.0;205324288;0
149.6;205238272;0
66.5;205324288;0
127.8;205307904;0
129.0;205348864;0
172.0;205320192;0
99.7;205430784;0
168.0;205406208;0
133.0;205438976;0
149.6;205451264;0
182.8;205459456;0
114.7;205451264;0
172.0;205459456;0
85.2;205434880;0
200.7;205504512;0
66.5;205504512;0
198.9;205504512;0
86.0;205500416;0
199.5;205500416;0
100.8;205512704;0
199.5;205479936;0
99.7;205508608;0
172.0;205479936;0
127.8;205512704;0
143.3;205479936;0
149.6;205508608;0
100.8;205496320;0
133.0;205512704;0
99.7;205479936;0
151.2;205504512;0
85.2;205492224;0
172.0;205578240;0
85.2;205545472;0
172.0;205582336;0
100.3;205582336;0
199.5;205582336;0
67.2;205578240;0
182.8;205574144;0
133.0;205582336;0
199.5;205549568;0
116.4;217063424;0
172.0;217038848;0
170.5;228438016;0
272.4;257843200;0
229.4;283299840;0
166.2;310140928;0
249.3;324292608;0
199.5;348360704;0
249.3;370700288;0
252.0;391557120;0
232.7;304615424;0
149.6;204025856;0
86.0;204505088;0
156.2;204627968;0
86.0;204922880;0
199.5;204918784;0
100.8;205004800;0
99.7;205156352;0
133.0;205221888;0
100.8;205205504;0
166.2;205283328;0
99.7;205254656;0
166.2;205299712;0
43.0;205283328;0
151.2;205299712;0
66.5;205443072;0
166.2;205443072;0
201.6;205443072;0
66.5;205451264;0
199.5;205418496;0
99.7;205467648;0
166.2;205438976;0
134.4;205471744;0
133.0;205438976;0
143.3;205463552;0
100.8;205438976;0
199.5;205488128;0
66.5;205488128;0
199.5;205529088;0
66.5;205529088;0
201.6;205529088;0
66.5;205475840;0
199.5;205447168;0
100.8;205479936;0
166.2;205451264;0
133.0;205484032;0
133.0;205451264;0
166.2;205512704;0
100.8;205484032;0
199.5;205549568;0
86.0;205520896;0
201.6;205979648;0
66.5;205987840;0
198.9;205987840;0
86.0;206028800;0
170.5;206000128;0
129.0;206077952;0
143.3;206049280;0
156.2;206159872;0
134.4;206131200;0
201.6;206254080;0
49.9;206237696;0
166.2;206368768;0
99.7;206422016;0
199.5;206446592;0
149.6;217817088;0
184.8;225832960;0
232.7;260632576;0
299.2;283947008;0
235.2;311902208;0
232.7;333459456;0
266.0;357490688;0
258.0;384950272;0
213.1;391028736;0
157.7;205938688;0
129.0;206102528;0
199.5;206102528;0
84.0;206192640;0
143.3;206376960;0
116.4;206438400;0
166.2;206409728;0
116.4;206446592;0
168.0;206422016;0
133.0;206557184;0
99.7;206524416;0
199.5;206622720;0
57.3;206831616;0
199.5;206831616;0
66.5;206856192;0
200.7;206856192;0
66.5;206860288;0
172.0;206831616;0
114.7;206860288;0
166.2;206835712;0
143.3;206884864;0
114.7;206856192;0
199.5;206962688;0
49.9;206974976;0
157.7;207089664;0
71.0;207130624;0
157.7;207114240;0
134.4;207175680;0
149.6;207151104;0
133.0;207183872;0
84.0;207151104;0
142.0;207179776;0
114.7;207151104;0
166.2;207179776;0
198.9;207220736;0
84.0;207306752;0
201.6;207306752;0
116.4;207310848;0
166.2;207282176;0
151.2;207314944;0
133.0;207282176;0
182.8;207314944;0
86.0;207286272;0
199.5;207310848;0
83.1;207351808;0
201.6;207351808;0
86.0;207495168;0
170.5;207466496;0
129.0;207495168;0
143.3;207466496;0
156.2;207499264;0
114.7;207466496;0
142.0;207585280;0
86.0;207556608;0
172.0;207777792;0
66.5;207794176;0
198.9;207794176;0
86.0;212992000;0
235.2;241864704;0
299.2;271265792;0
198.9;298336256;0
301.0;318001152;0
299.2;344084480;0
199.5;370593792;0
252.0;391241728;0
199.5;259432448;0
66.5;206462976;0
166.2;208134144;0
67.2;208334848;0
133.0;208691200;0
199.5;208658432;0
99.7;208871424;0
133.0;209022976;0
100.8;209063936;0
129.0;209149952;0
85.2;209178624;0
143.3;209195008;0
84.0;209510400;0
149.6;209608704;0
199.5;209608704;0
66.5;209739776;0
170.5;209715200;0
129.0;209760256;0
143.3;209735680;0
182.8;209821696;0
116.4;209829888;0
127.8;209928192;0
129.0;210014208;0
100.3;209985536;0
