0.0;10506240;0
0.0;10506240;0
0.0;10506240;0
49.9;11063296;0
113.6;11948032;0
184.8;12062720;0
149.6;13164544;0
129.0;13692928;0
129.0;12656640;0
133.0;14090240;0
116.4;12910592;0
143.3;14127104;0
133.0;13103104;0
149.6;13582336;0
86.0;13230080;0
166.2;13742080;0
149.6;13778944;0
86.0;13377536;0
186.4;13828096;0
149.6;14159872;0
100.8;15069184;0
184.7;14819328;0
114.7;15089664;0
199.5;15093760;0
84.0;15118336;0
182.8;15118336;0
100.3;14491648;0
157.7;15077376;0
199.5;15134720;0
133.0;15306752;0
186.4;15310848;0
114.7;15597568;0
182.8;14974976;0
117.6;15454208;0
156.2;15093760;377
129.0;15556608;121
116.4;14708736;0
134.4;15585280;0
166.2;15114240;0
172.0;15618048;0
182.8;15118336;0
166.2;15175680;0
99.7;14716928;0
157.7;15224832;0
116.4;15290368;0
116.4;14774272;0
184.8;15196160;0
85.2;15466496;0
186.4;16044032;0
113.6;15626240;0
201.6;15630336;0
66.5;15925248;0
199.5;25845760;0
134.4;29847552;0
298.3;65531904;0
172.0;97878016;0
299.2;123363328;0
168.0;143175680;0
213.1;169312256;0
201.6;193798144;0
232.7;199962624;279
199.5;200921088;773
213.1;200871936;380
157.7;200867840;0
83.1;201277440;0
182.8;201277440;0
117.6;201277440;0
198.9;201277440;0
83.1;201302016;0
142.0;201293824;0
117.6;201306112;0
182.8;201310208;0
129.0;201342976;0
186.4;201330688;0
113.6;201347072;0
149.6;201330688;0
133.0;201379840;0
168.0;201363456;0
184.7;201379840;0
157.7;201363456;0
199.5;201379840;0
133.0;201367552;0
166.2;201363456;0
83.1;201351168;0
186.4;201375744;0
170.5;201392128;0
200.7;201392128;0
99.7;201388032;0
149.6;201371648;0
149.6;201383936;0
182.8;201388032;0
114.7;201375744;0
127.8;201392128;0
186.4;201371648;0
149.6;201388032;0
116.4;201359360;0
133.0;201388032;0
114.7;201363456;0
129.0;201392128;0
113.6;201363456;0
143.3;201375744;0
99.7;201363456;0
199.5;201379840;0
116.4;201375744;0
199.5;201396224;0
67.2;201408512;0
182.8;201404416;0
129.0;201400320;0
200.7;201400320;0
113.6;201404416;0
215.0;212774912;0
184.7;219615232;0
215.0;255168512;0
201.6;280748032;0
216.1;306667520;0
266.0;326172672;0
218.4;353722368;0
284.1;374378496;0
157.7;389808128;0
255.7;245878784;0
129.0;205062144;0
172.0;205103104;0
71.0;205332480;0
200.7;205332480;0
86.0;205389824;0
184.7;205389824;0
143.3;205418496;0
149.6;205385728;0
100.8;205561856;0
182.8;205537280;0
133.0;205570048;0
151.2;205537280;0
142.0;205578240;0
129.0;205561856;0
184.7;205623296;0
143.3;205606912;0
86.0;205598720;0
184.7;205852672;0
67.2;205905920;0
182.8;205914112;0
66.5;205910016;0
199.5;205910016;0
83.1;205910016;0
184.8;205901824;0
116.4;205934592;0
149.6;205901824;0
114.7;205950976;0
127.8;205926400;0
143.3;206012416;0
127.8;205996032;0
143.3;206036992;0
57.3;206069760;0
184.7;206102528;0
114.7;206307328;0
114.7;206319616;0
182.8;206323712;0
149.6;206389248;0
199.5;206401536;0
117.6;206446592;0
166.2;206434304;0
133.0;206446592;0
168.0;206442496;0
166.2;206458880;0
99.7;206430208;0
216.1;206442496;0
143.3;206446592;0
184.8;206454784;0
166.2;210137088;0
199.5;213893120;0
201.6;244682752;0
266.0;268935168;0
166.2;299716608;0
299.2;319115264;0
199.5;346046464;0
218.4;371245056;0
232.7;390995968;0
232.7;223563776;0
100.8;206028800;0
199.5;206340096;0
149.6;206491648;0
83.1;207388672;0
184.7;207388672;0
114.7;207376384;0
129.0;207466496;0
156.2;207450112;0
129.0;207499264;0
143.3;207482880;0
142.0;207511552;0
133.0;207482880;0
199.5;207560704;0
149.6;207560704;0
184.8;207790080;0
116.4;207810560;0
199.5;207810560;0
84.0;207814656;0
182.8;207863808;0
149.6;207892480;0
149.6;207872000;0
166.2;207982592;0
151.2;208048128;0
182.8;208093184;0
99.7;208064512;0
201.6;208142336;0
133.0;208146432;0
182.8;208220160;0
116.4;208330752;0
182.8;208330752;0
151.2;208338944;0
199.5;208338944;0
116.4;208371712;0
157.7;208343040;0
99.7;208371712;0
127.8;208343040;0
143.3;208396288;0
99.4;208363520;0
172.0;208392192;0
86.0;208363520;0
182.8;208420864;0
66.5;208490496;0
168.0;208478208;0
143.3;208629760;0
170.5;208596992;0
99.7;208642048;0
156.2;208629760;0
200.7;220209152;0
200.7;234229760;0
227.3;266792960;0
200.7;296243200;0
301.0;317857792;0
255.7;340336640;0
301.0;365240320;0
241.5;390254592;0
286.7;391307264;0
172.0;205348864;0
99.7;205492224;0
166.2;206008320;0
151.2;206077952;0
182.8;206270464;0
133.0;206258176;0
215.0;206348288;0
85.2;206344192;0
186.4;206409728;0
114.7;206413824;0
156.2;206405632;0
83.1;206442496;0
172.0;206422016;0
99.7;206434304;0
166.2;206430208;0
99.4;206454784;0
166.2;206536704;0
100.8;206508032;0
186.4;206598144;0
71.0;206614528;0
116.4;206585856;0
199.5;206618624;0
99.7;206614528;0
184.8;206630912;0
149.6;206692352;0
182.8;206745600;0
100.8;206876672;0
166.2;206864384;0
99.7;206999552;0
182.8;206974976;0
142.0;207007744;0
143.3;206979072;0
143.3;207142912;0
99.4;207134720;0
186.4;207368192;0
114.7;207368192;0
99.4;207421440;0
199.5;207421440;0
116.4;207425536;0
182.8;207425536;0
134.4;207396864;0
133.0;207425536;0
149.6;207396864;0
168.0;207482880;0
83.1;207458304;0
170.5;207527936;0
172.0;210931712;0
227.3;215875584;0
243.7;247730176;0
268.8;272625664;0
199.5;301191168;0
249.3;320229376;0
268.8;348946432;0
282.6;373428224;0
269.9;391708672;0
200.7;216428544;0
149.6;208261120;0
66.5;208486400;0
134.4;208613376;0
129.0;208658432;0
156.2;208703488;0
157.7;208719872;0
157.7;208695296;0
166.2;208719872;0
99.7;208695296;0
199.5;208785408;0
116.4;208871424;0
