0.0;10506240;0
0.0;10506240;0
0.0;10506240;0
49.9;11108352;0
66.5;11206656;0
86.0;11415552;0
66.5;11546624;0
99.7;12013568;0
71.7;11812864;0
83.1;11943936;0
83.1;11948032;0
71.7;11661312;0
85.2;12611584;0
66.5;12353536;0
99.7;12361728;0
71.7;12898304;0
71.0;13037568;0
84.0;12771328;0
66.5;13172736;0
100.3;13303808;0
56.8;12619776;0
100.8;13139968;0
66.5;13176832;0
166.2;13332480;509
86.0;13373440;0
66.5;13291520;0
99.7;13295616;0
66.5;13692928;0
71.7;12877824;0
83.1;12877824;0
67.2;12877824;0
83.1;13295616;0
71.7;13291520;0
83.1;13692928;0
67.2;13291520;0
66.5;13291520;0
57.3;12877824;0
157.7;45400064;0
166.2;78725120;0
149.6;108867584;0
149.6;131268608;0
172.0;157954048;0
142.0;185311232;0
168.0;199573504;208
182.8;199688192;764
133.0;199647232;460
99.4;199651328;0
67.2;199634944;0
99.7;199634944;0
66.5;199671808;0
71.7;199667712;0
85.2;199667712;0
66.5;199667712;0
99.7;199667712;0
67.2;199671808;0
56.8;199819264;0
84.0;200114176;0
83.1;200114176;0
66.5;200130560;0
66.5;200130560;0
100.3;200126464;0
71.7;200130560;0
83.1;200126464;0
84.0;200114176;0
66.5;200114176;0
66.5;200130560;0
71.0;200130560;0
86.0;200130560;0
71.7;200126464;0
83.1;200126464;0
67.2;200130560;0
83.1;200114176;0
66.5;200130560;0
71.0;200130560;0
71.7;200114176;0
99.7;222167040;0
133.0;262180864;0
151.2;294109184;0
116.4;316915712;0
129.0;349663232;0
113.6;376545280;0
134.4;389541888;0
66.5;203550720;0
66.5;203685888;0
84.0;203685888;0
71.0;203685888;0
100.3;203685888;0
56.8;203669504;0
84.0;203673600;0
66.5;203689984;0
66.5;203685888;0
84.0;203689984;0
71.0;203689984;0
100.3;203837440;0
56.8;203825152;0
100.3;203841536;0
66.5;203837440;0
66.5;203837440;0
84.0;203837440;0
71.0;203837440;0
86.0;203968512;0
56.8;204001280;0
84.0;204017664;0
99.7;204001280;0
57.3;204001280;0
86.0;204013568;0
71.0;204017664;0
83.1;204017664;0
83.1;204017664;0
67.2;204017664;0
99.7;204001280;0
66.5;204001280;0
86.0;204001280;0
85.2;219525120;0
129.0;261820416;0
127.8;294412288;0
114.7;316887040;0
133.0;350523392;0
116.4;381341696;0
134.4;388968448;0
83.1;204480512;0
66.5;204406784;0
83.1;204406784;0
66.5;204406784;0
71.7;204390400;0
71.0;204525568;0
71.7;204562432;0
86.0;204558336;0
66.5;204566528;0
99.7;204570624;0
66.5;204640256;0
100.8;204623872;0
66.5;204636160;0
66.5;204640256;0
86.0;204636160;0
71.0;204640256;0
100.3;204709888;0
56.8;204693504;0
100.3;204705792;0
71.7;204709888;0
66.5;204705792;0
84.0;204705792;0
66.5;204705792;0
99.7;204693504;0
66.5;204709888;0
83.1;204705792;0
67.2;204709888;0
83.1;204705792;0
83.1;204709888;0
84.0;204693504;0
33.2;204693504;0
182.8;237727744;0
199.5;271994880;0
258.0;299384832;0
186.4;321089536;0
198.9;350961664;0
286.7;377872384;0
232.7;391008256;0
199.5;204738560;0
83.1;206233600;0
166.2;206704640;0
33.6;207187968;0
157.7;207192064;0
71.0;207257600;0
151.2;207278080;0
66.5;207331328;0
133.0;207384576;0
143.3;207441920;0
99.7;207450112;0
151.2;207503360;0
99.7;207503360;0
149.6;207523840;0
134.4;207507456;0
166.2;207577088;0
49.9;207613952;0
157.7;207691776;0
127.8;207724544;0
143.3;207884288;0
172.0;207884288;0
116.4;207912960;0
151.2;207925248;0
166.2;207925248;0
99.7;207908864;0
166.2;207990784;0
49.9;207962112;0
168.0;208117760;0
66.5;208195584;0
156.2;208596992;0
71.7;208609280;0
200.7;208609280;0
85.2;208609280;0
114.7;208592896;0
142.0;208609280;0
157.7;208580608;0
129.0;208973824;0
83.1;208957440;0
143.3;209027072;0
201.6;209051648;0
85.2;209022976;0
198.9;209059840;0
83.1;209059840;0
198.9;209059840;0
100.3;209248256;0
172.0;209223680;0
170.5;217620480;0
243.7;250613760;0
301.0;279134208;0
213.1;304488448;0
258.0;325332992;0
232.7;349085696;0
266.0;373534720;0
218.4;390840320;0
249.3;390905856;0
149.6;206872576;0
84.0;207048704;0
134.4;207257600;0
199.5;207241216;0
99.7;207298560;0
182.8;207265792;0
86.0;207355904;0
143.3;207495168;0
127.8;207466496;0
157.7;207634432;0
100.8;207630336;0
149.6;207630336;0
49.9;207679488;0
200.7;207679488;0
71.0;207720448;0
114.7;207769600;0
114.7;207790080;0
113.6;207777792;0
143.3;207806464;0
100.3;207802368;0
142.0;207806464;0
66.5;207790080;0
172.0;207872000;0
99.7;207958016;0
168.0;208064512;0
114.7;208154624;0
156.2;208154624;0
129.0;208146432;0
129.0;208203776;0
113.6;208175104;0
157.7;208195584;0
99.4;208187392;0
129.0;208285696;0
57.3;208306176;0
213.1;208420864;0
114.7;208429056;0
172.0;208433152;0
127.8;208420864;0
116.4;208494592;0
199.5;208482304;0
99.7;208584704;0
134.4;208564224;0
149.6;208711680;0
133.0;208683008;0
143.3;208703488;0
151.2;217124864;0
182.8;249241600;0
299.2;277966848;0
186.4;304889856;0
298.3;325378048;0
172.0;356585472;0
272.4;379252736;0
216.1;391176192;0
199.5;213864448;0
134.4;214921216;0
114.7;215085056;0
85.2;215371776;0
172.0;215474176;0
127.8;215445504;0
172.0;216113152;0
84.0;216027136;0
200.7;216141824;0
99.4;216145920;0
200.7;216145920;0
67.2;216199168;0
199.5;216166400;0
99.7;216281088;0
166.2;216256512;0
133.0;216358912;0
100.8;216326144;0
166.2;216473600;0
99.7;216449024;0
166.2;216481792;0
100.8;216498176;0
149.6;216485888;0
85.2;216551424;0
129.0;216535040;0
156.2;216682496;0
129.0;216694784;0
151.2;216694784;0
49.9;216682496;0
166.2;216895488;0
117.6;216989696;0
200.7;216989696;0
85.2;216985600;0
149.6;216985600;0
99.7;217133056;0
