0.0;10510336;0
0.0;10510336;0
0.0;10510336;0
49.9;12005376;0
116.4;11755520;0
143.3;12197888;0
142.0;13291520;0
149.6;12328960;0
143.3;13664256;0
114.7;12537856;0
166.2;13778944;0
117.6;12627968;0
184.7;13791232;0
116.4;12992512;0
199.5;14020608;0
100.3;13139968;0
198.9;13451264;0
157.7;14045184;0
66.5;14278656;0
199.5;14290944;0
99.4;14217216;0
200.7;14217216;0
86.0;14340096;0
198.9;14340096;0
100.8;14491648;0
116.4;14086144;0
143.3;14598144;0
184.7;13828096;0
117.6;14802944;0
166.2;14307328;0
182.8;14958592;0
143.3;14131200;0
142.0;15171584;0
149.6;14237696;0
182.8;15392768;0
157.7;14364672;0
184.7;15409152;0
184.8;15036416;472
216.1;15474688;26
100.3;14446592;0
142.0;14917632;0
114.7;14487552;0
182.8;15233024;0
83.1;15323136;0
200.7;15339520;0
85.2;15355904;0
157.7;14864384;0
99.7;15368192;0
184.8;15405056;0
133.0;15409152;0
200.7;15540224;0
83.1;15876096;0
199.5;15876096;0
116.4;15761408;0
182.8;14831616;0
129.0;15732736;0
149.6;14979072;0
151.2;15552512;0
156.2;14573568;0
229.4;31326208;0
299.2;66662400;0
201.6;93081600;0
282.6;117383168;0
200.7;140746752;0
272.4;161591296;0
166.2;187789312;0
249.3;200474624;213
182.8;201388032;774
235.2;201437184;445
83.1;201449472;0
186.4;201445376;0
100.3;201445376;0
184.7;201441280;0
133.0;201445376;0
199.5;201445376;0
117.6;201445376;0
184.7;201433088;0
143.3;201801728;0
182.8;201768960;0
133.0;201854976;0
133.0;201822208;0
157.7;201854976;0
129.0;201822208;0
133.0;201863168;0
100.8;201834496;0
149.6;201846784;0
99.7;201850880;0
198.9;201859072;0
134.4;201854976;0
99.7;201871360;0
199.5;201871360;0
84.0;201867264;0
199.5;201867264;0
66.5;201867264;0
198.9;201867264;0
100.3;201871360;0
186.4;201859072;0
99.7;201875456;0
184.8;201842688;0
133.0;201871360;0
157.7;201863168;0
170.5;201871360;0
116.4;201846784;0
201.6;202076160;0
99.4;202051584;0
172.0;202190848;0
129.0;202203136;0
199.5;202203136;0
66.5;202207232;0
182.8;202211328;0
134.4;202194944;0
83.1;202211328;0
172.0;202194944;0
100.8;202211328;0
184.7;202194944;0
114.7;202207232;0
182.8;202182656;0
134.4;202211328;0
149.6;202182656;0
166.2;202207232;0
129.0;202182656;0
142.0;202194944;0
100.3;202199040;0
213.1;213569536;0
258.0;243027968;0
200.7;274907136;0
284.1;293658624;0
151.2;317898752;0
266.0;337121280;0
216.1;364363776;0
216.1;390529024;0
232.7;352968704;0
184.8;204955648;0
170.5;205303808;0
157.7;205275136;0
157.7;205406208;0
149.6;205381632;0
182.8;205496320;0
116.4;205467648;0
218.4;205549568;0
83.1;205516800;0
200.7;205545472;0
100.3;205516800;0
184.7;205668352;0
129.0;205660160;0
85.2;205676544;0
200.7;205676544;0
66.5;205676544;0
166.2;205656064;0
100.8;205737984;0
182.8;205725696;0
166.2;205873152;0
149.6;205840384;0
166.2;205869056;0
117.6;205840384;0
216.1;205869056;0
100.3;205840384;0
172.0;205864960;0
71.0;205914112;0
172.0;205975552;0
71.0;206000128;0
168.0;205983744;0
66.5;206000128;0
182.8;206000128;0
134.4;205996032;0
199.5;205983744;0
99.7;205996032;0
149.6;205983744;0
133.0;206131200;0
143.3;206098432;0
142.0;206192640;0
100.3;206065664;0
157.7;206077952;0
85.2;206065664;0
200.7;206237696;0
83.1;206241792;0
184.8;206319616;0
66.5;206340096;0
198.9;206323712;0
86.0;206372864;0
172.0;206405632;0
142.0;206422016;0
157.7;206393344;0
156.2;217919488;0
272.4;237035520;0
200.7;264482816;0
269.9;292495360;0
172.0;316612608;0
302.4;338161664;0
149.6;368406528;0
299.2;390836224;0
133.0;267173888;0
182.8;205643776;0
117.6;206270464;0
166.2;206237696;0
133.0;206442496;0
134.4;206565376;0
66.5;206548992;0
199.5;206577664;0
99.4;206553088;0
166.2;206602240;0
201.6;206753792;0
83.1;206725120;0
149.6;206786560;0
67.2;206868480;0
182.8;206864384;0
133.0;206909440;0
170.5;206897152;0
116.4;206909440;0
184.8;206893056;0
113.6;206917632;0
143.3;206913536;0
172.0;206966784;0
127.8;206934016;0
172.0;207056896;0
83.1;207028224;0
184.7;207339520;0
86.0;207339520;0
200.7;207339520;0
99.4;207335424;0
172.0;207331328;0
157.7;207380480;0
85.2;207347712;0
143.3;207360000;0
127.8;207331328;0
172.0;207376384;0
100.3;207343616;0
182.8;207400960;0
133.0;207396864;0
100.8;207437824;0
182.8;207560704;0
116.4;207626240;0
199.5;207609856;0
99.7;207630336;0
168.0;207601664;0
116.4;207650816;0
149.6;207683584;0
168.0;207712256;0
116.4;207683584;0
182.8;207708160;0
172.0;207753216;0
184.7;207736832;0
114.7;207835136;0
166.2;207802368;0
213.1;220803072;0
243.7;256356352;0
235.2;286302208;0
266.0;312274944;0
266.0;330031104;0
282.6;357867520;0
232.7;384888832;0
151.2;390926336;0
215.0;205266944;0
113.6;205242368;0
114.7;205561856;0
186.4;205549568;0
149.6;205746176;0
149.6;205717504;0
166.2;205795328;0
116.4;205766656;0
182.8;205938688;0
100.8;205983744;0
182.8;205983744;0
170.5;206118912;0
186.4;206106624;0
129.0;206123008;0
170.5;206094336;0
114.7;206123008;0
113.6;206094336;0
166.2;206082048;0
100.8;206049280;0
172.0;206106624;0
71.0;206110720;0
200.7;206110720;0
86.0;206213120;0
198.9;206245888;0
129.0;206331904;0
170.5;206303232;0
133.0;206368768;0
151.2;206385152;0
182.8;206491648;0
99.7;206458880;0
182.8;206667776;0
172.0;206757888;0
71.7;206770176;0
182.8;206819328;0
133.0;206835712;0
166.2;206819328;0
113.6;206970880;0
143.3;206966784;0
157.7;206991360;0
99.7;206962688;0
184.7;206995456;0
133.0;207106048;0
201.6;207106048;0
83.1;207142912;0
84.0;207163392;0
182.8;207212544;0
116.4;207351808;0
168.0;207323136;0
