0.0;10481664;0
0.0;10481664;0
0.0;10481664;0
0.0;10481664;0
49.9;12615680;0
99.7;12668928;0
85.2;12718080;0
100.3;12750848;0
66.5;12902400;0
100.3;10788864;0
57.3;12853248;0
99.7;10825728;0
66.5;13025280;0
86.0;10981376;0
71.7;13094912;0
99.7;11100160;0
84.0;13262848;0
71.0;11239424;0
83.1;13332480;0
83.1;11313152;0
100.8;13332480;0
71.0;11313152;0
100.3;13398016;0
66.5;11378688;0
99.7;13463552;0
49.9;12873728;0
99.7;13664256;0
86.0;13688832;173
99.4;13688832;0
67.2;13615104;0
99.7;13615104;0
66.5;13684736;0
99.4;13684736;0
71.7;14548992;0
100.3;14548992;0
66.5;13602816;0
100.8;13602816;0
14.2;11583488;0
143.3;37748736;0
166.2;72028160;0
184.8;101949440;0
149.6;124145664;0
199.5;143691776;0
143.3;170639360;0
198.9;196014080;0
133.0;196759552;399
199.5;199942144;674
50.4;200667136;359
99.7;200060928;0
43.0;200056832;0
100.3;200056832;0
42.6;200060928;0
100.3;200060928;0
16.6;200056832;0
100.8;200056832;0
42.6;200065024;0
100.8;200065024;0
33.2;200065024;0
99.7;200065024;0
28.4;200065024;0
86.0;198045696;0
16.6;200065024;0
99.7;198045696;0
67.2;200069120;0
83.1;198045696;0
57.3;200069120;0
71.0;198045696;0
57.3;200069120;0
71.7;198045696;0
66.5;200069120;0
50.4;198045696;0
86.0;200065024;0
49.9;198045696;0
99.7;200069120;0
43.0;198045696;0
100.8;200065024;0
28.4;198045696;0
83.1;205766656;0
71.7;203747328;0
42.6;205770752;0
66.5;203747328;0
56.8;205766656;0
67.2;203747328;0
49.9;205766656;0
49.9;203747328;0
57.3;205807616;0
42.6;203788288;0
71.7;205807616;0
28.4;203788288;0
71.7;205811712;0
14.3;203788288;0
85.2;205811712;0
14.3;203788288;0
114.7;205807616;0
14.2;205791232;0
86.0;203788288;0
0.0;205811712;0
100.8;203788288;0
16.6;205811712;0
71.0;203788288;0
28.7;205807616;0
83.1;203788288;0
33.2;205807616;0
66.5;203788288;0
49.9;205807616;0
67.2;203788288;0
42.6;205811712;0
43.0;203788288;0
71.7;205811712;0
49.9;203788288;0
57.3;205811712;0
56.8;203788288;0
57.3;205807616;0
43.0;203788288;0
66.5;205811712;0
33.2;203788288;0
0.0;207540224;0
83.1;209489920;0
16.6;211513344;0
49.9;209489920;0
42.6;211513344;0
43.0;209489920;0
43.0;211513344;0
28.4;209489920;0
66.5;211509248;0
0.0;209489920;0
83.1;209489920;0
0.0;209489920;0
86.0;209489920;0
0.0;209489920;0
83.1;209489920;0
16.8;211513344;0
49.9;209489920;0
33.2;211509248;0
50.4;209489920;0
43.0;211513344;0
28.4;209489920;0
66.5;211513344;0
0.0;209489920;0
83.1;211513344;0
0.0;209489920;0
99.7;209489920;0
0.0;209489920;0
67.2;209489920;0
0.0;211509248;0
56.8;209489920;0
43.0;211509248;0
49.9;209489920;0
16.6;211509248;0
50.4;209489920;0
33.2;211509248;0
33.2;209489920;0
50.4;211509248;0
33.2;209489920;0
0.0;209489920;0
114.7;217210880;0
85.2;216289280;0
100.3;217210880;0
99.7;219230208;0
66.5;215191552;0
28.7;217739264;0
28.7;215719936;0
49.9;217743360;0
99.7;217743360;0
166.2;219770880;0
116.4;217747456;0
184.8;219766784;0
16.6;215724032;0
66.5;215724032;0
0.0;215724032;0
100.3;217743360;0
116.4;219766784;0
166.2;217747456;0
149.6;219770880;0
83.1;215724032;0
50.4;217743360;0
16.6;215724032;0
56.8;217747456;0
14.3;215724032;0
57.3;215724032;0
0.0;215724032;0
83.1;215724032;0
0.0;215724032;0
66.5;215724032;0
14.3;217743360;0
100.3;217743360;0
113.6;217747456;0
100.3;217747456;0
143.3;219770880;0
113.6;217747456;0
157.7;219770880;0
127.8;217747456;0
129.0;224100352;0
100.3;223440896;0
113.6;223449088;0
28.7;221425664;0
50.4;223449088;0
16.6;221425664;0
66.5;223449088;0
28.7;221425664;0
99.7;223449088;0
99.7;223449088;0
67.2;221425664;0
14.3;223449088;0
33.2;221425664;0
42.6;223449088;0
28.7;221425664;0
67.2;223449088;0
99.7;223449088;0
116.4;221425664;0
0.0;221425664;0
42.6;221425664;0
0.0;221425664;0
100.8;223444992;0
116.4;225464320;0
99.7;223444992;0
134.4;223444992;0
99.7;223444992;0
133.0;223444992;0
49.9;221425664;0
56.8;221425664;0
0.0;221425664;0
84.0;223444992;0
99.7;223444992;0
83.1;221425664;0
0.0;223444992;0
50.4;221425664;0
33.2;223449088;0
28.4;221425664;0
0.0;221425664;0
133.0;229146624;0
99.7;229146624;0
117.6;229150720;0
83.1;231170048;0
71.0;227127296;0
28.7;229150720;0
100.3;229150720;0
113.6;229130240;0
100.3;229130240;0
156.2;231149568;0
71.7;227106816;0
86.0;229126144;0
0.0;227106816;0
83.1;229130240;0
100.8;229130240;0
133.0;229126144;0
113.6;231149568;0
172.0;229130240;0
127.8;231149568;0
143.3;229126144;0
143.3;231149568;0
99.4;227106816;0
66.5;229130240;0
16.6;229130240;0
71.7;227106816;0
43.0;229126144;0
28.4;227106816;0
66.5;229126144;0
100.3;229126144;0
100.3;227106816;0
0.0;227106816;0
99.7;229130240;0
0.0;229126144;0
99.7;229126144;0
99.7;229126144;0
67.2;227106816;0
0.0;227106816;0
116.4;234827776;0
14.3;232808448;0
100.8;232808448;0
0.0;232800256;0
99.7;234823680;0
16.6;234819584;0
100.3;234819584;0
142.0;234819584;0
16.6;232800256;0
71.7;234823680;0
43.0;232800256;0
71.0;234823680;0
16.6;232800256;0
100.3;234819584;0
14.3;234823680;0
99.7;232800256;0
16.6;234819584;0
49.9;232800256;0
49.9;234823680;0
16.6;232800256;0
83.1;234823680;0
0.0;232800256;0
100.8;234819584;0
0.0;234823680;0
49.9;232800256;0
42.6;234823680;0
28.7;232800256;0
71.7;234823680;0
43.0;232800256;0
99.7;234823680;0
0.0;232800256;0
99.7;234819584;0
116.4;236838912;0
