0.0;10510336;0
0.0;10510336;0
0.0;10510336;0
0.0;10510336;0
66.5;11739136;0
99.7;12181504;0
113.6;12828672;0
100.3;13262848;0
182.8;14487552;0
199.5;14098432;0
186.4;15429632;0
199.5;15785984;0
199.5;17203200;0
114.7;18907136;0
157.7;17002496;0
116.4;18518016;0
117.6;18558976;0
42.6;18702336;0
100.3;19107840;0
133.0;21340160;0
201.6;21741568;0
170.5;21946368;0
100.3;21938176;0
99.7;22953984;0
99.7;22941696;0
166.2;24653824;0
200.7;24784896;0
149.6;25182208;0
99.7;25169920;0
28.7;25956352;0
0.0;25956352;0
86.0;26849280;0
99.7;26836992;0
134.4;27553792;0
0.0;28495872;0
99.7;28483584;0
134.4;34775040;0
227.3;39141376;114
182.8;41013248;0
99.7;40980480;0
84.0;41021440;0
99.4;41013248;0
134.4;42663936;0
49.9;42643456;0
66.5;43536384;0
99.7;43528192;0
172.0;44412928;0
200.7;44404736;0
199.5;45273088;0
201.6;45260800;0
198.9;46329856;0
129.0;46579712;0
83.1;47824896;0
117.6;48750592;0
0.0;48697344;0
33.2;49594368;0
100.8;49582080;0
142.0;51306496;0
83.1;51281920;0
33.2;51384320;0
0.0;51355648;0
49.9;52121600;0
99.7;52113408;0
117.6;52641792;0
99.7;53051392;0
100.3;53923840;0
99.4;53915648;0
186.4;56070144;0
182.8;56201216;0
133.0;56578048;0
100.8;57446400;0
14.2;57405440;0
0.0;57405440;0
33.2;58257408;0
33.2;63176704;0
16.8;58880000;0
33.2;61775872;0
0.0;61767680;0
57.3;61927424;0
100.3;62054400;0
127.8;63037440;0
49.9;61255680;0
42.6;62062592;0
0.0;62062592;0
33.2;64020480;0
14.2;64901120;0
28.7;64962560;0
16.8;65871872;0
16.6;65974272;0
33.2;66891776;0
0.0;67006464;0
33.2;67891200;0
0.0;67997696;0
49.9;68882432;0
99.7;68870144;0
100.8;70684672;0
99.4;70672384;0
71.7;71155712;0
0.0;71155712;0
83.1;72044544;0
100.8;72032256;0
127.8;74043392;0
43.0;74121216;0
100.3;74125312;0
116.4;76468224;0
83.1;76443648;0
33.2;76509184;0
100.8;76500992;0
133.0;78196736;0
71.7;78180352;0
28.7;78176256;0
0.0;78176256;0
114.7;79568896;0
99.4;79568896;0
134.4;81920000;0
33.2;81899520;0
99.4;82391040;0
114.7;83050496;0
199.5;83046400;0
182.8;83955712;0
99.7;83927040;0
83.1;83918848;0
100.8;83906560;0
133.0;84860928;0
57.3;85073920;0
43.0;85962752;0
0.0;85962752;0
71.7;86859776;0
99.7;86847488;0
116.4;89133056;0
28.7;89133056;0
99.7;89120768;0
133.0;90820608;0
67.2;90779648;0
49.9;90841088;0
100.3;90828800;0
85.2;91283456;0
0.0;91283456;0
71.7;92229632;0
99.7;92315648;0
133.0;94736384;0
14.3;94875648;0
99.7;95035392;0
99.7;96280576;0
0.0;96260096;0
49.9;97259520;0
100.8;97247232;0
133.0;99028992;0
49.9;99012608;0
67.2;99250176;0
0.0;99250176;0
28.4;101281792;0
16.6;101994496;0
16.6;101363712;0
33.2;102711296;0
0.0;102690816;0
57.3;102703104;0
99.4;102690816;0
71.7;103776256;0
0.0;103776256;0
49.9;104906752;0
14.2;105824256;0
14.3;105934848;0
33.2;106938368;0
0.0;106926080;0
50.4;107958272;0
99.7;107950080;0
133.0;110551040;0
33.6;110530560;0
43.0;110542848;0
16.6;111390720;0
16.6;111349760;0
49.9;112250880;0
99.4;112238592;0
133.0;114520064;0
57.3;114495488;0
33.2;114466816;0
0.0;114466816;0
33.2;115314688;0
28.7;116207616;0
100.3;116195328;0
127.8;118337536;0
71.7;118317056;0
56.8;118398976;0
100.3;118390784;0
143.3;123846656;0
99.4;123846656;0
129.0;124952576;0
28.7;117592064;0
33.2;120909824;0
28.4;121847808;0
0.0;121847808;0
49.9;122793984;0
99.7;122785792;0
134.4;123969536;0
43.0;123949056;0
49.9;124874752;0
0.0;124874752;0
33.6;125874176;0
16.6;126459904;0
99.7;126861312;0
133.0;128581632;0
83.1;128557056;0
33.6;128528384;0
0.0;128528384;0
16.6;129593344;0
0.0;129593344;0
100.8;130588672;0
116.4;132579328;0
116.4;131596288;0
16.6;132747264;0
42.6;133550080;0
0.0;133652480;0
43.0;134545408;0
100.3;134533120;0
170.5;136564736;0
200.7;136708096;0
113.6;136896512;0
71.7;136871936;0
100.3;137752576;0
127.8;141021184;0
129.0;143339520;0
129.0;143994880;0
71.0;143962112;0
43.0;143986688;0
99.4;143978496;0
133.0;143081472;0
33.6;143065088;0
33.2;143925248;0
0.0;144826368;0
99.7;144814080;0
100.3;145690624;0
0.0;145690624;0
33.2;146575360;0
0.0;146575360;0
33.2;147701760;0
14.3;148553728;0
16.6;148647936;0
66.5;149594112;0
0.0;149594112;0
43.0;150810624;0
0.0;150810624;0
33.2;151797760;0
14.2;152682496;0
16.6;152784896;0
28.7;153772032;0
0.0;153772032;0
49.9;154759168;0
0.0;154759168;0
28.7;155746304;0
0.0;155746304;0
28.4;156733440;0
33.2;157609984;0
0.0;157855744;0
50.4;158887936;0
0.0;158887936;0
56.8;165670912;0
0.0;165670912;0
86.0;165883904;0
100.3;165883904;0
127.8;165306368;0
14.3;165326848;0
14.3;165298176;0
28.4;165281792;0
0.0;165281792;0
14.3;164786176;0
0.0;164786176;0
99.7;166834176;0
113.6;168038400;0
200.7;168067072;0
200.7;168931328;0
198.9;168919040;0
216.1;170311680;0
149.6;170287104;0
182.8;171192320;0
134.4;171151360;0
199.5;172036096;0
199.5;172912640;0
134.4;171483136;0
116.4;174313472;0
199.5;174297088;0
200.7;175169536;0
198.9;175153152;0
71.7;175968256;0
33.6;175935488;0
86.0;176771072;0
99.4;177643520;0
129.0;178483200;0
16.8;178483200;0
99.7;178475008;0
116.4;180097024;0
99.7;180084736;0
170.5;185667584;0
43.0;185651200;0
84.0;186691584;0
99.7;186691584;0
198.9;187588608;0
200.7;187576320;0
100.8;187576320;0
149.6;187584512;0
