0.0;10506240;0
0.0;10506240;0
0.0;10506240;0
0.0;10506240;0
49.9;12513280;0
100.3;12873728;0
149.6;14303232;0
67.2;12795904;0
42.6;14635008;0
0.0;14635008;0
66.5;14786560;0
99.7;15192064;0
116.4;15716352;0
100.3;16150528;0
182.8;17367040;0
199.5;17801216;0
43.0;17702912;0
0.0;17702912;0
100.3;19001344;0
99.7;20443136;0
100.8;20697088;0
127.8;21667840;0
100.3;20541440;0
33.2;22118400;0
0.0;21495808;0
66.5;22675456;0
99.7;22884352;0
143.3;24178688;0
198.9;24584192;0
117.6;24477696;0
0.0;24477696;0
49.9;26521600;0
0.0;26521600;0
71.7;27602944;0
100.3;27590656;0
116.4;28049408;0
100.8;28454912;0
142.0;38244352;114
100.3;38510592;0
127.8;40509440;0
0.0;41394176;0
33.2;41357312;0
28.4;42246144;0
100.3;42237952;0
116.4;42778624;0
99.7;42770432;0
127.8;44630016;0
57.3;44609536;0
28.7;45506560;0
0.0;45506560;0
43.0;46358528;0
0.0;46358528;0
99.7;47054848;0
99.7;47185920;0
133.0;49463296;0
28.7;49479680;0
14.2;49442816;0
43.0;50298880;0
14.3;50266112;0
16.6;51163136;0
99.7;51150848;0
133.0;53444608;0
71.7;51441664;0
43.0;53473280;0
0.0;53452800;0
33.6;54403072;0
0.0;54403072;0
49.9;54898688;0
99.7;55164928;0
133.0;56418304;0
33.6;56401920;0
33.2;57208832;0
0.0;57208832;0
100.8;58089472;0
114.7;60313600;0
16.6;59232256;0
33.2;60567552;0
0.0;60567552;0
28.7;62316544;0
0.0;62316544;0
71.0;63012864;0
100.3;63000576;0
186.4;63913984;0
199.5;63995904;0
133.0;64856064;0
99.7;64831488;0
100.3;64888832;0
113.6;67309568;0
114.7;67436544;0
16.6;67481600;0
14.2;67452928;0
28.7;68263936;0
0.0;68263936;0
43.0;69136384;0
0.0;69136384;0
71.0;70021120;0
100.3;70008832;0
129.0;72282112;0
16.6;72265728;0
28.7;72249344;0
0.0;73166848;0
14.3;73129984;0
43.0;74022912;0
99.7;74014720;0
166.2;76156928;0
200.7;76161024;0
127.8;76742656;0
133.0;76705792;0
49.9;77430784;0
0.0;77430784;0
100.3;78319616;0
127.8;81489920;0
143.3;80683008;0
16.6;81059840;0
14.2;81043456;0
43.0;81141760;0
99.4;81408000;0
129.0;82980864;0
43.0;82960384;0
33.2;83005440;0
0.0;83005440;0
33.2;83857408;0
0.0;83857408;0
100.3;84873216;0
113.6;86646784;0
200.7;86634496;0
182.8;87486464;0
99.7;87445504;0
67.2;88375296;0
0.0;88375296;0
49.9;89288704;0
99.7;89280512;0
166.2;90177536;0
200.7;90165248;0
156.2;90988544;0
100.3;90980352;0
33.2;91766784;0
14.2;92659712;0
99.7;92651520;0
133.0;94945280;0
200.7;94937088;0
172.0;95125504;0
85.2;95105024;0
43.0;95989760;0
0.0;95989760;0
83.1;96870400;0
99.7;96862208;0
133.0;99098624;0
14.3;99086336;0
151.2;99422208;0
99.7;99422208;0
199.5;101740544;0
168.0;101761024;0
127.8;102461440;0
71.7;102723584;0
0.0;102699008;0
49.9;103620608;0
0.0;103620608;0
66.5;104509440;0
99.7;104497152;0
184.8;106254336;0
199.5;106229760;0
133.0;106209280;0
99.7;106196992;0
129.0;107831296;0
14.3;107827200;0
99.7;107814912;0
133.0;109461504;0
67.2;109424640;0
49.9;109858816;0
99.7;110260224;0
133.0;111476736;0
33.2;111452160;0
84.0;112336896;0
99.7;112324608;0
199.5;114094080;0
201.6;114069504;0
116.4;114302976;0
99.7;115167232;0
0.0;115146752;0
49.9;116015104;0
0.0;115998720;0
43.0;116944896;0
0.0;116944896;0
33.2;117932032;0
0.0;117932032;0
86.0;118349824;0
16.6;121307136;0
99.4;121307136;0
133.0;122290176;0
198.9;122290176;0
157.7;122675200;0
100.3;122941440;0
99.4;123289600;0
100.3;123277312;0
143.3;124129280;0
14.2;124399616;0
100.3;124801024;0
127.8;126730240;0
71.7;126689280;0
43.0;126730240;0
99.4;126722048;0
166.2;128462848;0
201.6;128450560;0
133.0;129273856;0
99.7;129253376;0
16.6;130056192;0
0.0;130949120;0
99.7;130936832;0
100.8;132665344;0
99.7;132653056;0
116.4;133525504;0
100.8;133513216;0
149.6;134361088;0
16.6;134344704;0
99.7;134770688;0
116.4;136060928;0
83.1;136036352;0
33.6;136843264;0
0.0;136843264;0
42.6;137691136;0
0.0;137691136;0
114.7;141832192;0
100.3;141832192;0
116.4;144130048;0
99.7;144125952;0
0.0;144228352;0
42.6;144240640;0
100.3;144236544;0
129.0;144199680;0
42.6;144179200;0
83.1;145063936;0
114.7;145952768;0
100.3;145903616;0
133.0;148066304;0
0.0;146440192;0
57.3;147382272;0
99.4;147369984;0
172.0;149839872;0
201.6;149831680;0
199.5;149868544;0
199.5;151171072;0
201.6;151269376;0
116.4;152121344;0
33.2;152227840;0
133.0;153042944;0
99.7;153034752;0
83.1;154755072;0
0.0;154755072;0
86.0;154763264;0
113.6;156483584;0
200.7;156467200;0
200.7;157335552;0
199.5;157319168;0
199.5;158191616;0
166.2;158162944;0
116.4;159191040;0
71.7;159195136;0
157.7;165027840;0
99.4;165027840;0
33.2;165130240;0
28.7;165146624;0
100.3;165146624;0
142.0;165179392;0
199.5;165171200;0
133.0;165117952;0
49.9;165097472;0
84.0;165109760;0
99.7;165101568;0
198.9;166744064;0
157.7;167510016;0
0.0;167489536;0
57.3;168378368;0
99.7;168366080;0
149.6;170090496;0
16.6;170074112;0
99.4;170078208;0
116.4;171827200;0
201.6;171814912;0
199.5;171905024;0
198.9;172306432;0
200.7;174206976;0
134.4;174592000;0
83.1;174059520;0
16.6;174301184;0
99.7;175190016;0
116.4;176926720;0
99.7;176914432;0
134.4;177946624;0
43.0;177930240;0
28.4;178778112;0
0.0;178778112;0
86.0;179662848;0
100.3;179658752;0
227.3;186056704;0
200.7;186949632;0
199.5;186949632;0
149.6;187826176;0
134.4;186634240;0
143.3;186601472;0
