0.0;10502144;0
0.0;10502144;0
0.0;10502144;0
0.0;10502144;0
0.0;10502144;0
28.7;11702272;0
0.0;11702272;0
50.4;12668928;0
0.0;12668928;0
43.0;13615104;0
0.0;13615104;0
42.6;14569472;0
0.0;14569472;0
28.4;16408576;0
14.3;16564224;0
28.7;17358848;0
16.6;17645568;0
16.8;18309120;0
33.2;19271680;0
0.0;19394560;0
42.6;20090880;0
0.0;20344832;0
43.0;21291008;0
0.0;21291008;0
50.4;22233088;0
0.0;22233088;0
43.0;23179264;0
0.0;23179264;0
28.7;24133632;0
0.0;24133632;0
33.2;25530368;0
0.0;25530368;0
33.2;26525696;0
14.3;27414528;0
16.6;27652096;0
28.7;28528640;0
14.3;28639232;0
56.8;36294656;0
114.7;38019072;114
149.6;40108032;0
199.5;40280064;0
198.9;41164800;0
200.7;41164800;0
199.5;42049536;0
149.6;42295296;0
168.0;43634688;0
127.8;43601920;0
57.3;44392448;0
0.0;44392448;0
43.0;45264896;0
14.3;46166016;0
99.4;46157824;0
114.7;47575040;0
99.7;47525888;0
33.2;48414720;0
99.4;48402432;0
129.0;49356800;0
57.3;49336320;0
49.9;49803264;0
100.8;50204672;0
133.0;51322880;0
43.0;51306496;0
83.1;52191232;0
100.3;52183040;0
143.3;53903360;0
16.6;53886976;0
28.7;53862400;0
14.3;54730752;0
99.7;54718464;0
116.4;56602624;0
83.1;56561664;0
33.6;56573952;0
99.4;56561664;0
143.3;58277888;0
57.3;58257408;0
99.7;58720256;0
99.7;58720256;0
133.0;60674048;0
33.6;60653568;0
33.2;61620224;0
0.0;61620224;0
100.8;62504960;0
99.7;63787008;0
199.5;64737280;0
170.5;64397312;0
114.7;64626688;0
83.1;65474560;0
0.0;65458176;0
33.6;66281472;0
99.7;66269184;0
149.6;68100096;0
199.5;68231168;0
186.4;67764224;0
200.7;68169728;0
149.6;69890048;0
33.6;69861376;0
99.7;70811648;0
99.7;70799360;0
113.6;71344128;0
114.7;73658368;0
100.3;73633792;0
116.4;74510336;0
201.6;74502144;0
182.8;75350016;0
100.3;75321344;0
85.2;76283904;0
100.8;76271616;0
149.6;77193216;0
199.5;77197312;0
151.2;78024704;0
99.7;78012416;0
99.7;78553088;0
99.4;78819328;0
157.7;80519168;0
14.3;79241216;0
99.4;80896000;0
129.0;82321408;0
99.7;81661952;0
33.2;82178048;0
0.0;82157568;0
28.4;83030016;0
0.0;83030016;0
50.4;83812352;0
99.7;83800064;0
182.8;85647360;0
200.7;85667840;0
127.8;86491136;0
86.0;86466560;0
99.4;86626304;0
114.7;88616960;0
100.3;88834048;0
28.4;89042944;0
100.3;89047040;0
133.0;90554368;0
199.5;90824704;0
182.8;91688960;0
182.8;91680768;0
201.6;92545024;0
133.0;92524544;0
116.4;93106176;0
134.4;93945856;0
199.5;94797824;0
182.8;95649792;0
99.7;95608832;0
83.1;96174080;0
100.3;96575488;0
142.0;98340864;0
200.7;98328576;0
186.4;99192832;0
198.9;99180544;0
143.3;99946496;0
156.2;99979264;0
100.3;102137856;0
99.7;102137856;0
199.5;103112704;0
184.8;103374848;0
199.5;103497728;0
199.5;104275968;0
182.8;104280064;0
133.0;104587264;0
151.2;104583168;0
199.5;104759296;0
198.9;105164800;0
200.7;107757568;0
186.4;106885120;0
113.6;107806720;0
129.0;108675072;0
113.6;108605440;0
43.0;109191168;0
100.8;109334528;0
127.8;110727168;0
57.3;110706688;0
28.7;111566848;0
0.0;111566848;0
83.1;112451584;0
99.7;112443392;0
199.5;114204672;0
168.0;115224576;0
199.5;115212288;0
199.5;115253248;0
157.7;115728384;0
133.0;116858880;0
99.7;117260288;0
166.2;117542912;0
199.5;117534720;0
84.0;118603776;0
0.0;118603776;0
66.5;118484992;0
0.0;118484992;0
100.8;121438208;0
116.4;122535936;0
99.7;122777600;0
33.2;123187200;0
0.0;123301888;0
66.5;123822080;0
100.8;123965440;0
182.8;124338176;0
199.5;124342272;0
201.6;124354560;0
199.5;126005248;0
182.8;125980672;0
116.4;126853120;0
33.2;126988288;0
151.2;127971328;0
199.5;127959040;0
199.5;128286720;0
184.8;128544768;0
116.4;129048576;0
83.1;129056768;0
133.0;129814528;0
99.7;130084864;0
16.8;130822144;0
28.7;133033984;0
99.7;133021696;0
133.0;133902336;0
50.4;133881856;0
66.5;133885952;0
99.7;133877760;0
182.8;136339456;0
182.8;136327168;0
201.6;136364032;0
199.5;137342976;0
182.8;137588736;0
117.6;139431936;0
66.5;142827520;0
127.8;144744448;0
100.3;144744448;0
85.2;144728064;0
0.0;144728064;0
100.8;144732160;0
99.7;144723968;0
116.4;144859136;0
16.8;144855040;0
99.7;144846848;0
133.0;147128320;0
199.5;147116032;0
166.2;147140608;0
200.7;147124224;0
200.7;148226048;0
156.2;148238336;0
157.7;149983232;0
100.3;149970944;0
127.8;150814720;0
16.6;150630400;0
99.7;150618112;0
133.0;152866816;0
201.6;152858624;0
199.5;153718784;0
199.5;153706496;0
201.6;153731072;0
149.6;153980928;0
166.2;155754496;0
133.0;155717632;0
199.5;156553216;0
184.8;157413376;0
143.3;158363648;0
14.2;158302208;0
33.2;159199232;0
99.7;159186944;0
156.2;162586624;0
100.3;162586624;0
129.0;163119104;0
42.6;161845248;0
57.3;163618816;0
100.3;163614720;0
199.5;164495360;0
182.8;164483072;0
116.4;164442112;0
83.1;165302272;0
0.0;165277696;0
50.4;166166528;0
99.7;166146048;0
166.2;168345600;0
201.6;168337408;0
116.4;168742912;0
99.4;168730624;0
114.7;169328640;0
113.6;169787392;0
100.3;169775104;0
129.0;172335104;0
199.5;172335104;0
149.6;172978176;0
100.8;172965888;0
83.1;172904448;0
99.4;173174784;0
199.5;174358528;0
170.5;176103424;0
200.7;176091136;0
186.4;176644096;0
42.6;174886912;0
133.0;176332800;0
100.8;176648192;0
116.4;178814976;0
99.7;179220480;0
57.3;179179520;0
0.0;179179520;0
129.0;185450496;0
149.6;185688064;0
199.5;185688064;0
100.8;185421824;0
