0.0;10522624;0
0.0;10522624;0
0.0;10522624;0
0.0;10522624;0
49.9;11673600;0
99.7;12050432;0
116.4;12816384;0
100.3;13152256;0
166.2;14454784;0
182.8;14958592;0
143.3;16093184;0
99.4;16084992;0
16.6;16678912;0
0.0;16678912;0
100.8;16973824;0
99.4;17244160;0
129.0;18464768;0
0.0;18477056;0
99.7;18882560;0
116.4;20103168;0
200.7;20430848;0
182.8;20951040;0
199.5;21282816;0
201.6;23080960;0
170.5;22081536;0
143.3;22560768;0
49.9;22708224;0
168.0;25825280;0
198.9;25890816;0
200.7;25948160;0
182.8;26021888;0
116.4;25427968;0
71.0;25567232;0
186.4;28688384;0
199.5;28733440;0
199.5;28811264;0
157.7;29409280;0
170.5;29294592;0
157.7;40468480;114
99.7;40456192;0
117.6;41324544;0
99.4;41558016;0
28.7;42446848;0
100.3;42438656;0
149.6;43696128;0
66.5;43671552;0
66.5;44609536;0
0.0;44609536;0
42.6;45457408;0
0.0;45457408;0
84.0;46342144;0
99.4;46333952;0
186.4;48099328;0
199.5;46419968;0
134.4;48508928;0
85.2;49405952;0
100.3;49393664;0
114.7;51159040;0
199.5;51425280;0
182.8;51683328;0
199.5;51675136;0
200.7;52682752;0
182.8;52928512;0
151.2;52994048;0
149.6;53755904;0
129.0;54722560;0
85.2;54702080;0
67.2;55595008;0
99.7;55582720;0
66.5;56406016;0
0.0;56406016;0
99.7;57245696;0
99.7;58007552;0
116.4;58953728;0
0.0;59002880;0
117.6;59314176;0
127.8;62492672;0
86.0;62713856;0
33.2;62816256;0
99.7;62803968;0
133.0;63201280;0
16.8;64073728;0
99.7;64065536;0
100.3;64872448;0
198.9;65753088;0
129.0;65802240;0
114.7;65855488;0
49.9;66715648;0
0.0;66691072;0
43.0;67403776;0
99.4;67526656;0
157.7;69771264;0
199.5;69763072;0
151.2;69832704;0
99.7;69824512;0
100.3;70795264;0
100.3;70787072;0
199.5;72552448;0
199.5;73449472;0
99.7;73412608;0
117.6;73555968;0
99.4;73703424;0
129.0;74874880;0
71.7;74956800;0
33.2;75513856;0
99.7;75780096;0
133.0;77635584;0
50.4;77615104;0
66.5;77623296;0
99.7;77611008;0
172.0;79876096;0
184.7;79851520;0
215.0;80003072;0
199.5;80003072;0
201.6;81448960;0
133.0;82108416;0
166.2;82104320;0
200.7;82632704;0
198.9;82771968;0
200.7;84013056;0
184.7;83488768;0
117.6;84336640;0
99.7;84324352;0
166.2;86024192;0
201.6;86011904;0
142.0;86167552;0
100.3;86142976;0
28.4;86994944;0
0.0;86994944;0
33.6;87912448;0
28.7;88846336;0
14.2;88817664;0
43.0;89763840;0
0.0;89763840;0
49.9;90710016;0
0.0;90710016;0
66.5;91815936;0
99.7;91803648;0
134.4;94052352;0
16.6;94035968;0
99.7;94035968;0
100.8;95776768;0
116.4;96133120;0
16.6;96149504;0
99.7;96137216;0
133.0;98136064;0
201.6;98123776;0
149.6;98275328;0
100.3;98398208;0
114.7;99123200;0
99.4;99123200;0
186.4;100904960;0
184.7;100892672;0
200.7;101937152;0
199.5;102699008;0
199.5;102690816;0
117.6;103600128;0
149.6;103989248;0
133.0;104849408;0
199.5;104841216;0
182.8;105730048;0
134.4;105693184;0
99.7;106545152;0
99.7;106536960;0
134.4;107597824;0
16.6;107581440;0
99.7;108167168;0
99.7;109449216;0
99.7;109535232;0
33.6;110419968;0
99.7;110407680;0
133.0;112136192;0
67.2;112115712;0
66.5;112123904;0
99.7;112115712;0
133.0;114372608;0
16.6;114356224;0
100.8;114364416;0
99.7;116125696;0
99.7;116088832;0
117.6;116969472;0
199.5;116957184;0
166.2;117784576;0
99.7;117772288;0
49.9;118558720;0
0.0;118558720;0
66.5;118476800;0
0.0;118476800;0
99.7;121434112;0
100.8;122331136;0
199.5;122331136;0
199.5;123199488;0
99.7;123174912;0
99.7;122290176;0
100.8;122277888;0
166.2;124694528;0
199.5;124682240;0
134.4;124661760;0
99.7;124633088;0
99.7;125517824;0
99.7;127311872;0
199.5;127299584;0
172.0;128225280;0
200.7;128217088;0
198.9;128483328;0
157.7;128737280;0
157.7;130502656;0
127.8;129486848;0
114.7;131223552;0
99.4;131211264;0
186.4;132116480;0
200.7;133881856;0
199.5;133873664;0
199.5;133951488;0
184.8;133926912;0
149.6;135700480;0
149.6;134668288;0
116.4;136351744;0
99.7;136323072;0
86.0;136327168;0
100.3;136318976;0
199.5;138567680;0
199.5;141504512;0
218.4;144912384;0
199.5;145018880;0
166.2;145002496;0
133.0;144408576;0
56.8;144420864;0
172.0;144429056;0
200.7;144420864;0
198.9;144429056;0
157.7;144572416;0
84.0;145362944;0
129.0;146223104;0
99.4;146190336;0
129.0;147857408;0
0.0;147857408;0
83.1;148017152;0
100.8;148008960;0
199.5;149643264;0
199.5;150417408;0
117.6;150515712;0
83.1;150601728;0
99.7;150589440;0
133.0;152801280;0
56.8;152776704;0
57.3;152788992;0
100.3;152776704;0
127.8;155045888;0
16.6;155025408;0
100.3;155033600;0
129.0;156766208;0
99.4;156708864;0
43.0;156704768;0
0.0;156680192;0
42.6;157552640;0
86.0;157544448;0
134.4;160116736;0
33.2;160075776;0
85.2;162897920;0
100.3;162897920;0
186.4;165195776;0
198.9;165195776;0
143.3;165175296;0
99.7;163397632;0
83.1;164282368;0
117.6;165150720;0
99.7;165171200;0
99.4;165490688;0
0.0;165490688;0
67.2;166371328;0
99.7;166359040;0
149.6;168501248;0
100.3;168763392;0
56.8;168538112;0
0.0;168538112;0
100.3;169422848;0
129.0;171114496;0
71.0;171073536;0
43.0;171974656;0
0.0;171974656;0
33.6;172822528;0
0.0;172822528;0
14.3;173674496;0
33.2;174538752;0
0.0;174538752;0
49.9;175407104;0
0.0;175407104;0
49.9;176373760;0
0.0;176373760;0
99.4;177348608;0
129.0;179118080;0
200.7;179245056;0
184.7;179503104;0
199.5;179494912;0
201.6;181334016;0
116.4;181309440;0
99.4;188526592;0
33.2;188579840;0
99.7;188579840;0
