7.0;36.9;21.5;1.9;1.0;981.0
8.4;100.4;113.1;9.7;0.0;981.0
8.4;141.4;155.5;9.0;0.0;981.0
7.2;171.8;133.1;7.1;0.0;981.0
6.0;201.4;96.2;6.9;0.0;981.0
8.3;225.8;128.3;4.4;0.0;981.0
8.3;237.4;0.1;0.0;0.0;1084.0
8.4;717.0;61.4;33.0;4.0;5316.0
8.4;1023.5;0.4;32.9;52.0;7936.0
0.0;990.7;26.5;0.1;0.0;7936.0
0.0;990.7;44.8;0.0;0.0;7936.0
0.0;990.7;43.2;0.0;0.0;7936.0
0.0;990.7;46.4;0.0;0.0;7936.0
0.0;990.7;44.8;0.0;0.0;7936.0
0.0;990.7;44.8;0.0;0.0;7936.0
8.4;1209.8;5.3;0.0;5.0;8071.0
7.2;1525.8;32.4;0.4;33.0;8103.0
8.3;1525.9;176.8;2.5;54.0;8103.0
9.8;1525.9;194.9;1.6;45.0;8103.0
4.7;1525.9;176.5;1.3;50.0;8103.0
4.8;1525.9;161.1;1.2;47.0;8103.0
7.2;1525.9;176.5;1.2;40.0;8103.0
5.5;1525.9;159.5;1.2;47.0;8103.0
2.4;1525.9;174.7;1.2;44.0;8103.0
4.2;1525.9;157.3;1.0;49.0;8103.0
6.0;1525.9;165.2;1.2;45.0;8103.0
8.3;1525.9;181.7;1.7;60.0;8103.0
7.2;1525.9;228.7;2.1;55.0;8103.0
4.2;1525.9;198.0;1.7;56.0;8103.0
9.5;1525.9;179.4;1.4;54.0;8103.0
4.8;1525.9;191.1;1.5;50.0;8103.0
4.7;1525.9;193.8;1.4;46.0;8103.0
6.9;1525.9;182.5;1.4;48.0;8103.0
5.5;1525.9;185.6;1.4;47.0;8103.0
8.3;1525.9;195.8;2.1;56.0;8103.0
11.5;1525.9;234.8;2.1;61.0;8103.0
9.7;1525.9;206.7;1.6;56.0;8103.0
8.4;1525.9;205.1;1.6;57.0;8103.0
9.6;1525.9;202.8;1.6;55.0;8103.0
10.8;1525.9;195.6;1.4;57.0;8103.0
8.4;1525.9;158.0;1.1;23.0;8103.0
5.5;1525.9;186.1;1.4;42.0;8103.0
14.0;1525.9;225.0;2.2;59.0;8103.0
8.3;1525.9;212.9;1.7;56.0;8103.0
6.0;1525.9;196.4;1.6;50.0;8103.0
6.9;1525.9;193.5;1.6;50.0;8103.0
6.9;1525.9;192.1;1.5;50.0;8103.0
7.2;1525.9;185.6;1.4;47.0;8103.0
9.5;1525.9;180.9;1.3;46.0;8103.0
1.4;1525.9;160.4;1.3;41.0;8103.0
6.9;1525.9;233.1;2.2;56.0;8103.0
8.3;1525.9;217.2;1.8;51.0;8103.0
6.0;1525.9;202.0;1.6;51.0;8103.0
4.7;1525.9;210.1;1.6;54.0;8103.0
8.4;1525.9;195.1;1.5;50.0;8103.0
8.3;1525.9;190.0;1.5;48.0;8103.0
6.0;1525.9;197.3;1.4;51.0;8103.0
13.1;1525.9;173.1;1.7;60.0;8103.0
5.5;1525.9;222.2;2.0;54.0;8103.0
11.9;1525.9;219.4;1.9;53.0;8103.0
9.5;1525.9;198.4;1.6;54.0;8103.0
9.6;1525.9;197.7;1.6;50.0;8103.0
7.1;1525.9;184.1;1.5;48.0;8103.0
7.2;1525.9;200.6;1.5;49.0;8103.0
8.3;1525.9;198.0;1.7;60.0;8103.0
8.3;1525.9;221.6;1.9;61.0;8103.0
9.6;1525.9;177.6;1.4;57.0;8103.0
7.1;1525.9;216.8;1.7;55.0;8103.0
8.3;1525.9;201.6;1.5;56.0;8103.0
8.3;1525.9;193.2;1.5;57.0;8103.0
8.3;1526.0;200.8;1.5;54.0;8103.0
8.4;1526.0;192.0;1.4;54.0;8103.0
8.3;1526.0;219.2;2.1;61.0;8103.0
7.0;1526.1;222.0;1.9;60.0;8103.0
10.8;1526.1;210.8;1.7;52.0;8103.0
8.4;1526.1;204.3;1.5;55.0;8103.0
7.0;1526.1;174.5;1.3;54.0;8103.0
6.9;1526.1;197.3;1.5;52.0;8103.0
6.0;1526.1;187.5;1.4;48.0;8103.0
7.1;1526.1;191.8;1.6;41.0;8103.0
6.9;1526.1;228.2;2.1;57.0;8103.0
9.7;1526.1;217.6;1.7;59.0;8103.0
5.9;1526.1;204.4;1.6;53.0;8103.0
8.4;1526.1;201.5;1.6;54.0;8103.0
9.5;1526.1;193.7;1.5;51.0;8103.0
6.9;1526.1;196.8;1.4;52.0;8103.0
6.9;1526.1;178.3;1.2;57.0;8103.0
10.8;1526.1;216.2;2.2;59.0;8103.0
6.0;1526.1;213.7;1.9;60.0;8103.0
8.3;1526.1;218.1;1.7;59.0;8103.0
5.6;1526.1;204.1;1.6;50.0;8103.0
11.8;1526.1;204.2;1.6;56.0;8103.0
11.9;1526.1;196.6;1.5;48.0;8103.0
8.4;1526.1;200.9;1.5;58.0;8103.0
11.1;1526.1;179.1;1.5;43.0;8103.0
8.4;1526.1;207.0;1.8;57.0;8103.0
8.3;1526.1;204.6;1.6;51.0;8103.0
4.8;1526.1;209.1;1.5;53.0;8103.0
11.1;1526.1;200.5;1.5;55.0;8103.0
4.8;1526.1;206.0;1.5;53.0;8103.0
8.3;1526.1;178.9;1.3;49.0;8103.0
8.3;1526.1;195.3;1.5;54.0;8103.0
9.6;1526.1;177.3;1.5;50.0;8103.0
6.9;1526.1;234.5;2.2;60.0;8103.0
11.1;1526.1;217.2;1.7;59.0;8103.0
7.2;1526.1;218.0;1.6;53.0;8103.0
5.9;1526.1;200.7;1.5;57.0;8103.0
13.1;1526.1;220.1;1.5;58.0;8103.0
11.1;1526.1;190.4;1.4;51.0;8103.0
7.2;1526.1;193.7;1.3;53.0;8103.0
8.4;1526.1;186.6;1.6;60.0;8103.0
8.3;1526.1;217.7;1.7;55.0;8103.0
7.0;1526.1;196.5;1.5;53.0;8103.0
8.3;1526.1;195.4;1.5;50.0;8103.0
7.2;1526.1;195.7;1.4;56.0;8103.0
7.3;1526.1;209.3;1.4;54.0;8103.0
5.5;1526.1;197.6;1.4;53.0;8103.0
4.2;1526.1;186.9;1.3;49.0;8103.0
8.3;1526.1;183.3;1.6;37.0;8103.0
10.8;1526.1;234.9;2.2;61.0;8103.0
5.9;1526.1;218.5;1.8;59.0;8103.0
8.3;1526.1;220.3;1.8;58.0;8103.0
6.9;1526.1;210.4;1.6;57.0;8103.0
9.4;1526.1;218.3;1.6;57.0;8103.0
7.2;1526.1;198.5;1.4;56.0;8103.0
6.9;1526.1;174.3;1.5;60.0;8103.0
7.0;1526.1;224.5;2.0;59.0;8103.0
10.7;1526.1;225.1;1.7;57.0;8103.0
14.3;1526.1;203.1;1.4;57.0;8103.0
9.6;1526.1;205.8;1.5;58.0;8103.0
9.7;1526.1;201.3;1.5;56.0;8103.0
8.4;1526.1;195.4;1.4;53.0;8103.0
7.1;1526.1;188.9;1.4;49.0;8103.0
6.0;1526.1;163.1;1.4;26.0;8103.0
8.3;1526.1;233.3;2.1;61.0;8103.0
7.2;1526.1;230.4;1.9;58.0;8103.0
8.4;1526.1;205.3;1.5;58.0;8103.0
8.3;1526.1;214.7;1.6;59.0;8103.0
8.3;1526.1;202.0;1.5;56.0;8103.0
8.3;1526.1;217.2;1.6;56.0;8103.0
4.2;1526.1;188.1;1.4;51.0;8103.0
7.2;1526.1;187.0;1.8;56.0;8103.0
10.7;1526.1;216.2;1.8;60.0;8103.0
9.8;1526.1;209.4;1.7;54.0;8103.0
8.3;1526.1;201.7;1.5;55.0;8103.0
7.2;1526.1;208.8;1.6;54.0;8103.0
9.6;1526.1;208.0;1.7;58.0;8103.0
9.7;1526.1;198.4;1.4;53.0;8103.0
5.6;1526.1;166.1;1.4;30.0;8103.0
8.3;1526.1;221.1;1.9;54.0;8103.0
7.2;1526.1;211.9;1.6;58.0;8103.0
7.3;1526.1;217.6;1.7;58.0;8103.0
6.9;1526.1;208.8;1.6;56.0;8103.0
6.9;1526.1;202.0;1.6;50.0;8103.0
7.1;1526.1;211.8;1.6;53.0;8103.0
4.8;1526.1;207.6;1.5;53.0;8103.0
9.7;1526.1;187.9;1.8;60.0;8103.0
8.3;1526.1;229.3;1.9;62.0;8103.0
8.4;1526.1;211.2;1.6;55.0;8103.0
9.4;1526.1;209.9;1.6;59.0;8103.0
8.4;1526.1;208.3;1.4;61.0;8103.0
8.3;1526.1;204.4;1.6;56.0;8103.0
12.6;1526.1;198.5;1.5;54.0;8103.0
9.6;1526.1;206.7;1.8;50.0;8103.0
6.0;1526.1;189.3;1.6;58.0;8103.0
8.4;1526.1;223.0;1.9;59.0;8103.0
8.3;1526.1;220.9;1.9;61.0;8103.0
7.0;1526.1;222.4;1.8;57.0;8103.0
8.3;1526.1;220.0;1.8;61.0;8103.0
8.4;1526.1;224.5;1.9;59.0;8103.0
8.3;1526.1;217.2;2.1;64.0;8103.0
8.4;1526.1;241.3;2.3;60.0;8103.0
6.0;1526.1;216.4;2.1;59.0;8103.0
9.5;1526.1;224.6;2.0;60.0;8103.0
6.9;1526.1;212.1;1.8;57.0;8103.0
6.9;1526.1;216.9;1.7;59.0;8103.0
8.3;1526.1;176.0;1.5;60.0;8103.0
11.9;1526.1;225.0;2.0;59.0;8103.0
8.3;1526.1;216.9;1.8;56.0;8103.0
8.4;1526.1;214.8;1.6;54.0;8103.0
9.7;1526.1;187.7;1.3;53.0;8103.0
8.4;1526.1;197.5;1.4;53.0;8103.0
8.4;1526.1;196.0;1.3;54.0;8103.0
10.8;1526.1;180.3;1.3;47.0;8103.0
8.4;1526.1;157.9;1.3;21.0;8103.0
7.1;1526.1;232.1;2.2;60.0;8103.0
7.2;1526.1;204.9;1.5;52.0;8103.0
5.9;1526.1;199.2;1.3;57.0;8103.0
8.3;1526.1;204.1;1.4;55.0;8103.0
6.9;1526.1;199.4;1.3;55.0;8103.0
7.1;1526.1;188.2;1.3;52.0;8103.0
8.4;1526.1;194.0;1.2;50.0;8103.0
9.7;1526.1;180.8;1.1;50.0;8103.0
8.3;1526.1;179.5;1.7;62.0;8103.0
8.4;1526.1;225.6;1.9;57.0;8103.0
8.3;1526.1;225.6;1.8;59.0;8103.0
7.2;1526.1;204.4;1.5;55.0;8103.0
6.9;1526.1;213.3;1.6;53.0;8103.0
8.4;1526.1;191.9;1.5;54.0;8103.0
6.2;1526.1;203.6;1.4;55.0;8103.0
4.8;1526.1;172.1;1.1;35.0;8103.0
8.4;1526.1;204.9;2.1;61.0;8103.0
6.9;1526.1;232.8;2.1;60.0;8103.0
8.4;1526.1;237.0;2.0;58.0;8103.0
9.5;1526.1;208.5;1.7;55.0;8103.0
8.3;1526.1;209.2;1.6;55.0;8103.0
5.5;1526.1;197.9;1.5;52.0;8103.0
0.0;1526.1;172.1;1.2;23.0;8103.0
8.4;1526.1;217.5;2.0;58.0;8103.0
10.7;1526.1;218.3;1.8;60.0;8103.0
18.0;1526.1;204.1;1.5;54.0;8103.0
7.1;1526.1;209.3;1.6;55.0;8103.0
8.3;1526.1;190.5;1.3;47.0;8103.0
7.2;1526.1;200.6;1.4;47.0;8103.0
8.3;1526.1;190.8;1.3;45.0;8103.0
7.2;1526.1;184.4;1.2;40.0;8103.0
10.8;1526.1;176.5;1.7;63.0;8103.0
11.9;1526.1;228.3;2.0;62.0;8103.0
8.4;1526.1;222.0;1.6;58.0;8103.0
9.6;1526.1;230.5;1.6;62.0;8103.0
8.4;1526.1;203.4;1.5;59.0;8103.0
8.3;1526.1;208.1;1.6;56.0;8103.0
8.4;1526.1;206.0;1.5;56.0;8103.0
10.7;1526.1;207.1;1.8;60.0;8103.0
6.9;1526.1;182.8;1.5;35.0;8103.0
7.2;1526.1;207.2;1.5;52.0;8103.0
5.9;1526.1;194.5;1.4;48.0;8103.0
9.4;1526.1;204.8;1.4;53.0;8103.0
12.5;1526.1;191.3;1.4;57.0;8103.0
6.9;1526.1;186.7;1.3;49.0;8103.0
7.2;1526.1;178.5;1.3;50.0;8103.0
7.3;1526.1;183.5;1.2;47.0;8103.0
7.0;1526.1;191.5;1.8;63.0;8103.0
9.7;1526.1;232.9;2.1;61.0;8103.0
13.1;1526.1;219.5;1.7;58.0;8103.0
10.8;1526.1;213.3;1.6;59.0;8103.0
8.4;1526.1;217.3;1.6;57.0;8103.0
9.6;1526.1;219.5;1.7;55.0;8103.0
5.5;1526.1;203.2;1.5;57.0;8103.0
8.4;1526.1;182.3;1.6;59.0;8103.0
9.5;1526.1;212.6;1.7;58.0;8103.0
9.7;1526.1;211.6;1.6;57.0;8103.0
5.5;1526.1;205.6;1.5;51.0;8103.0
7.2;1526.1;204.7;1.6;53.0;8103.0
3.6;1526.1;161.6;1.1;29.0;8103.0
7.1;1526.1;205.2;1.5;57.0;8103.0
9.7;1526.1;194.4;1.4;54.0;8103.0
8.3;1526.1;184.6;1.5;63.0;8103.0
9.5;1526.1;230.8;2.1;60.0;8103.0
7.3;1526.1;202.6;1.6;49.0;8103.0
8.3;1526.1;166.4;1.3;47.0;8103.0
7.2;1526.1;149.2;1.0;35.0;8103.0
7.1;1526.2;166.1;1.2;35.0;8103.0
8.3;1526.3;154.5;1.3;36.0;8103.0
6.0;1526.4;163.4;1.1;43.0;8103.0
7.2;1526.4;159.1;1.1;44.0;8103.0
10.8;1526.4;149.4;1.1;32.0;8103.0
10.7;1526.4;145.3;1.3;46.0;8103.0
8.3;1526.4;177.5;1.4;45.0;8103.0
8.4;1526.4;150.7;1.0;42.0;8103.0
7.1;1526.4;177.6;1.3;54.0;8103.0
8.3;1526.4;196.4;1.5;57.0;8103.0
6.0;1526.4;203.1;1.5;54.0;8103.0
5.5;1526.4;196.5;1.4;50.0;8093.0
8.4;1526.4;189.2;1.3;49.0;8093.0
9.6;1526.4;180.4;1.2;48.0;8093.0
9.6;1526.4;173.2;1.5;62.0;8093.0
8.4;1526.4;224.2;1.8;60.0;8093.0
8.3;1526.4;210.2;1.5;52.0;8093.0
5.6;1526.4;187.1;1.3;48.0;8093.0
13.0;1526.4;196.1;1.3;50.0;8093.0
6.0;1526.4;186.4;1.2;50.0;8093.0
8.3;1526.4;182.4;1.2;49.0;8093.0
6.9;1526.4;174.8;1.1;55.0;8093.0
9.6;1526.4;174.8;1.5;53.0;8093.0
7.1;1526.4;215.6;1.6;54.0;8093.0
8.4;1526.4;203.6;1.4;55.0;8093.0
6.9;1526.4;207.6;1.5;53.0;8093.0
9.7;1526.4;201.6;1.4;56.0;8093.0
8.4;1526.4;204.0;1.3;52.0;8093.0
6.2;1526.4;206.3;1.4;50.0;8093.0
5.6;1526.4;175.7;1.2;49.0;8093.0
1.4;1526.4;154.1;1.0;11.0;8093.0
6.0;1526.4;183.5;1.4;35.0;8093.0
3.1;1526.4;118.4;0.6;19.0;8093.0
2.4;1526.4;76.1;0.3;9.0;8093.0
0.0;1526.4;73.2;0.2;12.0;8093.0
2.8;1526.4;68.4;0.2;6.0;8093.0
0.0;1526.4;70.0;0.2;9.0;8093.0
9.5;1526.4;142.6;1.3;60.0;8093.0
4.2;1526.4;172.5;1.0;26.0;8093.0
5.5;1526.4;124.1;0.7;30.0;8093.0
1.4;1526.4;89.1;0.4;21.0;8093.0
3.6;1526.4;91.7;0.4;13.0;8093.0
5.9;1526.4;99.0;0.6;29.0;8093.0
6.9;1526.4;167.7;1.0;34.0;8093.0
3.6;1526.4;120.4;0.6;26.0;8093.0
5.9;1526.4;76.5;0.2;12.0;8093.0
0.0;1526.4;56.0;0.1;1.0;8093.0
8.3;1526.4;119.1;0.9;55.0;8093.0
