0.0;10522624;0
0.0;10522624;0
0.0;10522624;0
0.0;10522624;0
49.9;14716928;0
100.8;14741504;0
142.0;19116032;0
200.7;19152896;0
216.1;23220224;0
182.8;19259392;0
213.1;23298048;0
201.6;23379968;0
216.1;31510528;0
143.3;23580672;0
215.0;23539712;0
199.5;23646208;0
199.5;31641600;0
200.7;31653888;0
199.5;31752192;0
199.5;31793152;0
200.7;31817728;0
166.2;23699456;0
232.7;31928320;0
200.7;31903744;0
200.7;31952896;0
199.5;31952896;0
201.6;32022528;0
227.3;32120832;0
216.1;32124928;0
199.5;32141312;0
201.6;32190464;0
198.9;32210944;0
201.6;32219136;0
166.2;28205056;0
199.5;32366592;0
170.5;25145344;0
215.0;32419840;0
199.5;32432128;0
199.5;32464896;0
200.7;32464896;0
198.9;32493568;0
232.7;28004352;0
199.5;32489472;0
201.6;32550912;0
198.9;32546816;0
200.7;32509952;0
199.5;32673792;0
182.8;32735232;0
198.9;32731136;0
200.7;32817152;0
199.5;32817152;0
199.5;32821248;0
200.7;32821248;0
213.1;32825344;0
199.5;32825344;0
199.5;32886784;0
201.6;32903168;0
198.9;36384768;0
201.6;36458496;0
182.8;36462592;0
182.8;32436224;0
315.8;68362240;0
299.2;90152960;0
258.0;108449792;0
315.8;131084288;0
266.0;150437888;0
268.8;170954752;0
301.0;196898816;0
298.3;219254784;0
299.2;218009600;593
299.2;218009600;716
201.6;213954560;123
149.6;219242496;0
200.7;219254784;0
200.7;219254784;0
198.9;219254784;0
199.5;219254784;0
199.5;219254784;0
201.6;219254784;0
198.9;219254784;0
215.0;219295744;0
129.0;215273472;0
216.1;219336704;0
199.5;219336704;0
199.5;219336704;0
184.8;215310336;0
142.0;219336704;0
200.7;219336704;0
182.8;215314432;0
149.6;219865088;0
199.5;219865088;0
199.5;219865088;0
172.0;219873280;0
199.5;215846912;0
184.8;219869184;0
199.5;219869184;0
200.7;219869184;0
198.9;219869184;0
215.0;219865088;0
199.5;219865088;0
199.5;219865088;0
184.8;215842816;0
213.1;219865088;0
200.7;219865088;0
198.9;219865088;0
201.6;215842816;0
133.0;216371200;0
143.3;220393472;0
200.7;220393472;0
199.5;220393472;0
166.2;220393472;0
149.6;216371200;0
151.2;220397568;0
198.9;220397568;0
157.7;216375296;0
186.4;220405760;0
198.9;220405760;0
199.5;216375296;0
199.5;220409856;0
201.6;220409856;0
149.6;216387584;0
199.5;220413952;0
200.7;220413952;0
198.9;220413952;0
200.7;220413952;0
133.0;224288768;0
201.6;227069952;0
301.0;260780032;0
299.2;282062848;0
302.4;301690880;0
299.2;320425984;0
299.2;338300928;0
299.2;358502400;0
232.7;377495552;0
319.2;401223680;0
299.2;409714688;0
249.3;222679040;0
201.6;222679040;0
166.2;216989696;0
199.5;223805440;0
199.5;223805440;0
199.5;223805440;0
151.2;224079872;0
198.9;224079872;0
215.0;224346112;0
200.7;224346112;0
198.9;224346112;0
199.5;224346112;0
199.5;224346112;0
201.6;220319744;0
182.8;224485376;0
200.7;224485376;0
200.7;224485376;0
184.7;224485376;0
200.7;224485376;0
198.9;224485376;0
172.0;217878528;0
143.3;221302784;0
198.9;224694272;0
200.7;224694272;0
186.4;224698368;0
198.9;224698368;0
166.2;220672000;0
170.5;224718848;0
201.6;224718848;0
133.0;220696576;0
213.1;224718848;0
200.7;224718848;0
172.0;220692480;0
213.1;224755712;0
200.7;224759808;0
156.2;224894976;0
215.0;224899072;0
200.7;224899072;0
198.9;224899072;0
172.0;224903168;0
199.5;224903168;0
199.5;224903168;0
199.5;224903168;0
199.5;225021952;0
201.6;225021952;0
199.5;225021952;0
133.0;220999680;0
201.6;225026048;0
116.4;220123136;0
199.5;228384768;0
200.7;228384768;0
198.9;228384768;0
200.7;228380672;0
166.2;220327936;0
232.7;242335744;0
302.4;270163968;0
299.2;292057088;0
299.2;310620160;0
299.2;331046912;0
299.2;347033600;0
268.8;367095808;0
282.6;393719808;0
299.2;408551424;0
302.4;364773376;0
232.7;224808960;0
199.5;224808960;0
186.4;220782592;0
133.0;219938816;0
200.7;225865728;0
200.7;225886208;0
198.9;225886208;0
200.7;225886208;0
200.7;225886208;0
198.9;225886208;0
157.7;221859840;0
170.5;222031872;0
216.1;226193408;0
200.7;226193408;0
199.5;226193408;0
199.5;226193408;0
201.6;226193408;0
133.0;226234368;0
199.5;226242560;0
199.5;226242560;0
199.5;226242560;0
201.6;226242560;0
166.2;222220288;0
182.8;226254848;0
151.2;222228480;0
199.5;226263040;0
199.5;226263040;0
199.5;226263040;0
199.5;226263040;0
201.6;226263040;0
133.0;226291712;0
216.1;226332672;0
201.6;226332672;0
199.5;226332672;0
199.5;226332672;0
199.5;226332672;0
199.5;226332672;0
200.7;226336768;0
186.4;226336768;0
198.9;226336768;0
199.5;226336768;0
201.6;226336768;0
199.5;226336768;0
133.0;222318592;0
166.2;226353152;0
199.5;226353152;0
201.6;226353152;0
199.5;226353152;0
116.4;222326784;0
200.7;226373632;0
200.7;226373632;0
116.4;218353664;0
215.0;229728256;0
198.9;229728256;0
172.0;225701888;0
235.2;238485504;0
299.2;267603968;0
284.1;291000320;0
286.7;309768192;0
302.4;329310208;0
299.2;345600000;0
312.5;366161920;0
255.7;385409024;0
299.2;403300352;0
299.2;414191616;0
249.3;236806144;0
157.7;223739904;0
200.7;228085760;0
184.7;228093952;0
199.5;228093952;0
201.6;228093952;0
199.5;228093952;0
184.7;228093952;0
186.4;224067584;0
216.1;228610048;0
199.5;228610048;0
201.6;228610048;0
200.7;228610048;0
198.9;228610048;0
200.7;228765696;0
200.7;228765696;0
133.0;224743424;0
182.8;228909056;0
199.5;228909056;0
198.9;228909056;0
114.7;227946496;0
201.6;228954112;0
199.5;228954112;0
199.5;224927744;0
157.7;228958208;0
200.7;228958208;0
198.9;229027840;0
200.7;229027840;0
198.9;229027840;0
200.7;229027840;0
143.3;220975104;0
200.7;229289984;0
198.9;229289984;0
200.7;229289984;0
199.5;229289984;0
