0.0;10489856;0
0.0;10489856;0
0.0;10489856;0
0.0;10489856;0
0.0;10489856;0
57.3;14655488;0
99.7;14696448;0
166.2;18939904;0
200.7;18964480;0
229.4;23027712;0
166.2;19062784;0
215.0;23093248;0
198.9;23101440;0
216.1;31252480;0
199.5;31252480;0
143.3;27156480;0
199.5;31584256;0
184.8;31551488;0
199.5;31551488;0
200.7;31592448;0
198.9;31592448;0
201.6;31592448;0
199.5;31617024;0
129.0;27602944;0
200.7;27820032;0
199.5;31825920;0
182.8;31842304;0
199.5;31850496;0
200.7;31854592;0
199.5;32088064;0
201.6;32047104;0
182.8;28053504;0
114.7;24055808;0
213.1;32124928;0
201.6;32124928;0
199.5;32124928;0
200.7;32124928;0
199.5;32157696;0
199.5;32174080;0
198.9;32182272;0
172.0;24166400;0
99.7;32403456;0
198.9;32407552;0
184.8;32407552;0
182.8;32440320;0
200.7;32440320;0
198.9;32440320;0
200.7;32468992;0
199.5;32468992;0
149.6;24420352;0
172.0;33406976;0
184.7;33406976;0
199.5;33406976;0
199.5;33406976;0
200.7;33406976;0
198.9;33406976;0
168.0;29384704;0
133.0;29388800;0
186.4;32714752;0
198.9;32813056;0
184.8;28819456;0
199.5;33615872;0
166.2;26624000;0
218.4;36372480;0
213.1;37494784;0
312.5;75956224;0
299.2;98578432;0
299.2;119242752;0
302.4;138616832;0
299.2;154914816;0
301.0;175210496;0
285.6;192811008;0
284.1;214499328;0
301.0;218492928;422
299.2;218492928;704
252.0;218460160;306
199.5;218460160;0
199.5;218525696;0
172.0;214630400;0
170.5;219844608;0
216.1;219910144;0
199.5;219910144;0
200.7;219910144;0
198.9;219910144;0
200.7;219910144;0
199.5;219910144;0
166.2;214609920;0
133.0;219971584;0
199.5;219971584;0
200.7;219971584;0
198.9;219971584;0
201.6;219971584;0
199.5;219971584;0
166.2;215949312;0
149.6;215949312;0
172.0;219971584;0
200.7;219971584;0
198.9;219971584;0
200.7;219971584;0
199.5;219971584;0
133.0;211927040;0
232.7;219971584;0
199.5;219971584;0
201.6;219971584;0
198.9;219971584;0
200.7;219971584;0
200.7;219971584;0
198.9;219971584;0
149.6;215138304;0
199.5;220803072;0
201.6;220803072;0
199.5;220803072;0
199.5;220803072;0
200.7;220803072;0
198.9;220803072;0
143.3;212754432;0
156.2;220803072;0
201.6;220803072;0
199.5;220803072;0
199.5;220803072;0
201.6;220798976;0
149.6;216772608;0
216.1;220798976;0
166.2;216776704;0
199.5;220803072;0
200.7;220803072;0
199.5;220803072;0
201.6;220798976;0
149.6;220798976;0
149.6;220831744;0
198.9;220827648;0
200.7;220827648;0
200.7;220827648;0
199.5;220827648;0
201.6;220827648;0
266.0;235593728;0
299.2;270127104;0
299.2;296742912;0
299.2;321351680;0
302.4;342913024;0
299.2;368943104;0
299.2;394633216;0
301.0;410681344;0
213.1;216121344;0
200.7;225361920;0
198.9;225361920;0
200.7;225361920;0
200.7;225361920;0
199.5;225361920;0
134.4;219308032;0
182.8;221892608;0
199.5;225472512;0
199.5;225480704;0
199.5;225480704;0
201.6;225480704;0
199.5;225480704;0
149.6;221458432;0
184.8;221491200;0
216.1;225566720;0
199.5;225566720;0
199.5;225566720;0
200.7;225566720;0
200.7;225566720;0
198.9;221540352;0
129.0;221442048;0
186.4;225665024;0
198.9;225665024;0
200.7;225665024;0
198.9;225665024;0
200.7;225665024;0
172.0;225669120;0
198.9;225669120;0
201.6;225669120;0
199.5;225681408;0
199.5;225681408;0
199.5;225681408;0
116.4;217657344;0
168.0;220078080;0
200.7;225726464;0
198.9;225726464;0
200.7;225726464;0
200.7;225726464;0
198.9;225726464;0
199.5;225771520;0
149.6;221749248;0
186.4;225828864;0
199.5;225828864;0
199.5;225828864;0
201.6;225828864;0
133.0;217808896;0
133.0;219639808;0
199.5;225828864;0
199.5;225828864;0
201.6;225828864;0
199.5;225828864;0
133.0;217780224;0
134.4;225849344;0
199.5;225849344;0
198.9;225849344;0
199.5;225849344;0
199.5;225849344;0
201.6;225849344;0
216.1;229187584;0
199.5;225165312;0
329.7;253886464;0
301.0;277753856;0
298.3;299184128;0
301.0;319082496;0
298.3;334430208;0
299.2;363929600;0
268.8;388485120;0
299.2;411983872;0
266.0;320708608;0
216.1;224849920;0
201.6;224849920;0
149.6;220827648;0
216.1;225988608;0
199.5;225988608;0
199.5;225988608;0
151.2;226045952;0
199.5;226045952;0
149.6;226062336;0
200.7;226062336;0
200.7;226062336;0
198.9;226062336;0
200.7;226062336;0
156.2;222035968;0
201.6;226197504;0
157.7;222502912;0
227.3;221474816;0
200.7;226349056;0
200.7;226349056;0
198.9;226349056;0
172.0;226406400;0
184.7;222380032;0
182.8;226410496;0
201.6;226410496;0
199.5;226410496;0
99.7;218357760;0
235.2;226447360;0
199.5;226447360;0
199.5;226447360;0
199.5;226447360;0
199.5;226447360;0
184.8;226488320;0
199.5;226488320;0
182.8;226582528;0
200.7;226582528;0
200.7;226582528;0
198.9;226582528;0
199.5;226582528;0
182.8;222556160;0
216.1;226639872;0
117.6;219824128;0
199.5;226639872;0
199.5;226639872;0
200.7;226639872;0
186.4;226652160;0
198.9;226652160;0
143.3;222625792;0
184.7;226664448;0
199.5;226664448;0
201.6;226664448;0
199.5;226664448;0
99.7;221114368;0
186.4;229265408;0
302.4;264953856;0
299.2;287539200;0
299.2;308539392;0
301.0;329396224;0
298.3;346382336;0
200.7;366678016;0
268.8;396369920;0
299.2;414834688;0
269.9;339673088;0
200.7;227266560;0
201.6;227266560;0
199.5;227270656;0
199.5;228454400;0
199.5;228528128;0
199.5;228528128;0
168.0;228577280;0
200.7;228577280;0
198.9;228577280;0
143.3;224550912;0
235.2;228716544;0
182.8;224690176;0
199.5;228823040;0
200.7;228823040;0
198.9;228823040;0
182.8;224796672;0
168.0;228864000;0
216.1;228995072;0
199.5;228995072;0
134.4;224968704;0
199.5;229056512;0
198.9;229056512;0
200.7;229056512;0
170.5;229122048;0
199.5;229134336;0
