0.0;10522624;0
0.0;10522624;0
0.0;10522624;0
0.0;10522624;0
49.9;11067392;0
116.4;11993088;0
157.7;12402688;0
149.6;13709312;0
100.8;13123584;0
156.2;13172736;0
100.3;13287424;0
166.2;14393344;0
134.4;12955648;0
127.8;13438976;0
71.7;13111296;0
166.2;14204928;0
49.9;13303808;0
199.5;14204928;0
86.0;13418496;0
157.7;14331904;0
113.6;14491648;0
151.2;14094336;0
116.4;14622720;0
200.7;14663680;0
85.2;14696448;0
201.6;14761984;0
66.5;14991360;0
116.4;14508032;0
71.7;14565376;0
133.0;15024128;0
133.0;14577664;0
99.7;14704640;0
157.7;15257600;0
99.7;15048704;0
168.0;15675392;0
182.8;15179776;249
100.3;15245312;249
149.6;15228928;0
100.8;14770176;0
166.2;15814656;0
114.7;14655488;0
149.6;15257600;0
83.1;14782464;0
142.0;15192064;0
43.0;14737408;0
157.7;15171584;0
83.1;15966208;0
151.2;16252928;0
99.7;15745024;0
143.3;15851520;0
170.5;15077376;0
50.4;15777792;0
133.0;15138816;0
99.7;26443776;0
172.0;30498816;0
198.9;71544832;0
199.5;100384768;0
266.0;128200704;0
302.4;146034688;0
213.1;171962368;0
243.7;194600960;0
315.4;200581120;472
365.7;200552448;660
249.3;200990720;300
299.2;201003008;0
218.4;201134080;0
170.5;201183232;0
229.4;201175040;0
232.7;201191424;0
216.1;201179136;0
199.5;201191424;0
229.4;201191424;0
215.0;201203712;0
199.5;201191424;0
252.0;201203712;0
232.7;201187328;0
229.4;201207808;0
298.3;201207808;0
229.4;201207808;0
249.3;201207808;0
166.2;201211904;0
249.3;201195520;0
252.0;201195520;0
182.8;201179136;0
243.7;201179136;0
301.0;201203712;0
227.3;201195520;0
299.2;201211904;0
249.3;201203712;0
235.2;201179136;0
227.3;201195520;0
168.0;201179136;0
249.3;201211904;0
199.5;201179136;0
282.6;201195520;0
133.0;201179136;0
286.7;201207808;0
213.1;201207808;0
272.4;201195520;0
151.2;201433088;0
299.2;201433088;0
166.2;201560064;0
299.2;201527296;0
182.8;201539584;0
268.8;201551872;0
249.3;201527296;0
243.7;201564160;0
229.4;201551872;0
213.1;212922368;0
329.7;234549248;0
312.5;260505600;0
401.4;286633984;0
243.7;310501376;0
298.3;326729728;0
326.7;356581376;0
372.7;380375040;0
387.0;385646592;0
315.4;385646592;0
383.5;385646592;0
329.7;385634304;0
369.3;385646592;0
315.4;385781760;0
315.4;385781760;0
266.0;385765376;0
372.7;385777664;0
302.4;385781760;0
298.3;385777664;0
282.6;385781760;0
332.4;385777664;0
355.1;385789952;0
349.1;385773568;0
302.4;385785856;0
398.9;385789952;0
315.8;385777664;0
299.2;385761280;0
336.0;385773568;0
349.1;385789952;0
382.3;385789952;0
286.7;385773568;0
299.2;385761280;0
332.4;385777664;0
336.0;385802240;0
382.3;385781760;0
355.1;385798144;0
282.6;385769472;0
329.7;385802240;0
285.6;385769472;0
387.0;385794048;0
255.7;385769472;0
301.0;385769472;0
397.7;385798144;0
369.3;385794048;0
358.4;385781760;0
300.0;385806336;0
329.7;385794048;0
340.9;385794048;0
286.7;385777664;0
372.7;397180928;0
284.1;397148160;0
350.0;417120256;0
383.5;446464000;0
401.4;472125440;0
401.4;487129088;0
349.1;508809216;0
362.5;540368896;0
387.5;561758208;0
400.0;570040320;0
382.3;570011648;0
398.9;570068992;0
403.2;570179584;0
397.7;570200064;0
365.7;570167296;0
372.7;570183680;0
372.7;570183680;0
400.0;570187776;0
401.4;570212352;0
397.7;570204160;0
344.0;570220544;0
398.9;570208256;0
387.5;570216448;0
397.7;570216448;0
401.4;570216448;0
401.4;570220544;0
372.7;570191872;0
298.3;570208256;0
369.3;570269696;0
350.0;570273792;0
400.0;570257408;0
401.4;570277888;0
401.4;570257408;0
401.4;570277888;0
397.7;570249216;0
329.7;570265600;0
400.0;570261504;0
400.0;570277888;0
387.5;570265600;0
400.0;570281984;0
383.5;570249216;0
337.5;570265600;0
400.0;570281984;0
326.7;570273792;0
383.5;570249216;0
382.3;570265600;0
401.4;570261504;0
401.4;570261504;0
397.7;570265600;0
398.9;570257408;0
400.0;570683392;0
372.7;570658816;0
372.7;570695680;0
401.4;584400896;0
400.0;626659328;0
372.7;647905280;0
400.0;672735232;0
401.4;686018560;0
400.0;711487488;0
400.0;735842304;0
401.4;752824320;0
350.0;753238016;0
401.4;753655808;0
387.5;753647616;0
401.4;753844224;0
401.4;753913856;0
400.0;753897472;0
397.7;753905664;0
400.0;753897472;0
400.0;753909760;0
383.5;753897472;0
382.3;753913856;0
400.0;753917952;0
401.4;753885184;0
400.0;753913856;0
400.0;753909760;0
400.0;753909760;0
400.0;753913856;0
372.7;753905664;0
401.4;753950720;0
400.0;754343936;0
401.4;754397184;0
397.7;754368512;0
398.9;754384896;0
401.4;754388992;0
401.4;754413568;0
344.0;754397184;0
401.4;754397184;0
387.0;754393088;0
401.4;754397184;0
400.0;754405376;0
400.0;754401280;0
400.0;754413568;0
400.0;754429952;0
358.4;754417664;0
340.9;754417664;0
397.7;754417664;0
397.7;754429952;0
398.9;754401280;0
400.0;754438144;0
401.4;754438144;0
401.4;754425856;0
398.9;754442240;0
375.0;754380800;0
390.6;754409472;0
400.0;754397184;0
400.0;754417664;0
401.4;754397184;0
397.7;754401280;0
397.7;754405376;0
369.3;754417664;0
387.0;754417664;0
401.4;754388992;0
400.0;754409472;0
400.0;754417664;0
400.0;754405376;0
401.4;754417664;0
401.4;754401280;0
375.0;754401280;0
401.4;757940224;0
401.8;767586304;0
400.0;808214528;0
400.0;836206592;0
400.0;866512896;0
398.9;876355584;0
372.7;892231680;0
354.6;917078016;0
397.7;937308160;0
397.7;937938944;0
400.0;938168320;0
400.0;938225664;0
398.9;938233856;0
400.0;938217472;0
397.7;938213376;0
400.0;938229760;0
400.0;938233856;0
398.9;938217472;0
400.0;938233856;0
350.0;938217472;0
400.0;938221568;0
400.0;938491904;0
387.5;938631168;0
383.5;938618880;0
