0.0;10498048;0
0.0;10498048;0
0.0;10498048;0
33.6;11055104;0
99.7;11190272;0
57.3;11636736;0
99.4;11976704;0
67.2;12042240;0
83.1;12234752;0
86.0;12648448;0
66.5;12369920;0
99.7;12107776;0
66.5;13045760;0
86.0;11821056;0
71.7;11956224;0
83.1;12210176;0
86.0;13361152;0
71.0;13352960;0
99.7;12783616;0
66.5;13897728;0
86.0;13824000;0
85.2;13836288;0
67.2;14364672;0
149.6;14163968;425
71.7;12980224;84
99.4;14073856;0
67.2;14110720;0
83.1;14065664;0
86.0;14118912;0
71.7;14065664;0
99.7;14127104;0
66.5;14184448;0
83.1;14233600;0
71.7;14053376;0
85.2;14008320;0
84.0;14123008;0
49.9;14110720;0
86.0;36102144;0
156.2;76312576;0
268.8;103407616;0
133.0;130658304;0
282.6;150802432;0
215.0;177643520;0
227.3;202256384;0
315.4;200814592;671
326.7;200785920;529
235.2;200867840;232
229.4;200884224;0
232.7;200884224;0
301.0;200892416;0
149.6;200908800;0
299.2;200953856;0
216.1;200949760;0
301.0;200957952;0
168.0;200957952;0
298.3;200974336;0
172.0;200974336;0
216.1;200978432;0
199.5;200978432;0
232.7;200986624;0
243.7;200994816;0
243.7;200970240;0
232.7;201412608;0
235.2;201379840;0
216.1;201396224;0
229.4;201396224;0
213.1;201392128;0
218.4;201379840;0
249.3;201379840;0
243.7;201396224;0
286.7;201408512;0
199.5;201379840;0
266.0;201396224;0
299.2;201408512;0
157.7;201379840;0
229.4;201392128;0
216.1;201392128;0
285.6;201404416;0
182.8;201469952;0
232.7;201871360;0
142.0;201920512;0
243.7;201916416;0
243.7;201904128;0
216.1;201904128;0
184.8;201953280;0
299.2;201981952;0
186.4;201953280;0
298.3;201981952;0
157.7;201953280;0
243.7;213463040;0
282.6;216743936;0
298.3;260268032;0
358.4;281350144;0
352.8;304689152;0
315.8;326565888;0
315.4;355205120;0
398.9;379957248;0
282.6;384249856;0
372.7;385232896;0
397.7;385646592;0
382.3;385630208;0
315.4;385646592;0
299.2;385630208;0
299.2;385642496;0
369.3;385630208;0
286.7;385630208;0
344.0;385630208;0
299.2;385613824;0
319.2;385630208;0
266.0;385613824;0
332.4;385638400;0
340.9;385638400;0
301.0;385638400;0
358.4;385785856;0
365.7;385753088;0
315.4;385769472;0
329.7;385773568;0
255.7;385765376;0
372.7;385794048;0
369.3;385781760;0
332.4;385781760;0
301.0;385789952;0
383.5;385839104;0
266.0;385806336;0
336.0;385822720;0
340.9;385835008;0
315.4;385835008;0
369.3;385851392;0
383.5;385855488;0
352.8;385843200;0
299.2;385826816;0
340.9;385859584;0
369.6;385830912;0
286.7;385863680;0
340.9;385830912;0
300.0;385896448;0
301.0;385867776;0
340.9;385896448;0
301.0;385900544;0
301.0;385884160;0
269.9;385896448;0
369.3;385900544;0
319.2;397238272;0
301.0;400842752;0
383.5;439762944;0
355.1;459993088;0
344.0;486903808;0
287.5;501858304;0
315.4;526258176;0
358.4;553332736;0
337.5;569044992;0
387.0;569577472;0
358.4;569561088;0
387.5;569634816;0
332.4;569602048;0
383.5;569634816;0
365.7;569630720;0
386.4;569610240;0
286.7;569618432;0
400.0;569614336;0
355.1;569618432;0
397.7;569630720;0
383.5;569614336;0
337.5;569630720;0
369.3;569630720;0
398.9;569663488;0
387.0;569683968;0
387.5;569679872;0
400.0;569667584;0
365.7;569683968;0
386.4;569692160;0
375.0;569704448;0
387.0;569675776;0
350.0;569692160;0
340.9;569733120;0
397.7;569733120;0
350.0;569724928;0
387.0;569716736;0
398.9;569696256;0
397.7;569724928;0
357.1;569724928;0
375.0;569724928;0
229.4;569712640;0
387.0;569708544;0
398.9;569708544;0
369.3;569729024;0
401.4;569708544;0
352.8;569712640;0
401.4;569720832;0
329.7;569696256;0
383.5;569724928;0
369.3;569712640;0
401.8;586186752;0
398.9;623742976;0
375.0;641662976;0
400.0;672829440;0
401.4;685801472;0
362.5;714985472;0
400.0;745943040;0
372.7;753737728;0
401.4;754171904;0
401.4;754237440;0
401.4;754225152;0
398.9;754237440;0
401.4;754225152;0
397.7;754225152;0
400.0;754237440;0
397.7;754241536;0
350.0;754241536;0
400.0;754233344;0
400.0;754225152;0
362.5;754241536;0
401.4;754241536;0
401.4;754229248;0
401.4;754245632;0
362.5;754245632;0
362.5;754241536;0
400.0;754229248;0
400.0;754225152;0
400.0;754229248;0
400.0;754241536;0
401.4;754225152;0
401.4;754241536;0
401.4;754237440;0
362.5;754212864;0
400.0;754245632;0
390.6;754241536;0
375.0;754245632;0
387.0;754249728;0
400.0;754290688;0
400.0;754307072;0
401.4;754290688;0
400.0;754307072;0
401.4;754290688;0
369.3;754290688;0
397.7;754311168;0
362.5;754298880;0
387.5;754294784;0
401.4;754311168;0
400.0;754290688;0
400.0;754302976;0
400.0;754319360;0
401.4;754315264;0
401.4;754290688;0
401.4;754319360;0
398.9;754302976;0
387.5;754319360;0
362.5;754319360;0
387.0;754290688;0
400.0;765820928;0
401.4;765788160;0
400.0;762904576;0
387.9;797159424;0
387.0;828166144;0
375.0;850575360;0
400.0;869601280;0
400.0;892641280;0
401.4;919736320;0
398.9;936620032;0
400.0;938147840;0
400.0;938381312;0
400.0;938377216;0
400.0;938385408;0
400.0;938369024;0
397.7;938352640;0
400.0;938389504;0
400.0;938389504;0
400.0;938393600;0
400.0;938373120;0
387.0;938397696;0
401.4;938389504;0
401.4;938401792;0
400.0;938389504;0
400.0;938405888;0
387.5;938389504;0
400.0;938393600;0
400.0;938393600;0
397.7;938409984;0
362.5;938409984;0
372.7;938377216;0
375.0;938393600;0
400.0;938393600;0
383.5;938393600;0
400.0;938409984;0
415.6;938389504;0
400.0;938389504;0
397.7;938389504;0
400.0;938405888;0
401.4;938397696;0
354.6;938393600;0
398.9;938405888;0
400.0;938446848;0
387.5;938463232;0
401.4;938446848;0
400.0;938459136;0
401.4;938430464;0
400.0;938442752;0
400.0;938455040;0
400.0;938446848;0
387.5;938463232;0
