0.0;10514432;0
0.0;10514432;0
0.0;10514432;0
0.0;10514432;0
49.9;11063296;0
116.4;11530240;0
142.0;12398592;0
100.8;13369344;0
149.6;12771328;0
114.7;13926400;0
143.3;12976128;0
133.0;13869056;0
83.1;13066240;0
143.3;14041088;0
114.7;13185024;0
170.5;14163968;0
117.6;13672448;0
199.5;13721600;0
114.7;13271040;0
199.5;14217216;0
67.2;13402112;0
213.1;14364672;0
100.3;13701120;0
186.4;14565376;0
66.5;14610432;0
199.5;14286848;0
33.2;14995456;0
201.6;15056896;0
133.0;14934016;0
157.7;14630912;0
133.0;15106048;0
166.2;14364672;0
149.6;15478784;0
143.3;14471168;0
157.7;15585280;0
133.0;14606336;0
134.4;15634432;0
184.7;15085568;393
166.2;15650816;105
99.7;14761984;0
168.0;15597568;0
99.4;14630912;0
168.0;15618048;0
99.7;14569472;0
199.5;15761408;0
66.5;15482880;0
200.7;15900672;0
66.5;16089088;0
184.7;15646720;0
117.6;15818752;0
166.2;15167488;0
114.7;15654912;0
198.9;15712256;0
84.0;15810560;0
166.2;15257600;0
143.3;15876096;0
186.4;15126528;0
166.2;15880192;0
182.8;14778368;0
216.1;22224896;0
302.4;59985920;0
315.8;84619264;0
215.0;112029696;0
286.7;132743168;0
216.1;152924160;0
282.6;175620096;0
182.8;203517952;0
336.0;200757248;665
269.9;201322496;673
315.4;201293824;94
258.0;201281536;0
216.1;201277440;0
282.6;201306112;0
166.2;201318400;0
285.6;201318400;0
200.0;201310208;0
298.3;201302016;0
218.4;201351168;0
299.2;201334784;0
199.5;201334784;0
232.7;201342976;0
258.0;201334784;0
249.3;201342976;0
216.1;201318400;0
235.2;201351168;0
249.3;201334784;0
149.6;201318400;0
241.5;201351168;0
229.4;201326592;0
199.5;201388032;0
232.7;201355264;0
235.2;201367552;0
216.1;201371648;0
258.0;201388032;0
170.5;201355264;0
184.8;201383936;0
282.6;201392128;0
216.1;201396224;0
301.0;201396224;0
184.7;201396224;0
299.2;201396224;0
166.2;201396224;0
268.8;201383936;0
241.5;201396224;0
272.4;201379840;0
232.7;201392128;0
266.0;201379840;0
232.7;201400320;0
249.3;201379840;0
272.4;201396224;0
241.5;201367552;0
252.0;201392128;0
282.6;201400320;0
216.1;201379840;0
315.8;212750336;0
315.4;238821376;0
315.4;270364672;0
269.9;299220992;0
358.4;317661184;0
350.0;345235456;0
358.4;365555712;0
340.9;389029888;0
332.4;385867776;0
365.7;385884160;0
344.0;385921024;0
302.4;385904640;0
284.1;385921024;0
344.0;385998848;0
312.5;386048000;0
387.0;386064384;0
352.8;386048000;0
358.4;386048000;0
282.6;386035712;0
344.0;386048000;0
336.0;386052096;0
383.5;386064384;0
266.0;386035712;0
349.1;386052096;0
249.3;386048000;0
352.8;386064384;0
332.4;386076672;0
398.9;386060288;0
312.5;386080768;0
369.6;386060288;0
344.0;386076672;0
299.2;386064384;0
358.4;386080768;0
344.0;386064384;0
369.3;386080768;0
349.1;386064384;0
336.0;386068480;0
340.9;386068480;0
282.6;386052096;0
344.0;386084864;0
282.6;386052096;0
365.7;386064384;0
340.9;386064384;0
329.7;386068480;0
325.0;396013568;0
387.5;433778688;0
401.4;463712256;0
387.0;486965248;0
397.7;507781120;0
398.9;537571328;0
401.4;560635904;0
401.4;568856576;0
372.7;569671680;0
383.5;569696256;0
387.0;569696256;0
398.9;569671680;0
398.9;569671680;0
387.0;569688064;0
386.4;569696256;0
401.4;569729024;0
383.5;569724928;0
387.5;569856000;0
358.4;569843712;0
387.5;569851904;0
401.4;569856000;0
382.3;569843712;0
382.3;569917440;0
387.0;569929728;0
397.7;569933824;0
397.7;569933824;0
344.0;569929728;0
350.0;569942016;0
387.5;569933824;0
401.4;569937920;0
401.4;569946112;0
400.0;569950208;0
365.7;570318848;0
398.9;570306560;0
336.0;570290176;0
387.0;570314752;0
365.7;570290176;0
397.7;570449920;0
398.9;570462208;0
401.4;570470400;0
397.7;570470400;0
358.4;570441728;0
386.4;570470400;0
387.5;573095936;0
401.4;580435968;0
401.4;616378368;0
401.4;643084288;0
403.2;666333184;0
401.4;686174208;0
401.4;717107200;0
398.9;736575488;0
369.3;753651712;0
398.9;754061312;0
401.4;754057216;0
400.0;754184192;0
401.4;754151424;0
400.0;754180096;0
376.8;754176000;0
401.4;754171904;0
400.0;754192384;0
401.4;754159616;0
362.5;754171904;0
387.0;754188288;0
401.4;754192384;0
401.4;754176000;0
350.0;754171904;0
329.7;754176000;0
315.4;754167808;0
329.7;754188288;0
350.0;754176000;0
312.5;754241536;0
325.0;754221056;0
325.0;754237440;0
362.5;754229248;0
372.7;754225152;0
387.0;754221056;0
387.0;754237440;0
401.4;754237440;0
398.9;754208768;0
400.0;754225152;0
400.0;754249728;0
400.0;754249728;0
401.4;754229248;0
400.0;754245632;0
397.7;754241536;0
401.4;754229248;0
401.4;754245632;0
403.2;754233344;0
400.0;754233344;0
400.0;754249728;0
400.0;754257920;0
375.0;754257920;0
400.0;754245632;0
362.5;754257920;0
387.0;754229248;0
398.9;754262016;0
400.0;754257920;0
400.0;754241536;0
401.4;754245632;0
398.9;754249728;0
397.7;754245632;0
387.5;754253824;0
400.0;765743104;0
400.0;770248704;0
398.9;809676800;0
401.8;838516736;0
298.3;854634496;0
375.0;870125568;0
400.0;893194240;0
376.8;914038784;0
360.6;934502400;0
344.0;938467328;0
400.0;938508288;0
375.0;938569728;0
387.5;938569728;0
401.4;938541056;0
375.0;938557440;0
400.0;938565632;0
375.0;938553344;0
400.0;938549248;0
400.0;938696704;0
365.7;938741760;0
362.5;938717184;0
401.8;938725376;0
337.5;938741760;0
400.0;938725376;0
375.0;938741760;0
390.6;938745856;0
400.0;938745856;0
400.0;938745856;0
375.0;938762240;0
401.4;938737664;0
400.0;938762240;0
400.0;938749952;0
387.5;938766336;0
400.0;938737664;0
400.0;938770432;0
401.4;938745856;0
401.4;938754048;0
400.0;938754048;0
400.0;938762240;0
397.7;938770432;0
