149.8;244060160;907
99.9;341053440;961
99.9;355209216;1378
109.8;420483072;1189
119.8;481759232;1188
99.8;485691392;1508
99.8;485691392;1533
109.8;485691392;1545
99.8;485691392;1534
99.8;485691392;1533
119.8;486215680;961
99.8;486215680;0
658.6;492015616;5
780.3;496340992;3
734.1;579579904;3
698.3;592031744;4
698.5;595570688;5
702.1;835432448;2
688.7;835956736;3
239.6;836087808;5
282.5;836743168;3
628.7;836743168;1
649.1;837267456;2
668.3;837267456;0
697.7;837267456;5
429.1;837267456;2
99.8;837398528;5
216.4;837922816;0
618.7;837922816;2
549.0;837922816;2
468.7;837922816;1
499.2;837922816;2
432.7;837922816;2
319.4;838053888;6
158.1;838709248;1
653.0;838709248;3
668.3;838709248;2
577.1;838709248;2
798.0;838709248;2
708.8;838840320;3
219.6;841592832;8
317.5;842248192;1
588.4;842248192;1
589.0;842248192;2
488.9;842248192;1
468.8;842248192;0
399.1;842248192;0
309.4;840613888;5
118.5;840744960;0
648.7;841400320;1
658.5;841400320;0
598.7;841400320;2
608.6;841400320;0
518.9;841400320;0
288.0;841531392;5
189.7;842317824;1
598.7;842448896;2
494.0;842448896;2
605.2;842448896;0
651.4;842448896;2
683.1;842448896;0
199.6;842448896;5
358.2;843497472;3
579.0;843497472;0
489.0;843497472;0
483.8;843497472;0
474.8;843497472;0
484.4;843497472;2
329.5;843497472;8
129.8;844021760;0
598.8;844021760;0
588.5;844021760;2
537.7;844021760;0
698.3;844021760;2
618.6;844021760;2
269.5;844414976;6
119.8;844546048;0
635.0;845070336;0
668.0;845070336;2
588.4;845070336;2
618.8;845070336;2
558.5;845070336;2
299.4;845201408;4
216.3;845987840;0
660.7;846118912;2
618.9;846118912;2
369.3;846118912;2
299.4;846118912;0
299.4;846118912;2
299.5;846118912;2
239.5;846118912;4
119.7;846381056;1
665.1;846905344;2
688.3;846905344;2
688.4;846905344;2
638.4;846905344;2
587.1;846905344;3
218.9;847036416;11
255.0;847691776;0
668.0;847691776;0
499.0;847691776;0
498.8;847691776;2
678.6;847691776;0
518.8;847691776;2
329.4;848084992;5
109.8;848216064;1
588.9;848740352;1
498.8;848740352;0
498.8;848740352;2
741.8;848740352;2
696.9;848871424;0
329.3;849002496;7
167.3;849526784;0
588.6;849526784;0
618.6;849526784;2
479.1;849526784;2
489.0;849526784;2
518.8;849526784;2
319.3;849657856;4
147.3;850444288;1
569.0;850444288;0
589.6;850444288;0
596.1;850444288;0
658.3;850444288;0
678.3;850444288;2
339.4;850575360;7
168.6;851492864;0
666.0;851492864;0
632.0;851492864;0
595.9;851492864;2
726.8;851492864;0
545.1;851492864;0
277.3;851492864;4
218.9;852410368;0
608.1;852541440;2
618.5;852541440;2
598.5;852541440;2
608.5;852541440;2
658.6;852541440;0
138.4;852541440;4
369.0;853196800;0
628.2;853327872;0
667.5;853327872;0
647.9;853327872;2
617.2;853327872;0
469.3;853458944;6
115.9;853458944;0
589.1;853852160;2
594.8;853852160;2
608.3;853852160;0
655.1;853852160;2
678.3;853983232;2
257.9;853983232;0
99.8;854376448;7
419.2;854900736;1
574.4;854900736;2
608.4;854900736;0
588.5;854900736;0
548.7;854900736;2
498.7;854900736;0
129.7;855031808;4
426.8;855818240;1
648.1;855818240;2
498.6;855818240;2
608.8;855818240;2
658.5;855818240;2
548.8;855818240;5
99.8;856080384;2
548.6;856997888;1
708.1;856997888;2
626.6;856997888;4
608.6;856997888;0
548.7;856997888;4
289.3;856997888;1
109.8;856997888;5
277.6;857784320;1
764.3;857784320;2
715.7;857784320;2
698.1;857784320;2
568.9;857784320;2
419.2;857784320;2
129.2;857915392;8
348.6;858570752;1
678.5;858570752;0
668.2;858570752;4
618.3;858570752;2
588.6;858570752;2
449.1;858701824;2
169.7;858832896;5
288.5;859619328;0
638.6;859619328;2
658.2;859619328;0
598.4;859619328;2
608.5;859619328;2
588.4;859619328;0
109.8;859619328;4
408.9;860536832;1
647.9;860536832;0
488.8;860536832;2
498.8;860536832;2
710.4;860536832;0
558.5;860536832;2
99.8;860536832;4
500.8;861323264;2
598.7;861323264;0
588.4;861323264;0
697.1;861323264;3
677.4;861323264;2
319.0;861323264;6
108.8;861585408;2
574.9;862109696;1
528.7;862109696;0
578.5;862109696;2
588.4;862109696;0
628.4;862109696;0
379.4;862109696;0
99.8;862371840;5
406.0;863027200;2
658.1;863158272;2
698.0;863158272;0
658.0;863158272;2
698.0;863158272;2
418.8;863158272;5
116.2;863158272;0
578.8;864206848;3
695.6;864206848;2
608.8;864206848;2
598.4;864206848;2
588.5;864206848;2
249.4;864206848;5
241.0;865255424;1
598.7;865255424;2
336.1;865255424;2
429.2;865255424;2
703.0;865255424;2
399.2;865255424;2
349.2;865255424;5
99.8;865255424;2
509.0;866041856;0
595.9;866041856;2
608.6;866041856;2
594.9;866041856;2
608.5;866041856;2
378.9;866041856;4
108.5;866041856;2
536.6;866828288;0
628.0;866828288;2
618.4;866828288;0
598.5;866828288;2
698.1;866828288;2
317.3;866959360;6
158.7;867614720;1
604.8;867614720;2
478.7;867614720;2
458.8;867614720;0
748.0;867614720;2
588.1;867614720;2
349.0;867745792;4
179.7;868401152;0
508.7;868401152;2
588.1;868401152;2
588.5;868401152;2
429.2;868401152;2
399.1;868401152;2
379.0;868401152;4
99.7;868532224;3
452.1;869318656;0
692.3;869318656;2
705.2;869318656;2
698.7;869318656;2
688.6;869318656;2
279.2;869449728;4
99.7;869580800;2
524.7;870367232;0
698.0;870367232;2
678.0;870367232;2
638.0;870367232;2
578.5;870498304;2
339.1;870498304;4
99.8;870629376;2
532.6;871284736;0
687.8;871284736;2
698.2;871284736;4
547.9;871284736;0
459.0;871284736;2
369.0;871284736;4
99.7;871415808;2
525.6;872202240;2
596.3;872202240;2
518.6;872202240;2
559.1;872202240;0
758.7;872202240;4
398.7;872202240;7
109.6;872202240;2
466.2;872726528;0
638.2;872857600;2
608.1;872857600;2
665.0;872857600;2
651.3;872857600;2
419.1;873119744;4
