8.4;28.4;2.4;1.0;980.0


8.3;115.2;6.0;1.0;980.0


8.4;100.6;8.8;1.0;980.0


0.0;61.6;6.1;2.0;980.0


0.0;0.3;0.0;3.0;980.0


8.3;28.2;1.1;1.0;980.0


8.4;0.3;0.0;11.0;1165.0


8.3;0.0;0.0;8.0;1281.0


8.3;0.0;0.0;7.0;1403.0


8.3;0.0;0.0;13.0;1513.0


8.3;0.2;0.0;8.0;1602.0


8.4;62.1;40.7;21.0;1750.0


8.3;8.1;26.9;6.0;2190.0


8.3;84.8;353.6;29.0;2190.0


50.2;0.0;0.0;71.0;2614.0


0.0;0.1;0.0;10.0;2614.0


0.0;0.3;0.0;8.0;2614.0


10.8;548.8;23.9;2.0;2614.0


8.3;941.7;41.4;1.0;2614.0


8.4;1.0;0.3;1.0;2614.0


7.1;0.0;0.0;1.0;2614.0


8.4;0.0;0.0;2.0;2614.0


8.3;0.0;0.0;3.0;2614.0


8.4;0.0;0.0;2.0;2614.0


8.4;0.0;0.0;2.0;2614.0


8.3;0.0;0.0;2.0;2614.0


8.3;0.0;0.0;7.0;2614.0


8.3;0.0;0.0;4.0;2614.0


8.4;0.0;0.0;7.0;2614.0


8.3;0.0;0.0;18.0;2614.0


8.3;0.0;0.0;10.0;2614.0


8.4;0.0;0.0;4.0;2614.0


7.1;0.0;0.0;7.0;2614.0


8.4;0.0;0.0;15.0;2633.0


8.3;0.0;0.0;24.0;2633.0


8.4;0.0;0.0;3.0;2633.0


8.4;0.0;0.0;3.0;2637.0


8.4;0.0;0.0;44.0;2641.0


7.3;0.0;0.0;30.0;2641.0


8.3;0.0;0.0;3.0;2641.0


0.0;0.1;0.0;3.0;2641.0


0.0;0.3;0.0;3.0;2641.0


9.5;510.4;22.2;3.0;2641.0


6.2;980.1;43.0;3.0;2641.0


8.3;1.0;0.3;3.0;2641.0


8.3;0.0;0.0;3.0;2641.0


8.3;0.0;0.0;3.0;2641.0


8.3;0.0;0.0;45.0;2641.0


8.4;0.0;0.0;14.0;2641.0


8.3;0.0;0.0;3.0;2641.0


8.4;0.0;0.0;2.0;2641.0


8.3;0.0;0.0;41.0;2641.0


8.3;0.0;0.0;20.0;2641.0


8.4;0.0;0.0;32.0;2641.0


8.4;0.0;0.0;2.0;2641.0


8.4;0.0;0.0;35.0;2649.0


8.3;0.0;0.0;2.0;2649.0


8.3;0.0;0.0;6.0;2649.0


8.3;0.0;0.0;5.0;2649.0


8.4;0.0;0.0;28.0;2640.0


8.4;0.0;0.0;2.0;2640.0


8.3;0.0;0.0;2.0;2640.0


8.4;0.0;0.0;2.0;2640.0


8.3;0.0;0.0;2.0;2640.0


8.3;0.0;0.0;2.0;2640.0


8.3;1.0;0.3;2.0;2640.0


8.3;0.0;0.0;2.0;2640.0


8.4;0.0;0.0;2.0;2640.0


8.3;0.0;0.0;2.0;2640.0


8.3;0.0;0.0;2.0;2640.0


8.4;0.0;0.0;2.0;2640.0


8.4;0.0;0.0;3.0;2638.0


6.0;0.0;0.0;2.0;2638.0


8.3;0.0;0.0;2.0;2638.0


8.4;0.0;0.0;2.0;2638.0


8.3;0.0;0.0;3.0;2650.0


8.4;0.2;0.0;41.0;2706.0


8.4;0.0;0.0;36.0;2798.0


8.3;0.0;0.0;30.0;2886.0


8.4;0.0;0.0;42.0;2978.0


8.3;0.0;0.0;31.0;3062.0


47.1;0.0;0.0;54.0;5322.0


38.2;0.0;0.0;56.0;5322.0


8.3;0.0;0.0;55.0;5322.0


8.4;0.0;0.0;50.0;5322.0


8.3;0.0;0.0;49.0;5322.0


7.2;0.0;0.0;46.0;5322.0


8.3;0.0;0.0;48.0;5322.0


6.9;0.0;0.0;48.0;5322.0


7.0;0.0;0.0;47.0;5322.0


8.3;0.0;0.0;47.0;5322.0


6.2;0.0;0.0;46.0;5322.0


5.5;0.0;0.0;48.0;5322.0


5.5;0.0;0.0;47.0;5322.0


8.3;0.0;0.0;49.0;5322.0


6.2;0.0;0.0;47.0;5322.0


8.3;0.0;0.0;47.0;5322.0


0.0;10.6;0.8;1.0;5322.0


0.0;0.3;0.0;2.0;5321.0


8.3;844.4;36.9;1.0;5321.0


8.3;646.9;28.4;1.0;5321.0


8.4;1.0;0.3;6.0;5321.0


6.9;0.0;0.0;3.0;5321.0


8.4;0.0;0.0;7.0;5321.0


8.4;0.0;0.0;5.0;5321.0


8.4;0.0;0.0;1.0;5321.0


8.4;0.0;0.0;1.0;5321.0


8.4;0.0;0.0;1.0;5321.0


8.4;0.0;0.0;1.0;5321.0


8.3;0.0;0.0;1.0;5321.0


8.3;0.0;0.0;1.0;5321.0


8.3;0.0;0.0;1.0;5321.0


8.3;0.0;0.0;1.0;5321.0


8.4;0.0;0.0;1.0;5321.0


8.3;0.0;0.0;1.0;5321.0


8.4;0.0;0.0;1.0;5321.0


8.3;0.0;0.0;1.0;5321.0


8.3;0.0;0.0;1.0;5321.0


8.4;0.0;0.0;1.0;5321.0


8.3;0.0;0.0;1.0;5321.0


8.4;0.0;0.0;1.0;5321.0


8.3;0.0;0.0;1.0;5321.0


0.0;0.4;0.0;1.0;5321.0


5.2;201.5;8.6;1.0;5321.0


9.7;1290.4;56.7;1.0;5321.0


8.4;1.2;0.3;1.0;5321.0


8.3;0.0;0.0;1.0;5321.0


8.3;0.0;0.0;1.0;5321.0


8.3;0.0;0.0;1.0;5321.0


8.3;0.0;0.0;1.0;5321.0


8.3;0.0;0.0;1.0;5321.0


8.3;0.0;0.0;1.0;5321.0


8.4;0.0;0.0;1.0;5321.0


8.3;0.0;0.0;1.0;5321.0


8.3;0.0;0.0;1.0;5321.0


8.3;0.0;0.0;1.0;5321.0


8.3;0.0;0.0;1.0;5321.0


8.4;0.0;0.0;1.0;5321.0


8.3;0.0;0.0;1.0;5321.0


8.4;0.0;0.0;1.0;5321.0


8.4;0.0;0.0;2.0;5321.0


8.4;0.0;0.0;2.0;5321.0


8.4;0.0;0.0;23.0;5322.0


8.4;0.0;0.0;2.0;5322.0


8.4;0.0;0.0;2.0;5322.0


8.3;0.0;0.0;1.0;5322.0


8.3;1.0;0.3;3.0;5322.0


8.3;0.0;0.0;4.0;5322.0


8.3;0.0;0.0;3.0;5322.0


8.4;0.0;0.0;3.0;5322.0


8.3;0.0;0.0;3.0;5322.0


8.4;0.0;0.0;3.0;5322.0


8.3;0.0;0.0;4.0;5322.0


8.3;0.0;0.0;4.0;5322.0


8.3;0.0;0.0;5.0;5322.0


8.3;0.0;0.0;5.0;5322.0


21.5;0.0;0.0;11.0;5322.0


8.3;0.0;0.0;41.0;5344.0


7.2;0.0;0.0;40.0;5344.0


7.2;0.0;0.0;39.0;5344.0


8.3;0.0;0.0;39.0;5344.0


49.0;0.0;0.0;54.0;5356.0


4.7;0.0;0.0;52.0;5356.0


5.2;0.0;0.0;48.0;5357.0


8.3;0.0;0.0;47.0;5357.0


8.4;0.0;0.0;49.0;5362.0


8.4;0.0;0.0;45.0;5362.0


6.2;0.0;0.0;47.0;5362.0


6.9;0.0;0.0;47.0;5362.0


8.3;0.0;0.0;50.0;5362.0


8.3;0.0;0.0;50.0;5362.0


8.3;0.0;0.0;50.0;5362.0


8.3;0.0;0.0;50.0;5362.0


8.4;0.0;0.0;50.0;5362.0


8.3;0.0;0.0;50.0;5362.0


8.4;0.0;0.0;51.0;5362.0


6.0;10.6;0.8;9.0;5362.0


0.0;0.3;0.0;1.0;5362.0


4.2;176.1;7.5;1.0;5362.0


9.6;1315.2;57.8;1.0;5362.0


7.2;1.0;0.3;1.0;5362.0


8.3;0.0;0.0;1.0;5362.0


8.3;0.0;0.0;1.0;5362.0


8.3;0.0;0.0;1.0;5362.0


8.3;0.0;0.0;1.0;5362.0


8.4;0.0;0.0;1.0;5362.0


8.3;0.0;0.0;1.0;5362.0


8.4;0.0;0.0;1.0;5362.0


8.4;0.0;0.0;1.0;5362.0


5.9;0.0;0.0;1.0;5362.0


7.0;0.0;0.0;6.0;5354.0


7.1;0.0;0.0;5.0;5354.0


8.4;0.0;0.0;1.0;5354.0


8.4;0.0;0.0;1.0;5354.0


8.4;0.0;0.0;1.0;5354.0


8.4;0.0;0.0;1.0;5354.0


8.3;0.0;0.0;1.0;5354.0


8.4;0.0;0.0;2.0;5354.0


8.3;0.0;0.0;1.0;5353.0


8.4;0.0;0.0;1.0;5353.0


8.3;0.0;0.0;1.0;5353.0


0.0;0.1;0.0;1.0;5353.0


0.0;0.3;0.0;2.0;5353.0


8.3;550.8;23.9;1.0;5353.0


8.4;940.6;41.3;1.0;5353.0


8.3;1.0;0.3;1.0;5353.0


7.1;0.0;0.0;1.0;5353.0


8.3;0.0;0.0;1.0;5353.0


8.3;0.0;0.0;1.0;5353.0


8.4;0.0;0.0;1.0;5353.0


8.3;0.0;0.0;1.0;5353.0


8.3;0.0;0.0;1.0;5353.0


8.4;0.0;0.0;1.0;5353.0


6.9;0.0;0.0;1.0;5353.0


7.0;0.0;0.0;1.0;5353.0


8.4;0.0;0.0;1.0;5353.0


8.4;0.0;0.0;1.0;5353.0


8.3;0.0;0.0;1.0;5353.0


8.3;0.0;0.0;1.0;5353.0


8.3;0.0;0.0;1.0;5353.0


8.3;0.0;0.0;1.0;5353.0


8.4;0.0;0.0;1.0;5355.0


8.3;0.0;0.0;0.0;5360.0


8.4;0.0;0.0;0.0;5360.0


8.4;0.0;0.0;0.0;5360.0


8.3;1.0;0.3;1.0;5360.0


8.4;0.0;0.0;1.0;5360.0


8.3;0.0;0.0;1.0;5360.0


8.4;0.0;0.0;1.0;5360.0


8.4;0.0;0.0;2.0;5364.0


8.3;0.0;0.0;4.0;5364.0


8.4;0.0;0.0;0.0;5364.0


8.3;0.0;0.0;0.0;5364.0


7.2;0.0;0.0;0.0;5364.0


8.3;0.0;0.0;0.0;5363.0


8.4;0.0;0.0;0.0;5363.0


7.1;0.0;0.0;32.0;5363.0


8.3;0.0;0.0;39.0;5362.0


8.4;0.0;0.0;40.0;5362.0


8.3;0.0;0.0;40.0;5362.0


49.9;0.0;0.0;46.0;5362.0


8.3;0.0;0.0;51.0;5361.0


8.3;0.0;0.0;48.0;5361.0


8.3;0.0;0.0;49.0;5361.0


8.3;0.0;0.0;46.0;5361.0


8.4;0.0;0.0;48.0;5361.0


8.4;0.0;0.0;50.0;5359.0


8.3;0.0;0.0;48.0;5359.0


8.4;0.0;0.0;50.0;5357.0


6.9;0.0;0.0;46.0;5357.0


5.6;0.0;0.0;47.0;5356.0


7.3;0.0;0.0;47.0;5356.0


7.2;0.0;0.0;46.0;5356.0


5.5;0.0;0.0;46.0;5356.0


6.9;0.0;0.0;32.0;5356.0


0.0;10.6;0.8;0.0;5356.0


0.0;0.3;0.0;0.0;5356.0


13.8;1186.5;51.9;0.0;5356.0


8.3;305.8;13.7;0.0;5356.0


8.4;0.0;0.0;0.0;5356.0


8.4;0.0;0.0;0.0;5356.0


8.3;0.0;0.0;0.0;5356.0


7.0;0.0;0.0;0.0;5356.0


8.3;0.0;0.0;0.0;5356.0


8.4;0.0;0.0;0.0;5356.0


8.4;0.0;0.0;0.0;5356.0


8.3;0.0;0.0;0.0;5356.0


8.4;0.0;0.0;0.0;5356.0


8.3;0.0;0.0;0.0;5356.0


8.4;0.0;0.0;0.0;5356.0


8.3;0.0;0.0;0.0;5356.0


8.4;0.0;0.0;0.0;5356.0


8.3;0.0;0.0;0.0;5356.0


8.3;0.0;0.0;0.0;5356.0


8.4;0.0;0.0;0.0;5356.0


8.3;0.0;0.0;0.0;5356.0


8.3;0.0;0.0;1.0;5356.0


8.4;0.0;0.0;0.0;5356.0


8.3;0.0;0.0;0.0;5356.0


0.0;0.1;0.0;0.0;5356.0


0.0;0.3;0.0;0.0;5356.0


8.4;853.6;37.3;0.0;5356.0


8.3;637.9;28.2;0.0;5356.0


8.3;0.0;0.0;1.0;5356.0


8.4;0.0;0.0;0.0;5357.0


6.9;0.0;0.0;2.0;5368.0


7.2;0.0;0.0;5.0;5368.0


8.3;0.0;0.0;0.0;5368.0


8.3;0.0;0.0;0.0;5368.0


8.3;0.0;0.0;0.0;5368.0


8.3;0.0;0.0;0.0;5368.0


8.3;0.0;0.0;0.0;5368.0


8.3;0.0;0.0;1.0;5368.0


8.3;0.0;0.0;0.0;5368.0


8.3;0.0;0.0;0.0;5368.0


8.4;0.0;0.0;0.0;5368.0


8.4;0.0;0.0;0.0;5368.0


6.9;0.0;0.0;0.0;5368.0


8.4;0.0;0.0;1.0;5368.0


8.3;0.0;0.0;4.0;5370.0


