8.4;0.4;0.0;2.0;434.0


5.5;127.4;7.6;1.0;434.0


5.6;91.8;6.8;1.0;434.0


6.0;86.2;9.0;2.0;434.0


0.0;0.3;0.0;2.0;434.0


4.7;26.1;1.0;1.0;434.0


8.3;2.3;0.2;4.0;570.0


8.3;0.0;0.0;8.0;707.0


8.3;0.0;0.0;8.0;847.0


8.4;0.0;0.0;7.0;961.0


8.3;0.2;0.0;6.0;1065.0


8.4;70.2;67.7;12.0;1223.0


8.3;17.3;101.1;28.0;1643.0


8.3;67.5;252.5;67.0;1811.0


0.0;0.1;0.0;17.0;1811.0


0.0;0.3;0.0;2.0;1811.0


9.8;499.7;21.7;2.0;1811.0


8.4;991.4;43.5;1.0;1811.0


8.4;1.0;0.3;2.0;1811.0


8.4;0.0;0.0;1.0;1811.0


8.3;0.0;0.0;2.0;1811.0


8.4;0.0;0.0;2.0;1811.0


8.3;0.0;0.0;2.0;1811.0


8.4;0.0;0.0;2.0;1811.0


8.3;0.0;0.0;2.0;1811.0


8.3;0.0;0.0;2.0;1811.0


8.4;0.0;0.0;2.0;1811.0


8.3;0.0;0.0;2.0;1811.0


8.3;0.0;0.0;2.0;1811.0


8.3;0.0;0.0;2.0;1811.0


7.1;0.0;0.0;2.0;1811.0


8.3;0.0;0.0;1.0;1811.0


8.3;0.0;0.0;2.0;1811.0


8.4;0.0;0.0;2.0;1811.0


8.3;0.0;0.0;2.0;1811.0


8.3;0.0;0.0;2.0;1811.0


8.4;0.0;0.0;2.0;1811.0


8.3;0.0;0.0;2.0;1811.0


8.4;0.0;0.0;2.0;1811.0


0.0;0.1;0.0;1.0;1811.0


0.0;0.3;0.0;2.0;1811.0


13.8;1159.8;50.7;1.0;1811.0


6.9;331.9;14.8;2.0;1811.0


7.1;0.0;0.0;1.0;1811.0


8.3;0.0;0.0;2.0;1811.0


8.4;0.0;0.0;2.0;1811.0


8.3;0.0;0.0;2.0;1811.0


7.2;0.0;0.0;2.0;1811.0


8.4;0.0;0.0;2.0;1811.0


8.3;0.0;0.0;2.0;1811.0


7.0;0.0;0.0;2.0;1811.0


8.3;0.0;0.0;2.0;1811.0


8.4;0.0;0.0;2.0;1811.0


8.4;0.0;0.0;2.0;1811.0


8.4;0.0;0.0;2.0;1811.0


8.4;0.0;0.0;2.0;1811.0


8.3;0.0;0.0;2.0;1811.0


8.4;0.0;0.0;2.0;1811.0


7.1;0.0;0.0;2.0;1811.0


8.4;0.0;0.0;2.0;1811.0


6.9;0.0;0.0;2.0;1811.0


8.3;0.0;0.0;2.0;1811.0


7.2;0.0;0.0;2.0;1811.0


8.3;1.0;0.3;1.0;1811.0


8.3;0.0;0.0;2.0;1811.0


6.9;0.0;0.0;2.0;1811.0


8.3;0.0;0.0;2.0;1811.0


8.3;0.0;0.0;2.0;1811.0


8.3;0.0;0.0;2.0;1811.0


7.0;0.0;0.0;2.0;1811.0


8.4;0.0;0.0;2.0;1811.0


8.4;0.0;0.0;2.0;1811.0


8.4;0.0;0.0;2.0;1811.0


8.3;0.0;0.0;2.0;1907.0


7.2;0.2;0.0;54.0;2121.0


8.3;0.0;0.0;41.0;2825.0


8.4;0.0;0.0;40.0;3547.0


8.3;0.0;0.0;49.0;4227.0


8.3;0.0;0.0;40.0;4929.0


8.3;0.0;0.0;50.0;5631.0


8.3;0.0;0.0;37.0;6807.0


1.4;0.0;0.0;45.0;6741.0


8.3;0.0;0.0;34.0;7157.0


8.4;0.0;0.0;43.0;7157.0


8.4;0.0;0.0;49.0;7157.0


8.3;0.0;0.0;38.0;7157.0


8.4;0.0;0.0;40.0;7157.0


5.9;0.0;0.0;40.0;7157.0


2.4;0.0;0.0;34.0;7157.0


7.2;0.0;0.0;48.0;7157.0


5.5;0.0;0.0;38.0;7157.0


6.0;0.0;0.0;39.0;7157.0


5.9;0.0;0.0;48.0;7157.0


7.2;0.0;0.0;38.0;7157.0


8.3;0.0;0.0;49.0;7157.0


6.0;0.0;0.0;46.0;7157.0


6.9;0.0;0.0;48.0;7157.0


7.1;0.0;0.0;45.0;7157.0


7.2;0.0;0.0;49.0;7157.0


0.0;10.6;0.8;2.0;7157.0


0.0;0.3;0.0;1.0;7157.0


8.4;502.0;21.8;2.0;7157.0


8.3;989.6;43.5;2.0;7157.0


8.4;1.0;0.3;2.0;7157.0


8.3;0.0;0.0;2.0;7157.0


8.4;0.0;0.0;2.0;7157.0


8.4;0.0;0.0;2.0;7157.0


8.3;0.0;0.0;2.0;7157.0


8.4;0.0;0.0;2.0;7157.0


8.3;0.0;0.0;1.0;7157.0


8.4;0.0;0.0;2.0;7157.0


8.3;0.0;0.0;2.0;7157.0


8.4;0.0;0.0;2.0;7157.0


8.3;0.0;0.0;2.0;7157.0


7.1;0.0;0.0;2.0;7157.0


7.3;0.0;0.0;1.0;7157.0


8.3;0.0;0.0;2.0;7157.0


8.3;0.0;0.0;1.0;7157.0


7.1;0.0;0.0;5.0;7157.0


7.2;0.0;0.0;4.0;7157.0


8.4;0.0;0.0;4.0;7157.0


8.3;0.0;0.0;4.0;7157.0


7.0;0.0;0.0;5.0;7157.0


8.3;0.0;0.0;5.0;7157.0


0.0;0.1;0.0;15.0;7157.0


0.0;0.3;0.0;14.0;7157.0


8.4;1192.0;52.2;13.0;7157.0


8.4;299.5;13.4;14.0;7157.0


8.3;0.0;0.0;15.0;7157.0


8.3;0.0;0.0;16.0;7157.0


8.3;0.0;0.0;16.0;7157.0


8.4;0.0;0.0;16.0;7157.0


8.4;0.0;0.0;15.0;7157.0


8.3;0.0;0.0;15.0;7157.0


8.4;0.0;0.0;13.0;7157.0


8.3;0.0;0.0;14.0;7157.0


8.3;0.0;0.0;12.0;7157.0


8.3;0.0;0.0;16.0;7157.0


8.3;0.0;0.0;13.0;7157.0


8.4;0.0;0.0;13.0;7157.0


7.1;0.0;0.0;12.0;7157.0


8.3;0.0;0.0;12.0;7157.0


8.3;0.0;0.0;13.0;7157.0


8.4;0.0;0.0;14.0;7157.0


8.4;0.0;0.0;14.0;7157.0


8.3;0.0;0.0;14.0;7157.0


8.3;0.0;0.0;12.0;7157.0


8.3;0.0;0.0;13.0;7157.0


8.4;1.0;0.3;14.0;7157.0


8.3;0.0;0.0;16.0;7157.0


7.1;0.0;0.0;15.0;7157.0


8.3;0.0;0.0;14.0;7157.0


8.3;0.0;0.0;11.0;7157.0


8.4;0.0;0.0;14.0;7157.0


8.3;0.0;0.0;14.0;7157.0


8.3;0.0;0.0;15.0;7157.0


8.4;0.0;0.0;15.0;7157.0


8.3;0.0;0.0;17.0;7157.0


8.4;0.0;0.0;13.0;7157.0


8.3;0.0;0.0;100.0;7159.0


7.2;0.0;0.0;23.0;7159.0


8.4;0.0;0.0;53.0;7159.0


6.9;0.0;0.0;43.0;7159.0


7.2;0.0;0.0;53.0;7159.0


7.1;0.0;0.0;45.0;7161.0


8.4;0.0;0.0;32.0;7377.0


8.3;0.0;0.0;48.0;7377.0


7.2;0.0;0.0;37.0;7377.0


3.6;0.0;0.0;41.0;7377.0


6.9;0.0;0.0;50.0;7377.0


8.3;0.0;0.0;50.0;7377.0


8.3;0.0;0.0;50.0;7377.0


8.3;0.0;0.0;51.0;7377.0


8.4;0.0;0.0;52.0;7377.0


8.3;0.0;0.0;45.0;7377.0


8.4;0.0;0.0;38.0;7377.0


8.4;0.0;0.0;51.0;7377.0


8.4;0.0;0.0;51.0;7377.0


8.4;0.0;0.0;51.0;7377.0


8.4;0.0;0.0;50.0;7377.0


4.2;0.0;0.0;37.0;7377.0


5.9;10.6;0.8;6.0;7377.0


0.0;0.3;0.0;2.0;7377.0


3.6;213.5;9.2;2.0;7377.0


8.3;1257.3;55.3;2.0;7377.0


8.4;20.3;1.1;2.0;7377.0


7.1;0.0;0.0;2.0;7377.0


8.4;0.0;0.0;1.0;7377.0


8.3;0.0;0.0;2.0;7377.0


8.3;0.0;0.0;1.0;7377.0


7.2;0.0;0.0;2.0;7377.0


7.3;0.0;0.0;2.0;7377.0


8.4;0.0;0.0;2.0;7377.0


8.3;0.0;0.0;2.0;7377.0


8.4;0.0;0.0;2.0;7377.0


8.3;0.0;0.0;2.0;7377.0


8.4;0.0;0.0;2.0;7377.0


8.4;0.0;0.0;2.0;7377.0


8.3;0.0;0.0;2.0;7377.0


8.4;0.0;0.0;1.0;7377.0


8.3;0.0;0.0;2.0;7377.0


6.9;0.0;0.0;1.0;7377.0


8.3;0.0;0.0;1.0;7377.0


8.4;0.0;0.0;2.0;7377.0


8.4;0.0;0.0;2.0;7377.0


6.9;0.0;0.0;2.0;7377.0


0.0;0.1;0.0;2.0;7377.0


0.0;0.3;0.0;1.0;7377.0


8.3;489.8;21.2;2.0;7377.0


8.4;1002.1;44.0;1.0;7377.0


8.3;1.0;0.3;2.0;7377.0


8.4;0.0;0.0;1.0;7377.0


8.4;0.0;0.0;2.0;7377.0


8.3;0.0;0.0;2.0;7377.0


8.4;0.0;0.0;2.0;7377.0


7.2;0.0;0.0;2.0;7377.0


8.4;0.0;0.0;2.0;7377.0


8.3;0.0;0.0;2.0;7377.0


8.4;0.0;0.0;1.0;7377.0


8.3;0.0;0.0;2.0;7377.0


8.3;0.0;0.0;2.0;7377.0


8.4;0.0;0.0;2.0;7377.0


8.3;0.0;0.0;2.0;7377.0


8.4;0.0;0.0;1.0;7377.0


8.3;0.0;0.0;2.0;7377.0


8.3;0.0;0.0;2.0;7377.0


8.4;0.0;0.0;2.0;7377.0


8.3;0.0;0.0;2.0;7377.0


8.4;0.0;0.0;1.0;7377.0


8.3;0.0;0.0;2.0;7377.0


8.4;1.0;0.3;2.0;7377.0


8.3;0.0;0.0;2.0;7377.0


8.3;0.0;0.0;2.0;7377.0


8.4;0.0;0.0;2.0;7377.0


8.3;0.0;0.0;2.0;7377.0


8.3;0.0;0.0;2.0;7377.0


8.3;0.0;0.0;2.0;7377.0


8.4;0.0;0.0;5.0;7377.0


8.3;0.0;0.0;4.0;7377.0


8.4;0.0;0.0;5.0;7377.0


8.4;0.0;0.0;5.0;7377.0


18.9;0.0;0.0;14.0;7377.0


8.3;0.0;0.0;37.0;7377.0


8.3;0.0;0.0;47.0;7377.0


8.3;0.0;0.0;54.0;7377.0


8.4;0.0;0.0;55.0;7377.0


8.3;0.0;0.0;45.0;7377.0


8.4;0.0;0.0;41.0;7377.0


8.4;0.0;0.0;52.0;7377.0


8.4;0.0;0.0;51.0;7377.0


8.4;0.0;0.0;50.0;7377.0


7.2;0.0;0.0;47.0;7377.0


8.4;0.0;0.0;42.0;7377.0


7.1;0.0;0.0;48.0;7377.0


8.3;0.0;0.0;47.0;7377.0


8.3;0.0;0.0;37.0;7377.0


6.9;0.0;0.0;42.0;7377.0


8.3;0.0;0.0;48.0;7377.0


8.3;0.0;0.0;48.0;7377.0


7.2;0.0;0.0;49.0;7377.0


6.9;0.0;0.0;41.0;7377.0


8.3;0.0;0.0;44.0;7377.0


8.4;0.0;0.0;49.0;7377.0


8.3;0.0;0.0;52.0;7377.0


0.0;10.6;0.8;2.0;7377.0


0.0;0.3;0.0;1.0;7377.0


9.6;1155.8;50.5;2.0;7377.0


8.3;336.4;15.0;1.0;7377.0


8.3;0.0;0.0;2.0;7377.0


8.4;0.0;0.0;2.0;7377.0


8.3;0.0;0.0;2.0;7377.0


8.3;0.0;0.0;2.0;7377.0


8.3;0.0;0.0;2.0;7377.0


8.3;0.0;0.0;2.0;7377.0


8.4;0.0;0.0;1.0;7377.0


8.3;0.0;0.0;2.0;7377.0


8.4;0.0;0.0;2.0;7377.0


8.3;0.0;0.0;1.0;7377.0


8.3;0.0;0.0;2.0;7377.0


8.3;0.0;0.0;2.0;7377.0


8.3;0.0;0.0;2.0;7377.0


8.4;0.0;0.0;2.0;7377.0


6.9;0.0;0.0;1.0;7377.0


7.2;0.0;0.0;2.0;7377.0


8.4;0.0;0.0;2.0;7377.0


8.3;0.0;0.0;2.0;7377.0


8.4;0.0;0.0;2.0;7377.0


8.4;0.0;0.0;2.0;7377.0


0.0;0.1;0.0;2.0;7377.0


0.0;0.3;0.0;1.0;7377.0


9.7;498.5;21.7;2.0;7377.0


8.3;992.3;43.6;2.0;7377.0


8.3;1.0;0.3;2.0;7377.0


8.4;0.0;0.0;2.0;7377.0


8.3;0.0;0.0;2.0;7377.0


8.4;0.0;0.0;2.0;7377.0


8.3;0.0;0.0;2.0;7377.0


8.3;0.0;0.0;2.0;7377.0


8.4;0.0;0.0;1.0;7377.0


8.3;0.0;0.0;2.0;7377.0


