7.1;10.6;1.2;13.0;442.0


8.3;130.8;7.0;12.0;442.0


7.0;92.2;8.1;16.0;442.0


0.0;72.2;7.0;15.0;442.0


0.0;0.3;0.0;15.0;442.0


8.4;28.1;1.1;14.0;442.0


8.3;0.3;0.0;21.0;615.0


8.4;0.0;0.0;8.0;733.0


8.3;0.0;0.0;8.0;873.0


8.4;0.0;0.0;10.0;993.0


8.3;0.2;0.0;6.0;1145.0


8.4;70.2;67.7;7.0;1247.0


8.3;84.8;353.6;37.0;1855.0


8.3;0.0;0.0;62.0;1855.0


0.0;0.1;0.0;2.0;1855.0


0.0;0.3;0.0;1.0;1855.0


9.7;1175.5;51.4;2.0;1855.0


8.4;316.7;14.1;1.0;1855.0


8.3;0.0;0.0;2.0;1855.0


8.4;0.0;0.0;2.0;1855.0


8.3;0.0;0.0;2.0;1855.0


7.2;0.0;0.0;2.0;1855.0


8.4;0.0;0.0;2.0;1855.0


8.4;0.0;0.0;1.0;1855.0


8.4;0.0;0.0;2.0;1855.0


8.3;0.0;0.0;2.0;1855.0


8.4;0.0;0.0;2.0;1855.0


8.3;0.0;0.0;1.0;1855.0


8.3;0.0;0.0;2.0;1855.0


8.3;0.0;0.0;2.0;1855.0


8.3;0.0;0.0;2.0;1855.0


8.3;0.0;0.0;2.0;1855.0


8.3;0.0;0.0;2.0;1855.0


8.3;0.0;0.0;2.0;1855.0


8.4;0.0;0.0;1.0;1855.0


8.3;0.0;0.0;2.0;1855.0


7.0;0.0;0.0;2.0;1855.0


8.3;0.0;0.0;2.0;1855.0


4.2;0.1;0.0;2.0;1855.0


0.0;0.3;0.0;2.0;1855.0


7.2;171.8;7.3;2.0;1855.0


8.4;1320.0;58.0;2.0;1855.0


8.3;1.2;0.3;2.0;1855.0


8.4;0.0;0.0;2.0;1855.0


8.3;0.0;0.0;1.0;1855.0


8.3;0.0;0.0;2.0;1855.0


8.3;0.0;0.0;2.0;1855.0


8.4;0.0;0.0;2.0;1855.0


8.4;0.0;0.0;2.0;1855.0


8.3;0.0;0.0;1.0;1855.0


8.3;0.0;0.0;2.0;1855.0


8.3;0.0;0.0;2.0;1855.0


8.3;0.0;0.0;2.0;1855.0


8.4;0.0;0.0;2.0;1855.0


8.3;0.0;0.0;1.0;1855.0


8.4;0.0;0.0;2.0;1855.0


8.4;0.0;0.0;2.0;1855.0


8.4;0.0;0.0;1.0;1855.0


8.4;0.0;0.0;2.0;1855.0


8.4;0.0;0.0;1.0;1855.0


8.4;0.0;0.0;2.0;1855.0


8.3;0.0;0.0;2.0;1855.0


8.4;0.0;0.0;2.0;1855.0


8.3;1.0;0.3;2.0;1855.0


8.3;0.0;0.0;1.0;1855.0


7.2;0.0;0.0;2.0;1855.0


7.3;0.0;0.0;2.0;1855.0


8.4;0.0;0.0;2.0;1855.0


8.3;0.0;0.0;2.0;1855.0


8.3;0.0;0.0;1.0;1855.0


6.0;0.0;0.0;2.0;1855.0


8.3;0.0;0.0;2.0;1855.0


8.4;0.0;0.0;2.0;1855.0


8.3;0.0;0.0;4.0;1887.0


8.4;0.2;0.0;40.0;2427.0


8.3;0.0;0.0;54.0;3129.0


8.3;0.0;0.0;40.0;3833.0


8.4;0.0;0.0;45.0;4533.0


8.3;0.0;0.0;45.0;5235.0


8.3;0.0;0.0;40.0;5935.0


5.5;0.0;0.0;50.0;6557.0


8.3;0.0;0.0;40.0;6941.0


8.3;0.0;0.0;45.0;7157.0


8.4;0.0;0.0;51.0;7157.0


8.4;0.0;0.0;50.0;7157.0


6.9;0.0;0.0;51.0;7157.0


8.3;0.0;0.0;44.0;7157.0


4.7;0.0;0.0;47.0;7157.0


8.3;0.0;0.0;39.0;7157.0


4.2;0.0;0.0;47.0;7157.0


6.9;0.0;0.0;49.0;7157.0


8.4;0.0;0.0;39.0;7157.0


7.2;0.0;0.0;47.0;7157.0


7.2;0.0;0.0;40.0;7157.0


7.0;0.0;0.0;40.0;7157.0


6.0;0.0;0.0;50.0;7157.0


8.4;0.0;0.0;41.0;7157.0


8.3;0.0;0.0;48.0;7157.0


6.9;0.0;0.0;43.0;7157.0


0.0;10.6;0.8;2.0;7157.0


0.0;0.3;0.0;2.0;7157.0


10.8;831.6;36.3;2.0;7157.0


8.3;660.8;29.2;2.0;7157.0


8.4;0.0;0.0;2.0;7157.0


8.3;0.0;0.0;2.0;7157.0


8.4;0.0;0.0;4.0;7157.0


8.3;0.0;0.0;4.0;7157.0


8.3;0.0;0.0;5.0;7157.0


8.4;0.0;0.0;4.0;7157.0


8.4;0.0;0.0;5.0;7157.0


8.4;0.0;0.0;5.0;7157.0


8.3;0.0;0.0;12.0;7157.0


8.4;0.0;0.0;12.0;7157.0


8.4;0.0;0.0;13.0;7157.0


8.3;0.0;0.0;13.0;7157.0


8.3;0.0;0.0;13.0;7157.0


7.1;0.0;0.0;15.0;7157.0


7.2;0.0;0.0;12.0;7157.0


8.3;0.0;0.0;13.0;7157.0


8.3;0.0;0.0;16.0;7157.0


8.4;0.0;0.0;12.0;7157.0


8.3;0.0;0.0;11.0;7157.0


8.3;0.0;0.0;13.0;7157.0


8.3;0.0;0.0;14.0;7157.0


0.0;0.1;0.0;11.0;7157.0


0.0;0.3;0.0;13.0;7157.0


9.5;864.7;37.7;12.0;7157.0


8.4;627.7;27.8;14.0;7157.0


8.3;0.0;0.0;14.0;7157.0


8.4;0.0;0.0;13.0;7157.0


8.4;0.0;0.0;12.0;7157.0


8.4;0.0;0.0;16.0;7157.0


8.3;0.0;0.0;15.0;7157.0


8.3;0.0;0.0;10.0;7157.0


8.3;0.0;0.0;12.0;7157.0


8.3;0.0;0.0;16.0;7157.0


8.3;0.0;0.0;14.0;7157.0


8.4;0.0;0.0;15.0;7157.0


8.3;0.0;0.0;12.0;7157.0


8.4;0.0;0.0;15.0;7157.0


8.3;0.0;0.0;11.0;7157.0


8.3;0.0;0.0;13.0;7157.0


8.4;0.0;0.0;12.0;7157.0


8.3;0.0;0.0;14.0;7157.0


8.4;0.0;0.0;15.0;7157.0


8.3;0.0;0.0;13.0;7157.0


8.4;0.0;0.0;13.0;7157.0


8.4;0.0;0.0;13.0;7157.0


8.4;1.0;0.3;13.0;7157.0


8.3;0.0;0.0;14.0;7157.0


8.3;0.0;0.0;12.0;7157.0


8.4;0.0;0.0;14.0;7157.0


8.3;0.0;0.0;16.0;7157.0


8.4;0.0;0.0;12.0;7157.0


8.4;0.0;0.0;11.0;7157.0


8.3;0.0;0.0;13.0;7157.0


8.3;0.0;0.0;14.0;7157.0


8.3;0.0;0.0;14.0;7157.0


8.3;0.0;0.0;13.0;7157.0


7.3;0.0;0.0;18.0;7159.0


8.3;0.0;0.0;39.0;7159.0


7.0;0.0;0.0;53.0;7159.0


8.4;0.0;0.0;44.0;7159.0


7.3;0.0;0.0;53.0;7159.0


7.2;0.0;0.0;52.0;7161.0


8.3;0.0;0.0;43.0;7377.0


8.4;0.0;0.0;42.0;7377.0


7.3;0.0;0.0;47.0;7377.0


8.3;0.0;0.0;48.0;7377.0


8.3;0.0;0.0;46.0;7377.0


8.3;0.0;0.0;45.0;7377.0


8.3;0.0;0.0;51.0;7377.0


8.3;0.0;0.0;51.0;7377.0


8.3;0.0;0.0;52.0;7377.0


8.3;0.0;0.0;51.0;7377.0


8.4;0.0;0.0;51.0;7377.0


8.4;0.0;0.0;52.0;7377.0


8.3;0.0;0.0;51.0;7377.0


8.4;0.0;0.0;52.0;7377.0


8.3;0.0;0.0;43.0;7377.0


8.4;0.0;0.0;51.0;7377.0


0.0;10.6;0.8;2.0;7377.0


0.0;0.3;0.0;2.0;7377.0


8.4;886.8;38.7;1.0;7377.0


8.3;605.4;26.8;1.0;7377.0


8.4;0.0;0.0;2.0;7377.0


8.3;0.0;0.0;1.0;7377.0


8.4;0.0;0.0;2.0;7377.0


8.3;0.0;0.0;2.0;7377.0


7.1;0.0;0.0;2.0;7377.0


8.3;0.0;0.0;2.0;7377.0


8.3;0.0;0.0;2.0;7377.0


8.3;0.0;0.0;2.0;7377.0


8.4;0.0;0.0;2.0;7377.0


8.3;0.0;0.0;2.0;7377.0


8.4;0.0;0.0;2.0;7377.0


8.3;0.0;0.0;2.0;7377.0


8.4;0.0;0.0;2.0;7377.0


8.4;0.0;0.0;2.0;7377.0


8.4;0.0;0.0;2.0;7377.0


8.4;0.0;0.0;1.0;7377.0


8.3;0.0;0.0;2.0;7377.0


8.4;0.0;0.0;2.0;7377.0


8.3;0.0;0.0;2.0;7377.0


8.3;0.0;0.0;2.0;7377.0


8.3;0.0;0.0;1.0;7377.0


0.0;0.1;0.0;1.0;7377.0


0.0;0.3;0.0;2.0;7377.0


6.9;1166.1;51.0;1.0;7377.0


8.3;326.7;14.6;2.0;7377.0


8.3;0.0;0.0;1.0;7377.0


8.3;0.0;0.0;1.0;7377.0


8.4;0.0;0.0;2.0;7377.0


6.9;0.0;0.0;2.0;7377.0


8.4;0.0;0.0;1.0;7377.0


8.3;0.0;0.0;2.0;7377.0


8.4;0.0;0.0;2.0;7377.0


8.4;0.0;0.0;2.0;7377.0


8.3;0.0;0.0;2.0;7377.0


8.4;0.0;0.0;2.0;7377.0


7.1;0.0;0.0;1.0;7377.0


8.3;0.0;0.0;2.0;7377.0


8.3;0.0;0.0;2.0;7377.0


8.4;0.0;0.0;2.0;7377.0


7.2;0.0;0.0;5.0;7377.0


8.3;0.0;0.0;4.0;7377.0


8.4;0.0;0.0;5.0;7377.0


8.3;0.0;0.0;4.0;7377.0


8.3;0.0;0.0;4.0;7377.0


8.4;0.0;0.0;5.0;7377.0


8.3;1.0;0.3;12.0;7377.0


8.4;0.0;0.0;16.0;7377.0


8.3;0.0;0.0;11.0;7377.0


8.4;0.0;0.0;13.0;7377.0


8.3;0.0;0.0;13.0;7377.0


8.4;0.0;0.0;12.0;7377.0


7.2;0.0;0.0;12.0;7377.0


8.3;0.0;0.0;13.0;7377.0


8.4;0.0;0.0;14.0;7377.0


8.3;0.0;0.0;14.0;7377.0


6.9;0.0;0.0;13.0;7377.0


8.3;0.0;0.0;83.0;7377.0


8.3;0.0;0.0;55.0;7377.0


8.4;0.0;0.0;55.0;7377.0


8.3;0.0;0.0;55.0;7377.0


8.3;0.0;0.0;54.0;7377.0


8.3;0.0;0.0;29.0;7377.0


8.3;0.0;0.0;42.0;7377.0


8.4;0.0;0.0;53.0;7377.0


8.3;0.0;0.0;51.0;7377.0


7.2;0.0;0.0;46.0;7377.0


6.2;0.0;0.0;48.0;7377.0


6.9;0.0;0.0;43.0;7377.0


8.4;0.0;0.0;48.0;7377.0


5.5;0.0;0.0;47.0;7377.0


7.3;0.0;0.0;49.0;7377.0


5.9;0.0;0.0;50.0;7377.0


6.9;0.0;0.0;48.0;7377.0


6.9;0.0;0.0;41.0;7377.0


7.2;0.0;0.0;49.0;7377.0


7.2;0.0;0.0;49.0;7377.0


6.9;0.0;0.0;37.0;7377.0


6.9;0.0;0.0;51.0;7377.0


0.0;10.6;0.8;2.0;7377.0


0.0;0.3;0.0;1.0;7377.0


8.4;502.9;21.9;2.0;7377.0


8.3;987.3;43.4;1.0;7377.0


8.4;1.0;0.3;2.0;7377.0


8.4;0.0;0.0;2.0;7377.0


8.4;0.0;0.0;2.0;7377.0


8.4;0.0;0.0;2.0;7377.0


8.4;0.0;0.0;1.0;7377.0


8.4;0.0;0.0;2.0;7377.0


8.3;0.0;0.0;2.0;7377.0


8.3;0.0;0.0;2.0;7377.0


8.3;0.0;0.0;2.0;7377.0


8.3;0.0;0.0;2.0;7377.0


8.4;0.0;0.0;2.0;7377.0


8.3;0.0;0.0;2.0;7377.0


8.4;0.0;0.0;1.0;7377.0


8.3;0.0;0.0;2.0;7377.0


7.1;0.0;0.0;1.0;7377.0


8.4;0.0;0.0;2.0;7377.0


8.3;0.0;0.0;1.0;7377.0


8.4;0.0;0.0;1.0;7377.0


8.3;0.0;0.0;1.0;7377.0


8.4;0.0;0.0;1.0;7377.0


8.3;0.0;0.0;2.0;7377.0


0.0;0.1;0.0;2.0;7377.0


0.0;0.3;0.0;1.0;7377.0


7.1;822.8;35.9;2.0;7377.0


7.3;669.1;29.6;1.0;7377.0


8.3;0.0;0.0;2.0;7377.0


8.3;0.0;0.0;2.0;7377.0


8.4;0.0;0.0;2.0;7377.0


8.3;0.0;0.0;2.0;7377.0


8.4;0.0;0.0;2.0;7377.0


8.3;0.0;0.0;2.0;7377.0


8.3;0.0;0.0;2.0;7377.0


8.3;0.0;0.0;2.0;7377.0


