8.4;15.0;1.5;2.0;434.0


8.4;128.0;6.9;1.0;434.0


8.3;94.0;8.2;1.0;434.0


0.0;68.8;6.8;1.0;434.0


0.0;0.3;0.0;2.0;434.0


8.4;27.9;1.1;2.0;434.0


8.4;0.3;0.0;4.0;612.0


8.4;0.0;0.0;7.0;750.0


8.4;0.0;0.0;7.0;874.0


8.3;0.2;0.0;8.0;993.0


8.3;0.0;0.0;8.0;1137.0


8.3;70.2;67.7;11.0;1239.0


8.4;84.8;353.6;25.0;1825.0


8.3;0.0;0.0;39.0;1825.0


0.0;0.1;0.0;1.0;1825.0


0.0;0.3;0.0;2.0;1825.0


9.7;1160.7;50.8;1.0;1825.0


8.3;330.5;14.7;2.0;1825.0


8.4;0.0;0.0;2.0;1825.0


8.3;0.0;0.0;2.0;1825.0


8.4;0.0;0.0;2.0;1825.0


8.4;0.0;0.0;2.0;1825.0


7.2;0.0;0.0;2.0;1825.0


8.3;0.0;0.0;1.0;1825.0


8.3;0.0;0.0;2.0;1825.0


8.4;0.0;0.0;2.0;1825.0


7.1;0.0;0.0;2.0;1825.0


8.3;0.0;0.0;2.0;1825.0


8.3;0.0;0.0;1.0;1825.0


8.3;0.0;0.0;2.0;1825.0


8.3;0.0;0.0;1.0;1825.0


8.3;0.0;0.0;2.0;1825.0


8.3;0.0;0.0;2.0;1825.0


8.3;0.0;0.0;2.0;1825.0


8.3;0.0;0.0;1.0;1825.0


8.3;0.0;0.0;2.0;1825.0


8.3;0.0;0.0;2.0;1825.0


8.4;0.0;0.0;1.0;1825.0


0.0;0.1;0.0;2.0;1825.0


0.0;0.3;0.0;5.0;1825.0


8.3;887.0;38.7;5.0;1825.0


8.4;605.4;26.8;5.0;1825.0


8.4;0.0;0.0;5.0;1825.0


8.4;0.0;0.0;5.0;1825.0


8.4;0.0;0.0;5.0;1825.0


8.3;0.0;0.0;4.0;1825.0


8.4;0.0;0.0;14.0;1825.0


8.3;0.0;0.0;13.0;1825.0


8.3;0.0;0.0;13.0;1825.0


8.3;0.0;0.0;11.0;1825.0


8.3;0.0;0.0;13.0;1825.0


8.4;0.0;0.0;14.0;1825.0


8.4;0.0;0.0;16.0;1825.0


8.3;0.0;0.0;14.0;1825.0


8.4;0.0;0.0;14.0;1825.0


8.3;0.0;0.0;17.0;1825.0


8.4;0.0;0.0;15.0;1825.0


8.4;0.0;0.0;16.0;1825.0


8.4;0.0;0.0;14.0;1825.0


8.4;0.0;0.0;15.0;1825.0


6.9;0.0;0.0;14.0;1825.0


8.4;0.0;0.0;12.0;1825.0


8.3;1.0;0.3;12.0;1825.0


8.4;0.0;0.0;14.0;1825.0


8.3;0.0;0.0;12.0;1825.0


8.3;0.0;0.0;16.0;1825.0


8.3;0.0;0.0;13.0;1825.0


8.3;0.0;0.0;14.0;1825.0


8.4;0.0;0.0;14.0;1825.0


8.3;0.0;0.0;13.0;1825.0


8.3;0.0;0.0;11.0;1825.0


8.3;0.0;0.0;14.0;1825.0


8.3;0.0;0.0;14.0;1825.0


21.5;0.0;0.0;20.0;1865.0


8.3;0.2;0.0;46.0;2263.0


8.3;0.0;0.0;45.0;2965.0


8.4;0.0;0.0;39.0;3689.0


8.3;0.0;0.0;55.0;4393.0


8.4;0.0;0.0;40.0;5097.0


8.4;0.0;0.0;47.0;5821.0


8.4;0.0;0.0;35.0;6817.0


5.5;0.0;0.0;45.0;6731.0


8.4;0.0;0.0;41.0;7147.0


8.3;0.0;0.0;51.0;7147.0


8.3;0.0;0.0;49.0;7147.0


8.3;0.0;0.0;36.0;7147.0


6.9;0.0;0.0;48.0;7147.0


8.4;0.0;0.0;47.0;7147.0


6.0;0.0;0.0;48.0;7147.0


8.3;0.0;0.0;44.0;7147.0


8.4;0.0;0.0;47.0;7147.0


7.1;0.0;0.0;38.0;7147.0


6.0;0.0;0.0;48.0;7147.0


8.4;0.0;0.0;48.0;7147.0


6.9;0.0;0.0;44.0;7147.0


8.4;0.0;0.0;46.0;7147.0


8.3;0.0;0.0;47.0;7147.0


6.0;0.0;0.0;48.0;7147.0


8.3;0.0;0.0;47.0;7147.0


0.0;10.6;0.8;2.0;7147.0


0.0;0.3;0.0;1.0;7147.0


9.5;831.6;36.3;1.0;7147.0


8.4;660.8;29.2;2.0;7147.0


8.3;0.0;0.0;1.0;7147.0


8.3;0.0;0.0;2.0;7147.0


8.4;0.0;0.0;2.0;7147.0


8.3;0.0;0.0;1.0;7147.0


8.4;0.0;0.0;2.0;7147.0


8.3;0.0;0.0;2.0;7147.0


8.4;0.0;0.0;2.0;7147.0


8.4;0.0;0.0;1.0;7147.0


8.3;0.0;0.0;2.0;7147.0


5.6;0.0;0.0;2.0;7147.0


6.9;0.0;0.0;2.0;7147.0


8.4;0.0;0.0;2.0;7147.0


6.2;0.0;0.0;2.0;7147.0


8.3;0.0;0.0;2.0;7147.0


8.3;0.0;0.0;2.0;7147.0


8.3;0.0;0.0;2.0;7147.0


8.3;0.0;0.0;1.0;7147.0


8.3;0.0;0.0;2.0;7147.0


8.3;0.0;0.0;1.0;7147.0


8.3;0.0;0.0;2.0;7147.0


7.3;0.1;0.0;2.0;7147.0


0.0;0.3;0.0;1.0;7147.0


4.7;216.8;9.2;1.0;7147.0


11.2;1275.1;56.0;2.0;7147.0


8.3;1.2;0.3;1.0;7147.0


8.4;0.0;0.0;2.0;7147.0


8.4;0.0;0.0;2.0;7147.0


8.3;0.0;0.0;2.0;7147.0


8.4;0.0;0.0;2.0;7147.0


8.3;0.0;0.0;2.0;7147.0


8.4;0.0;0.0;2.0;7147.0


8.3;0.0;0.0;1.0;7147.0


8.4;0.0;0.0;2.0;7147.0


8.4;0.0;0.0;2.0;7147.0


8.3;0.0;0.0;1.0;7147.0


8.3;0.0;0.0;2.0;7147.0


8.3;0.0;0.0;1.0;7147.0


8.3;0.0;0.0;2.0;7147.0


8.4;0.0;0.0;2.0;7147.0


8.3;0.0;0.0;1.0;7147.0


8.4;0.0;0.0;2.0;7147.0


6.9;0.0;0.0;2.0;7147.0


8.4;0.0;0.0;2.0;7147.0


7.2;0.0;0.0;2.0;7147.0


8.4;0.0;0.0;2.0;7147.0


8.4;1.0;0.3;2.0;7147.0


8.3;0.0;0.0;2.0;7147.0


8.4;0.0;0.0;2.0;7147.0


8.3;0.0;0.0;2.0;7147.0


8.3;0.0;0.0;2.0;7147.0


8.3;0.0;0.0;2.0;7147.0


8.3;0.0;0.0;1.0;7147.0


8.3;0.0;0.0;2.0;7147.0


8.3;0.0;0.0;2.0;7147.0


8.3;0.0;0.0;2.0;7147.0


8.3;0.0;0.0;2.0;7149.0


8.3;0.0;0.0;32.0;7149.0


8.4;0.0;0.0;49.0;7149.0


6.9;0.0;0.0;50.0;7149.0


8.4;0.0;0.0;48.0;7149.0


8.3;0.0;0.0;53.0;7151.0


8.3;0.0;0.0;24.0;7367.0


8.4;0.0;0.0;49.0;7367.0


8.3;0.0;0.0;47.0;7367.0


4.8;0.0;0.0;36.0;7367.0


4.7;0.0;0.0;42.0;7367.0


8.4;0.0;0.0;50.0;7367.0


8.3;0.0;0.0;51.0;7367.0


8.4;0.0;0.0;37.0;7367.0


8.4;0.0;0.0;47.0;7367.0


8.3;0.0;0.0;51.0;7367.0


8.3;0.0;0.0;51.0;7367.0


8.3;0.0;0.0;51.0;7367.0


8.3;0.0;0.0;36.0;7367.0


8.4;0.0;0.0;51.0;7367.0


8.3;0.0;0.0;52.0;7367.0


8.4;0.0;0.0;39.0;7367.0


8.3;0.0;0.0;45.0;7367.0


0.0;10.6;0.8;2.0;7367.0


0.0;0.3;0.0;2.0;7367.0


9.6;1192.9;52.2;2.0;7367.0


8.4;299.5;13.4;2.0;7367.0


8.3;0.0;0.0;2.0;7367.0


8.4;0.0;0.0;2.0;7367.0


8.3;0.0;0.0;4.0;7367.0


6.9;0.0;0.0;4.0;7367.0


8.3;0.0;0.0;4.0;7367.0


8.3;0.0;0.0;3.0;7367.0


8.3;0.0;0.0;4.0;7367.0


8.3;0.0;0.0;5.0;7367.0


8.3;0.0;0.0;4.0;7367.0


8.4;0.0;0.0;4.0;7367.0


8.3;0.0;0.0;4.0;7367.0


8.4;0.0;0.0;4.0;7367.0


8.3;0.0;0.0;4.0;7367.0


8.4;0.0;0.0;5.0;7367.0


8.3;0.0;0.0;5.0;7367.0


8.3;0.0;0.0;5.0;7367.0


8.4;0.0;0.0;15.0;7367.0


8.4;0.0;0.0;14.0;7367.0


8.4;0.0;0.0;16.0;7367.0


8.3;0.0;0.0;14.0;7367.0


2.4;0.1;0.0;14.0;7367.0


0.0;0.3;0.0;16.0;7367.0


4.8;207.1;8.9;15.0;7367.0


8.3;1247.9;54.8;14.0;7367.0


8.3;37.0;1.8;13.0;7367.0


8.3;0.0;0.0;14.0;7367.0


8.3;0.0;0.0;15.0;7367.0


7.3;0.0;0.0;15.0;7367.0


8.4;0.0;0.0;14.0;7367.0


8.3;0.0;0.0;15.0;7367.0


8.4;0.0;0.0;15.0;7367.0


8.3;0.0;0.0;12.0;7367.0


8.4;0.0;0.0;12.0;7367.0


7.0;0.0;0.0;16.0;7367.0


8.4;0.0;0.0;13.0;7367.0


8.4;0.0;0.0;16.0;7367.0


8.3;0.0;0.0;13.0;7367.0


8.4;0.0;0.0;14.0;7367.0


8.3;0.0;0.0;15.0;7367.0


8.3;0.0;0.0;14.0;7367.0


8.4;0.0;0.0;16.0;7367.0


8.3;0.0;0.0;11.0;7367.0


8.4;0.0;0.0;15.0;7367.0


8.3;0.0;0.0;13.0;7367.0


8.3;0.0;0.0;12.0;7367.0


8.4;1.0;0.3;15.0;7367.0


8.3;0.0;0.0;13.0;7367.0


8.4;0.0;0.0;16.0;7367.0


8.3;0.0;0.0;14.0;7367.0


8.4;0.0;0.0;12.0;7367.0


8.3;0.0;0.0;13.0;7367.0


8.3;0.0;0.0;12.0;7367.0


8.4;0.0;0.0;14.0;7367.0


8.3;0.0;0.0;11.0;7367.0


8.3;0.0;0.0;15.0;7367.0


8.3;0.0;0.0;12.0;7367.0


8.4;0.0;0.0;70.0;7367.0


8.4;0.0;0.0;56.0;7367.0


8.3;0.0;0.0;41.0;7367.0


8.4;0.0;0.0;54.0;7367.0


8.3;0.0;0.0;54.0;7367.0


8.3;0.0;0.0;39.0;7367.0


8.3;0.0;0.0;44.0;7367.0


8.3;0.0;0.0;50.0;7367.0


8.4;0.0;0.0;47.0;7367.0


8.3;0.0;0.0;46.0;7367.0


8.4;0.0;0.0;43.0;7367.0


8.3;0.0;0.0;47.0;7367.0


6.9;0.0;0.0;46.0;7367.0


7.0;0.0;0.0;48.0;7367.0


8.4;0.0;0.0;48.0;7367.0


7.2;0.0;0.0;41.0;7367.0


5.9;0.0;0.0;36.0;7367.0


6.9;0.0;0.0;35.0;7367.0


7.1;0.0;0.0;47.0;7367.0


8.3;0.0;0.0;48.0;7367.0


7.2;0.0;0.0;48.0;7367.0


8.3;0.0;0.0;38.0;7367.0


8.4;0.0;0.0;41.0;7367.0


0.0;10.6;0.8;1.0;7367.0


0.0;0.3;0.0;2.0;7367.0


6.0;1137.1;49.8;1.0;7367.0


8.3;353.6;15.7;2.0;7367.0


8.4;0.0;0.0;2.0;7367.0


8.4;0.0;0.0;2.0;7367.0


7.2;0.0;0.0;2.0;7367.0


8.4;0.0;0.0;2.0;7367.0


8.3;0.0;0.0;1.0;7367.0


8.4;0.0;0.0;2.0;7367.0


8.3;0.0;0.0;1.0;7367.0


7.3;0.0;0.0;2.0;7367.0


8.3;0.0;0.0;2.0;7367.0


8.3;0.0;0.0;2.0;7367.0


8.4;0.0;0.0;1.0;7367.0


8.3;0.0;0.0;2.0;7367.0


8.3;0.0;0.0;2.0;7367.0


8.3;0.0;0.0;2.0;7367.0


8.3;0.0;0.0;2.0;7367.0


8.3;0.0;0.0;2.0;7367.0


8.3;0.0;0.0;1.0;7367.0


8.4;0.0;0.0;2.0;7367.0


8.3;0.0;0.0;2.0;7367.0


8.4;0.0;0.0;2.0;7367.0


1.0;0.1;0.0;2.0;7367.0


0.0;0.3;0.0;2.0;7367.0


9.8;477.6;20.8;1.0;7367.0


8.4;1013.2;44.5;1.0;7367.0


8.4;1.0;0.3;2.0;7367.0


8.3;0.0;0.0;2.0;7367.0


8.3;0.0;0.0;2.0;7367.0


8.3;0.0;0.0;2.0;7367.0


8.3;0.0;0.0;1.0;7367.0


8.4;0.0;0.0;2.0;7367.0


8.3;0.0;0.0;2.0;7367.0


8.4;0.0;0.0;2.0;7367.0


