8.4;57.2;22.9;1.7;1.0;983.0
8.3;98.3;111.8;10.2;0.0;983.0
8.4;137.8;137.3;7.7;0.0;983.0
8.3;167.9;139.3;7.3;0.0;983.0
8.3;200.2;76.7;5.8;0.0;983.0
7.2;221.8;129.4;4.6;0.0;983.0
8.3;276.8;16.4;29.3;0.0;983.0
8.3;331.9;6.0;30.0;0.0;983.0
8.4;379.6;5.1;25.5;0.0;983.0
8.4;437.8;6.2;31.0;0.0;983.0
8.3;494.7;6.2;31.0;0.0;983.0
8.4;534.6;4.5;22.5;0.0;983.0
8.3;590.8;6.0;30.0;0.0;983.0
8.3;645.5;6.1;30.5;0.0;983.0
8.4;689.0;4.7;23.5;0.0;983.0
8.3;740.5;5.5;27.5;0.0;983.0
8.4;795.7;6.1;30.5;0.0;983.0
8.3;852.2;6.1;30.5;0.0;983.0
8.3;909.1;6.3;31.5;0.0;983.0
8.3;939.9;3.2;16.0;0.0;983.0
8.4;978.3;0.6;1.8;0.0;983.0
8.3;1023.4;0.0;0.0;0.0;983.0
8.3;1022.9;50.1;0.1;1.0;983.0
8.4;1022.9;304.2;0.5;0.0;983.0
8.3;1022.9;302.1;0.5;0.0;983.0
8.4;1022.9;305.4;0.5;0.0;983.0
8.3;1022.9;301.8;0.5;0.0;983.0
8.3;1022.9;309.3;0.5;0.0;983.0
8.4;1022.9;298.2;0.5;0.0;983.0
8.3;1022.9;303.0;0.5;0.0;983.0
8.4;1022.9;295.8;0.5;0.0;983.0
8.4;1022.9;305.7;0.5;0.0;983.0
8.3;1022.9;301.2;0.5;1.0;983.0
8.3;1022.9;306.3;0.5;0.0;983.0
8.4;1022.9;304.8;0.5;0.0;983.0
8.3;1022.9;305.1;0.5;0.0;983.0
8.3;1022.9;304.5;0.5;0.0;983.0
8.4;1022.9;301.5;0.5;0.0;983.0
8.3;1022.9;304.8;0.5;0.0;983.0
8.3;1022.9;312.9;0.6;0.0;983.0
8.3;1022.9;304.8;0.5;0.0;983.0
8.3;1022.9;298.2;0.5;0.0;983.0
8.4;1022.9;304.5;0.5;0.0;983.0
8.3;1022.9;313.8;0.6;0.0;983.0
8.3;1022.9;303.3;0.5;0.0;983.0
8.4;1022.9;300.3;0.5;0.0;983.0
8.4;1022.9;306.3;0.5;0.0;983.0
8.3;1022.9;308.7;0.5;0.0;983.0
8.4;1022.9;302.4;0.5;0.0;983.0
8.3;1022.9;298.5;0.5;0.0;983.0
8.3;1022.9;309.0;0.5;0.0;983.0
8.4;1022.9;304.8;0.5;0.0;983.0
8.3;1022.9;299.4;0.5;0.0;983.0
8.4;1022.9;300.3;0.5;0.0;983.0
8.4;1022.9;307.2;0.5;0.0;983.0
8.3;1022.9;298.8;0.5;0.0;983.0
8.4;1022.9;303.3;0.5;0.0;983.0
8.4;1022.9;302.7;0.5;0.0;983.0
8.3;1022.9;310.2;0.5;0.0;983.0
8.3;1022.9;306.3;0.5;0.0;983.0
8.4;1022.9;307.2;0.5;0.0;983.0
8.3;1022.9;302.4;0.5;0.0;983.0
8.4;1022.9;305.4;0.5;0.0;983.0
8.3;1022.9;299.1;0.5;0.0;983.0
8.3;1023.0;305.1;0.5;0.0;983.0
8.4;1023.0;298.5;0.5;0.0;983.0
8.3;1023.0;302.1;0.5;0.0;983.0
8.4;1023.0;304.5;0.5;0.0;983.0
8.4;1023.0;303.9;0.5;0.0;983.0
8.3;1023.0;304.5;0.5;0.0;983.0
8.3;1023.0;300.6;0.5;0.0;983.0
8.4;1023.0;300.9;0.5;0.0;983.0
8.3;1023.0;308.1;0.5;0.0;983.0
8.3;1023.0;309.6;0.5;0.0;983.0
8.4;1023.0;306.0;0.5;0.0;983.0
8.3;1023.0;306.6;0.5;0.0;983.0
8.4;1023.0;305.1;0.5;0.0;983.0
8.3;1023.0;298.8;0.5;0.0;983.0
8.3;1023.0;302.4;0.5;0.0;983.0
8.4;1023.0;302.7;0.5;0.0;983.0
8.3;1023.0;309.3;0.5;0.0;983.0
8.3;1023.0;303.3;0.5;0.0;983.0
8.4;1023.0;303.3;0.5;0.0;983.0
8.4;1023.0;307.8;0.5;0.0;983.0
8.3;1023.0;299.7;0.5;0.0;983.0
8.4;1023.0;299.1;0.5;0.0;983.0
8.3;1023.0;303.9;0.5;0.0;983.0
8.3;1023.0;299.4;0.5;0.0;983.0
8.4;1023.0;301.2;0.5;0.0;983.0
8.3;1023.0;300.0;0.5;0.0;983.0
8.4;1023.0;302.7;0.5;0.0;983.0
8.3;1023.0;304.8;0.5;0.0;983.0
8.3;1023.0;297.9;0.5;0.0;983.0
8.4;1023.0;301.5;0.5;0.0;983.0
8.3;1023.0;303.3;0.5;0.0;983.0
8.3;1023.0;304.2;0.5;0.0;983.0
8.3;1023.0;299.4;0.5;0.0;983.0
8.4;1023.0;302.1;0.5;0.0;983.0
8.3;1023.0;296.1;0.5;0.0;983.0
8.4;1023.0;301.2;0.5;0.0;983.0
8.3;1023.0;304.8;0.5;0.0;983.0
8.3;1023.0;307.8;0.5;1.0;983.0
8.4;1023.0;307.2;0.5;0.0;983.0
8.3;1023.0;299.7;0.5;0.0;983.0
8.4;1023.0;301.5;0.5;0.0;983.0
8.3;1023.0;302.4;0.5;0.0;983.0
8.3;1023.0;309.3;0.5;0.0;983.0
8.3;1023.0;303.6;0.5;0.0;983.0
8.4;1023.0;303.6;0.5;0.0;983.0
8.3;1023.0;297.0;0.5;0.0;983.0
8.3;1023.0;297.9;0.5;0.0;983.0
8.4;1023.0;306.0;0.5;1.0;983.0
8.3;1023.0;297.6;0.5;0.0;983.0
8.4;1023.0;310.2;0.5;0.0;983.0
8.3;1023.0;309.0;0.5;0.0;983.0
8.3;1023.0;310.5;0.5;0.0;983.0
8.4;1023.0;296.7;0.5;0.0;983.0
8.3;1023.0;300.9;0.5;0.0;983.0
8.3;1023.0;304.8;0.5;0.0;983.0
8.4;1023.0;312.0;0.6;0.0;983.0
8.3;1023.0;297.9;0.5;0.0;983.0
8.3;1023.0;302.7;0.5;1.0;983.0
8.4;1023.0;303.3;0.5;0.0;983.0
8.3;1023.0;310.8;0.5;0.0;983.0
8.3;1023.0;297.9;0.5;0.0;983.0
8.4;1023.0;302.4;0.5;0.0;983.0
8.3;1023.0;303.6;0.5;0.0;983.0
8.4;1023.0;298.5;0.5;0.0;983.0
8.3;1023.0;292.8;0.5;0.0;983.0
8.3;1023.0;302.7;0.5;0.0;983.0
8.4;1023.0;310.8;0.5;0.0;983.0
8.4;1023.0;304.9;0.5;0.0;983.0
8.3;1023.0;296.6;0.5;0.0;983.0
8.4;1023.0;309.0;0.5;0.0;983.0
8.4;1023.0;303.3;0.5;0.0;983.0
8.3;1023.0;298.5;0.5;0.0;983.0
8.4;1023.0;301.8;0.5;0.0;983.0
8.3;1023.0;299.1;0.5;0.0;983.0
8.3;1023.0;299.7;0.5;0.0;983.0
8.4;1023.0;305.1;0.5;0.0;983.0
8.3;1023.0;297.0;0.5;0.0;983.0
8.4;1023.0;307.8;0.5;0.0;983.0
8.3;1023.0;302.7;0.5;0.0;983.0
8.3;1023.0;305.7;0.5;0.0;983.0
8.3;1023.0;304.8;0.5;0.0;983.0
8.4;1023.0;303.0;0.5;0.0;983.0
8.3;1023.0;303.0;0.5;0.0;983.0
8.3;1023.0;306.6;0.5;0.0;983.0
8.4;1023.0;303.3;0.5;0.0;983.0
8.3;1022.9;298.2;0.5;0.0;983.0
8.4;1022.9;298.2;0.5;0.0;983.0
8.3;1022.9;306.0;0.5;0.0;983.0
8.3;1022.9;299.4;0.5;0.0;983.0
8.4;1022.9;300.9;0.5;0.0;983.0
8.3;1022.9;302.1;0.5;0.0;983.0
8.3;1022.9;308.1;0.5;0.0;983.0
8.4;1022.9;299.4;0.5;0.0;983.0
8.3;1022.9;304.8;0.5;0.0;983.0
8.3;1022.9;292.8;0.5;0.0;983.0
8.4;1022.9;303.0;0.5;0.0;983.0
8.3;1022.9;300.0;0.5;0.0;983.0
8.3;1022.9;300.3;0.5;0.0;983.0
8.4;1022.9;302.1;0.5;0.0;983.0
8.3;1022.9;307.8;0.5;0.0;983.0
8.4;1022.9;298.2;0.5;0.0;983.0
8.3;1022.9;303.6;0.5;0.0;983.0
8.3;1022.9;307.8;0.5;0.0;983.0
8.4;1022.9;307.8;0.5;0.0;983.0
8.3;1022.9;294.6;0.5;0.0;983.0
8.3;1022.9;301.2;0.5;0.0;983.0
8.4;1022.9;303.3;0.5;0.0;983.0
8.4;1022.9;305.4;0.5;0.0;983.0
8.3;1022.9;298.2;0.5;0.0;983.0
8.4;1022.9;303.0;0.5;0.0;983.0
8.3;1022.9;299.4;0.5;0.0;983.0
8.3;1022.9;303.3;0.5;0.0;983.0
8.4;1022.9;291.9;0.5;0.0;983.0
8.3;1023.0;299.7;0.5;0.0;983.0
8.4;1023.0;309.9;0.5;0.0;983.0
8.4;1023.0;300.3;0.5;0.0;983.0
8.3;1023.0;302.7;0.5;0.0;983.0
8.4;1023.0;298.1;0.5;0.0;983.0
8.4;1023.0;295.9;0.5;0.0;983.0
8.3;1023.0;300.6;0.5;0.0;983.0
8.3;1023.0;304.8;0.5;0.0;983.0
8.4;1023.0;296.4;0.5;0.0;983.0
8.3;1023.0;308.4;0.5;0.0;983.0
8.4;1023.0;295.8;0.5;0.0;983.0
8.3;1023.0;316.5;0.6;0.0;983.0
8.3;1023.0;297.9;0.5;0.0;983.0
8.4;1023.0;304.0;0.5;0.0;983.0
8.3;1023.0;301.4;0.5;0.0;983.0
8.4;1023.0;303.9;0.5;0.0;983.0
8.4;1023.0;306.3;0.5;0.0;983.0
8.3;1023.0;303.0;0.5;0.0;983.0
8.3;1023.0;300.3;0.5;0.0;983.0
8.4;1023.0;305.4;0.5;0.0;983.0
8.3;1023.0;300.9;0.5;0.0;983.0
8.3;1023.0;299.7;0.5;0.0;983.0
8.4;1023.0;298.8;0.5;0.0;983.0
8.3;1023.0;301.5;0.5;0.0;983.0
8.4;1023.0;295.2;0.5;0.0;983.0
8.3;1023.0;304.2;0.5;0.0;983.0
8.3;1023.0;304.3;0.5;0.0;983.0
8.4;1023.0;303.2;0.5;0.0;983.0
8.3;1023.0;312.0;0.6;0.0;983.0
8.3;1023.0;309.9;0.5;0.0;983.0
8.3;1023.0;304.5;0.5;0.0;983.0
8.3;1023.0;302.1;0.5;0.0;983.0
8.3;1023.0;300.9;0.5;0.0;983.0
8.4;1023.0;299.1;0.5;0.0;983.0
8.3;1023.0;306.9;0.5;0.0;983.0
8.3;1023.0;297.3;0.5;0.0;983.0
8.4;1023.0;299.7;0.5;0.0;983.0
8.3;1023.0;305.7;0.5;0.0;983.0
8.4;1023.0;301.8;0.5;0.0;983.0
8.3;1023.0;298.2;0.5;0.0;983.0
8.3;1023.0;300.9;0.5;0.0;983.0
8.4;1023.0;301.8;0.5;0.0;983.0
8.4;1023.0;301.8;0.5;0.0;983.0
8.3;1023.0;296.4;0.5;0.0;983.0
8.3;1023.0;302.4;0.5;0.0;983.0
8.4;1023.0;300.3;0.5;0.0;983.0
8.3;1023.0;302.1;0.5;0.0;983.0
8.4;1023.0;304.2;0.5;0.0;983.0
8.3;1023.0;299.7;0.5;0.0;983.0
8.3;1023.0;305.4;0.5;0.0;983.0
8.4;1023.0;303.6;0.5;0.0;983.0
8.3;1023.0;299.7;0.5;0.0;983.0
8.4;1023.0;300.9;0.5;0.0;983.0
8.3;1023.0;298.5;0.5;1.0;983.0
8.3;1023.0;306.6;0.5;0.0;983.0
8.3;1023.0;307.5;0.5;0.0;983.0
8.4;1023.0;303.3;0.5;0.0;983.0
8.3;1023.0;298.5;0.5;0.0;983.0
8.3;1023.0;302.4;0.5;0.0;983.0
8.4;1023.0;294.6;0.5;0.0;983.0
8.3;1023.0;300.3;0.5;0.0;983.0
8.4;1023.0;301.8;0.5;0.0;983.0
8.3;1023.0;305.1;0.5;0.0;983.0
8.3;1023.0;300.6;0.5;1.0;983.0
8.4;1023.0;300.6;0.5;0.0;983.0
8.3;1023.0;298.8;0.5;0.0;983.0
8.3;1023.0;299.4;0.5;0.0;983.0
8.4;1023.0;299.4;0.5;0.0;983.0
8.3;1023.0;300.3;0.5;0.0;983.0
8.3;1023.0;305.4;0.5;0.0;983.0
8.4;1023.0;292.5;0.5;0.0;983.0
8.3;1023.0;303.9;0.5;0.0;983.0
8.3;1023.0;302.1;0.5;0.0;983.0
8.4;1023.0;297.3;0.5;1.0;983.0
8.3;1023.0;302.4;0.5;0.0;983.0
8.4;1023.0;296.7;0.5;0.0;983.0
8.3;1023.0;306.6;0.5;0.0;983.0
8.3;1023.0;302.4;0.5;0.0;983.0
8.4;1023.0;307.2;0.5;0.0;983.0
8.3;1023.0;306.9;0.5;0.0;983.0
8.3;1023.0;297.0;0.5;0.0;983.0
8.3;1023.0;294.6;0.5;0.0;983.0
8.4;1023.0;306.9;0.5;0.0;983.0
8.3;1023.0;297.3;0.5;1.0;983.0
8.4;1023.0;295.5;0.5;0.0;983.0
8.3;1023.0;295.8;0.5;0.0;983.0
8.3;1023.0;304.8;0.5;0.0;983.0
8.4;1023.0;294.6;0.5;0.0;983.0
8.3;1023.0;303.9;0.5;0.0;983.0
8.4;1023.0;305.1;0.5;0.0;983.0
8.4;1023.0;304.2;0.5;0.0;983.0
8.3;1023.0;303.6;0.5;0.0;983.0
8.4;1023.0;298.5;0.5;0.0;983.0
8.4;1023.0;297.6;0.5;1.0;983.0
8.3;1023.0;300.6;0.5;0.0;983.0
8.3;1023.0;301.2;0.5;0.0;983.0
8.4;1023.0;302.4;0.5;0.0;983.0
8.3;1023.0;307.8;0.5;0.0;983.0
8.4;1023.0;306.9;0.5;0.0;983.0
8.3;1023.0;297.0;0.5;0.0;983.0
8.3;1023.0;301.5;0.5;0.0;983.0
8.4;1023.0;302.4;0.5;0.0;983.0
8.3;1023.0;300.6;0.5;0.0;983.0
8.4;1023.0;290.4;0.5;1.0;983.0
8.4;1023.0;298.2;0.5;0.0;983.0
8.3;1023.0;299.4;0.5;0.0;983.0
8.3;1023.0;299.1;0.5;0.0;983.0
8.4;1023.0;303.9;0.5;0.0;983.0
8.3;1023.0;300.9;0.5;0.0;983.0
8.3;1023.0;295.5;0.5;0.0;983.0
8.4;1023.0;297.3;0.5;0.0;983.0
8.3;1023.0;303.6;0.5;0.0;983.0
8.4;1023.0;299.4;0.5;0.0;983.0
8.3;1023.0;303.6;0.5;1.0;983.0
8.3;1023.0;310.5;0.5;0.0;983.0
8.4;1023.0;306.9;0.5;0.0;983.0
8.3;1023.0;307.8;0.5;0.0;983.0
8.3;1023.0;305.1;0.5;0.0;983.0
8.3;1023.0;306.0;0.5;0.0;983.0
8.4;1023.0;299.7;0.5;0.0;983.0
8.3;1023.0;299.4;0.5;0.0;983.0
8.4;1023.0;302.7;0.5;0.0;983.0
8.3;1023.0;310.2;0.5;0.0;983.0
