7.2;57.6;23.9;1.8;1.0;983.0
7.1;98.4;110.8;10.2;0.0;983.0
8.4;138.0;140.7;7.7;0.0;983.0
5.5;168.0;137.3;7.3;0.0;983.0
8.3;200.4;75.3;5.8;0.0;983.0
7.0;222.1;124.8;4.3;0.0;983.0
8.3;273.2;20.7;28.0;0.0;983.0
8.3;328.9;5.9;29.5;0.0;983.0
8.4;371.8;4.7;23.5;0.0;983.0
8.3;426.6;5.9;29.5;0.0;983.0
8.3;482.4;6.0;30.0;0.0;983.0
8.4;521.0;4.3;21.5;0.0;983.0
8.3;575.1;5.8;29.0;0.0;983.0
8.3;626.8;5.7;28.5;0.0;983.0
8.4;678.3;5.5;27.5;0.0;983.0
8.3;711.4;3.6;18.0;0.0;983.0
8.4;763.1;5.7;28.5;0.0;983.0
8.3;814.4;5.7;28.5;0.0;983.0
8.3;868.5;5.8;29.0;0.0;983.0
8.4;922.0;5.8;29.0;0.0;983.0
8.3;950.4;2.5;11.3;0.0;983.0
8.3;984.8;0.0;0.0;0.0;983.0
8.3;1022.2;0.0;0.0;0.0;983.0
8.4;1021.6;93.6;0.2;2.0;983.0
8.3;1021.6;296.4;0.5;0.0;983.0
8.4;1021.6;299.4;0.5;0.0;983.0
8.3;1021.6;303.6;0.5;0.0;983.0
8.3;1021.6;305.1;0.5;0.0;983.0
8.4;1021.6;303.0;0.5;0.0;983.0
8.3;1021.6;306.0;0.5;0.0;983.0
8.4;1021.6;301.8;0.5;0.0;983.0
8.3;1021.6;299.7;0.5;0.0;983.0
8.3;1021.6;299.7;0.5;0.0;983.0
8.4;1021.6;300.9;0.5;2.0;983.0
8.3;1021.6;302.1;0.5;0.0;983.0
8.3;1021.6;307.2;0.5;0.0;983.0
8.3;1021.6;301.5;0.5;0.0;983.0
8.4;1021.6;301.2;0.5;0.0;983.0
8.3;1021.6;300.3;0.5;0.0;983.0
8.4;1021.6;303.3;0.5;0.0;983.0
8.3;1021.6;301.2;0.5;0.0;983.0
8.3;1021.6;308.4;0.5;0.0;983.0
8.4;1021.6;295.2;0.5;0.0;983.0
8.3;1021.6;304.8;0.5;1.0;983.0
8.4;1021.6;306.0;0.5;0.0;983.0
8.3;1021.6;299.7;0.5;0.0;983.0
8.3;1021.6;295.2;0.5;0.0;983.0
8.3;1021.6;303.0;0.5;0.0;983.0
8.4;1021.6;305.1;0.5;0.0;983.0
8.3;1021.6;294.9;0.5;0.0;983.0
8.3;1021.6;293.4;0.5;0.0;983.0
8.4;1021.6;302.7;0.5;0.0;983.0
8.3;1021.6;300.3;0.5;0.0;983.0
8.4;1021.6;295.8;0.5;1.0;983.0
8.3;1021.6;298.5;0.5;0.0;983.0
8.3;1021.6;304.5;0.5;0.0;983.0
8.4;1021.6;289.8;0.5;0.0;983.0
8.3;1021.6;301.5;0.5;0.0;983.0
8.3;1021.6;300.6;0.5;0.0;983.0
8.4;1021.6;306.3;0.5;0.0;983.0
8.3;1021.6;297.9;0.5;0.0;983.0
8.3;1021.6;299.1;0.5;0.0;983.0
8.4;1021.6;300.9;0.5;0.0;983.0
8.3;1021.6;300.6;0.5;1.0;983.0
8.3;1021.6;292.8;0.5;0.0;983.0
8.4;1021.7;299.1;0.5;0.0;983.0
8.3;1021.7;295.2;0.5;0.0;983.0
8.4;1021.7;302.4;0.5;0.0;983.0
8.3;1021.7;295.5;0.5;0.0;983.0
8.3;1021.7;297.3;0.5;0.0;983.0
8.4;1021.7;303.0;0.5;0.0;983.0
8.4;1021.7;295.5;0.5;0.0;983.0
8.3;1021.7;299.4;0.5;0.0;983.0
8.4;1021.7;300.3;0.5;1.0;983.0
8.4;1021.7;312.0;0.6;0.0;983.0
8.3;1021.7;299.4;0.5;0.0;983.0
8.4;1021.7;303.3;0.5;0.0;983.0
8.3;1021.7;303.3;0.5;0.0;983.0
8.3;1021.7;297.9;0.5;0.0;983.0
8.4;1021.7;297.6;0.5;0.0;983.0
8.3;1021.7;301.8;0.5;0.0;983.0
8.4;1021.7;298.2;0.5;0.0;983.0
8.3;1021.7;306.3;0.5;0.0;983.0
8.3;1021.7;300.3;0.5;0.0;983.0
8.4;1021.7;297.0;0.5;0.0;983.0
8.4;1021.7;298.8;0.5;0.0;983.0
8.3;1021.7;294.9;0.5;0.0;983.0
8.3;1021.7;294.6;0.5;0.0;983.0
8.4;1021.7;295.5;0.5;0.0;983.0
8.3;1021.7;292.8;0.5;0.0;983.0
8.4;1021.7;296.4;0.5;0.0;983.0
8.3;1021.7;294.9;0.5;0.0;983.0
8.3;1021.7;297.3;0.5;0.0;983.0
8.4;1021.7;300.3;0.5;1.0;983.0
8.3;1021.7;297.6;0.5;0.0;983.0
8.3;1021.7;309.0;0.5;0.0;983.0
8.4;1021.7;291.0;0.5;0.0;983.0
8.3;1021.7;295.2;0.5;0.0;983.0
8.3;1021.7;300.0;0.5;0.0;983.0
8.4;1021.7;296.7;0.5;0.0;983.0
8.3;1021.7;293.1;0.5;0.0;983.0
8.3;1021.7;293.4;0.5;0.0;983.0
8.4;1021.7;306.9;0.5;0.0;983.0
8.3;1021.7;310.8;0.6;1.0;983.0
8.4;1021.7;292.8;0.5;0.0;983.0
8.3;1021.7;288.6;0.5;0.0;983.0
8.3;1021.7;291.0;0.5;0.0;983.0
8.4;1021.7;287.1;0.5;0.0;983.0
8.4;1021.7;292.8;0.5;0.0;983.0
8.3;1021.7;288.3;0.5;0.0;983.0
8.4;1021.7;298.2;0.5;0.0;983.0
8.4;1021.7;289.8;0.5;0.0;983.0
8.3;1021.7;289.5;0.5;0.0;983.0
8.4;1021.7;293.1;0.5;1.0;983.0
8.3;1021.7;287.7;0.5;0.0;983.0
8.3;1021.7;301.5;0.5;0.0;983.0
8.4;1021.7;291.3;0.5;0.0;983.0
8.3;1021.7;304.5;0.5;0.0;983.0
8.4;1021.7;295.2;0.5;0.0;983.0
8.4;1021.7;288.6;0.5;0.0;983.0
8.3;1021.7;291.6;0.5;0.0;983.0
8.3;1021.7;295.5;0.5;0.0;983.0
8.4;1021.7;299.7;0.5;0.0;983.0
8.3;1021.7;293.1;0.5;0.0;983.0
8.3;1021.7;301.5;0.5;0.0;983.0
8.4;1021.7;303.6;0.5;0.0;983.0
8.3;1021.7;302.4;0.5;0.0;983.0
8.4;1021.7;299.1;0.5;0.0;983.0
8.3;1021.7;299.7;0.5;0.0;983.0
8.3;1021.7;293.7;0.5;0.0;983.0
8.4;1021.7;287.4;0.5;0.0;983.0
8.3;1021.7;296.4;0.5;0.0;983.0
8.4;1021.7;295.2;0.5;0.0;983.0
8.4;1021.7;310.5;0.5;0.0;983.0
8.3;1021.7;287.7;0.5;0.0;983.0
8.3;1021.7;298.8;0.5;0.0;983.0
8.4;1021.7;298.2;0.5;0.0;983.0
8.3;1021.7;295.2;0.5;0.0;983.0
8.3;1021.7;294.9;0.5;0.0;983.0
8.4;1021.7;295.2;0.5;0.0;983.0
8.3;1021.7;294.6;0.5;0.0;983.0
8.4;1021.7;297.3;0.5;0.0;983.0
8.3;1021.7;302.4;0.5;0.0;983.0
8.3;1021.7;303.0;0.5;0.0;983.0
8.4;1021.7;301.5;0.5;0.0;983.0
8.3;1021.7;291.9;0.5;0.0;983.0
8.3;1021.7;303.9;0.5;0.0;983.0
8.4;1021.7;303.3;0.5;0.0;983.0
8.3;1021.7;304.5;0.5;0.0;983.0
8.3;1021.6;301.2;0.5;0.0;983.0
8.4;1021.6;302.7;0.5;0.0;983.0
8.3;1021.6;304.5;0.5;0.0;983.0
8.3;1021.6;289.2;0.5;0.0;983.0
8.4;1021.6;293.7;0.5;0.0;983.0
8.3;1021.6;296.4;0.5;0.0;983.0
8.4;1021.6;297.9;0.5;0.0;983.0
8.3;1021.6;291.3;0.5;0.0;983.0
8.3;1021.6;297.3;0.5;0.0;983.0
8.4;1021.6;304.5;0.5;0.0;983.0
8.4;1021.6;294.6;0.5;0.0;983.0
8.3;1021.6;296.7;0.5;0.0;983.0
8.3;1021.6;293.7;0.5;0.0;983.0
8.4;1021.6;296.7;0.5;0.0;983.0
8.3;1021.6;295.2;0.5;1.0;983.0
8.4;1021.6;293.4;0.5;0.0;983.0
8.3;1021.6;302.4;0.5;0.0;983.0
8.3;1021.6;302.4;0.5;0.0;983.0
8.4;1021.6;299.4;0.5;0.0;983.0
8.3;1021.6;297.6;0.5;0.0;983.0
8.4;1021.6;302.1;0.5;0.0;983.0
8.3;1021.6;302.1;0.5;0.0;983.0
8.3;1021.6;297.9;0.5;0.0;983.0
8.3;1021.6;298.5;0.5;0.0;983.0
8.4;1021.6;299.1;0.5;0.0;983.0
8.3;1021.6;299.1;0.5;0.0;983.0
8.3;1021.6;306.9;0.5;0.0;983.0
8.4;1021.6;288.9;0.5;0.0;983.0
8.3;1021.6;294.6;0.5;0.0;983.0
8.4;1021.6;295.2;0.5;0.0;983.0
8.3;1021.6;291.3;0.5;0.0;983.0
8.3;1021.6;291.0;0.5;0.0;983.0
8.4;1021.6;301.5;0.5;0.0;983.0
8.3;1021.6;294.0;0.5;0.0;983.0
8.3;1021.6;304.2;0.5;0.0;983.0
8.4;1021.6;293.7;0.5;1.0;983.0
8.3;1021.6;291.6;0.5;0.0;983.0
8.3;1021.6;294.0;0.5;0.0;983.0
8.4;1021.6;301.8;0.5;0.0;983.0
8.3;1021.6;297.9;0.5;0.0;983.0
8.3;1021.6;298.5;0.5;0.0;983.0
8.4;1021.6;298.2;0.5;0.0;983.0
8.3;1021.6;313.2;0.6;0.0;983.0
8.4;1021.6;297.9;0.5;0.0;983.0
8.3;1021.6;297.0;0.5;0.0;983.0
8.3;1021.6;302.7;0.5;1.0;983.0
8.4;1021.6;309.3;0.5;0.0;983.0
8.3;1021.6;300.3;0.5;0.0;983.0
8.3;1021.6;300.9;0.5;0.0;983.0
8.4;1021.6;297.6;0.5;0.0;983.0
8.4;1021.6;298.5;0.5;0.0;983.0
8.3;1021.6;298.2;0.5;0.0;983.0
8.4;1021.6;276.9;0.5;0.0;983.0
8.3;1021.6;291.6;0.5;0.0;983.0
8.3;1021.6;297.9;0.5;0.0;983.0
8.4;1021.6;289.2;0.5;1.0;983.0
8.3;1021.6;297.9;0.5;0.0;983.0
8.4;1021.6;290.4;0.5;0.0;983.0
8.4;1021.6;296.5;0.5;0.0;983.0
8.3;1021.6;302.9;0.5;0.0;983.0
8.4;1021.6;305.4;0.5;0.0;983.0
8.4;1021.6;301.2;0.5;0.0;983.0
8.3;1021.6;306.0;0.5;0.0;983.0
8.3;1021.6;299.4;0.5;0.0;983.0
8.4;1021.6;296.7;0.5;0.0;983.0
8.3;1021.6;300.3;0.5;1.0;983.0
8.4;1021.6;304.8;0.5;0.0;983.0
8.3;1021.6;294.6;0.5;0.0;983.0
8.3;1021.6;298.5;0.5;0.0;983.0
8.4;1021.6;305.7;0.5;0.0;983.0
8.3;1021.6;298.8;0.5;0.0;983.0
8.4;1021.6;297.3;0.5;0.0;983.0
8.4;1021.6;297.6;0.5;0.0;983.0
8.3;1021.6;295.2;0.5;0.0;983.0
8.3;1021.6;297.0;0.5;0.0;983.0
8.4;1021.6;293.7;0.5;1.0;983.0
8.3;1021.6;298.5;0.5;0.0;983.0
8.3;1021.6;291.3;0.5;0.0;983.0
8.4;1021.6;295.8;0.5;0.0;983.0
8.3;1021.6;300.3;0.5;0.0;983.0
8.4;1021.6;297.0;0.5;0.0;983.0
8.3;1021.6;301.8;0.5;0.0;983.0
8.3;1021.6;297.9;0.5;0.0;983.0
8.4;1021.6;296.4;0.5;0.0;983.0
8.3;1021.6;299.1;0.5;0.0;983.0
8.3;1021.6;300.3;0.5;1.0;983.0
8.3;1021.6;299.7;0.5;0.0;983.0
8.4;1021.6;283.8;0.5;0.0;983.0
8.3;1021.6;285.3;0.5;0.0;983.0
8.4;1021.6;270.9;0.5;0.0;983.0
8.3;1018.4;279.9;0.5;0.0;983.0
8.3;1018.4;295.5;0.5;0.0;983.0
8.4;1018.4;300.9;0.5;0.0;983.0
8.3;1018.4;300.6;0.5;0.0;983.0
8.3;1018.4;304.2;0.5;0.0;983.0
8.3;1018.4;297.9;0.5;0.0;983.0
8.3;1018.4;296.1;0.5;0.0;983.0
8.4;1018.4;293.7;0.5;0.0;983.0
8.4;1018.4;293.4;0.5;0.0;983.0
8.3;1018.4;292.8;0.5;0.0;983.0
8.3;1018.4;296.1;0.5;0.0;983.0
8.4;1018.4;294.9;0.5;0.0;983.0
8.3;1018.4;294.9;0.5;0.0;983.0
8.4;1018.4;294.0;0.5;0.0;983.0
8.3;1018.4;303.6;0.5;0.0;983.0
8.3;1018.4;291.3;0.5;0.0;983.0
8.4;1018.4;302.4;0.5;0.0;983.0
8.3;1018.4;288.3;0.5;0.0;983.0
8.4;1018.4;304.2;0.5;0.0;983.0
8.4;1018.4;301.5;0.5;0.0;983.0
8.3;1018.4;302.1;0.5;0.0;983.0
8.3;1018.4;303.3;0.5;0.0;983.0
8.4;1018.4;303.6;0.5;0.0;983.0
8.3;1018.4;294.3;0.5;0.0;983.0
8.3;1018.4;303.6;0.5;0.0;983.0
8.4;1018.4;305.4;0.5;0.0;983.0
8.3;1018.4;302.7;0.5;0.0;983.0
8.4;1018.4;301.2;0.5;0.0;983.0
8.3;1018.4;299.7;0.5;0.0;983.0
8.3;1018.4;303.3;0.5;0.0;983.0
8.4;1018.4;298.8;0.5;0.0;983.0
8.3;1018.4;295.2;0.5;0.0;983.0
8.3;1018.4;300.0;0.5;0.0;983.0
8.4;1018.4;295.2;0.5;0.0;983.0
8.3;1018.4;300.0;0.5;0.0;983.0
8.3;1018.4;289.5;0.5;0.0;983.0
8.4;1018.4;294.3;0.5;0.0;983.0
8.3;1018.4;293.4;0.5;0.0;983.0
8.3;1018.4;300.9;0.5;0.0;983.0
8.4;1018.4;293.7;0.5;0.0;983.0
8.3;1018.4;304.2;0.5;0.0;983.0
8.4;1018.4;300.0;0.5;0.0;983.0
8.3;1018.4;298.5;0.5;0.0;983.0
8.3;1018.4;300.9;0.5;0.0;983.0
8.4;1018.4;302.1;0.5;0.0;983.0
8.3;1018.4;292.5;0.5;0.0;983.0
8.3;1018.4;293.4;0.5;0.0;983.0
8.4;1018.4;298.5;0.5;0.0;983.0
8.4;1018.4;299.7;0.5;0.0;983.0
8.3;1018.4;292.8;0.5;0.0;983.0
8.4;1018.4;303.6;0.5;0.0;983.0
8.3;1018.4;298.5;0.5;0.0;983.0
8.3;1018.4;297.9;0.5;0.0;983.0
8.4;1018.4;291.1;0.5;0.0;983.0
8.3;1018.4;299.6;0.5;0.0;983.0
8.4;1018.4;296.1;0.5;0.0;983.0
8.4;1018.4;299.7;0.5;0.0;983.0
8.3;1018.4;303.3;0.5;0.0;983.0
8.3;1018.4;307.2;0.5;0.0;983.0
8.4;1018.4;304.5;0.5;0.0;983.0
8.3;1018.4;300.0;0.5;0.0;983.0
