8.3;38.6;18.7;1.5;0.0;843.0
6.0;100.4;111.1;9.5;0.0;843.0
8.4;141.1;144.7;8.7;0.0;843.0
6.9;171.2;137.5;7.3;0.0;843.0
8.3;201.1;101.4;6.9;0.0;843.0
8.3;224.1;129.4;4.4;0.0;843.0
8.4;237.0;0.6;0.0;0.0;848.0
8.3;643.7;61.1;33.0;6.0;3897.0
8.3;1025.1;0.8;32.9;38.0;7798.0
0.0;991.8;2.9;0.0;0.0;7798.0
0.0;991.8;0.0;0.0;0.0;7798.0
0.0;991.8;0.0;0.0;0.0;7798.0
0.0;991.8;0.0;0.0;0.0;7798.0
0.0;991.8;0.0;0.0;0.0;7798.0
0.0;991.8;0.0;0.0;0.0;7798.0
0.0;991.8;0.0;0.0;0.0;7798.0
0.0;991.8;0.0;0.0;0.0;7798.0
0.0;991.8;0.0;0.0;0.0;7798.0
0.0;992.3;0.1;0.0;0.0;7798.0
0.0;1147.3;1.8;153.5;0.0;7798.0
8.3;1302.1;0.0;0.0;0.0;7798.0
8.3;1305.1;0.1;0.0;0.0;7798.0
8.3;1313.9;0.0;0.0;0.0;7798.0
8.3;1324.9;0.3;0.0;0.0;7798.0
8.3;1398.7;0.0;0.0;0.0;7798.0
8.3;1377.8;0.3;0.0;0.0;7798.0
8.3;1403.1;0.9;3.1;0.0;7798.0
8.4;1433.0;0.0;0.0;0.0;7798.0
8.4;1437.2;0.0;0.0;0.0;7798.0
8.3;1435.1;0.0;0.0;0.0;7798.0
8.4;1455.4;0.0;0.0;0.0;7798.0
8.3;1447.9;0.1;0.0;4.0;7868.0
8.4;1846.3;0.1;0.0;5.0;7965.0
8.4;1931.5;18.9;0.3;96.0;7965.0
8.3;1931.8;2.0;0.0;96.0;7965.0
8.3;1931.9;0.0;0.0;97.0;7965.0
8.3;1931.9;0.0;0.0;97.0;7965.0
8.4;1931.9;0.0;0.0;97.0;7965.0
8.3;1931.9;0.0;0.0;99.0;7965.0
8.4;1931.9;0.0;0.0;96.0;7965.0
8.3;1932.0;0.0;0.0;96.0;7965.0
7.1;1932.0;0.0;0.0;97.0;7965.0
9.5;1932.0;0.0;0.0;97.0;7965.0
11.8;1932.0;0.0;0.0;96.0;7965.0
9.7;1932.0;0.0;0.0;96.0;7965.0
8.4;1932.0;0.0;0.0;99.0;7965.0
8.3;1932.0;0.0;0.0;96.0;7965.0
8.4;1932.0;0.0;0.0;97.0;7965.0
8.3;1931.5;18.4;0.3;93.0;7965.0
8.4;1984.1;3.2;0.0;0.0;7965.0
8.4;1987.5;9.6;0.1;10.0;7965.0
100.0;2977.5;0.0;0.0;0.0;7965.0
8.4;2978.0;3.1;0.6;0.0;7965.0
8.4;2979.7;1.2;6.8;0.0;7965.0
8.4;2979.7;1.0;4.5;0.0;7965.0
8.3;2982.6;1.3;4.5;0.0;7965.0
8.4;2981.0;1.2;6.8;0.0;7965.0
8.3;2981.2;1.3;4.5;0.0;7965.0
8.3;2981.5;1.1;4.5;0.0;7965.0
8.3;2982.4;1.3;1.0;0.0;7965.0
8.3;2984.4;6.5;33.0;0.0;7965.0
9.7;2989.1;0.9;3.2;5.0;7965.0
9.8;2989.1;0.0;0.0;96.0;7965.0
13.1;2989.1;0.0;0.0;97.0;7965.0
8.4;2989.1;0.0;0.0;96.0;7965.0
9.8;2989.2;0.0;0.0;97.0;7965.0
8.4;2989.2;0.0;0.0;99.0;7965.0
9.6;2989.2;0.0;0.0;96.0;7965.0
8.3;2989.2;0.0;0.0;97.0;7965.0
13.1;2989.2;0.0;0.0;96.0;7965.0
9.7;2989.2;0.0;0.0;97.0;7965.0
8.4;2989.2;0.0;0.0;99.0;7965.0
7.2;2989.2;0.0;0.0;97.0;7965.0
8.3;2989.2;0.0;0.0;97.0;7965.0
9.7;2989.2;0.0;0.0;96.0;7965.0
8.3;2989.2;0.0;0.0;97.0;7965.0
6.9;2991.8;0.0;0.0;97.0;7965.0
33.1;2995.2;0.0;0.0;56.0;7965.0
99.7;2995.2;0.0;0.0;0.0;7965.0
26.6;2990.6;8.2;25.7;0.0;7965.0
8.4;2991.8;9.7;40.8;0.0;7965.0
8.3;2999.3;0.9;3.3;0.0;7965.0
8.4;2999.3;0.0;0.0;97.0;7965.0
11.1;2999.3;0.0;0.0;96.0;7965.0
11.1;2999.3;0.0;0.0;97.0;7965.0
9.5;2999.3;0.0;0.0;99.0;7965.0
11.5;2999.3;0.0;0.0;96.0;7965.0
8.3;2999.3;0.0;0.0;97.0;7965.0
8.4;2999.3;0.0;0.0;96.0;7965.0
8.4;2999.3;0.0;0.0;96.0;7965.0
14.3;2999.3;0.0;0.0;99.0;7965.0
8.4;2999.3;0.0;0.0;96.0;7965.0
8.4;2999.3;0.0;0.0;97.0;7965.0
8.3;2999.3;0.0;0.0;96.0;7965.0
9.6;2999.3;0.0;0.0;96.0;7965.0
9.6;2999.3;0.0;0.0;99.0;7965.0
8.3;2998.9;0.0;0.0;96.0;7965.0
8.4;3011.8;0.0;0.0;0.0;7965.0
95.6;3011.9;0.0;0.0;0.0;7965.0
100.0;3011.9;0.0;0.0;0.0;7965.0
100.3;3011.9;0.0;0.0;0.0;7965.0
8.3;3105.2;17.9;66.9;1.0;7965.0
8.3;3009.8;0.6;1.7;0.0;7965.0
9.6;3014.8;0.3;1.8;34.0;7965.0
9.5;3014.8;0.0;0.0;96.0;7965.0
10.8;3014.8;0.0;0.0;97.0;7965.0
8.3;3014.8;0.0;0.0;97.0;7965.0
8.4;3014.8;0.0;0.0;95.0;7965.0
8.4;3014.8;0.0;0.0;97.0;7965.0
11.1;3014.8;0.0;0.0;97.0;7965.0
9.7;3014.8;0.0;0.0;96.0;7965.0
8.3;3014.8;0.0;0.0;97.0;7965.0
8.4;3014.8;0.0;0.0;96.0;7965.0
8.3;3014.8;0.0;0.0;97.0;7965.0
8.3;3014.8;0.0;0.0;99.0;7965.0
9.7;3014.8;0.0;0.0;96.0;7965.0
15.5;3014.8;0.0;0.0;97.0;7965.0
8.4;3014.8;0.0;0.0;96.0;7965.0
8.3;3017.4;0.0;0.0;87.0;7965.0
8.3;3028.3;0.0;0.0;29.0;7965.0
100.8;3028.4;0.0;0.0;0.0;7965.0
99.4;3028.4;0.0;0.0;0.0;7965.0
97.9;3028.4;0.0;0.0;0.0;7965.0
99.4;3028.4;0.0;0.0;0.0;7965.0
87.3;3028.4;0.0;0.0;0.0;7965.0
8.4;3024.7;17.9;67.3;0.0;7965.0
8.4;3028.4;0.6;1.7;0.0;7965.0
9.8;3033.6;0.3;1.8;97.0;7965.0
18.0;3033.6;0.0;0.0;96.0;7965.0
9.5;3033.6;0.0;0.0;96.0;7965.0
8.3;3033.6;0.0;0.0;98.0;7965.0
8.4;3033.6;0.0;0.0;96.0;7965.0
11.1;3033.6;0.0;0.0;97.0;7965.0
8.3;3033.6;0.0;0.0;96.0;7965.0
7.1;3033.6;0.0;0.0;96.0;7965.0
8.3;3033.6;0.0;0.0;97.0;7965.0
8.3;3033.6;0.0;0.0;96.0;7965.0
8.4;3033.6;0.0;0.0;97.0;7965.0
17.9;3033.6;0.0;0.0;96.0;7965.0
8.4;3033.6;0.0;0.0;95.0;7965.0
10.7;3033.6;0.0;0.0;97.0;7965.0
8.4;3033.6;0.0;0.0;96.0;7965.0
8.3;3043.6;0.0;0.0;0.0;7965.0
100.0;3045.3;0.0;0.0;42.0;7965.0
94.4;3045.3;0.0;0.0;0.0;7965.0
99.7;3045.3;0.0;0.0;0.0;7965.0
99.4;3045.3;0.0;0.0;0.0;7965.0
99.4;3045.4;0.0;0.0;0.0;7965.0
96.9;3045.4;0.0;0.0;0.0;7965.0
8.3;3039.6;17.9;67.6;2.0;7965.0
8.4;3043.5;0.6;1.8;0.0;7965.0
10.7;3050.4;0.3;1.9;94.0;7965.0
9.6;3050.4;0.0;0.0;96.0;7965.0
9.8;3050.4;0.0;0.0;96.0;7965.0
8.3;3050.4;0.0;0.0;96.0;7965.0
8.4;3050.4;0.0;0.0;97.0;7965.0
10.7;3050.4;0.0;0.0;96.0;7965.0
8.4;3050.4;0.0;0.0;96.0;7965.0
8.3;3050.4;0.0;0.0;99.0;7965.0
8.4;3050.4;0.0;0.0;96.0;7965.0
7.2;3050.4;0.0;0.0;97.0;7965.0
9.6;3050.4;0.0;0.0;99.0;7965.0
8.3;3050.4;0.0;0.0;96.0;7965.0
12.5;3050.4;0.0;0.0;99.0;7965.0
8.3;3050.4;0.0;0.0;96.0;7965.0
8.4;3050.4;0.0;0.0;96.0;7965.0
8.4;3053.0;0.0;0.0;98.0;7965.0
8.4;3063.7;0.0;0.0;0.0;7965.0
99.4;3064.0;0.0;0.0;0.0;7965.0
97.1;3064.0;0.0;0.0;0.0;7965.0
99.0;3064.0;0.0;0.0;0.0;7965.0
99.7;3064.0;0.0;0.0;0.0;7965.0
93.8;3064.0;0.0;0.0;0.0;7965.0
100.0;3064.0;0.0;0.0;0.0;7965.0
97.9;3064.0;0.0;0.0;0.0;7965.0
8.3;3058.7;17.9;68.0;0.0;7965.0
8.4;3062.1;0.6;1.8;0.0;7965.0
13.8;3068.7;0.3;2.0;42.0;7965.0
15.6;3068.7;0.0;0.0;96.0;7965.0
9.6;3068.7;0.0;0.0;97.0;7965.0
8.3;3068.7;0.0;0.0;99.0;7965.0
8.4;3070.3;0.0;0.0;96.0;7965.0
8.3;3068.7;0.0;0.0;97.0;7965.0
8.4;3068.7;0.0;0.0;96.0;7965.0
8.3;3068.7;0.0;0.0;97.0;7965.0
8.3;3068.7;0.0;0.0;96.0;7965.0
8.3;3068.7;0.0;0.0;97.0;7965.0
8.3;3068.7;0.0;0.0;98.0;7965.0
10.8;3068.7;0.0;0.0;96.0;7965.0
9.7;3068.7;0.0;0.0;97.0;7965.0
8.3;3068.7;0.0;0.0;96.0;7965.0
10.8;3068.7;0.0;0.0;97.0;7965.0
8.3;3068.2;0.0;0.0;99.0;7965.0
8.4;3081.1;0.0;0.0;0.0;7965.0
99.4;3084.1;0.0;0.0;0.0;7965.0
100.3;3084.1;0.0;0.0;0.0;7965.0
100.0;3084.1;0.0;0.0;0.0;7965.0
95.6;3084.1;0.0;0.0;0.0;7965.0
99.1;3084.1;0.0;0.0;0.0;7965.0
97.0;3084.1;0.0;0.0;0.0;7965.0
100.0;3084.1;0.0;0.0;0.0;7965.0
95.9;3084.1;0.0;0.0;0.0;7965.0
8.3;3182.3;17.9;68.3;1.0;7965.0
8.3;3082.4;0.6;1.9;0.0;7965.0
8.3;3087.7;0.3;2.0;0.0;7965.0
8.3;3087.7;0.0;0.0;97.0;7965.0
8.3;3087.7;0.0;0.0;96.0;7965.0
9.7;3087.7;0.0;0.0;96.0;7965.0
8.4;3087.7;0.0;0.0;97.0;7965.0
10.4;3087.7;0.0;0.0;96.0;7965.0
8.3;3053.2;0.0;0.0;97.0;7965.0
9.7;3053.4;0.0;0.0;99.0;7965.0
8.3;3053.6;0.0;0.0;96.0;7965.0
8.4;3053.8;0.0;0.0;96.0;7965.0
9.6;3053.9;0.0;0.0;96.0;7965.0
11.2;3054.0;0.0;0.0;97.0;7965.0
8.3;3054.1;0.0;0.0;99.0;7965.0
8.4;3054.3;0.0;0.0;96.0;7965.0
9.6;3054.4;0.0;0.0;97.0;7965.0
8.3;3054.0;0.0;0.0;96.0;7965.0
8.4;3069.7;0.0;0.0;0.0;7965.0
33.4;3075.7;0.0;0.0;1.0;7965.0
94.7;3075.7;0.0;0.0;0.0;7965.0
100.3;3075.7;0.0;0.0;0.0;7965.0
99.4;3075.7;0.0;0.0;0.0;7965.0
93.2;3075.7;0.0;0.0;0.0;7965.0
87.2;3075.7;0.0;0.0;0.0;7965.0
100.3;3075.7;0.0;0.0;0.0;7965.0
88.4;3075.7;0.0;0.0;0.0;7965.0
84.8;3075.7;0.0;0.0;0.0;7965.0
99.0;3075.7;0.0;0.0;0.0;7965.0
8.3;3072.6;17.9;68.7;0.0;7965.0
8.3;3076.3;0.6;2.0;0.0;7965.0
8.4;3079.3;0.3;2.1;49.0;7965.0
8.4;3079.3;0.0;0.0;99.0;7965.0
11.5;3079.3;0.0;0.0;96.0;7965.0
8.4;3079.3;0.0;0.0;96.0;7965.0
8.3;3079.3;0.0;0.0;97.0;7965.0
8.4;3079.3;0.0;0.0;97.0;7965.0
8.3;3079.3;0.0;0.0;99.0;7965.0
8.3;3079.3;0.0;0.0;97.0;7965.0
11.1;3079.3;0.0;0.0;98.0;7965.0
8.3;3079.3;0.0;0.0;96.0;7965.0
8.4;3079.3;0.0;0.0;97.0;7965.0
10.8;3079.3;0.0;0.0;99.0;7965.0
9.7;3079.3;0.0;0.0;96.0;7965.0
11.2;3079.3;0.0;0.0;99.0;7965.0
8.4;3079.3;0.0;0.0;96.0;7965.0
8.4;3078.8;0.0;0.0;98.0;7965.0
8.3;3092.9;0.0;0.0;0.0;7965.0
8.4;3100.3;0.0;0.0;17.0;7965.0
100.3;3100.3;0.0;0.0;0.0;7965.0
94.7;3100.3;0.0;0.0;0.0;7965.0
93.5;3100.3;0.0;0.0;0.0;7965.0
99.4;3100.3;0.0;0.0;0.0;7965.0
99.1;3100.3;0.0;0.0;0.0;7965.0
100.3;3100.4;0.0;0.0;0.0;7965.0
97.1;3100.4;0.0;0.0;0.0;7965.0
98.4;3100.4;0.0;0.0;0.0;7965.0
95.8;3100.4;0.0;0.0;0.0;7965.0
8.3;3094.2;17.9;69.0;2.0;7965.0
8.3;3098.7;0.6;2.1;0.0;7965.0
8.3;3101.6;0.3;2.2;42.0;7965.0
7.1;3101.6;0.0;0.0;96.0;7965.0
8.4;3101.6;0.0;0.0;96.0;7965.0
9.6;3101.6;0.0;0.0;97.0;7965.0
13.8;3101.6;0.0;0.0;97.0;7965.0
8.3;3101.6;0.0;0.0;97.0;7965.0
8.3;3101.6;0.0;0.0;99.0;7965.0
8.4;3101.6;0.0;0.0;97.0;7965.0
10.7;3101.6;0.0;0.0;97.0;7965.0
8.4;3101.6;0.0;0.0;96.0;7965.0
8.4;3101.6;0.0;0.0;97.0;7965.0
10.8;3101.6;0.0;0.0;96.0;7965.0
8.4;3101.6;0.0;0.0;97.0;7965.0
8.3;3101.6;0.0;0.0;98.0;7965.0
8.4;3101.6;0.0;0.0;96.0;7965.0
11.9;3101.1;0.0;0.0;97.0;7965.0
8.3;3114.0;0.0;0.0;0.0;7965.0
8.3;3124.9;0.0;0.0;0.0;7965.0
96.6;3124.9;0.0;0.0;0.0;7965.0
99.4;3124.9;0.0;0.0;0.0;7965.0
99.0;3124.9;0.0;0.0;0.0;7965.0
99.4;3124.9;0.0;0.0;0.0;7965.0
99.7;3124.9;0.0;0.0;0.0;7965.0
98.2;3124.9;0.0;0.0;0.0;7965.0
99.4;3125.0;0.0;0.0;0.0;7965.0
97.1;3125.0;0.0;0.0;0.0;7965.0
97.0;3125.0;0.0;0.0;0.0;7965.0
95.9;3125.0;0.0;0.0;0.0;7965.0
99.1;3125.0;0.0;0.0;0.0;7965.0
62.5;3125.0;0.0;0.0;4.0;7965.0
8.3;3119.1;17.9;69.4;0.0;7965.0
8.4;3121.3;0.6;2.1;0.0;7965.0
7.2;3126.0;0.3;2.3;61.0;7965.0
16.7;3126.0;0.0;0.0;96.0;7965.0
9.7;3126.0;0.0;0.0;97.0;7965.0
9.7;3126.0;0.0;0.0;96.0;7965.0
8.4;3126.0;0.0;0.0;97.0;7965.0
8.4;3126.0;0.0;0.0;99.0;7965.0
