8.4;37.3;20.9;1.8;1.0;894.0
8.4;102.1;116.1;10.0;0.0;894.0
8.3;141.7;149.9;8.5;0.0;894.0
7.2;171.3;128.1;7.1;0.0;894.0
8.3;201.2;102.0;6.9;0.0;894.0
8.3;223.7;128.8;4.4;1.0;894.0
8.3;236.4;1.4;0.1;0.0;900.0
7.2;614.9;61.1;33.0;5.0;2989.0
8.4;989.9;0.6;0.0;83.0;7849.0
0.0;991.4;3.1;32.9;0.0;7849.0
0.0;991.4;0.0;0.0;0.0;7849.0
0.0;991.4;0.0;0.0;0.0;7849.0
0.0;991.4;0.0;0.0;0.0;7849.0
0.0;991.4;0.0;0.0;0.0;7849.0
0.0;991.4;0.0;0.0;0.0;7849.0
0.0;991.4;0.0;0.0;0.0;7849.0
0.0;991.4;0.0;0.0;0.0;7849.0
0.0;991.4;0.0;0.0;0.0;7849.0
0.0;991.4;0.0;0.0;0.0;7849.0
1.2;1147.0;1.9;153.5;0.0;7849.0
8.4;1301.2;0.0;0.0;0.0;7849.0
8.3;1304.5;0.1;0.0;0.0;7849.0
8.3;1313.4;0.0;0.0;0.0;7849.0
8.3;1324.2;0.3;0.0;0.0;7849.0
8.3;1399.4;0.0;0.0;0.0;7849.0
8.4;1378.0;0.3;0.0;0.0;7849.0
8.3;1403.6;0.9;3.1;0.0;7849.0
8.4;1438.3;0.0;0.0;0.0;7849.0
8.3;1435.5;0.0;0.0;0.0;7849.0
8.3;1436.4;0.0;0.0;0.0;7849.0
8.4;1456.2;0.0;0.0;0.0;7849.0
8.3;1457.1;0.1;0.0;3.0;7938.0
8.4;1900.9;0.1;0.0;35.0;8016.0
8.4;1931.8;21.1;0.3;97.0;8016.0
8.4;1931.9;0.0;0.0;96.0;8016.0
9.6;1932.0;0.0;0.0;96.0;8016.0
11.1;1932.0;0.0;0.0;96.0;8016.0
9.8;1932.1;0.0;0.0;96.0;8016.0
8.3;1932.1;0.0;0.0;96.0;8016.0
8.3;1932.1;0.0;0.0;96.0;8016.0
8.3;1932.1;0.0;0.0;98.0;8016.0
8.3;1932.1;0.0;0.0;96.0;8016.0
9.7;1932.1;0.0;0.0;96.0;8016.0
10.4;1932.1;0.0;0.0;96.0;8016.0
9.5;1932.1;0.0;0.0;99.0;8016.0
8.3;1932.1;0.0;0.0;96.0;8016.0
8.3;1932.1;0.0;0.0;96.0;8016.0
9.6;1932.1;0.0;0.0;96.0;8016.0
7.1;1931.7;18.0;0.3;88.0;8016.0
8.4;1983.7;6.4;0.1;43.0;8016.0
8.3;2041.0;6.8;0.1;0.0;8016.0
99.4;2976.8;0.0;0.0;0.0;8016.0
8.4;2977.7;3.1;0.5;0.0;8016.0
8.4;2980.1;1.2;6.8;0.0;8016.0
8.4;2981.2;1.3;4.5;0.0;8016.0
8.4;2981.4;1.0;4.5;0.0;8016.0
8.3;2981.7;1.2;6.8;0.0;8016.0
8.3;2981.8;1.3;4.5;0.0;8016.0
8.3;2982.2;1.1;4.5;0.0;8016.0
7.1;3015.4;7.7;34.1;0.0;8016.0
8.3;2985.8;0.7;1.5;0.0;8016.0
8.4;2989.2;0.3;1.6;76.0;8016.0
11.9;2989.2;0.0;0.0;96.0;8016.0
8.3;2989.2;0.0;0.0;96.0;8016.0
9.7;2989.2;0.0;0.0;97.0;8016.0
8.3;2989.2;0.0;0.0;99.0;8016.0
8.4;2989.2;0.0;0.0;96.0;8016.0
8.3;2989.2;0.0;0.0;96.0;8016.0
8.4;2989.2;0.0;0.0;95.0;8016.0
8.4;2989.2;0.0;0.0;96.0;8016.0
13.1;2989.2;0.0;0.0;96.0;8016.0
7.2;2989.2;0.0;0.0;96.0;8016.0
8.3;2989.2;0.0;0.0;99.0;8016.0
9.6;2989.2;0.0;0.0;96.0;8016.0
8.3;2989.2;0.0;0.0;96.0;8016.0
9.6;2989.2;0.0;0.0;96.0;8016.0
9.7;2988.8;0.0;0.0;98.0;8016.0
8.3;2995.9;0.0;0.0;0.0;8016.0
99.4;2995.9;0.0;0.0;0.0;8016.0
97.9;2995.9;0.0;0.0;0.0;8016.0
8.4;3120.4;17.9;66.5;2.0;8016.0
8.3;2994.3;0.6;1.6;0.0;8016.0
8.3;3001.2;0.3;1.7;36.0;8016.0
14.3;3001.2;0.0;0.0;95.0;8016.0
9.5;3001.2;0.0;0.0;96.0;8016.0
8.4;3001.2;0.0;0.0;99.0;8016.0
8.3;3001.2;0.0;0.0;96.0;8016.0
8.4;3001.2;0.0;0.0;96.0;8016.0
11.5;3001.2;0.0;0.0;96.0;8016.0
11.1;3001.2;0.0;0.0;97.0;8016.0
11.1;3001.2;0.0;0.0;96.0;8016.0
8.3;3001.2;0.0;0.0;96.0;8016.0
8.3;3001.2;0.0;0.0;99.0;8016.0
9.5;3001.2;0.0;0.0;96.0;8016.0
8.3;3001.2;0.0;0.0;96.0;8016.0
9.7;3001.2;0.0;0.0;96.0;8016.0
8.4;3001.2;0.0;0.0;96.0;8016.0
9.5;3000.8;0.0;0.0;96.0;8016.0
8.3;3014.6;0.0;0.0;10.0;8016.0
97.1;3014.7;0.0;0.0;0.0;8016.0
99.1;3014.7;0.0;0.0;0.0;8016.0
100.0;3014.8;0.0;0.0;0.0;8016.0
18.9;3009.2;7.0;19.3;2.0;8016.0
8.3;3009.7;10.9;47.6;0.0;8016.0
8.4;3018.7;0.9;3.4;0.0;8016.0
8.4;3018.7;0.0;0.0;95.0;8016.0
8.4;3018.7;0.0;0.0;94.0;8016.0
8.4;3018.7;0.0;0.0;96.0;8016.0
8.3;3018.7;0.0;0.0;96.0;8016.0
8.4;3018.7;0.0;0.0;96.0;8016.0
8.3;3018.7;0.0;0.0;96.0;8016.0
8.3;3018.7;0.0;0.0;96.0;8016.0
11.8;3018.7;0.0;0.0;99.0;8016.0
8.3;3018.7;0.0;0.0;96.0;8016.0
8.4;3018.7;0.0;0.0;96.0;8016.0
9.5;3018.7;0.0;0.0;96.0;8016.0
8.3;3018.7;0.0;0.0;96.0;8016.0
8.3;3018.7;0.0;0.0;96.0;8016.0
8.3;3018.7;0.0;0.0;96.0;8016.0
8.4;3018.7;0.0;0.0;99.0;8016.0
8.3;3029.2;0.0;0.0;0.0;8016.0
96.8;3030.4;0.0;0.0;0.0;8016.0
98.0;3030.4;0.0;0.0;0.0;8016.0
97.9;3030.4;0.0;0.0;0.0;8016.0
94.4;3030.4;0.0;0.0;0.0;8016.0
99.7;3030.4;0.0;0.0;0.0;8016.0
8.3;3024.9;17.9;67.3;1.0;8016.0
8.4;3027.1;0.6;1.7;0.0;8016.0
9.5;3034.7;0.3;1.8;84.0;8016.0
8.3;3034.7;0.0;0.0;96.0;8016.0
8.3;3034.7;0.0;0.0;99.0;8016.0
8.3;3034.7;0.0;0.0;96.0;8016.0
9.6;3034.7;0.0;0.0;96.0;8016.0
8.3;3034.7;0.0;0.0;96.0;8016.0
9.7;3034.7;0.0;0.0;97.0;8016.0
8.3;3034.7;0.0;0.0;96.0;8016.0
7.2;3034.7;0.0;0.0;96.0;8016.0
8.4;3034.7;0.0;0.0;96.0;8016.0
8.3;3034.7;0.0;0.0;97.0;8016.0
12.6;3034.7;0.0;0.0;96.0;8016.0
10.7;3034.7;0.0;0.0;96.0;8016.0
9.5;3034.7;0.0;0.0;99.0;8016.0
8.3;3034.7;0.0;0.0;96.0;8016.0
8.3;3037.3;0.0;0.0;97.0;8016.0
8.3;3046.1;0.0;0.0;0.0;8016.0
99.1;3046.3;0.0;0.0;0.0;8016.0
100.3;3046.3;0.0;0.0;0.0;8016.0
95.9;3046.3;0.0;0.0;0.0;8016.0
100.3;3046.3;0.0;0.0;0.0;8016.0
97.9;3046.3;0.0;0.0;0.0;8016.0
33.3;3040.6;2.7;2.0;0.0;8016.0
8.3;3042.7;15.2;65.6;0.0;8016.0
8.3;3047.5;0.6;1.8;0.0;8016.0
8.3;3051.7;0.3;1.9;96.0;8016.0
9.5;3051.7;0.0;0.0;96.0;8016.0
8.4;3051.7;0.0;0.0;96.0;8016.0
8.3;3051.7;0.0;0.0;99.0;8016.0
8.3;3051.7;0.0;0.0;96.0;8016.0
8.4;3055.9;0.0;0.0;96.0;8016.0
8.3;3051.7;0.0;0.0;96.0;8016.0
15.5;3051.7;0.0;0.0;96.0;8016.0
8.3;3051.7;0.0;0.0;96.0;8016.0
9.5;3051.7;0.0;0.0;96.0;8016.0
10.8;3051.7;0.0;0.0;96.0;8016.0
8.4;3051.7;0.0;0.0;96.0;8016.0
8.4;3051.7;0.0;0.0;99.0;8016.0
9.5;3051.7;0.0;0.0;96.0;8016.0
7.2;3051.7;0.0;0.0;96.0;8016.0
8.3;3061.2;0.0;0.0;41.0;8016.0
8.3;3064.6;0.0;0.0;32.0;8016.0
98.0;3064.6;0.0;0.0;0.0;8016.0
99.4;3064.6;0.0;0.0;0.0;8016.0
95.9;3064.7;0.0;0.0;0.0;8016.0
98.2;3064.7;0.0;0.0;0.0;8016.0
98.2;3064.7;0.0;0.0;0.0;8016.0
100.3;3064.7;0.0;0.0;0.0;8016.0
44.8;3065.0;2.1;2.2;0.0;8016.0
8.3;3060.9;15.8;65.8;0.0;8016.0
8.4;3064.2;0.6;1.8;0.0;8016.0
8.3;3068.9;0.3;2.0;96.0;8016.0
10.7;3068.9;0.0;0.0;99.0;8016.0
9.5;3068.9;0.0;0.0;96.0;8016.0
9.7;3068.9;0.0;0.0;99.0;8016.0
8.3;3068.9;0.0;0.0;96.0;8016.0
9.6;3068.9;0.0;0.0;96.0;8016.0
8.4;3068.9;0.0;0.0;96.0;8016.0
8.4;3068.9;0.0;0.0;97.0;8016.0
8.3;3068.9;0.0;0.0;96.0;8016.0
17.9;3068.9;0.0;0.0;96.0;8016.0
10.8;3068.9;0.0;0.0;99.0;8016.0
8.4;3068.9;0.0;0.0;96.0;8016.0
8.4;3068.9;0.0;0.0;96.0;8016.0
8.3;3068.9;0.0;0.0;96.0;8016.0
8.4;3068.9;0.0;0.0;96.0;8016.0
8.3;3068.4;0.0;0.0;35.0;8016.0
8.3;3086.5;0.0;0.0;0.0;8016.0
96.6;3087.2;0.0;0.0;0.0;8016.0
97.1;3087.2;0.0;0.0;0.0;8016.0
99.0;3087.2;0.0;0.0;0.0;8016.0
99.1;3087.2;0.0;0.0;0.0;8016.0
92.3;3087.2;0.0;0.0;0.0;8016.0
98.4;3087.2;0.0;0.0;0.0;8016.0
99.1;3087.3;0.0;0.0;0.0;8016.0
97.9;3087.3;0.0;0.0;0.0;8016.0
7.2;3136.1;17.9;68.4;2.0;8016.0
8.3;3083.9;0.6;1.9;0.0;8016.0
8.3;3095.0;0.3;2.0;0.0;8016.0
8.4;3090.1;0.0;0.0;95.0;8016.0
8.3;3090.1;0.0;0.0;96.0;8016.0
8.3;3090.1;0.0;0.0;95.0;8016.0
10.8;3090.1;0.0;0.0;96.0;8016.0
11.8;3090.1;0.0;0.0;96.0;8016.0
9.4;3090.1;0.0;0.0;96.0;8016.0
8.3;3090.1;0.0;0.0;97.0;8016.0
8.4;3090.1;0.0;0.0;97.0;8016.0
11.9;3090.1;0.0;0.0;99.0;8016.0
9.5;3090.1;0.0;0.0;96.0;8016.0
8.4;3090.1;0.0;0.0;99.0;8016.0
8.3;3090.1;0.0;0.0;96.0;8016.0
9.6;3090.1;0.0;0.0;96.0;8016.0
8.4;3090.1;0.0;0.0;96.0;8016.0
8.4;3089.6;0.0;0.0;97.0;8016.0
8.3;3100.6;0.0;0.0;0.0;8016.0
8.3;3107.6;0.0;0.0;0.0;8016.0
100.3;3107.6;0.0;0.0;0.0;8016.0
96.8;3107.6;0.0;0.0;0.0;8016.0
98.0;3107.6;0.0;0.0;0.0;8016.0
99.7;3107.6;0.0;0.0;0.0;8016.0
99.0;3107.6;0.0;0.0;0.0;8016.0
99.1;3107.6;0.0;0.0;0.0;8016.0
99.1;3107.6;0.0;0.0;0.0;8016.0
98.4;3107.6;0.0;0.0;0.0;8016.0
99.1;3107.6;0.0;0.0;0.0;8016.0
7.2;3134.4;17.8;68.7;2.0;8016.0
8.3;3104.2;0.1;0.0;0.0;8016.0
8.3;3106.3;0.8;2.0;0.0;8016.0
8.3;3108.8;0.1;2.1;96.0;8016.0
9.5;3108.8;0.0;0.0;96.0;8016.0
8.3;3108.8;0.0;0.0;96.0;8016.0
8.3;3108.8;0.0;0.0;97.0;8016.0
11.2;3108.8;0.0;0.0;99.0;8016.0
9.6;3108.8;0.0;0.0;96.0;8016.0
17.9;3108.8;0.0;0.0;98.0;8016.0
8.4;3108.8;0.0;0.0;96.0;8016.0
8.3;3108.8;0.0;0.0;98.0;8016.0
8.3;3108.8;0.0;0.0;96.0;8016.0
9.4;3108.8;0.0;0.0;96.0;8016.0
10.8;3108.8;0.0;0.0;96.0;8016.0
9.7;3108.8;0.0;0.0;97.0;8016.0
8.3;3108.8;0.0;0.0;96.0;8016.0
8.3;3108.8;0.0;0.0;96.0;8016.0
8.4;3120.9;0.0;0.0;4.0;8016.0
8.3;3131.6;0.0;0.0;0.0;8016.0
99.4;3132.5;0.0;0.0;0.0;8016.0
96.8;3132.5;0.0;0.0;0.0;8016.0
94.7;3132.5;0.0;0.0;0.0;8016.0
99.1;3132.5;0.0;0.0;0.0;8016.0
89.6;3132.5;0.0;0.0;0.0;8016.0
99.4;3132.5;0.0;0.0;0.0;8016.0
98.0;3132.5;0.0;0.0;0.0;8016.0
100.0;3132.5;0.0;0.0;0.0;8016.0
96.8;3132.5;0.0;0.0;0.0;8016.0
99.1;3132.5;0.0;0.0;0.0;8016.0
56.2;3135.8;0.0;0.0;1.0;8016.0
8.4;3127.0;17.9;69.1;0.0;8016.0
8.4;3129.2;0.6;2.1;0.0;8016.0
8.3;3133.7;0.3;2.2;96.0;8016.0
8.4;3133.7;0.0;0.0;95.0;8016.0
8.3;3133.7;0.0;0.0;97.0;8016.0
8.4;3133.7;0.0;0.0;96.0;8016.0
8.3;3133.7;0.0;0.0;95.0;8016.0
8.3;3133.7;0.0;0.0;99.0;8016.0
8.4;3133.7;0.0;0.0;96.0;8016.0
8.3;3133.7;0.0;0.0;96.0;8016.0
8.3;3133.7;0.0;0.0;95.0;8016.0
9.7;3133.7;0.0;0.0;97.0;8016.0
8.3;3133.7;0.0;0.0;96.0;8016.0
9.6;3133.7;0.0;0.0;96.0;8016.0
8.3;3133.7;0.0;0.0;99.0;8016.0
8.4;3133.7;0.0;0.0;95.0;8016.0
8.3;3133.7;0.0;0.0;96.0;8016.0
8.4;3133.2;0.0;0.0;50.0;8016.0
8.4;3149.3;0.0;0.0;0.0;8016.0
34.6;3158.0;0.0;0.0;2.0;8016.0
100.3;3158.0;0.0;0.0;0.0;8016.0
99.0;3158.0;0.0;0.0;0.0;8016.0
100.3;3158.0;0.0;0.0;0.0;8016.0
92.0;3158.0;0.0;0.0;0.0;8016.0
99.7;3158.0;0.0;0.0;0.0;8016.0
90.8;3158.0;0.0;0.0;0.0;8016.0
99.0;3158.0;0.0;0.0;0.0;8016.0
100.3;3158.0;0.0;0.0;0.0;8016.0
97.1;3158.0;0.0;0.0;0.0;8016.0
95.6;3158.0;0.0;0.0;0.0;8016.0
98.0;3158.0;0.0;0.0;0.0;8016.0
85.4;3158.0;0.0;0.0;1.0;8016.0
8.3;3154.0;17.9;69.5;3.0;8016.0
8.4;3156.1;0.6;2.1;1.0;8016.0
8.3;3158.9;0.3;2.3;7.0;8016.0
10.4;3159.0;0.0;0.0;95.0;8016.0
