7.2;37.3;20.7;1.8;1.0;900.0
7.2;100.8;112.7;9.6;0.0;900.0
8.3;141.1;146.5;8.7;0.0;900.0
6.9;170.7;129.5;7.2;0.0;900.0
8.4;201.3;109.2;7.0;0.0;900.0
7.1;225.6;128.1;4.4;1.0;900.0
8.3;237.2;0.1;0.0;0.0;906.0
8.3;645.8;61.1;33.0;5.0;3891.0
18.9;1024.3;0.8;32.9;62.0;7855.0
0.0;990.2;2.9;0.0;0.0;7855.0
0.0;990.2;0.0;0.0;0.0;7855.0
0.0;990.2;0.0;0.0;0.0;7855.0
0.0;990.2;0.0;0.0;0.0;7855.0
0.0;990.2;0.0;0.0;0.0;7855.0
0.0;990.2;0.0;0.0;0.0;7855.0
0.0;990.2;0.0;0.0;0.0;7855.0
0.0;990.2;0.0;0.0;0.0;7855.0
0.0;990.2;0.0;0.0;0.0;7855.0
5.2;1064.5;0.6;73.4;0.0;7855.0
0.0;1145.9;1.3;80.1;0.0;7855.0
8.3;1300.9;0.1;0.0;0.0;7855.0
8.4;1304.9;0.0;0.0;0.0;7855.0
8.3;1315.2;0.0;0.0;0.0;7855.0
8.3;1326.5;0.3;0.0;0.0;7855.0
8.3;1399.9;0.0;0.0;0.0;7855.0
8.3;1381.8;0.3;0.0;0.0;7855.0
8.4;1390.0;0.9;3.1;0.0;7859.0
8.3;1432.9;0.0;0.0;0.0;7855.0
8.4;1434.4;0.0;0.0;0.0;7855.0
8.3;1448.4;0.0;0.0;0.0;7855.0
8.3;1456.6;0.0;0.0;0.0;7855.0
8.3;1560.0;0.2;0.0;5.0;7969.0
9.5;1927.4;4.9;0.1;18.0;8022.0
8.4;1928.3;16.6;0.3;94.0;8022.0
9.6;1928.4;0.0;0.0;96.0;8022.0
14.2;1928.4;0.0;0.0;96.0;8022.0
8.4;1928.5;0.0;0.0;97.0;8022.0
8.3;1928.5;0.0;0.0;99.0;8022.0
8.4;1928.5;0.0;0.0;96.0;8022.0
7.2;1928.5;0.0;0.0;96.0;8022.0
8.4;1928.5;0.0;0.0;95.0;8022.0
8.3;1928.5;0.0;0.0;99.0;8022.0
12.5;1928.5;0.0;0.0;96.0;8022.0
8.3;1928.5;0.0;0.0;96.0;8022.0
10.7;1928.5;0.0;0.0;96.0;8022.0
9.6;1928.6;0.0;0.0;96.0;8022.0
6.9;1928.6;0.0;0.0;96.0;8022.0
11.1;1928.6;0.0;0.0;96.0;8022.0
8.4;1928.1;19.0;0.3;96.0;8022.0
7.1;1979.7;7.6;0.1;12.0;8022.0
68.6;2365.8;4.0;0.1;12.0;8022.0
92.8;2973.2;0.0;0.0;0.0;8022.0
8.4;2974.9;3.3;2.8;0.0;8022.0
8.4;2976.1;1.3;4.5;0.0;8022.0
8.4;2977.4;1.0;4.5;0.0;8022.0
8.4;2977.4;1.2;6.8;0.0;8022.0
8.4;2978.2;1.0;4.5;0.0;8022.0
8.4;2978.5;1.3;4.5;0.0;8022.0
8.3;2978.6;1.1;4.5;0.0;8022.0
8.3;2980.6;1.3;1.0;0.0;8022.0
8.3;2982.3;6.8;33.0;0.0;8026.0
8.3;2985.5;0.6;3.2;74.0;8026.0
7.2;2985.5;0.0;0.0;97.0;8026.0
8.4;2985.5;0.0;0.0;96.0;8026.0
6.9;2985.5;0.0;0.0;95.0;8026.0
9.7;2985.5;0.0;0.0;99.0;8026.0
9.6;2985.5;0.0;0.0;96.0;8026.0
8.4;2985.5;0.0;0.0;96.0;8026.0
8.4;2985.5;0.0;0.0;96.0;8026.0
12.6;2985.5;0.0;0.0;97.0;8026.0
8.4;2985.5;0.0;0.0;96.0;8026.0
13.0;2985.5;0.0;0.0;96.0;8026.0
8.3;2985.5;0.0;0.0;99.0;8026.0
8.3;2985.5;0.0;0.0;96.0;8026.0
8.4;2985.5;0.0;0.0;96.0;8026.0
9.5;2985.5;0.0;0.0;96.0;8026.0
9.4;2985.0;0.0;0.0;96.0;8026.0
8.3;2991.3;0.0;0.0;0.0;8026.0
98.0;2991.3;0.0;0.0;0.0;8026.0
95.6;2991.3;0.0;0.0;0.0;8026.0
8.4;2986.7;17.9;66.5;2.0;8026.0
8.3;2988.6;0.6;1.6;0.0;8026.0
8.4;2996.9;0.3;1.7;96.0;8026.0
8.3;2998.4;0.0;0.0;99.0;8026.0
10.8;2996.9;0.0;0.0;96.0;8026.0
10.4;2996.9;0.0;0.0;96.0;8026.0
15.2;2996.9;0.0;0.0;96.0;8026.0
8.4;2996.9;0.0;0.0;96.0;8026.0
8.3;2996.9;0.0;0.0;96.0;8026.0
8.4;2996.9;0.0;0.0;97.0;8026.0
8.3;2996.9;0.0;0.0;99.0;8026.0
8.3;2996.9;0.0;0.0;96.0;8026.0
10.8;2996.9;0.0;0.0;96.0;8026.0
11.5;2996.9;0.0;0.0;96.0;8026.0
8.4;2996.9;0.0;0.0;96.0;8026.0
8.3;2996.9;0.0;0.0;96.0;8026.0
8.3;2996.9;0.0;0.0;96.0;8026.0
8.4;2999.5;0.0;0.0;98.0;8026.0
42.6;3009.5;0.0;0.0;40.0;8026.0
95.6;3009.5;0.0;0.0;0.0;8026.0
98.4;3009.5;0.0;0.0;0.0;8026.0
90.0;3009.5;0.0;0.0;0.0;8026.0
8.4;3036.8;17.8;66.9;2.0;8026.0
8.4;3007.5;0.7;1.7;0.0;8026.0
8.4;3014.0;0.3;1.8;0.0;8022.0
15.5;3014.0;0.0;0.0;95.0;8022.0
11.9;3014.0;0.0;0.0;99.0;8022.0
9.5;3014.0;0.0;0.0;95.0;8022.0
8.3;3014.0;0.0;0.0;96.0;8022.0
8.4;3014.0;0.0;0.0;96.0;8022.0
9.5;3014.0;0.0;0.0;97.0;8022.0
9.6;3014.0;0.0;0.0;96.0;8022.0
9.5;3014.0;0.0;0.0;96.0;8022.0
8.3;3014.0;0.0;0.0;96.0;8022.0
9.7;3014.0;0.0;0.0;96.0;8022.0
8.3;3014.0;0.0;0.0;99.0;8022.0
8.4;3014.0;0.0;0.0;95.0;8022.0
8.3;3014.0;0.0;0.0;96.0;8022.0
9.8;3014.0;0.0;0.0;96.0;8022.0
9.6;3013.5;0.0;0.0;97.0;8022.0
8.4;3027.6;0.0;0.0;0.0;8022.0
99.0;3027.9;0.0;0.0;0.0;8022.0
98.0;3027.9;0.0;0.0;0.0;8022.0
92.8;3027.9;0.0;0.0;0.0;8022.0
97.9;3027.9;0.0;0.0;0.0;8022.0
77.1;3027.9;0.0;0.0;0.0;8022.0
8.3;3024.2;17.9;67.3;0.0;8022.0
8.3;3026.9;0.6;1.7;0.0;8022.0
8.3;3031.4;0.3;1.8;100.0;8026.0
9.6;3031.4;0.0;0.0;95.0;8026.0
9.7;3031.4;0.0;0.0;96.0;8026.0
8.4;3031.4;0.0;0.0;99.0;8026.0
8.4;3031.4;0.0;0.0;95.0;8026.0
8.4;3031.4;0.0;0.0;97.0;8026.0
11.9;3031.4;0.0;0.0;96.0;8026.0
8.3;3031.4;0.0;0.0;96.0;8026.0
8.4;3031.4;0.0;0.0;96.0;8026.0
7.1;3031.4;0.0;0.0;96.0;8026.0
8.4;3031.4;0.0;0.0;96.0;8026.0
8.3;3031.4;0.0;0.0;96.0;8026.0
8.3;3031.4;0.0;0.0;99.0;8026.0
8.3;3031.4;0.0;0.0;96.0;8026.0
11.8;3031.4;0.0;0.0;99.0;8026.0
8.3;3030.9;0.0;0.0;96.0;8026.0
8.3;3043.3;0.0;0.0;0.0;8026.0
94.7;3043.5;0.0;0.0;25.0;8026.0
99.4;3043.5;0.0;0.0;0.0;8026.0
97.9;3043.5;0.0;0.0;0.0;8026.0
95.9;3043.5;0.0;0.0;0.0;8026.0
91.4;3043.5;0.0;0.0;0.0;8026.0
98.2;3043.5;0.0;0.0;0.0;8026.0
9.6;3070.6;17.8;67.7;2.0;8026.0
8.3;3040.1;0.7;1.8;0.0;8026.0
8.4;3048.2;0.3;1.9;0.0;8026.0
8.4;3048.3;0.0;0.0;96.0;8022.0
8.4;3051.9;0.0;0.0;99.0;8022.0
10.4;3048.3;0.0;0.0;95.0;8022.0
9.7;3048.3;0.0;0.0;96.0;8022.0
9.7;3048.3;0.0;0.0;96.0;8022.0
9.6;3048.3;0.0;0.0;96.0;8022.0
8.4;3048.3;0.0;0.0;96.0;8022.0
8.3;3048.3;0.0;0.0;96.0;8022.0
8.3;3048.3;0.0;0.0;98.0;8022.0
8.4;3048.3;0.0;0.0;96.0;8022.0
10.7;3048.3;0.0;0.0;96.0;8022.0
10.8;3048.3;0.0;0.0;96.0;8022.0
8.4;3048.3;0.0;0.0;99.0;8022.0
8.4;3048.3;0.0;0.0;95.0;8022.0
8.4;3048.3;0.0;0.0;96.0;8022.0
8.4;3058.4;0.0;0.0;0.0;8022.0
70.0;3060.3;0.0;0.0;11.0;8022.0
98.0;3060.3;0.0;0.0;0.0;8022.0
97.1;3060.3;0.0;0.0;0.0;8022.0
98.2;3060.3;0.0;0.0;0.0;8022.0
95.8;3060.3;0.0;0.0;0.0;8022.0
97.0;3060.3;0.0;0.0;0.0;8022.0
98.4;3060.4;0.0;0.0;0.0;8022.0
57.3;3062.7;0.0;0.0;0.0;8022.0
8.3;3057.0;17.9;68.1;0.0;8022.0
8.3;3059.6;0.6;1.8;0.0;8022.0
8.4;3065.0;0.3;2.0;96.0;8022.0
8.4;3065.0;0.0;0.0;99.0;8022.0
8.4;3065.0;0.0;0.0;96.0;8022.0
10.8;3065.0;0.0;0.0;97.0;8022.0
12.5;3065.0;0.0;0.0;96.0;8022.0
8.3;3065.0;0.0;0.0;98.0;8022.0
9.4;3065.0;0.0;0.0;96.0;8022.0
8.4;3065.0;0.0;0.0;96.0;8022.0
8.3;3065.0;0.0;0.0;96.0;8022.0
8.3;3065.0;0.0;0.0;97.0;8022.0
8.3;3065.0;0.0;0.0;96.0;8022.0
15.4;3065.0;0.0;0.0;96.0;8022.0
9.7;3065.0;0.0;0.0;99.0;8022.0
12.5;3065.0;0.0;0.0;96.0;8022.0
8.4;3065.0;0.0;0.0;96.0;8022.0
8.4;3067.6;0.0;0.0;46.0;8022.0
8.3;3082.3;0.0;0.0;0.0;8022.0
99.1;3083.1;0.0;0.0;0.0;8022.0
98.0;3083.1;0.0;0.0;0.0;8022.0
97.0;3083.1;0.0;0.0;0.0;8022.0
100.0;3083.1;0.0;0.0;0.0;8022.0
94.4;3083.1;0.0;0.0;0.0;8022.0
99.4;3083.1;0.0;0.0;0.0;8022.0
94.4;3083.1;0.0;0.0;0.0;8022.0
97.1;3083.1;0.0;0.0;0.0;8022.0
8.3;3077.1;17.8;68.5;2.0;8022.0
8.4;3079.7;0.1;0.0;0.0;8022.0
8.4;3084.3;0.9;3.9;0.0;8022.0
8.4;3084.6;0.0;0.0;96.0;8022.0
8.3;3084.6;0.0;0.0;99.0;8022.0
8.3;3084.6;0.0;0.0;96.0;8022.0
8.4;3084.6;0.0;0.0;96.0;8022.0
9.5;3084.6;0.0;0.0;96.0;8022.0
8.3;3084.6;0.0;0.0;96.0;8022.0
8.3;3084.6;0.0;0.0;96.0;8022.0
8.3;3084.6;0.0;0.0;96.0;8022.0
8.4;3084.6;0.0;0.0;96.0;8022.0
8.3;3084.6;0.0;0.0;96.0;8022.0
8.4;3084.6;0.0;0.0;99.0;8022.0
9.7;3084.6;0.0;0.0;96.0;8022.0
9.7;3084.6;0.0;0.0;99.0;8022.0
9.5;3084.6;0.0;0.0;96.0;8022.0
8.3;3084.6;0.0;0.0;96.0;8022.0
8.4;3100.1;0.0;0.0;27.0;8022.0
8.3;3106.6;0.0;0.0;0.0;8022.0
99.4;3106.6;0.0;0.0;0.0;8022.0
98.0;3106.6;0.0;0.0;0.0;8022.0
96.9;3106.6;0.0;0.0;0.0;8022.0
99.7;3106.6;0.0;0.0;0.0;8022.0
99.4;3106.6;0.0;0.0;0.0;8022.0
99.4;3106.6;0.0;0.0;0.0;8022.0
100.3;3106.6;0.0;0.0;0.0;8022.0
94.7;3106.6;0.0;0.0;0.0;8022.0
100.3;3106.6;0.0;0.0;0.0;8022.0
28.7;3100.6;3.5;5.5;2.0;8022.0
8.3;3101.3;14.4;63.4;0.0;8022.0
8.4;3105.3;0.6;2.0;0.0;8026.0
8.3;3109.8;0.3;2.1;99.0;8022.0
8.4;3113.8;0.0;0.0;95.0;8022.0
8.3;3109.8;0.0;0.0;96.0;8022.0
8.4;3109.8;0.0;0.0;96.0;8022.0
8.4;3109.8;0.0;0.0;98.0;8022.0
8.3;3109.8;0.0;0.0;96.0;8022.0
8.4;3109.8;0.0;0.0;99.0;8022.0
8.4;3109.8;0.0;0.0;96.0;8022.0
8.3;3109.8;0.0;0.0;96.0;8022.0
8.3;3109.8;0.0;0.0;96.0;8022.0
9.7;3109.8;0.0;0.0;96.0;8022.0
8.3;3109.8;0.0;0.0;95.0;8022.0
8.4;3109.8;0.0;0.0;96.0;8022.0
8.3;3109.8;0.0;0.0;99.0;8022.0
8.3;3109.8;0.0;0.0;95.0;8022.0
8.3;3112.4;0.0;0.0;97.0;8022.0
8.4;3126.9;0.0;0.0;0.0;8022.0
83.1;3133.4;0.0;0.0;2.0;8022.0
99.1;3133.4;0.0;0.0;0.0;8022.0
92.3;3133.4;0.0;0.0;0.0;8022.0
96.9;3133.4;0.0;0.0;0.0;8022.0
97.0;3133.4;0.0;0.0;0.0;8022.0
99.1;3133.4;0.0;0.0;0.0;8022.0
100.3;3133.4;0.0;0.0;0.0;8022.0
98.0;3133.4;0.0;0.0;0.0;8022.0
98.0;3133.4;0.0;0.0;0.0;8022.0
95.9;3133.4;0.0;0.0;0.0;8022.0
100.3;3133.4;0.0;0.0;0.0;8022.0
10.7;3160.1;17.8;69.2;1.0;8022.0
8.3;3128.4;0.1;0.0;0.0;8022.0
8.3;3131.9;0.6;2.1;0.0;8026.0
8.4;3134.5;0.3;2.2;95.0;8026.0
11.1;3134.5;0.0;0.0;95.0;8026.0
10.8;3134.5;0.0;0.0;96.0;8026.0
8.4;3134.5;0.0;0.0;96.0;8026.0
8.3;3134.5;0.0;0.0;97.0;8026.0
8.4;3134.5;0.0;0.0;99.0;8026.0
8.4;3134.5;0.0;0.0;96.0;8026.0
7.2;3134.5;0.0;0.0;96.0;8026.0
9.7;3134.5;0.0;0.0;95.0;8026.0
8.3;3134.5;0.0;0.0;96.0;8026.0
8.3;3134.5;0.0;0.0;96.0;8026.0
8.3;3134.5;0.0;0.0;97.0;8026.0
9.6;3134.5;0.0;0.0;99.0;8026.0
9.7;3134.5;0.0;0.0;96.0;8026.0
8.3;3134.5;0.0;0.0;99.0;8026.0
9.6;3140.0;0.0;0.0;53.0;8026.0
8.3;3150.2;0.0;0.0;0.0;8026.0
97.1;3155.0;0.0;0.0;42.0;8026.0
100.3;3155.0;0.0;0.0;0.0;8026.0
97.1;3155.0;0.0;0.0;0.0;8026.0
94.8;3155.0;0.0;0.0;0.0;8026.0
96.8;3155.0;0.0;0.0;0.0;8026.0
99.4;3155.0;0.0;0.0;0.0;8026.0
99.1;3155.0;0.0;0.0;0.0;8026.0
96.9;3155.0;0.0;0.0;0.0;8026.0
93.8;3155.0;0.0;0.0;0.0;8026.0
98.0;3155.0;0.0;0.0;0.0;8026.0
99.7;3155.0;0.0;0.0;0.0;8026.0
100.3;3155.0;0.0;0.0;0.0;8026.0
21.9;3149.0;8.7;28.7;2.0;8026.0
8.4;3149.4;9.2;40.8;0.0;8026.0
8.3;3151.5;0.6;2.1;0.0;8026.0
