8.4;37.9;18.3;1.4;0.0;906.0
8.4;101.5;115.4;9.9;0.0;906.0
5.6;142.2;158.0;9.0;0.0;906.0
8.3;172.1;128.9;6.8;0.0;906.0
8.4;204.6;102.0;7.1;0.0;906.0
8.3;226.2;121.8;4.2;0.0;906.0
8.4;237.6;0.1;0.0;0.0;1009.0
8.3;702.9;61.0;33.0;5.0;5177.0
12.5;1024.4;0.8;32.9;2.0;7861.0
0.0;991.4;2.9;0.0;0.0;7861.0
0.0;991.4;0.0;0.0;0.0;7861.0
0.0;991.4;0.0;0.0;0.0;7861.0
0.0;991.4;0.0;0.0;0.0;7861.0
0.0;991.4;0.0;0.0;0.0;7861.0
0.0;991.4;0.0;0.0;0.0;7861.0
0.0;991.4;0.0;0.0;0.0;7861.0
0.0;991.4;0.0;0.0;0.0;7861.0
0.0;991.4;0.0;0.0;0.0;7861.0
7.2;1103.7;0.9;111.3;0.0;7861.0
0.0;1147.1;1.0;42.2;0.0;7861.0
8.3;1302.4;0.1;0.0;0.0;7861.0
8.4;1306.8;0.0;0.0;0.0;7861.0
8.4;1316.9;0.0;0.0;0.0;7861.0
8.3;1328.5;0.3;0.0;0.0;7861.0
8.3;1373.0;0.0;0.0;0.0;7861.0
8.3;1382.8;0.9;1.5;0.0;7861.0
8.4;1411.8;0.3;1.6;0.0;7861.0
8.4;1433.1;0.0;0.0;0.0;7861.0
8.4;1435.3;0.0;0.0;0.0;7861.0
8.4;1455.1;0.0;0.0;0.0;7861.0
8.3;1458.0;0.0;0.0;0.0;7865.0
8.3;1648.0;0.2;0.0;7.0;8008.0
9.5;1929.7;9.3;0.1;89.0;8028.0
8.4;1930.5;11.6;0.2;94.0;8028.0
8.3;1930.6;0.0;0.0;96.0;8028.0
9.8;1930.6;0.0;0.0;96.0;8028.0
11.9;1930.6;0.0;0.0;96.0;8028.0
9.6;1930.6;0.0;0.0;99.0;8028.0
11.2;1930.6;0.0;0.0;96.0;8028.0
8.4;1930.6;0.0;0.0;96.0;8028.0
9.6;1930.6;0.0;0.0;95.0;8028.0
11.8;1930.6;0.0;0.0;97.0;8028.0
12.5;1930.6;0.0;0.0;96.0;8028.0
8.4;1930.6;0.0;0.0;96.0;8028.0
8.3;1930.6;0.0;0.0;99.0;8028.0
8.4;1930.7;0.0;0.0;96.0;8028.0
10.7;1930.7;0.0;0.0;96.0;8028.0
9.5;1930.2;4.6;0.1;90.0;8028.0
8.3;1982.6;16.4;0.3;43.0;8028.0
8.3;1985.2;9.6;0.1;0.0;8028.0
76.5;2975.8;0.0;0.0;25.0;8028.0
23.7;2970.6;2.7;0.4;0.0;8028.0
8.4;2980.6;1.1;4.7;0.0;8028.0
8.4;2979.3;1.3;4.5;0.0;8028.0
8.4;2980.3;1.2;6.8;0.0;8028.0
8.4;2980.9;1.0;4.5;0.0;8028.0
8.4;2981.2;1.3;4.5;0.0;8028.0
8.4;2981.9;1.2;6.8;0.0;8028.0
8.3;2982.0;1.3;0.0;0.0;8028.0
8.4;2983.7;6.9;34.1;0.0;8028.0
8.3;2985.6;0.6;1.5;0.0;8028.0
16.6;2988.7;0.3;1.6;96.0;8028.0
8.3;2988.7;0.0;0.0;97.0;8028.0
8.3;2988.7;0.0;0.0;99.0;8028.0
9.6;2988.7;0.0;0.0;96.0;8028.0
8.3;2988.7;0.0;0.0;96.0;8028.0
6.9;2988.7;0.0;0.0;96.0;8028.0
10.8;2988.7;0.0;0.0;96.0;8028.0
10.8;2988.7;0.0;0.0;95.0;8028.0
8.4;2988.7;0.0;0.0;97.0;8028.0
9.7;2988.7;0.0;0.0;99.0;8028.0
8.3;2988.7;0.0;0.0;96.0;8028.0
8.4;2988.7;0.0;0.0;96.0;8028.0
10.8;2988.7;0.0;0.0;96.0;8028.0
8.4;2988.7;0.0;0.0;96.0;8028.0
8.3;2988.7;0.0;0.0;98.0;8028.0
8.4;2995.0;0.0;0.0;0.0;8028.0
99.4;2995.1;0.0;0.0;0.0;8028.0
99.1;2995.1;0.0;0.0;0.0;8028.0
16.6;2990.3;17.6;33.6;2.0;8028.0
8.3;2992.4;0.3;32.9;0.0;8028.0
8.4;2999.6;0.9;3.3;35.0;8028.0
10.7;2999.6;0.0;0.0;99.0;8028.0
8.3;2999.6;0.0;0.0;95.0;8028.0
8.4;2999.6;0.0;0.0;98.0;8028.0
10.7;2999.6;0.0;0.0;96.0;8028.0
8.3;2999.6;0.0;0.0;97.0;8028.0
8.3;2999.6;0.0;0.0;99.0;8028.0
9.8;2999.6;0.0;0.0;96.0;8028.0
9.6;2999.6;0.0;0.0;99.0;8028.0
8.4;2999.6;0.0;0.0;96.0;8028.0
11.2;2999.6;0.0;0.0;96.0;8028.0
8.3;2999.6;0.0;0.0;96.0;8028.0
8.4;2999.6;0.0;0.0;96.0;8028.0
8.3;2999.6;0.0;0.0;99.0;8028.0
11.8;2999.6;0.0;0.0;96.0;8028.0
13.8;2999.1;0.0;0.0;98.0;8028.0
8.3;3014.2;0.0;0.0;0.0;8028.0
100.3;3014.3;0.0;0.0;0.0;8028.0
100.0;3014.3;0.0;0.0;0.0;8028.0
100.3;3014.3;0.0;0.0;0.0;8028.0
8.3;3010.7;17.9;66.9;0.0;8028.0
8.3;3012.3;0.6;1.7;0.0;8028.0
8.4;3016.5;0.3;1.8;96.0;8028.0
9.5;3016.5;0.0;0.0;96.0;8028.0
9.7;3016.5;0.0;0.0;99.0;8028.0
8.4;3016.5;0.0;0.0;96.0;8028.0
9.5;3016.5;0.0;0.0;96.0;8028.0
8.4;3016.5;0.0;0.0;96.0;8028.0
9.8;3016.5;0.0;0.0;96.0;8028.0
11.2;3016.5;0.0;0.0;99.0;8028.0
8.4;3016.5;0.0;0.0;96.0;8028.0
8.4;3016.5;0.0;0.0;96.0;8028.0
8.3;3017.8;0.0;0.0;96.0;8028.0
9.7;3016.5;0.0;0.0;97.0;8028.0
8.4;3016.5;0.0;0.0;96.0;8028.0
8.3;3016.5;0.0;0.0;96.0;8028.0
6.9;3016.5;0.0;0.0;99.0;8028.0
8.3;3027.5;0.0;0.0;0.0;8028.0
99.1;3028.7;0.0;0.0;62.0;8028.0
93.5;3028.7;0.0;0.0;0.0;8028.0
99.4;3028.7;0.0;0.0;0.0;8028.0
97.1;3028.7;0.0;0.0;0.0;8028.0
99.7;3028.7;0.0;0.0;0.0;8028.0
8.3;3024.7;17.9;67.3;2.0;8028.0
8.4;3026.7;0.6;1.7;0.0;8028.0
9.5;3033.3;0.3;1.8;7.0;8028.0
11.2;3033.3;0.0;0.0;98.0;8028.0
8.3;3033.3;0.0;0.0;95.0;8028.0
8.4;3033.3;0.0;0.0;96.0;8028.0
8.3;3033.3;0.0;0.0;96.0;8028.0
8.3;3033.3;0.0;0.0;96.0;8028.0
8.3;3033.3;0.0;0.0;96.0;8028.0
8.3;3033.3;0.0;0.0;96.0;8028.0
9.4;3033.3;0.0;0.0;99.0;8028.0
8.3;3033.3;0.0;0.0;96.0;8028.0
8.3;3033.3;0.0;0.0;96.0;8028.0
9.5;3033.3;0.0;0.0;96.0;8028.0
9.5;3033.3;0.0;0.0;97.0;8028.0
9.6;3033.3;0.0;0.0;96.0;8028.0
8.4;3033.3;0.0;0.0;96.0;8028.0
8.3;3033.3;0.0;0.0;99.0;8028.0
8.4;3043.4;0.0;0.0;0.0;8028.0
93.5;3045.1;0.0;0.0;53.0;8028.0
95.6;3045.1;0.0;0.0;0.0;8028.0
99.7;3045.1;0.0;0.0;0.0;8028.0
99.7;3045.1;0.0;0.0;0.0;8028.0
100.0;3045.1;0.0;0.0;0.0;8028.0
99.4;3045.1;0.0;0.0;0.0;8028.0
8.3;3039.6;17.9;67.6;0.0;8028.0
8.3;3043.2;0.6;1.8;0.0;8028.0
11.5;3050.8;0.3;1.9;51.0;8028.0
8.3;3050.8;0.0;0.0;99.0;8028.0
8.4;3050.8;0.0;0.0;95.0;8028.0
8.3;3050.8;0.0;0.0;96.0;8028.0
8.3;3050.8;0.0;0.0;96.0;8028.0
8.4;3050.8;0.0;0.0;96.0;8028.0
6.9;3050.8;0.0;0.0;98.0;8028.0
8.4;3050.8;0.0;0.0;96.0;8028.0
8.3;3050.8;0.0;0.0;96.0;8028.0
8.4;3050.8;0.0;0.0;96.0;8028.0
9.5;3050.8;0.0;0.0;96.0;8028.0
9.7;3050.8;0.0;0.0;96.0;8028.0
8.3;3050.8;0.0;0.0;96.0;8028.0
10.7;3050.8;0.0;0.0;99.0;8028.0
8.4;3050.8;0.0;0.0;96.0;8028.0
8.3;3053.4;0.0;0.0;97.0;8028.0
8.3;3063.0;0.0;0.0;0.0;8028.0
99.0;3063.1;0.0;0.0;0.0;8028.0
100.0;3063.1;0.0;0.0;0.0;8028.0
92.4;3063.1;0.0;0.0;0.0;8028.0
100.3;3063.1;0.0;0.0;0.0;8028.0
99.4;3063.1;0.0;0.0;0.0;8028.0
99.0;3063.1;0.0;0.0;0.0;8028.0
48.5;3065.3;0.0;0.0;2.0;8028.0
8.4;3059.5;17.9;68.0;0.0;8028.0
8.4;3065.0;0.6;1.8;0.0;8028.0
8.4;3068.6;0.3;2.0;99.0;8028.0
10.8;3068.6;0.0;0.0;95.0;8028.0
8.3;3068.6;0.0;0.0;96.0;8028.0
8.4;3068.6;0.0;0.0;96.0;8028.0
9.6;3068.6;0.0;0.0;97.0;8028.0
8.3;3068.6;0.0;0.0;99.0;8028.0
8.3;3068.6;0.0;0.0;96.0;8028.0
16.6;3068.6;0.0;0.0;99.0;8028.0
8.3;3068.6;0.0;0.0;96.0;8028.0
8.3;3068.6;0.0;0.0;96.0;8028.0
8.4;3068.6;0.0;0.0;96.0;8028.0
9.7;3068.6;0.0;0.0;96.0;8028.0
8.3;3068.6;0.0;0.0;95.0;8028.0
13.1;3068.6;0.0;0.0;96.0;8028.0
9.5;3068.6;0.0;0.0;97.0;8028.0
8.4;3080.6;0.0;0.0;34.0;8028.0
8.3;3086.1;0.0;0.0;0.0;8028.0
96.8;3086.1;0.0;0.0;0.0;8028.0
97.9;3086.1;0.0;0.0;0.0;8028.0
100.3;3086.1;0.0;0.0;0.0;8028.0
8.3;3080.8;17.9;68.3;0.0;8028.0
8.4;3082.7;0.6;1.9;0.0;8028.0
8.3;3088.9;0.3;2.0;54.0;8028.0
14.0;3088.9;0.0;0.0;99.0;8028.0
8.3;3088.9;0.0;0.0;95.0;8028.0
8.4;3088.9;0.0;0.0;96.0;8028.0
8.4;3088.9;0.0;0.0;96.0;8028.0
9.6;3088.9;0.0;0.0;96.0;8028.0
15.2;3088.9;0.0;0.0;99.0;8028.0
8.3;3088.9;0.0;0.0;96.0;8028.0
8.3;3088.9;0.0;0.0;96.0;8028.0
8.3;3088.9;0.0;0.0;96.0;8028.0
8.3;3088.9;0.0;0.0;97.0;8028.0
8.3;3088.9;0.0;0.0;96.0;8028.0
9.7;3088.9;0.0;0.0;96.0;8028.0
8.4;3088.9;0.0;0.0;99.0;8028.0
8.3;3088.9;0.0;0.0;96.0;8028.0
8.3;3091.5;0.0;0.0;98.0;8028.0
8.3;3100.8;0.0;0.0;0.0;8028.0
100.0;3107.5;0.0;0.0;49.0;8028.0
100.3;3107.5;0.0;0.0;0.0;8028.0
98.4;3107.5;0.0;0.0;0.0;8028.0
99.4;3107.5;0.0;0.0;0.0;8028.0
97.1;3107.5;0.0;0.0;0.0;8028.0
99.4;3107.5;0.0;0.0;0.0;8028.0
99.7;3107.5;0.0;0.0;0.0;8028.0
98.0;3107.5;0.0;0.0;0.0;8028.0
100.3;3107.5;0.0;0.0;0.0;8028.0
99.4;3107.5;0.0;0.0;0.0;8028.0
8.3;3102.2;17.9;68.6;0.0;8028.0
8.3;3105.8;0.6;2.0;0.0;8028.0
8.3;3108.8;0.3;2.1;58.0;8028.0
8.3;3108.8;0.0;0.0;96.0;8028.0
9.4;3108.8;0.0;0.0;96.0;8028.0
11.1;3108.8;0.0;0.0;96.0;8028.0
9.7;3108.8;0.0;0.0;96.0;8028.0
8.4;3108.8;0.0;0.0;99.0;8028.0
8.4;3108.8;0.0;0.0;96.0;8028.0
7.2;3108.8;0.0;0.0;96.0;8028.0
8.3;3108.8;0.0;0.0;96.0;8028.0
11.2;3108.8;0.0;0.0;96.0;8028.0
8.4;3108.8;0.0;0.0;99.0;8028.0
8.3;3108.8;0.0;0.0;95.0;8028.0
8.3;3108.8;0.0;0.0;96.0;8028.0
8.3;3108.8;0.0;0.0;96.0;8028.0
8.3;3108.8;0.0;0.0;97.0;8028.0
9.5;3108.3;0.0;0.0;96.0;8028.0
8.4;3123.7;0.0;0.0;0.0;8028.0
8.3;3131.9;0.0;0.0;0.0;8028.0
100.3;3131.9;0.0;0.0;0.0;8028.0
99.4;3131.9;0.0;0.0;0.0;8028.0
97.1;3131.9;0.0;0.0;0.0;8028.0
98.0;3131.9;0.0;0.0;0.0;8028.0
100.3;3131.9;0.0;0.0;0.0;8028.0
99.1;3131.9;0.0;0.0;0.0;8028.0
100.0;3131.9;0.0;0.0;0.0;8028.0
97.0;3131.9;0.0;0.0;0.0;8028.0
99.4;3131.9;0.0;0.0;0.0;8028.0
99.1;3131.9;0.0;0.0;0.0;8028.0
47.8;3133.7;0.3;3.2;0.0;8028.0
8.4;3127.9;17.6;65.8;0.0;8028.0
8.3;3128.3;0.6;2.1;0.0;8028.0
8.3;3133.0;0.3;2.2;96.0;8028.0
8.4;3133.0;0.0;0.0;95.0;8028.0
7.1;3133.0;0.0;0.0;96.0;8028.0
8.4;3133.0;0.0;0.0;96.0;8028.0
9.7;3133.0;0.0;0.0;96.0;8028.0
9.6;3133.0;0.0;0.0;99.0;8028.0
9.6;3133.0;0.0;0.0;96.0;8028.0
8.4;3133.0;0.0;0.0;96.0;8028.0
8.4;3133.0;0.0;0.0;96.0;8028.0
9.7;3133.0;0.0;0.0;96.0;8028.0
9.6;3133.0;0.0;0.0;96.0;8028.0
8.4;3133.0;0.0;0.0;96.0;8028.0
8.3;3133.0;0.0;0.0;98.0;8028.0
8.4;3133.0;0.0;0.0;96.0;8028.0
8.4;3133.0;0.0;0.0;96.0;8028.0
8.3;3132.5;0.0;0.0;33.0;8028.0
8.3;3148.4;0.0;0.0;0.0;8028.0
87.2;3157.6;0.0;0.0;57.0;8028.0
100.3;3157.6;0.0;0.0;0.0;8028.0
98.0;3157.6;0.0;0.0;0.0;8028.0
98.4;3157.6;0.0;0.0;0.0;8028.0
100.3;3157.6;0.0;0.0;0.0;8028.0
99.7;3157.6;0.0;0.0;0.0;8028.0
99.4;3157.6;0.0;0.0;0.0;8028.0
97.1;3157.6;0.0;0.0;0.0;8028.0
99.7;3157.6;0.0;0.0;0.0;8028.0
98.0;3157.6;0.0;0.0;0.0;8028.0
99.4;3157.6;0.0;0.0;0.0;8028.0
65.6;3157.6;0.0;0.0;0.0;8028.0
8.3;3153.8;17.9;69.3;0.0;8028.0
8.3;3154.1;0.6;2.1;0.0;8028.0
10.7;3158.8;0.3;2.3;74.0;8028.0
8.3;3158.8;0.0;0.0;96.0;8028.0
8.3;3158.8;0.0;0.0;96.0;8028.0
8.3;3158.8;0.0;0.0;96.0;8028.0
9.6;3158.8;0.0;0.0;96.0;8028.0
9.6;3158.8;0.0;0.0;96.0;8028.0
8.3;3158.8;0.0;0.0;97.0;8028.0
8.4;3124.0;0.0;0.0;95.0;8028.0
10.8;3124.2;0.0;0.0;96.0;8028.0
8.3;3124.4;0.0;0.0;99.0;8028.0
