8.4;57.3;25.5;1.8;0.0;705.0
7.2;102.6;122.2;11.0;0.0;705.0
8.3;139.6;143.5;7.6;0.0;705.0
8.4;175.8;133.8;6.9;0.0;705.0
7.2;209.1;92.4;6.8;0.0;705.0
8.4;276.8;116.7;32.4;0.0;705.0
8.4;327.1;0.0;0.0;0.0;705.0
8.4;344.9;0.0;0.0;0.0;705.0
8.4;361.1;0.0;0.0;1.0;705.0
8.3;377.3;0.0;0.0;0.0;705.0
8.4;394.2;0.0;0.0;0.0;705.0
8.3;406.1;0.0;0.0;0.0;705.0
8.3;421.2;0.0;0.0;0.0;705.0
8.4;437.8;0.0;0.0;0.0;705.0
8.3;454.3;0.0;0.0;0.0;705.0
8.4;470.6;0.0;0.0;0.0;705.0
8.3;469.7;0.6;0.0;0.0;705.0
8.3;469.8;54.6;0.3;0.0;705.0
8.4;469.8;62.1;0.3;0.0;705.0
8.3;469.9;62.4;0.3;0.0;705.0
8.4;469.9;55.5;0.3;0.0;705.0
8.3;469.9;61.8;0.3;0.0;705.0
8.4;469.9;61.2;0.3;0.0;705.0
8.3;469.9;61.5;0.3;0.0;705.0
8.4;469.9;57.6;0.3;0.0;705.0
8.4;469.9;61.5;0.3;0.0;705.0
8.3;469.9;60.6;0.3;0.0;705.0
8.3;469.9;63.9;0.3;0.0;705.0
8.3;469.9;59.7;0.3;0.0;705.0
8.3;469.9;59.7;0.3;0.0;705.0
8.3;469.9;57.6;0.3;0.0;705.0
8.4;469.9;60.6;0.3;0.0;705.0
8.4;470.0;58.8;0.3;0.0;705.0
8.3;470.0;62.1;0.3;0.0;705.0
8.3;470.0;62.1;0.3;0.0;705.0
8.4;470.0;62.1;0.3;0.0;705.0
8.3;470.0;61.2;0.3;0.0;705.0
8.4;470.0;60.9;0.3;0.0;705.0
8.3;470.0;64.5;0.3;0.0;705.0
8.4;470.0;65.4;0.3;0.0;705.0
8.4;470.0;60.6;0.3;0.0;705.0
8.3;470.0;61.5;0.3;0.0;705.0
8.3;470.0;62.1;0.3;0.0;705.0
8.3;470.0;60.6;0.3;0.0;705.0
8.3;470.0;63.6;0.3;0.0;705.0
8.3;470.0;66.0;0.3;0.0;705.0
8.4;470.0;63.6;0.3;0.0;705.0
8.4;470.0;63.3;0.3;0.0;705.0
8.3;470.0;62.7;0.3;0.0;705.0
8.4;470.0;63.0;0.3;0.0;705.0
8.3;470.0;62.7;0.3;0.0;705.0
8.3;470.0;63.9;0.3;0.0;705.0
8.3;470.0;63.6;0.3;0.0;705.0
8.3;470.0;61.2;0.3;0.0;705.0
8.4;470.0;61.2;0.3;0.0;705.0
8.3;470.0;64.5;0.3;0.0;705.0
8.4;470.0;60.3;0.3;0.0;705.0
8.3;470.0;62.7;0.3;0.0;705.0
8.4;470.0;62.7;0.3;0.0;705.0
8.3;470.0;60.9;0.3;0.0;705.0
8.3;470.0;63.0;0.3;0.0;705.0
8.3;470.0;57.9;0.3;0.0;705.0
8.3;470.0;65.4;0.3;0.0;705.0
8.4;470.0;62.4;0.3;0.0;705.0
8.3;470.0;62.1;0.3;0.0;705.0
8.3;470.0;62.1;0.3;0.0;705.0
8.3;470.0;63.6;0.3;0.0;705.0
8.4;470.0;62.1;0.3;0.0;705.0
8.3;470.0;56.1;0.3;0.0;705.0
8.3;470.1;64.8;0.3;0.0;705.0
8.3;470.1;61.5;0.3;0.0;705.0
8.4;470.1;65.1;0.3;0.0;705.0
8.3;470.1;63.6;0.3;0.0;705.0
8.4;470.1;61.2;0.3;0.0;705.0
8.3;470.1;60.3;0.3;0.0;705.0
8.3;470.1;58.8;0.3;0.0;705.0
8.4;470.1;64.2;0.3;0.0;705.0
8.3;470.1;60.0;0.3;0.0;705.0
8.4;470.1;64.8;0.3;0.0;705.0
8.4;470.1;63.0;0.3;0.0;705.0
8.3;470.1;58.2;0.3;0.0;705.0
8.3;470.1;65.7;0.3;0.0;705.0
8.4;470.1;63.3;0.3;0.0;705.0
8.3;470.1;61.8;0.3;0.0;705.0
8.3;470.1;61.2;0.3;0.0;705.0
8.4;470.1;65.4;0.3;0.0;705.0
8.3;470.1;62.4;0.3;0.0;705.0
8.3;470.1;62.7;0.3;0.0;705.0
8.3;470.1;63.3;0.3;0.0;705.0
8.4;470.1;60.3;0.3;0.0;705.0
8.4;470.1;65.1;0.3;0.0;705.0
8.4;470.1;57.9;0.3;0.0;705.0
8.4;470.1;65.1;0.3;0.0;705.0
8.3;470.1;63.0;0.3;0.0;705.0
8.4;470.1;61.8;0.3;0.0;705.0
8.3;470.1;63.9;0.3;0.0;705.0
8.3;470.1;59.7;0.3;0.0;705.0
8.3;470.1;60.3;0.3;0.0;705.0
8.4;470.1;62.1;0.3;0.0;705.0
8.4;470.1;67.2;0.3;0.0;705.0
8.4;470.1;59.4;0.3;0.0;705.0
8.3;470.1;63.3;0.3;0.0;705.0
8.3;470.1;62.7;0.3;0.0;705.0
8.3;470.1;63.3;0.3;0.0;705.0
8.3;470.1;57.6;0.3;0.0;705.0
8.3;470.1;64.5;0.3;0.0;705.0
8.3;470.1;66.6;0.3;0.0;705.0
8.4;470.1;63.3;0.3;0.0;705.0
8.4;470.1;58.8;0.3;0.0;705.0
8.4;470.1;63.9;0.3;0.0;705.0
8.3;470.1;63.0;0.3;0.0;705.0
8.4;470.1;63.6;0.3;0.0;705.0
8.4;470.1;59.7;0.3;0.0;705.0
8.4;470.1;63.9;0.3;0.0;705.0
8.4;470.1;62.7;0.3;0.0;705.0
8.4;470.1;65.4;0.3;0.0;705.0
8.4;470.1;58.8;0.3;0.0;705.0
8.3;470.1;63.0;0.3;0.0;705.0
8.3;470.1;63.0;0.3;0.0;705.0
8.3;470.1;66.6;0.3;0.0;705.0
8.3;470.1;59.7;0.3;0.0;705.0
8.4;470.1;62.4;0.3;0.0;705.0
8.3;470.1;61.8;0.3;0.0;705.0
8.3;470.1;62.7;0.3;0.0;705.0
8.3;470.1;60.9;0.3;0.0;705.0
8.3;470.1;63.0;0.3;0.0;705.0
8.4;470.1;64.2;0.3;0.0;705.0
8.3;470.1;65.1;0.3;0.0;705.0
8.4;470.1;59.7;0.3;0.0;705.0
8.4;470.1;59.4;0.3;0.0;705.0
8.4;470.1;63.9;0.3;0.0;705.0
8.3;470.1;62.1;0.3;0.0;705.0
8.3;470.1;61.5;0.3;0.0;705.0
8.3;470.1;62.7;0.3;0.0;705.0
8.4;470.1;63.9;0.3;0.0;705.0
8.4;470.1;64.2;0.3;0.0;705.0
8.3;470.1;61.5;0.3;0.0;705.0
8.3;470.1;63.0;0.3;0.0;705.0
8.3;470.0;59.4;0.3;0.0;705.0
8.3;470.0;67.2;0.3;0.0;705.0
8.4;470.0;61.5;0.3;0.0;705.0
8.4;470.0;63.3;0.3;0.0;705.0
8.3;470.0;64.8;0.3;0.0;705.0
8.4;470.0;61.5;0.3;0.0;705.0
8.4;470.0;58.8;0.3;0.0;705.0
8.4;470.0;65.7;0.3;0.0;705.0
8.3;470.0;61.2;0.3;0.0;705.0
8.4;470.0;62.1;0.3;0.0;705.0
8.4;470.0;62.1;0.3;0.0;705.0
8.4;470.0;63.6;0.3;0.0;705.0
8.4;470.0;61.8;0.3;0.0;705.0
8.4;470.0;62.7;0.3;0.0;705.0
8.3;470.0;61.5;0.3;0.0;705.0
8.3;470.0;59.1;0.3;0.0;705.0
8.3;470.0;62.1;0.3;0.0;705.0
8.3;470.0;61.5;0.3;0.0;705.0
8.3;470.0;62.1;0.3;0.0;705.0
8.4;470.0;62.1;0.3;0.0;705.0
8.3;470.0;63.0;0.3;0.0;705.0
8.3;470.0;64.2;0.3;0.0;705.0
8.4;470.0;64.8;0.3;0.0;705.0
8.3;470.0;64.5;0.3;0.0;705.0
8.4;470.0;60.6;0.3;0.0;705.0
8.4;470.0;61.5;0.3;0.0;705.0
8.3;470.0;60.0;0.3;0.0;705.0
8.4;470.0;65.7;0.3;0.0;705.0
8.4;470.0;64.2;0.3;0.0;705.0
8.4;470.0;60.9;0.3;0.0;705.0
8.3;470.0;61.5;0.3;0.0;705.0
8.4;470.0;63.6;0.3;0.0;705.0
8.3;470.0;62.4;0.3;0.0;705.0
8.3;470.6;57.9;0.3;0.0;705.0
8.3;470.6;65.4;0.3;0.0;705.0
8.3;470.6;60.6;0.3;0.0;705.0
8.4;470.6;62.4;0.3;0.0;705.0
8.3;470.6;62.7;0.3;0.0;705.0
8.3;470.6;61.8;0.3;0.0;705.0
8.3;470.6;63.0;0.3;0.0;705.0
8.4;470.6;59.7;0.3;0.0;705.0
8.4;470.6;65.4;0.3;0.0;705.0
8.3;470.6;60.3;0.3;0.0;705.0
8.4;470.6;61.5;0.3;0.0;705.0
8.4;470.6;59.1;0.3;0.0;705.0
8.4;470.6;65.7;0.3;0.0;705.0
8.3;470.6;64.8;0.3;0.0;705.0
8.3;470.6;60.3;0.3;0.0;705.0
8.4;470.6;61.8;0.3;0.0;705.0
8.3;470.6;64.5;0.3;0.0;705.0
8.4;470.6;62.7;0.3;0.0;705.0
8.4;470.6;58.5;0.3;0.0;705.0
8.3;470.6;64.2;0.3;0.0;705.0
8.3;470.6;62.7;0.3;0.0;705.0
8.3;470.6;62.4;0.3;0.0;705.0
8.4;470.6;59.7;0.3;0.0;705.0
8.3;470.6;63.3;0.3;0.0;705.0
8.3;470.6;62.1;0.3;0.0;705.0
8.4;470.6;63.9;0.3;0.0;705.0
8.3;470.6;62.1;0.3;0.0;705.0
8.4;470.6;61.8;0.3;0.0;705.0
8.3;470.6;62.4;0.3;0.0;705.0
8.4;470.6;63.3;0.3;0.0;705.0
8.4;470.6;61.5;0.3;0.0;705.0
8.4;470.6;63.3;0.3;0.0;705.0
8.3;470.6;59.1;0.3;0.0;705.0
8.3;470.6;63.6;0.3;0.0;705.0
8.4;470.6;60.6;0.3;0.0;705.0
8.3;470.6;64.5;0.3;0.0;705.0
8.3;470.6;60.0;0.3;0.0;705.0
8.3;470.6;68.4;0.3;0.0;705.0
8.3;470.6;57.6;0.3;0.0;705.0
8.3;470.6;62.7;0.3;0.0;705.0
8.4;470.6;62.7;0.3;0.0;705.0
8.3;470.6;66.3;0.3;0.0;705.0
8.3;470.6;65.1;0.3;0.0;705.0
8.3;470.6;61.2;0.3;0.0;705.0
8.4;470.6;59.7;0.3;0.0;705.0
8.3;470.6;64.2;0.3;0.0;705.0
8.3;470.6;61.5;0.3;0.0;705.0
8.4;470.6;60.3;0.3;0.0;705.0
8.4;470.6;63.3;0.3;0.0;705.0
8.3;470.6;62.4;0.3;0.0;705.0
8.3;470.6;59.4;0.3;0.0;705.0
8.4;470.6;63.0;0.3;0.0;705.0
8.4;470.6;61.8;0.3;0.0;705.0
8.3;470.6;63.9;0.3;0.0;705.0
8.3;470.6;62.7;0.3;0.0;705.0
8.3;470.6;58.5;0.3;0.0;705.0
8.4;470.6;64.8;0.3;0.0;705.0
8.3;470.6;60.0;0.3;0.0;705.0
8.3;470.6;62.1;0.3;0.0;705.0
8.3;470.6;63.0;0.3;0.0;705.0
8.3;470.6;63.3;0.3;0.0;705.0
8.3;470.6;65.7;0.3;0.0;705.0
8.4;470.6;56.4;0.3;0.0;705.0
8.4;470.6;63.9;0.3;0.0;705.0
8.4;470.6;59.4;0.3;0.0;705.0
8.4;470.6;65.7;0.3;0.0;705.0
8.4;470.6;61.8;0.3;0.0;705.0
8.4;470.6;62.1;0.3;0.0;705.0
8.4;470.6;63.9;0.3;0.0;705.0
8.3;470.6;62.1;0.3;0.0;705.0
8.4;470.6;62.4;0.3;0.0;705.0
8.3;470.6;60.9;0.3;0.0;705.0
8.3;470.6;60.3;0.3;0.0;705.0
8.3;470.6;70.5;0.3;0.0;705.0
8.3;470.6;59.1;0.3;0.0;705.0
8.4;470.6;63.0;0.3;0.0;705.0
8.3;470.6;62.1;0.3;0.0;705.0
8.3;470.6;62.4;0.3;0.0;705.0
8.3;470.6;61.5;0.3;0.0;705.0
8.3;470.6;63.3;0.3;0.0;705.0
8.4;470.6;59.7;0.3;0.0;705.0
8.3;470.6;66.3;0.3;0.0;705.0
8.4;470.6;63.6;0.3;0.0;705.0
8.4;470.6;62.7;0.3;0.0;705.0
8.4;470.6;61.8;0.3;0.0;705.0
8.3;470.6;66.3;0.3;0.0;705.0
8.3;470.6;58.2;0.3;0.0;705.0
8.3;470.6;63.0;0.3;0.0;705.0
8.4;470.6;63.6;0.3;0.0;705.0
8.3;470.6;67.2;0.3;0.0;705.0
8.3;470.6;59.4;0.3;0.0;705.0
8.3;470.6;62.4;0.3;0.0;705.0
8.4;470.6;63.6;0.3;0.0;705.0
8.3;470.6;63.3;0.3;0.0;705.0
8.3;470.6;61.2;0.3;0.0;705.0
8.4;470.6;63.0;0.3;0.0;705.0
8.3;470.6;66.6;0.3;0.0;705.0
8.3;470.6;65.1;0.3;0.0;705.0
8.3;470.6;60.9;0.3;0.0;705.0
8.4;470.6;62.1;0.3;0.0;705.0
8.3;470.6;62.7;0.3;0.0;705.0
8.4;470.6;61.5;0.3;0.0;705.0
8.4;470.6;61.5;0.3;0.0;705.0
8.4;470.6;63.9;0.3;0.0;705.0
8.4;470.6;63.6;0.3;0.0;705.0
8.4;470.6;65.4;0.3;0.0;705.0
8.4;470.6;59.1;0.3;0.0;705.0
8.3;470.6;63.6;0.3;0.0;705.0
8.3;470.6;62.7;0.3;0.0;705.0
8.3;470.6;63.0;0.3;0.0;705.0
8.3;470.6;59.7;0.3;0.0;705.0
8.4;470.6;63.6;0.3;0.0;705.0
8.3;470.6;60.9;0.3;0.0;705.0
8.3;470.6;61.5;0.3;0.0;705.0
8.4;470.7;62.4;0.3;0.0;705.0
8.4;470.7;62.4;0.3;0.0;705.0
8.4;470.7;64.8;0.3;0.0;705.0
8.3;470.7;63.6;0.3;0.0;705.0
8.3;470.7;60.9;0.3;0.0;705.0
8.4;470.7;65.1;0.3;0.0;705.0
8.4;470.7;61.5;0.3;0.0;705.0
8.3;470.7;59.1;0.3;0.0;705.0
8.3;470.7;64.5;0.3;0.0;705.0
8.4;470.7;62.4;0.3;0.0;705.0
8.3;470.7;63.0;0.3;0.0;705.0
8.3;470.7;61.8;0.3;0.0;705.0
8.3;470.7;61.8;0.3;0.0;705.0
8.3;470.7;64.5;0.3;0.0;705.0
8.3;470.7;58.5;0.3;0.0;705.0
