8.3;0.0;0.0;2.0;1120.0


8.4;128.2;7.6;1.0;1120.0


8.3;93.8;7.4;2.0;1120.0


4.8;83.8;8.3;1.0;1120.0


0.0;0.3;0.0;2.0;1120.0


3.6;28.1;1.0;1.0;1120.0


8.3;2.3;0.2;5.0;1255.0


8.4;0.0;0.0;7.0;1396.0


8.3;0.0;0.0;8.0;1527.0


8.3;0.0;0.0;7.0;1653.0


8.4;0.2;0.0;6.0;1751.0


8.3;70.2;67.7;8.0;1912.0


8.4;45.7;162.0;23.0;2331.0


49.7;39.1;191.6;71.0;2537.0


0.0;0.1;0.0;1.0;2535.0


0.0;0.3;0.0;2.0;2535.0


0.0;14.3;0.2;2.0;2535.0


0.0;0.3;0.0;1.0;2537.0


8.4;16.0;0.7;40.0;2535.0


8.3;0.0;0.0;28.0;3263.0


8.4;0.0;0.0;42.0;3263.0


8.3;0.0;0.0;42.0;3261.0


7.2;0.0;0.0;41.0;3263.0


7.3;0.0;0.0;42.0;3264.0


8.3;0.0;0.0;42.0;3261.0


5.5;0.0;0.0;42.0;3263.0


8.3;0.0;0.0;43.0;3263.0


6.2;0.0;0.0;43.0;3261.0


5.9;0.0;0.0;43.0;3261.0


8.3;0.0;0.0;42.0;3263.0


6.9;0.0;0.0;44.0;3263.0


8.4;0.0;0.0;45.0;3266.0


8.4;0.0;0.0;46.0;3263.0


8.3;0.0;0.0;45.0;3263.0


0.0;4.1;0.3;1.0;3263.0


0.0;0.3;0.0;1.0;3263.0


0.0;14.6;0.2;1.0;3263.0


0.0;0.3;0.0;1.0;3263.0


8.3;16.6;0.7;14.0;3271.0


14.3;0.0;0.0;48.0;3977.0


8.3;0.0;0.0;46.0;3979.0


8.4;0.0;0.0;44.0;3979.0


8.3;0.0;0.0;45.0;3977.0


8.4;0.0;0.0;45.0;3980.0


8.4;0.0;0.0;45.0;3977.0


8.3;0.0;0.0;44.0;3976.0


8.3;0.0;0.0;43.0;3980.0


5.9;0.0;0.0;43.0;3980.0


6.9;0.0;0.0;42.0;3979.0


6.0;0.0;0.0;42.0;3977.0


7.1;0.0;0.0;43.0;3977.0


8.4;0.0;0.0;42.0;3979.0


5.5;0.0;0.0;43.0;3979.0


7.2;0.0;0.0;43.0;3976.0


0.0;4.1;0.3;1.0;3977.0


0.0;0.3;0.0;1.0;3977.0


0.0;14.2;0.2;1.0;3977.0


0.0;0.3;0.0;1.0;3979.0


7.2;16.8;0.7;39.0;3977.0


44.8;0.0;0.0;48.0;4699.0


5.5;0.0;0.0;42.0;4697.0


5.5;0.0;0.0;41.0;4699.0


8.3;0.0;0.0;45.0;4700.0


8.3;0.0;0.0;45.0;4699.0


8.3;0.0;0.0;45.0;4699.0


8.3;0.0;0.0;44.0;4699.0


8.4;0.0;0.0;46.0;4697.0


8.3;0.0;0.0;45.0;4699.0


8.4;0.0;0.0;45.0;4699.0


8.3;0.0;0.0;46.0;4697.0


8.4;0.0;0.0;45.0;4697.0


8.3;0.0;0.0;45.0;4699.0


8.4;0.0;0.0;45.0;4697.0


0.0;4.2;0.3;1.0;4699.0


0.0;0.3;0.0;2.0;4697.0


0.0;14.5;0.2;1.0;4697.0


0.0;0.3;0.0;2.0;4699.0


5.5;16.8;0.7;30.0;4699.0


8.3;0.0;0.0;39.0;4701.0


25.1;0.0;0.0;43.0;4701.0


8.4;0.0;0.0;44.0;4699.0


8.3;0.0;0.0;41.0;4701.0


5.5;0.0;0.0;42.0;4701.0


7.1;0.0;0.0;43.0;4699.0


7.1;0.0;0.0;43.0;4699.0


7.2;0.0;0.0;42.0;4699.0


8.3;0.0;0.0;43.0;4699.0


8.4;0.0;0.0;42.0;4699.0


5.5;0.0;0.0;43.0;4701.0


8.4;0.0;0.0;44.0;4698.0


8.4;0.0;0.0;45.0;4699.0


8.4;0.0;0.0;46.0;4701.0


8.4;0.0;0.0;45.0;4701.0


0.0;4.1;0.3;2.0;4699.0


0.0;0.3;0.0;2.0;4699.0


0.0;15.5;0.2;1.0;4699.0


0.0;0.3;0.0;1.0;4699.0


8.3;15.6;0.7;6.0;4699.0


8.3;0.0;0.0;40.0;4699.0


13.5;0.0;0.0;40.0;4702.0


8.3;0.0;0.0;46.0;4701.0


8.3;0.0;0.0;38.0;4701.0


8.4;0.0;0.0;45.0;4701.0


8.3;0.0;0.0;44.0;4700.0


7.0;0.0;0.0;42.0;4701.0


6.9;0.0;0.0;42.0;4701.0


7.0;0.0;0.0;43.0;4701.0


8.3;0.0;0.0;42.0;4701.0


7.2;0.0;0.0;43.0;4701.0


8.4;0.0;0.0;42.0;4699.0


6.9;0.0;0.0;42.0;4702.0


4.8;0.0;0.0;42.0;4701.0


6.2;0.0;0.0;42.0;4701.0


0.0;4.0;0.3;1.0;4699.0


0.0;0.3;0.0;1.0;4699.0


0.0;14.6;0.2;1.0;4699.0


0.0;0.3;0.0;1.0;4698.0


8.3;15.0;0.7;7.0;4701.0


8.3;0.0;0.0;39.0;4699.0


32.0;0.0;0.0;43.0;4701.0


8.3;0.0;0.0;45.0;4699.0


8.4;0.0;0.0;44.0;4699.0


8.3;0.0;0.0;45.0;4701.0


8.4;0.0;0.0;44.0;4701.0


8.4;0.0;0.0;33.0;4701.0


8.4;0.0;0.0;46.0;4701.0


8.4;0.0;0.0;45.0;4701.0


8.4;0.0;0.0;45.0;4701.0


8.4;0.0;0.0;46.0;4702.0


8.3;0.0;0.0;44.0;4699.0


8.4;0.0;0.0;44.0;4699.0


7.1;0.0;0.0;42.0;4701.0


5.5;0.0;0.0;41.0;4698.0


0.0;4.0;0.3;1.0;4699.0


0.0;0.3;0.0;2.0;4699.0


0.0;14.6;0.2;2.0;4699.0


0.0;0.3;0.0;1.0;4701.0


8.3;16.6;0.7;40.0;4699.0


50.0;0.0;0.0;44.0;4701.0


7.1;0.0;0.0;42.0;4699.0


4.2;0.0;0.0;42.0;4702.0


8.3;0.0;0.0;42.0;4701.0


8.4;0.0;0.0;43.0;4699.0


8.3;0.0;0.0;41.0;4702.0


8.3;0.0;0.0;42.0;4702.0


8.4;0.0;0.0;43.0;4701.0


7.1;0.0;0.0;42.0;4701.0


8.3;0.0;0.0;45.0;4701.0


8.3;0.0;0.0;44.0;4699.0


8.3;0.0;0.0;45.0;4701.0


8.3;0.0;0.0;45.0;4699.0


7.3;0.0;0.0;44.0;4701.0


6.0;4.1;0.3;15.0;4699.0


0.0;0.3;0.0;2.0;4701.0


0.0;13.0;0.2;2.0;4699.0


0.0;0.3;0.0;1.0;4699.0


4.7;15.2;0.4;1.0;4701.0


8.4;1.0;0.3;41.0;4699.0


49.7;0.0;0.0;47.0;5441.0


8.4;0.0;0.0;44.0;5443.0


8.4;0.0;0.0;44.0;5443.0


8.3;0.0;0.0;42.0;5443.0


8.4;0.0;0.0;41.0;5441.0


7.2;0.0;0.0;41.0;5443.0


8.4;0.0;0.0;38.0;5441.0


7.1;0.0;0.0;42.0;5441.0


8.3;0.0;0.0;42.0;5441.0


8.3;0.0;0.0;42.0;5441.0


8.3;0.0;0.0;42.0;5444.0


7.2;0.0;0.0;42.0;5443.0


6.9;0.0;0.0;41.0;5441.0


4.8;0.0;0.0;41.0;5443.0


5.5;0.0;0.0;32.0;5441.0


0.0;4.3;0.3;1.0;5441.0


0.0;0.3;0.0;1.0;5441.0


0.0;14.5;0.2;2.0;5441.0


0.0;0.3;0.0;1.0;5443.0


8.4;15.6;0.7;41.0;5443.0


44.2;0.0;0.0;42.0;5443.0


8.4;0.0;0.0;46.0;5445.0


8.3;0.0;0.0;45.0;5445.0


8.4;0.0;0.0;45.0;5446.0


8.3;0.0;0.0;45.0;5445.0


8.3;0.0;0.0;44.0;5443.0


8.3;0.0;0.0;45.0;5445.0


8.3;0.0;0.0;46.0;5445.0


8.4;0.0;0.0;45.0;5443.0


8.3;0.0;0.0;45.0;5445.0


8.3;0.0;0.0;44.0;5443.0


6.9;0.0;0.0;42.0;5443.0


8.3;0.0;0.0;42.0;5445.0


5.2;0.0;0.0;43.0;5443.0


0.0;4.2;0.3;8.0;5445.0


0.0;0.3;0.0;2.0;5443.0


0.0;13.9;0.2;1.0;5443.0


0.0;0.3;0.0;2.0;5445.0


8.4;15.8;0.7;15.0;5445.0


8.3;0.0;0.0;39.0;5443.0


19.1;0.0;0.0;43.0;5443.0


7.2;0.0;0.0;42.0;5446.0


7.2;0.0;0.0;42.0;5442.0


6.9;0.0;0.0;42.0;5443.0


8.3;0.0;0.0;41.0;5445.0


8.3;0.0;0.0;42.0;5445.0


8.3;0.0;0.0;43.0;5445.0


8.4;0.0;0.0;44.0;5443.0


8.3;0.0;0.0;44.0;5443.0


8.4;0.0;0.0;44.0;5443.0


8.4;0.0;0.0;44.0;5443.0


8.3;0.0;0.0;45.0;5443.0


8.4;0.0;0.0;44.0;5443.0


8.3;0.0;0.0;43.0;5446.0


0.0;4.0;0.3;2.0;5443.0


0.0;0.3;0.0;2.0;5445.0


0.0;13.4;0.2;2.0;5443.0


0.0;0.3;0.0;2.0;5443.0


8.3;16.8;0.7;41.0;5445.0


14.3;0.0;0.0;41.0;5445.0


8.3;0.0;0.0;46.0;5443.0


8.4;0.0;0.0;43.0;5445.0


5.5;0.0;0.0;43.0;5445.0


8.3;0.0;0.0;42.0;5443.0


4.8;0.0;0.0;42.0;5443.0


6.2;0.0;0.0;42.0;5443.0


8.3;0.0;0.0;43.0;5445.0


7.1;0.0;0.0;41.0;5443.0


7.1;0.0;0.0;41.0;5445.0


7.3;0.0;0.0;42.0;5445.0


8.3;0.0;0.0;43.0;5445.0


7.0;0.0;0.0;42.0;5446.0


5.5;0.0;0.0;41.0;5445.0


8.3;0.0;0.0;43.0;5443.0


0.0;4.2;0.3;2.0;5442.0


0.0;0.3;0.0;1.0;5445.0


0.0;14.6;0.2;2.0;5443.0


0.0;0.3;0.0;1.0;5443.0


8.4;16.2;0.7;20.0;5445.0


18.9;0.0;0.0;44.0;5443.0


8.3;0.0;0.0;45.0;5445.0


8.3;0.0;0.0;45.0;5445.0


8.3;0.0;0.0;45.0;5445.0


8.4;0.0;0.0;44.0;5445.0


8.3;0.0;0.0;45.0;5445.0


8.4;0.0;0.0;45.0;5445.0


8.4;0.0;0.0;45.0;5445.0


8.3;0.0;0.0;45.0;5445.0


8.4;0.0;0.0;43.0;5443.0


7.1;0.0;0.0;41.0;5445.0


7.2;0.0;0.0;43.0;5443.0


7.2;0.0;0.0;41.0;5443.0


8.3;0.0;0.0;43.0;5443.0


7.2;0.0;0.0;41.0;5442.0


0.0;4.1;0.3;2.0;5443.0


0.0;0.3;0.0;2.0;5443.0


0.0;14.3;0.2;2.0;5443.0


0.0;0.3;0.0;1.0;5443.0


8.3;16.5;0.7;39.0;5443.0


49.7;0.0;0.0;43.0;5443.0


7.2;0.0;0.0;41.0;5445.0


7.1;0.0;0.0;41.0;5443.0


6.9;0.0;0.0;41.0;5446.0


8.3;0.0;0.0;42.0;5445.0


5.9;0.0;0.0;43.0;5446.0


8.3;0.0;0.0;45.0;5443.0


8.3;0.0;0.0;44.0;5445.0


8.4;0.0;0.0;45.0;5445.0


8.4;0.0;0.0;45.0;5443.0


8.3;0.0;0.0;45.0;5445.0


8.4;0.0;0.0;44.0;5445.0


8.3;0.0;0.0;44.0;5445.0


8.4;0.0;0.0;45.0;5445.0


3.6;4.0;0.3;24.0;5442.0


0.0;0.3;0.0;1.0;5445.0


0.0;14.8;0.2;2.0;5443.0


0.0;0.3;0.0;2.0;5445.0


4.2;16.0;0.7;7.0;5445.0


8.3;0.0;0.0;42.0;5445.0


50.2;0.0;0.0;43.0;5443.0


2.8;0.0;0.0;42.0;5445.0


7.2;0.0;0.0;43.0;5442.0


7.2;0.0;0.0;42.0;5445.0


8.3;0.0;0.0;42.0;5443.0


8.4;0.0;0.0;43.0;5445.0


8.3;0.0;0.0;43.0;5445.0


7.2;0.0;0.0;44.0;5443.0


7.2;0.0;0.0;43.0;5442.0


6.9;0.0;0.0;43.0;5445.0


8.4;0.0;0.0;43.0;5443.0


7.1;0.0;0.0;43.0;5445.0


8.4;0.0;0.0;44.0;5445.0


8.3;0.0;0.0;44.0;5445.0


3.6;4.3;0.3;20.0;5443.0


0.0;0.3;0.0;1.0;5443.0


0.0;14.1;0.2;1.0;5443.0


0.0;0.3;0.0;2.0;5443.0


4.7;15.3;0.7;1.0;5443.0


8.3;0.0;0.0;41.0;5445.0


50.2;0.0;0.0;45.0;5443.0


8.3;0.0;0.0;45.0;5443.0


8.4;0.0;0.0;44.0;5445.0


