0.0;10493952;0
0.0;10493952;0
0.0;10493952;0
49.9;12255232;0
143.3;14233600;0
216.1;15929344;0
182.8;17620992;0
113.6;17666048;0
172.0;19451904;0
199.5;19607552;0
199.5;19652608;0
186.4;19689472;0
199.5;19689472;0
199.5;19746816;0
199.5;19824640;0
100.3;16576512;0
166.2;19910656;0
201.6;19931136;0
198.9;19935232;0
200.7;20033536;0
199.5;18423808;0
117.6;18497536;0
198.9;20156416;0
201.6;20103168;0
199.5;20226048;0
129.0;18599936;0
156.3;18870272;0
201.6;20578304;0
199.5;20422656;0
200.7;20529152;0
149.6;20598784;0
182.8;20701184;0
198.9;20701184;0
200.7;20701184;0
200.7;20766720;0
182.8;20905984;0
184.8;20869120;0
198.9;20881408;0
199.5;20885504;0
199.5;20901888;0
200.7;21020672;0
142.0;19398656;0
168.0;21118976;0
199.5;21123072;0
199.5;21200896;0
198.9;21200896;0
201.6;21258240;0
133.0;19660800;0
166.2;20914176;0
201.6;22540288;0
198.9;22540288;0
200.7;22540288;0
166.2;22351872;0
201.6;22351872;0
198.9;22351872;0
186.4;22355968;0
199.5;22355968;0
199.5;22290432;452
133.0;22274048;50
200.7;22274048;0
200.7;22274048;0
166.2;20652032;0
117.6;22409216;0
199.5;22409216;0
200.7;22409216;0
198.9;22409216;0
184.8;20783104;0
149.6;21622784;0
199.5;21680128;0
200.7;21811200;0
198.9;21811200;0
99.7;18558976;0
216.1;21782528;0
201.6;21782528;0
198.9;21839872;0
201.6;21839872;0
182.8;19046400;0
199.5;22097920;0
199.5;22097920;0
182.8;20529152;0
86.0;22417408;0
213.1;30171136;0
200.7;30171136;0
199.5;30171136;0
166.2;37359616;0
299.2;71458816;0
301.0;98721792;0
301.0;123203584;0
298.3;143032320;0
268.8;166223872;0
249.3;187592704;0
299.2;204873728;0
299.2;206430208;418
243.7;204804096;622
229.4;207503360;392
199.5;207503360;0
201.6;207503360;0
166.2;207507456;0
216.1;207507456;0
198.9;207507456;0
129.0;205881344;0
172.0;205529088;0
199.5;207511552;0
201.6;207511552;0
149.6;207507456;0
182.8;207507456;0
133.0;207507456;0
182.8;205885440;0
151.2;207511552;0
198.9;205889536;0
157.7;207511552;0
182.8;207511552;0
199.5;207511552;0
199.5;207511552;0
83.1;204263424;0
218.4;207515648;0
199.5;207515648;0
200.7;207515648;0
200.7;207515648;0
99.4;205606912;0
198.9;208072704;0
200.7;208072704;0
199.5;208072704;0
184.8;204820480;0
116.4;208105472;0
199.5;208105472;0
201.6;208105472;0
199.5;208105472;0
114.7;206479360;0
184.7;208109568;0
172.0;208109568;0
143.3;206483456;0
184.7;208105472;0
215.0;208109568;0
199.5;208109568;0
166.2;208109568;0
199.5;208109568;0
166.2;208113664;0
201.6;208113664;0
182.8;208117760;0
199.5;208117760;0
168.0;206491648;0
166.2;208117760;0
199.5;208113664;0
199.5;208113664;0
172.0;206487552;0
129.0;206487552;0
213.1;208113664;0
200.7;208113664;0
129.0;208113664;0
