0.0;10506240;0
0.0;10506240;0
0.0;10506240;0
28.4;12251136;0
143.3;14290944;0
199.5;16019456;0
151.2;14622720;0
182.8;16359424;0
200.7;19628032;0
199.5;19652608;0
216.1;19746816;0
198.9;19755008;0
201.6;19812352;0
199.5;19849216;0
199.5;19886080;0
129.0;18284544;0
133.0;18386944;0
216.1;19914752;0
200.7;20201472;0
200.7;20148224;0
116.4;17244160;0
218.4;20279296;0
182.8;20271104;0
200.7;20373504;0
199.5;20414464;0
151.2;17612800;0
198.9;20414464;0
200.7;20439040;0
149.6;20606976;0
199.5;18882560;0
156.2;20692992;0
172.0;20606976;0
199.5;20631552;0
199.5;20692992;0
200.7;20742144;0
184.7;19132416;0
133.0;20901888;0
216.1;20938752;0
200.7;20987904;0
198.9;21069824;0
184.8;21086208;0
166.2;19480576;0
114.7;21106688;0
198.9;21143552;0
168.0;19656704;0
199.5;21422080;0
157.7;19804160;0
200.7;21401600;0
199.5;21401600;0
166.2;19906560;369
100.3;19931136;133
200.7;21676032;0
199.5;21676032;0
201.6;21676032;0
149.6;21684224;0
143.3;21647360;0
198.9;21647360;0
201.6;21663744;0
199.5;21663744;0
157.7;21688320;0
200.7;21581824;0
199.5;21585920;0
199.5;21757952;0
199.5;21815296;0
172.0;20193280;0
149.6;21839872;0
201.6;21839872;0
133.0;20172800;0
186.4;21688320;0
198.9;21749760;0
201.6;21811200;0
166.2;20185088;0
133.0;20287488;0
215.0;21872640;0
198.9;21876736;0
199.5;21876736;0
149.6;22695936;0
218.4;32354304;0
282.6;65351680;0
266.0;92520448;0
302.4;117407744;0
284.1;136642560;0
215.0;166092800;0
299.2;190144512;0
302.4;206684160;44
301.0;206684160;720
299.2;206782464;668
134.4;203534336;0
149.6;207839232;0
200.7;207839232;0
199.5;207839232;0
201.6;207839232;0
199.5;207839232;0
216.1;207839232;0
200.7;207839232;0
142.0;206213120;0
186.4;207839232;0
182.8;206217216;0
184.8;206655488;0
182.8;207847424;0
182.8;206221312;0
86.0;207872000;0
198.9;207872000;0
199.5;207872000;0
116.4;207872000;0
201.6;207872000;0
170.5;207876096;0
186.4;206249984;0
133.0;207880192;0
199.5;207880192;0
182.8;204632064;0
149.6;207884288;0
200.7;207884288;0
198.9;207884288;0
201.6;207884288;0
182.8;206258176;0
182.8;208429056;0
199.5;208429056;0
182.8;208429056;0
200.7;208429056;0
156.2;205213696;0
129.0;208441344;0
200.7;208441344;0
198.9;208441344;0
133.0;208441344;0
149.6;208445440;0
201.6;208445440;0
199.5;208445440;0
182.8;206819328;0
157.7;208445440;0
198.9;208453632;0
143.3;206827520;0
199.5;208465920;0
201.6;208465920;0
99.7;206843904;0
133.0;206839808;0
201.6;208461824;0
133.0;205942784;0
199.5;208470016;0
198.9;208470016;0
157.7;208470016;0
200.7;208470016;0
199.5;208470016;0
134.4;208470016;0
149.6;206843904;0
149.6;208470016;0
199.5;208470016;0
172.0;206843904;0
157.7;208523264;0
198.9;208523264;0
