0.0;10498048;0
0.0;10498048;0
0.0;10498048;0
0.0;10498048;0
49.9;12255232;0
149.6;14290944;0
186.4;14389248;0
133.0;14553088;0
198.9;16064512;0
200.7;19599360;0
199.5;19599360;0
166.2;19599360;0
186.4;19587072;0
199.5;19595264;0
199.5;19611648;0
200.7;19628032;0
200.7;19656704;0
99.7;16416768;0
201.6;19853312;0
199.5;19853312;0
200.7;19865600;0
199.5;19910656;0
201.6;19943424;0
66.5;16715776;0
232.7;20180992;0
200.7;20205568;0
199.5;20291584;0
199.5;20340736;0
200.7;20373504;0
57.3;17063936;0
198.9;20480000;0
201.6;20512768;0
199.5;20594688;0
200.7;20611072;0
170.5;17379328;0
50.4;20656128;0
199.5;20705280;0
199.5;20799488;0
199.5;20848640;0
127.8;20770816;0
201.6;20836352;0
182.8;20881408;0
200.7;20963328;0
200.7;21094400;0
182.8;21037056;0
199.5;21135360;0
172.0;19529728;0
143.3;21344256;0
199.5;21344256;0
168.0;21327872;0
198.9;21327872;0
186.4;21655552;0
213.1;21671936;0
201.6;21671936;0
282.6;21745664;502
199.5;21651456;0
143.3;20025344;0
213.1;21786624;0
149.6;20217856;0
199.5;21655552;0
184.8;20033536;0
71.0;18776064;0
200.7;21516288;0
172.0;21499904;0
198.9;21573632;0
199.5;19947520;0
133.0;22327296;0
201.6;22327296;0
156.2;22863872;0
200.7;22863872;0
201.6;22863872;0
199.5;21815296;0
200.7;21872640;0
142.0;20140032;0
184.8;22654976;0
199.5;22667264;0
182.8;21098496;0
201.6;21848064;0
184.7;20221952;0
129.0;23318528;0
227.3;32243712;0
301.0;62976000;0
266.0;89821184;0
299.2;114503680;0
285.6;138063872;0
298.3;156332032;0
301.0;174952448;0
249.3;191700992;0
201.6;206876672;162
299.2;206876672;654
299.2;206942208;616
200.7;206905344;0
170.5;203722752;0
143.3;208084992;0
199.5;208084992;0
201.6;208084992;0
199.5;208084992;0
200.7;206462976;0
143.3;206458880;0
198.9;208080896;0
200.7;208080896;0
199.5;208080896;0
168.0;208056320;0
166.2;208076800;0
200.7;208076800;0
200.7;208076800;0
198.9;208076800;0
166.2;206450688;0
149.6;208089088;0
201.6;208089088;0
182.8;208142336;0
200.7;208142336;0
143.3;206516224;0
199.5;208138240;0
199.5;208138240;0
216.1;208142336;0
134.4;206852096;0
199.5;208142336;0
199.5;206516224;0
117.6;208142336;0
199.5;208142336;0
199.5;208142336;0
184.7;206516224;0
129.0;206512128;0
157.7;208138240;0
182.8;206516224;0
172.0;208138240;0
172.0;208138240;0
198.9;208142336;0
166.2;206516224;0
216.1;208138240;0
201.6;208138240;0
149.6;206450688;0
182.8;208142336;0
201.6;208142336;0
213.1;208142336;0
200.7;208142336;0
170.5;208138240;0
200.7;208138240;0
199.5;208138240;0
166.2;208138240;0
201.6;208138240;0
182.8;208142336;0
199.5;208142336;0
198.9;206516224;0
186.4;208142336;0
129.0;204886016;0
213.1;208658432;0
215.0;205438976;0
200.7;208658432;0
