0.0;10506240;0
0.0;10506240;0
0.0;10506240;0
0.0;10506240;0
49.9;12259328;0
168.0;14098432;0
198.9;15769600;0
199.5;15941632;0
199.5;19079168;0
200.7;19152896;0
184.7;19365888;0
201.6;19365888;0
199.5;19714048;0
200.7;19726336;0
149.6;16494592;0
201.6;19845120;0
182.8;20021248;0
186.4;20090880;0
182.8;20148224;0
199.5;18546688;0
99.4;18747392;0
215.0;20275200;0
199.5;20353024;0
199.5;20385792;0
186.4;20389888;0
166.2;20434944;0
199.5;20447232;0
200.7;20447232;0
143.3;20410368;0
199.5;20512768;0
168.0;20533248;0
199.5;20631552;0
172.0;19021824;0
133.0;20713472;0
201.6;20844544;0
149.6;20910080;0
157.7;19357696;0
182.8;21102592;0
199.5;21102592;0
199.5;21102592;0
200.7;21180416;0
199.5;21196800;0
216.1;21209088;0
201.6;21291008;0
198.9;21291008;0
143.3;19730432;0
182.8;19857408;0
201.6;21495808;0
198.9;21626880;0
186.4;20025344;0
199.5;21778432;0
216.1;21753856;174
133.0;20111360;328
100.3;20234240;0
149.6;21946368;0
199.5;21946368;0
201.6;21946368;0
198.9;21946368;0
186.4;20320256;0
166.2;21872640;0
201.6;21876736;0
199.5;21876736;0
200.7;21876736;0
199.5;21934080;0
199.5;22007808;0
199.5;22024192;0
199.5;22024192;0
200.7;21889024;0
142.0;20267008;0
218.4;21950464;0
149.6;19980288;0
199.5;21835776;0
199.5;21835776;0
172.0;21782528;0
200.7;20160512;0
127.8;21692416;0
201.6;21762048;0
199.5;20135936;0
166.2;30015488;0
156.2;28393472;0
243.7;40062976;0
286.7;83730432;0
284.1;104259584;0
249.3;132743168;0
299.2;150622208;0
302.4;175616000;0
266.0;199118848;0
249.3;205787136;402
272.4;207433728;732
227.3;207400960;298
199.5;207400960;0
99.7;204152832;0
168.0;207417344;0
199.5;207417344;0
199.5;207417344;0
200.7;207417344;0
85.2;202588160;0
200.7;207425536;0
182.8;207425536;0
201.6;207425536;0
199.5;207425536;0
199.5;207425536;0
201.6;207437824;0
198.9;207437824;0
200.7;207437824;0
182.8;205811712;0
151.2;207437824;0
149.6;205815808;0
166.2;207462400;0
200.7;207462400;0
198.9;207462400;0
199.5;207462400;0
198.9;207470592;0
201.6;207470592;0
199.5;207470592;0
116.4;207466496;0
201.6;207466496;0
133.0;207462400;0
182.8;207466496;0
198.9;207466496;0
200.7;207466496;0
157.7;205844480;0
166.2;207466496;0
168.0;207466496;0
199.5;207466496;0
149.6;204218368;0
182.8;207474688;0
200.7;207474688;0
200.7;207474688;0
184.7;205848576;0
218.4;205852672;0
199.5;207474688;0
199.5;207474688;0
216.1;205352960;0
199.5;207482880;0
201.6;207482880;0
198.9;207945728;0
186.4;206319616;0
157.7;208035840;0
198.9;208035840;0
186.4;206413824;0
156.2;208039936;0
218.4;208044032;0
199.5;208044032;0
199.5;208044032;0
201.6;208044032;0
149.6;204795904;0
216.1;208048128;0
199.5;208048128;0
172.0;206159872;0
