50.6;102.1;73.6;0.0
49.5;117.0;84.8;0.0
79.2;138.9;54.4;0.0
44.9;156.8;40.1;0.0
0.0;156.8;0.0;0.0
0.0;156.8;0.0;0.0
5.0;156.8;0.1;0.0
0.0;156.8;0.0;0.0
0.0;156.8;1.2;0.0
0.0;156.8;0.0;0.0
0.0;156.8;0.7;0.0
0.0;156.8;0.0;0.0
0.0;156.8;0.7;0.0
0.0;156.8;0.0;0.0
0.0;156.8;0.6;0.0
0.0;156.8;0.0;0.0
0.0;156.8;0.5;0.0
0.0;156.8;0.0;0.0
0.0;156.8;0.5;0.0
0.0;156.8;0.0;0.0
0.0;156.8;0.6;0.0
0.0;156.8;0.0;0.0
0.0;156.8;0.6;0.0
35.0;160.3;0.1;0.0
49.0;160.5;0.0;0.0
50.0;160.5;0.0;0.0
53.1;161.0;0.3;0.0
7.7;161.0;0.0;0.0
0.0;161.0;0.1;0.0
0.0;161.0;0.0;0.0
0.0;161.0;1.3;0.0
0.0;161.0;0.0;0.0
0.0;161.0;0.7;0.0
0.0;161.0;0.0;0.0
0.0;161.0;0.4;0.0
0.0;161.0;0.0;0.0
0.0;161.0;0.4;0.0
0.0;161.0;0.0;0.0
0.0;161.0;0.4;0.0
0.0;161.0;0.0;0.0
0.0;161.0;0.4;0.0
0.0;161.0;0.0;0.0
14.9;161.5;0.7;0.0
50.0;161.5;0.0;0.0
52.5;161.5;1.1;0.0
29.1;161.5;0.0;0.0
0.0;161.5;0.0;0.0
0.0;161.5;0.2;0.0
0.0;161.5;0.0;0.0
0.0;161.5;2.6;0.0
0.0;161.5;0.0;0.0
0.0;161.5;1.4;0.0
0.0;161.5;0.0;0.0
0.0;161.5;1.0;0.0
0.0;161.5;0.0;0.0
0.0;161.5;0.8;0.0
0.0;161.5;0.0;0.0
0.0;161.5;0.8;0.0
0.0;161.5;0.0;0.0
4.9;161.5;1.0;0.0
0.0;161.5;0.0;0.0
0.0;162.0;1.2;0.0
68.8;162.4;0.0;0.0
44.9;180.8;18.4;4.0
49.6;277.2;1168.5;472.0
48.4;183.4;0.0;0.0
