49.9;95.2;57.4;0.0
49.9;107.9;88.8;0.0
80.0;134.4;75.0;0.0
50.0;152.2;36.7;0.0
5.0;156.6;8.3;0.0
0.0;156.6;0.0;0.0
0.0;156.6;0.1;0.0
0.0;156.6;0.0;0.0
0.0;156.6;1.2;0.0
0.0;156.6;0.0;0.0
0.0;156.6;0.7;0.0
0.0;156.6;0.0;0.0
0.0;156.6;0.6;0.0
0.0;156.6;0.0;0.0
0.0;156.6;0.4;0.0
0.0;156.6;0.0;0.0
0.0;156.6;0.5;0.0
0.0;156.6;0.0;0.0
0.0;156.6;0.6;0.0
0.0;156.6;0.0;0.0
0.0;156.6;0.6;0.0
0.0;156.6;0.0;0.0
25.0;160.2;0.5;0.0
49.6;160.4;0.0;0.0
55.0;160.4;0.0;0.0
47.7;160.9;0.3;0.0
0.0;160.9;0.0;0.0
0.0;160.9;0.1;0.0
0.0;160.9;0.0;0.0
0.0;160.9;1.3;0.0
0.0;160.9;0.0;0.0
0.0;160.9;0.7;0.0
0.0;160.9;0.0;0.0
0.0;160.9;0.6;0.0
0.0;160.9;0.0;0.0
0.0;160.9;0.6;0.0
0.0;160.9;0.0;0.0
5.0;160.9;0.6;0.0
0.0;160.9;0.0;0.0
0.0;160.9;0.4;0.0
0.0;160.9;0.0;0.0
0.0;160.9;0.4;0.0
50.0;161.4;0.0;0.0
48.2;161.4;0.0;0.0
45.0;161.4;1.1;0.0
0.0;161.4;0.0;0.0
0.0;161.4;0.2;0.0
0.0;161.4;0.0;0.0
0.0;161.4;2.6;0.0
0.0;161.4;0.0;0.0
0.0;161.4;1.4;0.0
0.0;161.4;0.0;0.0
0.0;161.4;1.1;0.0
0.0;161.4;0.0;0.0
0.0;161.4;0.7;0.0
0.0;161.4;0.0;0.0
5.0;161.4;0.8;0.0
0.0;161.4;0.0;0.0
0.0;161.4;0.7;0.0
0.0;161.4;0.0;0.0
9.1;161.9;1.0;0.0
64.8;162.3;0.0;0.0
9.9;162.7;0.6;0.0
45.0;180.9;39.4;4.0
50.0;245.8;395.0;0.0
50.0;245.8;314.4;0.0
50.2;245.8;357.0;0.0
49.5;277.0;32.3;0.0
49.8;277.0;0.6;196.0
51.5;277.0;0.6;192.0
50.0;246.7;0.3;52.0
