209.7;319959040;452
109.8;410136576;977
99.9;505425920;939
119.8;550645760;1228
89.9;550645760;1518
119.8;551014400;1505
99.8;555339776;1480
109.8;555339776;1552
109.8;555339776;1479
109.8;564514816;1470
99.9;667275264;1015
99.9;769249280;1006
99.9;870961152;1005
99.9;972673024;1005
99.8;1001246720;1392
109.8;1001246720;1505
99.8;1001246720;1537
99.8;1001246720;1541
109.8;1001246720;1524
89.9;1001246720;1548
89.9;1001246720;1548
99.8;1031000064;1301
109.8;1031131136;10
99.8;1031131136;0
159.7;1031131136;1
636.0;1036734464;3
807.4;1037365248;2
771.4;1037496320;3
701.1;1048768512;3
791.5;1048768512;2
768.6;1048899584;7
798.7;1049608192;2
713.3;1049870336;1
688.7;1049870336;2
599.0;1049870336;2
598.9;1402978304;2
588.8;1659748352;0
209.6;1659879424;2
99.9;1659879424;0
99.9;1659879424;0
99.9;1659879424;0
99.9;1659879424;0
99.9;1659879424;0
99.9;1659879424;0
99.9;1659879424;0
99.9;1659879424;0
99.9;1659879424;0
99.9;1659879424;0
99.9;1658048512;0
99.9;1658048512;0
99.9;1658048512;0
99.9;1658048512;0
99.9;1658048512;0
99.9;1658048512;0
99.9;1658048512;0
99.9;1658048512;0
99.9;1658048512;0
99.9;1658048512;0
99.9;1658048512;0
99.9;1658048512;0
99.9;1658048512;0
99.9;1658048512;0
99.9;1658048512;0
99.8;1658048512;0
99.9;1658048512;0
99.9;1658048512;0
99.9;1658048512;0
99.9;1658048512;0
99.9;1658048512;0
99.9;1658048512;0
99.9;1658048512;0
99.9;1658048512;0
99.9;1658048512;0
99.9;1658048512;0
99.9;1658048512;0
99.9;1658048512;0
99.9;1658048512;0
99.9;1658048512;0
99.9;1658048512;0
99.9;1658048512;0
99.9;1658048512;0
99.9;1658048512;0
99.9;1658048512;0
99.9;1658048512;0
99.9;1658048512;0
99.9;1658048512;0
99.9;1658048512;0
99.9;1658048512;0
99.9;1658048512;0
99.9;1658048512;0
99.9;1658048512;0
99.9;1658048512;0
99.9;1658048512;0
99.9;1658048512;0
99.9;1658048512;0
99.9;1658048512;0
99.9;1658048512;0
99.9;1658048512;0
99.9;1658048512;0
99.9;1658048512;0
99.9;1658048512;0
99.8;1658048512;0
99.9;1658048512;0
99.9;1658048512;0
99.9;1658048512;0
99.9;1658048512;0
99.9;1658048512;0
99.9;1658048512;0
99.9;1658048512;0
99.9;1658048512;0
99.9;1658048512;0
99.9;1658048512;0
99.9;1658048512;0
99.9;1658048512;0
99.9;1658048512;0
99.8;1658048512;0
99.9;1658048512;0
99.9;1658048512;0
99.9;1658048512;0
99.9;1658048512;0
99.9;1658048512;0
99.9;1658048512;0
99.9;1658048512;0
99.9;1658048512;0
99.9;1658048512;0
99.9;1658048512;0
99.9;1658048512;0
99.9;1658048512;0
99.9;1658048512;0
99.9;1658048512;0
99.9;1658048512;0
99.9;1658048512;0
99.9;1658048512;0
99.9;1658048512;0
99.9;1658048512;0
99.9;1658048512;0
99.9;1658048512;0
99.9;1658048512;0
99.9;1658048512;0
99.9;1658048512;0
99.9;1658048512;0
99.9;1658048512;0
99.9;1658048512;0
99.9;1658048512;0
99.9;1658048512;0
99.9;1658048512;0
109.9;1658048512;0
99.9;1658048512;0
99.9;1658048512;0
99.9;1658048512;0
99.9;1658048512;0
99.9;1658048512;0
99.9;1658048512;0
99.9;1658048512;0
99.9;1658048512;0
99.9;1658048512;0
99.9;1658048512;0
99.9;1658048512;0
99.9;1658048512;0
99.9;1658048512;0
99.9;1658048512;0
99.9;1658048512;0
99.9;1658048512;0
99.9;1658048512;0
99.9;1658048512;0
99.9;1658048512;0
99.9;1658048512;0
99.9;1658048512;0
99.9;1658048512;0
99.9;1658048512;0
99.9;1658048512;0
99.9;1658048512;0
99.9;1658048512;0
99.9;1658048512;0
99.9;1658048512;0
99.9;1658048512;0
99.9;1658048512;0
99.9;1658048512;0
99.9;1658048512;0
99.9;1658048512;0
99.9;1658048512;0
99.9;1658048512;0
99.9;1658048512;0
99.9;1658048512;0
99.9;1658048512;0
99.9;1658048512;0
99.9;1658048512;0
99.9;1658048512;0
99.9;1658048512;0
99.9;1658048512;0
99.9;1658048512;0
99.9;1658048512;0
99.9;1658048512;0
99.9;1658048512;0
99.9;1658048512;0
99.9;1658048512;0
99.9;1658048512;0
99.9;1658048512;0
99.9;1658048512;0
99.9;1658048512;0
99.9;1658048512;0
99.9;1658048512;0
99.9;1658048512;0
99.9;1658048512;0
99.9;1658048512;0
99.9;1658048512;0
99.9;1658048512;0
99.9;1658048512;0
99.9;1658048512;0
99.9;1658048512;0
99.9;1658048512;0
99.9;1658048512;0
99.9;1658048512;0
99.9;1658048512;0
99.9;1658048512;0
99.9;1658048512;0
99.9;1658048512;0
99.9;1658048512;0
99.9;1658048512;0
99.9;1658048512;0
99.9;1658048512;0
99.9;1658048512;0
99.9;1658048512;0
99.9;1658048512;0
99.9;1658048512;0
99.9;1658048512;0
99.9;1658048512;0
99.9;1658048512;0
99.9;1658048512;0
99.9;1658048512;0
99.9;1658048512;0
99.9;1658048512;0
99.9;1658048512;0
99.9;1658048512;0
99.9;1658048512;0
99.9;1658048512;0
99.9;1658048512;0
99.9;1658048512;0
99.9;1658048512;0
99.9;1658048512;0
99.9;1658048512;0
99.9;1658048512;0
99.9;1658048512;0
99.9;1658048512;0
99.9;1658048512;0
99.9;1658048512;0
99.9;1658048512;0
99.9;1658048512;0
99.9;1658048512;0
99.9;1658048512;0
109.9;1658048512;0
99.9;1658048512;0
99.9;1658048512;0
99.9;1658048512;0
99.9;1658048512;0
99.9;1658048512;0
99.9;1658048512;0
99.9;1658048512;0
99.9;1658048512;0
99.9;1658048512;0
99.9;1658048512;0
99.9;1658048512;0
99.9;1658048512;0
99.9;1658048512;0
99.9;1658048512;0
99.9;1658048512;0
99.9;1658048512;0
99.9;1658048512;0
99.9;1658048512;0
99.9;1658048512;0
99.9;1658048512;0
99.9;1658048512;0
99.9;1658048512;0
99.9;1658048512;0
99.9;1658048512;0
99.9;1658048512;0
99.9;1658048512;0
99.9;1658048512;0
99.9;1658048512;0
99.9;1658048512;0
99.9;1658048512;0
99.9;1658048512;0
99.9;1658048512;0
99.9;1658048512;0
99.9;1658048512;0
99.9;1658048512;0
99.9;1658048512;0
99.9;1658048512;0
99.9;1658048512;0
99.9;1658048512;0
99.9;1658048512;0
99.9;1658048512;0
99.9;1658048512;0
99.9;1658048512;0
99.9;1658048512;0
99.9;1658048512;0
99.9;1658048512;0
99.9;1658048512;0
99.9;1658048512;0
99.9;1658048512;0
