209.7;327553024;608
99.9;423628800;951
99.8;519835648;948
119.8;551424000;1290
109.8;551424000;1436
119.8;551559168;1439
109.8;555753472;1471
99.8;555753472;1540
99.8;555753472;1486
89.9;555753472;1526
99.8;555753472;1537
99.8;555753472;1496
99.8;555753472;1539
99.9;647766016;1041
99.9;749871104;1009
89.9;852238336;1010
109.8;954998784;1015
99.9;1057103872;1008
99.9;1090002944;1348
99.8;1090002944;1535
99.8;1090002944;1533
99.8;1090002944;1522
109.8;1119756288;249
99.8;1119756288;0
139.8;1119887360;1
551.9;1123991552;3
762.4;1124462592;3
692.1;1124724736;4
803.0;1125380096;2
786.0;1137569792;2
798.8;1137569792;2
791.9;1137569792;2
698.9;1137963008;2
697.2;1137963008;2
638.4;1137963008;4
608.6;1137963008;2
389.4;1315565568;2
99.9;1315565568;0
99.9;1315565568;0
99.9;1315565568;0
99.9;1315565568;0
99.9;1315565568;0
99.9;1315565568;0
99.9;1315565568;0
99.9;1315565568;0
99.9;1315565568;0
99.9;1311170560;0
99.9;1311170560;0
99.9;1311170560;0
99.9;1311170560;0
99.9;1311170560;0
99.9;1311170560;0
99.9;1311170560;0
99.9;1311170560;0
99.9;1311170560;0
99.9;1311170560;0
99.9;1311170560;0
99.9;1311170560;0
99.9;1311170560;0
99.9;1311170560;0
99.9;1311170560;0
99.9;1311170560;0
99.9;1311170560;0
99.9;1311170560;0
99.9;1311170560;0
99.9;1311170560;0
99.9;1311170560;0
99.9;1311170560;0
99.8;1311170560;0
99.9;1311170560;0
99.9;1311170560;0
99.9;1311170560;0
99.9;1311170560;0
99.9;1311170560;0
99.9;1311170560;0
99.9;1311170560;0
99.9;1311170560;0
99.9;1311170560;0
99.9;1311170560;0
99.9;1311170560;0
99.9;1311170560;0
99.9;1311170560;0
99.9;1311170560;0
99.9;1311170560;0
99.9;1311170560;0
99.8;1311170560;0
99.9;1311170560;0
99.9;1311170560;0
99.9;1311170560;0
99.9;1311170560;0
99.9;1311170560;0
99.9;1311170560;0
99.9;1311170560;0
99.9;1311170560;0
99.9;1311170560;0
99.9;1311170560;0
99.9;1311170560;0
99.9;1311170560;0
99.9;1311170560;0
99.8;1311170560;0
99.9;1311170560;0
99.9;1311170560;0
99.9;1311170560;0
99.9;1311170560;0
99.9;1311170560;0
99.9;1311170560;0
99.9;1311170560;0
99.9;1311170560;0
99.9;1311170560;0
99.9;1311170560;0
99.9;1311170560;0
99.9;1311170560;0
99.9;1311170560;0
99.9;1311170560;0
99.9;1311170560;0
99.9;1311170560;0
99.9;1311170560;0
99.9;1311170560;0
109.8;1311170560;0
99.9;1311170560;0
99.9;1311170560;0
99.9;1311170560;0
99.9;1311170560;0
99.9;1311170560;0
99.9;1311170560;0
99.9;1311170560;0
99.9;1311170560;0
99.9;1311170560;0
99.9;1311170560;0
99.9;1311170560;0
99.9;1311170560;0
99.9;1311170560;0
109.9;1311170560;0
99.9;1311170560;0
99.9;1311170560;0
99.9;1311170560;0
99.9;1311170560;0
99.9;1311170560;0
99.9;1311170560;0
99.9;1311170560;0
99.9;1311170560;0
99.9;1311170560;0
99.9;1311170560;0
99.9;1311170560;0
99.9;1311170560;0
99.9;1311170560;0
99.9;1311170560;0
99.9;1311170560;0
99.9;1311170560;0
99.9;1311170560;0
99.9;1311170560;0
99.9;1311170560;0
99.9;1311170560;0
109.8;1311170560;0
99.9;1311170560;0
99.9;1311170560;0
99.9;1311170560;0
99.9;1311170560;0
99.9;1311170560;0
99.9;1311170560;0
99.9;1311170560;0
99.9;1311170560;0
99.9;1311170560;0
99.9;1311170560;0
99.9;1311170560;0
99.9;1311170560;0
99.9;1311170560;0
99.9;1311170560;0
99.9;1311170560;0
99.9;1311170560;0
99.9;1311170560;0
99.9;1311170560;0
99.8;1311170560;0
99.9;1311170560;0
99.9;1311170560;0
99.9;1311170560;0
99.9;1311170560;0
99.9;1311170560;0
99.9;1311170560;0
99.9;1311170560;0
99.9;1311170560;0
109.9;1311170560;0
99.9;1311170560;0
99.9;1311170560;0
99.9;1311170560;0
99.9;1311170560;0
99.9;1311170560;0
99.9;1311170560;0
99.9;1311170560;0
99.9;1311170560;0
99.9;1311170560;0
99.9;1311170560;0
99.9;1311170560;0
99.9;1311170560;0
99.9;1311170560;0
99.9;1311170560;0
99.9;1311170560;0
99.9;1311170560;0
99.9;1311170560;0
99.9;1311170560;0
99.9;1311170560;0
99.9;1311170560;0
99.9;1311170560;0
99.9;1311170560;0
99.9;1311170560;0
99.9;1311170560;0
99.9;1311170560;0
99.9;1311170560;0
99.9;1311170560;0
99.9;1311170560;0
99.9;1311170560;0
99.9;1311170560;0
99.9;1311170560;0
99.9;1311170560;0
99.9;1311170560;0
99.9;1311170560;0
99.9;1311170560;0
99.9;1311170560;0
99.9;1311170560;0
99.9;1311170560;0
99.9;1311170560;0
99.9;1311170560;0
99.9;1311170560;0
99.9;1311170560;0
99.9;1311170560;0
99.9;1311170560;0
99.9;1311170560;0
99.9;1311170560;0
99.9;1311170560;0
99.9;1311170560;0
99.9;1311170560;0
99.9;1311170560;0
99.9;1311170560;0
99.9;1311170560;0
99.9;1311170560;0
99.9;1311170560;0
99.9;1311170560;0
99.9;1311170560;0
99.9;1311170560;0
99.9;1311170560;0
99.9;1311170560;0
99.9;1311170560;0
99.9;1311170560;0
99.9;1311170560;0
99.9;1311170560;0
99.9;1311170560;0
99.9;1311170560;0
99.9;1311170560;0
99.9;1311170560;0
99.9;1311170560;0
99.9;1311170560;0
99.9;1311170560;0
99.9;1311170560;0
99.9;1311170560;0
99.9;1311170560;0
99.9;1311170560;0
109.8;1311170560;0
99.9;1311170560;0
99.9;1311170560;0
99.9;1311170560;0
99.9;1311170560;0
99.9;1311170560;0
99.9;1311170560;0
99.9;1311170560;0
99.9;1311170560;0
99.9;1311170560;0
99.9;1311170560;0
99.9;1311170560;0
99.9;1311170560;0
99.9;1311170560;0
99.9;1311170560;0
99.9;1311170560;0
99.9;1311170560;0
99.9;1311170560;0
99.9;1311170560;0
99.9;1311170560;0
99.9;1311170560;0
99.9;1311170560;0
99.9;1311170560;0
99.9;1311170560;0
99.9;1311170560;0
99.9;1311170560;0
99.9;1311170560;0
99.9;1311170560;0
99.9;1311170560;0
99.9;1311170560;0
99.9;1311170560;0
99.9;1311170560;0
99.9;1311170560;0
99.9;1311170560;0
99.9;1311170560;0
99.9;1311170560;0
99.9;1311170560;0
99.9;1311170560;0
99.9;1311170560;0
99.9;1311170560;0
99.9;1311170560;0
99.9;1311170560;0
99.9;1311170560;0
99.9;1311170560;0
