0.0;10522624;0
0.0;10522624;0
0.0;10522624;0
0.0;10522624;0
28.4;12648448;0
100.3;12673024;0
66.5;12722176;0
99.7;12763136;0
57.3;12873728;0
99.7;12873728;0
49.9;12935168;0
99.7;10915840;0
57.3;13008896;0
99.7;11022336;0
67.2;13160448;0
99.4;11161600;0
66.5;13246464;0
83.1;11227136;0
84.0;13316096;0
85.2;11296768;0
67.2;13258752;0
83.1;11235328;0
71.7;13262848;0
71.0;11304960;0
84.0;13455360;0
66.5;11431936;0
86.0;13582336;0
100.3;11431936;173
99.7;13619200;0
49.9;11378688;0
99.7;13414400;0
71.7;13684736;0
99.7;13684736;0
67.2;13635584;0
99.7;13635584;0
71.7;13570048;0
99.4;13570048;0
33.6;11599872;0
232.7;45236224;0
182.8;75333632;0
301.0;98246656;0
216.1;106024960;240
182.8;109068288;500
66.5;109150208;0
100.3;109150208;0
71.0;109150208;0
100.8;109150208;0
66.5;109154304;0
100.3;109154304;0
127.8;111210496;0
117.6;109195264;0
133.0;111222784;0
114.7;109199360;0
100.3;109207552;0
99.7;109207552;0
149.6;111226880;0
99.7;109203456;0
157.7;111226880;0
99.4;109211648;0
168.0;109228032;0
99.7;109228032;0
114.7;109223936;0
99.4;109223936;0
168.0;111247360;0
99.7;109228032;0
99.7;109228032;0
100.3;109228032;0
113.6;109232128;0
99.7;109232128;0
99.7;109232128;0
84.0;108814336;0
99.7;109228032;0
86.0;109232128;0
99.7;109232128;0
83.1;109228032;0
99.7;109228032;0
83.1;107208704;0
268.8;139563008;0
213.1;165793792;0
229.4;188956672;0
200.7;148701184;0
170.5;110690304;0
133.0;114122752;0
199.5;114126848;0
168.0;114241536;0
127.8;112226304;0
157.7;114331648;0
114.7;112312320;0
149.6;114462720;0
99.7;112439296;0
66.5;112439296;0
100.8;112439296;0
85.2;112533504;0
86.0;110510080;0
83.1;112566272;0
99.7;112566272;0
133.0;112648192;0
99.7;112648192;0
151.2;112656384;0
99.4;112656384;0
157.7;112709632;0
71.7;112713728;0
99.4;112713728;0
86.0;112709632;0
99.7;112709632;0
50.4;112709632;0
99.7;112709632;0
133.0;114733056;0
129.0;112713728;0
142.0;114741248;0
114.7;112717824;0
149.6;114749440;0
134.4;112730112;0
149.6;114753536;0
133.0;112730112;0
168.0;121962496;0
227.3;157323264;0
272.4;186281984;0
284.1;208117760;0
200.7;113627136;0
200.7;113627136;0
182.8;113692672;0
134.4;111669248;0
99.7;109686784;0
0.0;109686784;0
83.1;111738880;0
99.7;111738880;0
168.0;111898624;0
99.7;113016832;0
182.8;111947776;0
114.7;114044928;0
184.7;112021504;0
100.3;112025600;0
99.7;112025600;0
134.4;114057216;0
133.0;112033792;0
149.6;114339840;0
168.0;112316416;0
166.2;114339840;0
166.2;112320512;0
182.8;114343936;0
186.4;112320512;0
172.0;114339840;0
184.7;112316416;0
186.4;114339840;0
157.7;112324608;0
156.2;112422912;0
28.7;111812608;0
83.1;110403584;0
14.3;112427008;0
100.8;112427008;0
116.4;112521216;0
99.7;112521216;0
117.6;118358016;0
199.5;156155904;0
166.2;188039168;0
199.5;163717120;0
149.6;114733056;0
117.6;110493696;0
49.9;112955392;0
99.7;112955392;0
151.2;112988160;0
99.7;112988160;0
99.7;113029120;0
99.7;113029120;0
166.2;113061888;0
100.8;113061888;0
99.7;111075328;0
0.0;113790976;0
100.8;113254400;0
116.4;115277824;0
133.0;113270784;0
66.5;113270784;0
99.7;113287168;0
50.4;113287168;0
99.7;113287168;0
166.2;113287168;0
100.8;111263744;0
71.0;113336320;0
100.3;113336320;0
127.8;113336320;0
71.7;111312896;0
86.0;113332224;0
99.4;113332224;0
157.7;113373184;0
71.7;113373184;0
99.4;113373184;0
129.0;115396608;0
85.2;111345664;0
43.0;113381376;0
100.3;113381376;0
127.8;119283712;0
243.7;153014272;0
243.7;185847808;0
298.3;208072704;0
186.4;114368512;0
127.8;110350336;0
57.3;112521216;0
99.7;112521216;0
116.4;112701440;0
67.2;110678016;0
86.0;112742400;0
56.8;110723072;0
86.0;112807936;0
99.4;113856512;0
100.3;112807936;0
67.2;113184768;0
99.7;113184768;0
66.5;113229824;0
100.8;113229824;0
100.3;113369088;0
71.7;113373184;0
99.4;113373184;0
71.7;113373184;0
100.3;113373184;0
85.2;113385472;0
99.7;113393664;0
166.2;113467392;0
99.7;113467392;0
100.8;113491968;0
83.1;111468544;0
99.7;113623040;0
67.2;113659904;0
99.7;113659904;0
66.5;113664000;0
99.7;113664000;0
66.5;113709056;0
100.3;113709056;0
33.2;117923840;0
241.5;149843968;0
258.0;183685120;0
143.3;203079680;0
71.0;116060160;0
28.7;114049024;0
83.1;116396032;0
16.6;114372608;0
86.0;116535296;0
71.7;114511872;0
99.7;116572160;0
83.1;116572160;0
100.3;116572160;0
49.9;116031488;0
99.4;116031488;0
71.7;116031488;0
99.4;116031488;0
57.3;116101120;0
100.3;116101120;0
85.2;114110464;0
0.0;114110464;0
100.8;116129792;0
66.5;114110464;0
66.5;114212864;0
28.4;116285440;0
100.3;116285440;0
83.1;116416512;0
16.6;114397184;0
71.7;116473856;0
71.7;114454528;0
85.2;116477952;0
49.9;114454528;0
99.7;116473856;0
84.0;116518912;0
49.9;114495488;0
16.6;116514816;0
99.7;116514816;0
66.5;122482688;0
235.2;155627520;0
229.4;188047360;0
269.9;204304384;0
57.3;119103488;0
86.0;117080064;0
56.8;119189504;0
14.3;117170176;0
83.1;119214080;0
49.9;117190656;0
99.7;119361536;0
50.4;119517184;0
99.7;119517184;0
56.8;119517184;0
100.3;119521280;0
151.2;121647104;0
33.2;117608448;0
66.5;119676928;0
99.7;119676928;0
156.2;119762944;0
86.0;117743616;0
100.8;119812096;0
66.5;119861248;0
99.7;119861248;0
67.2;119906304;0
100.8;119906304;0
99.7;119943168;0
99.7;117919744;0
66.5;119980032;0
99.4;119980032;0
157.7;120004608;0
86.0;119812096;0
99.7;120004608;0
49.9;120098816;0
100.8;120098816;0
