0.0;10534912;0
0.0;10534912;0
0.0;10534912;0
0.0;10534912;0
0.0;10534912;0
33.2;12705792;0
99.7;12734464;0
149.6;15069184;0
114.7;13053952;0
99.7;13131776;0
99.7;13148160;0
143.3;13213696;0
99.7;13213696;0
83.1;13217792;0
100.3;13217792;0
143.3;13352960;0
99.7;13352960;0
151.2;13443072;0
99.4;13443072;0
133.0;13484032;0
99.7;13484032;0
84.0;13623296;0
99.4;13623296;0
143.3;13791232;0
99.7;13791232;0
133.0;13619200;0
99.4;14884864;0
157.7;13815808;161
86.0;13746176;0
99.7;13762560;0
117.6;15945728;0
113.6;13729792;0
129.0;15720448;0
116.4;13852672;0
134.4;15847424;0
116.4;13844480;0
143.3;16007168;0
149.6;13774848;0
116.4;19689472;0
249.3;58093568;0
229.4;89485312;0
258.0;110202880;0
232.7;111493120;670
201.6;109436928;70
149.6;111480832;0
129.0;109461504;0
149.6;111517696;0
168.0;109498368;0
149.6;111517696;0
114.7;109498368;0
149.6;111521792;0
116.4;109502464;0
166.2;111525888;0
129.0;109502464;0
172.0;111525888;0
133.0;109502464;0
184.8;111521792;0
166.2;109498368;0
157.7;109502464;0
99.4;109502464;0
200.7;111525888;0
116.4;109502464;0
199.5;111521792;0
16.8;108134400;0
99.7;109498368;0
116.4;111521792;0
116.4;109502464;0
129.0;111521792;0
172.0;109498368;0
149.6;111517696;0
201.6;111517696;0
149.6;111521792;0
199.5;111521792;0
156.2;111525888;0
143.3;109502464;0
166.2;111521792;0
133.0;109498368;0
168.0;121974784;0
255.7;158597120;0
272.4;185868288;0
298.3;206901248;0
184.8;112689152;0
199.5;112705536;0
199.5;112787456;0
200.7;112791552;0
85.2;110755840;0
71.7;110772224;0
184.7;112877568;0
201.6;112877568;0
149.6;112975872;0
166.2;112017408;0
184.8;112996352;0
116.4;110972928;0
99.7;110972928;0
142.0;112992256;0
114.7;110985216;0
129.0;113041408;0
166.2;111022080;0
134.4;113045504;0
149.6;111022080;0
149.6;113061888;0
166.2;111009792;0
157.7;113029120;0
186.4;111009792;0
156.2;111013888;0
100.8;111013888;0
182.8;111009792;0
99.7;111009792;0
199.5;113033216;0
99.7;108990464;0
100.8;111013888;0
99.7;114782208;0
129.0;111022080;0
100.3;111022080;0
99.4;111022080;0
99.7;111022080;0
249.3;143155200;0
201.6;178700288;0
282.6;200421376;0
216.1;112951296;0
201.6;112951296;0
199.5;113061888;0
133.0;113082368;0
149.6;113111040;0
182.8;111091712;0
168.0;113172480;0
166.2;111153152;0
133.0;111198208;0
100.3;109178880;0
71.0;111247360;0
100.3;111247360;0
85.2;111292416;0
100.3;111292416;0
114.7;111288320;0
49.9;109268992;0
100.3;111292416;0
86.0;111292416;0
99.4;111292416;0
57.3;111407104;0
99.7;111407104;0
134.4;111525888;0
99.7;111525888;0
133.0;111542272;0
100.8;111542272;0
149.6;111550464;0
83.1;109527040;0
99.7;111644672;0
99.7;109621248;0
86.0;111640576;0
99.4;111640576;0
143.3;111648768;0
114.7;113561600;0
142.0;111644672;0
86.0;109625344;0
232.7;142761984;0
201.6;174551040;0
301.0;200908800;0
198.9;113012736;0
200.7;113012736;0
186.4;113045504;0
127.8;111026176;0
143.3;113205248;0
142.0;111181824;0
83.1;111181824;0
100.8;111181824;0
133.0;111181824;0
99.7;111181824;0
99.7;111292416;0
134.4;111398912;0
99.7;111398912;0
99.7;111427584;0
100.8;111427584;0
116.4;111595520;0
99.7;111595520;0
133.0;111599616;0
99.7;111599616;0
100.8;111599616;0
99.7;111595520;0
100.3;111595520;0
86.0;111595520;0
99.4;111595520;0
86.0;111632384;0
99.4;111632384;0
129.0;111689728;0
100.3;111689728;0
113.6;111816704;0
100.3;111816704;0
114.7;111906816;0
99.4;113012736;0
116.4;111964160;0
99.7;111964160;0
232.7;139378688;0
201.6;171180032;0
299.2;197283840;0
182.8;114249728;0
151.2;112226304;0
116.4;114585600;0
133.0;112566272;0
99.7;112570368;0
99.7;112582656;0
151.2;114688000;0
99.7;112664576;0
85.2;112705536;0
100.3;112705536;0
86.0;112762880;0
71.0;110723072;0
100.3;112746496;0
113.6;114839552;0
114.7;112816128;0
100.3;112861184;0
99.4;112861184;0
86.0;112865280;0
100.8;112865280;0
83.1;112865280;0
99.7;112865280;0
66.5;112861184;0
99.7;112861184;0
100.8;112955392;0
99.7;110936064;0
99.7;113025024;0
84.0;111005696;0
99.7;113094656;0
49.9;113160192;0
99.7;113160192;0
127.8;115240960;0
114.7;113217536;0
100.3;113311744;0
99.4;113311744;0
99.7;122187776;0
235.2;151318528;0
266.0;177041408;0
199.5;202301440;0
229.4;115142656;0
42.6;111095808;0
100.3;114507776;0
57.3;112484352;0
99.4;114593792;0
99.7;114597888;0
100.8;114597888;0
66.5;114597888;0
99.7;114597888;0
83.1;114618368;0
99.7;114618368;0
151.2;114659328;0
100.3;114659328;0
127.8;114655232;0
71.7;112635904;0
86.0;114655232;0
99.4;114655232;0
116.4;114692096;0
49.9;114745344;0
99.7;114745344;0
67.2;114741248;0
99.7;114741248;0
116.4;114786304;0
100.8;114786304;0
116.4;115077120;0
99.4;115077120;0
114.7;115077120;0
83.1;113053696;0
99.7;115073024;0
117.6;115175424;0
99.7;115175424;0
113.6;115171328;0
100.3;115171328;0
117.6;121016320;0
232.7;155684864;0
249.3;185675776;0
200.7;205361152;0
198.9;119599104;0
99.7;117579776;0
117.6;118652928;0
99.7;118657024;0
127.8;118800384;0
100.3;119226368;0
100.8;119226368;0
99.7;119365632;0
99.7;119377920;0
129.0;119414784;0
99.4;119414784;0
86.0;119476224;0
100.8;117456896;0
99.7;119730176;0
99.7;121589760;0
117.6;119762944;0
99.7;119906304;0
99.4;119906304;0
143.3;119943168;0
99.4;119943168;0
133.0;120045568;0
100.8;120045568;0
99.7;120193024;0
99.4;120193024;0
129.0;120197120;0
84.0;120205312;0
99.7;120205312;0
99.7;120209408;0
100.3;120209408;0
113.6;120205312;0
99.7;120205312;0
