0.0;10506240;0
0.0;10506240;0
0.0;10506240;0
0.0;10506240;0
0.0;10506240;0
66.5;12623872;0
100.3;12673024;0
71.0;12754944;0
100.8;10764288;0
71.0;12898304;0
86.0;10874880;0
66.5;12947456;0
84.0;10924032;0
71.0;13045760;0
71.7;11005952;0
83.1;13119488;0
83.1;11104256;0
85.2;13201408;0
71.7;11104256;0
99.7;13238272;0
66.5;11755520;0
100.3;13295616;0
71.0;13336576;0
99.7;13336576;0
49.9;13475840;0
100.8;13475840;0
42.6;13373440;0
100.3;13471744;0
83.1;13615104;173
99.7;13615104;0
49.9;13594624;0
100.3;13594624;0
57.3;13438976;0
99.7;13570048;0
67.2;13496320;0
99.7;13496320;0
71.7;13619200;0
99.7;13619200;0
243.7;65703936;0
249.3;92561408;0
199.5;108589056;223
218.4;109785088;517
99.4;109785088;0
172.0;111865856;0
116.4;109846528;0
184.8;111886336;0
142.0;109862912;0
184.8;111886336;0
166.2;109867008;0
199.5;111886336;0
184.7;109879296;0
200.7;111915008;0
166.2;109895680;0
199.5;111915008;0
201.6;109891584;0
156.2;109895680;0
100.3;109895680;0
166.2;109891584;0
100.8;110977024;0
133.0;109891584;0
116.4;111910912;0
157.7;109891584;0
113.6;111915008;0
116.4;109895680;0
116.4;111915008;0
100.8;109891584;0
85.2;109891584;0
57.3;107872256;0
57.3;109891584;0
99.7;109891584;0
83.1;109895680;0
99.7;109895680;0
168.0;111919104;0
113.6;109895680;0
168.0;111919104;0
99.7;109895680;0
149.6;123256832;0
216.1;152694784;0
200.7;180531200;0
129.0;201453568;0
83.1;110575616;0
84.0;108556288;0
83.1;110768128;0
99.7;110784512;0
156.2;110952448;0
14.3;108933120;0
100.3;111030272;0
99.4;113405952;0
143.3;109035520;0
14.3;111063040;0
99.4;111063040;0
143.3;113164288;0
127.8;111144960;0
100.8;111140864;0
99.7;111140864;0
86.0;111140864;0
100.3;111140864;0
156.2;113205248;0
99.7;111185920;0
149.6;113205248;0
134.4;111185920;0
99.7;111710208;0
100.3;111710208;0
157.7;111710208;0
14.2;109686784;0
86.0;111759360;0
99.7;111759360;0
151.2;111783936;0
83.1;110923776;0
66.5;109809664;0
16.8;111833088;0
99.7;111833088;0
133.0;113856512;0
116.4;111833088;0
100.3;112914432;0
215.0;150269952;0
269.9;181719040;0
286.7;205459456;0
66.5;111046656;0
99.7;111046656;0
133.0;111144960;0
49.9;109121536;0
43.0;111144960;0
99.4;111144960;0
71.7;111812608;0
99.7;111812608;0
149.6;111865856;0
83.1;109846528;0
83.1;112001024;0
84.0;109977600;0
116.4;112136192;0
66.5;110112768;0
86.0;112156672;0
99.4;112156672;0
129.0;112275456;0
85.2;112443392;0
100.8;112455680;0
49.9;112492544;0
99.7;112500736;0
50.4;112496640;0
99.7;112496640;0
66.5;112500736;0
99.7;112500736;0
66.5;112496640;0
100.8;112496640;0
66.5;112500736;0
83.1;110477312;0
71.7;112500736;0
71.0;110477312;0
86.0;112496640;0
99.4;112504832;0
114.7;112570368;0
43.0;110551040;0
184.7;135536640;0
100.3;171470848;0
186.4;204193792;0
142.0;113016832;0
199.5;114003968;0
113.6;112640000;0
100.3;112640000;0
129.0;114749440;0
127.8;112726016;0
84.0;112742400;0
99.7;112742400;0
66.5;112832512;0
99.7;112832512;0
149.6;112857088;0
16.8;110837760;0
71.7;113004544;0
99.4;113004544;0
157.7;113008640;0
71.7;110985216;0
99.4;113012736;0
57.3;113045504;0
99.4;113045504;0
117.6;115122176;0
133.0;113098752;0
142.0;115142656;0
50.4;111099904;0
57.3;113123328;0
28.4;111099904;0
66.5;113123328;0
83.1;111099904;0
83.1;113119232;0
100.8;113119232;0
116.4;113123328;0
66.5;112238592;0
100.8;113172480;0
49.9;113172480;0
99.7;113172480;0
99.7;113172480;0
266.0;142012416;0
215.0;169652224;0
200.7;200011776;0
184.7;115757056;0
129.0;113078272;0
143.3;115798016;0
156.2;113778688;0
100.3;113774592;0
14.2;111755264;0
83.1;113827840;0
100.8;113827840;0
182.8;113934336;0
0.0;111910912;0
100.3;113983488;0
71.7;114044928;0
99.4;114044928;0
49.9;114049024;0
99.4;114049024;0
143.3;116109312;0
129.0;114081792;0
156.2;116158464;0
100.3;114139136;0
71.7;114171904;0
85.2;112148480;0
86.0;114200576;0
71.0;112152576;0
99.7;114204672;0
100.8;116252672;0
99.7;114233344;0
116.4;116256768;0
84.0;112218112;0
33.2;114237440;0
33.2;112218112;0
57.3;114241536;0
99.4;114241536;0
71.7;114294784;0
86.0;112271360;0
127.8;125833216;0
229.4;159989760;0
285.6;187535360;0
249.3;204492800;0
216.1;114098176;0
100.3;114126848;0
156.2;115449856;0
114.7;117547008;0
186.4;115523584;0
133.0;117653504;0
116.4;113672192;0
50.4;115732480;0
99.7;115732480;0
149.6;115957760;0
100.3;115957760;0
184.7;118046720;0
100.3;116023296;0
151.2;116031488;0
99.7;118050816;0
83.1;114008064;0
33.6;116047872;0
100.3;116047872;0
71.0;116047872;0
100.3;116064256;0
116.4;116146176;0
99.7;116146176;0
134.4;116252672;0
99.7;116252672;0
199.5;116248576;0
0.0;114229248;0
100.8;116252672;0
116.4;116355072;0
99.7;116355072;0
57.3;116355072;0
99.4;116355072;0
66.5;116355072;0
100.8;116355072;0
199.5;127660032;0
199.5;155766784;0
200.7;186511360;0
100.3;121131008;0
66.5;114040832;0
0.0;115343360;0
100.3;116285440;0
127.8;116408320;0
33.2;114384896;0
57.3;116580352;0
14.3;114556928;0
83.1;114708480;0
0.0;114696192;0
99.7;116891648;0
50.4;117170176;0
50.4;114925568;0
43.0;116944896;0
99.4;116944896;0
133.0;116961280;0
0.0;114937856;0
83.1;116957184;0
99.7;116957184;0
134.4;114937856;0
0.0;116936704;0
99.7;116961280;0
66.5;116998144;0
100.8;116998144;0
71.7;116998144;0
99.4;114978816;0
71.7;117018624;0
0.0;114999296;0
99.4;117018624;0
57.3;118390784;0
100.8;117022720;0
49.9;117022720;0
