8.3;60.2;26.1;1.4;13.0;1175.0
7.3;100.0;101.6;9.7;16.0;1173.0
7.3;138.0;143.5;7.8;11.0;1160.0
4.7;168.1;132.9;7.1;11.0;1160.0
8.4;201.1;75.9;5.8;11.0;1160.0
5.9;221.7;122.6;4.3;12.0;1160.0
8.3;347.3;23.3;29.4;11.0;1160.0
8.4;337.7;0.0;0.0;11.0;1158.0
8.4;354.1;0.0;0.0;11.0;1149.0
8.4;371.0;0.0;0.0;11.0;1149.0
8.3;387.0;0.0;0.0;11.0;1148.0
8.3;403.2;0.0;0.0;11.0;1148.0
8.3;413.9;0.0;0.0;11.0;1148.0
8.4;430.6;0.0;0.0;10.0;1148.0
8.3;446.2;0.0;0.0;10.0;1148.0
8.3;462.7;0.0;0.0;10.0;1148.0
8.4;478.7;0.0;0.0;11.0;1148.0
8.3;469.4;20.4;0.1;13.0;1148.0
8.4;469.4;55.5;0.3;11.0;1148.0
8.3;469.5;56.1;0.3;15.0;1148.0
8.3;469.5;55.8;0.3;11.0;1148.0
8.4;469.5;55.8;0.3;11.0;1148.0
8.3;469.6;57.9;0.3;11.0;1148.0
8.4;469.6;57.3;0.3;10.0;1148.0
8.3;469.6;57.0;0.3;11.0;1148.0
8.4;469.6;56.4;0.3;11.0;1148.0
8.4;469.6;56.1;0.3;17.0;1148.0
8.4;469.6;55.5;0.3;12.0;1148.0
8.3;469.6;56.1;0.3;12.0;1148.0
8.3;469.6;55.5;0.3;12.0;1148.0
8.4;469.6;56.4;0.3;15.0;1148.0
8.3;469.6;56.7;0.3;13.0;1154.0
8.4;469.6;57.3;0.3;11.0;1154.0
8.3;469.6;56.4;0.3;13.0;1154.0
8.3;469.6;56.1;0.3;11.0;1154.0
8.4;469.6;57.6;0.3;10.0;1154.0
8.3;469.6;57.0;0.3;13.0;1154.0
8.3;469.6;55.5;0.3;15.0;1160.0
8.4;469.6;54.9;0.3;10.0;1160.0
8.3;469.6;57.3;0.3;10.0;1160.0
8.4;469.6;56.1;0.3;10.0;1160.0
8.3;469.6;58.5;0.3;11.0;1160.0
8.3;469.6;56.7;0.3;11.0;1160.0
8.4;469.6;57.6;0.3;10.0;1160.0
8.4;469.6;58.8;0.3;11.0;1160.0
8.4;469.6;56.1;0.3;11.0;1160.0
8.3;469.6;55.5;0.3;10.0;1160.0
8.4;469.6;58.2;0.3;11.0;1160.0
8.3;469.6;57.9;0.3;11.0;1160.0
8.4;469.6;57.9;0.3;10.0;1160.0
8.3;469.6;56.1;0.3;10.0;1160.0
8.4;469.6;56.7;0.3;10.0;1160.0
8.4;469.6;57.0;0.3;10.0;1160.0
8.3;469.6;57.6;0.3;11.0;1160.0
8.4;469.6;57.3;0.3;10.0;1160.0
8.3;469.6;57.6;0.3;11.0;1160.0
8.3;469.6;56.7;0.3;11.0;1160.0
8.4;469.6;55.5;0.3;11.0;1160.0
8.3;469.6;56.1;0.3;11.0;1160.0
8.4;469.6;57.0;0.3;11.0;1160.0
8.3;469.6;56.4;0.3;10.0;1160.0
8.4;469.6;57.3;0.3;10.0;1160.0
8.4;469.6;56.1;0.3;10.0;1160.0
8.4;469.6;55.8;0.3;11.0;1160.0
8.3;469.6;56.4;0.3;10.0;1160.0
8.3;469.6;56.1;0.3;11.0;1160.0
8.4;469.6;56.1;0.3;10.0;1160.0
8.3;469.6;58.2;0.3;11.0;1160.0
8.3;469.6;56.4;0.3;11.0;1160.0
8.3;469.6;55.2;0.3;12.0;1160.0
8.3;469.6;57.9;0.3;10.0;1160.0
8.4;469.6;59.4;0.3;11.0;1160.0
8.3;469.6;56.1;0.3;11.0;1160.0
8.3;469.6;54.0;0.3;11.0;1160.0
8.4;469.6;57.9;0.3;10.0;1160.0
8.3;469.6;57.3;0.3;10.0;1160.0
8.4;469.6;57.3;0.3;11.0;1160.0
8.3;469.6;58.5;0.3;11.0;1160.0
8.3;469.6;55.5;0.3;11.0;1154.0
8.4;469.6;56.4;0.3;11.0;1154.0
8.4;469.6;54.9;0.3;11.0;1154.0
8.4;469.6;54.9;0.3;17.0;1154.0
8.3;469.6;54.0;0.3;15.0;1154.0
8.4;469.6;56.4;0.3;11.0;1154.0
8.3;469.6;54.6;0.3;10.0;1154.0
8.4;469.6;57.0;0.3;10.0;1154.0
8.3;469.6;54.6;0.3;10.0;1154.0
8.3;469.6;57.0;0.3;11.0;1154.0
8.4;469.6;57.0;0.3;10.0;1154.0
8.3;469.6;56.4;0.3;11.0;1154.0
8.4;469.6;56.7;0.3;10.0;1154.0
8.3;469.6;57.3;0.3;11.0;1154.0
8.3;469.6;55.8;0.3;11.0;1154.0
8.4;469.6;56.4;0.3;11.0;1154.0
8.3;469.6;59.1;0.3;11.0;1194.0
8.4;469.6;53.1;0.3;17.0;1188.0
8.4;469.6;56.4;0.3;12.0;1188.0
8.4;469.6;55.2;0.3;11.0;1179.0
8.4;469.6;55.5;0.3;19.0;1199.0
8.4;469.6;53.7;0.3;15.0;1192.0
8.3;469.6;56.7;0.3;22.0;1196.0
8.3;469.6;56.1;0.3;18.0;1196.0
8.4;469.6;54.6;0.3;30.0;1200.0
8.3;469.6;55.5;0.3;21.0;1200.0
8.3;469.6;54.3;0.3;29.0;1197.0
8.4;469.6;55.2;0.3;15.0;1196.0
8.3;469.6;56.7;0.3;13.0;1187.0
8.4;469.6;54.0;0.3;45.0;1196.0
8.3;469.6;54.0;0.3;19.0;1196.0
8.3;469.6;56.1;0.3;13.0;1196.0
8.4;469.6;54.0;0.3;42.0;1198.0
8.3;469.6;54.6;0.3;13.0;1198.0
8.4;469.6;55.8;0.3;13.0;1198.0
8.3;469.6;52.8;0.3;54.0;1198.0
8.4;469.6;54.6;0.3;14.0;1189.0
8.4;469.6;55.2;0.3;12.0;1189.0
8.4;469.6;58.5;0.3;19.0;1209.0
8.3;469.6;55.8;0.3;1.0;1192.0
8.3;469.6;54.3;0.3;0.0;1192.0
8.4;469.6;55.5;0.3;0.0;1192.0
8.3;469.6;58.2;0.3;0.0;1183.0
8.4;469.6;53.4;0.3;19.0;1192.0
8.3;469.6;54.3;0.3;22.0;1193.0
8.3;469.6;56.4;0.3;11.0;1193.0
8.4;469.6;56.1;0.3;12.0;1185.0
8.3;469.6;56.7;0.3;12.0;1185.0
8.3;469.6;57.3;0.3;12.0;1185.0
8.3;469.6;55.5;0.3;20.0;1193.0
8.3;469.6;56.1;0.3;11.0;1193.0
8.4;469.6;55.5;0.3;27.0;1193.0
8.3;469.6;57.6;0.3;10.0;1193.0
8.4;469.6;57.6;0.3;11.0;1193.0
8.4;469.6;54.6;0.3;11.0;1193.0
8.4;469.6;56.1;0.3;11.0;1191.0
8.4;469.6;55.5;0.3;11.0;1191.0
8.4;469.6;55.8;0.3;11.0;1191.0
8.4;469.6;55.5;0.3;11.0;1175.0
8.3;469.6;57.6;0.3;11.0;1175.0
8.4;469.6;57.9;0.3;10.0;1175.0
8.3;469.6;55.5;0.3;11.0;1175.0
8.3;469.6;57.0;0.3;11.0;1171.0
8.4;469.6;55.8;0.3;11.0;1163.0
8.3;469.6;56.7;0.3;10.0;1163.0
8.4;469.6;54.9;0.3;10.0;1163.0
8.3;469.6;57.9;0.3;10.0;1163.0
8.3;469.6;55.2;0.3;11.0;1163.0
8.4;469.6;57.9;0.3;11.0;1163.0
8.3;469.6;57.3;0.3;11.0;1163.0
8.3;469.6;56.4;0.3;10.0;1163.0
8.3;469.6;59.1;0.3;11.0;1163.0
8.4;469.6;55.8;0.3;11.0;1163.0
8.4;469.6;55.5;0.3;11.0;1163.0
8.4;469.6;57.0;0.3;11.0;1163.0
8.3;469.6;59.1;0.3;11.0;1163.0
8.3;469.6;61.2;0.3;11.0;1163.0
8.4;469.6;58.5;0.3;11.0;1163.0
8.3;469.6;56.1;0.3;10.0;1163.0
8.3;469.6;55.2;0.3;11.0;1163.0
8.3;469.6;57.3;0.3;11.0;1163.0
8.3;469.6;57.6;0.3;10.0;1163.0
8.4;469.6;57.3;0.3;10.0;1163.0
8.3;469.6;56.1;0.3;10.0;1163.0
8.3;469.6;57.6;0.3;10.0;1163.0
8.4;469.6;57.0;0.3;10.0;1163.0
8.3;469.6;57.0;0.3;10.0;1163.0
8.4;469.6;56.4;0.3;11.0;1163.0
8.3;469.6;57.0;0.3;11.0;1163.0
8.3;469.6;57.3;0.3;11.0;1163.0
8.4;469.6;55.2;0.3;11.0;1163.0
8.4;469.6;55.8;0.3;11.0;1163.0
8.4;469.6;57.3;0.3;11.0;1163.0
8.4;469.6;56.4;0.3;11.0;1163.0
8.4;469.6;56.4;0.3;11.0;1163.0
8.3;469.6;57.8;0.3;11.0;1163.0
8.4;469.6;58.3;0.3;12.0;1163.0
8.3;469.6;58.2;0.3;10.0;1163.0
8.3;469.6;59.7;0.3;10.0;1163.0
8.4;469.6;55.5;0.3;10.0;1163.0
8.3;469.6;55.2;0.3;11.0;1163.0
8.4;469.6;56.1;0.3;10.0;1163.0
8.3;469.6;57.6;0.3;11.0;1163.0
8.3;469.6;57.0;0.3;11.0;1163.0
8.4;469.6;58.2;0.3;11.0;1163.0
8.3;469.6;55.5;0.3;11.0;1163.0
8.3;469.6;54.6;0.3;10.0;1163.0
8.3;469.6;57.3;0.3;10.0;1163.0
8.4;469.6;57.0;0.3;11.0;1163.0
8.4;470.8;53.7;0.3;10.0;1163.0
8.4;470.8;55.5;0.3;10.0;1163.0
8.3;470.8;56.4;0.3;10.0;1163.0
8.3;470.8;57.0;0.3;11.0;1163.0
8.4;470.8;56.7;0.3;10.0;1163.0
8.3;470.8;57.0;0.3;11.0;1163.0
8.3;470.8;57.0;0.3;10.0;1163.0
8.4;470.8;56.1;0.3;11.0;1163.0
8.3;470.8;57.3;0.3;11.0;1163.0
8.4;470.8;57.0;0.3;11.0;1163.0
8.3;470.8;55.2;0.3;11.0;1163.0
8.3;470.8;54.9;0.3;11.0;1163.0
8.4;470.8;55.5;0.3;10.0;1163.0
8.3;470.8;59.1;0.3;10.0;1163.0
8.4;470.8;57.3;0.3;10.0;1163.0
8.3;470.8;57.3;0.3;10.0;1163.0
8.4;470.8;56.7;0.3;10.0;1163.0
8.4;470.8;56.4;0.3;10.0;1163.0
8.4;470.8;58.2;0.3;11.0;1163.0
8.4;470.8;57.6;0.3;11.0;1163.0
8.3;470.8;55.5;0.3;11.0;1163.0
8.4;470.8;56.4;0.3;11.0;1163.0
8.3;470.8;56.4;0.3;11.0;1163.0
8.4;470.8;55.5;0.3;10.0;1163.0
8.3;470.8;56.4;0.3;11.0;1163.0
8.3;470.8;56.7;0.3;11.0;1163.0
8.4;470.8;55.2;0.3;10.0;1163.0
8.3;470.8;55.8;0.3;10.0;1163.0
8.4;470.8;57.6;0.3;10.0;1163.0
8.3;470.8;57.9;0.3;10.0;1163.0
8.3;470.8;56.7;0.3;11.0;1163.0
8.4;470.8;56.7;0.3;11.0;1163.0
8.3;470.8;57.6;0.3;10.0;1163.0
8.3;470.8;56.1;0.3;11.0;1163.0
8.4;470.8;56.4;0.3;10.0;1163.0
8.4;470.8;58.2;0.3;10.0;1163.0
8.4;470.8;53.7;0.3;10.0;1163.0
8.3;470.8;56.1;0.3;11.0;1163.0
8.3;470.8;55.8;0.3;11.0;1163.0
8.3;470.8;58.2;0.3;11.0;1163.0
8.4;470.8;53.4;0.3;38.0;1195.0
8.3;470.8;56.4;0.3;13.0;1187.0
8.3;470.8;57.0;0.3;12.0;1178.0
8.4;470.8;57.6;0.3;13.0;1178.0
8.3;470.8;55.5;0.3;11.0;1178.0
8.4;470.8;57.3;0.3;12.0;1187.0
8.3;470.8;57.9;0.3;14.0;1187.0
8.3;470.8;57.6;0.3;12.0;1178.0
8.4;470.8;56.1;0.3;12.0;1178.0
8.3;470.8;53.4;0.3;12.0;1178.0
8.4;470.8;57.9;0.3;11.0;1178.0
8.3;470.8;57.6;0.3;10.0;1189.0
8.4;470.8;54.9;0.3;29.0;1196.0
8.4;470.8;55.2;0.3;10.0;1196.0
8.4;470.8;55.2;0.3;11.0;1196.0
8.3;470.8;56.4;0.3;10.0;1196.0
8.3;470.8;56.4;0.3;10.0;1196.0
8.4;470.8;57.0;0.3;10.0;1196.0
8.3;470.8;57.6;0.3;11.0;1190.0
8.4;470.8;57.0;0.3;11.0;1182.0
8.3;470.8;56.4;0.3;36.0;1193.0
8.3;470.8;54.3;0.3;11.0;1185.0
8.4;470.8;55.8;0.3;21.0;1185.0
8.3;470.8;53.7;0.3;10.0;1182.0
8.4;470.8;55.5;0.3;13.0;1174.0
8.4;470.8;56.4;0.3;12.0;1174.0
8.3;470.8;56.7;0.3;12.0;1174.0
8.4;470.8;56.7;0.3;12.0;1185.0
8.3;470.8;59.1;0.3;13.0;1189.0
8.3;470.8;54.6;0.3;22.0;1197.0
8.4;470.8;53.4;0.3;28.0;1197.0
8.4;470.8;55.8;0.3;12.0;1179.0
8.4;470.8;57.0;0.3;12.0;1179.0
8.3;470.8;56.4;0.3;11.0;1179.0
8.4;470.8;56.4;0.3;11.0;1179.0
8.3;470.8;60.0;0.3;12.0;1179.0
8.4;470.8;56.4;0.3;31.0;1189.0
8.3;470.8;57.0;0.3;13.0;1189.0
8.3;470.8;55.5;0.3;25.0;1185.0
8.4;470.8;50.4;0.2;4.0;1214.0
8.3;470.8;57.9;0.3;0.0;1215.0
8.4;470.8;59.4;0.3;3.0;1228.0
8.3;470.8;57.0;0.3;0.0;1220.0
8.3;470.8;54.6;0.3;0.0;1220.0
8.4;470.8;57.3;0.3;2.0;1212.0
8.3;470.8;56.1;0.3;1.0;1212.0
8.3;470.8;56.4;0.3;4.0;1220.0
8.3;470.8;56.4;0.3;0.0;1219.0
8.4;470.8;55.8;0.3;2.0;1212.0
8.4;470.8;55.5;0.3;0.0;1212.0
8.4;470.8;58.2;0.3;0.0;1212.0
8.3;470.8;56.1;0.3;0.0;1212.0
8.3;470.8;56.1;0.3;4.0;1217.0
8.4;470.8;56.4;0.3;0.0;1211.0
8.3;470.8;56.1;0.3;0.0;1211.0
8.4;470.8;56.4;0.3;0.0;1211.0
8.3;470.8;58.2;0.3;0.0;1211.0
8.3;470.8;59.1;0.3;0.0;1200.0
8.4;470.8;56.7;0.3;0.0;1200.0
8.3;470.8;57.6;0.3;0.0;1200.0
8.3;470.8;55.2;0.3;0.0;1193.0
8.4;470.8;57.0;0.3;0.0;1193.0
8.3;470.8;57.6;0.3;0.0;1193.0
8.4;470.8;59.4;0.3;0.0;1193.0
8.3;470.8;57.9;0.3;0.0;1193.0
8.3;470.8;58.8;0.3;0.0;1193.0
8.4;470.8;58.5;0.3;0.0;1193.0
8.4;470.8;57.6;0.3;0.0;1193.0
8.4;470.8;58.5;0.3;0.0;1193.0
8.3;470.8;56.7;0.3;0.0;1193.0
8.4;470.8;58.5;0.3;4.0;1205.0
8.3;470.8;56.1;0.3;15.0;1201.0
8.4;470.8;50.4;0.2;38.0;1178.0
