6.0;58.6;26.8;1.6;1.0;1393.0
7.1;103.1;118.7;10.8;0.0;1393.0
8.4;140.7;143.3;7.6;0.0;1393.0
8.3;176.9;131.6;6.9;3.0;1393.0
8.3;203.9;79.0;6.4;0.0;1393.0
8.4;271.1;132.3;32.9;2.0;1393.0
8.3;325.3;0.0;0.0;0.0;1393.0
8.4;342.4;0.0;0.0;0.0;1393.0
8.3;359.5;0.0;0.0;0.0;1393.0
8.4;375.9;0.0;0.0;0.0;1393.0
8.4;392.8;0.0;0.0;0.0;1393.0
8.4;404.6;0.0;0.0;0.0;1393.0
8.3;419.7;0.0;0.0;0.0;1393.0
8.3;435.3;0.0;0.0;0.0;1393.0
8.4;451.3;0.0;0.0;0.0;1393.0
8.3;467.4;0.0;0.0;1.0;1393.0
8.4;481.8;0.0;0.0;0.0;1393.0
8.3;469.6;32.4;0.2;3.0;1393.0
8.3;469.6;53.1;0.3;7.0;1393.0
8.4;469.6;54.6;0.3;30.0;1393.0
8.3;469.6;55.2;0.3;0.0;1393.0
8.3;469.6;53.4;0.3;1.0;1393.0
8.4;469.6;55.8;0.3;0.0;1393.0
8.3;469.6;54.6;0.3;0.0;1393.0
8.4;469.6;54.9;0.3;0.0;1393.0
8.3;469.6;54.6;0.3;0.0;1393.0
8.3;469.6;55.5;0.3;0.0;1393.0
8.4;469.6;55.5;0.3;0.0;1393.0
8.4;469.6;55.5;0.3;0.0;1393.0
8.4;469.6;55.2;0.3;0.0;1393.0
8.3;469.6;55.8;0.3;0.0;1393.0
8.4;469.7;56.1;0.3;0.0;1393.0
8.3;469.7;57.3;0.3;0.0;1393.0
8.4;469.7;56.7;0.3;0.0;1393.0
8.3;469.7;55.8;0.3;0.0;1393.0
8.3;469.7;55.8;0.3;0.0;1393.0
8.4;469.7;56.1;0.3;0.0;1393.0
8.3;469.7;55.8;0.3;0.0;1393.0
8.4;469.7;54.9;0.3;0.0;1393.0
8.3;469.7;56.7;0.3;0.0;1393.0
8.3;469.7;54.9;0.3;23.0;1393.0
8.4;469.7;55.2;0.3;21.0;1393.0
8.3;469.7;54.9;0.3;0.0;1393.0
8.4;469.7;57.9;0.3;37.0;1395.0
8.3;469.7;55.5;0.3;0.0;1395.0
8.4;469.7;55.5;0.3;0.0;1395.0
8.4;469.7;54.6;0.3;0.0;1399.0
8.4;469.7;54.9;0.3;38.0;1399.0
8.3;469.7;55.8;0.3;3.0;1399.0
8.3;469.7;57.0;0.3;0.0;1399.0
8.4;469.7;57.0;0.3;0.0;1399.0
8.3;469.7;55.5;0.3;0.0;1399.0
8.3;469.7;57.3;0.3;0.0;1399.0
8.4;469.7;56.4;0.3;29.0;1399.0
8.3;469.7;54.9;0.3;36.0;1399.0
8.4;469.7;57.0;0.3;3.0;1399.0
8.3;469.7;56.7;0.3;3.0;1399.0
8.3;469.7;54.9;0.3;3.0;1399.0
8.4;469.7;53.7;0.3;2.0;1399.0
8.3;469.7;56.1;0.3;2.0;1399.0
8.4;469.7;56.1;0.3;2.0;1399.0
8.3;469.7;56.4;0.3;2.0;1399.0
8.4;469.7;56.7;0.3;3.0;1399.0
8.4;469.7;54.6;0.3;2.0;1399.0
8.4;469.7;54.9;0.3;2.0;1399.0
8.3;469.7;56.4;0.3;3.0;1399.0
8.3;469.7;54.0;0.3;3.0;1399.0
8.4;469.7;54.0;0.3;2.0;1399.0
8.3;469.7;57.3;0.3;1.0;1399.0
8.4;469.8;55.2;0.3;2.0;1399.0
8.3;469.8;54.6;0.3;2.0;1399.0
8.3;469.8;55.8;0.3;1.0;1399.0
8.4;469.8;57.0;0.3;2.0;1399.0
8.3;469.8;54.3;0.3;2.0;1399.0
8.3;469.8;54.6;0.3;3.0;1399.0
8.3;469.8;56.7;0.3;3.0;1399.0
8.3;469.8;56.1;0.3;2.0;1399.0
8.4;469.8;56.4;0.3;2.0;1399.0
8.3;469.8;56.7;0.3;3.0;1399.0
8.4;469.8;55.8;0.3;2.0;1399.0
8.4;469.8;54.3;0.3;1.0;1399.0
8.4;469.8;54.3;0.3;1.0;1399.0
8.4;469.8;54.6;0.3;1.0;1399.0
8.4;469.8;54.9;0.3;3.0;1399.0
8.3;469.8;55.2;0.3;3.0;1399.0
8.3;469.8;54.3;0.3;2.0;1399.0
8.4;469.8;57.0;0.3;3.0;1399.0
8.3;469.8;53.7;0.3;3.0;1399.0
8.3;469.8;56.7;0.3;6.0;1399.0
8.4;469.8;54.9;0.3;38.0;1399.0
8.3;469.8;54.6;0.3;20.0;1399.0
8.4;469.8;55.8;0.3;5.0;1399.0
8.3;469.8;55.5;0.3;33.0;1399.0
8.3;469.8;54.6;0.3;27.0;1399.0
8.4;469.8;56.4;0.3;33.0;1399.0
8.3;469.8;56.4;0.3;3.0;1399.0
8.4;469.8;54.9;0.3;3.0;1399.0
8.3;469.8;57.0;0.3;1.0;1399.0
8.4;469.8;55.2;0.3;1.0;1399.0
8.4;469.8;55.8;0.3;2.0;1399.0
8.4;469.8;54.6;0.3;2.0;1399.0
8.3;469.8;55.8;0.3;2.0;1399.0
8.3;469.8;56.4;0.3;1.0;1399.0
8.4;469.8;55.2;0.3;3.0;1399.0
8.3;469.8;54.3;0.3;4.0;1399.0
8.4;469.8;55.5;0.3;33.0;1399.0
8.3;469.8;55.2;0.3;1.0;1399.0
8.3;469.8;56.4;0.3;3.0;1399.0
8.4;469.8;56.7;0.3;2.0;1399.0
8.3;469.8;57.3;0.3;3.0;1399.0
8.3;469.8;54.9;0.3;26.0;1399.0
8.4;469.8;54.9;0.3;0.0;1399.0
8.3;469.8;55.8;0.3;26.0;1399.0
8.4;469.8;54.9;0.3;35.0;1399.0
8.3;469.8;54.6;0.3;0.0;1399.0
8.3;469.8;55.2;0.3;38.0;1399.0
8.4;469.8;56.7;0.3;0.0;1399.0
8.4;469.8;58.8;0.3;0.0;1399.0
8.4;469.8;57.3;0.3;0.0;1399.0
8.3;469.8;54.9;0.3;0.0;1399.0
8.4;469.8;54.3;0.3;0.0;1399.0
8.3;469.8;57.3;0.3;0.0;1399.0
8.4;469.8;55.5;0.3;0.0;1399.0
8.3;469.8;55.5;0.3;0.0;1399.0
8.3;469.8;57.0;0.3;0.0;1399.0
8.4;469.8;55.5;0.3;0.0;1399.0
8.3;469.8;55.2;0.3;0.0;1399.0
8.4;469.8;57.6;0.3;0.0;1399.0
8.3;469.8;54.6;0.3;0.0;1399.0
8.3;469.8;56.1;0.3;0.0;1399.0
8.4;469.8;56.4;0.3;1.0;1399.0
8.3;469.8;56.7;0.3;38.0;1399.0
8.3;469.8;56.7;0.3;0.0;1399.0
8.4;469.8;55.2;0.3;0.0;1399.0
8.4;469.8;53.4;0.3;0.0;1399.0
8.4;469.8;55.2;0.3;0.0;1399.0
8.3;469.8;56.1;0.3;0.0;1399.0
8.3;469.8;54.9;0.3;0.0;1399.0
8.3;469.7;55.8;0.3;14.0;1399.0
8.4;469.7;57.0;0.3;0.0;1399.0
8.3;469.7;55.8;0.3;0.0;1399.0
8.3;469.7;56.4;0.3;0.0;1399.0
8.4;469.7;54.6;0.3;0.0;1399.0
8.3;469.7;56.1;0.3;0.0;1399.0
8.4;469.7;55.8;0.3;2.0;1399.0
8.3;469.7;54.6;0.3;0.0;1399.0
8.3;469.7;54.6;0.3;0.0;1399.0
8.4;469.7;58.5;0.3;0.0;1399.0
8.3;469.7;56.4;0.3;10.0;1399.0
8.4;469.7;55.2;0.3;1.0;1399.0
8.3;469.7;55.2;0.3;27.0;1399.0
8.4;469.7;56.4;0.3;0.0;1399.0
8.4;469.7;53.1;0.3;0.0;1399.0
8.4;469.7;54.0;0.3;0.0;1399.0
8.3;469.7;56.7;0.3;0.0;1399.0
8.3;469.7;57.3;0.3;0.0;1399.0
8.4;469.7;58.5;0.3;0.0;1399.0
8.3;469.7;56.4;0.3;0.0;1399.0
8.4;469.7;55.8;0.3;0.0;1399.0
8.3;469.7;54.9;0.3;0.0;1399.0
8.3;469.7;57.0;0.3;0.0;1399.0
8.4;469.7;56.7;0.3;0.0;1399.0
8.3;469.7;54.3;0.3;0.0;1399.0
8.4;469.7;56.1;0.3;0.0;1399.0
8.4;469.7;56.4;0.3;0.0;1399.0
8.3;469.7;57.3;0.3;0.0;1399.0
8.4;469.7;56.4;0.3;0.0;1399.0
8.3;469.7;55.8;0.3;0.0;1399.0
8.3;469.7;56.4;0.3;0.0;1399.0
8.4;469.7;55.2;0.3;0.0;1399.0
8.4;469.7;54.9;0.3;9.0;1399.0
8.4;469.7;54.3;0.3;10.0;1399.0
8.4;469.7;53.7;0.3;4.0;1407.0
8.4;469.7;56.1;0.3;1.0;1407.0
8.3;469.7;55.2;0.3;1.0;1407.0
8.4;469.7;57.3;0.3;0.0;1407.0
8.3;469.7;56.1;0.3;5.0;1400.0
8.3;469.7;56.7;0.3;8.0;1400.0
8.4;469.7;57.3;0.3;4.0;1400.0
8.3;469.7;54.6;0.3;5.0;1400.0
8.4;469.7;54.6;0.3;6.0;1400.0
8.3;469.7;54.0;0.3;17.0;1400.0
8.3;469.7;53.4;0.3;31.0;1400.0
8.4;469.7;54.9;0.3;0.0;1399.0
8.3;469.7;53.1;0.3;10.0;1399.0
8.3;469.7;54.6;0.3;0.0;1399.0
8.3;469.7;53.4;0.3;17.0;1399.0
8.4;469.7;56.4;0.3;0.0;1399.0
8.4;469.7;57.6;0.3;0.0;1399.0
8.3;470.6;53.4;0.3;0.0;1399.0
8.3;470.6;54.6;0.3;0.0;1399.0
8.3;470.6;56.1;0.3;0.0;1399.0
8.4;470.6;56.7;0.3;0.0;1399.0
8.3;470.6;56.4;0.3;0.0;1399.0
8.3;470.6;56.4;0.3;0.0;1399.0
8.4;470.6;55.2;0.3;0.0;1399.0
8.3;470.6;56.4;0.3;0.0;1399.0
8.4;470.6;56.4;0.3;32.0;1399.0
8.3;470.6;54.9;0.3;0.0;1399.0
8.3;470.6;55.8;0.3;37.0;1399.0
8.4;470.6;53.1;0.3;0.0;1399.0
8.3;470.6;54.0;0.3;37.0;1399.0
8.4;470.6;53.7;0.3;0.0;1399.0
8.3;470.6;57.0;0.3;0.0;1399.0
8.4;470.6;54.9;0.3;0.0;1399.0
8.4;470.6;57.0;0.3;0.0;1399.0
8.4;470.6;56.1;0.3;0.0;1399.0
8.4;470.6;57.3;0.3;0.0;1399.0
8.3;470.6;57.0;0.3;0.0;1399.0
8.4;470.6;56.4;0.3;0.0;1399.0
8.3;470.6;54.0;0.3;0.0;1399.0
8.4;470.6;56.1;0.3;0.0;1399.0
8.3;470.6;56.1;0.3;0.0;1399.0
8.3;470.6;51.6;0.3;25.0;1399.0
8.4;470.6;55.8;0.3;35.0;1399.0
8.3;470.6;56.7;0.3;1.0;1399.0
8.3;470.6;55.2;0.3;1.0;1399.0
8.3;470.6;56.7;0.3;1.0;1399.0
8.3;470.6;56.7;0.3;3.0;1399.0
8.4;470.6;56.4;0.3;3.0;1399.0
8.3;470.6;56.4;0.3;2.0;1399.0
8.3;470.6;55.2;0.3;2.0;1399.0
8.4;470.6;57.6;0.3;3.0;1399.0
8.4;470.6;54.9;0.3;1.0;1399.0
8.4;470.6;54.9;0.3;1.0;1399.0
8.3;470.6;56.7;0.3;1.0;1399.0
8.3;470.6;53.1;0.3;1.0;1399.0
8.3;470.6;55.2;0.3;3.0;1399.0
8.4;470.6;54.3;0.3;2.0;1399.0
8.3;470.6;57.0;0.3;1.0;1399.0
8.3;470.6;56.7;0.3;3.0;1399.0
8.4;470.6;56.7;0.3;3.0;1399.0
8.3;470.6;56.4;0.3;1.0;1399.0
8.4;470.6;56.4;0.3;3.0;1399.0
8.3;470.6;55.2;0.3;21.0;1399.0
8.3;470.6;55.8;0.3;0.0;1399.0
8.4;470.6;59.1;0.3;0.0;1399.0
8.3;470.6;56.1;0.3;36.0;1399.0
8.3;470.6;54.3;0.3;0.0;1399.0
8.3;470.6;52.2;0.3;37.0;1399.0
8.4;470.6;56.1;0.3;0.0;1399.0
8.4;470.6;57.3;0.3;0.0;1399.0
8.4;470.6;55.8;0.3;0.0;1399.0
8.3;470.6;54.3;0.3;0.0;1399.0
8.3;470.6;55.2;0.3;0.0;1399.0
8.4;470.6;55.2;0.3;0.0;1399.0
8.3;470.6;56.4;0.3;0.0;1399.0
8.4;470.6;56.1;0.3;0.0;1399.0
8.3;470.6;57.0;0.3;0.0;1399.0
8.3;470.6;55.5;0.3;0.0;1399.0
8.4;470.6;57.0;0.3;0.0;1399.0
8.3;470.6;54.0;0.3;19.0;1399.0
8.3;470.6;55.8;0.3;17.0;1399.0
8.4;470.6;53.1;0.3;1.0;1399.0
8.3;470.6;54.9;0.3;1.0;1399.0
8.4;470.6;57.6;0.3;1.0;1399.0
8.3;470.6;55.5;0.3;2.0;1399.0
8.3;470.6;56.1;0.3;1.0;1399.0
8.4;470.6;58.8;0.3;3.0;1399.0
8.4;470.6;54.6;0.3;3.0;1399.0
8.4;470.6;55.2;0.3;3.0;1399.0
8.3;470.6;55.8;0.3;2.0;1399.0
8.4;470.6;56.7;0.3;2.0;1399.0
8.3;470.6;55.8;0.3;1.0;1399.0
8.4;470.6;55.2;0.3;1.0;1399.0
8.3;470.6;58.2;0.3;1.0;1399.0
8.3;470.6;56.1;0.3;1.0;1399.0
8.4;470.6;57.6;0.3;3.0;1399.0
8.3;470.6;54.9;0.3;3.0;1399.0
8.3;470.6;54.0;0.3;3.0;1399.0
8.3;470.6;56.7;0.3;2.0;1399.0
8.3;470.6;59.1;0.3;3.0;1399.0
8.4;470.6;57.6;0.3;1.0;1399.0
8.3;470.6;54.3;0.3;1.0;1399.0
8.3;470.6;56.4;0.3;1.0;1399.0
8.3;470.6;55.2;0.3;27.0;1399.0
8.4;470.6;55.8;0.3;0.0;1399.0
8.4;470.6;55.8;0.3;0.0;1399.0
8.3;470.6;55.8;0.3;0.0;1399.0
8.4;470.6;55.5;0.3;18.0;1399.0
8.3;470.6;56.4;0.3;0.0;1399.0
8.4;470.6;57.3;0.3;0.0;1399.0
8.3;470.6;56.7;0.3;0.0;1399.0
8.3;470.6;54.9;0.3;15.0;1399.0
8.4;470.6;54.9;0.3;17.0;1399.0
8.3;470.6;57.0;0.3;0.0;1399.0
8.4;470.6;57.3;0.3;1.0;1399.0
8.3;470.6;56.1;0.3;28.0;1399.0
8.3;470.6;55.2;0.3;29.0;1399.0
8.4;470.6;56.7;0.3;0.0;1399.0
8.3;470.6;55.8;0.3;0.0;1399.0
8.4;470.6;54.0;0.3;0.0;1399.0
8.3;470.6;56.1;0.3;0.0;1399.0
8.4;470.6;56.7;0.3;0.0;1399.0
8.4;470.6;57.6;0.3;0.0;1399.0
8.4;470.6;56.4;0.3;0.0;1399.0
8.3;470.6;57.3;0.3;0.0;1399.0
8.3;470.6;58.8;0.3;0.0;1399.0
8.4;470.6;54.3;0.3;38.0;1399.0
8.3;470.6;57.3;0.3;36.0;1399.0
