8.3;53.8;21.3;2.3;0.0;1485.0
6.2;93.3;114.4;10.1;0.0;1485.0
7.3;133.3;136.9;8.3;0.0;1485.0
6.0;167.6;135.3;7.3;1.0;1485.0
7.1;200.3;89.3;6.0;0.0;1485.0
8.4;222.3;127.0;4.4;0.0;1485.0
8.3;347.5;19.5;29.4;0.0;1485.0
8.3;338.4;0.0;0.0;0.0;1485.0
8.4;355.2;0.0;0.0;0.0;1485.0
8.3;372.3;0.0;0.0;0.0;1485.0
8.3;389.4;0.0;0.0;0.0;1485.0
8.3;404.6;0.0;0.0;0.0;1485.0
8.3;417.2;0.0;0.0;0.0;1485.0
8.4;433.2;0.0;0.0;0.0;1485.0
8.3;450.1;0.0;0.0;0.0;1485.0
8.3;466.3;0.0;0.0;0.0;1485.0
8.4;482.2;0.0;0.0;0.0;1485.0
8.4;468.3;35.7;0.2;0.0;1485.0
8.4;468.3;57.6;0.3;0.0;1485.0
8.4;468.4;56.7;0.3;0.0;1485.0
8.4;468.4;57.0;0.3;0.0;1485.0
8.3;468.4;57.3;0.3;0.0;1485.0
8.4;468.4;58.2;0.3;0.0;1485.0
8.3;468.4;56.7;0.3;0.0;1485.0
8.3;468.4;55.5;0.3;0.0;1485.0
8.4;468.4;56.4;0.3;0.0;1485.0
8.3;468.5;57.3;0.3;0.0;1485.0
8.4;468.5;57.3;0.3;0.0;1485.0
8.3;468.5;57.6;0.3;0.0;1485.0
8.3;468.5;58.2;0.3;0.0;1485.0
8.4;468.5;57.6;0.3;0.0;1485.0
8.3;468.5;57.3;0.3;0.0;1485.0
8.3;468.5;57.9;0.3;0.0;1485.0
8.3;468.5;56.4;0.3;0.0;1485.0
8.4;468.5;57.6;0.3;0.0;1485.0
8.4;468.5;58.8;0.3;0.0;1485.0
8.4;468.5;56.7;0.3;0.0;1485.0
8.3;468.5;56.1;0.3;0.0;1485.0
8.3;468.5;56.1;0.3;0.0;1485.0
8.4;468.5;58.2;0.3;0.0;1485.0
8.3;468.5;57.9;0.3;0.0;1485.0
8.3;468.5;50.7;0.2;0.0;1485.0
8.3;468.5;58.8;0.3;0.0;1485.0
8.3;468.5;58.5;0.3;0.0;1485.0
8.4;468.5;57.0;0.3;0.0;1485.0
8.3;468.5;54.6;0.3;0.0;1485.0
8.3;468.5;57.6;0.3;0.0;1485.0
8.4;468.5;58.2;0.3;0.0;1485.0
8.3;468.5;58.2;0.3;5.0;1485.0
8.4;468.5;57.9;0.3;1.0;1485.0
8.3;468.5;54.9;0.3;27.0;1475.0
8.3;468.5;57.3;0.3;3.0;1475.0
8.4;468.5;58.2;0.3;1.0;1475.0
8.4;468.5;55.5;0.3;35.0;1477.0
8.4;468.5;56.7;0.3;3.0;1477.0
8.3;468.5;56.4;0.3;0.0;1477.0
8.4;468.5;54.9;0.3;0.0;1477.0
8.3;468.5;55.8;0.3;0.0;1477.0
8.4;468.5;57.3;0.3;0.0;1477.0
8.3;468.5;55.8;0.3;12.0;1477.0
8.3;468.5;55.8;0.3;4.0;1477.0
8.4;468.5;57.0;0.3;5.0;1477.0
8.3;468.5;53.7;0.3;9.0;1477.0
8.4;468.5;54.9;0.3;6.0;1482.0
8.3;468.5;55.5;0.3;12.0;1472.0
8.3;468.5;54.0;0.3;10.0;1477.0
8.4;468.5;52.2;0.3;11.0;1477.0
8.3;468.5;55.8;0.3;10.0;1477.0
8.3;468.5;54.0;0.3;38.0;1477.0
8.4;468.6;54.3;0.3;2.0;1477.0
8.4;468.6;56.7;0.3;0.0;1477.0
8.4;468.6;58.8;0.3;0.0;1477.0
8.3;468.6;54.6;0.3;0.0;1477.0
8.3;468.6;54.6;0.3;0.0;1477.0
8.3;468.6;58.2;0.3;0.0;1477.0
8.4;468.6;54.9;0.3;34.0;1477.0
8.3;468.6;57.0;0.3;2.0;1477.0
8.3;468.6;56.4;0.3;5.0;1477.0
8.4;468.6;55.8;0.3;0.0;1477.0
8.3;468.6;55.8;0.3;0.0;1477.0
8.4;468.6;54.6;0.3;0.0;1477.0
8.3;468.6;55.2;0.3;0.0;1477.0
8.3;468.6;55.2;0.3;4.0;1477.0
8.4;468.6;57.3;0.3;0.0;1477.0
8.3;468.6;55.5;0.3;0.0;1477.0
8.4;468.6;57.6;0.3;0.0;1477.0
8.3;468.6;53.4;0.3;0.0;1477.0
8.4;468.6;52.2;0.3;0.0;1477.0
8.4;468.6;56.4;0.3;0.0;1477.0
8.4;468.6;55.8;0.3;1.0;1477.0
8.3;468.6;57.3;0.3;0.0;1484.0
8.3;468.6;55.2;0.3;15.0;1477.0
8.4;468.6;55.8;0.3;8.0;1477.0
8.3;468.6;55.8;0.3;9.0;1477.0
8.4;468.6;56.7;0.3;16.0;1477.0
8.3;468.6;52.8;0.3;17.0;1481.0
8.3;468.6;54.9;0.3;19.0;1486.0
8.4;468.6;52.2;0.3;15.0;1492.0
8.3;468.6;51.0;0.2;44.0;1491.0
8.4;468.6;52.8;0.3;2.0;1492.0
8.3;468.6;57.0;0.3;0.0;1492.0
8.3;468.6;56.8;0.3;0.0;1492.0
8.4;468.6;56.3;0.3;0.0;1492.0
8.3;468.6;56.4;0.3;0.0;1492.0
8.3;468.6;56.1;0.3;0.0;1492.0
8.4;468.6;56.1;0.3;0.0;1492.0
8.4;468.6;56.7;0.3;0.0;1492.0
8.4;468.6;57.0;0.3;0.0;1498.0
8.3;468.6;56.4;0.3;23.0;1496.0
8.4;468.6;55.5;0.3;0.0;1499.0
8.3;468.6;53.4;0.3;35.0;1504.0
8.4;468.6;56.1;0.3;12.0;1510.0
8.3;468.6;54.6;0.3;0.0;1509.0
8.3;468.6;56.1;0.3;0.0;1509.0
8.4;468.6;54.6;0.3;30.0;1501.0
8.3;468.6;56.4;0.3;0.0;1501.0
8.4;468.6;60.3;0.3;0.0;1501.0
8.3;468.6;57.9;0.3;0.0;1501.0
8.3;468.6;55.2;0.3;0.0;1501.0
8.4;468.6;56.1;0.3;0.0;1501.0
8.3;468.6;58.2;0.3;0.0;1501.0
8.3;468.6;55.2;0.3;16.0;1502.0
8.3;468.6;55.5;0.3;11.0;1502.0
8.4;468.6;56.7;0.3;34.0;1500.0
8.4;468.6;56.4;0.3;0.0;1500.0
8.4;468.6;55.5;0.3;0.0;1500.0
8.3;468.6;58.5;0.3;34.0;1499.0
8.3;468.6;54.9;0.3;0.0;1498.0
8.4;468.6;57.0;0.3;0.0;1498.0
8.3;468.6;58.2;0.3;0.0;1498.0
8.3;468.6;57.9;0.3;0.0;1498.0
8.3;468.6;58.2;0.3;1.0;1498.0
8.3;468.6;54.3;0.3;0.0;1498.0
8.4;468.6;52.2;0.3;0.0;1498.0
8.3;468.6;54.6;0.3;29.0;1498.0
8.3;468.6;56.4;0.3;0.0;1498.0
7.2;468.6;55.5;0.3;0.0;1498.0
8.3;468.6;57.9;0.3;0.0;1498.0
8.4;468.5;57.0;0.3;0.0;1498.0
8.3;468.5;55.2;0.3;2.0;1511.0
8.3;468.5;56.1;0.3;0.0;1506.0
8.4;468.5;54.6;0.3;0.0;1506.0
8.4;468.5;57.0;0.3;3.0;1502.0
8.4;468.5;54.0;0.3;36.0;1502.0
8.3;468.5;57.0;0.3;0.0;1502.0
8.4;468.5;54.0;0.3;0.0;1502.0
8.3;468.5;57.9;0.3;35.0;1502.0
8.4;468.5;57.0;0.3;18.0;1502.0
8.3;468.5;55.2;0.3;0.0;1502.0
8.3;468.5;57.3;0.3;0.0;1502.0
8.4;468.5;56.1;0.3;20.0;1502.0
8.3;468.5;55.2;0.3;0.0;1502.0
8.3;468.5;56.1;0.3;0.0;1502.0
8.3;468.5;58.2;0.3;0.0;1502.0
8.3;468.5;60.0;0.3;0.0;1502.0
8.4;468.5;59.7;0.3;0.0;1502.0
8.3;468.5;55.2;0.3;0.0;1502.0
8.3;468.5;56.7;0.3;0.0;1502.0
8.4;468.5;56.7;0.3;0.0;1502.0
8.4;468.5;57.9;0.3;0.0;1502.0
8.4;468.5;55.8;0.3;0.0;1502.0
7.3;468.5;56.1;0.3;0.0;1502.0
8.3;468.5;58.2;0.3;0.0;1502.0
8.3;468.5;57.0;0.3;0.0;1502.0
8.4;468.5;57.0;0.3;0.0;1502.0
8.3;468.5;56.4;0.3;0.0;1502.0
8.3;468.5;57.3;0.3;0.0;1502.0
8.4;468.5;57.0;0.3;0.0;1502.0
8.3;468.5;54.9;0.3;24.0;1502.0
8.4;468.5;57.3;0.3;0.0;1502.0
8.3;468.5;56.1;0.3;0.0;1502.0
8.3;468.5;56.7;0.3;0.0;1502.0
8.4;468.5;56.7;0.3;0.0;1502.0
8.3;468.5;57.9;0.3;0.0;1502.0
8.4;468.5;58.2;0.3;0.0;1502.0
8.3;468.5;59.1;0.3;0.0;1502.0
8.4;468.5;60.0;0.3;0.0;1502.0
8.4;468.5;55.8;0.3;1.0;1502.0
8.4;468.5;54.6;0.3;30.0;1502.0
8.3;468.5;57.0;0.3;15.0;1502.0
8.3;468.5;48.6;0.2;0.0;1502.0
8.4;468.5;57.0;0.3;33.0;1502.0
8.3;468.5;58.2;0.3;9.0;1502.0
8.4;468.5;54.3;0.3;30.0;1502.0
8.3;468.5;54.9;0.3;9.0;1502.0
8.3;468.5;56.7;0.3;0.0;1502.0
8.4;468.5;58.5;0.3;0.0;1502.0
8.3;469.1;54.9;0.3;0.0;1502.0
8.3;469.1;54.6;0.3;0.0;1502.0
8.4;469.1;57.6;0.3;0.0;1502.0
8.3;469.1;57.0;0.3;0.0;1502.0
8.4;469.1;55.5;0.3;33.0;1502.0
8.3;469.1;56.4;0.3;6.0;1502.0
8.3;469.1;55.5;0.3;1.0;1502.0
8.4;469.1;57.0;0.3;0.0;1502.0
8.4;469.1;57.0;0.3;2.0;1502.0
8.4;469.1;56.1;0.3;4.0;1496.0
8.3;469.1;55.8;0.3;12.0;1489.0
8.4;469.1;53.1;0.3;24.0;1487.0
8.3;469.1;55.5;0.3;6.0;1487.0
8.4;469.4;54.6;0.3;10.0;1487.0
8.3;469.4;57.6;0.3;0.0;1487.0
8.3;469.4;56.7;0.3;0.0;1487.0
8.4;469.4;58.2;0.3;1.0;1487.0
8.3;469.4;56.4;0.3;4.0;1487.0
8.3;469.4;57.3;0.3;1.0;1487.0
8.3;469.4;58.5;0.3;0.0;1487.0
8.3;469.4;56.1;0.3;0.0;1487.0
8.4;469.4;56.1;0.3;2.0;1487.0
8.3;469.4;55.8;0.3;2.0;1487.0
8.3;469.4;56.4;0.3;35.0;1487.0
8.4;469.4;52.5;0.3;18.0;1489.0
8.4;469.4;54.6;0.3;7.0;1489.0
8.4;469.4;57.9;0.3;6.0;1489.0
8.3;469.4;55.8;0.3;7.0;1489.0
8.4;469.4;55.8;0.3;7.0;1489.0
8.3;469.4;53.1;0.3;18.0;1487.0
8.4;469.4;54.3;0.3;17.0;1487.0
8.3;469.4;56.1;0.3;39.0;1487.0
8.4;469.4;52.5;0.3;31.0;1487.0
8.4;469.4;57.6;0.3;9.0;1487.0
8.4;469.4;44.7;0.2;10.0;1543.0
8.4;469.4;51.0;0.2;0.0;1543.0
8.3;469.4;58.5;0.3;6.0;1533.0
8.3;469.4;51.6;0.3;10.0;1533.0
8.4;469.4;55.2;0.3;0.0;1533.0
8.3;469.4;54.6;0.3;0.0;1533.0
8.4;469.4;56.7;0.3;34.0;1491.0
8.3;469.4;55.8;0.3;10.0;1491.0
8.4;469.4;53.7;0.3;15.0;1491.0
8.4;469.4;53.4;0.3;3.0;1491.0
8.4;469.4;55.8;0.3;18.0;1494.0
8.3;469.4;51.9;0.3;10.0;1504.0
8.3;469.4;53.7;0.3;11.0;1504.0
8.4;469.4;54.9;0.3;10.0;1505.0
8.3;469.4;55.2;0.3;9.0;1506.0
8.4;469.4;52.8;0.3;15.0;1506.0
8.4;469.4;52.2;0.3;15.0;1506.0
8.3;469.4;51.6;0.3;37.0;1526.0
8.4;469.4;55.8;0.3;4.0;1536.0
8.3;469.4;56.4;0.3;2.0;1541.0
8.3;469.4;53.4;0.3;2.0;1555.0
8.4;469.4;53.4;0.3;2.0;1566.0
8.3;469.4;54.3;0.3;1.0;1566.0
8.4;469.4;55.8;0.3;1.0;1566.0
8.3;469.4;56.4;0.3;1.0;1566.0
8.4;469.4;57.6;0.3;2.0;1575.0
8.4;469.4;54.0;0.3;6.0;1590.0
8.4;469.4;52.5;0.3;8.0;1587.0
8.3;469.4;52.8;0.3;2.0;1587.0
8.3;469.4;54.0;0.3;1.0;1587.0
8.4;469.4;56.1;0.3;1.0;1587.0
8.3;469.4;52.2;0.3;6.0;1587.0
8.4;469.4;54.6;0.3;8.0;1587.0
8.3;469.4;56.1;0.3;2.0;1587.0
8.3;469.4;55.8;0.3;2.0;1587.0
8.4;469.4;55.5;0.3;3.0;1587.0
8.3;469.4;58.8;0.3;2.0;1587.0
8.3;469.4;54.3;0.3;2.0;1587.0
8.3;469.4;55.2;0.3;2.0;1588.0
8.3;469.4;55.8;0.3;3.0;1588.0
8.4;469.4;55.2;0.3;10.0;1587.0
8.3;469.4;51.3;0.2;15.0;1588.0
7.2;469.4;48.9;0.2;10.0;1581.0
8.4;469.4;53.1;0.3;7.0;1583.0
8.4;469.4;54.3;0.3;7.0;1583.0
8.4;469.4;55.2;0.3;7.0;1583.0
8.4;469.4;52.2;0.3;7.0;1583.0
8.4;469.4;50.7;0.2;7.0;1583.0
8.3;469.4;54.0;0.3;13.0;1583.0
8.4;469.4;57.0;0.3;12.0;1583.0
8.3;469.4;56.4;0.3;12.0;1583.0
8.3;469.4;52.8;0.3;12.0;1583.0
8.4;469.4;54.9;0.3;12.0;1528.0
8.3;469.4;52.5;0.3;0.0;1528.0
8.4;469.4;56.7;0.3;0.0;1529.0
8.3;469.4;53.7;0.3;6.0;1529.0
8.3;469.4;56.1;0.3;7.0;1529.0
8.3;469.4;48.0;0.2;6.0;1529.0
8.3;469.4;50.4;0.2;11.0;1529.0
8.3;469.4;55.5;0.3;8.0;1529.0
8.4;469.4;50.4;0.2;10.0;1529.0
8.4;469.4;53.7;0.3;10.0;1529.0
8.4;469.4;51.3;0.2;11.0;1545.0
8.4;469.4;51.9;0.3;7.0;1546.0
8.3;469.4;54.3;0.3;7.0;1546.0
8.3;469.4;56.1;0.3;2.0;1546.0
8.4;469.4;55.5;0.3;5.0;1546.0
8.3;469.4;53.4;0.3;6.0;1546.0
8.3;469.4;54.0;0.3;6.0;1546.0
8.4;469.4;52.8;0.3;11.0;1546.0
8.3;469.4;52.2;0.3;10.0;1546.0
8.4;469.4;53.4;0.3;10.0;1546.0
8.3;469.4;54.3;0.3;10.0;1546.0
8.3;469.4;54.6;0.3;10.0;1553.0
8.4;469.4;54.3;0.3;11.0;1546.0
8.3;469.4;54.3;0.3;10.0;1546.0
8.4;469.4;55.8;0.3;8.0;1546.0
8.3;469.4;56.4;0.3;1.0;1546.0
8.4;469.4;55.8;0.3;10.0;1546.0
