8.4;57.1;22.7;1.7;12.0;1200.0
7.2;100.2;114.8;10.4;11.0;1211.0
6.0;138.1;134.1;7.6;17.0;1211.0
4.7;168.1;128.1;7.1;26.0;1213.0
8.4;200.5;88.1;6.0;33.0;1213.0
8.3;217.4;103.2;3.8;20.0;1196.0
8.3;347.0;43.9;29.9;28.0;1197.0
8.4;335.8;0.0;0.0;16.0;1197.0
8.3;352.8;0.0;0.0;16.0;1197.0
8.4;370.7;0.0;0.0;20.0;1197.0
8.3;387.3;0.0;0.0;32.0;1185.0
8.3;403.5;0.0;0.0;1.0;1183.0
8.4;414.9;0.0;0.0;7.0;1177.0
8.3;431.6;0.0;0.0;0.0;1177.0
8.4;448.7;0.0;0.0;0.0;1177.0
8.3;465.7;0.0;0.0;0.0;1175.0
8.4;481.9;0.0;0.0;0.0;1175.0
8.4;469.9;35.4;0.2;0.0;1175.0
8.4;470.0;56.1;0.3;0.0;1175.0
8.4;470.0;56.4;0.3;0.0;1175.0
8.3;470.0;57.0;0.3;0.0;1175.0
8.4;470.0;55.5;0.3;0.0;1175.0
8.3;470.1;57.6;0.3;2.0;1175.0
8.4;470.1;54.0;0.3;28.0;1175.0
8.3;470.1;55.5;0.3;0.0;1175.0
8.3;470.1;55.8;0.3;0.0;1175.0
8.4;470.1;56.7;0.3;0.0;1175.0
8.3;470.1;56.7;0.3;0.0;1175.0
8.3;470.1;55.5;0.3;0.0;1175.0
8.4;470.1;59.1;0.3;13.0;1175.0
8.3;470.1;54.9;0.3;30.0;1175.0
8.4;470.1;56.7;0.3;14.0;1175.0
8.3;470.1;57.6;0.3;3.0;1175.0
8.3;470.1;56.4;0.3;1.0;1175.0
8.4;470.2;53.1;0.3;43.0;1200.0
8.4;470.2;54.6;0.3;38.0;1207.0
8.4;470.2;55.2;0.3;31.0;1210.0
8.3;470.2;55.5;0.3;12.0;1211.0
8.4;470.2;55.5;0.3;11.0;1211.0
8.3;470.2;57.0;0.3;11.0;1203.0
8.4;470.2;51.9;0.3;32.0;1211.0
8.3;470.2;56.1;0.3;12.0;1204.0
8.3;470.2;53.7;0.3;30.0;1209.0
8.4;470.2;57.6;0.3;9.0;1209.0
8.3;470.2;57.6;0.3;9.0;1209.0
8.4;470.2;55.8;0.3;9.0;1199.0
8.3;470.2;54.9;0.3;10.0;1194.0
8.3;470.2;57.6;0.3;9.0;1194.0
8.4;470.2;57.3;0.3;9.0;1194.0
8.3;470.2;57.0;0.3;9.0;1192.0
8.3;470.2;58.5;0.3;9.0;1192.0
8.3;470.2;56.1;0.3;9.0;1191.0
8.4;470.2;57.0;0.3;10.0;1189.0
8.4;470.2;58.5;0.3;9.0;1184.0
8.4;470.2;56.4;0.3;9.0;1178.0
8.3;470.2;57.9;0.3;9.0;1178.0
8.3;470.2;56.4;0.3;10.0;1178.0
8.4;470.2;55.8;0.3;9.0;1176.0
8.3;470.2;55.8;0.3;9.0;1176.0
8.4;470.2;55.8;0.3;10.0;1176.0
8.4;470.2;57.9;0.3;9.0;1176.0
8.3;470.2;56.7;0.3;10.0;1176.0
8.4;470.2;56.7;0.3;10.0;1176.0
8.3;470.2;56.1;0.3;10.0;1176.0
8.3;470.2;55.5;0.3;9.0;1176.0
8.4;470.2;56.7;0.3;10.0;1176.0
8.3;470.2;54.3;0.3;9.0;1176.0
8.4;470.2;58.5;0.3;10.0;1176.0
8.3;470.2;54.9;0.3;10.0;1176.0
8.4;470.2;55.8;0.3;10.0;1176.0
8.4;470.2;55.8;0.3;17.0;1188.0
8.4;470.2;55.2;0.3;30.0;1193.0
8.4;470.2;52.2;0.3;31.0;1202.0
8.3;470.2;53.7;0.3;13.0;1193.0
8.4;470.2;55.5;0.3;28.0;1221.0
8.3;470.2;55.8;0.3;12.0;1213.0
8.4;470.2;57.0;0.3;23.0;1213.0
8.3;470.2;56.4;0.3;13.0;1213.0
8.3;470.2;57.9;0.3;12.0;1204.0
8.4;470.2;55.2;0.3;13.0;1204.0
8.3;470.2;54.6;0.3;10.0;1204.0
8.3;470.2;55.2;0.3;19.0;1223.0
8.3;470.2;55.8;0.3;11.0;1223.0
8.3;470.2;55.5;0.3;10.0;1223.0
8.4;470.2;55.8;0.3;10.0;1208.0
8.3;470.2;56.4;0.3;10.0;1208.0
8.3;470.2;55.2;0.3;10.0;1208.0
8.4;470.2;57.3;0.3;11.0;1208.0
8.4;470.2;57.3;0.3;10.0;1208.0
8.4;470.2;57.3;0.3;11.0;1208.0
8.4;470.2;56.1;0.3;11.0;1208.0
8.4;470.2;57.0;0.3;11.0;1208.0
8.3;470.2;55.5;0.3;31.0;1207.0
8.4;470.2;55.8;0.3;19.0;1207.0
8.3;470.2;57.6;0.3;12.0;1199.0
8.4;470.2;56.1;0.3;13.0;1199.0
8.4;470.2;56.7;0.3;13.0;1199.0
8.3;470.2;54.9;0.3;12.0;1207.0
8.4;470.2;57.6;0.3;11.0;1207.0
8.3;470.2;53.7;0.3;12.0;1207.0
8.3;470.2;57.3;0.3;23.0;1207.0
8.4;470.2;56.1;0.3;12.0;1207.0
8.3;470.2;56.4;0.3;12.0;1199.0
7.2;470.2;54.6;0.3;11.0;1199.0
8.3;470.2;56.4;0.3;11.0;1195.0
8.4;470.2;56.1;0.3;11.0;1195.0
8.4;470.2;56.4;0.3;12.0;1195.0
8.4;470.2;57.3;0.3;15.0;1203.0
8.3;470.2;57.3;0.3;13.0;1203.0
8.3;470.2;55.2;0.3;12.0;1195.0
8.4;470.2;56.4;0.3;12.0;1195.0
8.3;470.2;56.1;0.3;12.0;1195.0
8.4;470.2;57.0;0.3;12.0;1195.0
8.3;470.2;55.2;0.3;12.0;1195.0
8.3;470.2;56.4;0.3;11.0;1195.0
8.4;470.2;58.2;0.3;11.0;1202.0
8.3;470.2;58.5;0.3;21.0;1208.0
8.3;470.2;56.7;0.3;13.0;1213.0
8.4;470.2;54.3;0.3;10.0;1213.0
8.3;470.2;56.1;0.3;10.0;1213.0
8.4;470.2;57.3;0.3;10.0;1213.0
8.3;470.2;56.1;0.3;10.0;1213.0
8.3;470.2;56.4;0.3;10.0;1199.0
8.4;470.2;56.1;0.3;11.0;1199.0
8.4;470.2;56.7;0.3;10.0;1199.0
8.4;470.2;55.5;0.3;11.0;1199.0
8.3;470.2;58.5;0.3;11.0;1199.0
8.4;470.2;56.1;0.3;11.0;1199.0
8.3;470.2;56.4;0.3;11.0;1190.0
8.4;470.2;57.3;0.3;11.0;1190.0
8.3;470.2;57.9;0.3;10.0;1190.0
8.3;470.2;57.6;0.3;10.0;1190.0
8.4;470.2;54.3;0.3;17.0;1217.0
8.3;470.2;55.5;0.3;17.0;1220.0
8.4;470.2;54.6;0.3;10.0;1203.0
8.3;470.2;56.1;0.3;11.0;1203.0
8.3;470.2;53.7;0.3;29.0;1214.0
8.4;470.2;57.0;0.3;11.0;1214.0
8.3;470.2;57.0;0.3;10.0;1214.0
8.4;470.2;55.8;0.3;11.0;1214.0
8.3;470.2;57.0;0.3;14.0;1214.0
8.4;470.2;55.5;0.3;11.0;1209.0
8.4;470.2;55.5;0.3;16.0;1219.0
8.4;470.2;51.3;0.2;34.0;1229.0
8.3;470.2;55.2;0.3;1.0;1297.0
8.3;470.2;46.8;0.2;3.0;1316.0
8.4;470.2;40.8;0.2;10.0;1298.0
8.3;470.2;47.4;0.2;3.0;1325.0
8.4;470.2;52.5;0.3;3.0;1315.0
8.3;470.2;54.3;0.3;3.0;1299.0
8.3;470.2;56.7;0.3;5.0;1299.0
8.4;470.2;55.2;0.3;5.0;1299.0
8.3;470.2;55.5;0.3;4.0;1286.0
8.3;470.2;54.6;0.3;13.0;1304.0
8.4;470.2;56.1;0.3;9.0;1304.0
8.3;470.2;58.5;0.3;7.0;1312.0
8.4;470.2;54.9;0.3;8.0;1302.0
8.3;470.2;52.8;0.3;9.0;1313.0
8.3;470.2;50.1;0.2;5.0;1325.0
8.4;470.2;50.4;0.2;9.0;1340.0
8.4;470.2;55.5;0.3;3.0;1345.0
8.4;470.2;53.4;0.3;2.0;1345.0
8.3;470.2;53.4;0.3;4.0;1357.0
8.4;470.2;55.5;0.3;2.0;1707.0
8.3;470.2;51.6;0.3;4.0;1705.0
8.4;470.2;57.9;0.3;4.0;1705.0
8.3;470.2;56.7;0.3;4.0;1705.0
8.3;470.2;55.8;0.3;4.0;1705.0
8.4;470.2;55.2;0.3;9.0;1561.0
8.3;470.2;55.2;0.3;4.0;1561.0
8.4;470.2;54.9;0.3;4.0;1564.0
8.3;470.2;54.9;0.3;4.0;1549.0
8.3;470.2;53.1;0.3;10.0;1549.0
8.4;470.2;52.5;0.3;8.0;1549.0
8.3;470.2;51.3;0.2;8.0;1549.0
8.4;470.2;51.9;0.3;8.0;1549.0
8.3;470.2;54.3;0.3;11.0;1549.0
8.4;470.2;55.5;0.3;13.0;1497.0
8.4;470.2;54.9;0.3;14.0;1429.0
8.4;470.2;50.4;0.2;18.0;1377.0
8.3;470.2;46.5;0.2;30.0;1361.0
8.3;470.2;53.7;0.3;12.0;1361.0
8.4;470.2;54.9;0.3;14.0;1366.0
8.3;470.2;48.0;0.2;36.0;1366.0
8.3;470.2;53.1;0.3;20.0;1366.0
8.4;470.2;51.3;0.2;40.0;1367.0
8.3;470.2;49.5;0.2;20.0;1367.0
8.4;470.2;50.4;0.2;36.0;1367.0
8.3;470.2;48.9;0.2;43.0;1371.0
8.3;470.2;48.0;0.2;48.0;1371.0
8.3;470.2;42.9;0.2;49.0;1353.0
8.3;471.3;46.8;0.2;42.0;1353.0
8.4;471.3;45.0;0.2;52.0;1373.0
8.3;471.3;51.3;0.2;45.0;1373.0
8.4;471.3;52.5;0.3;19.0;1373.0
8.4;471.3;53.7;0.3;19.0;1373.0
8.4;471.3;54.0;0.3;19.0;1373.0
8.3;471.3;53.1;0.3;20.0;1373.0
8.3;471.3;56.1;0.3;19.0;1373.0
8.4;471.3;55.2;0.3;19.0;1373.0
8.3;471.3;55.2;0.3;45.0;1373.0
8.4;471.3;55.2;0.3;11.0;1373.0
8.3;471.3;53.7;0.3;11.0;1373.0
8.3;471.3;50.7;0.2;33.0;1368.0
8.4;471.3;52.5;0.3;21.0;1368.0
8.3;471.3;55.5;0.3;37.0;1370.0
8.3;471.3;53.7;0.3;10.0;1370.0
8.4;471.3;56.4;0.3;11.0;1370.0
8.3;471.3;56.1;0.3;11.0;1370.0
8.4;471.3;56.7;0.3;10.0;1370.0
8.3;471.3;57.6;0.3;10.0;1370.0
8.3;471.3;56.4;0.3;10.0;1370.0
8.4;471.3;54.3;0.3;12.0;1370.0
8.4;471.3;54.3;0.3;10.0;1370.0
8.4;471.3;56.1;0.3;14.0;1370.0
8.4;471.3;51.9;0.3;10.0;1370.0
8.4;471.3;53.1;0.3;44.0;1370.0
8.3;471.3;56.1;0.3;48.0;1370.0
8.4;471.3;52.8;0.3;47.0;1370.0
8.3;471.3;53.1;0.3;46.0;1370.0
8.3;471.3;52.5;0.3;39.0;1383.0
8.4;471.3;53.7;0.3;7.0;1383.0
8.3;471.3;50.4;0.2;8.0;1395.0
8.4;471.3;52.8;0.3;8.0;1395.0
8.3;471.3;55.2;0.3;2.0;1395.0
8.3;471.3;57.3;0.3;2.0;1395.0
8.4;471.3;55.8;0.3;3.0;1383.0
8.3;471.3;55.5;0.3;2.0;1365.0
8.3;471.3;54.6;0.3;3.0;1365.0
8.4;471.3;55.8;0.3;3.0;1365.0
8.4;471.3;53.7;0.3;3.0;1365.0
8.4;471.3;57.6;0.3;3.0;1365.0
8.4;471.3;58.2;0.3;3.0;1365.0
8.3;471.3;55.8;0.3;3.0;1365.0
8.3;471.3;57.9;0.3;4.0;1365.0
8.4;471.3;56.7;0.3;4.0;1363.0
8.3;471.3;56.4;0.3;4.0;1363.0
8.3;471.3;55.2;0.3;4.0;1363.0
8.4;471.3;59.1;0.3;4.0;1363.0
8.3;471.3;58.2;0.3;9.0;1351.0
8.4;471.3;54.3;0.3;7.0;1351.0
8.3;471.3;54.0;0.3;7.0;1351.0
8.3;471.3;56.1;0.3;6.0;1351.0
8.4;471.3;58.2;0.3;7.0;1351.0
8.3;471.3;58.2;0.3;6.0;1351.0
8.4;471.3;54.6;0.3;10.0;1355.0
8.3;471.3;53.7;0.3;11.0;1355.0
8.4;471.3;54.3;0.3;10.0;1355.0
8.4;471.3;56.7;0.3;10.0;1355.0
8.4;471.3;57.0;0.3;11.0;1355.0
8.4;471.3;58.8;0.3;13.0;1355.0
8.4;471.3;54.0;0.3;28.0;1359.0
8.4;471.3;57.0;0.3;11.0;1359.0
8.3;471.3;55.2;0.3;11.0;1359.0
8.4;471.3;56.7;0.3;10.0;1358.0
8.3;471.3;54.6;0.3;12.0;1355.0
8.3;471.3;56.1;0.3;10.0;1355.0
8.4;471.3;57.9;0.3;10.0;1355.0
8.3;471.3;54.9;0.3;11.0;1355.0
8.4;471.3;57.9;0.3;11.0;1355.0
8.3;471.3;57.9;0.3;11.0;1355.0
8.3;471.3;56.1;0.3;11.0;1355.0
8.4;471.3;55.5;0.3;11.0;1355.0
8.3;471.3;56.4;0.3;10.0;1355.0
8.3;471.3;56.7;0.3;10.0;1355.0
8.4;471.3;57.3;0.3;10.0;1355.0
8.4;471.3;54.6;0.3;11.0;1355.0
8.4;471.3;58.5;0.3;10.0;1355.0
8.3;471.3;57.6;0.3;10.0;1355.0
8.3;471.3;59.1;0.3;10.0;1355.0
8.3;471.3;54.6;0.3;11.0;1355.0
8.4;471.3;54.6;0.3;10.0;1355.0
8.3;471.3;56.7;0.3;10.0;1355.0
8.3;471.3;59.1;0.3;10.0;1355.0
8.4;471.3;58.8;0.3;10.0;1355.0
8.3;471.3;54.9;0.3;10.0;1355.0
8.4;471.3;57.3;0.3;10.0;1355.0
8.3;471.3;56.7;0.3;11.0;1355.0
8.3;471.3;55.8;0.3;11.0;1355.0
8.4;471.3;56.4;0.3;10.0;1355.0
8.3;471.3;56.4;0.3;10.0;1355.0
8.4;471.3;56.7;0.3;11.0;1355.0
8.3;471.3;54.9;0.3;11.0;1355.0
8.4;471.3;57.6;0.3;11.0;1355.0
8.4;471.3;57.0;0.3;11.0;1355.0
8.4;471.3;55.5;0.3;11.0;1355.0
8.3;471.3;57.0;0.3;11.0;1355.0
8.3;471.3;57.3;0.3;11.0;1355.0
8.4;471.3;57.6;0.3;11.0;1355.0
8.3;471.3;57.3;0.3;11.0;1355.0
8.4;471.3;57.6;0.3;11.0;1355.0
8.3;471.3;57.3;0.3;10.0;1355.0
8.3;471.3;55.8;0.3;10.0;1355.0
8.4;471.3;56.1;0.3;11.0;1355.0
8.3;471.3;56.1;0.3;11.0;1355.0
8.4;471.3;57.9;0.3;11.0;1355.0
8.4;471.3;58.2;0.3;11.0;1355.0
8.3;471.3;56.7;0.3;11.0;1355.0
8.4;471.3;57.9;0.3;11.0;1355.0
8.3;471.3;58.5;0.3;11.0;1355.0
