0.0;10489856;0
0.0;10489856;0
0.0;10489856;0
0.0;10489856;0
0.0;10489856;0
42.6;14635008;0
100.3;14647296;0
149.6;19152896;0
199.5;19132416;0
213.1;23191552;0
168.0;19197952;0
133.0;19275776;0
186.4;19288064;0
215.0;23470080;0
199.5;23486464;0
199.5;31559680;0
200.7;31559680;0
166.2;31596544;0
199.5;31592448;0
184.8;31698944;0
198.9;31744000;0
199.5;31776768;0
149.6;27721728;0
218.4;32894976;0
184.7;32911360;0
182.8;28889088;0
215.0;32915456;0
199.5;32923648;0
199.5;32923648;0
182.8;32923648;0
143.3;28905472;0
216.1;32071680;0
168.0;28262400;0
99.7;28262400;0
100.3;24272896;0
227.3;32423936;0
200.7;32423936;0
199.5;32423936;0
198.9;32423936;0
200.7;32423936;0
200.7;32423936;0
199.5;32423936;0
166.2;24379392;0
43.0;23388160;0
201.6;33357824;0
198.9;33357824;0
186.4;33357824;0
200.7;33366016;0
199.5;33361920;0
199.5;33361920;0
215.0;29593600;277
100.3;29593600;0
99.7;29593600;0
100.8;29593600;0
99.7;29593600;0
216.1;33800192;0
198.9;33800192;0
201.6;33800192;0
182.8;33796096;0
199.5;33796096;0
172.0;29769728;0
213.1;37343232;0
116.4;31780864;0
298.3;62197760;0
301.0;86016000;0
286.7;106258432;0
301.0;125435904;0
266.0;140156928;0
258.0;154267648;0
315.4;175222784;0
298.3;196321280;0
266.0;212426752;0
225.0;219193344;375
284.1;219201536;650
200.7;214560768;407
199.5;219246592;0
199.5;219246592;0
200.7;219246592;0
199.5;219246592;0
184.7;219246592;0
199.5;219246592;0
199.5;219246592;0
201.6;219246592;0
199.5;219246592;0
199.5;219246592;0
184.8;219246592;0
99.7;211202048;0
215.0;219254784;0
198.9;219254784;0
200.7;219254784;0
199.5;219254784;0
199.5;219254784;0
218.4;214216704;0
199.5;219254784;0
232.7;219250688;0
199.5;219250688;0
198.9;219250688;0
200.7;219250688;0
166.2;215224320;0
156.3;215228416;0
215.0;219250688;0
186.4;219250688;0
198.9;219254784;0
182.8;219258880;0
199.5;219267072;0
201.6;219267072;0
182.8;215244800;0
216.1;219267072;0
184.8;219283456;0
198.9;219283456;0
200.7;219283456;0
198.9;219283456;0
143.3;219287552;0
201.6;219287552;0
170.5;219291648;0
200.7;219291648;0
184.8;219291648;0
199.5;219291648;0
199.5;215265280;0
149.6;215269376;0
166.2;219295744;0
200.7;219295744;0
184.7;219295744;0
200.7;219295744;0
186.4;213794816;0
199.5;222646272;0
200.7;222646272;0
182.8;218624000;0
212.5;229900288;0
301.0;256716800;0
272.4;280186880;0
299.2;301334528;0
299.2;317706240;0
286.7;336437248;0
201.6;356847616;0
199.5;381435904;0
182.8;403738624;0
301.0;407777280;0
227.3;219930624;0
200.7;219942912;0
200.7;219947008;0
198.9;219959296;0
201.6;219971584;0
16.6;209539072;0
213.1;221249536;0
199.5;221249536;0
199.5;221249536;0
201.6;221249536;0
199.5;221249536;0
199.5;221261824;0
168.0;221528064;0
182.8;217501696;0
166.2;221560832;0
199.5;221560832;0
182.8;221560832;0
201.6;221560832;0
199.5;221700096;0
199.5;221700096;0
201.6;221704192;0
149.6;217694208;0
249.3;221855744;0
149.6;217829376;0
199.5;221855744;0
184.8;221855744;0
199.5;221855744;0
199.5;221855744;0
184.8;221863936;0
199.5;221863936;0
199.5;221863936;0
199.5;221884416;0
199.5;221884416;0
201.6;221884416;0
166.2;217858048;0
216.1;221880320;0
100.3;218099712;0
200.7;221925376;0
198.9;221925376;0
199.5;221925376;0
199.5;221925376;0
199.5;221925376;0
218.4;217948160;0
182.8;222007296;0
199.5;222007296;0
201.6;222007296;0
182.8;222007296;0
127.8;217985024;0
229.4;222015488;0
156.3;217993216;0
100.3;217993216;0
100.3;217993216;0
99.4;217993216;0
172.0;225492992;0
186.4;225492992;0
198.9;225492992;0
200.7;225492992;0
198.9;225492992;0
157.7;221532160;0
286.7;242094080;0
269.9;261087232;0
229.4;281612288;0
258.0;299356160;0
272.4;316293120;0
266.0;329920512;0
255.7;349089792;0
286.7;366358528;0
299.2;384094208;0
241.5;399237120;0
200.7;398221312;0
215.0;220176384;0
200.7;220176384;0
199.5;220184576;0
199.5;220196864;0
166.2;216387584;0
215.0;221286400;0
100.8;217260032;0
99.7;217260032;0
166.2;218263552;0
168.0;221511680;0
199.5;221511680;0
199.5;221532160;0
199.5;221532160;0
182.8;221544448;0
201.6;217530368;0
133.0;217649152;0
83.1;217649152;0
100.3;217649152;0
100.3;213671936;0
216.1;221757440;0
199.5;221757440;0
166.2;221757440;0
199.5;221757440;0
200.7;221786112;0
200.7;221786112;0
156.3;221786112;0
166.2;217759744;0
168.0;221794304;0
199.5;221827072;0
182.8;217837568;0
232.7;217866240;0
198.9;221925376;0
199.5;221925376;0
201.6;221925376;0
199.5;221925376;0
199.5;221925376;0
182.8;217939968;0
168.0;222019584;0
199.5;222019584;0
199.5;222019584;0
200.7;222019584;0
184.7;222019584;0
166.2;221429760;0
172.0;222035968;0
201.6;222035968;0
199.5;222035968;0
198.9;222035968;0
200.7;222035968;0
172.0;218042368;0
182.8;221425664;0
237.5;243650560;0
243.7;267124736;0
225.0;286613504;0
255.7;303759360;0
249.3;315478016;0
199.5;334352384;0
213.1;353062912;0
241.5;375455744;0
299.2;394887168;0
299.2;407420928;0
243.7;272019456;0
186.4;221487104;0
201.6;221487104;0
199.5;221487104;0
199.5;221487104;0
200.7;217489408;0
172.0;221630464;0
198.9;221630464;0
149.6;217604096;0
232.7;221802496;0
182.8;213884928;0
133.0;222068736;0
201.6;222068736;0
199.5;222089216;0
199.5;222101504;0
199.5;222105600;0
117.6;214065152;0
172.0;222384128;0
166.2;222384128;0
199.5;222384128;0
200.7;222384128;0
198.9;222384128;0
156.3;222466048;0
172.0;222466048;0
201.6;222466048;0
166.2;222494720;0
199.5;222494720;0
186.4;218468352;0
215.0;222531584;0
199.5;222531584;0
149.6;216576000;0
199.5;222580736;0
