0.0;10510336;0
0.0;10510336;0
0.0;10510336;0
0.0;10510336;0
50.4;14663680;0
99.7;14700544;0
143.3;19107840;0
200.7;19156992;0
216.1;23240704;0
199.5;19238912;0
215.0;23326720;0
182.8;19423232;0
216.1;23535616;0
201.6;23547904;0
213.1;31653888;0
199.5;31608832;0
166.2;27615232;0
186.4;27746304;0
184.7;31809536;0
201.6;31813632;0
199.5;31825920;0
200.7;31838208;0
198.9;31838208;0
201.6;31850496;0
116.4;23822336;0
243.7;31989760;0
199.5;31944704;0
199.5;31907840;0
198.9;32002048;0
200.7;32051200;0
199.5;32051200;0
199.5;32038912;0
84.0;22351872;0
227.3;32153600;0
200.7;32169984;0
199.5;32157696;0
201.6;32219136;0
198.9;32219136;0
199.5;28262400;0
57.3;24403968;0
213.1;32317440;0
200.7;32317440;0
199.5;32448512;0
199.5;32509952;0
201.6;32395264;0
198.9;32489472;0
129.0;28540928;277
149.6;33284096;0
201.6;33284096;0
198.9;32555008;0
186.4;32620544;0
199.5;32686080;0
166.2;28663808;0
142.0;28454912;0
172.0;32538624;0
199.5;32600064;0
199.5;32600064;0
201.6;32600064;0
198.9;32661504;0
200.7;32661504;0
116.4;24612864;0
319.2;62349312;0
299.2;91500544;0
299.2;117538816;0
301.0;141778944;0
298.3;160727040;0
286.7;184754176;0
299.2;208338944;0
286.7;217415680;292
215.0;208400384;636
299.2;218509312;504
184.8;210788352;0
199.5;218521600;0
199.5;218521600;0
198.9;218521600;0
200.7;218521600;0
186.4;214499328;0
156.3;218521600;0
201.6;218517504;0
199.5;218517504;0
199.5;218517504;0
199.5;218517504;0
199.5;218517504;0
200.7;218517504;0
184.7;214495232;0
218.4;218521600;0
199.5;218521600;0
199.5;218521600;0
199.5;218521600;0
200.7;218521600;0
186.4;218521600;0
166.2;212033536;0
184.8;213725184;0
199.5;218525696;0
199.5;218525696;0
199.5;218525696;0
200.7;218525696;0
200.7;218525696;0
166.2;214503424;0
184.8;218525696;0
182.8;218529792;0
199.5;218529792;0
199.5;218529792;0
199.5;218529792;0
172.0;218529792;0
170.5;214507520;0
186.4;214507520;0
215.0;218537984;0
198.9;218537984;0
200.7;218537984;0
199.5;218537984;0
201.6;218537984;0
199.5;218537984;0
186.4;218587136;0
157.7;214564864;0
184.7;218591232;0
200.7;218591232;0
198.9;218591232;0
201.6;218591232;0
166.2;214564864;0
199.5;218591232;0
201.6;214564864;0
216.1;218591232;0
199.5;218591232;0
199.5;218591232;0
199.5;218591232;0
186.4;218595328;0
198.9;218595328;0
200.7;218595328;0
149.6;214568960;0
99.7;209899520;0
332.4;246829056;0
299.2;268062720;0
299.2;288559104;0
302.4;306892800;0
299.2;328306688;0
299.2;341770240;0
302.4;361594880;0
182.8;383959040;0
312.5;407900160;0
266.0;285327360;0
213.1;220991488;0
201.6;220991488;0
199.5;220991488;0
182.8;216965120;0
184.8;222248960;0
199.5;222248960;0
199.5;222248960;0
199.5;222248960;0
199.5;222248960;0
200.7;222248960;0
182.8;218279936;0
116.4;218365952;0
201.6;222404608;0
199.5;222404608;0
199.5;222404608;0
199.5;222408704;0
182.8;222547968;0
201.6;218521600;0
166.2;222674944;0
199.5;222674944;0
201.6;222674944;0
199.5;222674944;0
199.5;222674944;0
127.8;218652672;0
133.0;218775552;0
201.6;222937088;0
199.5;222937088;0
199.5;222937088;0
201.6;222937088;0
199.5;222937088;0
172.0;222990336;0
184.7;218963968;0
182.8;223051776;0
200.7;223064064;0
199.5;223068160;0
200.7;223084544;0
117.6;219090944;0
182.8;219291648;0
199.5;223125504;0
199.5;223125504;0
199.5;223125504;0
201.6;223125504;0
199.5;223125504;0
199.5;223125504;0
184.8;223125504;0
182.8;223158272;0
200.7;223158272;0
198.9;223158272;0
200.7;223158272;0
200.7;223158272;0
170.5;219136000;0
149.6;218529792;0
201.6;223297536;0
199.5;223297536;0
199.5;223297536;0
200.7;223297536;0
198.9;223297536;0
143.3;219275264;0
129.0;222621696;0
284.1;248139776;0
301.0;276013056;0
301.0;302202880;0
298.3;326803456;0
299.2;346030080;0
299.2;362246144;0
299.2;393498624;0
285.6;408322048;0
243.7;220729344;0
198.9;220729344;0
200.7;220729344;0
186.4;221962240;0
199.5;221962240;0
199.5;217939968;0
232.7;222134272;0
199.5;222134272;0
201.6;222134272;0
182.8;217018368;0
199.5;222236672;0
201.6;222236672;0
182.8;218210304;0
170.5;222232576;0
200.7;222232576;0
156.3;218210304;0
186.4;222236672;0
200.7;222236672;0
198.9;222236672;0
172.0;221528064;0
201.6;222257152;0
216.1;222273536;0
166.2;222306304;0
199.5;222306304;0
198.9;222306304;0
200.7;222306304;0
200.7;222343168;0
198.9;222343168;0
200.7;222343168;0
100.8;218320896;0
199.5;222392320;0
182.8;218370048;0
133.0;222392320;0
199.5;222392320;0
201.6;222392320;0
182.8;222466048;0
199.5;222466048;0
200.7;222466048;0
200.7;222466048;0
198.9;222547968;0
200.7;218525696;0
216.1;222658560;0
199.5;222658560;0
201.6;222658560;0
200.7;222658560;0
127.8;218632192;0
100.3;218632192;0
235.2;222744576;0
199.5;222744576;0
182.8;222744576;0
199.5;222744576;0
198.9;222744576;0
172.0;222744576;0
200.0;232775680;0
299.2;261787648;0
301.0;281313280;0
301.0;300146688;0
282.6;316338176;0
243.7;334295040;0
272.4;357826560;0
255.7;373813248;0
284.1;395833344;0
282.6;408117248;0
272.4;230891520;0
200.7;220893184;0
199.5;220893184;0
216.1;222089216;0
199.5;218075136;0
182.8;222294016;0
200.7;222298112;0
201.6;222298112;0
200.7;222298112;0
198.9;222298112;0
116.4;214200320;0
200.7;217178112;0
201.6;222650368;0
199.5;222666752;0
199.5;222666752;0
172.0;222666752;0
198.9;222666752;0
166.2;218644480;0
201.6;222748672;0
172.0;222748672;0
199.5;222748672;0
199.5;222748672;0
184.8;222748672;0
166.2;222777344;0
198.9;222777344;0
186.4;218509312;0
199.5;222842880;0
199.5;222842880;0
201.6;222842880;0
