0.0;10522624;0
0.0;10522624;0
0.0;10522624;0
0.0;10522624;0
33.2;12656640;0
99.7;12705792;0
71.7;12754944;0
99.7;12787712;0
49.9;12820480;0
99.7;10829824;0
57.3;12886016;0
99.7;10895360;0
67.2;13004800;0
85.2;11018240;0
71.7;13074432;0
99.7;11112448;0
84.0;13185024;0
71.0;11161600;0
84.0;13201408;0
66.5;11177984;0
99.7;13250560;0
71.0;11243520;0
100.3;13303808;0
66.5;11890688;0
99.7;13332480;0
84.0;13381632;0
99.7;13459456;0
100.3;13590528;173
99.4;13590528;0
67.2;13451264;0
99.7;13451264;0
66.5;13434880;0
100.3;13565952;0
56.8;13647872;0
99.7;13647872;0
49.9;13500416;0
100.8;13500416;0
56.8;13627392;0
86.0;11661312;0
66.5;13553664;0
99.7;13553664;0
71.0;13778944;0
86.0;11755520;0
83.1;13570048;0
83.1;11550720;0
71.7;13570048;0
71.0;11550720;0
83.1;13553664;0
66.5;11530240;0
100.8;13541376;0
56.8;11522048;0
114.7;13574144;0
71.7;13090816;0
113.6;13778944;0
66.5;13242368;0
99.4;13570048;0
67.2;13570048;0
99.7;13570048;0
57.3;13778944;0
100.3;13778944;0
56.8;13570048;0
99.7;13570048;0
49.9;13758464;0
100.8;13758464;0
66.5;13570048;0
86.0;11550720;0
71.7;13766656;0
99.7;11743232;0
83.1;13553664;0
83.1;11530240;0
86.0;13553664;0
71.0;11530240;0
100.3;13758464;0
66.5;13213696;0
99.7;13553664;0
49.9;14053376;0
99.7;13557760;0
67.2;13570048;0
99.7;13570048;0
49.9;13721600;0
100.3;13721600;0
56.8;13524992;0
99.7;13524992;0
66.5;13766656;0
100.8;13766656;0
71.0;13520896;0
86.0;11497472;0
49.9;13758464;0
99.7;11735040;0
66.5;13553664;0
99.7;11530240;0
71.7;13774848;0
83.1;11755520;0
84.0;13574144;0
66.5;11550720;0
99.7;13570048;0
56.8;11550720;0
100.3;13549568;0
57.3;12533760;0
99.7;13758464;0
71.7;13520896;0
100.3;13520896;0
71.0;13570048;0
99.7;13570048;0
66.5;13553664;0
100.8;13553664;0
71.0;13570048;0
100.3;13570048;0
71.7;13570048;0
85.2;11546624;0
83.1;13574144;0
83.1;11550720;0
100.8;13549568;0
66.5;11530240;0
99.7;13574144;0
50.4;13537280;0
99.4;13774848;0
57.3;13557760;0
99.4;13557760;0
71.7;13778944;0
100.3;13778944;0
71.0;13524992;0
100.8;13524992;0
66.5;13570048;0
99.7;13570048;0
66.5;13770752;0
99.7;11751424;0
71.7;13574144;0
85.2;11550720;0
86.0;13754368;0
71.7;11735040;0
99.4;13557760;0
57.3;12738560;0
99.4;13553664;0
71.7;13762560;0
100.3;13762560;0
56.8;13570048;0
100.3;13570048;0
57.3;13778944;0
99.4;13778944;0
71.7;13553664;0
99.7;13553664;0
67.2;13570048;0
83.1;11550720;0
83.1;13574144;0
84.0;11550720;0
85.2;13778944;0
71.7;11755520;0
99.4;13570048;0
71.7;12705792;0
100.8;13574144;0
49.9;13553664;0
99.7;13553664;0
50.4;13758464;0
99.7;13758464;0
49.9;13549568;0
99.7;13549568;0
71.7;13778944;0
86.0;11755520;0
71.0;13549568;0
71.7;11530240;0
86.0;13549568;0
71.0;11530240;0
100.3;13565952;0
71.0;13778944;0
100.3;13778944;0
57.3;13574144;0
99.7;13574144;0
66.5;13574144;0
100.8;13574144;0
66.5;13553664;0
99.7;11530240;0
99.7;13574144;0
83.1;11550720;0
86.0;13778944;0
71.0;11755520;0
99.7;13570048;0
50.4;12693504;0
99.7;13553664;0
66.5;13574144;0
99.7;13574144;0
66.5;13778944;0
100.8;13778944;0
66.5;13574144;0
99.7;13574144;0
67.2;13762560;0
83.1;11743232;0
83.1;13561856;0
66.5;11542528;0
99.7;13561856;0
50.4;11804672;0
116.4;13570048;0
66.5;13774848;0
100.8;13774848;0
66.5;13520896;0
99.7;13520896;0
66.5;13574144;0
99.7;13574144;0
84.0;13778944;0
86.0;11755520;0
85.2;13574144;0
71.7;11550720;0
86.0;13570048;0
56.8;11550720;0
100.3;13778944;0
56.8;13549568;0
100.3;13549568;0
57.3;13778944;0
99.4;13778944;0
57.3;13574144;0
100.8;13574144;0
71.0;13570048;0
83.1;11550720;0
71.0;13553664;0
86.0;11534336;0
86.0;13570048;0
71.0;11550720;0
100.3;13778944;0
50.4;12902400;0
99.7;13574144;0
66.5;13758464;0
100.3;13758464;0
56.8;13553664;0
100.3;13553664;0
86.0;13549568;0
85.2;11530240;0
71.7;13570048;0
71.7;11550720;0
85.2;13774848;0
57.3;11755520;0
99.7;13570048;0
71.0;13770752;0
100.3;13770752;0
57.3;13553664;0
99.4;13553664;0
71.7;13774848;0
100.3;13774848;0
56.8;13553664;0
86.0;11530240;0
71.0;13549568;0
66.5;11530240;0
100.8;13774848;0
49.9;12382208;0
99.7;13549568;0
66.5;13778944;0
100.8;13778944;0
66.5;13553664;0
99.7;13553664;0
66.5;13561856;0
99.7;11542528;0
71.7;13758464;0
71.7;11735040;0
85.2;13524992;0
57.3;12455936;0
100.8;13770752;0
49.9;13574144;0
99.7;13574144;0
66.5;13574144;0
99.4;13574144;0
57.3;13774848;0
100.3;11755520;0
71.0;13570048;0
66.5;11550720;0
100.8;13754368;0
49.9;12193792;0
99.7;13574144;0
66.5;13758464;0
99.7;13758464;0
71.7;13574144;0
100.3;13574144;0
71.0;13574144;0
99.7;11550720;0
84.0;13774848;0
66.5;11739136;0
99.4;13770752;0
100.3;14864384;0
142.0;13705216;0
43.0;13762560;0
100.8;13762560;0
43.0;13762560;0
99.4;13762560;0
157.7;15818752;0
114.7;11776000;0
83.1;13729792;0
66.5;11706368;0
100.3;13975552;0
116.4;15798272;0
99.7;13803520;0
117.6;16023552;0
116.4;14000128;0
99.7;13770752;0
100.3;13770752;0
143.3;13881344;0
99.4;13885440;0
166.2;13848576;0
99.7;13848576;0
199.5;15835136;0
129.0;15859712;0
200.7;15908864;0
133.0;14123008;0
