8.3;0.4;0.0;0.0;318.0


8.3;128.0;7.6;0.0;318.0


8.3;93.6;7.4;0.0;318.0


4.2;83.8;8.3;0.0;318.0


0.0;0.3;0.0;0.0;318.0


4.2;26.4;1.0;0.0;318.0


8.4;2.3;0.2;5.0;464.0


8.3;0.0;0.0;5.0;602.0


8.4;0.0;0.0;5.0;743.0


8.3;0.0;0.0;6.0;873.0


8.4;0.2;0.0;4.0;1021.0


8.4;70.2;67.7;4.0;1123.0


8.3;84.8;353.6;22.0;1741.0


22.2;0.0;0.0;62.0;1741.0


0.0;0.4;0.0;0.0;1741.0


4.7;225.8;9.7;0.0;1741.0


9.5;1264.5;55.5;0.0;1741.0


8.3;1.0;0.3;0.0;1741.0


8.3;0.0;0.0;0.0;1741.0


8.4;0.0;0.0;0.0;1741.0


8.4;0.0;0.0;0.0;1741.0


8.3;0.0;0.0;0.0;1741.0


8.4;0.0;0.0;0.0;1741.0


8.3;0.0;0.0;0.0;1741.0


8.4;0.0;0.0;0.0;1741.0


8.4;0.0;0.0;0.0;1741.0


8.3;0.0;0.0;0.0;1741.0


8.4;0.0;0.0;0.0;1741.0


8.3;0.0;0.0;0.0;1741.0


8.4;0.0;0.0;0.0;1741.0


8.3;0.0;0.0;0.0;1741.0


8.4;0.0;0.0;0.0;1741.0


8.3;0.0;0.0;0.0;1741.0


8.3;0.0;0.0;0.0;1741.0


8.4;0.0;0.0;0.0;1741.0


8.3;0.0;0.0;0.0;1741.0


8.3;0.0;0.0;0.0;1741.0


0.0;0.1;0.0;0.0;1741.0


0.0;0.3;0.0;0.0;1741.0


9.4;571.2;24.9;0.0;1741.0


8.3;919.9;40.4;0.0;1741.0


8.4;1.0;0.3;0.0;1741.0


8.4;0.0;0.0;0.0;1741.0


8.3;0.0;0.0;0.0;1741.0


8.4;0.0;0.0;0.0;1741.0


8.3;0.0;0.0;0.0;1741.0


8.4;0.0;0.0;0.0;1741.0


8.3;0.0;0.0;0.0;1741.0


8.4;0.0;0.0;0.0;1741.0


8.3;0.0;0.0;0.0;1741.0


8.3;0.0;0.0;0.0;1741.0


8.3;0.0;0.0;0.0;1741.0


8.3;0.0;0.0;0.0;1741.0


8.3;0.0;0.0;0.0;1741.0


8.3;0.0;0.0;0.0;1741.0


8.4;0.0;0.0;0.0;1741.0


8.4;0.0;0.0;0.0;1741.0


8.3;0.0;0.0;0.0;1741.0


8.4;0.0;0.0;0.0;1741.0


8.3;0.0;0.0;0.0;1741.0


8.4;0.0;0.0;0.0;1741.0


8.4;1.0;0.3;0.0;1741.0


8.3;0.0;0.0;0.0;1741.0


8.4;0.0;0.0;0.0;1741.0


8.3;0.0;0.0;0.0;1741.0


8.4;0.0;0.0;0.0;1741.0


8.3;0.0;0.0;0.0;1741.0


8.4;0.0;0.0;0.0;1741.0


8.3;0.0;0.0;0.0;1741.0


8.3;0.0;0.0;0.0;1741.0


8.4;0.0;0.0;0.0;1741.0


8.3;0.2;0.0;58.0;1929.0


8.3;0.0;0.0;55.0;2707.0


8.4;0.0;0.0;40.0;3487.0


8.3;0.0;0.0;44.0;4243.0


8.4;0.0;0.0;46.0;5021.0


8.3;0.0;0.0;40.0;5775.0


26.6;0.0;0.0;52.0;6443.0


32.2;0.0;0.0;13.0;7043.0


8.3;0.0;0.0;54.0;7043.0


8.4;0.0;0.0;55.0;7043.0


8.3;0.0;0.0;54.0;7043.0


8.4;0.0;0.0;55.0;7043.0


8.3;0.0;0.0;54.0;7043.0


8.4;0.0;0.0;54.0;7043.0


8.3;0.0;0.0;55.0;7043.0


8.3;0.0;0.0;55.0;7043.0


8.3;0.0;0.0;55.0;7043.0


8.3;0.0;0.0;55.0;7043.0


8.4;0.0;0.0;55.0;7043.0


8.3;0.0;0.0;55.0;7043.0


3.6;10.6;0.8;24.0;7043.0


0.0;0.3;0.0;0.0;7043.0


4.2;177.3;7.5;0.0;7043.0


7.0;1314.2;57.7;0.0;7043.0


8.3;1.0;0.3;0.0;7043.0


8.4;0.0;0.0;0.0;7043.0


8.4;0.0;0.0;0.0;7043.0


8.3;0.0;0.0;0.0;7043.0


8.4;0.0;0.0;0.0;7043.0


8.3;0.0;0.0;0.0;7043.0


8.4;0.0;0.0;0.0;7043.0


8.3;0.0;0.0;0.0;7043.0


8.4;0.0;0.0;0.0;7043.0


8.4;0.0;0.0;0.0;7043.0


8.3;0.0;0.0;0.0;7043.0


8.3;0.0;0.0;0.0;7043.0


8.3;0.0;0.0;0.0;7043.0


8.3;0.0;0.0;0.0;7043.0


8.4;0.0;0.0;0.0;7043.0


8.3;0.0;0.0;0.0;7043.0


8.4;0.0;0.0;0.0;7043.0


8.3;0.0;0.0;0.0;7043.0


8.4;0.0;0.0;0.0;7043.0


8.4;0.0;0.0;0.0;7043.0


0.0;0.1;0.0;0.0;7043.0


0.0;0.3;0.0;0.0;7043.0


8.4;573.0;24.9;0.0;7043.0


8.3;918.6;40.3;0.0;7043.0


8.3;1.0;0.3;0.0;7043.0


8.3;0.0;0.0;0.0;7043.0


8.3;0.0;0.0;0.0;7043.0


8.3;0.0;0.0;0.0;7043.0


8.3;0.0;0.0;0.0;7043.0


8.3;0.0;0.0;0.0;7043.0


8.3;0.0;0.0;0.0;7043.0


8.3;0.0;0.0;0.0;7043.0


8.3;0.0;0.0;0.0;7043.0


8.4;0.0;0.0;0.0;7043.0


8.3;0.0;0.0;0.0;7043.0


8.4;0.0;0.0;0.0;7043.0


8.3;0.0;0.0;0.0;7043.0


8.4;0.0;0.0;0.0;7043.0


8.4;0.0;0.0;0.0;7043.0


8.3;0.0;0.0;0.0;7043.0


8.4;0.0;0.0;0.0;7043.0


8.3;0.0;0.0;0.0;7043.0


8.4;0.0;0.0;0.0;7043.0


8.3;0.0;0.0;0.0;7043.0


8.4;1.0;0.3;0.0;7043.0


8.4;0.0;0.0;0.0;7043.0


8.3;0.0;0.0;0.0;7043.0


8.3;0.0;0.0;0.0;7043.0


8.3;0.0;0.0;0.0;7043.0


8.3;0.0;0.0;0.0;7043.0


8.4;0.0;0.0;0.0;7043.0


8.3;0.0;0.0;0.0;7043.0


8.4;0.0;0.0;0.0;7043.0


8.3;0.0;0.0;0.0;7043.0


8.4;0.0;0.0;4.0;7045.0


8.3;0.0;0.0;45.0;7045.0


8.4;0.0;0.0;56.0;7045.0


8.4;0.0;0.0;56.0;7045.0


8.3;0.0;0.0;58.0;7047.0


44.8;0.0;0.0;52.0;7263.0


8.3;0.0;0.0;55.0;7263.0


8.3;0.0;0.0;54.0;7263.0


8.3;0.0;0.0;54.0;7263.0


8.3;0.0;0.0;54.0;7263.0


8.3;0.0;0.0;54.0;7263.0


8.3;0.0;0.0;55.0;7263.0


8.3;0.0;0.0;55.0;7263.0


8.4;0.0;0.0;55.0;7263.0


8.3;0.0;0.0;55.0;7263.0


8.4;0.0;0.0;55.0;7263.0


8.3;0.0;0.0;55.0;7263.0


8.4;0.0;0.0;55.0;7263.0


0.0;10.9;0.8;0.0;7263.0


5.5;175.3;7.5;0.0;7263.0


11.2;1315.5;57.8;0.0;7263.0


8.3;1.0;0.3;0.0;7263.0


8.3;0.0;0.0;0.0;7263.0


8.3;0.0;0.0;0.0;7263.0


8.3;0.0;0.0;0.0;7263.0


8.3;0.0;0.0;0.0;7263.0


8.4;0.0;0.0;0.0;7263.0


8.4;0.0;0.0;0.0;7263.0


8.3;0.0;0.0;0.0;7263.0


8.3;0.0;0.0;0.0;7263.0


8.3;0.0;0.0;0.0;7263.0


8.3;0.0;0.0;0.0;7263.0


8.4;0.0;0.0;0.0;7263.0


8.3;0.0;0.0;0.0;7263.0


8.4;0.0;0.0;0.0;7263.0


8.4;0.0;0.0;0.0;7263.0


8.4;0.0;0.0;0.0;7263.0


8.4;0.0;0.0;0.0;7263.0


8.4;0.0;0.0;0.0;7263.0


8.4;0.0;0.0;0.0;7263.0


8.3;0.0;0.0;0.0;7263.0


1.2;0.1;0.0;0.0;7263.0


0.0;0.3;0.0;0.0;7263.0


8.3;523.0;22.7;0.0;7263.0


8.3;968.0;42.5;0.0;7263.0


8.3;1.0;0.3;0.0;7263.0


8.4;0.0;0.0;0.0;7263.0


8.3;0.0;0.0;0.0;7263.0


8.3;0.0;0.0;0.0;7263.0


8.4;0.0;0.0;0.0;7263.0


8.3;0.0;0.0;0.0;7263.0


8.4;0.0;0.0;0.0;7263.0


8.3;0.0;0.0;0.0;7263.0


8.4;0.0;0.0;0.0;7263.0


8.3;0.0;0.0;0.0;7263.0


8.3;0.0;0.0;0.0;7263.0


8.4;0.0;0.0;0.0;7263.0


8.3;0.0;0.0;0.0;7263.0


8.3;0.0;0.0;0.0;7263.0


8.3;0.0;0.0;0.0;7263.0


8.3;0.0;0.0;0.0;7263.0


8.3;0.0;0.0;0.0;7263.0


8.3;0.0;0.0;0.0;7263.0


8.4;0.0;0.0;0.0;7263.0


8.3;0.0;0.0;0.0;7263.0


8.3;1.0;0.3;0.0;7263.0


8.3;0.0;0.0;0.0;7263.0


8.3;0.0;0.0;0.0;7263.0


8.4;0.0;0.0;0.0;7263.0


8.3;0.0;0.0;0.0;7263.0


8.4;0.0;0.0;0.0;7263.0


8.4;0.0;0.0;0.0;7263.0


8.4;0.0;0.0;0.0;7263.0


8.4;0.0;0.0;0.0;7263.0


8.4;0.0;0.0;0.0;7263.0


8.4;0.0;0.0;98.0;7263.0


8.3;0.0;0.0;48.0;7263.0


8.3;0.0;0.0;57.0;7263.0


8.3;0.0;0.0;56.0;7263.0


22.2;0.0;0.0;62.0;7263.0


18.8;0.0;0.0;55.0;7263.0


8.3;0.0;0.0;55.0;7263.0


8.4;0.0;0.0;54.0;7263.0


8.3;0.0;0.0;55.0;7263.0


8.3;0.0;0.0;55.0;7263.0


8.4;0.0;0.0;55.0;7263.0


8.3;0.0;0.0;54.0;7263.0


8.4;0.0;0.0;55.0;7263.0


8.3;0.0;0.0;55.0;7263.0


8.4;0.0;0.0;55.0;7263.0


8.3;0.0;0.0;55.0;7263.0


8.3;0.0;0.0;55.0;7263.0


5.6;10.6;0.8;14.0;7263.0


0.0;0.3;0.0;0.0;7263.0


5.2;227.3;9.8;0.0;7263.0


9.7;1263.5;55.5;0.0;7263.0


8.3;1.0;0.3;0.0;7263.0


8.4;0.0;0.0;0.0;7263.0


8.3;0.0;0.0;0.0;7263.0


8.4;0.0;0.0;0.0;7263.0


8.3;0.0;0.0;0.0;7263.0


8.3;0.0;0.0;0.0;7263.0


8.3;0.0;0.0;0.0;7263.0


8.3;0.0;0.0;0.0;7263.0


8.4;0.0;0.0;0.0;7263.0


8.3;0.0;0.0;0.0;7263.0


8.4;0.0;0.0;0.0;7263.0


8.4;0.0;0.0;0.0;7263.0


8.3;0.0;0.0;0.0;7263.0


8.4;0.0;0.0;0.0;7263.0


8.4;0.0;0.0;0.0;7263.0


8.4;0.0;0.0;0.0;7263.0


8.3;0.0;0.0;0.0;7263.0


8.3;0.0;0.0;0.0;7263.0


8.3;0.0;0.0;0.0;7263.0


8.3;0.0;0.0;0.0;7263.0


1.2;0.1;0.0;0.0;7263.0


0.0;0.3;0.0;0.0;7263.0


9.6;571.4;24.8;0.0;7263.0


8.3;920.1;40.4;0.0;7263.0


8.3;1.0;0.3;0.0;7263.0


8.4;0.0;0.0;0.0;7263.0


8.3;0.0;0.0;0.0;7263.0


8.4;0.0;0.0;0.0;7263.0


8.4;0.0;0.0;0.0;7263.0


8.4;0.0;0.0;0.0;7263.0


8.4;0.0;0.0;0.0;7263.0


8.3;0.0;0.0;0.0;7263.0


8.4;0.0;0.0;0.0;7263.0


8.3;0.0;0.0;0.0;7263.0


8.3;0.0;0.0;0.0;7263.0


8.3;0.0;0.0;0.0;7263.0


8.3;0.0;0.0;0.0;7263.0


8.4;0.0;0.0;0.0;7263.0


8.3;0.0;0.0;0.0;7263.0


8.3;0.0;0.0;0.0;7263.0


8.3;0.0;0.0;0.0;7263.0


8.3;0.0;0.0;0.0;7263.0


8.3;0.0;0.0;0.0;7263.0


8.3;0.0;0.0;0.0;7263.0


8.4;1.0;0.3;0.0;7263.0


8.3;0.0;0.0;0.0;7263.0


8.4;0.0;0.0;0.0;7263.0


8.4;0.0;0.0;0.0;7263.0


8.3;0.0;0.0;0.0;7263.0


8.4;0.0;0.0;0.0;7263.0


8.4;0.0;0.0;0.0;7263.0


8.4;0.0;0.0;0.0;7263.0


8.3;0.0;0.0;0.0;7263.0


8.3;0.0;0.0;0.0;7263.0


21.3;0.0;0.0;37.0;7263.0


