8.4;56.5;24.3;1.9;0.0;1035.0
6.9;103.6;130.6;11.5;0.0;1035.0
8.4;144.3;143.9;7.7;0.0;1035.0
8.3;278.4;121.7;6.4;7.0;1202.0
6.9;625.3;36.9;2.2;1.0;1210.0
8.3;654.1;92.0;6.0;0.0;1210.0
8.3;699.2;88.4;20.5;0.0;1210.0
8.4;760.8;6.7;33.5;0.0;1210.0
8.3;812.4;5.5;27.5;0.0;1210.0
8.4;872.4;6.6;33.0;0.0;1210.0
8.4;934.4;6.7;33.5;0.0;1210.0
8.4;981.6;5.1;25.5;0.0;1210.0
8.4;1040.8;6.3;31.5;0.0;1210.0
8.3;1100.6;6.7;33.5;0.0;1210.0
8.4;1141.4;4.4;22.0;0.0;1210.0
8.3;1202.9;6.6;33.0;0.0;1210.0
8.4;1263.3;6.7;33.5;0.0;1210.0
8.3;1323.2;6.6;33.0;0.0;1210.0
8.3;1364.7;4.4;22.0;0.0;1210.0
8.3;1420.5;2.5;11.3;0.0;1210.0
8.3;1463.9;0.0;0.0;0.0;1210.0
8.4;1475.8;0.0;0.0;0.0;1210.0
8.3;1475.9;322.2;0.6;0.0;1210.0
8.3;1475.9;334.2;0.6;0.0;1210.0
8.4;1475.9;339.9;0.6;0.0;1210.0
8.3;1475.9;337.8;0.6;0.0;1210.0
8.4;1475.9;336.3;0.6;0.0;1210.0
8.3;1475.9;334.5;0.6;0.0;1210.0
8.4;1475.9;335.4;0.6;0.0;1210.0
8.4;1475.9;333.3;0.6;0.0;1210.0
8.4;1475.9;335.1;0.6;1.0;1210.0
8.4;1475.9;336.3;0.6;0.0;1210.0
8.3;1475.9;334.5;0.6;0.0;1210.0
8.4;1475.9;341.1;0.6;0.0;1210.0
8.3;1475.9;339.9;0.6;0.0;1210.0
8.3;1475.9;338.4;0.6;0.0;1210.0
8.3;1475.9;338.1;0.6;0.0;1210.0
8.3;1475.9;338.4;0.6;0.0;1210.0
8.4;1475.9;342.9;0.6;0.0;1210.0
8.3;1475.9;334.8;0.6;1.0;1210.0
8.3;1475.9;344.4;0.6;0.0;1210.0
8.3;1475.9;339.0;0.6;0.0;1210.0
8.3;1475.9;332.4;0.6;0.0;1210.0
8.4;1475.9;339.0;0.6;0.0;1210.0
8.3;1475.9;341.1;0.6;0.0;1210.0
8.4;1475.9;328.2;0.6;0.0;1210.0
8.4;1475.9;333.3;0.6;0.0;1210.0
8.4;1475.9;341.4;0.6;0.0;1210.0
8.4;1475.9;333.6;0.6;1.0;1210.0
8.3;1475.9;335.1;0.6;0.0;1210.0
8.4;1475.9;333.0;0.6;0.0;1210.0
8.3;1475.9;331.8;0.6;0.0;1210.0
8.4;1475.9;335.7;0.6;0.0;1210.0
8.3;1475.9;336.0;0.6;0.0;1210.0
8.3;1475.9;339.3;0.6;0.0;1210.0
8.3;1475.9;338.1;0.6;0.0;1210.0
8.3;1475.9;342.0;0.6;0.0;1210.0
8.4;1475.9;335.4;0.6;0.0;1210.0
8.3;1475.9;330.9;0.6;0.0;1210.0
8.3;1475.9;337.2;0.6;0.0;1210.0
8.4;1475.9;333.9;0.6;0.0;1210.0
8.3;1475.9;335.7;0.6;0.0;1210.0
8.4;1475.9;336.0;0.6;0.0;1210.0
8.3;1475.9;338.1;0.6;0.0;1210.0
8.4;1475.9;333.3;0.6;0.0;1210.0
8.4;1475.9;337.8;0.6;0.0;1210.0
8.4;1475.9;340.2;0.6;0.0;1210.0
8.4;1475.9;350.4;0.6;0.0;1210.0
8.3;1475.9;324.9;0.6;0.0;1210.0
8.4;1475.9;335.6;0.6;0.0;1210.0
8.3;1475.9;339.7;0.6;0.0;1210.0
8.3;1475.9;330.3;0.6;0.0;1210.0
8.3;1475.9;337.5;0.6;0.0;1210.0
8.3;1475.9;330.9;0.6;0.0;1210.0
8.4;1475.9;339.6;0.6;0.0;1210.0
8.3;1475.9;334.2;0.6;1.0;1210.0
8.3;1475.9;337.2;0.6;0.0;1210.0
8.3;1475.9;334.2;0.6;0.0;1210.0
8.3;1475.9;330.9;0.6;0.0;1210.0
8.4;1475.9;332.4;0.6;0.0;1210.0
8.3;1475.9;329.4;0.6;0.0;1210.0
8.4;1475.9;331.2;0.6;0.0;1210.0
8.4;1475.9;333.6;0.6;0.0;1210.0
8.4;1475.9;336.6;0.6;0.0;1210.0
8.4;1475.9;335.1;0.6;0.0;1210.0
8.3;1475.9;332.4;0.6;0.0;1210.0
8.4;1475.9;336.6;0.6;0.0;1210.0
8.3;1475.9;334.3;0.6;0.0;1210.0
8.4;1475.9;330.5;0.6;0.0;1210.0
8.3;1475.9;334.8;0.6;0.0;1210.0
8.3;1475.9;329.4;0.6;0.0;1210.0
8.4;1475.9;331.2;0.6;0.0;1210.0
8.3;1475.9;342.0;0.6;0.0;1210.0
8.3;1475.9;337.8;0.6;0.0;1210.0
8.3;1475.9;333.0;0.6;0.0;1210.0
8.3;1475.9;336.3;0.6;0.0;1210.0
8.4;1475.9;335.7;0.6;0.0;1210.0
8.3;1475.9;341.1;0.6;0.0;1210.0
8.4;1475.9;335.7;0.6;0.0;1210.0
8.3;1475.9;334.8;0.6;0.0;1210.0
8.4;1475.9;324.6;0.6;0.0;1210.0
8.4;1475.9;337.8;0.6;0.0;1210.0
8.3;1475.9;329.7;0.6;0.0;1210.0
8.4;1475.9;342.0;0.6;0.0;1210.0
8.3;1475.9;335.7;0.6;0.0;1210.0
8.4;1475.9;343.2;0.6;0.0;1210.0
8.3;1475.9;328.5;0.6;0.0;1210.0
8.3;1475.9;333.3;0.6;0.0;1210.0
8.3;1475.9;334.8;0.6;0.0;1210.0
8.3;1475.9;342.6;0.6;0.0;1210.0
8.4;1475.9;329.4;0.6;0.0;1210.0
8.3;1475.9;336.9;0.6;0.0;1210.0
8.3;1475.9;338.4;0.6;0.0;1210.0
8.4;1475.9;339.6;0.6;0.0;1210.0
8.3;1475.9;324.3;0.6;0.0;1210.0
8.4;1475.9;338.7;0.6;0.0;1210.0
8.3;1475.9;330.0;0.6;0.0;1210.0
8.4;1475.9;322.2;0.6;0.0;1210.0
8.4;1475.9;333.9;0.6;0.0;1210.0
8.4;1475.9;346.5;0.6;0.0;1210.0
8.4;1475.9;328.0;0.6;0.0;1210.0
8.3;1475.9;332.9;0.6;0.0;1210.0
8.4;1475.9;340.2;0.6;0.0;1210.0
8.3;1475.9;330.9;0.6;0.0;1210.0
8.4;1475.9;330.3;0.6;0.0;1210.0
8.3;1475.9;335.7;0.6;0.0;1210.0
8.3;1475.9;331.8;0.6;0.0;1210.0
8.4;1475.9;335.7;0.6;0.0;1210.0
8.3;1475.9;331.8;0.6;0.0;1210.0
8.3;1475.9;339.3;0.6;0.0;1210.0
8.3;1475.9;328.8;0.6;0.0;1210.0
8.3;1475.9;334.2;0.6;0.0;1210.0
8.4;1475.9;338.4;0.6;0.0;1210.0
8.3;1475.9;335.7;0.6;0.0;1210.0
8.4;1475.9;336.3;0.6;0.0;1210.0
8.3;1475.9;340.2;0.6;0.0;1210.0
8.4;1475.9;328.5;0.6;0.0;1210.0
8.4;1475.9;329.7;0.6;0.0;1210.0
8.3;1475.9;334.5;0.6;0.0;1210.0
8.4;1475.9;334.5;0.6;0.0;1210.0
8.3;1475.9;327.9;0.6;0.0;1210.0
8.4;1475.9;339.6;0.6;0.0;1210.0
8.3;1475.9;339.9;0.6;0.0;1210.0
8.3;1475.9;335.4;0.6;0.0;1210.0
8.4;1475.9;330.0;0.6;0.0;1210.0
8.3;1475.9;336.6;0.6;0.0;1210.0
8.4;1475.9;331.2;0.6;0.0;1210.0
8.3;1475.9;330.3;0.6;0.0;1210.0
8.3;1475.9;335.7;0.6;0.0;1210.0
8.4;1475.9;335.1;0.6;0.0;1210.0
8.3;1475.9;333.3;0.6;0.0;1210.0
8.4;1475.9;334.5;0.6;0.0;1210.0
8.3;1475.9;336.0;0.6;0.0;1210.0
8.4;1475.9;333.5;0.6;0.0;1210.0
8.4;1475.9;332.8;0.6;0.0;1210.0
8.4;1475.9;331.2;0.6;0.0;1210.0
8.4;1475.9;332.1;0.6;0.0;1210.0
8.3;1475.9;334.2;0.6;0.0;1210.0
8.4;1475.9;335.4;0.6;0.0;1210.0
8.3;1475.9;342.3;0.6;0.0;1210.0
8.3;1475.9;314.7;0.6;0.0;1210.0
8.3;1475.9;332.4;0.6;0.0;1210.0
8.3;1475.9;340.5;0.6;0.0;1210.0
8.4;1475.9;334.2;0.6;0.0;1210.0
8.3;1475.9;338.1;0.6;0.0;1210.0
8.3;1475.9;332.1;0.6;0.0;1210.0
8.3;1475.9;327.6;0.6;0.0;1210.0
8.3;1475.9;336.0;0.6;0.0;1210.0
8.4;1475.9;339.6;0.6;0.0;1210.0
8.3;1475.9;329.4;0.6;0.0;1210.0
8.4;1475.9;335.1;0.6;0.0;1210.0
8.3;1475.9;357.0;0.6;0.0;1210.0
8.4;1475.9;322.5;0.6;0.0;1210.0
8.4;1475.9;332.1;0.6;0.0;1210.0
8.3;1475.9;333.3;0.6;0.0;1210.0
8.4;1475.9;340.8;0.6;0.0;1210.0
8.3;1475.9;338.1;0.6;0.0;1210.0
8.4;1475.9;336.6;0.6;0.0;1210.0
8.3;1475.9;331.8;0.6;0.0;1210.0
8.3;1475.9;336.9;0.6;0.0;1210.0
8.4;1475.9;327.0;0.6;0.0;1210.0
8.3;1475.9;333.0;0.6;0.0;1210.0
8.4;1475.9;334.8;0.6;0.0;1210.0
8.3;1475.9;325.5;0.6;0.0;1210.0
8.3;1475.9;335.4;0.6;0.0;1210.0
8.4;1475.9;334.5;0.6;0.0;1210.0
8.3;1475.9;339.3;0.6;0.0;1210.0
8.4;1475.9;348.9;0.6;0.0;1210.0
8.3;1475.9;338.4;0.6;0.0;1210.0
8.4;1475.9;336.4;0.6;0.0;1210.0
8.4;1475.9;336.2;0.6;0.0;1210.0
8.4;1475.9;330.9;0.6;0.0;1210.0
8.4;1475.9;339.9;0.6;0.0;1210.0
8.3;1475.9;329.1;0.6;0.0;1210.0
8.4;1475.9;334.8;0.6;0.0;1210.0
8.3;1475.9;337.8;0.6;0.0;1210.0
8.3;1475.9;332.4;0.6;0.0;1210.0
8.3;1475.9;338.4;0.6;0.0;1210.0
8.3;1475.9;333.3;0.6;0.0;1210.0
8.3;1475.9;347.1;0.6;0.0;1210.0
8.3;1475.9;317.7;0.6;0.0;1210.0
8.3;1475.9;333.9;0.6;0.0;1210.0
8.3;1475.9;332.4;0.6;0.0;1210.0
8.3;1475.9;332.4;0.6;0.0;1210.0
8.4;1475.9;339.9;0.6;0.0;1210.0
8.3;1475.9;332.1;0.6;0.0;1210.0
8.4;1475.9;338.1;0.6;0.0;1210.0
8.3;1475.9;335.4;0.6;0.0;1210.0
8.4;1475.9;336.0;0.6;0.0;1210.0
8.4;1475.9;331.2;0.6;1.0;1210.0
8.3;1475.9;335.9;0.6;0.0;1210.0
8.4;1475.9;340.0;0.6;0.0;1210.0
8.3;1475.9;333.6;0.6;0.0;1210.0
8.4;1475.9;328.5;0.6;0.0;1210.0
8.3;1475.9;335.4;0.6;0.0;1210.0
8.3;1475.9;333.6;0.6;0.0;1210.0
8.4;1475.9;330.3;0.6;0.0;1210.0
8.3;1475.9;334.8;0.6;0.0;1210.0
8.3;1475.9;334.8;0.6;0.0;1210.0
8.3;1475.9;332.7;0.6;0.0;1210.0
8.3;1475.9;330.6;0.6;0.0;1210.0
8.4;1475.9;328.2;0.6;0.0;1210.0
8.3;1475.9;335.4;0.6;0.0;1210.0
8.4;1475.9;329.7;0.6;0.0;1210.0
8.3;1475.9;336.6;0.6;0.0;1210.0
8.4;1475.9;330.0;0.6;0.0;1210.0
8.4;1475.9;342.6;0.6;0.0;1210.0
8.3;1475.9;327.6;0.6;0.0;1210.0
8.4;1475.9;339.3;0.6;0.0;1210.0
8.3;1475.9;331.3;0.6;0.0;1210.0
8.4;1475.9;339.2;0.6;0.0;1210.0
8.3;1475.9;335.1;0.6;0.0;1210.0
8.3;1475.9;337.8;0.6;0.0;1210.0
8.3;1475.9;342.6;0.6;0.0;1210.0
8.3;1475.9;329.7;0.6;0.0;1210.0
8.4;1475.9;338.4;0.6;0.0;1210.0
8.3;1475.9;337.8;0.6;1.0;1210.0
8.3;1475.9;340.2;0.6;0.0;1210.0
8.4;1475.9;333.0;0.6;0.0;1210.0
8.3;1475.9;336.6;0.6;0.0;1210.0
8.4;1475.9;336.0;0.6;0.0;1210.0
8.3;1475.9;331.8;0.6;0.0;1210.0
8.4;1475.9;337.8;0.6;0.0;1210.0
8.3;1475.9;341.4;0.6;0.0;1210.0
8.4;1475.9;314.4;0.6;0.0;1210.0
8.4;1475.9;318.9;0.6;0.0;1210.0
8.3;1475.9;327.9;0.6;0.0;1210.0
8.4;1464.4;329.4;0.6;0.0;1210.0
8.3;1464.4;330.6;0.6;0.0;1210.0
8.4;1464.4;340.2;0.6;0.0;1210.0
8.3;1464.4;335.4;0.6;0.0;1210.0
8.3;1464.4;332.7;0.6;0.0;1210.0
8.4;1464.4;335.7;0.6;0.0;1210.0
8.3;1464.4;334.2;0.6;0.0;1210.0
8.3;1464.4;322.8;0.6;0.0;1210.0
8.3;1464.4;324.9;0.6;0.0;1210.0
8.3;1464.4;330.0;0.6;0.0;1210.0
8.4;1464.4;330.6;0.6;0.0;1210.0
8.3;1464.4;337.8;0.6;0.0;1210.0
8.4;1464.4;337.8;0.6;0.0;1210.0
8.3;1464.4;331.8;0.6;0.0;1210.0
8.4;1464.4;332.7;0.6;0.0;1210.0
8.4;1464.4;332.1;0.6;0.0;1210.0
8.3;1464.4;335.4;0.6;0.0;1210.0
8.4;1464.4;338.4;0.6;0.0;1210.0
8.3;1464.4;341.1;0.6;0.0;1210.0
8.4;1464.4;335.7;0.6;0.0;1210.0
8.3;1464.4;339.6;0.6;0.0;1210.0
8.3;1464.4;337.8;0.6;0.0;1210.0
8.4;1464.4;332.7;0.6;0.0;1210.0
8.3;1464.4;330.6;0.6;0.0;1210.0
8.4;1464.4;336.6;0.6;0.0;1210.0
8.3;1464.4;336.9;0.6;1.0;1210.0
8.3;1464.4;332.1;0.6;0.0;1210.0
8.4;1464.4;335.7;0.6;0.0;1210.0
8.3;1464.4;330.6;0.6;0.0;1210.0
8.4;1464.4;328.8;0.6;0.0;1210.0
8.3;1464.4;333.3;0.6;0.0;1210.0
8.4;1464.4;339.0;0.6;0.0;1210.0
8.4;1464.4;336.6;0.6;0.0;1210.0
8.4;1464.4;334.2;0.6;0.0;1210.0
8.4;1464.4;340.5;0.6;0.0;1210.0
8.3;1464.4;333.3;0.6;0.0;1210.0
8.4;1464.4;330.6;0.6;0.0;1210.0
8.3;1464.4;338.1;0.6;0.0;1210.0
8.3;1464.4;340.5;0.6;0.0;1210.0
8.3;1464.4;328.5;0.6;0.0;1210.0
8.3;1464.4;332.1;0.6;0.0;1210.0
8.4;1464.4;340.2;0.6;0.0;1210.0
8.3;1464.4;327.6;0.6;0.0;1210.0
8.3;1464.4;337.5;0.6;1.0;1210.0
8.3;1464.4;332.7;0.6;0.0;1210.0
8.3;1464.4;334.8;0.6;0.0;1210.0
8.4;1464.4;333.6;0.6;0.0;1210.0
8.3;1464.4;328.2;0.6;0.0;1210.0
8.4;1464.4;337.2;0.6;0.0;1210.0
8.4;1464.4;329.1;0.6;0.0;1210.0
8.4;1464.4;335.4;0.6;0.0;1210.0
8.4;1464.4;328.5;0.6;0.0;1210.0
8.4;1464.4;347.1;0.6;1.0;1210.0
