8.3;56.6;24.1;1.8;0.0;1035.0
7.0;104.2;132.2;11.6;0.0;1035.0
8.3;145.0;144.1;7.7;0.0;1035.0
7.2;276.0;118.9;6.2;6.0;1206.0
6.9;626.4;42.9;2.9;0.0;1210.0
8.3;654.2;92.8;5.6;0.0;1210.0
8.4;701.1;81.9;21.6;0.0;1210.0
8.3;763.2;6.7;33.5;0.0;1210.0
8.4;813.9;5.5;27.5;0.0;1210.0
8.3;876.2;6.7;33.5;0.0;1210.0
8.3;937.2;6.7;33.5;0.0;1210.0
8.4;982.7;4.9;24.5;0.0;1210.0
8.3;1045.0;6.7;33.5;0.0;1210.0
8.4;1106.4;6.8;34.0;0.0;1210.0
8.3;1146.5;4.4;22.0;0.0;1210.0
8.4;1210.0;6.8;34.0;0.0;1210.0
8.4;1269.8;6.5;32.5;0.0;1210.0
8.4;1331.0;6.7;33.5;0.0;1210.0
8.4;1365.2;3.7;18.5;0.0;1210.0
8.3;1418.8;2.4;10.8;0.0;1210.0
8.4;1463.8;0.0;0.0;0.0;1210.0
8.3;1474.1;25.8;0.0;0.0;1210.0
8.3;1474.1;333.9;0.6;0.0;1210.0
8.3;1474.1;335.1;0.6;0.0;1210.0
8.3;1474.1;340.5;0.6;0.0;1210.0
8.4;1474.1;339.9;0.6;0.0;1210.0
8.3;1474.1;341.1;0.6;0.0;1210.0
8.3;1474.1;335.4;0.6;0.0;1210.0
8.3;1474.1;335.1;0.6;0.0;1210.0
8.3;1474.1;336.0;0.6;0.0;1210.0
8.4;1474.1;336.3;0.6;0.0;1210.0
8.3;1474.1;353.7;0.6;0.0;1210.0
8.4;1474.1;325.5;0.6;0.0;1210.0
8.4;1474.1;341.1;0.6;0.0;1210.0
8.4;1474.1;337.5;0.6;0.0;1210.0
8.4;1474.1;343.2;0.6;0.0;1210.0
8.3;1474.1;342.0;0.6;0.0;1210.0
8.4;1474.1;350.7;0.6;0.0;1210.0
8.3;1474.1;336.6;0.6;0.0;1210.0
8.3;1474.1;351.9;0.6;0.0;1210.0
8.3;1474.1;331.2;0.6;0.0;1210.0
8.3;1474.1;339.7;0.6;0.0;1210.0
8.4;1474.1;336.8;0.6;0.0;1210.0
8.3;1474.1;343.8;0.6;0.0;1210.0
8.3;1474.1;338.4;0.6;0.0;1210.0
8.3;1474.1;328.8;0.6;0.0;1210.0
8.3;1474.1;339.6;0.6;0.0;1210.0
8.4;1474.1;341.4;0.6;0.0;1210.0
8.3;1474.1;331.5;0.6;0.0;1210.0
8.4;1474.1;331.4;0.6;0.0;1210.0
8.3;1474.1;340.3;0.6;0.0;1210.0
8.4;1474.2;333.9;0.6;0.0;1210.0
8.4;1474.2;339.0;0.6;0.0;1210.0
8.3;1474.2;339.0;0.6;0.0;1210.0
8.4;1474.2;341.4;0.6;0.0;1210.0
8.3;1474.2;340.6;0.6;0.0;1210.0
8.4;1474.2;340.7;0.6;0.0;1210.0
8.3;1474.2;334.2;0.6;0.0;1210.0
8.3;1474.2;330.6;0.6;0.0;1210.0
8.3;1474.2;340.8;0.6;0.0;1210.0
8.3;1474.2;337.5;0.6;0.0;1210.0
8.4;1474.2;334.8;0.6;0.0;1210.0
8.3;1474.2;339.3;0.6;0.0;1210.0
8.3;1474.2;340.2;0.6;0.0;1210.0
8.4;1474.2;333.9;0.6;0.0;1210.0
8.3;1474.2;336.6;0.6;0.0;1210.0
8.4;1474.2;340.5;0.6;0.0;1210.0
8.3;1474.2;343.2;0.6;0.0;1210.0
8.4;1474.2;337.2;0.6;0.0;1210.0
8.4;1474.2;342.6;0.6;0.0;1210.0
8.4;1474.2;335.1;0.6;0.0;1210.0
8.4;1474.2;332.4;0.6;0.0;1210.0
8.3;1474.2;338.7;0.6;0.0;1210.0
8.4;1474.2;343.8;0.6;0.0;1210.0
8.3;1474.2;337.8;0.6;1.0;1210.0
8.4;1474.2;339.3;0.6;0.0;1210.0
8.3;1474.2;339.9;0.6;0.0;1210.0
8.3;1474.2;336.6;0.6;0.0;1210.0
8.4;1474.2;334.5;0.6;0.0;1210.0
8.3;1474.2;334.2;0.6;0.0;1210.0
8.3;1474.2;333.6;0.6;0.0;1210.0
8.3;1474.2;339.3;0.6;0.0;1210.0
8.3;1474.2;332.7;0.6;0.0;1210.0
8.4;1474.2;342.3;0.6;1.0;1210.0
8.3;1474.2;332.5;0.6;0.0;1210.0
8.4;1474.2;336.8;0.6;0.0;1210.0
8.4;1474.2;339.3;0.6;0.0;1210.0
8.4;1474.2;336.0;0.6;0.0;1210.0
8.4;1474.2;334.8;0.6;0.0;1210.0
8.3;1474.2;331.8;0.6;0.0;1210.0
8.4;1474.2;333.9;0.6;0.0;1210.0
8.4;1474.2;345.0;0.6;0.0;1210.0
8.4;1474.2;328.8;0.6;0.0;1210.0
8.3;1474.2;339.9;0.6;0.0;1210.0
8.3;1474.2;331.8;0.6;0.0;1210.0
8.3;1474.2;338.1;0.6;0.0;1210.0
8.3;1474.2;340.2;0.6;0.0;1210.0
8.4;1474.2;343.5;0.6;0.0;1210.0
8.3;1474.2;336.6;0.6;0.0;1210.0
8.3;1474.2;332.1;0.6;0.0;1210.0
8.4;1474.2;333.3;0.6;0.0;1210.0
8.3;1474.2;341.1;0.6;1.0;1210.0
8.4;1474.2;336.0;0.6;0.0;1210.0
8.3;1474.2;343.5;0.6;0.0;1210.0
8.4;1474.2;345.3;0.6;0.0;1210.0
8.4;1474.2;336.6;0.6;0.0;1210.0
8.4;1474.2;329.4;0.6;0.0;1210.0
8.4;1474.2;334.9;0.6;0.0;1210.0
8.3;1474.2;344.0;0.6;0.0;1210.0
8.4;1474.2;337.5;0.6;0.0;1210.0
8.3;1474.2;336.6;0.6;1.0;1210.0
8.3;1474.2;339.3;0.6;0.0;1210.0
8.3;1474.2;341.4;0.6;0.0;1210.0
8.3;1474.2;332.1;0.6;0.0;1210.0
8.4;1474.2;342.3;0.6;0.0;1210.0
8.3;1474.2;348.0;0.6;0.0;1210.0
8.3;1474.2;314.4;0.6;0.0;1210.0
8.3;1474.2;336.0;0.6;0.0;1210.0
8.3;1474.2;345.3;0.6;0.0;1210.0
8.4;1474.2;337.5;0.6;1.0;1210.0
8.3;1474.2;332.4;0.6;0.0;1210.0
8.4;1474.2;342.3;0.6;0.0;1210.0
8.4;1474.2;338.4;0.6;0.0;1210.0
8.4;1474.2;332.4;0.6;0.0;1210.0
8.4;1474.2;336.9;0.6;0.0;1210.0
8.3;1474.2;333.6;0.6;0.0;1210.0
8.4;1474.2;334.5;0.6;0.0;1210.0
8.3;1474.2;346.8;0.6;0.0;1210.0
8.4;1474.2;329.1;0.6;0.0;1210.0
8.3;1474.2;331.8;0.6;0.0;1210.0
8.3;1474.2;340.5;0.6;0.0;1210.0
8.3;1474.2;338.4;0.6;0.0;1210.0
8.3;1474.2;341.7;0.6;0.0;1210.0
8.4;1474.2;338.4;0.6;0.0;1210.0
8.3;1474.2;342.9;0.6;0.0;1210.0
8.3;1474.2;331.5;0.6;0.0;1210.0
8.4;1474.2;333.3;0.6;0.0;1210.0
8.3;1474.2;337.8;0.6;0.0;1210.0
8.4;1474.2;335.7;0.6;0.0;1210.0
8.3;1474.2;335.1;0.6;0.0;1210.0
8.4;1474.2;338.7;0.6;0.0;1210.0
8.4;1474.2;345.0;0.6;0.0;1210.0
8.4;1474.2;337.5;0.6;0.0;1210.0
8.4;1474.2;335.4;0.6;0.0;1210.0
8.3;1474.2;339.0;0.6;0.0;1210.0
8.4;1474.2;336.3;0.6;0.0;1210.0
8.3;1474.2;334.2;0.6;0.0;1210.0
8.3;1474.2;337.2;0.6;0.0;1210.0
8.3;1474.2;339.9;0.6;0.0;1210.0
8.3;1474.2;337.8;0.6;0.0;1210.0
8.4;1474.2;340.5;0.6;0.0;1210.0
8.3;1474.2;338.7;0.6;0.0;1210.0
8.3;1474.2;337.8;0.6;0.0;1210.0
8.4;1474.2;336.3;0.6;0.0;1210.0
8.3;1474.2;334.5;0.6;0.0;1210.0
8.4;1474.2;335.7;0.6;0.0;1210.0
8.3;1474.2;333.0;0.6;0.0;1210.0
8.4;1474.2;339.0;0.6;0.0;1210.0
8.4;1474.2;332.1;0.6;0.0;1210.0
8.4;1474.2;330.3;0.6;0.0;1210.0
8.4;1474.2;333.3;0.6;0.0;1210.0
8.3;1474.2;340.2;0.6;0.0;1210.0
8.4;1474.2;335.4;0.6;0.0;1210.0
8.3;1474.2;339.9;0.6;0.0;1210.0
8.4;1474.2;335.4;0.6;0.0;1210.0
8.3;1474.2;333.3;0.6;0.0;1210.0
8.3;1474.2;335.1;0.6;0.0;1210.0
8.4;1474.2;339.6;0.6;0.0;1210.0
8.3;1474.2;333.6;0.6;0.0;1210.0
8.3;1474.2;336.9;0.6;0.0;1210.0
8.3;1474.2;347.1;0.6;0.0;1210.0
8.3;1474.2;332.4;0.6;0.0;1210.0
8.4;1474.2;336.3;0.6;1.0;1210.0
8.3;1474.2;333.6;0.6;0.0;1210.0
8.4;1474.2;340.2;0.6;0.0;1210.0
8.4;1474.2;363.0;0.6;0.0;1210.0
8.4;1474.2;311.7;0.6;0.0;1210.0
8.4;1474.2;337.8;0.6;0.0;1210.0
8.3;1474.2;335.7;0.6;0.0;1210.0
8.4;1474.2;345.9;0.6;0.0;1210.0
8.3;1474.2;319.8;0.6;0.0;1210.0
8.4;1474.2;336.3;0.6;1.0;1210.0
8.3;1474.2;330.9;0.6;0.0;1210.0
8.3;1474.2;337.5;0.6;0.0;1210.0
8.3;1474.2;340.2;0.6;0.0;1210.0
8.3;1474.2;345.0;0.6;0.0;1210.0
8.4;1474.2;348.1;0.6;0.0;1210.0
8.3;1474.2;338.3;0.6;0.0;1210.0
8.3;1474.2;339.0;0.6;0.0;1210.0
8.4;1474.2;332.1;0.6;0.0;1210.0
8.3;1474.2;335.1;0.6;1.0;1210.0
8.4;1474.2;341.1;0.6;0.0;1210.0
8.3;1474.2;332.4;0.6;0.0;1210.0
8.4;1474.2;343.8;0.6;0.0;1210.0
8.4;1474.2;336.9;0.6;0.0;1210.0
8.4;1474.2;333.3;0.6;0.0;1210.0
8.4;1474.2;337.2;0.6;0.0;1210.0
8.3;1474.2;333.0;0.6;0.0;1210.0
8.4;1474.2;335.1;0.6;0.0;1210.0
7.1;1474.2;334.8;0.6;0.0;1210.0
8.4;1474.2;339.9;0.6;0.0;1210.0
8.3;1474.2;327.3;0.6;0.0;1210.0
8.3;1474.2;331.5;0.6;0.0;1210.0
8.4;1474.2;336.9;0.6;0.0;1210.0
8.3;1474.2;337.5;0.6;0.0;1210.0
8.3;1474.2;339.3;0.6;0.0;1210.0
8.3;1474.2;335.1;0.6;0.0;1210.0
8.3;1474.2;339.0;0.6;0.0;1210.0
8.4;1474.2;337.5;0.6;0.0;1210.0
8.3;1474.2;338.7;0.6;0.0;1210.0
8.4;1474.2;341.7;0.6;0.0;1210.0
8.3;1474.2;345.9;0.6;0.0;1210.0
8.4;1474.2;320.1;0.6;0.0;1210.0
8.4;1474.2;337.2;0.6;0.0;1210.0
8.3;1474.2;333.9;0.6;0.0;1210.0
8.4;1474.2;339.3;0.6;0.0;1210.0
8.3;1474.2;341.1;0.6;0.0;1210.0
8.4;1474.2;331.5;0.6;1.0;1210.0
8.3;1474.2;334.5;0.6;0.0;1210.0
8.3;1474.2;332.7;0.6;0.0;1210.0
8.4;1474.2;333.6;0.6;0.0;1210.0
8.3;1474.2;335.4;0.6;0.0;1210.0
8.4;1474.2;337.2;0.6;0.0;1210.0
8.3;1474.2;328.8;0.6;0.0;1210.0
8.3;1474.2;337.8;0.6;0.0;1210.0
8.4;1474.2;339.9;0.6;0.0;1210.0
8.3;1474.2;334.8;0.6;1.0;1210.0
8.4;1474.2;335.4;0.6;0.0;1210.0
8.3;1474.2;342.3;0.6;0.0;1210.0
8.4;1474.2;337.8;0.6;0.0;1210.0
8.4;1474.2;334.2;0.6;0.0;1210.0
8.4;1474.2;344.4;0.6;0.0;1210.0
8.4;1474.2;336.3;0.6;0.0;1210.0
8.3;1474.2;333.9;0.6;0.0;1210.0
8.4;1474.2;345.3;0.6;0.0;1210.0
8.3;1474.2;341.1;0.6;0.0;1210.0
8.3;1474.2;336.6;0.6;0.0;1210.0
8.3;1474.2;337.2;0.6;0.0;1210.0
8.3;1474.2;337.5;0.6;0.0;1210.0
8.4;1474.2;339.0;0.6;0.0;1210.0
8.3;1474.2;336.6;0.6;0.0;1210.0
8.3;1474.2;336.0;0.6;0.0;1210.0
8.3;1474.2;336.6;0.6;0.0;1210.0
8.3;1474.2;331.2;0.6;0.0;1210.0
8.4;1474.2;330.6;0.6;0.0;1210.0
8.3;1474.2;334.8;0.6;0.0;1210.0
8.4;1474.2;340.8;0.6;0.0;1210.0
8.3;1474.2;337.8;0.6;0.0;1210.0
8.4;1474.2;339.0;0.6;0.0;1210.0
8.4;1474.2;335.7;0.6;0.0;1210.0
8.3;1474.2;337.5;0.6;0.0;1210.0
8.4;1474.2;336.0;0.6;0.0;1210.0
8.3;1474.2;329.1;0.6;0.0;1210.0
8.4;1474.2;333.9;0.6;0.0;1210.0
8.3;1474.2;332.4;0.6;0.0;1210.0
8.3;1474.2;329.4;0.6;0.0;1210.0
8.4;1474.2;340.2;0.6;0.0;1210.0
8.3;1474.2;337.5;0.6;0.0;1210.0
8.4;1474.2;334.2;0.6;0.0;1210.0
8.3;1474.2;327.9;0.6;0.0;1210.0
8.3;1474.2;338.4;0.6;0.0;1210.0
8.4;1474.2;339.0;0.6;0.0;1210.0
8.3;1474.2;340.5;0.6;0.0;1210.0
8.4;1474.2;345.6;0.6;0.0;1210.0
8.3;1474.2;336.6;0.6;0.0;1210.0
8.4;1474.2;338.1;0.6;0.0;1210.0
8.4;1474.2;336.3;0.6;0.0;1210.0
8.4;1474.2;348.0;0.6;0.0;1210.0
8.4;1474.2;321.3;0.6;0.0;1210.0
8.3;1474.2;338.7;0.6;0.0;1210.0
8.4;1474.2;339.9;0.6;1.0;1210.0
8.3;1474.2;332.7;0.6;0.0;1210.0
8.3;1474.2;339.6;0.6;0.0;1210.0
8.3;1474.2;330.9;0.6;0.0;1210.0
8.3;1474.2;336.9;0.6;0.0;1210.0
8.4;1474.2;336.0;0.6;0.0;1210.0
8.3;1474.2;342.3;0.6;0.0;1210.0
8.3;1474.2;341.1;0.6;0.0;1210.0
8.4;1474.2;338.4;0.6;0.0;1210.0
8.3;1474.2;339.3;0.6;1.0;1210.0
8.4;1474.2;338.1;0.6;0.0;1210.0
8.3;1474.2;333.3;0.6;0.0;1210.0
8.4;1474.2;343.2;0.6;0.0;1210.0
8.3;1474.2;353.7;0.6;0.0;1210.0
8.4;1474.2;319.5;0.6;0.0;1210.0
8.4;1474.2;335.4;0.6;0.0;1210.0
8.3;1474.2;341.1;0.6;0.0;1210.0
8.4;1474.2;332.7;0.6;0.0;1210.0
8.3;1474.2;339.0;0.6;1.0;1210.0
8.4;1474.2;335.7;0.6;0.0;1210.0
8.3;1474.2;334.5;0.6;0.0;1210.0
8.3;1474.2;333.3;0.6;0.0;1210.0
8.4;1474.2;331.8;0.6;0.0;1210.0
8.3;1474.2;337.5;0.6;0.0;1210.0
8.3;1474.2;329.7;0.6;0.0;1210.0
8.3;1474.2;333.9;0.6;0.0;1210.0
8.3;1474.3;330.0;0.6;0.0;1210.0
8.4;1474.3;337.5;0.6;0.0;1210.0
8.3;1474.3;333.9;0.6;0.0;1210.0
8.3;1474.3;370.2;0.7;0.0;1210.0
