7.1;51.5;22.3;2.7;0.0;1035.0
5.5;93.4;117.8;10.2;0.0;1035.0
6.9;137.8;141.7;8.4;0.0;1035.0
6.9;175.3;147.2;7.4;0.0;1170.0
7.2;617.5;8.6;0.3;2.0;1210.0
8.3;649.9;99.2;7.0;0.0;1210.0
8.3;683.8;108.9;13.8;0.0;1210.0
8.3;742.9;6.4;32.0;0.0;1210.0
8.3;792.2;5.3;26.5;0.0;1210.0
8.4;850.8;6.3;31.5;0.0;1210.0
8.3;910.7;6.5;32.5;0.0;1210.0
8.4;956.6;5.0;25.0;0.0;1210.0
8.4;1013.7;6.2;30.5;0.0;1210.0
8.4;1072.7;6.3;32.0;0.0;1210.0
8.4;1129.7;6.4;32.0;0.0;1210.0
8.3;1170.0;4.3;21.5;0.0;1210.0
8.4;1228.5;6.4;32.0;0.0;1210.0
8.3;1288.1;6.5;32.5;0.0;1210.0
8.4;1345.3;6.4;32.0;0.0;1210.0
8.3;1378.6;3.6;18.0;0.0;1210.0
8.3;1419.0;0.7;2.3;0.0;1210.0
8.4;1464.0;0.0;0.0;0.0;1210.0
8.3;1474.4;117.0;0.2;0.0;1210.0
8.3;1474.4;333.3;0.6;0.0;1210.0
8.3;1474.4;332.7;0.6;0.0;1210.0
8.3;1474.4;337.2;0.6;0.0;1210.0
8.4;1474.4;337.2;0.6;0.0;1210.0
8.3;1474.4;339.3;0.6;0.0;1210.0
8.4;1474.4;333.9;0.6;0.0;1210.0
8.3;1474.4;327.6;0.6;0.0;1210.0
8.4;1474.4;336.0;0.6;0.0;1210.0
8.4;1474.4;333.6;0.6;0.0;1210.0
8.3;1474.4;342.6;0.6;0.0;1210.0
8.4;1474.4;334.5;0.6;0.0;1210.0
8.3;1474.4;340.5;0.6;0.0;1210.0
8.4;1474.4;337.2;0.6;0.0;1210.0
8.3;1474.4;341.4;0.6;0.0;1210.0
8.3;1474.4;341.4;0.6;0.0;1210.0
8.3;1474.4;345.0;0.6;0.0;1210.0
8.3;1474.4;333.3;0.6;0.0;1210.0
8.4;1474.4;339.6;0.6;0.0;1210.0
8.3;1474.4;343.2;0.6;0.0;1210.0
8.3;1474.4;335.1;0.6;0.0;1210.0
8.3;1474.4;335.1;0.6;0.0;1210.0
8.3;1474.4;344.1;0.6;0.0;1210.0
8.4;1474.4;332.1;0.6;0.0;1210.0
8.3;1474.4;330.3;0.6;0.0;1210.0
8.4;1474.4;339.9;0.6;0.0;1210.0
8.4;1474.4;334.8;0.6;0.0;1210.0
8.4;1474.4;332.4;0.6;0.0;1210.0
8.4;1474.4;332.4;0.6;0.0;1210.0
8.3;1474.4;336.3;0.6;0.0;1210.0
8.4;1474.4;333.0;0.6;0.0;1210.0
8.3;1474.4;336.9;0.6;0.0;1210.0
8.4;1474.4;338.7;0.6;0.0;1210.0
8.3;1474.4;336.9;0.6;0.0;1210.0
8.3;1474.4;338.7;0.6;0.0;1210.0
8.4;1474.4;336.6;0.6;0.0;1210.0
8.3;1474.4;336.3;0.6;0.0;1210.0
8.3;1474.4;328.2;0.6;0.0;1210.0
8.3;1474.4;337.2;0.6;0.0;1210.0
8.3;1474.4;337.2;0.6;0.0;1210.0
8.3;1474.4;344.1;0.6;0.0;1210.0
8.3;1474.4;324.3;0.6;0.0;1210.0
8.4;1474.4;337.5;0.6;0.0;1210.0
8.4;1474.4;332.4;0.6;0.0;1210.0
8.4;1474.4;336.6;0.6;0.0;1210.0
8.4;1474.4;338.4;0.6;0.0;1210.0
8.3;1474.4;342.9;0.6;0.0;1210.0
8.4;1474.4;333.6;0.6;0.0;1210.0
8.3;1474.4;339.9;0.6;0.0;1210.0
8.4;1474.4;328.8;0.6;0.0;1210.0
8.3;1474.4;331.5;0.6;0.0;1210.0
8.3;1474.4;337.8;0.6;0.0;1210.0
8.4;1474.4;337.5;0.6;0.0;1210.0
8.3;1474.4;335.1;0.6;0.0;1210.0
8.4;1474.4;338.7;0.6;0.0;1210.0
8.3;1474.4;335.7;0.6;0.0;1210.0
8.3;1474.4;337.2;0.6;0.0;1210.0
8.4;1474.4;330.0;0.6;0.0;1210.0
8.3;1474.4;333.9;0.6;0.0;1210.0
8.4;1474.4;330.6;0.6;0.0;1210.0
8.3;1474.4;337.2;0.6;0.0;1210.0
8.4;1474.4;330.6;0.6;0.0;1210.0
8.4;1474.4;338.4;0.6;0.0;1210.0
8.4;1474.4;335.4;0.6;0.0;1210.0
8.4;1474.4;334.5;0.6;0.0;1210.0
8.3;1474.4;336.6;0.6;0.0;1210.0
8.4;1474.4;332.4;0.6;0.0;1210.0
8.3;1474.4;333.6;0.6;0.0;1210.0
8.3;1474.4;329.4;0.6;0.0;1210.0
8.3;1474.4;335.1;0.6;0.0;1210.0
8.3;1474.4;331.5;0.6;0.0;1210.0
8.4;1474.4;346.5;0.6;0.0;1210.0
8.3;1474.4;336.3;0.6;0.0;1210.0
8.3;1474.4;326.7;0.6;0.0;1210.0
8.3;1474.4;335.4;0.6;0.0;1210.0
8.3;1474.4;333.9;0.6;0.0;1210.0
8.4;1474.4;342.6;0.6;0.0;1210.0
8.3;1474.4;334.5;0.6;0.0;1210.0
8.4;1474.4;330.6;0.6;0.0;1210.0
8.4;1474.4;330.0;0.6;0.0;1210.0
8.4;1474.4;334.2;0.6;0.0;1210.0
8.4;1474.4;334.2;0.6;0.0;1210.0
8.3;1474.4;341.1;0.6;0.0;1210.0
8.4;1474.4;343.5;0.6;0.0;1210.0
8.3;1474.4;339.5;0.6;0.0;1210.0
8.4;1474.4;333.7;0.6;0.0;1210.0
6.9;1474.4;332.7;0.6;0.0;1210.0
8.3;1474.4;336.3;0.6;0.0;1210.0
8.4;1474.4;339.9;0.6;0.0;1210.0
8.3;1474.4;332.4;0.6;0.0;1210.0
8.4;1474.4;337.5;0.6;0.0;1210.0
8.3;1474.4;339.9;0.6;0.0;1210.0
8.3;1474.4;332.7;0.6;0.0;1210.0
8.4;1474.4;336.0;0.6;0.0;1210.0
8.3;1474.4;333.3;0.6;0.0;1210.0
8.4;1474.4;327.0;0.6;0.0;1210.0
8.3;1474.4;329.4;0.6;0.0;1210.0
8.4;1474.4;351.3;0.6;0.0;1210.0
8.4;1474.4;329.4;0.6;0.0;1210.0
8.4;1474.4;329.4;0.6;0.0;1210.0
8.4;1474.4;338.7;0.6;0.0;1210.0
8.3;1474.4;333.6;0.6;0.0;1210.0
8.4;1474.4;331.2;0.6;0.0;1210.0
8.3;1474.4;335.7;0.6;0.0;1210.0
8.3;1474.4;333.0;0.6;0.0;1210.0
8.3;1474.4;336.3;0.6;0.0;1210.0
8.3;1474.4;333.6;0.6;0.0;1210.0
8.4;1474.4;335.1;0.6;1.0;1210.0
8.3;1474.4;333.9;0.6;0.0;1210.0
8.3;1474.4;335.7;0.6;0.0;1210.0
8.4;1474.4;333.9;0.6;0.0;1210.0
8.3;1474.4;340.8;0.6;0.0;1210.0
8.4;1474.4;332.7;0.6;0.0;1210.0
8.3;1474.4;340.5;0.6;0.0;1210.0
8.4;1474.4;336.0;0.6;0.0;1210.0
8.4;1474.4;327.9;0.6;0.0;1210.0
8.4;1474.4;333.3;0.6;1.0;1210.0
8.4;1474.4;333.3;0.6;0.0;1210.0
8.3;1474.4;334.2;0.6;0.0;1210.0
8.4;1474.4;332.7;0.6;0.0;1210.0
8.3;1474.4;339.3;0.6;0.0;1210.0
8.4;1474.4;334.5;0.6;0.0;1210.0
8.3;1474.4;338.7;0.6;0.0;1210.0
8.3;1474.4;334.2;0.6;0.0;1210.0
8.4;1474.4;341.7;0.6;0.0;1210.0
8.3;1474.4;328.2;0.6;1.0;1210.0
8.3;1474.4;334.2;0.6;0.0;1210.0
8.3;1474.4;336.9;0.6;0.0;1210.0
8.3;1474.4;335.1;0.6;0.0;1210.0
8.4;1474.4;333.9;0.6;0.0;1210.0
8.3;1474.4;338.1;0.6;0.0;1210.0
8.4;1474.4;335.1;0.6;0.0;1210.0
8.3;1474.4;331.2;0.6;0.0;1210.0
8.4;1474.4;333.6;0.6;0.0;1210.0
8.4;1474.4;338.1;0.6;0.0;1210.0
6.9;1474.4;332.4;0.6;0.0;1210.0
8.4;1474.4;332.4;0.6;0.0;1210.0
8.3;1474.4;334.2;0.6;0.0;1210.0
8.4;1474.4;330.3;0.6;0.0;1210.0
8.3;1474.4;331.2;0.6;0.0;1210.0
8.3;1474.4;332.7;0.6;0.0;1210.0
8.3;1474.4;338.4;0.6;0.0;1210.0
8.3;1474.4;337.2;0.6;0.0;1210.0
8.4;1474.4;336.9;0.6;1.0;1210.0
8.3;1474.4;328.8;0.6;0.0;1210.0
8.3;1474.4;333.0;0.6;0.0;1210.0
8.4;1474.4;336.9;0.6;0.0;1210.0
8.3;1474.4;328.8;0.6;0.0;1210.0
8.4;1474.4;339.3;0.6;0.0;1210.0
8.3;1474.4;330.6;0.6;0.0;1210.0
8.4;1474.4;348.3;0.6;0.0;1210.0
8.4;1474.4;331.5;0.6;0.0;1210.0
8.4;1474.4;332.7;0.6;1.0;1210.0
8.4;1474.4;342.0;0.6;0.0;1210.0
8.3;1474.4;336.6;0.6;0.0;1210.0
8.4;1474.4;336.6;0.6;0.0;1210.0
8.3;1474.4;330.0;0.6;0.0;1210.0
8.4;1474.4;336.6;0.6;0.0;1210.0
8.3;1474.4;330.9;0.6;0.0;1210.0
8.3;1474.4;330.6;0.6;0.0;1210.0
8.4;1474.4;331.2;0.6;0.0;1210.0
8.3;1474.4;342.9;0.6;0.0;1210.0
8.3;1474.4;318.3;0.6;0.0;1210.0
8.3;1474.4;340.2;0.6;0.0;1210.0
8.3;1474.4;333.6;0.6;0.0;1210.0
8.4;1474.4;343.2;0.6;0.0;1210.0
8.3;1474.4;343.8;0.6;0.0;1210.0
8.4;1474.4;335.1;0.6;0.0;1210.0
8.4;1474.4;337.8;0.6;0.0;1210.0
8.4;1474.4;330.9;0.6;0.0;1210.0
8.4;1474.4;337.1;0.6;0.0;1210.0
8.3;1474.4;333.1;0.6;0.0;1210.0
8.4;1474.4;332.7;0.6;0.0;1210.0
8.3;1474.4;340.2;0.6;0.0;1210.0
8.4;1474.4;333.0;0.6;0.0;1210.0
8.3;1474.4;333.0;0.6;0.0;1210.0
8.3;1474.4;334.2;0.6;0.0;1210.0
8.3;1474.4;334.8;0.6;0.0;1210.0
8.3;1474.4;332.4;0.6;0.0;1210.0
8.4;1474.4;332.1;0.6;1.0;1210.0
8.3;1474.4;337.8;0.6;0.0;1210.0
8.3;1474.4;331.5;0.6;0.0;1210.0
8.4;1474.4;331.5;0.6;0.0;1210.0
8.3;1474.4;335.4;0.6;0.0;1210.0
8.4;1474.4;339.6;0.6;0.0;1210.0
8.3;1474.4;335.4;0.6;0.0;1210.0
8.4;1474.4;333.9;0.6;0.0;1210.0
8.4;1474.4;335.4;0.6;0.0;1210.0
8.4;1474.4;333.9;0.6;0.0;1210.0
8.4;1474.4;340.2;0.6;0.0;1210.0
8.3;1474.4;338.4;0.6;0.0;1210.0
8.4;1474.4;329.1;0.6;0.0;1210.0
8.3;1474.4;335.1;0.6;0.0;1210.0
8.3;1474.4;330.9;0.6;0.0;1210.0
8.3;1474.4;334.2;0.6;0.0;1210.0
8.3;1474.4;333.6;0.6;0.0;1210.0
8.4;1474.4;336.3;0.6;0.0;1210.0
8.3;1474.4;334.2;0.6;0.0;1210.0
8.3;1474.4;333.3;0.6;0.0;1210.0
8.3;1474.4;329.4;0.6;0.0;1210.0
8.3;1474.4;331.5;0.6;0.0;1210.0
8.4;1474.4;331.2;0.6;0.0;1210.0
8.3;1474.4;338.7;0.6;0.0;1210.0
8.4;1474.4;326.4;0.6;0.0;1210.0
8.4;1474.4;338.7;0.6;0.0;1210.0
8.4;1474.4;333.9;0.6;0.0;1210.0
8.4;1474.4;333.9;0.6;0.0;1210.0
8.3;1474.4;333.6;0.6;0.0;1210.0
8.4;1474.4;338.1;0.6;0.0;1210.0
8.3;1474.4;346.5;0.6;0.0;1210.0
8.4;1474.4;326.7;0.6;0.0;1210.0
8.3;1474.4;342.6;0.6;0.0;1210.0
8.3;1474.4;331.2;0.6;0.0;1210.0
8.3;1474.4;331.5;0.6;0.0;1210.0
8.3;1474.4;340.5;0.6;0.0;1210.0
8.4;1474.4;340.8;0.6;0.0;1210.0
8.3;1474.4;334.5;0.6;0.0;1210.0
8.3;1474.4;333.9;0.6;0.0;1210.0
8.4;1474.4;338.1;0.6;0.0;1210.0
8.3;1474.4;333.9;0.6;0.0;1210.0
8.4;1474.4;335.7;0.6;0.0;1210.0
8.3;1474.4;345.9;0.6;0.0;1210.0
8.4;1474.4;322.5;0.6;0.0;1210.0
8.4;1474.4;331.2;0.6;0.0;1210.0
8.4;1474.4;328.2;0.6;0.0;1210.0
8.4;1474.4;334.2;0.6;0.0;1210.0
8.3;1474.4;338.1;0.6;0.0;1210.0
8.4;1474.4;337.8;0.6;0.0;1210.0
8.3;1474.4;336.0;0.6;0.0;1210.0
8.3;1474.4;334.5;0.6;0.0;1210.0
8.3;1474.4;334.8;0.6;0.0;1210.0
8.3;1474.4;329.4;0.6;0.0;1210.0
8.4;1474.4;330.9;0.6;0.0;1210.0
8.3;1474.4;325.2;0.6;0.0;1210.0
8.3;1474.4;335.1;0.6;0.0;1210.0
8.4;1474.4;327.3;0.6;0.0;1210.0
8.3;1474.4;331.8;0.6;0.0;1210.0
8.4;1474.4;335.4;0.6;0.0;1210.0
8.3;1474.4;332.1;0.6;0.0;1210.0
8.4;1474.4;330.9;0.6;0.0;1210.0
8.4;1474.4;338.1;0.6;0.0;1210.0
8.4;1474.4;334.5;0.6;0.0;1210.0
8.4;1474.4;337.8;0.6;0.0;1210.0
8.3;1474.4;338.4;0.6;0.0;1210.0
8.4;1474.4;338.4;0.6;0.0;1210.0
8.3;1474.4;344.1;0.6;0.0;1210.0
8.4;1474.4;335.1;0.6;0.0;1210.0
8.3;1474.4;332.7;0.6;0.0;1210.0
8.3;1474.4;333.6;0.6;0.0;1210.0
8.4;1474.4;335.1;0.6;0.0;1210.0
8.3;1474.4;338.4;0.6;0.0;1210.0
8.3;1474.4;334.8;0.6;0.0;1210.0
8.3;1474.4;337.2;0.6;0.0;1210.0
8.3;1474.4;329.4;0.6;0.0;1210.0
8.4;1474.4;333.6;0.6;0.0;1210.0
8.3;1474.4;329.7;0.6;0.0;1210.0
8.4;1474.4;342.6;0.6;0.0;1210.0
8.3;1474.4;336.6;0.6;0.0;1210.0
8.4;1474.4;336.3;0.6;0.0;1210.0
8.4;1474.4;335.7;0.6;0.0;1210.0
8.3;1474.4;335.1;0.6;0.0;1210.0
8.4;1474.4;328.8;0.6;0.0;1210.0
8.3;1474.4;341.4;0.6;0.0;1210.0
8.4;1474.4;336.3;0.6;0.0;1210.0
8.3;1474.4;332.4;0.6;0.0;1210.0
8.3;1474.4;334.8;0.6;0.0;1210.0
8.3;1474.4;338.4;0.6;0.0;1210.0
8.3;1474.4;329.7;0.6;0.0;1210.0
8.4;1474.4;333.6;0.6;0.0;1210.0
8.3;1474.4;335.7;0.6;0.0;1210.0
8.3;1474.4;331.8;0.6;0.0;1210.0
8.4;1474.4;334.8;0.6;0.0;1210.0
8.3;1474.4;328.5;0.6;0.0;1210.0
8.4;1474.4;336.6;0.6;0.0;1210.0
8.3;1474.4;328.5;0.6;0.0;1210.0
8.4;1474.4;328.2;0.6;0.0;1210.0
8.4;1474.4;329.4;0.6;0.0;1210.0
8.4;1474.4;337.5;0.6;0.0;1210.0
