7.2;55.4;23.5;2.3;0.0;1035.0
8.4;93.7;111.4;10.0;0.0;1035.0
8.3;137.6;148.3;8.5;0.0;1035.0
8.4;187.2;140.7;7.3;4.0;1172.0
8.3;618.9;7.9;0.3;3.0;1210.0
8.3;651.6;108.8;7.4;0.0;1210.0
8.3;689.0;99.7;15.5;0.0;1210.0
8.3;751.0;6.8;34.0;0.0;1210.0
8.4;802.2;5.5;27.5;0.0;1210.0
8.3;863.7;6.6;33.0;0.0;1210.0
8.3;925.5;6.7;33.5;0.0;1210.0
8.3;973.6;5.3;26.0;0.0;1210.0
8.3;1034.2;6.5;33.0;0.0;1210.0
8.4;1095.7;6.7;33.5;0.0;1210.0
8.3;1136.5;4.5;22.5;0.0;1210.0
8.4;1198.2;6.7;33.5;0.0;1210.0
8.4;1259.6;6.8;34.0;0.0;1210.0
8.4;1321.8;6.7;33.5;0.0;1210.0
8.4;1364.4;4.6;23.0;0.0;1210.0
8.3;1420.3;2.5;11.3;0.0;1210.0
8.4;1462.6;0.0;0.0;0.0;1210.0
8.3;1475.6;0.0;0.0;0.0;1210.0
8.4;1475.6;322.2;0.6;0.0;1210.0
8.3;1475.6;323.4;0.6;0.0;1210.0
8.3;1475.6;328.5;0.6;0.0;1210.0
8.4;1475.6;330.0;0.6;0.0;1210.0
8.3;1475.6;318.3;0.6;0.0;1210.0
8.3;1475.6;326.4;0.6;0.0;1210.0
8.3;1475.6;335.7;0.6;0.0;1210.0
8.3;1475.6;324.6;0.6;0.0;1210.0
8.4;1475.6;333.6;0.6;0.0;1210.0
8.3;1475.6;321.6;0.6;0.0;1210.0
8.4;1475.6;324.3;0.6;0.0;1210.0
8.4;1475.6;340.2;0.6;0.0;1210.0
8.4;1475.6;340.2;0.6;0.0;1210.0
8.4;1475.6;336.0;0.6;0.0;1210.0
8.3;1475.6;337.8;0.6;0.0;1210.0
8.4;1475.6;334.8;0.6;0.0;1210.0
8.3;1475.6;343.5;0.6;0.0;1210.0
8.4;1475.6;335.4;0.6;0.0;1210.0
8.3;1475.6;343.8;0.6;0.0;1210.0
8.3;1475.6;338.7;0.6;0.0;1210.0
8.4;1475.6;327.0;0.6;0.0;1210.0
8.3;1475.6;333.6;0.6;0.0;1210.0
8.4;1475.6;332.1;0.6;0.0;1210.0
8.3;1475.6;334.2;0.6;0.0;1210.0
8.3;1475.6;324.3;0.6;0.0;1210.0
8.4;1475.6;336.0;0.6;0.0;1210.0
8.3;1475.6;340.5;0.6;0.0;1210.0
8.4;1475.6;336.3;0.6;0.0;1210.0
8.3;1475.6;342.3;0.6;0.0;1210.0
8.4;1475.6;337.2;0.6;0.0;1210.0
8.4;1475.6;339.0;0.6;0.0;1210.0
8.4;1475.6;338.7;0.6;0.0;1210.0
8.4;1475.6;348.3;0.6;0.0;1210.0
8.3;1475.6;342.0;0.6;0.0;1210.0
8.4;1475.6;344.1;0.6;0.0;1210.0
8.3;1475.6;347.1;0.6;1.0;1210.0
8.3;1475.6;332.7;0.6;0.0;1210.0
8.3;1475.6;340.2;0.6;0.0;1210.0
8.3;1475.6;338.7;0.6;0.0;1210.0
8.4;1475.6;342.0;0.6;0.0;1210.0
8.3;1475.6;340.5;0.6;0.0;1210.0
8.3;1475.6;354.9;0.6;0.0;1210.0
8.3;1475.6;330.9;0.6;0.0;1210.0
8.3;1475.6;334.2;0.6;0.0;1210.0
8.4;1475.6;344.1;0.6;0.0;1210.0
8.3;1475.6;349.2;0.6;0.0;1210.0
8.4;1475.6;340.8;0.6;0.0;1210.0
8.4;1475.7;340.5;0.6;0.0;1210.0
8.4;1475.7;344.4;0.6;0.0;1210.0
8.4;1475.7;337.2;0.6;0.0;1210.0
8.3;1475.7;342.3;0.6;0.0;1210.0
8.4;1475.7;335.1;0.6;0.0;1210.0
8.3;1475.7;345.9;0.6;0.0;1210.0
8.4;1475.7;341.1;0.6;0.0;1210.0
8.3;1475.7;341.1;0.6;0.0;1210.0
8.3;1475.7;342.9;0.6;0.0;1210.0
8.4;1475.7;333.6;0.6;0.0;1210.0
8.3;1475.7;351.6;0.6;0.0;1210.0
8.4;1475.7;322.2;0.6;0.0;1210.0
8.3;1475.7;342.3;0.6;0.0;1210.0
8.3;1475.7;339.3;0.6;0.0;1210.0
8.4;1475.7;343.2;0.6;0.0;1210.0
8.3;1475.7;339.0;0.6;0.0;1210.0
8.4;1475.7;340.2;0.6;0.0;1210.0
8.3;1475.7;338.7;0.6;0.0;1210.0
8.4;1475.7;339.9;0.6;0.0;1210.0
8.4;1475.7;340.2;0.6;0.0;1210.0
8.4;1475.7;337.2;0.6;0.0;1210.0
8.4;1475.7;335.7;0.6;0.0;1210.0
8.3;1475.7;330.6;0.6;0.0;1210.0
8.4;1475.7;349.5;0.6;0.0;1210.0
8.3;1475.7;342.3;0.6;0.0;1210.0
8.3;1475.7;335.7;0.6;0.0;1210.0
8.3;1475.7;343.5;0.6;0.0;1210.0
8.3;1475.7;337.8;0.6;0.0;1210.0
8.4;1475.7;349.8;0.6;0.0;1210.0
8.3;1475.7;342.3;0.6;0.0;1210.0
8.3;1475.7;334.5;0.6;0.0;1210.0
8.4;1475.7;335.1;0.6;0.0;1210.0
8.3;1475.7;342.0;0.6;1.0;1210.0
8.4;1475.7;339.0;0.6;0.0;1210.0
8.3;1475.7;344.4;0.6;0.0;1210.0
8.4;1475.7;346.8;0.6;0.0;1210.0
8.4;1475.7;344.4;0.6;0.0;1210.0
8.4;1475.7;333.6;0.6;0.0;1210.0
8.4;1475.7;334.2;0.6;0.0;1210.0
8.3;1475.7;349.5;0.6;0.0;1210.0
8.4;1475.7;337.2;0.6;0.0;1210.0
8.3;1475.7;337.8;0.6;1.0;1210.0
8.4;1475.7;344.4;0.6;0.0;1210.0
8.3;1475.7;344.1;0.6;0.0;1210.0
8.3;1475.7;330.6;0.6;0.0;1210.0
8.4;1475.7;342.8;0.6;0.0;1210.0
8.3;1475.7;337.6;0.6;0.0;1210.0
8.3;1475.7;328.8;0.6;0.0;1210.0
8.3;1475.7;339.0;0.6;0.0;1210.0
8.3;1475.7;345.0;0.6;0.0;1210.0
8.3;1475.7;354.0;0.6;1.0;1210.0
8.3;1475.7;321.9;0.6;0.0;1210.0
8.4;1475.7;343.1;0.6;0.0;1210.0
8.3;1475.7;338.2;0.6;0.0;1210.0
8.4;1475.7;334.5;0.6;0.0;1210.0
8.4;1475.7;340.6;0.6;0.0;1210.0
8.3;1475.7;337.4;0.6;0.0;1210.0
8.4;1475.7;339.9;0.6;0.0;1210.0
8.4;1475.7;347.7;0.6;0.0;1210.0
8.4;1475.7;334.8;0.6;0.0;1210.0
8.3;1475.7;336.3;0.6;0.0;1210.0
8.3;1475.7;339.6;0.6;0.0;1210.0
8.3;1475.7;345.3;0.6;0.0;1210.0
8.3;1475.7;339.6;0.6;0.0;1210.0
8.4;1475.7;343.2;0.6;0.0;1210.0
8.3;1475.7;346.8;0.6;0.0;1210.0
8.3;1475.7;332.7;0.6;0.0;1210.0
8.4;1475.7;333.0;0.6;0.0;1210.0
8.3;1475.7;335.7;0.6;0.0;1210.0
8.4;1475.6;341.1;0.6;0.0;1210.0
8.3;1475.6;335.1;0.6;0.0;1210.0
8.4;1475.6;344.7;0.6;0.0;1210.0
8.4;1475.6;342.6;0.6;0.0;1210.0
8.4;1475.6;338.4;0.6;0.0;1210.0
8.4;1475.6;338.7;0.6;0.0;1210.0
8.3;1475.6;332.7;0.6;0.0;1210.0
8.4;1475.6;336.6;0.6;1.0;1210.0
8.3;1475.6;337.5;0.6;0.0;1210.0
8.3;1475.6;348.9;0.6;0.0;1210.0
8.3;1475.6;326.4;0.6;0.0;1210.0
8.3;1475.6;337.2;0.6;0.0;1210.0
8.4;1475.6;343.5;0.6;0.0;1210.0
8.3;1475.6;340.5;0.6;0.0;1210.0
8.3;1475.6;336.9;0.6;0.0;1210.0
8.3;1475.6;339.9;0.6;0.0;1210.0
8.3;1475.6;339.3;0.6;0.0;1210.0
8.4;1475.6;335.4;0.6;0.0;1210.0
8.3;1475.6;339.3;0.6;0.0;1210.0
8.4;1475.6;340.2;0.6;0.0;1210.0
8.4;1475.6;332.1;0.6;0.0;1210.0
8.4;1475.6;332.1;0.6;0.0;1210.0
8.4;1475.6;337.8;0.6;0.0;1210.0
8.3;1475.6;344.4;0.6;0.0;1210.0
8.4;1475.6;341.1;0.6;0.0;1210.0
8.3;1475.6;339.6;0.6;0.0;1210.0
8.4;1475.6;339.6;0.6;0.0;1210.0
8.3;1475.6;333.0;0.6;0.0;1210.0
8.3;1475.6;340.8;0.6;0.0;1210.0
8.3;1475.6;338.4;0.6;0.0;1210.0
8.3;1475.6;343.5;0.6;0.0;1210.0
8.4;1475.6;337.5;0.6;0.0;1210.0
8.3;1475.6;350.7;0.6;0.0;1210.0
8.3;1475.6;337.5;0.6;0.0;1210.0
8.4;1475.6;339.3;0.6;0.0;1210.0
8.3;1475.6;348.0;0.6;0.0;1210.0
8.4;1475.6;344.7;0.6;0.0;1210.0
8.3;1475.6;338.4;0.6;0.0;1210.0
8.4;1475.6;339.9;0.6;0.0;1210.0
8.4;1475.6;337.2;0.6;0.0;1210.0
8.4;1475.6;339.3;0.6;0.0;1210.0
8.4;1475.6;332.7;0.6;0.0;1210.0
8.3;1475.6;337.5;0.6;0.0;1210.0
8.4;1475.6;337.2;0.6;0.0;1210.0
8.3;1475.6;328.2;0.6;0.0;1210.0
8.3;1475.6;342.3;0.6;0.0;1210.0
8.3;1475.6;343.8;0.6;0.0;1210.0
8.3;1475.6;350.7;0.6;0.0;1210.0
8.4;1475.6;345.3;0.6;0.0;1210.0
8.3;1475.6;339.9;0.6;0.0;1210.0
8.3;1475.6;343.2;0.6;0.0;1210.0
8.3;1475.6;336.0;0.6;0.0;1210.0
8.3;1475.6;345.9;0.6;0.0;1210.0
8.4;1475.6;337.5;0.6;0.0;1210.0
8.3;1475.6;340.2;0.6;0.0;1210.0
8.4;1475.6;342.9;0.6;0.0;1210.0
8.4;1475.6;338.4;0.6;0.0;1210.0
8.4;1475.6;342.3;0.6;0.0;1210.0
8.4;1475.6;337.2;0.6;0.0;1210.0
8.3;1475.6;337.5;0.6;0.0;1210.0
8.4;1475.6;338.7;0.6;0.0;1210.0
8.3;1475.6;339.0;0.6;0.0;1210.0
8.4;1475.6;337.5;0.6;0.0;1210.0
8.3;1475.6;338.1;0.6;0.0;1210.0
8.3;1475.6;344.1;0.6;0.0;1210.0
8.3;1475.6;339.3;0.6;0.0;1210.0
8.3;1475.6;339.0;0.6;0.0;1210.0
8.4;1475.6;338.7;0.6;0.0;1210.0
8.3;1475.6;342.3;0.6;0.0;1210.0
8.3;1475.6;335.4;0.6;0.0;1210.0
8.4;1475.6;341.7;0.6;0.0;1210.0
8.3;1475.6;345.0;0.6;0.0;1210.0
8.4;1475.6;340.2;0.6;0.0;1210.0
8.3;1475.6;333.9;0.6;0.0;1210.0
8.4;1475.6;338.1;0.6;0.0;1210.0
8.4;1475.6;339.0;0.6;0.0;1210.0
8.4;1475.6;340.2;0.6;0.0;1210.0
8.4;1475.6;338.1;0.6;0.0;1210.0
8.3;1475.6;334.2;0.6;1.0;1210.0
8.4;1475.6;333.6;0.6;0.0;1210.0
8.3;1475.6;333.0;0.6;0.0;1210.0
8.3;1475.6;334.5;0.6;0.0;1210.0
8.3;1475.6;331.8;0.6;0.0;1210.0
8.3;1475.6;336.6;0.6;0.0;1210.0
8.4;1475.6;332.7;0.6;0.0;1210.0
8.3;1475.6;338.1;0.6;0.0;1210.0
8.3;1475.6;339.6;0.6;0.0;1210.0
8.4;1475.6;333.3;0.6;1.0;1210.0
8.3;1475.6;340.5;0.6;0.0;1210.0
8.4;1475.6;337.8;0.6;0.0;1210.0
8.3;1475.6;339.3;0.6;0.0;1210.0
8.4;1475.6;339.3;0.6;0.0;1210.0
8.4;1475.6;343.2;0.6;0.0;1210.0
8.4;1475.6;339.9;0.6;0.0;1210.0
8.4;1475.6;331.2;0.6;0.0;1210.0
8.3;1475.6;342.6;0.6;0.0;1210.0
8.4;1475.6;339.3;0.6;1.0;1210.0
8.3;1475.6;338.4;0.6;0.0;1210.0
8.4;1475.6;335.7;0.6;0.0;1210.0
8.3;1475.6;339.3;0.6;0.0;1210.0
8.3;1475.6;335.7;0.6;0.0;1210.0
8.4;1475.6;336.6;0.6;0.0;1210.0
8.3;1475.6;338.4;0.6;0.0;1210.0
8.3;1475.6;338.1;0.6;0.0;1210.0
8.3;1475.6;330.9;0.6;0.0;1210.0
8.3;1475.6;334.8;0.6;0.0;1210.0
8.4;1475.6;332.7;0.6;0.0;1210.0
8.3;1475.6;340.5;0.6;0.0;1210.0
8.4;1475.6;335.4;0.6;0.0;1210.0
8.3;1475.6;340.5;0.6;0.0;1210.0
8.4;1475.6;337.8;0.6;0.0;1210.0
8.4;1475.6;334.2;0.6;0.0;1210.0
8.3;1475.6;335.4;0.6;0.0;1210.0
8.4;1475.6;334.5;0.6;0.0;1210.0
8.3;1475.6;326.1;0.6;0.0;1210.0
8.4;1475.6;332.4;0.6;0.0;1210.0
8.3;1475.6;332.0;0.6;0.0;1210.0
8.3;1475.6;335.8;0.6;0.0;1210.0
8.3;1475.6;338.1;0.6;0.0;1210.0
8.3;1475.6;336.6;0.6;0.0;1210.0
8.4;1475.6;333.6;0.6;0.0;1210.0
8.3;1475.6;338.4;0.6;0.0;1210.0
8.3;1475.6;335.7;0.6;0.0;1210.0
8.4;1475.6;339.6;0.6;0.0;1210.0
8.3;1475.6;342.6;0.6;0.0;1210.0
8.4;1475.6;345.6;0.6;0.0;1210.0
8.3;1475.6;343.2;0.6;0.0;1210.0
8.4;1475.6;338.4;0.6;0.0;1210.0
8.4;1475.6;336.3;0.6;0.0;1210.0
8.4;1475.6;332.1;0.6;0.0;1210.0
8.4;1475.6;336.3;0.6;0.0;1210.0
8.3;1475.6;342.0;0.6;0.0;1210.0
8.4;1475.6;336.0;0.6;0.0;1210.0
8.4;1475.6;350.1;0.6;0.0;1210.0
8.4;1475.6;320.1;0.6;0.0;1210.0
8.3;1475.6;338.7;0.6;0.0;1210.0
8.3;1475.6;332.6;0.6;0.0;1210.0
8.4;1475.6;342.7;0.6;0.0;1210.0
8.3;1475.6;343.2;0.6;0.0;1210.0
8.3;1475.6;337.5;0.6;0.0;1210.0
8.3;1475.6;339.6;0.6;0.0;1210.0
8.3;1475.6;339.3;0.6;0.0;1210.0
8.4;1475.6;334.8;0.6;0.0;1210.0
8.3;1475.6;341.4;0.6;0.0;1210.0
8.4;1475.6;339.6;0.6;0.0;1210.0
8.3;1475.6;331.5;0.6;0.0;1210.0
8.4;1475.6;337.2;0.6;0.0;1210.0
8.4;1475.6;342.0;0.6;0.0;1210.0
8.3;1475.6;330.0;0.6;0.0;1210.0
8.4;1475.6;340.5;0.6;1.0;1210.0
8.3;1475.6;335.1;0.6;0.0;1210.0
8.4;1475.6;336.6;0.6;0.0;1210.0
8.3;1475.6;336.0;0.6;0.0;1210.0
8.3;1475.6;331.5;0.6;0.0;1210.0
8.4;1475.6;340.5;0.6;0.0;1210.0
8.3;1475.6;331.2;0.6;0.0;1210.0
8.4;1475.6;339.3;0.6;0.0;1210.0
8.3;1475.6;339.6;0.6;0.0;1210.0
8.3;1475.6;327.0;0.6;0.0;1210.0
8.4;1475.6;327.0;0.6;0.0;1210.0
8.3;1475.6;343.5;0.6;0.0;1210.0
8.4;1475.6;334.2;0.6;0.0;1210.0
