139.8;450498560;18
169.7;511438848;835
109.9;612757504;931
109.8;649064448;1187
99.8;704901120;1192
119.8;713469952;1433
109.8;713469952;1484
99.9;713469952;1541
89.9;713469952;1523
109.8;713469952;1478
99.8;713469952;1549
99.9;783724544;1148
99.9;886222848;1013
109.8;988721152;1011
99.9;1091350528;1014
99.9;1193586688;1010
99.9;1296084992;1013
89.9;1398452224;1010
99.9;1403432960;1489
99.8;1403432960;1543
99.8;1403432960;1540
99.8;1403432960;1537
109.8;1403432960;1541
99.9;1403432960;1541
99.8;1403432960;1514
99.8;1403432960;1537
99.8;1403432960;1541
99.8;1403432960;1539
109.8;1403432960;1538
99.8;1403432960;1514
99.8;1403432960;1538
109.8;1403432960;1545
99.8;1403432960;1548
99.8;1403432960;1532
109.8;1403432960;1521
89.8;1433448448;1081
99.8;1433448448;9
99.8;1433448448;0
99.8;1433448448;0
119.8;1433448448;1
209.7;1433579520;0
658.3;1439817728;3
785.6;1441492992;4
795.0;1442148352;1
792.0;1442541568;2
788.9;1457221632;2
793.4;1457221632;2
803.3;1457221632;0
803.8;1452216320;2
775.5;1452347392;4
784.2;1452478464;2
778.8;1573851136;2
715.1;1908346880;1
698.6;1994330112;0
668.8;1995116544;2
598.7;1995116544;0
588.6;1995116544;2
608.8;1995116544;0
289.6;1995116544;0
169.8;1995116544;0
119.8;1996296192;4
209.6;2004946944;4
99.8;2004946944;0
99.9;2004946944;0
119.8;2004946944;0
229.6;2005078016;0
712.0;2005602304;1
788.4;2005995520;2
800.9;2005995520;0
784.3;2005995520;0
789.3;2005995520;0
796.7;2005995520;0
804.5;2005995520;0
798.0;2005995520;0
746.3;2005995520;0
695.4;2005995520;0
688.6;2005995520;0
698.6;2005995520;0
658.8;2005995520;0
588.7;2005995520;0
459.1;2005995520;1
409.2;2005995520;0
329.4;2005995520;0
199.7;2005995520;0
148.4;2006257664;5
99.8;2006257664;2
99.8;2006257664;0
99.8;2006257664;0
139.8;2006388736;0
313.2;2007175168;1
798.2;2007175168;1
798.8;2007175168;0
793.3;2007175168;0
801.2;2007175168;0
798.9;2007175168;0
797.4;2007306240;0
701.7;2007306240;0
712.5;2007306240;0
696.8;2007306240;0
698.5;2007306240;0
688.8;2007306240;0
698.5;2007306240;0
708.5;2007306240;0
698.3;2007306240;0
698.6;2007306240;0
638.9;2007306240;0
468.6;2007306240;5
109.1;2007306240;2
99.8;2007306240;0
99.8;2007306240;0
159.6;2007437312;0
419.3;2008092672;1
717.3;2008092672;0
698.6;2008092672;0
698.6;2008092672;0
698.5;2008092672;0
698.3;2008092672;2
698.3;2008092672;0
708.1;2008223744;0
698.4;2008223744;0
698.4;2008223744;0
788.4;2008223744;0
805.4;2008223744;0
797.0;2008354816;0
698.5;2008354816;0
653.3;2008354816;0
618.8;2009665536;2
429.1;2009665536;0
199.6;2009665536;0
199.7;2009665536;0
199.6;2010583040;9
99.8;2010583040;3
99.8;2010583040;0
99.8;2010583040;0
129.8;2010714112;1
219.7;2010714112;0
678.2;2011238400;0
698.5;2011238400;0
698.5;2011238400;2
698.3;2015432704;0
698.4;2015432704;0
755.7;2015432704;0
798.0;2015432704;0
803.4;2015432704;0
805.4;2015432704;0
797.3;2015432704;0
785.4;2015432704;0
797.8;2015432704;0
796.4;2015432704;0
798.8;2015432704;0
