119.9;446496768;9
199.6;506941440;774
119.8;608129024;928
119.8;647581696;1219
99.8;707612672;1205
129.8;716132352;1442
109.8;716132352;1487
99.8;716132352;1535
109.8;788877312;1100
99.9;891113472;1010
89.9;993218560;1009
109.8;1095323648;1008
99.9;1197166592;1005
89.9;1299271680;1009
89.9;1372409856;1152
109.8;1372409856;1503
99.8;1372409856;1533
99.9;1372409856;1546
99.9;1372409856;1538
99.9;1372409856;1537
109.8;1372409856;1516
99.8;1372409856;1545
99.9;1372409856;1545
99.8;1372409856;1547
89.9;1372409856;1545
99.8;1372409856;1520
99.8;1372409856;1532
89.9;1372409856;1550
89.9;1372409856;1542
89.9;1372409856;1542
99.9;1372409856;1532
99.8;1372409856;1520
89.9;1372409856;1547
99.9;1372409856;1543
99.9;1372409856;1547
99.8;1373196288;904
109.8;1373327360;8
99.8;1373327360;0
99.8;1373327360;0
149.8;1373458432;1
239.6;1373458432;0
788.7;1378181120;4
766.2;1377808384;2
792.5;1401401344;3
791.1;1428402176;2
799.4;1428402176;2
775.9;1428664320;2
788.7;1425883136;0
786.6;1425883136;2
772.8;1425883136;2
728.2;1427537920;2
668.5;1730445312;0
638.9;1926660096;0
688.7;1927053312;3
598.8;1927970816;0
499.0;1927970816;2
499.1;1927970816;0
449.2;1927970816;2
309.5;1927970816;0
99.9;1927970816;0
99.8;1927970816;0
99.8;1927970816;0
99.8;1927970816;0
99.8;1927970816;0
139.7;1936359424;7
99.8;1936359424;2
99.8;1936359424;0
99.8;1936359424;0
139.7;1936490496;0
264.5;1937014784;1
790.5;1937670144;2
801.6;1937801216;2
807.5;1937801216;0
798.8;1937801216;2
796.1;1937801216;0
790.5;1937801216;0
809.0;1937801216;0
798.9;1937801216;2
800.5;1937801216;0
798.8;1937801216;2
800.0;1937801216;1
688.9;1937801216;2
693.4;1937801216;0
698.5;1937801216;0
698.6;1937801216;0
608.9;1937801216;0
499.0;1937801216;0
329.4;1937801216;0
239.5;1937801216;0
169.7;1937801216;0
119.8;1938190336;7
99.8;1938190336;0
99.8;1938190336;0
99.8;1938190336;0
199.6;1938321408;0
617.3;1938583552;1
800.8;1938714624;1
798.9;1938714624;1
795.4;1938714624;0
798.8;1938714624;0
798.1;1938714624;0
799.7;1938714624;0
773.7;1938714624;0
803.2;1938714624;0
752.9;1938714624;0
698.7;1938714624;0
708.7;1938714624;2
698.6;1938714624;0
698.8;1938714624;0
724.2;1938845696;0
668.8;1938845696;3
598.9;1938845696;0
598.9;1938845696;0
399.2;1938845696;0
179.7;1938845696;0
119.7;1939501056;3
109.8;1939369984;3
99.8;1939369984;0
99.8;1939369984;0
129.7;1939369984;0
219.6;1939369984;1
778.6;1940025344;1
808.3;1940025344;0
798.9;1940025344;0
797.5;1940025344;0
798.7;1940025344;0
748.1;1940025344;0
698.4;1940025344;0
697.7;1940025344;0
698.6;1940025344;0
698.5;1940025344;0
698.7;1940025344;0
707.3;1940025344;0
698.8;1940025344;0
707.3;1940025344;0
685.5;1940025344;0
459.1;1940025344;0
399.0;1940025344;0
289.3;1940025344;2
199.7;1940025344;0
199.6;1940025344;0
149.7;1940787200;8
99.8;1940787200;2
99.8;1940787200;0
99.8;1940787200;0
189.7;1940918272;0
544.6;1941573632;1
728.9;1941704704;2
690.0;1941966848;0
706.2;1946161152;0
