139.8;451420160;27
169.7;519770112;885
119.8;620826624;933
109.8;661065728;1225
109.8;708120576;1256
109.8;715448320;1470
109.8;715448320;1486
99.8;715448320;1536
99.9;715448320;1520
109.8;715448320;1490
99.8;715448320;1547
109.8;799203328;1079
99.8;901701632;1012
99.8;1003937792;1010
99.8;1106305024;1011
99.8;1208934400;1013
89.9;1311301632;1012
99.8;1384177664;1169
109.8;1384177664;1516
99.8;1384177664;1532
99.8;1384177664;1534
99.8;1384177664;1537
99.9;1384177664;1542
109.8;1384177664;1522
89.9;1384177664;1535
89.8;1384177664;1522
99.8;1384177664;1552
89.9;1384177664;1553
99.8;1384177664;1532
89.9;1384177664;1541
99.8;1384177664;1543
99.9;1384177664;1542
99.9;1384177664;1549
109.9;1384177664;1539
99.9;1384177664;1513
109.8;1414193152;745
109.8;1414324224;8
99.8;1414324224;0
99.8;1414324224;0
129.8;1414455296;1
209.6;1414586368;0
704.4;1420288000;4
798.2;1420288000;2
788.0;1420550144;2
780.0;1435361280;2
796.6;1435361280;2
793.0;1435361280;2
804.1;1433751552;4
789.8;1433751552;2
796.1;1433751552;2
784.6;1433751552;2
795.9;1433751552;2
772.3;1433751552;4
776.7;1433006080;3
764.6;1600385024;2
588.7;1705242624;0
568.9;1710354432;2
129.8;1710354432;0
99.8;1710354432;0
99.8;1710354432;2
99.8;1710354432;0
99.8;1710354432;0
129.8;1711534080;5
99.8;1711534080;2
99.8;1711534080;0
99.8;1711534080;0
159.7;1711665152;0
369.4;1712320512;1
794.0;1712320512;0
778.9;1712320512;0
767.3;1712320512;1
708.3;1712320512;0
698.9;1712320512;0
713.1;1712320512;2
688.8;1712320512;0
698.2;1712320512;0
698.0;1712320512;0
698.7;1712320512;0
698.4;1712320512;0
688.6;1794633728;0
698.4;2121003008;0
628.7;2174873600;0
499.1;2174873600;0
449.1;2174873600;1
339.3;2174873600;0
179.6;2182475776;5
99.3;2182606848;3
99.8;2182606848;0
99.9;2182606848;0
189.7;2182737920;0
591.8;2183393280;1
798.7;2183393280;0
797.4;2183393280;0
740.9;2183524352;2
798.8;2183524352;0
787.6;2183524352;2
806.4;2183524352;0
798.8;2183524352;0
762.4;2183524352;0
658.8;2183524352;0
688.3;2183524352;2
698.5;2183524352;0
698.4;2183524352;0
697.9;2183524352;0
708.7;2183524352;0
319.4;2183524352;0
209.6;2183524352;0
199.7;2183524352;0
179.6;2183655424;4
99.8;2183786496;2
99.9;2183786496;0
99.9;2183786496;0
189.7;2183917568;0
445.5;2184572928;1
738.9;2184572928;1
702.6;2184572928;0
698.8;2184572928;2
698.6;2184572928;0
698.6;2230054912;0
708.6;2518151168;0
697.0;2781605888;0
708.5;3093032960;0
708.3;3093164032;0
668.3;3093295104;0
608.6;3093295104;0
608.7;3093295104;0
449.0;3093295104;0
389.2;3093295104;2
359.4;3093295104;0
299.4;3093295104;0
299.5;3093295104;0
139.8;3093295104;0
99.9;3093295104;0
99.9;3093295104;0
99.8;3093295104;0
99.8;3093295104;0
99.8;3093295104;0
156.4;3104698368;4
149.7;2891046912;7
99.8;2891046912;0
99.8;2891046912;0
109.8;2891046912;0
199.6;2891177984;0
668.8;2891702272;0
707.5;2891702272;0
699.0;2891702272;0
708.8;2891702272;0
708.4;2891702272;0
785.1;2891702272;0
736.6;2891702272;0
