0.0;10485760;0
0.0;10485760;0
0.0;10485760;0
0.0;10485760;0
0.0;10485760;0
0.0;10485760;0
0.0;10485760;0
0.0;10485760;0
0.0;10485760;0
0.0;10485760;0
0.0;10485760;0
0.0;10485760;0
0.0;10485760;0
0.0;10485760;0
0.0;10485760;0
0.0;10485760;0
0.0;10485760;0
0.0;10485760;0
0.0;10485760;0
0.0;10485760;0
0.0;10485760;0
0.0;10485760;0
0.0;10485760;0
0.0;10485760;0
0.0;10485760;0
0.0;10485760;0
0.0;10485760;0
0.0;10485760;0
0.0;10485760;0
0.0;10485760;0
0.0;10485760;0
0.0;10485760;0
0.0;10485760;0
0.0;10485760;0
0.0;10485760;0
0.0;10485760;0
0.0;10485760;0
14.2;16863232;0
201.6;65204224;0
199.5;102584320;0
99.7;123678720;0
100.3;149241856;0
99.4;182173696;0
83.1;211726336;0
99.7;230703104;0
100.8;259325952;0
99.4;291565568;0
100.3;321966080;0
99.7;350924800;0
99.7;380329984;0
99.7;379404288;485
99.7;379404288;717
100.3;379404288;736
99.4;379404288;777
0.0;379371520;101
0.0;379371520;0
0.0;379371520;0
0.0;379371520;0
0.0;379371520;0
0.0;379371520;0
0.0;379371520;0
0.0;379371520;0
0.0;379371520;0
0.0;379371520;0
0.0;379371520;0
0.0;379371520;0
0.0;379371520;0
0.0;379371520;0
0.0;379371520;0
0.0;379371520;0
0.0;379371520;0
0.0;379371520;0
0.0;379371520;0
0.0;379371520;0
0.0;379371520;0
0.0;379371520;0
71.0;408465408;0
201.6;452550656;0
149.6;473501696;0
99.7;499847168;0
100.3;525074432;0
99.4;556273664;0
100.3;584941568;0
99.4;603045888;0
100.8;633716736;0
99.7;663117824;0
99.7;691724288;0
100.8;720486400;0
99.7;746885120;0
100.3;758648832;0
99.4;758648832;0
100.8;758648832;0
99.7;475312128;0
33.2;384782336;0
0.0;384782336;0
0.0;384782336;0
0.0;384782336;0
0.0;384782336;0
0.0;384782336;0
0.0;384782336;0
0.0;384782336;0
0.0;384782336;0
0.0;384782336;0
0.0;384782336;0
0.0;384782336;0
0.0;384782336;0
0.0;384782336;0
0.0;384782336;0
0.0;384782336;0
0.0;384782336;0
0.0;384782336;0
0.0;384782336;0
0.0;384782336;0
0.0;384782336;0
100.8;414580736;0
199.5;455299072;0
157.7;476053504;0
99.4;502112256;0
100.3;531435520;0
100.3;561799168;0
99.4;589930496;0
100.8;607166464;0
100.3;638865408;0
99.7;669392896;0
99.7;698650624;0
99.7;725028864;0
100.8;752623616;0
100.3;760418304;0
99.7;760418304;0
100.8;760422400;0
99.7;411160576;0
0.0;386842624;0
0.0;386842624;0
0.0;386842624;0
0.0;386842624;0
0.0;386842624;0
0.0;386842624;0
0.0;386842624;0
0.0;386842624;0
0.0;386842624;0
0.0;386842624;0
0.0;386842624;0
0.0;386842624;0
0.0;386842624;0
0.0;386842624;0
0.0;386842624;0
0.0;386842624;0
0.0;386842624;0
0.0;386842624;0
0.0;386842624;0
0.0;386842624;0
28.7;394813440;0
184.7;440696832;0
199.5;462798848;76
127.8;489914368;336
100.3;514478080;0
100.3;545685504;0
99.4;575483904;0
100.3;597585920;0
100.3;624787456;0
99.4;656125952;0
100.3;684314624;0
99.4;714178560;0
100.3;742649856;0
100.3;759119872;0
99.4;759119872;0
100.3;759119872;0
100.3;412364800;0
0.0;386510848;0
0.0;386510848;0
0.0;386510848;0
0.0;386510848;0
0.0;386510848;0
0.0;386510848;0
0.0;386510848;0
0.0;386510848;0
0.0;386510848;0
0.0;386510848;0
0.0;386510848;0
0.0;386510848;0
0.0;386510848;0
0.0;386510848;0
0.0;386510848;0
0.0;386510848;0
0.0;386510848;0
0.0;386510848;0
0.0;386510848;0
0.0;386510848;0
0.0;386510848;0
99.7;414683136;0
201.6;455229440;0
133.0;475480064;0
100.3;501534720;0
99.7;531742720;0
99.7;563916800;0
100.8;591773696;0
99.7;611561472;0
99.7;643645440;0
100.8;674648064;0
99.7;704561152;0
99.7;733208576;0
99.7;759144448;0
99.7;760815616;0
100.3;760819712;0
100.3;523272192;0
56.8;392429568;0
0.0;392429568;0
0.0;392429568;0
0.0;392429568;0
0.0;392429568;0
0.0;392429568;0
0.0;392429568;0
0.0;392429568;0
0.0;392429568;0
0.0;392429568;0
0.0;392429568;0
0.0;392429568;0
0.0;392429568;0
0.0;392429568;0
0.0;392429568;0
0.0;392429568;0
0.0;392429568;0
0.0;392429568;0
0.0;392429568;0
0.0;392429568;0
16.6;397799424;0
151.2;426401792;0
199.5;462397440;0
116.4;481644544;0
100.8;506126336;0
99.7;538759168;0
99.7;570109952;0
99.7;595910656;0
99.7;619859968;0
100.3;651763712;0
100.3;681844736;0
99.4;711733248;0
100.3;739299328;0
100.8;760074240;0
99.7;760074240;0
83.1;760078336;0
100.3;487104512;0
28.4;403726336;0
0.0;403726336;0
0.0;403726336;0
0.0;403726336;0
0.0;403726336;0
0.0;403726336;0
0.0;403726336;0
0.0;403726336;0
0.0;403726336;0
0.0;403726336;0
0.0;403726336;0
0.0;403726336;0
0.0;403726336;0
0.0;403726336;0
0.0;403726336;0
0.0;403726336;0
0.0;403726336;0
0.0;403726336;0
0.0;403726336;0
0.0;403726336;0
166.2;435068928;0
199.5;467517440;0
100.8;485310464;0
99.7;506077184;0
99.7;538906624;0
86.0;568320000;0
99.4;595308544;0
99.7;616570880;0
100.8;646168576;0
99.7;673554432;0
99.7;704004096;0
100.8;728240128;0
100.3;753975296;0
99.4;761307136;0
99.7;761307136;0
99.7;664903680;0
99.7;405663744;0
0.0;405663744;0
0.0;405663744;0
0.0;405663744;0
0.0;405663744;0
0.0;405663744;0
0.0;405663744;0
0.0;405663744;0
0.0;405663744;0
0.0;405663744;0
0.0;405663744;0
0.0;405663744;0
0.0;405663744;0
0.0;405663744;0
0.0;405663744;0
0.0;405663744;0
0.0;405663744;0
0.0;405663744;0
0.0;405663744;0
14.2;408969216;0
199.5;441700352;0
201.6;474550272;0
