0.0;10539008;0
0.0;10539008;0
0.0;10539008;0
0.0;10539008;0
0.0;10539008;0
0.0;10539008;0
0.0;10539008;0
0.0;10539008;0
0.0;10539008;0
0.0;10539008;0
0.0;10539008;0
0.0;10539008;0
0.0;10539008;0
0.0;10539008;0
0.0;10539008;0
0.0;10539008;0
0.0;10539008;0
0.0;10539008;0
0.0;10539008;0
0.0;10539008;0
0.0;10539008;0
0.0;10539008;0
0.0;10539008;0
0.0;10539008;0
0.0;10539008;0
0.0;10539008;0
0.0;10539008;0
0.0;10539008;0
0.0;10539008;0
0.0;10539008;0
0.0;10539008;0
0.0;10539008;0
0.0;10539008;0
0.0;10539008;0
0.0;10539008;0
0.0;10539008;0
0.0;10539008;0
43.0;21831680;0
199.5;76988416;0
182.8;100806656;0
99.7;131702784;0
100.3;157810688;0
99.4;189116416;0
100.3;217387008;0
99.7;233656320;0
99.7;265867264;0
99.7;298749952;0
99.7;329629696;0
100.3;358780928;0
99.4;386256896;0
100.8;379326464;616
99.7;379326464;781
99.7;379326464;711
99.4;379326464;708
0.0;379297792;0
0.0;379297792;0
0.0;379297792;0
0.0;379297792;0
0.0;379297792;0
0.0;379297792;0
0.0;379297792;0
0.0;379297792;0
0.0;379297792;0
0.0;379297792;0
0.0;379297792;0
0.0;379297792;0
0.0;379297792;0
0.0;379297792;0
0.0;379297792;0
0.0;379297792;0
0.0;379297792;0
0.0;379297792;0
0.0;379297792;0
0.0;379297792;0
0.0;379297792;0
0.0;379297792;0
133.0;421072896;0
199.5;460943360;0
127.8;481107968;0
100.3;501579776;0
100.3;533782528;0
99.7;561586176;0
100.8;588558336;0
99.7;607895552;0
99.7;636129280;0
99.4;665313280;0
100.3;695214080;0
100.3;722739200;0
99.7;750108672;0
100.8;758595584;0
99.7;758595584;0
99.7;758595584;0
99.7;440897536;0
0.0;383627264;0
0.0;383627264;0
0.0;383627264;0
0.0;383627264;0
0.0;383627264;0
0.0;383627264;0
0.0;383627264;0
0.0;383627264;0
0.0;383627264;0
0.0;383627264;0
0.0;383627264;0
0.0;383627264;0
0.0;383627264;0
0.0;383627264;0
0.0;383627264;0
0.0;383627264;0
0.0;383627264;0
0.0;383627264;0
0.0;383627264;0
0.0;383627264;0
0.0;383627264;0
33.2;407076864;0
201.6;446128128;0
182.8;462868480;222
116.4;491065344;190
99.4;515297280;0
100.3;546828288;0
100.3;577994752;0
99.4;598171648;0
100.3;625516544;0
99.7;656949248;0
99.7;687296512;0
99.7;716316672;0
99.7;742629376;0
100.8;757854208;0
99.7;757854208;0
99.7;757858304;0
100.8;454672384;0
16.6;383692800;0
0.0;383692800;0
0.0;383692800;0
0.0;383692800;0
0.0;383692800;0
0.0;383692800;0
0.0;383692800;0
0.0;383692800;0
0.0;383692800;0
0.0;383692800;0
0.0;383692800;0
0.0;383692800;0
0.0;383692800;0
0.0;383692800;0
0.0;383692800;0
0.0;383692800;0
0.0;383692800;0
0.0;383692800;0
0.0;383692800;0
0.0;383692800;0
0.0;383692800;0
100.8;412950528;0
199.5;454610944;0
149.6;475766784;0
99.7;501198848;0
99.7;531820544;0
100.8;563191808;0
99.7;590217216;0
99.7;610168832;0
100.8;642105344;0
99.7;671543296;0
99.7;700207104;0
99.7;730230784;0
99.7;759287808;0
100.8;759980032;0
99.7;759980032;0
99.7;523399168;0
67.2;386347008;0
0.0;386347008;0
0.0;386347008;0
0.0;386347008;0
0.0;386347008;0
0.0;386347008;0
0.0;386347008;0
0.0;386347008;0
0.0;386347008;0
0.0;386347008;0
0.0;386347008;0
0.0;386347008;0
0.0;386347008;0
0.0;386347008;0
0.0;386347008;0
0.0;386347008;0
0.0;386347008;0
0.0;386347008;0
0.0;386347008;0
0.0;386347008;0
0.0;386347008;0
100.3;417067008;0
200.7;458772480;0
133.0;479662080;0
99.7;502607872;0
100.3;534413312;0
99.7;566038528;0
99.7;594427904;0
99.7;615739392;0
99.7;646332416;0
100.8;677531648;0
99.7;707936256;0
99.7;737316864;0
100.8;761610240;0
100.3;761610240;0
99.4;761610240;0
100.3;502874112;0
42.6;393748480;0
0.0;393748480;0
0.0;393748480;0
0.0;393748480;0
0.0;393748480;0
0.0;393748480;0
0.0;393748480;0
0.0;393748480;0
0.0;393748480;0
0.0;393748480;0
0.0;393748480;0
0.0;393748480;0
0.0;393748480;0
0.0;393748480;0
0.0;393748480;0
0.0;393748480;0
0.0;393748480;0
0.0;393748480;0
0.0;393748480;0
0.0;393748480;0
0.0;393748480;0
100.3;420478976;0
200.7;458928128;0
133.0;477835264;0
99.7;503214080;0
99.7;534892544;0
99.7;566980608;0
100.8;593711104;0
99.7;615247872;0
99.4;648048640;0
100.3;674852864;0
100.8;703496192;0
99.7;731602944;0
99.7;759586816;0
99.7;762322944;0
99.4;762322944;0
100.3;524668928;0
50.4;407560192;0
0.0;407560192;0
0.0;407560192;0
0.0;407560192;0
0.0;407560192;0
0.0;407560192;0
0.0;407560192;0
0.0;407560192;0
0.0;407560192;0
0.0;407560192;0
0.0;407560192;0
0.0;407560192;0
0.0;407560192;0
0.0;407560192;0
0.0;407560192;0
0.0;407560192;0
0.0;407560192;0
0.0;407560192;0
0.0;407560192;0
0.0;410509312;0
166.2;441577472;0
198.9;470482944;0
100.3;489615360;0
100.3;512528384;0
99.7;544862208;0
99.7;574435328;0
100.8;598114304;0
99.7;623677440;0
99.4;656093184;0
100.3;685932544;0
99.4;715321344;0
99.7;744181760;0
100.8;760901632;0
99.7;760901632;0
99.4;760905728;0
100.3;450236416;0
0.0;406220800;0
0.0;406220800;0
0.0;406220800;0
0.0;406220800;0
0.0;406220800;0
0.0;406220800;0
0.0;406220800;0
0.0;406220800;0
0.0;406220800;0
0.0;406220800;0
0.0;406220800;0
0.0;406220800;0
0.0;406220800;0
0.0;406220800;0
0.0;406220800;0
0.0;406220800;0
0.0;406220800;0
0.0;406220800;0
0.0;406220800;0
0.0;406220800;0
84.0;432558080;0
199.5;460705792;0
