0.0;10502144;0
0.0;10502144;0
0.0;10502144;0
0.0;10502144;0
0.0;10502144;0
0.0;10502144;0
0.0;10502144;0
0.0;10502144;0
0.0;10502144;0
0.0;10502144;0
0.0;10502144;0
0.0;10502144;0
0.0;10502144;0
0.0;10502144;0
0.0;10502144;0
0.0;10502144;0
0.0;10502144;0
0.0;10502144;0
0.0;10502144;0
0.0;10502144;0
0.0;10502144;0
0.0;10502144;0
0.0;10502144;0
0.0;10502144;0
0.0;10502144;0
0.0;10502144;0
0.0;10502144;0
0.0;10502144;0
0.0;10502144;0
0.0;10502144;0
0.0;10502144;0
0.0;10502144;0
0.0;10502144;0
0.0;10502144;0
0.0;10502144;0
0.0;10502144;0
0.0;10502144;0
43.0;23166976;0
170.5;99962880;0
100.8;130740224;0
83.1;155566080;0
99.7;186576896;0
99.4;216371200;0
100.3;233426944;0
99.7;263602176;0
99.7;295264256;0
100.8;325246976;0
99.4;354574336;0
100.3;382910464;0
83.1;379301888;575
100.8;379301888;710
99.7;379301888;702
100.3;379301888;769
0.0;379273216;60
0.0;379273216;0
0.0;379273216;0
0.0;379273216;0
0.0;379273216;0
0.0;379273216;0
0.0;379273216;0
0.0;379273216;0
0.0;379273216;0
0.0;379273216;0
0.0;379273216;0
0.0;379273216;0
0.0;379273216;0
0.0;379273216;0
0.0;379273216;0
0.0;379273216;0
0.0;379273216;0
0.0;379273216;0
0.0;379273216;0
0.0;379273216;0
0.0;379273216;0
0.0;379273216;0
129.0;421232640;0
198.9;460742656;0
129.0;480940032;0
100.3;501379072;0
99.7;535224320;0
99.7;566022144;0
99.7;591888384;0
100.8;613154816;0
99.7;642936832;0
99.7;673783808;0
100.3;703967232;0
99.4;731586560;0
99.7;757923840;0
99.7;758534144;0
100.8;758534144;0
99.7;713154560;0
100.3;401612800;0
0.0;384282624;0
0.0;384282624;0
0.0;384282624;0
0.0;384282624;0
0.0;384282624;0
0.0;384282624;0
0.0;384282624;0
0.0;384282624;0
0.0;384282624;0
0.0;384282624;0
0.0;384282624;0
0.0;384282624;0
0.0;384282624;0
0.0;384282624;0
0.0;384282624;0
0.0;384282624;0
0.0;384282624;0
0.0;384282624;0
0.0;384282624;0
0.0;384282624;0
0.0;384282624;0
129.0;419831808;0
198.9;458977280;0
129.0;480047104;0
99.7;501932032;0
99.7;535044096;0
100.8;564977664;0
99.7;592064512;0
99.7;612663296;0
99.7;645386240;0
99.7;676421632;0
100.8;704950272;0
99.7;734441472;0
99.7;760320000;0
100.8;760320000;0
99.7;760320000;0
99.7;515211264;0
49.9;386162688;0
0.0;386162688;0
0.0;386162688;0
0.0;386162688;0
0.0;386162688;0
0.0;386162688;0
0.0;386162688;0
0.0;386162688;0
0.0;386162688;0
0.0;386162688;0
0.0;386162688;0
0.0;386162688;0
0.0;386162688;0
0.0;386162688;0
0.0;386162688;0
0.0;386162688;0
0.0;386162688;0
0.0;386162688;0
0.0;386162688;0
0.0;386162688;0
0.0;386162688;0
0.0;388833280;0
133.0;426602496;0
201.6;462929920;0
199.5;480358400;720
99.7;501493760;59
100.3;533938176;0
99.7;565669888;0
100.3;592556032;0
99.4;612642816;0
100.3;642732032;0
100.3;674443264;0
99.4;705163264;0
99.7;733773824;0
100.8;760082432;0
99.7;760082432;0
99.7;760082432;0
99.7;485269504;0
33.2;387096576;0
0.0;387096576;0
0.0;387096576;0
0.0;387096576;0
0.0;387096576;0
0.0;387096576;0
0.0;387096576;0
0.0;387096576;0
0.0;387096576;0
0.0;387096576;0
0.0;387096576;0
0.0;387096576;0
0.0;387096576;0
0.0;387096576;0
0.0;387096576;0
0.0;387096576;0
0.0;387096576;0
0.0;387096576;0
0.0;387096576;0
0.0;387096576;0
14.3;390377472;0
184.7;430280704;0
200.7;465104896;0
113.6;484118528;0
100.3;507944960;0
100.3;541388800;0
99.4;572596224;0
100.3;597053440;0
100.3;621670400;0
99.4;653271040;0
99.7;685445120;0
99.7;715530240;0
99.7;743829504;0
100.8;760287232;0
100.3;760287232;0
99.4;760287232;0
100.3;434900992;0
14.3;392253440;0
0.0;392253440;0
0.0;392253440;0
0.0;392253440;0
0.0;392253440;0
0.0;392253440;0
0.0;392253440;0
0.0;392253440;0
0.0;392253440;0
0.0;392253440;0
0.0;392253440;0
0.0;392253440;0
0.0;392253440;0
0.0;392253440;0
0.0;392253440;0
0.0;392253440;0
0.0;392253440;0
0.0;392253440;0
0.0;392253440;0
0.0;392253440;0
0.0;392253440;0
182.8;435032064;0
199.5;470941696;0
100.8;490643456;0
100.3;514928640;0
99.4;545083392;0
100.3;574267392;0
100.3;599265280;0
99.4;624533504;0
99.7;655962112;0
99.7;685797376;0
99.7;715960320;0
100.8;744660992;0
100.3;762880000;0
99.4;762880000;0
99.7;762880000;0
100.8;450277376;0
0.0;394121216;0
0.0;394121216;0
0.0;394121216;0
0.0;394121216;0
0.0;394121216;0
0.0;394121216;0
0.0;394121216;0
0.0;394121216;0
0.0;394121216;0
0.0;394121216;0
0.0;394121216;0
0.0;394121216;0
0.0;394121216;0
0.0;394121216;0
0.0;394121216;0
0.0;394121216;0
0.0;394121216;0
0.0;394121216;0
0.0;394121216;0
0.0;394121216;0
66.5;406687744;0
199.5;450813952;0
184.8;471314432;0
100.3;500183040;0
99.4;526995456;0
99.7;561385472;0
100.8;589520896;0
99.7;608792576;0
99.4;639152128;0
100.3;670560256;0
99.7;701853696;0
99.7;731553792;0
100.8;755261440;0
100.3;764665856;0
99.7;764665856;0
99.7;711938048;0
100.8;395456512;0
0.0;395456512;0
0.0;395456512;0
0.0;395456512;0
0.0;395456512;0
0.0;395456512;0
0.0;395456512;0
0.0;395456512;0
0.0;395456512;0
0.0;395456512;0
0.0;395456512;0
0.0;395456512;0
0.0;395456512;0
0.0;395456512;0
0.0;395456512;0
0.0;395456512;0
0.0;395456512;0
0.0;395456512;0
0.0;395456512;0
0.0;395456512;0
100.3;422674432;0
201.6;462139392;0
133.0;480722944;0
