0.0;10522624;0
0.0;10522624;0
0.0;10522624;0
0.0;10522624;0
42.6;14684160;0
100.8;14716928;0
149.6;19116032;0
200.7;19202048;0
216.1;23261184;0
133.0;15286272;0
142.0;19361792;0
200.7;19488768;0
216.1;23482368;0
199.5;23482368;0
215.0;31502336;0
199.5;31543296;0
199.5;31555584;0
199.5;31674368;0
200.7;31571968;0
199.5;31670272;0
201.6;31686656;0
199.5;31686656;0
200.7;31817728;0
142.0;27791360;0
134.4;27893760;0
216.1;31961088;0
200.7;32018432;0
200.7;32038912;0
199.5;32055296;0
142.0;28053504;0
229.4;32104448;0
199.5;32186368;0
199.5;32206848;0
134.4;31440896;0
199.5;32366592;0
200.7;32366592;0
166.2;28340224;0
151.2;32272384;0
199.5;32301056;0
216.1;32608256;0
200.7;32641024;0
199.5;32641024;0
199.5;32641024;0
199.5;32641024;0
184.8;32641024;0
184.7;28618752;0
201.6;32661504;0
133.0;28639232;0
216.1;32702464;0
198.9;32780288;0
201.6;32788480;0
199.5;32788480;0
99.7;26238976;0
184.8;26988544;0
166.2;32927744;0
200.7;32927744;0
170.5;32927744;0
201.6;32972800;0
199.5;32985088;0
200.7;36392960;0
200.7;36392960;0
249.3;49242112;0
266.0;78688256;0
282.6;99053568;0
302.4;120049664;0
298.3;140500992;0
232.7;154275840;0
272.4;181276672;0
272.4;202477568;0
312.5;218705920;113
401.4;218775552;737
398.9;218746880;582
299.2;218812416;0
268.8;214786048;0
315.8;219820032;0
199.5;215793664;0
301.0;219877376;0
302.4;219877376;0
301.0;219967488;371
312.5;219930624;139
301.0;218566656;0
284.1;219963392;0
301.0;219963392;0
299.2;219963392;0
282.6;219963392;0
302.4;219963392;0
213.1;216268800;0
299.2;219963392;0
241.5;219967488;0
301.0;219967488;0
301.0;219967488;0
298.3;219967488;0
302.4;219967488;0
282.6;219967488;0
282.6;215945216;0
282.6;219975680;0
299.2;219975680;0
302.4;219975680;0
299.2;219975680;0
282.6;215949312;0
243.7;215949312;0
284.1;219975680;0
299.2;219975680;0
299.2;219975680;0
302.4;219975680;0
299.2;219975680;0
301.0;219975680;0
215.0;212701184;0
299.2;219975680;0
299.2;219975680;0
249.3;219979776;0
301.0;219979776;0
301.0;219979776;0
298.3;219979776;0
268.8;219975680;0
299.2;215949312;0
266.0;219975680;0
286.7;219975680;0
299.2;215998464;0
285.6;219975680;0
299.2;219975680;0
232.7;215953408;0
315.4;223330304;0
268.8;223330304;0
249.3;219303936;0
383.5;247615488;0
382.3;278818816;0
382.3;303648768;0
369.3;330768384;0
383.5;347865088;0
387.0;371286016;0
344.0;390774784;0
365.7;399347712;0
340.9;404561920;0
372.7;404561920;0
400.0;404561920;0
400.0;404561920;0
387.5;404561920;0
340.9;400539648;0
286.7;400543744;0
387.0;404570112;0
332.4;404570112;0
397.7;404570112;0
398.9;404570112;0
387.0;404570112;0
397.7;404570112;0
372.7;400543744;0
344.0;404570112;0
387.5;404570112;0
387.0;404570112;0
332.4;400543744;0
355.1;404566016;0
382.3;404566016;0
401.4;404566016;0
358.4;400539648;0
269.9;404582400;0
397.7;404602880;0
401.4;404602880;0
401.4;404602880;0
397.7;404602880;0
398.9;404598784;0
387.0;404598784;0
401.4;404598784;0
344.0;404598784;0
383.5;404598784;0
400.0;404598784;0
401.4;404598784;0
358.4;400576512;0
326.7;404656128;0
397.7;404656128;0
401.4;404656128;0
401.4;404656128;0
397.7;404656128;0
387.0;404656128;0
401.4;404656128;0
329.7;400629760;0
383.5;404660224;0
382.3;404660224;0
401.4;404660224;0
400.0;404660224;0
387.0;400633856;0
301.0;400633856;0
299.2;400633856;0
299.2;400633856;0
315.8;404664320;0
403.2;408014848;0
398.9;408014848;0
397.7;408014848;0
340.9;408014848;0
355.1;414785536;0
383.5;441016320;0
401.4;461213696;0
387.0;490307584;0
400.0;519012352;0
337.5;533037056;0
375.0;553586688;0
383.5;585105408;0
300.0;587276288;0
301.0;587276288;0
403.2;588398592;0
387.0;588398592;0
362.5;588398592;0
375.0;588398592;0
383.5;588402688;0
369.3;588468224;0
387.5;588468224;0
375.0;588468224;0
344.0;584445952;0
355.1;588472320;0
400.0;588472320;0
387.0;588468224;0
383.5;588468224;0
397.7;588468224;0
387.5;584441856;0
397.7;588472320;0
387.5;588472320;0
398.9;584450048;0
372.7;588472320;0
387.5;588472320;0
400.0;584450048;0
372.7;584450048;0
350.0;584450048;0
344.0;583462912;0
400.0;588488704;0
400.0;588488704;0
397.7;588488704;0
400.0;588488704;0
398.9;588484608;0
375.0;588488704;0
397.7;588488704;0
397.7;588488704;0
387.5;588488704;0
397.7;588488704;0
400.0;584462336;0
401.4;588484608;0
372.7;588484608;0
400.0;588484608;0
387.5;588484608;0
372.7;588488704;0
400.0;588488704;0
315.4;580444160;0
375.0;588492800;0
397.7;588492800;0
400.0;588492800;0
369.3;588492800;0
401.4;584470528;0
387.0;588496896;0
369.3;584470528;0
397.7;584470528;0
387.5;595865600;0
390.6;615428096;0
400.0;638599168;0
401.4;654430208;0
397.7;673390592;0
383.5;690294784;0
350.0;703782912;0
372.7;726757376;0
401.4;752746496;0
401.4;771760128;0
400.0;771141632;0
401.8;767127552;0
400.0;772239360;0
400.0;772276224;0
400.0;772276224;0
387.0;772276224;0
387.5;772276224;0
403.2;768249856;0
372.7;768307200;0
400.0;768307200;0
397.7;768307200;0
397.7;768307200;0
369.3;772333568;0
383.5;772333568;0
400.0;772333568;0
383.5;772333568;0
375.0;772333568;0
398.9;768303104;0
400.0;772812800;0
372.7;772812800;0
372.7;772812800;0
400.0;772812800;0
369.3;772812800;0
383.5;772812800;0
387.5;768786432;0
400.0;772808704;0
382.3;772808704;0
387.5;772808704;0
387.5;772808704;0
365.7;772808704;0
387.5;772812800;0
400.0;772812800;0
387.9;772812800;0
390.6;772812800;0
362.5;772812800;0
387.5;772812800;0
387.5;772829184;0
400.0;772829184;0
400.0;772829184;0
400.0;772829184;0
400.0;768802816;0
