0.0;10510336;0
0.0;10510336;0
0.0;10510336;0
0.0;10510336;0
0.0;10510336;0
42.6;14639104;0
100.8;14688256;0
149.6;19136512;0
200.7;19177472;0
166.2;19255296;0
201.6;19292160;0
216.1;23420928;0
200.7;23420928;0
216.1;31535104;0
199.5;27512832;0
156.2;31629312;0
200.7;31629312;0
182.8;31473664;0
199.5;31481856;0
200.7;31514624;0
216.1;31703040;0
199.5;31707136;0
200.7;31711232;0
166.2;27688960;0
216.1;31875072;0
201.6;31875072;0
198.9;31879168;0
182.8;27869184;0
232.7;32026624;0
201.6;32006144;0
198.9;32112640;0
184.8;25436160;0
199.5;32141312;0
199.5;32276480;0
184.7;32272384;0
172.0;32272384;0
133.0;23629824;0
133.0;32489472;0
201.6;32497664;0
199.5;32518144;0
186.4;32522240;0
198.9;32579584;0
201.6;32579584;0
199.5;32579584;0
215.0;32641024;0
186.4;28651520;0
182.8;32604160;0
199.5;32649216;0
200.7;32649216;0
200.7;32649216;0
199.5;32714752;0
84.0;24670208;0
184.7;33579008;0
200.7;33579008;0
199.5;33579008;0
201.6;33579008;0
198.9;33579008;0
200.7;33579008;0
199.5;33579008;0
199.5;33579008;0
56.8;29552640;0
99.7;29753344;0
100.3;29753344;0
99.4;29753344;0
100.8;29753344;0
349.1;60297216;0
299.2;86700032;0
299.2;109797376;0
301.0;131022848;0
301.0;150450176;0
298.3;166051840;0
301.0;194834432;0
299.2;218931200;0
398.9;218255360;504
398.9;218320896;682
332.4;218288128;246
272.4;210919424;0
312.5;219287552;0
301.0;219287552;0
301.0;219287552;0
269.9;219340800;0
299.2;219340800;0
299.2;219340800;0
302.4;219340800;0
284.1;219435008;510
286.7;219435008;0
301.0;219435008;0
299.2;219435008;0
299.2;219435008;0
282.6;215412736;0
272.4;219439104;0
298.3;219439104;0
301.0;219439104;0
266.0;219439104;0
266.0;219439104;0
299.2;219439104;0
301.0;219439104;0
243.7;219439104;0
298.3;219439104;0
302.4;219439104;0
282.6;215412736;0
282.6;220020736;0
312.5;220020736;0
315.4;220020736;0
286.7;220020736;0
298.3;220020736;0
302.4;220020736;0
299.2;220020736;0
299.2;220020736;0
266.0;220024832;0
262.5;220028928;0
272.4;220028928;0
299.2;220028928;0
299.2;220028928;0
252.0;216002560;0
266.0;220033024;0
299.2;220033024;0
272.4;220033024;0
299.2;220033024;0
199.5;216006656;0
235.2;216416256;0
199.5;216416256;0
227.3;219848704;0
397.7;258236416;0
398.9;287129600;0
387.0;315854848;0
401.4;335405056;0
315.8;356560896;0
382.3;377180160;0
398.9;395808768;0
349.1;399396864;0
358.4;404549632;0
387.0;404566016;0
372.7;404566016;0
352.8;404566016;0
398.9;404566016;0
387.5;404566016;0
383.5;404566016;0
358.4;404570112;0
302.4;400547840;0
286.7;400547840;0
284.1;404574208;0
398.9;404574208;0
401.4;404574208;0
312.5;400547840;0
340.9;404574208;0
387.5;404574208;0
398.9;404574208;0
387.0;404574208;0
358.4;404570112;0
401.4;400543744;0
299.2;400543744;0
365.7;404566016;0
344.0;404566016;0
386.4;404566016;0
365.7;404570112;0
383.5;404570112;0
372.7;404578304;0
349.1;400551936;0
369.3;404578304;0
400.0;404578304;0
355.1;404574208;0
349.1;405098496;0
403.2;405098496;0
372.7;405102592;0
401.4;405102592;0
397.7;405102592;0
397.7;405102592;0
387.0;401076224;0
398.9;408449024;0
365.7;404422656;0
401.4;432664576;0
387.0;460722176;0
401.4;483491840;0
400.0;501469184;0
382.3;519409664;0
397.7;539463680;0
383.5;560730112;0
375.0;591179776;0
400.0;587460608;0
398.9;583434240;0
355.1;588558336;0
398.9;588558336;0
401.4;584531968;0
401.4;588627968;0
401.4;588627968;0
401.4;588627968;0
398.9;584601600;0
355.1;584683520;0
344.0;584601600;0
315.4;584601600;0
386.4;584601600;0
401.4;588632064;0
362.5;588632064;0
401.4;584605696;0
387.5;588652544;0
387.0;588652544;0
400.0;588652544;0
387.0;588656640;0
375.0;588656640;0
397.7;588656640;0
387.5;588656640;0
372.7;584634368;0
398.9;588660736;0
375.0;588664832;0
400.0;588664832;0
383.5;584638464;0
358.4;588668928;0
401.4;588668928;0
401.4;588668928;0
401.4;588668928;0
401.4;588668928;0
401.4;588668928;0
400.0;588668928;0
369.3;588693504;0
369.3;588693504;0
357.1;588693504;0
329.7;588693504;0
387.0;588693504;0
362.5;588693504;0
401.4;588693504;0
372.7;588693504;0
400.0;588693504;0
301.0;588693504;0
400.0;588693504;0
375.0;588693504;0
375.0;588693504;0
382.3;588693504;0
403.2;592048128;0
398.9;607182848;0
400.0;630173696;0
400.0;661962752;0
350.0;678543360;0
387.5;697257984;0
401.4;712638464;0
387.5;732246016;0
400.0;755097600;0
397.7;770867200;0
390.6;772124672;0
369.3;772124672;0
362.5;772136960;0
372.7;772136960;0
400.0;772141056;0
387.0;772141056;0
387.5;772153344;0
398.9;768126976;0
372.7;768126976;0
401.4;764100608;0
372.7;772202496;0
401.4;772202496;0
400.0;772202496;0
400.0;772202496;0
375.0;772202496;0
362.5;768176128;0
398.9;768176128;0
325.0;772202496;0
350.0;772210688;0
362.5;772210688;0
400.0;772210688;0
398.9;772239360;0
400.0;772247552;0
326.7;772247552;0
397.7;768221184;0
390.6;772243456;0
400.0;772243456;0
387.0;772243456;0
401.4;768217088;0
387.5;772239360;0
401.4;772239360;0
397.7;772239360;0
398.9;772239360;0
400.0;772239360;0
379.5;772239360;0
400.0;772239360;0
401.4;768212992;0
382.3;772243456;0
400.0;772243456;0
387.0;772243456;0
400.0;772243456;0
400.0;772243456;0
401.4;772243456;0
401.4;772243456;0
401.4;772243456;0
387.5;772243456;0
401.4;772235264;0
387.5;772239360;0
372.7;768217088;0
400.0;775593984;0
350.0;775593984;0
401.4;771571712;0
387.0;779620352;0
387.5;804012032;0
398.9;834060288;0
398.9;852889600;0
387.5;869208064;0
397.7;885813248;0
387.5;898461696;0
400.0;919879680;0
382.3;931799040;0
398.9;956997632;0
