0.0;10498048;0
0.0;10498048;0
0.0;10498048;0
0.0;10498048;0
0.0;10498048;0
56.8;14606336;0
100.8;14651392;0
149.6;19103744;0
200.7;19120128;0
215.0;23314432;0
182.8;19300352;0
166.2;19337216;0
200.7;19337216;0
200.7;23474176;0
199.5;23474176;0
218.4;31576064;0
198.9;31576064;0
200.7;31580160;0
166.2;27553792;0
218.4;31678464;0
198.9;31678464;0
200.7;31678464;0
199.5;31678464;0
182.8;31678464;0
198.9;31707136;0
201.6;31735808;0
182.8;27721728;0
232.7;31956992;0
200.7;31956992;0
198.9;31956992;0
199.5;31956992;0
199.5;32006144;0
201.6;32063488;0
14.2;27287552;0
229.4;32137216;0
199.5;32198656;0
199.5;32272384;0
198.9;32268288;0
200.7;32309248;0
199.5;32378880;0
166.2;28405760;0
151.2;33882112;0
198.9;32473088;0
199.5;32550912;0
199.5;32563200;0
200.7;32620544;0
198.9;32628736;0
201.6;33697792;0
182.8;33759232;0
200.7;33759232;0
198.9;33759232;0
201.6;33759232;0
199.5;33759232;0
199.5;33759232;0
186.4;29732864;0
199.5;33902592;0
149.6;29876224;0
216.1;32944128;0
200.7;32948224;0
198.9;32948224;0
201.6;32948224;0
199.5;32948224;0
133.0;23986176;0
156.2;32010240;0
299.2;77529088;0
302.4;104902656;0
298.3;130338816;0
301.0;150188032;0
286.7;175853568;0
298.3;198193152;0
272.4;216301568;0
340.9;219594752;619
401.4;219594752;669
319.2;219566080;144
299.2;219566080;0
301.0;219566080;0
272.4;215543808;0
312.5;219598848;0
199.5;215572480;0
199.5;215572480;0
184.8;215572480;0
269.9;219602944;0
301.0;219602944;0
299.2;219602944;0
299.2;219602944;0
282.6;219602944;0
299.2;219598848;0
301.0;219598848;0
262.5;220073984;464
299.2;220151808;46
299.2;220151808;0
286.7;220151808;0
298.3;220151808;0
301.0;220151808;0
216.1;216125440;0
302.4;220160000;0
286.7;220160000;0
299.2;220160000;0
285.6;220155904;0
299.2;220155904;0
299.2;220155904;0
299.2;220155904;0
286.7;220160000;0
301.0;220160000;0
299.2;220160000;0
302.4;220160000;0
299.2;220160000;0
282.6;220160000;0
149.6;212115456;0
299.2;220160000;0
301.0;220160000;0
298.3;220160000;0
301.0;220160000;0
299.2;220160000;0
299.2;220160000;0
232.7;216137728;0
213.1;220160000;0
299.2;220160000;0
301.0;220160000;0
298.3;220160000;0
301.0;220160000;0
301.0;220160000;0
269.9;216137728;0
243.7;216137728;0
284.1;220160000;0
301.0;220160000;0
299.2;220160000;0
299.2;220160000;0
252.0;216383488;0
315.8;220160000;0
298.3;220160000;0
258.0;223514624;0
284.1;223514624;0
301.0;223514624;0
301.0;223514624;0
241.5;219492352;0
315.4;234852352;0
386.4;263061504;0
401.4;288051200;0
397.7;308817920;0
397.7;333697024;0
398.9;343990272;0
369.3;368050176;0
383.5;387522560;0
365.7;404127744;0
302.4;399114240;0
299.2;399114240;0
365.7;404303872;0
401.4;404303872;0
400.0;404303872;0
400.0;404303872;0
386.4;404303872;0
387.0;404299776;0
383.5;404299776;0
312.5;404299776;0
401.8;404299776;0
383.5;404299776;0
401.4;404299776;0
401.4;404299776;0
326.7;404299776;0
397.7;404299776;0
398.9;404299776;0
401.4;404299776;0
401.4;404299776;0
387.0;404299776;0
387.0;400277504;0
299.2;400277504;0
299.2;400277504;0
252.0;400277504;0
344.0;404340736;0
383.5;404340736;0
397.7;404340736;0
401.4;404340736;0
382.3;404340736;0
397.7;400314368;0
358.4;404340736;0
387.5;404340736;0
372.7;404340736;0
400.0;404340736;0
400.0;404340736;0
401.4;404340736;0
411.9;404336640;0
332.4;404336640;0
398.9;404336640;0
401.4;404336640;0
369.6;404336640;0
401.4;404336640;0
340.9;404369408;0
365.7;400347136;0
315.4;400179200;0
401.4;404369408;0
387.0;404369408;0
398.9;404369408;0
365.7;400347136;0
329.7;402423808;0
401.4;407719936;0
387.0;407719936;0
397.7;407719936;0
397.7;407719936;0
401.4;407719936;0
403.2;407719936;0
282.6;399675392;0
300.0;420671488;0
401.4;450027520;0
400.0;475426816;0
400.0;497364992;0
387.5;514428928;0
401.4;528658432;0
386.4;546967552;0
401.4;574971904;0
400.0;586924032;0
398.9;586989568;0
401.4;586989568;0
401.4;586989568;0
400.0;588214272;0
398.9;584192000;0
387.5;588279808;0
397.7;588279808;0
397.7;588279808;0
382.3;584257536;0
401.4;588279808;0
400.0;588279808;0
400.0;588279808;0
344.0;588279808;0
400.0;588279808;0
401.4;584257536;0
397.7;588283904;0
375.0;588283904;0
398.9;584261632;0
401.4;588288000;0
372.7;588288000;0
401.4;588283904;0
400.0;588283904;0
400.0;588283904;0
379.5;588320768;0
387.5;588320768;0
397.7;584298496;0
397.7;584298496;0
387.0;584298496;0
401.4;588324864;0
372.7;588324864;0
398.9;588324864;0
397.7;588324864;0
397.7;588324864;0
398.9;584298496;0
401.4;584298496;0
398.9;588324864;0
397.7;588324864;0
387.5;588324864;0
397.7;588324864;0
383.5;584302592;0
401.4;588328960;0
387.5;584302592;0
400.0;588328960;0
400.0;588328960;0
398.9;588328960;0
387.0;588328960;0
344.0;580276224;0
401.4;591675392;0
387.0;591675392;0
401.4;591675392;0
401.4;591626240;0
398.9;591646720;0
400.0;602361856;0
398.9;623382528;0
397.7;654987264;0
387.0;674983936;0
401.4;692146176;0
387.5;706781184;0
387.9;736288768;0
401.8;758026240;0
387.5;771248128;0
350.0;767221760;0
375.0;772362240;0
401.4;772362240;0
400.0;768335872;0
400.0;768335872;0
400.0;768335872;0
400.0;772366336;0
401.4;772374528;0
400.0;772374528;0
372.7;768348160;0
387.5;772374528;0
400.0;772374528;0
387.5;772374528;0
387.0;764321792;0
397.7;768348160;0
400.0;768348160;0
401.4;768348160;0
398.9;768339968;0
358.4;768344064;0
372.7;768344064;0
397.7;768344064;0
400.0;768344064;0
397.7;764321792;0
397.7;772366336;0
375.0;772366336;0
387.9;772366336;0
387.5;772366336;0
400.0;772366336;0
