0.0;10518528;0
0.0;10518528;0
0.0;10518528;0
66.5;12271616;0
151.2;14303232;0
216.1;14409728;0
200.7;16232448;0
182.8;16285696;0
201.6;17842176;0
99.4;17924096;0
186.4;19779584;0
199.5;19787776;0
199.5;19668992;0
170.5;18128896;0
201.6;19914752;0
182.8;20004864;0
200.7;19910656;0
186.4;20078592;0
199.5;18399232;0
182.8;18378752;0
215.0;20185088;0
232.7;20283392;0
170.5;20398080;0
168.0;20492288;0
184.7;18935808;0
143.3;20496384;0
199.5;20611072;0
201.6;20647936;0
127.8;20692992;0
201.6;20799488;0
199.5;19173376;0
129.0;21000192;0
198.9;21000192;0
143.3;19255296;0
166.2;21147648;0
199.5;21159936;0
200.7;21159936;0
198.9;21172224;0
166.2;21311488;0
215.0;21381120;0
200.7;21409792;0
149.6;18157568;0
184.8;21454848;0
198.9;21516288;0
199.5;19976192;299
199.5;22511616;203
151.2;20885504;0
99.4;20090880;0
218.4;21721088;0
199.5;21721088;0
199.5;21778432;0
170.5;22683648;0
200.7;19468288;0
199.5;21790720;0
199.5;21794816;0
201.6;21794816;0
170.5;20172800;0
143.3;22622208;0
199.5;22626304;0
201.6;22638592;0
199.5;22638592;0
200.7;22638592;0
86.0;19390464;0
142.0;21872640;0
199.5;21872640;0
166.2;20250624;0
201.6;21766144;0
170.5;20144128;0
200.7;21803008;0
199.5;21803008;0
182.8;20201472;0
199.5;22470656;0
200.7;22470656;0
99.7;20791296;0
199.5;30109696;0
184.8;30683136;0
298.3;67043328;0
301.0;94117888;0
255.7;115900416;0
200.7;137252864;0
232.7;164294656;0
299.2;183386112;0
268.8;203382784;0
241.5;207728640;535
272.4;207728640;686
216.1;207712256;211
201.6;207712256;0
116.4;204488704;0
182.8;207732736;0
201.6;207732736;0
149.6;206110720;0
182.8;206110720;0
184.7;207732736;0
200.7;207732736;0
143.3;205570048;0
199.5;207736832;0
201.6;207781888;0
199.5;207781888;0
157.7;208244736;0
198.9;208244736;0
201.6;208244736;0
99.7;208343040;0
199.5;208343040;0
200.7;206721024;0
142.0;208347136;0
200.7;208347136;0
149.6;206741504;0
184.8;208363520;0
199.5;208363520;0
157.7;206741504;0
129.0;206770176;0
184.7;208396288;0
199.5;208396288;0
66.5;205144064;0
200.7;208392192;0
200.7;208392192;0
116.4;208392192;0
201.6;208392192;0
149.6;208392192;0
200.7;208392192;0
198.9;208392192;0
114.7;208384000;0
200.7;208379904;0
184.7;206757888;0
151.2;208384000;0
199.5;206761984;0
166.2;208384000;0
199.5;208384000;0
200.7;208384000;0
200.7;208379904;0
198.9;208379904;0
215.0;208384000;0
200.7;208384000;0
216.1;208388096;0
199.5;208392192;0
182.8;208392192;0
201.6;208400384;0
184.7;206774272;0
143.3;208400384;0
200.7;208400384;0
170.5;206774272;0
182.8;208400384;0
199.5;208400384;0
201.6;208400384;0
182.8;208396288;0
199.5;208396288;0
100.8;206770176;0
166.2;208396288;0
199.5;208396288;0
184.7;208400384;0
157.7;216547328;0
200.7;216547328;0
198.9;216547328;0
200.7;216547328;0
143.3;214093824;0
184.7;214093824;0
166.2;212471808;0
149.6;214097920;0
201.6;214097920;0
199.5;214097920;0
99.7;212475904;0
168.0;214130688;0
199.5;214130688;0
166.2;212508672;0
199.5;214134784;0
186.4;214134784;0
200.7;214134784;0
198.9;214134784;0
114.7;210882560;0
199.5;214130688;0
199.5;214130688;0
116.4;214130688;0
199.5;214130688;0
151.2;214134784;0
199.5;214134784;0
199.5;214134784;0
151.2;214130688;0
199.5;214130688;0
182.8;212508672;0
166.2;214130688;0
200.7;214130688;0
186.4;214126592;0
198.9;214126592;0
200.7;214126592;0
100.3;212688896;0
170.5;214130688;0
200.7;214130688;0
198.9;214130688;0
200.7;214130688;0
143.3;214130688;0
198.9;214126592;0
200.7;214126592;0
172.0;212504576;0
170.5;212508672;0
200.7;214134784;0
127.8;212508672;0
215.0;214130688;0
200.7;214130688;0
113.6;214605824;0
199.5;214605824;0
200.7;214605824;0
166.2;214605824;0
199.5;214605824;0
170.5;214605824;0
200.7;214605824;0
172.0;212979712;0
184.7;214601728;0
186.4;212979712;0
186.4;214609920;0
198.9;214609920;0
200.7;214609920;0
198.9;214614016;0
186.4;212992000;0
129.0;214618112;0
198.9;214618112;0
143.3;214622208;0
200.7;214622208;0
198.9;214622208;0
182.8;214622208;0
199.5;214622208;0
49.9;211369984;0
215.0;214622208;0
200.7;214622208;0
199.5;214622208;0
200.7;214622208;0
172.0;212996096;0
156.2;214622208;0
200.7;214622208;0
198.9;214626304;0
172.0;213000192;0
157.7;214626304;0
198.9;214626304;0
172.0;213000192;0
218.4;222777344;0
199.5;221151232;0
182.8;217104384;0
199.5;220323840;0
199.5;220323840;0
200.7;220327936;0
172.0;220332032;0
184.7;220327936;0
157.7;220327936;0
200.7;220327936;0
198.9;220327936;0
200.7;220327936;0
199.5;220332032;0
49.9;217079808;0
199.5;220323840;0
201.6;220323840;0
199.5;220323840;0
199.5;220323840;0
134.4;217079808;0
129.0;220352512;0
198.9;220352512;0
200.7;220352512;0
198.9;220352512;0
186.4;217104384;0
201.6;220352512;0
199.5;220352512;0
199.5;220352512;0
201.6;220352512;0
133.0;217104384;0
83.1;220352512;0
199.5;220352512;0
198.9;220356608;0
200.7;220356608;0
200.7;218726400;0
156.2;218730496;0
200.7;220356608;0
200.7;220356608;0
198.9;220356608;0
186.4;218730496;0
49.9;220352512;0
198.9;220352512;0
200.7;220315648;0
172.0;218693632;0
170.5;220315648;0
200.7;220315648;0
184.8;220319744;0
199.5;220319744;0
149.6;218697728;0
149.6;217104384;0
199.5;220323840;0
200.7;220323840;0
200.7;220323840;0
116.4;220323840;0
199.5;220323840;0
218.4;220327936;0
199.5;220327936;0
199.5;218710016;0
166.2;218710016;0
216.1;220336128;0
200.7;220336128;0
200.7;220336128;0
198.9;220336128;0
143.3;220332032;0
201.6;220332032;0
133.0;220332032;0
199.5;220332032;0
200.7;220332032;0
