0.0;10502144;0
0.0;10502144;0
0.0;10502144;0
66.5;12255232;0
149.6;14258176;0
186.4;14405632;0
199.5;14487552;0
199.5;16121856;0
200.7;19501056;0
198.9;19501056;0
166.2;19644416;0
182.8;19677184;0
186.4;19677184;0
216.1;19759104;0
184.8;18137088;0
199.5;19853312;0
200.7;20017152;0
166.2;18518016;0
184.8;20246528;0
198.9;20295680;0
200.7;20353024;0
149.6;18718720;0
166.2;18546688;0
199.5;20471808;0
200.7;20647936;0
200.7;20647936;0
182.8;20791296;0
201.6;20652032;0
216.1;20758528;0
200.7;20848640;0
199.5;19357696;0
134.4;20910080;0
198.9;21041152;0
186.4;21114880;0
199.5;19587072;0
133.0;21315584;0
198.9;21315584;0
200.7;21315584;0
199.5;21372928;0
166.2;19746816;0
186.4;21364736;0
184.7;21565440;0
249.3;21643264;502
182.8;21643264;0
168.0;20021248;0
198.9;21499904;0
100.3;18391040;0
216.1;22265856;0
199.5;20643840;0
184.7;21397504;0
114.7;19771392;0
200.7;22151168;0
198.9;22155264;0
151.2;20533248;0
99.7;18989056;0
199.5;22208512;0
199.5;22208512;0
200.7;22208512;0
199.5;22220800;0
149.6;18972672;0
84.0;22769664;0
198.9;22765568;0
200.7;22253568;0
198.9;22253568;0
235.2;29921280;0
249.3;41099264;0
301.0;74604544;0
301.0;100696064;0
249.3;125636608;0
282.6;144629760;0
266.0;170270720;0
302.4;194310144;0
298.3;206594048;212
272.4;205963264;694
258.0;207577088;526
199.5;207577088;0
199.5;207577088;0
133.0;206905344;0
151.2;207605760;0
184.7;207642624;0
151.2;207642624;0
151.2;206020608;0
216.1;207650816;0
200.7;207650816;0
186.4;206024704;0
198.9;207650816;0
199.5;207650816;0
199.5;207650816;0
201.6;207654912;0
184.7;207659008;0
201.6;207659008;0
182.8;207654912;0
199.5;207654912;0
182.8;207654912;0
200.7;207654912;0
186.4;207654912;0
216.1;207654912;0
168.0;206028800;0
182.8;207650816;0
200.7;207650816;0
198.9;207650816;0
200.7;207650816;0
199.5;206028800;0
216.1;207654912;0
201.6;207654912;0
199.5;207654912;0
200.7;207654912;0
170.5;204406784;0
86.0;205488128;0
199.5;207659008;0
199.5;207659008;0
201.6;207659008;0
198.9;207659008;0
114.7;204410880;0
127.8;207663104;0
200.7;207663104;0
200.7;207663104;0
198.9;207663104;0
201.6;207663104;0
66.5;204410880;0
232.7;208171008;0
199.5;208171008;0
199.5;208171008;0
201.6;208171008;0
199.5;208199680;0
43.0;205598720;0
201.6;208199680;0
182.8;208195584;0
199.5;208195584;0
198.9;208195584;0
200.7;208203776;0
200.7;208203776;0
216.1;208207872;0
201.6;208207872;0
199.5;208207872;0
133.0;206581760;0
133.0;206581760;0
216.1;208207872;0
129.0;206581760;0
213.1;208224256;0
200.7;208224256;0
157.7;208220160;0
198.9;208220160;0
143.3;208244736;0
199.5;208244736;0
201.6;208244736;0
216.1;216395776;0
199.5;216395776;0
201.6;216395776;0
199.5;216395776;0
215.0;213942272;0
213.1;213942272;0
200.7;213942272;0
117.6;212316160;0
184.7;213938176;0
129.0;210169856;0
215.0;213946368;0
198.9;213917696;0
200.7;213917696;0
184.7;212291584;0
114.7;213934080;0
200.7;213934080;0
199.5;213934080;0
201.6;213934080;0
199.5;213934080;0
99.7;210690048;0
200.7;213938176;0
198.9;213938176;0
200.7;213938176;0
200.7;213938176;0
198.9;209879040;0
114.7;213934080;0
200.7;213934080;0
199.5;213934080;0
182.8;212312064;0
116.4;212316160;0
168.0;213942272;0
199.5;213942272;0
199.5;213942272;0
201.6;213942272;0
199.5;213942272;0
199.5;213942272;0
199.5;213942272;0
99.7;211243008;0
134.4;213938176;0
199.5;213938176;0
133.0;213958656;0
201.6;213958656;0
182.8;213962752;0
199.5;213962752;0
133.0;213962752;0
199.5;213962752;0
201.6;213962752;0
199.5;213962752;0
199.5;213962752;0
33.6;210710528;0
215.0;213954560;0
213.1;211808256;0
200.7;213954560;0
213.1;213958656;0
172.0;212336640;0
157.7;213958656;0
198.9;213958656;0
186.4;212332544;0
157.7;213954560;0
182.8;213954560;0
182.8;213954560;0
199.5;213954560;0
216.1;213958656;0
100.8;213962752;0
200.7;213962752;0
198.9;213962752;0
172.0;213962752;0
200.7;213962752;0
213.1;213962752;0
199.5;212336640;0
199.5;213958656;0
199.5;213958656;0
218.4;212336640;0
199.5;213962752;0
116.4;211197952;0
200.7;213958656;0
200.7;213958656;0
198.9;213958656;0
200.7;213958656;0
99.7;210714624;0
149.6;219660288;0
184.8;219660288;0
199.5;219660288;0
199.5;219660288;0
184.8;218034176;0
182.8;219664384;0
199.5;219664384;0
199.5;219664384;0
198.9;219664384;0
186.4;216698880;0
71.7;219660288;0
199.5;219660288;0
182.8;219660288;0
201.6;219660288;0
199.5;219660288;0
216.1;219656192;0
199.5;219656192;0
198.9;219660288;0
200.7;219660288;0
215.0;219656192;0
99.7;219660288;0
199.5;219660288;0
218.4;219664384;0
199.5;219664384;0
216.1;219660288;0
166.2;218034176;0
166.2;219660288;0
200.7;219656192;0
186.4;219656192;0
199.5;219656192;0
199.5;216436736;0
201.6;219656192;0
129.0;219656192;0
198.9;219656192;0
172.0;218034176;0
156.2;219656192;0
182.8;218030080;0
201.6;219652096;0
199.5;219652096;0
216.1;218034176;0
215.0;217681920;0
186.4;218038272;0
149.6;219664384;0
199.5;219664384;0
182.8;219668480;0
199.5;219668480;0
151.2;218042368;0
182.8;219643904;0
198.9;219643904;0
186.4;218017792;0
184.8;218017792;0
182.8;219643904;0
199.5;219643904;0
182.8;218021888;0
149.6;219648000;0
200.7;219648000;0
200.7;219648000;0
216.1;219643904;0
199.5;219643904;0
218.4;219639808;0
199.5;216424448;0
198.9;218021888;0
129.0;219639808;0
198.9;219639808;0
199.5;227790848;0
201.6;227790848;0
199.5;227790848;0
199.5;225337344;0
200.7;225337344;0
129.0;223715328;0
184.7;225337344;0
116.4;225337344;0
199.5;225337344;0
198.9;225341440;0
