0.0;10498048;0
0.0;10498048;0
0.0;10498048;0
42.6;12247040;0
143.3;14090240;0
216.1;15757312;0
199.5;19038208;0
129.0;17670144;0
149.6;19267584;0
182.8;17645568;0
172.0;19488768;0
200.7;19496960;0
149.6;17911808;0
218.4;19652608;0
198.9;19623936;0
200.7;19726336;0
199.5;19808256;0
201.6;19849216;0
127.8;18247680;0
201.6;19931136;0
142.0;18362368;0
200.7;20082688;0
199.5;20090880;0
117.6;18558976;0
142.0;18907136;0
215.0;20254720;0
199.5;20258816;0
199.5;20299776;0
170.5;20316160;0
201.6;20377600;0
199.5;20471808;0
182.8;18923520;0
86.0;20553728;0
198.9;20553728;0
199.5;20586496;0
199.5;20684800;0
186.4;19058688;0
113.6;20684800;0
201.6;20746240;0
199.5;20770816;0
186.4;19333120;0
170.5;21024768;0
168.0;20971520;0
199.5;21037056;0
199.5;21037056;0
200.7;21270528;0
182.8;21450752;0
199.5;21450752;0
186.4;19898368;55
143.3;19922944;447
216.1;21409792;0
201.6;21467136;0
116.4;18903040;0
215.0;20004864;0
198.9;21667840;0
201.6;21667840;0
199.5;21667840;0
199.5;21725184;0
100.3;21807104;0
198.9;21823488;0
199.5;21823488;0
199.5;21823488;0
200.7;21704704;0
170.5;20078592;0
172.0;21659648;0
199.5;21659648;0
182.8;21630976;0
199.5;21639168;0
143.3;20152320;0
114.7;20033536;0
199.5;21544960;0
201.6;21544960;0
199.5;19918848;0
186.4;21651456;0
156.2;19144704;0
215.0;29884416;0
133.0;26185728;0
298.3;67362816;0
301.0;93913088;0
299.2;118697984;0
299.2;136560640;0
232.7;161841152;0
266.0;187219968;0
301.0;205176832;0
284.1;206249984;454
272.4;204627968;777
166.2;205611008;201
166.2;207298560;0
199.5;207298560;0
199.5;207298560;0
215.0;207298560;0
127.8;205672448;0
218.4;207302656;0
199.5;207302656;0
99.7;204795904;0
199.5;207347712;0
157.7;207351808;0
200.7;207351808;0
199.5;205725696;0
151.2;205725696;0
133.0;207351808;0
199.5;207351808;0
198.9;207351808;0
157.7;205729792;0
157.7;207351808;0
199.5;207351808;0
201.6;207351808;0
199.5;207347712;0
49.9;204099584;0
170.5;207347712;0
200.7;207347712;0
200.7;207347712;0
199.5;207347712;0
84.0;204099584;0
200.7;207347712;0
199.5;207347712;0
199.5;207347712;0
133.0;207351808;0
157.7;207351808;0
198.9;207351808;0
200.7;207351808;0
172.0;205725696;0
170.5;207355904;0
157.7;207355904;0
199.5;207355904;0
201.6;207355904;0
166.2;205737984;0
182.8;207360000;0
201.6;207360000;0
215.0;207364096;0
198.9;207364096;0
100.3;205742080;0
184.7;207372288;0
201.6;207372288;0
199.5;207372288;0
199.5;207372288;0
117.6;204120064;0
216.1;207388672;0
182.8;207388672;0
199.5;207388672;0
199.5;207388672;0
100.8;207388672;0
198.9;207388672;0
200.7;207388672;0
200.7;207388672;0
170.5;207388672;0
186.4;207388672;0
198.9;207388672;0
200.7;207388672;0
172.0;205762560;0
156.2;207388672;0
201.6;207388672;0
199.5;207388672;0
182.8;207388672;0
33.2;204140544;0
199.5;207896576;0
200.7;207896576;0
201.6;207896576;0
149.6;204652544;0
100.3;207908864;0
201.6;207908864;0
198.9;207908864;0
172.0;207908864;0
166.2;213614592;0
200.7;213614592;0
201.6;213614592;0
199.5;213614592;0
83.1;213618688;0
199.5;213618688;0
201.6;213618688;0
199.5;213618688;0
172.0;210366464;0
129.0;213618688;0
198.9;213618688;0
200.7;213618688;0
113.6;210370560;0
157.7;213622784;0
200.7;213622784;0
199.5;213622784;0
201.6;213622784;0
16.6;210370560;0
213.1;213618688;0
200.7;213618688;0
198.9;213618688;0
172.0;213622784;0
200.7;213622784;0
198.9;213622784;0
200.7;213618688;0
182.8;210366464;0
127.8;213618688;0
200.7;213618688;0
198.9;213618688;0
172.0;211996672;0
186.4;214138880;0
198.9;214138880;0
200.7;214138880;0
168.0;211873792;0
199.5;214147072;0
199.5;214147072;0
199.5;214147072;0
149.6;214147072;0
201.6;214147072;0
199.5;214147072;0
199.5;214147072;0
151.2;210898944;0
216.1;214142976;0
199.5;214142976;0
199.5;214142976;0
166.2;212520960;0
218.4;214151168;0
199.5;214151168;0
199.5;214151168;0
151.2;214155264;0
182.8;214155264;0
199.5;214155264;0
200.7;214155264;0
166.2;214147072;0
200.7;214147072;0
200.7;214147072;0
198.9;214142976;0
86.0;210898944;0
218.4;214147072;0
199.5;214147072;0
199.5;212140032;0
199.5;214151168;0
133.0;214155264;0
201.6;212529152;0
149.6;214147072;0
198.9;214147072;0
200.7;214147072;0
200.7;214147072;0
127.8;210903040;0
182.8;214151168;0
199.5;214151168;0
199.5;214151168;0
201.6;214151168;0
100.3;210935808;0
199.5;214155264;0
199.5;214155264;0
201.6;214155264;0
149.6;212525056;0
149.6;214147072;0
199.5;214147072;0
199.5;214147072;0
201.6;222298112;0
129.0;220676096;0
213.1;219844608;0
133.0;219844608;0
201.6;219844608;0
182.8;219848704;0
166.2;219852800;0
199.5;219852800;0
166.2;218226688;0
143.3;218222592;0
172.0;219844608;0
198.9;219844608;0
199.5;219844608;0
134.4;218062848;0
199.5;219852800;0
198.9;219852800;0
186.4;219852800;0
198.9;219852800;0
143.3;219844608;0
201.6;219844608;0
199.5;219844608;0
199.5;219844608;0
84.0;216600576;0
201.6;219852800;0
199.5;219852800;0
198.9;219852800;0
186.4;218226688;0
142.0;219852800;0
200.7;219852800;0
134.4;218218496;0
199.5;219840512;0
182.8;219836416;0
201.6;219836416;0
186.4;217616384;0
184.7;218214400;0
149.6;219836416;0
166.2;219840512;0
199.5;219840512;0
201.6;219840512;0
143.3;218218496;0
127.8;218222592;0
216.1;219844608;0
201.6;219844608;0
199.5;218218496;0
99.4;219840512;0
199.5;219840512;0
166.2;218218496;0
142.0;218222592;0
186.4;219848704;0
200.7;219848704;0
199.5;218222592;0
182.8;219844608;0
184.8;219844608;0
186.4;216629248;0
170.5;218222592;0
116.4;219848704;0
