8.4;3.4;0.3;0.0;457.0


8.3;135.0;7.8;0.0;457.0


8.3;102.4;8.9;0.0;457.0


2.4;67.0;6.5;1.0;457.0


0.0;0.3;0.0;1.0;457.0


4.2;26.2;1.0;0.0;457.0


8.3;2.3;0.2;3.0;602.0


8.4;0.0;0.0;5.0;728.0


8.3;0.0;0.0;6.0;860.0


8.3;0.0;0.0;7.0;994.0


8.4;0.2;0.0;4.0;1100.0


8.3;70.2;67.7;12.0;1246.0


8.4;45.8;162.0;18.0;1826.0


43.8;39.0;191.6;67.0;1826.0


0.0;0.1;0.0;0.0;1826.0


0.0;0.3;0.0;1.0;1826.0


0.0;15.6;0.2;0.0;1826.0


0.0;0.3;0.0;0.0;1826.0


8.3;16.4;0.7;39.0;1906.0


8.4;0.0;0.0;33.0;2004.0


8.4;0.0;0.0;31.0;2100.0


8.3;0.0;0.0;40.0;2196.0


8.3;0.0;0.0;31.0;4706.0


49.9;0.0;0.0;34.0;4706.0


8.4;0.0;0.0;54.0;4706.0


8.3;0.0;0.0;53.0;4706.0


8.3;0.0;0.0;54.0;4706.0


8.4;0.0;0.0;54.0;4706.0


8.3;0.0;0.0;54.0;4706.0


8.4;0.0;0.0;54.0;4706.0


8.4;0.0;0.0;53.0;4706.0


8.3;0.0;0.0;53.0;4706.0


8.4;0.0;0.0;54.0;4706.0


8.3;0.0;0.0;55.0;4706.0


8.4;0.0;0.0;54.0;4706.0


8.3;0.0;0.0;54.0;4706.0


0.0;10.6;0.8;0.0;4706.0


0.0;0.3;0.0;0.0;4706.0


0.0;15.2;0.2;0.0;4706.0


0.0;0.3;0.0;0.0;4706.0


8.3;16.9;0.7;9.0;4728.0


8.3;0.0;0.0;43.0;4728.0


8.3;0.0;0.0;43.0;4728.0


8.3;0.0;0.0;45.0;4728.0


50.0;0.0;0.0;52.0;4728.0


8.4;0.0;0.0;54.0;4728.0


8.3;0.0;0.0;54.0;4728.0


8.4;0.0;0.0;54.0;4728.0


8.3;0.0;0.0;53.0;4728.0


8.4;0.0;0.0;55.0;4728.0


8.3;0.0;0.0;54.0;4728.0


8.3;0.0;0.0;54.0;4728.0


8.4;0.0;0.0;54.0;4728.0


8.3;0.0;0.0;53.0;4728.0


8.3;0.0;0.0;55.0;4728.0


8.3;0.0;0.0;54.0;4728.0


8.3;0.0;0.0;54.0;4728.0


0.0;10.6;0.8;0.0;4728.0


0.0;0.3;0.0;0.0;4728.0


0.0;12.8;0.2;0.0;4728.0


0.0;0.3;0.0;0.0;4728.0


8.3;15.9;0.7;7.0;4728.0


8.4;0.0;0.0;43.0;4728.0


8.3;0.0;0.0;43.0;4728.0


8.4;0.0;0.0;43.0;4728.0


50.2;0.0;0.0;51.0;4728.0


8.3;0.0;0.0;54.0;4728.0


8.3;0.0;0.0;54.0;4728.0


8.3;0.0;0.0;55.0;4728.0


8.3;0.0;0.0;55.0;4728.0


8.3;0.0;0.0;54.0;4728.0


8.3;0.0;0.0;54.0;4728.0


8.4;0.0;0.0;54.0;4728.0


8.4;0.0;0.0;54.0;4728.0


8.3;0.0;0.0;54.0;4728.0


8.4;0.0;0.0;55.0;4728.0


8.3;0.0;0.0;54.0;4728.0


8.4;0.0;0.0;55.0;4728.0


0.0;10.6;0.8;0.0;4728.0


0.0;0.3;0.0;0.0;4728.0


1.4;14.6;0.2;0.0;4728.0


0.0;0.3;0.0;0.0;4728.0


8.3;16.2;0.7;7.0;4728.0


8.3;0.0;0.0;43.0;4728.0


8.3;0.0;0.0;43.0;4728.0


8.3;0.0;0.0;43.0;4728.0


49.7;0.0;0.0;52.0;4728.0


8.3;0.0;0.0;54.0;4728.0


8.4;0.0;0.0;54.0;4728.0


8.3;0.0;0.0;52.0;4728.0


8.4;0.0;0.0;54.0;4728.0


8.4;0.0;0.0;55.0;4728.0


8.4;0.0;0.0;55.0;4728.0


8.3;0.0;0.0;55.0;4728.0


8.3;0.0;0.0;54.0;4728.0


8.3;0.0;0.0;54.0;4728.0


8.3;0.0;0.0;54.0;4728.0


8.3;0.0;0.0;55.0;4728.0


8.3;0.0;0.0;55.0;4728.0


0.0;10.6;0.8;0.0;4728.0


0.0;0.3;0.0;0.0;4728.0


0.0;14.2;0.2;0.0;4728.0


0.0;0.3;0.0;1.0;4728.0


8.3;16.4;0.7;7.0;4728.0


8.4;0.0;0.0;43.0;4728.0


8.4;0.0;0.0;43.0;4728.0


8.4;0.0;0.0;43.0;4728.0


50.2;0.0;0.0;54.0;4728.0


8.4;0.0;0.0;54.0;4728.0


8.4;0.0;0.0;54.0;4728.0


8.3;0.0;0.0;54.0;4728.0


8.4;0.0;0.0;54.0;4728.0


8.3;0.0;0.0;55.0;4728.0


8.4;0.0;0.0;54.0;4728.0


8.4;0.0;0.0;54.0;4728.0


8.4;0.0;0.0;54.0;4728.0


8.4;0.0;0.0;55.0;4728.0


8.3;0.0;0.0;55.0;4728.0


8.4;0.0;0.0;54.0;4728.0


8.3;0.0;0.0;37.0;4728.0


0.0;10.6;0.8;1.0;4728.0


0.0;0.3;0.0;0.0;4728.0


0.0;14.3;0.2;0.0;4728.0


0.0;0.3;0.0;0.0;4728.0


8.3;16.8;0.7;35.0;4728.0


8.3;0.0;0.0;43.0;4728.0


8.4;0.0;0.0;44.0;4728.0


8.3;0.0;0.0;54.0;4728.0


44.2;0.0;0.0;49.0;4728.0


8.3;0.0;0.0;55.0;4728.0


8.4;0.0;0.0;51.0;4728.0


8.4;0.0;0.0;55.0;4728.0


8.4;0.0;0.0;54.0;4728.0


8.4;0.0;0.0;55.0;4728.0


8.3;0.0;0.0;55.0;4728.0


8.4;0.0;0.0;54.0;4728.0


8.3;0.0;0.0;55.0;4728.0


8.4;0.0;0.0;54.0;4728.0


8.3;0.0;0.0;55.0;4728.0


8.3;0.0;0.0;55.0;4728.0


8.4;0.0;0.0;55.0;4728.0


0.0;10.6;0.8;0.0;4728.0


0.0;0.3;0.0;0.0;4728.0


0.0;14.6;0.2;0.0;4728.0


0.0;0.3;0.0;0.0;4728.0


8.3;16.6;0.7;7.0;4728.0


8.3;0.0;0.0;43.0;4728.0


8.4;0.0;0.0;43.0;4728.0


8.3;0.0;0.0;43.0;4728.0


50.0;0.0;0.0;47.0;4728.0


8.4;0.0;0.0;55.0;4728.0


8.3;0.0;0.0;54.0;4728.0


8.3;0.0;0.0;54.0;4728.0


8.4;0.0;0.0;54.0;4728.0


8.3;0.0;0.0;54.0;4728.0


8.3;0.0;0.0;55.0;4728.0


8.3;0.0;0.0;54.0;4728.0


8.3;0.0;0.0;54.0;4728.0


9.4;0.0;0.0;55.0;4728.0


8.3;0.0;0.0;40.0;4728.0


8.4;0.0;0.0;55.0;4728.0


9.6;0.0;0.0;54.0;4728.0


1.0;10.6;0.8;1.0;4728.0


0.0;0.3;0.0;0.0;4728.0


0.0;15.6;0.2;0.0;4728.0


0.0;0.3;0.0;0.0;4728.0


8.3;16.9;0.7;3.0;4728.0


8.4;0.0;0.0;43.0;4728.0


8.3;0.0;0.0;43.0;4728.0


8.3;0.0;0.0;43.0;4728.0


50.2;0.0;0.0;48.0;4728.0


8.3;0.0;0.0;53.0;4728.0


8.3;0.0;0.0;54.0;4728.0


8.4;0.0;0.0;54.0;4728.0


8.4;0.0;0.0;54.0;4728.0


8.3;0.0;0.0;54.0;4728.0


8.4;0.0;0.0;55.0;4728.0


8.3;0.0;0.0;54.0;4728.0


8.4;0.0;0.0;45.0;4728.0


8.4;0.0;0.0;55.0;4728.0


8.4;0.0;0.0;55.0;4728.0


8.3;0.0;0.0;55.0;4728.0


8.3;0.0;0.0;54.0;4728.0


0.0;10.6;0.8;1.0;4728.0


0.0;0.3;0.0;0.0;4728.0


0.0;14.4;0.2;0.0;4728.0


0.0;0.3;0.0;0.0;4728.0


8.4;16.5;0.7;0.0;4728.0


8.4;0.0;0.0;44.0;4728.0


8.3;0.0;0.0;43.0;4728.0


8.4;0.0;0.0;43.0;4728.0


49.7;0.0;0.0;48.0;4728.0


8.4;0.0;0.0;55.0;4728.0


8.4;0.0;0.0;54.0;4728.0


8.3;0.0;0.0;54.0;4728.0


8.4;0.0;0.0;54.0;4728.0


8.3;0.0;0.0;55.0;4728.0


8.4;0.0;0.0;54.0;4728.0


8.3;0.0;0.0;55.0;4728.0


8.4;0.0;0.0;54.0;4728.0


8.3;0.0;0.0;55.0;4728.0


8.3;0.0;0.0;54.0;4728.0


8.4;0.0;0.0;54.0;4728.0


8.3;0.0;0.0;55.0;4728.0


1.4;10.6;0.8;0.0;4728.0


1.4;0.3;0.0;0.0;4728.0


0.0;14.5;0.2;0.0;4728.0


0.0;0.3;0.0;0.0;4728.0


4.2;14.9;0.4;0.0;4728.0


8.4;1.0;0.3;43.0;4728.0


8.4;0.0;0.0;43.0;4728.0


8.3;0.0;0.0;44.0;4728.0


50.2;0.0;0.0;31.0;4728.0


8.4;0.0;0.0;52.0;4728.0


8.4;0.0;0.0;54.0;4728.0


8.3;0.0;0.0;54.0;4728.0


8.3;0.0;0.0;54.0;4728.0


8.3;0.0;0.0;54.0;4728.0


8.3;0.0;0.0;55.0;4728.0


8.3;0.0;0.0;54.0;4728.0


8.3;0.0;0.0;55.0;4728.0


8.3;0.0;0.0;55.0;4728.0


8.3;0.0;0.0;55.0;4728.0


8.4;0.0;0.0;54.0;4728.0


8.3;0.0;0.0;54.0;4728.0


0.0;0.0;0.0;0.0;4728.0


0.0;10.6;0.8;0.0;4728.0


0.0;0.3;0.0;0.0;4728.0


0.0;14.7;0.2;0.0;4728.0


0.0;0.3;0.0;0.0;4728.0


8.3;16.7;0.7;44.0;4728.0


8.4;0.0;0.0;43.0;4728.0


8.3;0.0;0.0;43.0;4728.0


44.2;0.0;0.0;35.0;4728.0


8.3;0.0;0.0;53.0;4728.0


8.3;0.0;0.0;55.0;4728.0


8.3;0.0;0.0;54.0;4728.0


8.3;0.0;0.0;55.0;4728.0


8.3;0.0;0.0;54.0;4728.0


8.3;0.0;0.0;55.0;4728.0


8.4;0.0;0.0;55.0;4728.0


8.4;0.0;0.0;54.0;4728.0


8.3;0.0;0.0;55.0;4728.0


8.4;0.0;0.0;54.0;4728.0


8.3;0.0;0.0;54.0;4728.0


8.4;0.0;0.0;55.0;4728.0


6.0;0.0;0.0;37.0;4728.0


0.0;10.6;0.8;0.0;4728.0


0.0;0.3;0.0;0.0;4728.0


0.0;15.5;0.2;0.0;4728.0


0.0;0.3;0.0;0.0;4728.0


8.3;16.3;0.7;22.0;4728.0


8.4;0.0;0.0;43.0;4728.0


8.3;0.0;0.0;43.0;4728.0


8.3;0.0;0.0;50.0;4728.0


50.0;0.0;0.0;51.0;4728.0


8.3;0.0;0.0;55.0;4728.0


8.3;0.0;0.0;54.0;4728.0


8.4;0.0;0.0;54.0;4728.0


8.3;0.0;0.0;54.0;4728.0


8.4;0.0;0.0;54.0;4728.0


8.3;0.0;0.0;54.0;4728.0


8.4;0.0;0.0;54.0;4728.0


8.4;0.0;0.0;54.0;4728.0


8.3;0.0;0.0;54.0;4728.0


8.4;0.0;0.0;54.0;4728.0


8.3;0.0;0.0;54.0;4728.0


8.4;0.0;0.0;49.0;4728.0


0.0;10.6;0.8;1.0;4728.0


0.0;0.3;0.0;1.0;4728.0


0.0;14.0;0.2;0.0;4728.0


0.0;0.3;0.0;0.0;4728.0


8.3;16.3;0.7;18.0;4728.0


8.3;0.0;0.0;43.0;4728.0


8.3;0.0;0.0;43.0;4728.0


8.3;0.0;0.0;43.0;4728.0


50.2;0.0;0.0;40.0;4728.0


8.4;0.0;0.0;54.0;4728.0


8.3;0.0;0.0;54.0;4728.0


8.4;0.0;0.0;53.0;4728.0


8.3;0.0;0.0;53.0;4728.0


8.4;0.0;0.0;54.0;4728.0


8.4;0.0;0.0;54.0;4728.0


8.3;0.0;0.0;54.0;4728.0


8.4;0.0;0.0;54.0;4728.0


8.3;0.0;0.0;54.0;4728.0


8.4;0.0;0.0;54.0;4728.0


8.3;0.0;0.0;54.0;4728.0


8.4;0.0;0.0;54.0;4728.0


0.0;0.0;0.0;0.0;4728.0


0.0;10.9;0.8;0.0;4728.0


1.4;14.8;0.2;0.0;4728.0


0.0;0.3;0.0;0.0;4728.0


3.6;15.8;0.4;0.0;4728.0


8.4;1.0;0.3;44.0;4728.0


8.3;0.0;0.0;43.0;4728.0


8.4;0.0;0.0;43.0;4728.0


49.7;0.0;0.0;43.0;4728.0


8.4;0.0;0.0;55.0;4728.0


8.4;0.0;0.0;54.0;4728.0


