7.2;57.2;25.7;2.1;0.0;1001.0
8.3;103.8;131.8;11.4;0.0;1001.0
7.2;144.9;141.9;7.7;0.0;1001.0
8.3;178.1;139.2;7.3;0.0;1001.0
5.5;210.9;104.2;7.1;0.0;1001.0
8.4;249.8;90.9;17.1;0.0;1001.0
8.3;310.5;6.6;33.0;0.0;1001.0
8.4;361.6;5.4;27.0;0.0;1001.0
8.3;422.1;6.6;33.0;0.0;1001.0
8.3;483.5;6.6;33.0;0.0;1001.0
8.4;528.2;4.9;24.5;0.0;1001.0
8.3;589.1;6.6;33.0;0.0;1001.0
8.4;648.8;6.6;33.0;0.0;1001.0
8.3;689.7;4.4;22.0;0.0;1001.0
8.4;750.4;6.6;33.0;0.0;1001.0
8.4;811.1;6.7;33.5;0.0;1001.0
8.4;872.2;6.6;33.0;0.0;1001.0
8.4;922.1;5.4;27.0;0.0;1001.0
8.3;971.4;2.5;11.3;0.0;1001.0
8.4;1009.4;0.0;0.0;0.0;1001.0
8.3;1036.0;0.0;0.0;0.0;1001.0
8.3;1023.0;163.3;10.3;0.0;1001.0
8.3;1023.0;336.9;0.6;0.0;1001.0
8.3;1023.0;331.2;0.6;0.0;1001.0
8.4;1023.0;332.1;0.6;0.0;1001.0
8.3;1023.0;335.4;0.6;0.0;1001.0
8.3;1023.0;336.3;0.6;0.0;1001.0
8.3;1023.0;330.3;0.6;0.0;1001.0
8.3;1023.0;322.5;0.6;0.0;1001.0
8.4;1023.0;332.1;0.6;0.0;1001.0
8.3;1025.0;131.0;0.4;0.0;1001.0
8.4;1030.5;0.0;0.0;0.0;1001.0
8.4;1037.7;0.8;0.0;0.0;1001.0
7.2;1110.9;1.2;0.0;5.0;1151.0
8.4;1524.6;0.4;0.0;2.0;7956.0
1.4;1734.8;2972.2;1.6;0.0;7956.0
4.8;1734.8;3666.7;0.0;0.0;7956.0
8.3;1734.9;2588.9;1.6;0.0;7956.0
8.4;942.4;0.0;0.0;1.0;1001.0
