6.0;60.5;27.9;1.6;0.0;1001.0
8.3;104.5;122.4;10.9;0.0;1001.0
6.9;145.1;140.3;7.5;0.0;1001.0
7.1;179.7;144.9;7.6;0.0;1001.0
8.3;210.6;98.3;6.7;0.0;1001.0
8.4;250.5;91.0;17.6;0.0;1001.0
8.3;311.7;6.6;33.0;0.0;1001.0
8.4;362.4;5.4;27.0;0.0;1001.0
8.4;423.2;6.7;33.5;0.0;1001.0
8.4;484.8;6.6;33.0;0.0;1001.0
8.4;530.6;4.9;24.5;0.0;1001.0
8.3;591.2;6.7;33.5;0.0;1001.0
8.4;652.3;6.6;33.0;0.0;1001.0
8.4;695.8;4.7;23.5;0.0;1001.0
8.3;754.1;6.3;31.5;0.0;1001.0
8.3;814.5;6.7;33.5;0.0;1001.0
8.3;876.0;6.6;33.0;0.0;1001.0
8.4;921.4;5.1;25.5;0.0;1001.0
8.3;976.9;2.5;11.3;0.0;1001.0
8.3;1015.9;0.0;0.0;0.0;1001.0
8.3;1036.1;0.0;0.0;0.0;1001.0
8.3;1023.2;186.1;10.3;0.0;1001.0
8.4;1023.2;328.8;0.6;0.0;1001.0
8.3;1023.2;324.3;0.6;0.0;1001.0
8.4;1023.2;325.8;0.6;0.0;1001.0
8.4;1023.2;328.5;0.6;0.0;1001.0
8.4;1023.2;330.6;0.6;0.0;1001.0
8.4;1023.2;319.5;0.6;0.0;1001.0
8.3;1023.2;321.9;0.6;0.0;1001.0
8.4;1023.2;322.8;0.6;0.0;1001.0
8.3;1025.4;162.8;0.4;1.0;1001.0
8.4;1030.1;0.0;0.0;0.0;1001.0
8.3;1037.9;0.8;0.0;0.0;1001.0
8.3;1077.5;1.2;0.0;6.0;1145.0
8.4;1524.7;0.4;0.0;1.0;7319.0
1.2;1737.3;2878.0;1.6;0.0;7956.0
3.6;1737.3;3680.4;0.0;0.0;7956.0
8.3;1737.3;2669.4;1.6;0.0;7956.0
8.3;926.2;0.0;0.0;0.0;1001.0
