0.0;10530816;0
0.0;10530816;0
0.0;10530816;0
0.0;10530816;0
100.8;26710016;0
99.7;26750976;0
100.3;26759168;0
99.7;26775552;0
100.8;26800128;0
216.1;43077632;0
199.5;43159552;0
200.7;43249664;0
198.9;43249664;0
199.5;43261952;0
282.6;59285504;0
200.7;59289600;0
199.5;59334656;0
201.6;59330560;0
198.9;43401216;0
200.7;59416576;0
199.5;59441152;0
201.6;59437056;0
198.9;59498496;0
200.7;59506688;0
282.6;91529216;0
199.5;91549696;0
198.9;91615232;0
201.6;91615232;0
199.5;91607040;0
172.0;75579392;0
243.7;89649152;0
199.5;92008448;0
199.5;92008448;0
200.7;92008448;0
200.7;92008448;0
198.9;92065792;0
201.6;92086272;0
199.5;92086272;0
200.7;92086272;0
213.1;62709760;0
258.0;92274688;0
199.5;92291072;0
199.5;92295168;0
200.7;92356608;0
184.7;66179072;0
216.1;92368896;0
199.5;92368896;0
201.6;92286976;0
198.9;92291072;0
200.7;92426240;0
199.5;92434432;0
199.5;92434432;0
198.9;92434432;0
200.7;92459008;0
199.5;92459008;0
199.5;92581888;0
201.6;92581888;0
198.9;92590080;0
186.4;76546048;230
266.0;83329024;0
352.8;121995264;0
299.2;146800640;0
301.0;167469056;0
301.0;187879424;0
299.2;210804736;0
299.2;225300480;0
299.2;245993472;0
302.4;265543680;0
298.3;284459008;0
301.0;302833664;0
286.7;315486208;0
299.2;334962688;0
299.2;354414592;0
282.6;373714944;0
302.4;393011200;0
241.5;398876672;0
358.4;419971072;0
302.4;461180928;0
216.1;446386176;505
372.7;463552512;588
255.7;447516672;674
319.2;463650816;534
266.0;463613952;514
199.5;463613952;0
200.7;463613952;0
198.9;463613952;0
199.5;463613952;0
199.5;463613952;0
201.6;463613952;0
199.5;463613952;0
199.5;463613952;0
200.7;463613952;0
198.9;463613952;0
199.5;463613952;0
199.5;463613952;0
201.6;463613952;0
199.5;463613952;0
199.5;463613952;0
200.7;463613952;0
184.7;455274496;0
272.4;463646720;0
199.5;462180352;0
100.8;435552256;0
249.3;463642624;0
199.5;463642624;0
200.7;463642624;0
198.9;463642624;0
200.7;463642624;0
199.5;463642624;0
201.6;463642624;0
199.5;463642624;0
199.5;463642624;0
200.7;463642624;0
198.9;463642624;0
200.7;463642624;0
198.9;463642624;0
201.6;463642624;0
282.6;430374912;0
227.3;463642624;0
201.6;463642624;0
199.5;463642624;0
199.5;463642624;0
166.2;463642624;0
199.5;463642624;0
201.6;463642624;0
198.9;463642624;0
200.7;463642624;0
143.3;463642624;0
198.9;463642624;0
199.5;463642624;0
199.5;463642624;0
201.6;463642624;0
166.2;447606784;0
249.3;454303744;0
201.6;454303744;0
199.5;454303744;0
200.7;454303744;0
198.9;454303744;0
157.7;439312384;0
332.4;498020352;0
302.4;521232384;0
299.2;541151232;0
299.2;560246784;0
302.4;575631360;0
299.2;597700608;0
299.2;617914368;0
299.2;636542976;0
299.2;655953920;0
235.2;662249472;0
358.4;694202368;0
298.3;717664256;0
272.4;718241792;0
312.5;765988864;0
301.0;783155200;0
301.0;800264192;0
284.1;801255424;0
286.7;814039040;0
301.0;840470528;0
298.3;840470528;0
272.4;731328512;0
200.7;469053440;0
200.7;469053440;0
198.9;469053440;0
186.4;469053440;0
200.7;469053440;0
199.5;469053440;0
199.5;469053440;0
199.5;469053440;0
200.7;469053440;0
201.6;469053440;0
127.8;428244992;0
282.6;453173248;0
200.7;470380544;0
200.7;470380544;0
198.9;470388736;0
200.7;470388736;0
198.9;470388736;0
200.7;470401024;0
199.5;470401024;0
199.5;470401024;0
200.7;470401024;0
199.5;470429696;0
198.9;470429696;0
199.5;470470656;0
199.5;470470656;0
151.2;454438912;0
272.4;470937600;0
199.5;470937600;0
200.7;470937600;0
200.7;470937600;0
116.4;439894016;0
249.3;470986752;0
199.5;470986752;0
199.5;470986752;0
201.6;470986752;0
199.5;470986752;0
199.5;470986752;0
201.6;470986752;0
199.5;470986752;0
200.7;470994944;0
198.9;470994944;0
200.7;470994944;0
157.7;447967232;0
227.3;446439424;0
349.1;493830144;0
302.4;517586944;0
286.7;536776704;0
298.3;556167168;0
301.0;575545344;0
299.2;593661952;0
299.2;613900288;0
302.4;632946688;0
301.0;652840960;0
298.3;672337920;0
301.0;690487296;0
300.0;711139328;0
301.0;729915392;0
298.3;749182976;0
301.0;767647744;0
326.7;767410176;0
298.3;809910272;0
243.7;806154240;0
358.4;809775104;0
344.0;841826304;0
298.3;841834496;0
216.1;501362688;0
201.6;485908480;0
199.5;485916672;0
199.5;485924864;0
199.5;485937152;0
199.5;485949440;0
201.6;485949440;0
200.7;485961728;0
198.9;485961728;0
200.7;485974016;0
200.7;485974016;0
156.2;460435456;0
232.7;459661312;0
200.7;477802496;0
127.8;461766656;0
258.0;477917184;0
200.7;477917184;0
198.9;477917184;0
200.7;477917184;0
201.6;477921280;0
199.5;477933568;0
199.5;477949952;0
199.5;477949952;0
199.5;477949952;0
201.6;477958144;0
200.7;477958144;0
113.6;461848576;0
258.0;478068736;0
200.7;478081024;0
198.9;478081024;0
200.7;478081024;0
166.2;462045184;0
166.2;451477504;0
252.0;478236672;0
200.7;478236672;0
198.9;478236672;0
199.5;478248960;0
184.8;478248960;0
199.5;478248960;0
199.5;478248960;0
199.5;478248960;0
198.9;478248960;0
229.4;459202560;0
201.6;468975616;0
199.5;468975616;0
198.9;468975616;0
172.0;452882432;0
329.7;495329280;0
298.3;512946176;0
299.2;534315008;0
282.6;554737664;0
299.2;576630784;0
301.0;594808832;0
300.0;619802624;0
235.2;627535872;0
329.7;663089152;0
250.0;680747008;0
241.5;697528320;0
255.7;741847040;0
282.6;762748928;0
302.4;786432000;0
299.2;808869888;0
255.7;797945856;0
332.4;842711040;0
285.6;842711040;0
286.7;842711040;0
199.5;604471296;0
249.3;474378240;0
200.7;474382336;0
200.7;474386432;0
184.7;446410752;0
199.5;475545600;0
198.9;475545600;0
200.7;475545600;0
201.6;475545600;0
