48.7;102.4;69.8;0.0
49.8;118.9;85.7;0.0
81.8;140.0;48.8;0.0
24.9;156.4;39.8;0.0
0.0;156.4;0.0;0.0
0.0;156.4;0.1;0.0
0.0;156.4;0.0;0.0
0.0;156.4;1.3;0.0
0.0;156.4;0.0;0.0
0.0;156.4;0.7;0.0
0.0;156.4;0.0;0.0
0.0;156.4;0.6;0.0
0.0;156.4;0.0;0.0
0.0;156.4;0.4;0.0
0.0;156.4;0.0;0.0
0.0;156.4;0.0;0.0
0.0;156.4;0.5;0.0
0.0;156.4;0.0;0.0
0.0;156.4;0.5;0.0
0.0;156.4;0.0;0.0
0.0;156.4;0.5;0.0
0.0;156.4;0.0;0.0
42.9;160.0;0.7;0.0
50.0;160.0;0.0;0.0
50.5;160.9;0.3;0.0
34.9;160.9;0.0;0.0
0.0;160.9;0.0;0.0
0.0;160.9;0.1;0.0
0.0;160.9;0.0;0.0
0.0;160.9;1.2;0.0
0.0;160.9;0.0;0.0
0.0;160.9;0.7;0.0
0.0;160.9;0.0;0.0
0.0;160.9;0.6;0.0
0.0;160.9;0.0;0.0
0.0;160.9;0.6;0.0
0.0;160.9;0.0;0.0
0.0;160.9;0.6;0.0
0.0;160.9;0.0;0.0
0.0;160.9;0.6;0.0
0.0;160.9;0.0;0.0
30.6;161.1;0.7;0.0
52.5;161.1;0.0;0.0
52.5;161.1;1.1;0.0
0.0;161.1;0.0;0.0
0.0;161.1;0.0;0.0
0.0;161.1;0.2;0.0
0.0;161.1;0.0;0.0
0.0;161.1;2.6;0.0
0.0;161.1;0.0;0.0
0.0;161.1;1.4;0.0
0.0;161.1;0.0;0.0
0.0;161.1;1.0;0.0
0.0;161.1;0.0;0.0
0.0;161.1;1.1;0.0
0.0;161.1;0.0;0.0
0.0;161.1;0.9;0.0
0.0;161.1;0.0;0.0
5.0;161.1;0.8;0.0
0.0;161.1;0.0;0.0
13.8;161.6;1.3;0.0
59.9;162.0;0.0;0.0
0.0;162.0;0.4;0.0
0.0;162.0;0.4;0.0
42.4;175.6;15.9;4.0
50.6;245.8;486.8;0.0
48.8;270.4;680.7;0.0
53.1;276.9;2.1;128.0
44.2;276.9;0.7;196.0
49.2;246.6;0.5;116.0
