8.3;8.2;0.6;0.0;457.0


8.4;135.4;7.9;0.0;457.0


5.5;102.6;9.1;0.0;457.0


0.0;61.6;5.9;1.0;457.0


0.0;0.3;0.0;0.0;457.0


3.6;25.7;1.0;0.0;457.0


8.4;2.3;0.2;1.0;604.0


8.3;0.0;0.0;6.0;738.0


8.4;0.0;0.0;6.0;874.0


8.4;0.0;0.0;7.0;998.0


8.4;0.2;0.0;5.0;1100.0


8.3;70.2;67.7;9.0;1246.0


8.3;46.0;178.0;21.0;1838.0


50.2;38.8;175.6;67.0;1838.0


0.0;0.1;0.0;0.0;1838.0


0.0;0.3;0.0;0.0;1838.0


11.1;1158.7;50.7;0.0;1838.0


8.3;332.7;14.8;0.0;1838.0


8.4;0.0;0.0;0.0;1838.0


8.3;0.0;0.0;1.0;1838.0


8.3;0.0;0.0;0.0;1838.0


8.3;0.0;0.0;0.0;1838.0


8.3;0.0;0.0;0.0;1838.0


8.3;0.0;0.0;0.0;1838.0


8.3;0.0;0.0;0.0;1838.0


8.4;0.0;0.0;0.0;1838.0


8.3;0.0;0.0;0.0;1838.0


8.4;0.0;0.0;0.0;1838.0


8.4;0.0;0.0;0.0;1838.0


8.3;0.0;0.0;0.0;1838.0


8.4;0.0;0.0;0.0;1838.0


8.4;0.0;0.0;0.0;1838.0


8.4;0.0;0.0;0.0;1838.0


8.3;0.0;0.0;0.0;1838.0


8.3;0.0;0.0;0.0;1838.0


8.3;0.0;0.0;0.0;1838.0


8.3;0.0;0.0;0.0;1838.0


8.4;0.0;0.0;0.0;1838.0


0.0;0.4;0.0;0.0;1838.0


6.0;225.0;9.7;0.0;1838.0


9.6;1265.8;55.6;0.0;1838.0


8.3;1.0;0.3;0.0;1838.0


8.4;0.0;0.0;0.0;1838.0


8.3;0.0;0.0;0.0;1838.0


8.4;0.0;0.0;0.0;1838.0


8.4;0.0;0.0;0.0;1838.0


8.4;0.0;0.0;0.0;1838.0


8.4;0.0;0.0;0.0;1838.0


8.3;0.0;0.0;0.0;1838.0


8.4;0.0;0.0;0.0;1838.0


8.3;0.0;0.0;0.0;1838.0


8.4;0.0;0.0;0.0;1838.0


8.3;0.0;0.0;0.0;1838.0


8.3;0.0;0.0;0.0;1838.0


8.4;0.0;0.0;0.0;1838.0


8.3;0.0;0.0;0.0;1838.0


8.3;0.0;0.0;0.0;1838.0


8.3;0.0;0.0;0.0;1838.0


8.3;0.0;0.0;1.0;1838.0


8.3;0.0;0.0;0.0;1838.0


8.3;0.0;0.0;0.0;1838.0


8.4;1.0;0.3;0.0;1838.0


8.3;0.0;0.0;0.0;1838.0


8.4;0.0;0.0;0.0;1838.0


8.4;0.0;0.0;0.0;1838.0


8.3;0.0;0.0;1.0;1838.0


8.4;0.0;0.0;0.0;1838.0


8.4;0.0;0.0;0.0;1838.0


8.3;0.0;0.0;0.0;1838.0


8.3;0.0;0.0;0.0;1838.0


8.3;0.0;0.0;1.0;1838.0


18.9;0.0;0.0;1.0;1910.0


8.4;0.2;0.0;45.0;2476.0


8.4;0.0;0.0;45.0;3234.0


8.3;0.0;0.0;41.0;3988.0


8.4;0.0;0.0;55.0;4742.0


8.4;0.0;0.0;40.0;5496.0


8.3;0.0;0.0;46.0;6666.0


5.9;0.0;0.0;61.0;6764.0


50.4;0.0;0.0;44.0;7180.0


8.4;0.0;0.0;54.0;7180.0


8.4;0.0;0.0;55.0;7180.0


8.3;0.0;0.0;54.0;7180.0


8.3;0.0;0.0;54.0;7180.0


8.3;0.0;0.0;54.0;7180.0


8.3;0.0;0.0;54.0;7180.0


8.4;0.0;0.0;54.0;7180.0


8.3;0.0;0.0;54.0;7180.0


8.4;0.0;0.0;54.0;7180.0


8.4;0.0;0.0;55.0;7180.0


8.3;0.0;0.0;54.0;7180.0


8.4;0.0;0.0;55.0;7180.0


0.0;10.6;0.8;0.0;7180.0


0.0;0.3;0.0;0.0;7180.0


11.9;850.3;37.1;0.0;7180.0


8.4;642.5;28.4;1.0;7180.0


8.4;0.0;0.0;0.0;7180.0


8.3;0.0;0.0;0.0;7180.0


8.4;0.0;0.0;0.0;7180.0


8.3;0.0;0.0;0.0;7180.0


8.4;0.0;0.0;0.0;7180.0


8.3;0.0;0.0;0.0;7180.0


8.3;0.0;0.0;0.0;7180.0


8.4;0.0;0.0;0.0;7180.0


8.3;0.0;0.0;0.0;7180.0


8.3;0.0;0.0;0.0;7180.0


8.3;0.0;0.0;0.0;7180.0


8.3;0.0;0.0;0.0;7180.0


8.3;0.0;0.0;0.0;7180.0


8.3;0.0;0.0;0.0;7180.0


8.4;0.0;0.0;0.0;7180.0


8.3;0.0;0.0;0.0;7180.0


8.3;0.0;0.0;0.0;7180.0


8.4;0.0;0.0;1.0;7180.0


8.3;0.0;0.0;0.0;7180.0


8.4;0.0;0.0;0.0;7180.0


0.0;0.1;0.0;0.0;7180.0


0.0;0.3;0.0;0.0;7180.0


9.7;859.6;37.5;0.0;7180.0


8.3;632.3;28.0;0.0;7180.0


8.3;0.0;0.0;0.0;7180.0


8.3;0.0;0.0;0.0;7180.0


8.4;0.0;0.0;0.0;7180.0


8.3;0.0;0.0;0.0;7180.0


8.4;0.0;0.0;0.0;7180.0


8.4;0.0;0.0;0.0;7180.0


8.3;0.0;0.0;0.0;7180.0


8.4;0.0;0.0;0.0;7180.0


8.3;0.0;0.0;0.0;7180.0


8.4;0.0;0.0;0.0;7180.0


8.4;0.0;0.0;0.0;7180.0


8.3;0.0;0.0;0.0;7180.0


8.4;0.0;0.0;0.0;7180.0


8.3;0.0;0.0;0.0;7180.0


8.4;0.0;0.0;0.0;7180.0


8.3;0.0;0.0;0.0;7180.0


8.4;0.0;0.0;0.0;7180.0


8.3;0.0;0.0;0.0;7180.0


8.4;0.0;0.0;0.0;7180.0


8.4;0.0;0.0;0.0;7180.0


8.3;1.0;0.3;0.0;7180.0


8.3;0.0;0.0;1.0;7180.0


8.3;0.0;0.0;0.0;7180.0


8.3;0.0;0.0;1.0;7180.0


8.3;0.0;0.0;0.0;7180.0


8.3;0.0;0.0;0.0;7180.0


8.4;0.0;0.0;0.0;7180.0


8.3;0.0;0.0;0.0;7180.0


8.3;0.0;0.0;0.0;7180.0


8.4;0.0;0.0;0.0;7180.0


8.4;0.0;0.0;61.0;7182.0


8.4;0.0;0.0;56.0;7182.0


8.4;0.0;0.0;56.0;7182.0


8.4;0.0;0.0;55.0;7182.0


49.7;0.0;0.0;32.0;7400.0


8.3;0.0;0.0;55.0;7400.0


8.3;0.0;0.0;54.0;7400.0


8.3;0.0;0.0;55.0;7400.0


8.3;0.0;0.0;53.0;7400.0


8.3;0.0;0.0;54.0;7400.0


8.4;0.0;0.0;54.0;7400.0


8.3;0.0;0.0;54.0;7400.0


8.3;0.0;0.0;55.0;7400.0


8.4;0.0;0.0;54.0;7400.0


8.3;0.0;0.0;55.0;7400.0


8.4;0.0;0.0;55.0;7400.0


8.4;0.0;0.0;55.0;7400.0


4.2;10.6;0.8;2.0;7400.0


0.0;0.3;0.0;0.0;7400.0


4.7;173.8;7.4;0.0;7400.0


8.4;1316.3;57.8;0.0;7400.0


8.3;1.0;0.3;1.0;7400.0


8.4;0.0;0.0;0.0;7400.0


8.3;0.0;0.0;0.0;7400.0


8.3;0.0;0.0;1.0;7400.0


8.4;0.0;0.0;1.0;7400.0


8.3;0.0;0.0;1.0;7400.0


8.4;0.0;0.0;1.0;7400.0


8.4;0.0;0.0;1.0;7400.0


8.3;0.0;0.0;1.0;7400.0


8.4;0.0;0.0;1.0;7400.0


8.3;0.0;0.0;3.0;7400.0


8.4;0.0;0.0;3.0;7400.0


8.4;0.0;0.0;2.0;7400.0


8.3;0.0;0.0;2.0;7400.0


8.4;0.0;0.0;4.0;7400.0


9.6;0.0;0.0;2.0;7400.0


8.4;0.0;0.0;4.0;7400.0


7.3;0.0;0.0;4.0;7400.0


8.3;0.0;0.0;2.0;7400.0


8.3;0.0;0.0;3.0;7400.0


1.4;0.1;0.0;3.0;7400.0


0.0;0.3;0.0;3.0;7400.0


9.5;518.3;22.5;3.0;7400.0


8.4;972.5;42.7;4.0;7400.0


8.3;1.0;0.3;4.0;7400.0


8.4;0.0;0.0;2.0;7400.0


8.4;0.0;0.0;3.0;7400.0


8.3;0.0;0.0;3.0;7400.0


8.4;0.0;0.0;2.0;7400.0


8.3;0.0;0.0;2.0;7400.0


8.3;0.0;0.0;5.0;7400.0


8.3;0.0;0.0;2.0;7400.0


8.3;0.0;0.0;4.0;7400.0


8.4;0.0;0.0;3.0;7400.0


8.3;0.0;0.0;3.0;7400.0


8.4;0.0;0.0;3.0;7400.0


8.3;0.0;0.0;3.0;7400.0


8.4;0.0;0.0;4.0;7400.0


8.3;0.0;0.0;4.0;7400.0


8.3;0.0;0.0;4.0;7400.0


8.4;0.0;0.0;4.0;7400.0


8.3;0.0;0.0;3.0;7400.0


8.3;0.0;0.0;3.0;7400.0


8.4;0.0;0.0;3.0;7400.0


8.3;1.0;0.3;4.0;7400.0


8.4;0.0;0.0;3.0;7400.0


8.3;0.0;0.0;5.0;7400.0


8.4;0.0;0.0;4.0;7400.0


8.4;0.0;0.0;4.0;7400.0


8.3;0.0;0.0;2.0;7400.0


8.4;0.0;0.0;3.0;7400.0


8.3;0.0;0.0;2.0;7400.0


8.4;0.0;0.0;3.0;7400.0


8.3;0.0;0.0;4.0;7400.0


8.4;0.0;0.0;48.0;7400.0


8.3;0.0;0.0;36.0;7400.0


8.3;0.0;0.0;56.0;7400.0


8.3;0.0;0.0;56.0;7400.0


8.3;0.0;0.0;55.0;7400.0


50.2;0.0;0.0;39.0;7400.0


8.3;0.0;0.0;55.0;7400.0


8.4;0.0;0.0;54.0;7400.0


8.3;0.0;0.0;55.0;7400.0


8.3;0.0;0.0;53.0;7400.0


8.4;0.0;0.0;54.0;7400.0


8.3;0.0;0.0;54.0;7400.0


8.4;0.0;0.0;54.0;7400.0


8.4;0.0;0.0;54.0;7400.0


8.3;0.0;0.0;53.0;7400.0


8.4;0.0;0.0;54.0;7400.0


8.3;0.0;0.0;54.0;7400.0


8.4;0.0;0.0;54.0;7400.0


0.0;10.6;0.8;0.0;7400.0


0.0;0.3;0.0;0.0;7400.0


8.4;508.5;22.1;0.0;7400.0


8.3;983.5;43.2;1.0;7400.0


8.3;1.0;0.3;0.0;7400.0


8.3;0.0;0.0;0.0;7400.0


8.3;0.0;0.0;0.0;7400.0


8.4;0.0;0.0;1.0;7400.0


8.3;0.0;0.0;0.0;7400.0


8.4;0.0;0.0;0.0;7400.0


8.3;0.0;0.0;0.0;7400.0


8.4;0.0;0.0;0.0;7400.0


8.4;0.0;0.0;0.0;7400.0


8.4;0.0;0.0;0.0;7400.0


8.4;0.0;0.0;0.0;7400.0


8.3;0.0;0.0;0.0;7400.0


8.4;0.0;0.0;0.0;7400.0


8.3;0.0;0.0;0.0;7400.0


8.3;0.0;0.0;0.0;7400.0


9.7;0.0;0.0;0.0;7400.0


8.3;0.0;0.0;0.0;7400.0


8.3;0.0;0.0;0.0;7400.0


8.3;0.0;0.0;0.0;7400.0


8.3;0.0;0.0;0.0;7400.0


0.0;0.1;0.0;0.0;7400.0


0.0;0.3;0.0;0.0;7400.0


8.4;513.7;22.3;0.0;7400.0


8.3;977.0;42.9;0.0;7400.0


8.4;1.0;0.3;0.0;7400.0


8.3;0.0;0.0;1.0;7400.0


8.4;0.0;0.0;0.0;7400.0


8.4;0.0;0.0;0.0;7400.0


8.3;0.0;0.0;0.0;7400.0


8.4;0.0;0.0;0.0;7400.0


8.3;0.0;0.0;0.0;7400.0


8.4;0.0;0.0;0.0;7400.0


8.3;0.0;0.0;1.0;7400.0


8.4;0.0;0.0;0.0;7400.0


8.4;0.0;0.0;0.0;7400.0


8.3;0.0;0.0;0.0;7400.0


8.3;0.0;0.0;0.0;7400.0


8.3;0.0;0.0;0.0;7400.0


8.3;0.0;0.0;0.0;7400.0


8.4;0.0;0.0;1.0;7400.0


8.3;0.0;0.0;0.0;7400.0


8.4;0.0;0.0;0.0;7400.0


8.3;0.0;0.0;0.0;7400.0


8.4;0.0;0.0;0.0;7400.0


8.4;1.0;0.3;0.0;7400.0


8.4;0.0;0.0;1.0;7400.0


8.4;0.0;0.0;1.0;7400.0


8.3;0.0;0.0;1.0;7400.0


8.3;0.0;0.0;1.0;7400.0


8.3;0.0;0.0;1.0;7400.0


8.3;0.0;0.0;1.0;7400.0


8.3;0.0;0.0;1.0;7400.0


8.3;0.0;0.0;2.0;7400.0


