7.2;7.2;0.7;1.0;457.0


8.3;128.2;7.6;1.0;457.0


8.3;93.8;7.4;1.0;457.0


5.9;83.9;8.3;1.0;457.0


0.0;1.9;0.1;4.0;457.0


0.0;0.3;0.0;4.0;457.0


8.3;27.8;1.1;3.0;469.0


8.4;0.1;0.0;7.0;692.0


8.4;0.0;0.0;5.0;820.0


8.3;0.0;0.0;7.0;952.0


8.4;0.2;0.0;5.0;1064.0


8.3;26.4;24.9;13.0;1226.0


8.4;43.8;42.8;2.0;1666.0


8.4;84.8;353.6;51.0;1840.0


1.4;0.1;0.0;0.0;1840.0


0.0;0.3;0.0;0.0;1840.0


7.1;508.0;22.1;0.0;1840.0


8.3;983.0;43.2;0.0;1840.0


8.3;1.0;0.3;0.0;1840.0


8.4;0.0;0.0;0.0;1840.0


8.3;0.0;0.0;0.0;1840.0


8.3;0.0;0.0;0.0;1840.0


8.4;0.0;0.0;0.0;1840.0


8.3;0.0;0.0;0.0;1840.0


8.3;0.0;0.0;0.0;1840.0


8.4;0.0;0.0;0.0;1840.0


8.3;0.0;0.0;0.0;1840.0


8.4;0.0;0.0;0.0;1840.0


8.3;0.0;0.0;0.0;1840.0


8.4;0.0;0.0;0.0;1840.0


8.4;0.0;0.0;0.0;1840.0


8.3;0.0;0.0;0.0;1840.0


8.4;0.0;0.0;0.0;1840.0


8.3;0.0;0.0;0.0;1840.0


8.4;0.0;0.0;0.0;1840.0


8.3;0.0;0.0;0.0;1840.0


8.3;0.0;0.0;0.0;1840.0


8.3;0.0;0.0;0.0;1840.0


0.0;0.1;0.0;0.0;1840.0


0.0;0.3;0.0;0.0;1840.0


8.3;512.7;22.3;0.0;1840.0


8.4;978.0;43.0;0.0;1840.0


8.3;1.0;0.3;0.0;1840.0


8.4;0.0;0.0;1.0;1840.0


8.4;0.0;0.0;0.0;1840.0


8.3;0.0;0.0;0.0;1840.0


8.4;0.0;0.0;0.0;1840.0


8.3;0.0;0.0;0.0;1840.0


8.4;0.0;0.0;0.0;1840.0


8.4;0.0;0.0;0.0;1840.0


8.3;0.0;0.0;1.0;1840.0


8.4;0.0;0.0;0.0;1840.0


8.3;0.0;0.0;0.0;1840.0


8.4;0.0;0.0;0.0;1840.0


8.3;0.0;0.0;0.0;1840.0


8.4;0.0;0.0;0.0;1840.0


8.3;0.0;0.0;0.0;1840.0


8.3;0.0;0.0;0.0;1840.0


8.4;0.0;0.0;0.0;1840.0


8.3;0.0;0.0;0.0;1840.0


8.4;0.0;0.0;0.0;1840.0


8.4;0.0;0.0;0.0;1840.0


8.3;1.0;0.3;0.0;1840.0


8.4;0.0;0.0;0.0;1840.0


8.3;0.0;0.0;1.0;1840.0


8.4;0.0;0.0;0.0;1840.0


8.4;0.0;0.0;0.0;1840.0


8.3;0.0;0.0;0.0;1840.0


8.4;0.0;0.0;0.0;1840.0


8.3;0.0;0.0;0.0;1840.0


8.4;0.0;0.0;0.0;1840.0


8.3;0.0;0.0;1.0;1840.0


16.6;0.0;0.0;35.0;1972.0


8.3;0.2;0.0;42.0;2712.0


8.3;0.0;0.0;40.0;3466.0


8.3;0.0;0.0;50.0;4220.0


8.3;0.0;0.0;40.0;4976.0


8.3;0.0;0.0;50.0;5730.0


8.3;0.0;0.0;39.0;6832.0


3.6;0.0;0.0;44.0;6766.0


49.7;0.0;0.0;40.0;7182.0


8.3;0.0;0.0;54.0;7182.0


8.4;0.0;0.0;54.0;7182.0


8.3;0.0;0.0;54.0;7182.0


8.4;0.0;0.0;54.0;7182.0


8.4;0.0;0.0;54.0;7182.0


8.3;0.0;0.0;54.0;7182.0


8.4;0.0;0.0;55.0;7182.0


8.3;0.0;0.0;54.0;7182.0


8.4;0.0;0.0;55.0;7182.0


8.3;0.0;0.0;55.0;7182.0


8.4;0.0;0.0;55.0;7182.0


8.4;0.0;0.0;55.0;7182.0


0.0;10.6;0.8;3.0;7182.0


0.0;0.3;0.0;0.0;7182.0


8.3;566.7;24.6;0.0;7182.0


8.4;924.9;40.6;0.0;7182.0


8.4;1.0;0.3;0.0;7182.0


8.3;0.0;0.0;0.0;7182.0


8.4;0.0;0.0;0.0;7182.0


8.3;0.0;0.0;0.0;7182.0


8.4;0.0;0.0;0.0;7182.0


8.4;0.0;0.0;0.0;7182.0


8.4;0.0;0.0;0.0;7182.0


8.4;0.0;0.0;0.0;7182.0


8.3;0.0;0.0;0.0;7182.0


8.4;0.0;0.0;0.0;7182.0


8.3;0.0;0.0;0.0;7182.0


8.3;0.0;0.0;0.0;7182.0


8.3;0.0;0.0;0.0;7182.0


8.3;0.0;0.0;0.0;7182.0


8.3;0.0;0.0;0.0;7182.0


8.3;0.0;0.0;0.0;7182.0


8.3;0.0;0.0;0.0;7182.0


8.4;0.0;0.0;0.0;7182.0


8.3;0.0;0.0;0.0;7182.0


8.4;0.0;0.0;0.0;7182.0


0.0;0.1;0.0;0.0;7182.0


0.0;0.3;0.0;0.0;7182.0


8.3;904.0;39.4;1.0;7182.0


8.4;589.0;26.1;0.0;7182.0


8.4;0.0;0.0;0.0;7182.0


8.3;0.0;0.0;0.0;7182.0


8.4;0.0;0.0;0.0;7182.0


8.3;0.0;0.0;1.0;7182.0


8.4;0.0;0.0;1.0;7182.0


8.3;0.0;0.0;1.0;7182.0


8.4;0.0;0.0;1.0;7182.0


8.4;0.0;0.0;1.0;7182.0


9.5;0.0;0.0;1.0;7182.0


8.4;0.0;0.0;2.0;7182.0


8.3;0.0;0.0;3.0;7182.0


8.4;0.0;0.0;3.0;7182.0


8.4;0.0;0.0;4.0;7182.0


8.3;0.0;0.0;3.0;7182.0


8.4;0.0;0.0;2.0;7182.0


8.3;0.0;0.0;2.0;7182.0


8.4;0.0;0.0;3.0;7182.0


8.4;0.0;0.0;2.0;7182.0


8.4;0.0;0.0;2.0;7182.0


8.4;0.0;0.0;5.0;7182.0


8.4;1.0;0.3;4.0;7182.0


8.4;0.0;0.0;3.0;7182.0


8.3;0.0;0.0;4.0;7182.0


8.3;0.0;0.0;2.0;7182.0


8.3;0.0;0.0;3.0;7182.0


8.3;0.0;0.0;3.0;7182.0


8.3;0.0;0.0;4.0;7182.0


8.3;0.0;0.0;3.0;7182.0


8.3;0.0;0.0;4.0;7182.0


8.3;0.0;0.0;3.0;7182.0


8.4;0.0;0.0;21.0;7184.0


7.2;0.0;0.0;38.0;7184.0


8.3;0.0;0.0;56.0;7184.0


8.4;0.0;0.0;56.0;7184.0


8.3;0.0;0.0;55.0;7186.0


50.2;0.0;0.0;33.0;7402.0


8.4;0.0;0.0;55.0;7402.0


8.3;0.0;0.0;54.0;7402.0


8.4;0.0;0.0;54.0;7402.0


8.3;0.0;0.0;53.0;7402.0


8.4;0.0;0.0;54.0;7402.0


8.3;0.0;0.0;55.0;7402.0


8.4;0.0;0.0;55.0;7402.0


8.4;0.0;0.0;55.0;7402.0


8.3;0.0;0.0;54.0;7402.0


8.3;0.0;0.0;55.0;7402.0


8.3;0.0;0.0;54.0;7402.0


8.3;0.0;0.0;55.0;7402.0


0.0;10.6;0.8;0.0;7402.0


0.0;0.3;0.0;1.0;7402.0


8.4;560.0;24.4;0.0;7402.0


8.3;931.0;40.9;0.0;7402.0


8.4;1.0;0.3;0.0;7402.0


8.4;0.0;0.0;0.0;7402.0


8.4;0.0;0.0;0.0;7402.0


8.4;0.0;0.0;0.0;7402.0


8.3;0.0;0.0;0.0;7402.0


8.4;0.0;0.0;0.0;7402.0


8.3;0.0;0.0;1.0;7402.0


8.4;0.0;0.0;0.0;7402.0


8.4;0.0;0.0;0.0;7402.0


8.3;0.0;0.0;0.0;7402.0


8.3;0.0;0.0;0.0;7402.0


8.3;0.0;0.0;0.0;7402.0


8.4;0.0;0.0;0.0;7402.0


8.4;0.0;0.0;1.0;7402.0


8.3;0.0;0.0;0.0;7402.0


8.4;0.0;0.0;0.0;7402.0


8.3;0.0;0.0;0.0;7402.0


8.4;0.0;0.0;0.0;7402.0


8.3;0.0;0.0;0.0;7402.0


8.4;0.0;0.0;0.0;7402.0


0.0;0.1;0.0;1.0;7402.0


0.0;0.3;0.0;0.0;7402.0


10.8;556.0;24.2;0.0;7402.0


8.3;935.8;41.1;0.0;7402.0


8.3;1.0;0.3;0.0;7402.0


8.3;0.0;0.0;0.0;7402.0


8.4;0.0;0.0;0.0;7402.0


8.4;0.0;0.0;0.0;7402.0


8.3;0.0;0.0;0.0;7402.0


8.3;0.0;0.0;0.0;7402.0


9.5;0.0;0.0;1.0;7402.0


8.3;0.0;0.0;0.0;7402.0


8.4;0.0;0.0;0.0;7402.0


9.7;0.0;0.0;0.0;7402.0


9.6;0.0;0.0;0.0;7402.0


8.4;0.0;0.0;0.0;7402.0


8.4;0.0;0.0;1.0;7402.0


8.4;0.0;0.0;0.0;7402.0


8.4;0.0;0.0;0.0;7402.0


8.4;0.0;0.0;0.0;7402.0


8.3;0.0;0.0;0.0;7402.0


8.4;0.0;0.0;0.0;7402.0


8.3;0.0;0.0;0.0;7402.0


8.3;0.0;0.0;1.0;7402.0


8.4;1.0;0.3;0.0;7402.0


8.3;0.0;0.0;0.0;7402.0


8.4;0.0;0.0;0.0;7402.0


8.3;0.0;0.0;0.0;7402.0


8.3;0.0;0.0;0.0;7402.0


8.4;0.0;0.0;0.0;7402.0


8.3;0.0;0.0;0.0;7402.0


8.4;0.0;0.0;0.0;7402.0


8.3;0.0;0.0;0.0;7402.0


8.4;0.0;0.0;0.0;7402.0


8.3;0.0;0.0;43.0;7402.0


8.3;0.0;0.0;56.0;7402.0


8.4;0.0;0.0;51.0;7402.0


8.3;0.0;0.0;56.0;7402.0


44.8;0.0;0.0;61.0;7402.0


8.3;0.0;0.0;55.0;7402.0


8.4;0.0;0.0;54.0;7402.0


8.3;0.0;0.0;55.0;7402.0


8.4;0.0;0.0;54.0;7402.0


8.4;0.0;0.0;54.0;7402.0


8.3;0.0;0.0;55.0;7402.0


8.3;0.0;0.0;53.0;7402.0


8.3;0.0;0.0;55.0;7402.0


8.3;0.0;0.0;55.0;7402.0


8.4;0.0;0.0;54.0;7402.0


8.3;0.0;0.0;55.0;7402.0


8.4;0.0;0.0;54.0;7402.0


6.0;10.6;0.8;27.0;7402.0


0.0;0.3;0.0;0.0;7402.0


2.8;177.5;7.5;1.0;7402.0


7.2;1315.3;57.8;0.0;7402.0


8.4;1.0;0.3;0.0;7402.0


8.3;0.0;0.0;0.0;7402.0


8.3;0.0;0.0;0.0;7402.0


8.3;0.0;0.0;0.0;7402.0


8.3;0.0;0.0;0.0;7402.0


8.4;0.0;0.0;1.0;7402.0


8.3;0.0;0.0;1.0;7402.0


8.4;0.0;0.0;1.0;7402.0


8.3;0.0;0.0;0.0;7402.0


8.4;0.0;0.0;1.0;7402.0


8.3;0.0;0.0;1.0;7402.0


8.3;0.0;0.0;1.0;7402.0


8.4;0.0;0.0;2.0;7402.0


8.3;0.0;0.0;1.0;7402.0


8.3;0.0;0.0;1.0;7402.0


9.4;0.0;0.0;1.0;7402.0


8.4;0.0;0.0;4.0;7402.0


8.4;0.0;0.0;3.0;7402.0


8.3;0.0;0.0;3.0;7402.0


8.3;0.0;0.0;3.0;7402.0


2.4;0.1;0.0;3.0;7402.0


0.0;0.3;0.0;3.0;7402.0


4.7;220.7;9.5;3.0;7402.0


9.4;1269.4;55.8;3.0;7402.0


8.3;1.0;0.3;2.0;7402.0


8.3;0.0;0.0;2.0;7402.0


8.3;0.0;0.0;4.0;7402.0


8.3;0.0;0.0;3.0;7402.0


8.3;0.0;0.0;5.0;7402.0


8.4;0.0;0.0;4.0;7402.0


8.3;0.0;0.0;3.0;7402.0


8.4;0.0;0.0;3.0;7402.0


8.4;0.0;0.0;3.0;7402.0


8.3;0.0;0.0;3.0;7402.0


8.4;0.0;0.0;3.0;7402.0


8.4;0.0;0.0;5.0;7402.0


8.4;0.0;0.0;4.0;7402.0


8.3;0.0;0.0;4.0;7402.0


8.4;0.0;0.0;3.0;7402.0


8.3;0.0;0.0;3.0;7402.0


8.3;0.0;0.0;3.0;7402.0


8.3;0.0;0.0;3.0;7402.0


8.3;0.0;0.0;4.0;7402.0


8.4;0.0;0.0;2.0;7402.0


9.5;1.0;0.3;4.0;7402.0


8.3;0.0;0.0;3.0;7402.0


8.3;0.0;0.0;3.0;7402.0


8.3;0.0;0.0;3.0;7402.0


8.4;0.0;0.0;3.0;7402.0


8.3;0.0;0.0;3.0;7402.0


8.3;0.0;0.0;2.0;7402.0


8.4;0.0;0.0;3.0;7402.0


