7.2;0.4;0.0;4.0;457.0


8.3;134.0;7.8;3.0;457.0


8.3;102.0;8.6;3.0;457.0


1.2;71.4;7.0;7.0;457.0


0.0;0.3;0.0;4.0;457.0


4.8;25.9;1.0;4.0;457.0


8.3;2.3;0.2;8.0;592.0


8.4;0.0;0.0;6.0;726.0


8.4;0.0;0.0;7.0;866.0


8.4;0.0;0.0;5.0;986.0


8.4;0.2;0.0;5.0;1092.0


8.4;70.2;67.7;7.0;1246.0


8.4;45.9;178.0;19.0;1844.0


50.0;38.9;175.6;69.0;1844.0


0.0;0.1;0.0;0.0;1844.0


0.0;0.3;0.0;0.0;1844.0


9.7;1195.1;52.3;0.0;1844.0


8.4;296.9;13.3;0.0;1844.0


8.3;0.0;0.0;0.0;1844.0


8.4;0.0;0.0;0.0;1844.0


8.3;0.0;0.0;1.0;1844.0


8.3;0.0;0.0;0.0;1844.0


8.4;0.0;0.0;0.0;1844.0


8.3;0.0;0.0;0.0;1844.0


8.4;0.0;0.0;0.0;1844.0


8.3;0.0;0.0;0.0;1844.0


8.4;0.0;0.0;0.0;1844.0


8.3;0.0;0.0;0.0;1844.0


8.3;0.0;0.0;0.0;1844.0


8.4;0.0;0.0;0.0;1844.0


8.3;0.0;0.0;0.0;1844.0


8.3;0.0;0.0;0.0;1844.0


8.3;0.0;0.0;0.0;1844.0


8.3;0.0;0.0;0.0;1844.0


8.3;0.0;0.0;0.0;1844.0


8.4;0.0;0.0;0.0;1844.0


8.4;0.0;0.0;0.0;1844.0


8.3;0.1;0.0;0.0;1844.0


0.0;0.3;0.0;0.0;1844.0


4.7;226.3;9.7;0.0;1844.0


11.8;1265.7;55.6;0.0;1844.0


8.4;1.0;0.3;0.0;1844.0


8.3;0.0;0.0;0.0;1844.0


8.4;0.0;0.0;0.0;1844.0


8.4;0.0;0.0;0.0;1844.0


8.4;0.0;0.0;0.0;1844.0


8.4;0.0;0.0;0.0;1844.0


8.4;0.0;0.0;0.0;1844.0


8.4;0.0;0.0;0.0;1844.0


8.3;0.0;0.0;0.0;1844.0


8.3;0.0;0.0;0.0;1844.0


8.3;0.0;0.0;0.0;1844.0


8.3;0.0;0.0;1.0;1844.0


8.4;0.0;0.0;1.0;1844.0


8.3;0.0;0.0;0.0;1844.0


8.4;0.0;0.0;0.0;1844.0


8.3;0.0;0.0;0.0;1844.0


8.3;0.0;0.0;0.0;1844.0


8.4;0.0;0.0;0.0;1844.0


8.3;0.0;0.0;0.0;1844.0


8.4;0.0;0.0;0.0;1844.0


8.3;1.0;0.3;0.0;1844.0


8.4;0.0;0.0;0.0;1844.0


8.3;0.0;0.0;0.0;1844.0


8.3;0.0;0.0;0.0;1844.0


8.4;0.0;0.0;0.0;1844.0


8.3;0.0;0.0;0.0;1844.0


8.3;0.0;0.0;0.0;1844.0


8.3;0.0;0.0;0.0;1844.0


8.3;0.0;0.0;1.0;1844.0


8.3;0.0;0.0;0.0;1844.0


8.3;0.0;0.0;5.0;1916.0


8.4;0.2;0.0;45.0;2616.0


8.3;0.0;0.0;39.0;3372.0


8.3;0.0;0.0;54.0;4124.0


8.3;0.0;0.0;40.0;4878.0


8.3;0.0;0.0;47.0;5632.0


8.4;0.0;0.0;46.0;6836.0


8.4;0.0;0.0;13.0;7186.0


8.3;0.0;0.0;53.0;7186.0


8.3;0.0;0.0;54.0;7186.0


8.4;0.0;0.0;54.0;7186.0


8.3;0.0;0.0;54.0;7186.0


8.3;0.0;0.0;54.0;7186.0


8.4;0.0;0.0;55.0;7186.0


8.3;0.0;0.0;55.0;7186.0


8.4;0.0;0.0;54.0;7186.0


8.3;0.0;0.0;55.0;7186.0


8.4;0.0;0.0;55.0;7186.0


8.3;0.0;0.0;54.0;7186.0


8.3;0.0;0.0;54.0;7186.0


8.4;0.0;0.0;40.0;7186.0


1.2;10.9;0.8;0.0;7186.0


6.2;231.3;9.9;0.0;7186.0


8.3;1260.8;55.4;1.0;7186.0


8.3;1.0;0.3;0.0;7186.0


8.3;0.0;0.0;0.0;7186.0


8.3;0.0;0.0;0.0;7186.0


8.4;0.0;0.0;1.0;7186.0


8.3;0.0;0.0;1.0;7186.0


8.3;0.0;0.0;0.0;7186.0


8.3;0.0;0.0;0.0;7186.0


8.3;0.0;0.0;0.0;7186.0


8.4;0.0;0.0;0.0;7186.0


8.3;0.0;0.0;0.0;7186.0


8.4;0.0;0.0;0.0;7186.0


8.4;0.0;0.0;0.0;7186.0


8.4;0.0;0.0;0.0;7186.0


8.4;0.0;0.0;0.0;7186.0


8.4;0.0;0.0;0.0;7186.0


8.4;0.0;0.0;1.0;7186.0


8.3;0.0;0.0;1.0;7186.0


8.4;0.0;0.0;1.0;7186.0


8.3;0.0;0.0;1.0;7186.0


8.3;0.0;0.0;1.0;7186.0


4.8;0.1;0.0;1.0;7186.0


0.0;0.3;0.0;3.0;7186.0


3.6;222.5;9.5;4.0;7186.0


7.1;1269.2;55.8;3.0;7186.0


8.3;1.0;0.3;3.0;7186.0


8.4;0.0;0.0;4.0;7186.0


8.3;0.0;0.0;3.0;7186.0


8.4;0.0;0.0;3.0;7186.0


8.4;0.0;0.0;4.0;7186.0


8.4;0.0;0.0;4.0;7186.0


8.4;0.0;0.0;7.0;7187.0


8.3;0.0;0.0;3.0;7187.0


8.4;0.0;0.0;3.0;7187.0


8.3;0.0;0.0;4.0;7187.0


8.3;0.0;0.0;3.0;7187.0


8.3;0.0;0.0;3.0;7187.0


8.4;0.0;0.0;2.0;7187.0


8.4;0.0;0.0;3.0;7187.0


8.3;0.0;0.0;2.0;7187.0


8.3;0.0;0.0;2.0;7187.0


8.3;0.0;0.0;3.0;7187.0


8.4;0.0;0.0;4.0;7187.0


8.3;0.0;0.0;4.0;7186.0


8.3;0.0;0.0;3.0;7186.0


8.4;1.0;0.3;3.0;7186.0


8.3;0.0;0.0;3.0;7186.0


8.4;0.0;0.0;3.0;7186.0


8.3;0.0;0.0;4.0;7186.0


8.4;0.0;0.0;4.0;7186.0


8.4;0.0;0.0;3.0;7186.0


8.4;0.0;0.0;2.0;7186.0


8.4;0.0;0.0;4.0;7186.0


8.3;0.0;0.0;3.0;7186.0


8.4;0.0;0.0;3.0;7186.0


8.3;0.0;0.0;4.0;7188.0


8.3;0.0;0.0;100.0;7188.0


8.3;0.0;0.0;54.0;7188.0


8.3;0.0;0.0;56.0;7188.0


8.4;0.0;0.0;56.0;7188.0


36.0;0.0;0.0;42.0;7406.0


14.2;0.0;0.0;53.0;7406.0


8.4;0.0;0.0;55.0;7406.0


8.3;0.0;0.0;54.0;7406.0


8.4;0.0;0.0;54.0;7406.0


8.4;0.0;0.0;54.0;7406.0


8.4;0.0;0.0;54.0;7406.0


8.4;0.0;0.0;54.0;7406.0


8.3;0.0;0.0;54.0;7406.0


8.4;0.0;0.0;54.0;7406.0


8.3;0.0;0.0;54.0;7406.0


8.4;0.0;0.0;55.0;7406.0


8.3;0.0;0.0;55.0;7406.0


8.3;0.0;0.0;46.0;7406.0


1.2;10.9;0.8;0.0;7406.0


5.2;225.6;9.6;0.0;7406.0


8.3;1266.0;55.6;0.0;7406.0


8.3;1.0;0.3;0.0;7406.0


8.3;0.0;0.0;0.0;7406.0


9.4;0.0;0.0;0.0;7406.0


8.3;0.0;0.0;0.0;7406.0


8.4;0.0;0.0;0.0;7406.0


8.4;0.0;0.0;0.0;7406.0


8.3;0.0;0.0;0.0;7406.0


8.4;0.0;0.0;0.0;7406.0


8.3;0.0;0.0;0.0;7406.0


8.4;0.0;0.0;0.0;7406.0


8.4;0.0;0.0;0.0;7406.0


8.3;0.0;0.0;0.0;7406.0


8.3;0.0;0.0;0.0;7406.0


8.3;0.0;0.0;0.0;7406.0


8.3;0.0;0.0;0.0;7406.0


8.3;0.0;0.0;0.0;7406.0


8.4;0.0;0.0;0.0;7406.0


8.3;0.0;0.0;0.0;7406.0


8.4;0.0;0.0;0.0;7406.0


8.4;0.0;0.0;0.0;7406.0


0.0;0.1;0.0;0.0;7406.0


0.0;0.3;0.0;0.0;7406.0


10.7;572.5;24.9;0.0;7406.0


8.4;918.6;40.3;0.0;7406.0


8.4;1.0;0.3;0.0;7406.0


8.3;0.0;0.0;1.0;7406.0


8.4;0.0;0.0;0.0;7406.0


8.3;0.0;0.0;0.0;7406.0


8.4;0.0;0.0;0.0;7406.0


8.3;0.0;0.0;0.0;7406.0


8.4;0.0;0.0;0.0;7406.0


8.3;0.0;0.0;0.0;7406.0


8.3;0.0;0.0;0.0;7406.0


8.4;0.0;0.0;0.0;7406.0


8.3;0.0;0.0;0.0;7406.0


8.3;0.0;0.0;0.0;7406.0


8.3;0.0;0.0;0.0;7406.0


8.3;0.0;0.0;0.0;7406.0


8.3;0.0;0.0;0.0;7406.0


8.3;0.0;0.0;0.0;7406.0


8.4;0.0;0.0;0.0;7406.0


8.4;0.0;0.0;0.0;7406.0


8.3;0.0;0.0;0.0;7406.0


8.4;0.0;0.0;0.0;7406.0


8.3;1.0;0.3;0.0;7406.0


8.4;0.0;0.0;0.0;7406.0


8.3;0.0;0.0;0.0;7406.0


8.4;0.0;0.0;0.0;7406.0


8.3;0.0;0.0;0.0;7406.0


8.3;0.0;0.0;0.0;7406.0


8.3;0.0;0.0;0.0;7406.0


8.3;0.0;0.0;1.0;7406.0


8.3;0.0;0.0;0.0;7406.0


8.3;0.0;0.0;0.0;7406.0


10.8;0.0;0.0;39.0;7406.0


8.4;0.0;0.0;56.0;7406.0


8.3;0.0;0.0;56.0;7406.0


8.4;0.0;0.0;56.0;7406.0


26.0;0.0;0.0;57.0;7406.0


18.8;0.0;0.0;55.0;7406.0


8.4;0.0;0.0;54.0;7406.0


8.3;0.0;0.0;54.0;7406.0


8.4;0.0;0.0;53.0;7406.0


8.3;0.0;0.0;54.0;7406.0


8.4;0.0;0.0;54.0;7406.0


8.3;0.0;0.0;55.0;7406.0


8.4;0.0;0.0;55.0;7406.0


8.3;0.0;0.0;54.0;7406.0


8.3;0.0;0.0;52.0;7406.0


8.4;0.0;0.0;54.0;7406.0


8.3;0.0;0.0;55.0;7406.0


8.3;0.0;0.0;26.0;7406.0


0.0;10.6;0.8;0.0;7406.0


0.0;0.3;0.0;0.0;7406.0


8.4;1243.8;54.4;0.0;7406.0


8.3;249.0;11.2;0.0;7406.0


8.4;0.0;0.0;0.0;7406.0


8.4;0.0;0.0;0.0;7406.0


8.3;0.0;0.0;1.0;7406.0


8.4;0.0;0.0;1.0;7406.0


8.3;0.0;0.0;1.0;7406.0


8.4;0.0;0.0;1.0;7406.0


8.3;0.0;0.0;0.0;7406.0


8.3;0.0;0.0;0.0;7406.0


8.3;0.0;0.0;1.0;7406.0


8.4;0.0;0.0;1.0;7406.0


8.3;0.0;0.0;1.0;7406.0


8.3;0.0;0.0;1.0;7406.0


8.4;0.0;0.0;1.0;7406.0


8.3;0.0;0.0;1.0;7406.0


8.4;0.0;0.0;3.0;7406.0


8.3;0.0;0.0;3.0;7406.0


8.3;0.0;0.0;3.0;7406.0


8.4;0.0;0.0;4.0;7406.0


8.3;0.0;0.0;3.0;7406.0


8.4;0.0;0.0;2.0;7406.0


0.0;0.1;0.0;3.0;7406.0


0.0;0.3;0.0;3.0;7406.0


7.2;1227.7;53.7;4.0;7406.0


8.4;264.0;11.8;4.0;7406.0


8.3;0.0;0.0;4.0;7406.0


8.3;0.0;0.0;4.0;7406.0


8.4;0.0;0.0;3.0;7406.0


8.3;0.0;0.0;3.0;7406.0


8.3;0.0;0.0;4.0;7406.0


8.4;0.0;0.0;3.0;7406.0


8.3;0.0;0.0;3.0;7406.0


8.3;0.0;0.0;3.0;7406.0


8.3;0.0;0.0;4.0;7406.0


8.3;0.0;0.0;4.0;7406.0


8.4;0.0;0.0;3.0;7406.0


8.3;0.0;0.0;4.0;7406.0


8.4;0.0;0.0;2.0;7406.0


8.4;0.0;0.0;3.0;7406.0


8.3;0.0;0.0;3.0;7406.0


8.4;0.0;0.0;2.0;7406.0


8.3;0.0;0.0;4.0;7406.0


8.4;0.0;0.0;3.0;7406.0


8.3;0.0;0.0;3.0;7406.0


8.3;1.0;0.3;3.0;7406.0


8.3;0.0;0.0;3.0;7406.0


8.4;0.0;0.0;4.0;7406.0


8.3;0.0;0.0;3.0;7406.0


8.3;0.0;0.0;4.0;7406.0


8.3;0.0;0.0;3.0;7406.0


8.3;0.0;0.0;4.0;7406.0


8.4;0.0;0.0;3.0;7406.0


8.4;0.0;0.0;4.0;7406.0


8.3;0.0;0.0;4.0;7406.0


