8.3;39.3;18.5;1.2;4.0;913.0
6.2;97.2;105.7;9.1;7.0;913.0
7.1;133.0;123.1;8.2;6.0;913.0
8.4;166.0;119.7;7.2;2.0;905.0
8.3;194.7;120.6;6.5;2.0;905.0
7.3;213.4;114.8;4.1;2.0;897.0
8.3;230.2;36.7;1.3;4.0;897.0
8.4;557.5;61.1;33.4;8.0;1071.0
8.4;949.4;0.6;0.0;98.0;7855.0
0.0;983.8;17.0;33.3;2.0;7852.0
0.0;983.8;44.9;0.1;2.0;7852.0
0.0;983.8;44.8;0.0;3.0;7864.0
0.0;983.8;44.8;0.0;5.0;7864.0
0.0;983.8;44.8;0.0;2.0;7864.0
0.0;983.8;44.8;0.0;2.0;7860.0
8.4;988.8;32.3;0.0;4.0;7916.0
8.3;1395.6;0.2;0.0;8.0;8033.0
8.4;1518.5;98.9;1.6;63.0;8033.0
7.1;1518.6;180.0;2.6;63.0;8033.0
8.3;1518.6;228.6;3.0;65.0;8033.0
10.8;1518.6;208.6;2.4;64.0;8033.0
11.8;1518.6;223.1;2.7;62.0;8033.0
9.6;1518.6;236.1;2.6;65.0;8033.0
8.3;1518.6;224.4;2.6;65.0;8033.0
14.3;1518.6;210.3;2.5;67.0;8033.0
9.6;1518.6;202.0;2.3;39.0;8033.0
9.6;1518.6;208.1;2.5;63.0;8033.0
9.6;1518.6;236.9;2.7;61.0;8033.0
10.4;1518.6;234.1;2.9;61.0;8033.0
8.4;1518.6;234.6;2.7;62.0;8033.0
10.7;1518.7;208.3;2.4;62.0;8033.0
8.4;1518.7;221.9;2.7;64.0;8033.0
9.4;1518.7;233.3;2.7;63.0;8033.0
14.2;1518.7;206.8;2.5;65.0;8033.0
10.8;1518.7;179.1;2.1;68.0;8033.0
10.7;1518.7;226.9;2.5;61.0;8033.0
11.9;1518.7;221.3;2.6;65.0;8040.0
8.3;1518.7;219.8;2.6;40.0;8033.0
11.8;1518.7;190.8;2.2;65.0;8033.0
11.9;1518.7;231.4;2.7;62.0;8033.0
8.3;1518.7;234.0;2.7;62.0;8033.0
7.2;1518.7;202.8;2.2;63.0;8033.0
8.4;1518.7;226.2;2.7;61.0;8033.0
8.4;1518.7;233.1;2.7;62.0;8033.0
3.6;1518.7;201.7;2.3;40.0;8033.0
6.0;1518.7;232.3;2.7;62.0;8033.0
13.5;1518.7;196.6;2.4;63.0;8040.0
2.4;1518.7;184.6;2.1;62.0;8033.0
9.6;1518.7;225.5;2.2;63.0;8029.0
8.3;1518.7;232.0;2.5;60.0;8029.0
4.2;1518.7;220.1;2.4;58.0;8021.0
8.4;1518.7;220.3;2.4;62.0;8021.0
8.3;1518.7;238.3;2.6;64.0;8021.0
10.8;1518.7;212.5;2.3;62.0;8021.0
7.1;1518.7;238.3;2.7;61.0;8021.0
4.2;1518.7;207.4;2.3;38.0;8021.0
7.2;1518.7;234.9;2.7;61.0;8021.0
9.5;1518.7;238.5;2.7;60.0;8021.0
10.8;1518.7;208.7;2.4;60.0;8029.0
7.1;1518.7;199.4;2.3;46.0;8033.0
1.2;1518.7;183.4;2.1;35.0;8033.0
8.4;1518.7;222.2;2.4;60.0;8033.0
8.4;1518.7;209.8;2.4;67.0;8038.0
8.4;1518.7;195.0;2.0;60.0;8026.0
9.4;1518.7;226.4;2.4;62.0;8030.0
6.0;1518.7;212.4;2.3;38.0;8026.0
10.7;1518.7;232.6;2.7;63.0;8026.0
10.8;1518.7;198.6;2.2;32.0;8016.0
10.4;1518.7;222.4;2.5;58.0;8013.0
7.1;1518.8;224.4;2.5;67.0;8030.0
9.6;1518.8;181.9;2.1;61.0;8025.0
8.3;1518.8;224.0;2.6;56.0;8025.0
7.3;1518.8;199.4;2.1;62.0;8025.0
8.4;1518.8;220.3;2.5;59.0;8025.0
8.3;1518.8;198.8;2.1;49.0;8025.0
9.6;1518.8;222.7;2.4;66.0;8025.0
9.5;1518.8;177.8;2.1;61.0;8025.0
8.3;1518.8;225.8;2.8;59.0;8025.0
11.9;1518.8;175.0;2.2;61.0;8025.0
8.4;1518.8;229.8;2.6;58.0;8021.0
8.4;1518.8;206.4;2.3;57.0;8021.0
10.4;1518.8;227.3;2.5;55.0;8013.0
7.2;1518.8;200.2;2.2;59.0;8013.0
3.6;1518.8;194.9;2.1;38.0;8013.0
8.4;1518.8;230.2;2.6;58.0;8013.0
2.4;1518.8;196.8;2.0;32.0;8013.0
6.2;1518.8;219.4;2.3;56.0;8013.0
7.2;1518.8;198.3;2.0;50.0;8013.0
7.1;1518.8;219.4;2.3;59.0;8013.0
2.4;1518.8;188.5;1.8;50.0;8013.0
8.3;1518.8;225.1;2.3;61.0;8013.0
3.6;1518.8;185.2;1.7;60.0;8016.0
4.8;1518.8;203.3;2.1;61.0;8016.0
10.7;1518.8;214.5;2.1;64.0;8038.0
10.8;1518.8;181.5;1.6;63.0;8038.0
8.3;1518.8;212.3;2.0;65.0;8025.0
8.4;1518.8;173.2;1.5;50.0;8025.0
10.8;1518.8;188.8;1.6;54.0;8025.0
8.4;1518.8;181.5;1.6;67.0;8025.0
7.2;1518.8;188.2;1.7;64.0;8025.0
7.1;1518.8;191.6;1.6;48.0;8021.0
8.4;1518.8;208.6;1.8;60.0;8021.0
2.4;1518.8;172.6;1.5;34.0;8013.0
8.4;1518.8;204.6;1.8;60.0;8013.0
9.4;1518.8;204.9;1.8;62.0;8013.0
8.3;1518.8;172.0;1.3;57.0;8013.0
9.6;1518.8;207.6;1.8;53.0;8013.0
10.7;1518.8;180.7;1.5;61.0;8013.0
6.2;1518.8;186.0;1.5;56.0;8013.0
4.8;1518.8;183.5;1.5;31.0;8013.0
9.5;1518.8;193.7;1.6;60.0;8013.0
4.8;1518.8;197.3;1.5;61.0;8013.0
8.3;1518.8;182.9;1.4;56.0;8013.0
7.3;1518.8;188.3;1.4;56.0;8013.0
3.6;1518.8;169.3;1.3;29.0;8013.0
7.2;1518.8;184.7;1.3;56.0;8013.0
10.8;1518.8;202.3;1.6;52.0;8013.0
11.5;1518.8;168.9;1.3;61.0;8013.0
6.0;1518.8;189.7;1.4;47.0;8013.0
8.3;1518.8;149.0;1.1;52.0;8013.0
10.8;1518.8;180.0;1.4;53.0;8013.0
8.3;1518.8;151.8;1.1;45.0;8013.0
7.3;1518.8;157.7;1.1;52.0;8013.0
10.8;1518.8;188.2;1.4;64.0;8013.0
7.1;1518.8;166.4;1.2;61.0;8025.0
7.2;1518.8;180.8;1.4;49.0;8021.0
6.2;1518.8;179.6;1.3;49.0;8021.0
9.5;1518.8;166.8;1.1;51.0;8013.0
7.2;1518.8;178.3;1.3;50.0;8025.0
9.5;1518.8;170.8;1.5;52.0;8025.0
5.2;1518.8;210.6;2.7;60.0;8025.0
4.8;1518.8;196.7;2.2;56.0;8021.0
11.9;1518.8;200.5;2.3;56.0;8021.0
6.0;1518.8;219.2;2.4;60.0;8025.0
9.6;1518.8;190.1;2.1;55.0;8025.0
7.3;1518.8;192.0;2.0;56.0;8010.0
4.7;1518.8;201.9;2.0;47.0;8010.0
8.4;1518.8;203.7;2.2;61.0;8010.0
7.1;1518.7;190.5;1.9;32.0;8010.0
7.2;1518.7;220.3;2.2;54.0;8010.0
6.0;1518.7;186.1;1.8;64.0;8010.0
3.6;1518.7;195.0;1.9;44.0;8010.0
8.4;1518.7;200.7;2.0;56.0;8010.0
1.2;1518.7;187.3;1.7;39.0;8010.0
8.3;1518.7;212.7;1.9;56.0;8010.0
8.4;1518.7;177.9;1.5;49.0;8010.0
7.1;1518.7;207.9;1.9;50.0;8010.0
9.6;1518.7;187.9;1.6;62.0;8010.0
5.2;1518.7;183.6;1.6;52.0;8010.0
7.2;1518.7;200.2;1.8;54.0;8010.0
