7.2;36.4;19.3;1.2;1.0;934.0
8.4;99.5;110.7;9.7;1.0;934.0
7.1;138.3;136.5;8.2;1.0;934.0
8.4;168.4;133.1;7.3;1.0;934.0
8.4;195.0;91.2;6.0;1.0;934.0
8.4;218.1;142.2;5.1;1.0;934.0
8.4;231.9;7.5;0.4;1.0;942.0
8.4;650.3;61.1;33.4;7.0;3984.0
8.3;1015.5;0.8;33.3;5.0;7889.0
0.0;982.4;16.8;0.0;1.0;7889.0
0.0;982.4;44.9;0.1;1.0;7889.0
0.0;982.4;44.8;0.0;1.0;7889.0
0.0;982.4;44.8;0.0;1.0;7889.0
0.0;982.4;44.8;0.0;1.0;7885.0
0.0;982.4;44.8;0.0;1.0;7885.0
8.4;1020.2;24.4;0.0;4.0;7959.0
8.3;1452.4;0.1;0.0;6.0;8052.0
8.3;1518.0;131.8;2.0;62.0;8052.0
8.4;1518.1;202.3;2.8;60.0;8052.0
8.3;1518.1;244.9;2.9;61.0;8052.0
10.8;1518.1;207.0;2.4;63.0;8052.0
10.4;1518.1;240.4;2.7;61.0;8052.0
8.4;1518.1;233.1;2.6;62.0;8052.0
11.9;1518.2;237.4;2.6;61.0;8052.0
9.6;1518.2;247.3;2.9;62.0;8052.0
7.3;1518.2;215.3;2.4;63.0;8052.0
11.5;1518.2;244.1;2.9;61.0;8052.0
8.4;1518.2;235.9;2.6;63.0;8052.0
7.1;1518.2;239.6;2.7;63.0;8052.0
3.6;1518.2;219.5;2.3;42.0;8052.0
7.3;1518.2;246.7;2.9;61.0;8052.0
8.3;1518.2;240.1;2.7;61.0;8052.0
10.8;1518.2;239.4;2.7;62.0;8052.0
10.7;1518.2;214.1;2.3;40.0;8052.0
7.2;1518.2;235.3;2.6;60.0;8052.0
9.4;1518.2;245.3;2.7;62.0;8052.0
7.1;1518.2;246.9;2.9;62.0;8052.0
9.6;1518.2;205.7;2.1;59.0;8052.0
7.1;1518.2;229.7;2.7;58.0;8052.0
8.3;1518.2;240.1;2.7;60.0;8052.0
7.2;1518.2;216.1;2.4;59.0;8052.0
8.4;1518.2;241.7;2.7;61.0;8052.0
8.4;1518.2;237.6;2.6;60.0;8052.0
3.6;1518.2;220.7;2.6;48.0;8052.0
8.4;1518.2;243.6;2.9;61.0;8052.0
9.5;1518.2;239.2;2.7;58.0;8052.0
7.2;1518.2;214.8;2.5;49.0;8052.0
9.5;1518.2;231.7;2.7;62.0;8052.0
9.4;1518.2;242.6;3.0;60.0;8052.0
13.1;1518.2;215.3;2.4;61.0;8052.0
10.7;1518.2;241.5;2.8;60.0;8052.0
8.4;1518.2;236.6;2.7;62.0;8052.0
5.9;1518.2;196.0;2.2;53.0;8052.0
8.3;1518.2;231.9;2.6;58.0;8052.0
8.4;1518.2;221.8;2.5;40.0;8052.0
10.7;1518.2;230.3;2.6;62.0;8052.0
7.2;1518.2;245.6;2.8;61.0;8052.0
8.3;1518.2;212.6;2.3;59.0;8052.0
4.8;1518.2;237.5;2.8;57.0;8052.0
4.8;1518.2;206.4;2.2;46.0;8052.0
8.4;1518.2;237.3;2.6;59.0;8052.0
5.2;1518.2;208.1;2.4;38.0;8052.0
8.3;1518.2;235.7;2.7;62.0;8052.0
4.8;1518.2;201.2;2.2;34.0;8052.0
8.3;1518.2;228.9;2.5;56.0;8052.0
8.3;1518.2;239.4;2.7;58.0;8052.0
7.3;1518.2;207.2;2.4;56.0;8052.0
13.0;1518.2;242.5;2.9;36.0;8052.0
8.4;1518.2;209.3;2.4;60.0;8052.0
8.3;1518.3;233.6;2.6;60.0;8052.0
8.3;1518.3;210.4;2.4;55.0;8052.0
8.4;1518.3;234.0;2.8;58.0;8052.0
9.5;1518.3;198.1;2.1;58.0;8052.0
8.4;1518.3;230.6;2.6;58.0;8052.0
9.5;1518.3;211.9;2.1;56.0;8052.0
7.3;1518.3;226.1;2.4;58.0;8052.0
7.2;1518.3;198.0;2.0;55.0;8052.0
7.2;1518.3;218.0;2.3;55.0;8052.0
9.6;1518.3;197.2;1.9;64.0;8052.0
9.6;1518.3;224.6;2.2;62.0;8052.0
4.8;1518.3;192.9;2.0;33.0;8052.0
7.1;1518.3;236.4;2.7;59.0;8052.0
8.4;1518.3;206.4;2.2;37.0;8052.0
8.3;1518.3;230.7;2.7;57.0;8052.0
10.4;1518.3;203.4;2.2;58.0;8052.0
6.0;1518.3;231.5;2.6;55.0;8052.0
5.9;1518.3;194.6;2.0;56.0;8052.0
8.4;1518.3;220.0;2.3;62.0;8052.0
8.3;1518.3;194.9;2.1;68.0;8056.0
3.6;1518.3;176.4;1.9;55.0;8056.0
8.4;1518.3;221.6;2.3;57.0;8056.0
11.8;1518.3;222.4;2.3;44.0;8056.0
7.3;1518.3;190.7;1.8;54.0;8056.0
4.2;1518.3;194.8;1.9;34.0;8052.0
9.6;1518.3;213.0;2.0;51.0;8052.0
2.4;1518.3;186.8;1.7;33.0;8052.0
9.6;1518.3;226.1;2.2;53.0;8052.0
5.2;1518.3;187.6;1.8;33.0;8052.0
9.5;1518.3;207.7;1.9;53.0;8052.0
3.6;1518.3;182.2;1.7;34.0;8056.0
9.5;1518.3;179.3;1.6;58.0;8079.0
8.4;1518.3;162.9;1.6;38.0;8078.0
10.4;1518.3;201.7;2.3;56.0;8079.0
7.1;1518.3;183.9;2.0;55.0;8079.0
8.4;1518.3;227.8;2.6;54.0;8079.0
7.1;1518.3;194.2;2.2;56.0;8079.0
4.2;1518.3;192.5;2.3;58.0;8079.0
7.2;1518.3;222.2;2.7;54.0;8079.0
8.3;1518.3;167.8;2.0;57.0;8079.0
1.2;1518.3;182.7;2.1;57.0;8079.0
8.3;1518.3;208.7;2.5;53.0;8079.0
8.4;1518.3;199.1;2.2;59.0;8079.0
3.6;1518.3;189.2;2.0;31.0;8079.0
6.0;1518.3;185.7;2.1;58.0;8090.0
9.6;1518.3;169.1;1.9;40.0;8046.0
6.0;1518.3;185.7;1.9;53.0;8035.0
7.2;1518.3;198.8;2.0;56.0;8035.0
8.3;1518.3;215.2;2.2;56.0;8035.0
7.2;1518.3;183.5;1.7;53.0;8035.0
7.1;1518.3;174.2;1.6;22.0;8040.0
9.5;1518.3;192.8;1.9;58.0;8035.0
4.8;1518.3;159.9;1.6;41.0;8035.0
8.3;1518.3;204.8;2.0;62.0;8035.0
3.6;1518.3;174.5;1.6;33.0;8035.0
11.5;1518.3;194.1;2.0;62.0;8035.0
9.5;1518.3;169.5;1.5;50.0;8064.0
13.1;1518.3;193.5;1.8;50.0;8056.0
8.3;1518.3;173.3;1.5;51.0;8055.0
2.1;1518.3;176.0;1.6;25.0;8055.0
9.6;1518.3;171.9;1.5;46.0;8046.0
7.2;1518.3;183.6;1.7;57.0;8058.0
6.0;1518.3;176.9;2.0;55.0;8064.0
7.2;1518.3;184.4;2.0;56.0;8048.0
6.2;1518.3;199.6;2.5;29.0;8048.0
9.5;1518.3;196.0;2.3;59.0;8056.0
7.2;1518.3;190.5;2.5;57.0;8056.0
9.5;1518.3;187.4;2.3;47.0;8056.0
5.2;1518.3;203.3;2.5;46.0;8056.0
9.6;1518.3;200.4;2.5;33.0;8073.0
10.8;1518.3;201.2;2.4;55.0;8076.0
7.2;1518.3;197.9;2.4;54.0;8080.0
11.8;1518.3;196.7;2.3;30.0;8080.0
6.2;1518.3;187.2;2.1;41.0;8080.0
14.3;1518.3;222.2;2.7;51.0;8080.0
4.7;1518.3;189.3;2.1;51.0;8080.0
10.8;1518.3;185.9;2.0;50.0;8085.0
10.4;1518.3;211.5;2.3;61.0;8085.0
8.4;1518.3;184.3;1.9;54.0;8085.0
7.2;1518.3;188.2;1.9;63.0;8085.0
8.4;1518.3;180.0;1.8;48.0;8085.0
