8.4;38.6;19.3;1.4;0.0;858.0
7.1;101.5;116.5;10.2;0.0;858.0
4.8;140.2;153.5;8.5;0.0;858.0
8.3;169.7;126.7;6.7;0.0;858.0
8.3;199.4;99.0;7.0;0.0;858.0
8.3;223.4;124.9;4.3;0.0;858.0
8.3;270.0;58.3;32.2;0.0;983.0
8.4;730.9;3.4;1.2;34.0;7813.0
3.6;984.9;0.7;33.3;4.0;7813.0
0.0;985.0;27.6;0.1;0.0;7813.0
0.0;985.0;44.8;0.0;0.0;7813.0
0.0;985.0;44.8;0.0;0.0;7813.0
0.0;985.0;44.8;0.0;0.0;7813.0
0.0;985.0;44.8;0.0;0.0;7813.0
0.0;985.0;44.8;0.0;0.0;7813.0
8.3;1216.4;6.9;0.0;5.0;7950.0
8.4;1517.5;31.6;0.5;42.0;7980.0
7.3;1517.7;178.4;2.7;63.0;7980.0
14.6;1517.7;251.4;3.1;62.0;7980.0
15.5;1517.7;227.3;3.0;40.0;7980.0
8.3;1517.7;228.6;2.7;63.0;7980.0
11.9;1517.7;257.9;3.2;62.0;7980.0
6.2;1517.7;253.6;3.2;61.0;7980.0
8.3;1517.7;249.5;3.0;60.0;7980.0
8.4;1517.7;256.6;3.1;62.0;7980.0
10.7;1517.7;222.9;2.5;61.0;7980.0
8.4;1517.7;244.1;2.8;62.0;7980.0
8.3;1517.7;249.8;2.8;61.0;7980.0
8.4;1517.7;247.3;2.8;60.0;7980.0
4.8;1517.8;223.8;2.5;42.0;7980.0
8.4;1517.8;256.7;2.9;61.0;7980.0
9.6;1517.8;240.1;2.6;59.0;7980.0
9.5;1517.8;248.3;2.9;62.0;7980.0
11.9;1517.8;247.2;2.8;61.0;7980.0
7.1;1517.8;214.1;2.2;59.0;7980.0
10.8;1517.8;241.6;2.7;60.0;7980.0
8.3;1517.8;242.9;2.7;58.0;7980.0
10.7;1517.8;216.7;2.4;39.0;7980.0
8.4;1517.8;239.7;2.6;63.0;7980.0
10.7;1517.8;249.8;2.8;61.0;7980.0
3.1;1517.8;217.3;2.3;40.0;7980.0
8.4;1517.8;247.1;2.8;61.0;7980.0
9.5;1517.8;238.8;2.7;58.0;7980.0
6.0;1517.8;217.5;2.3;39.0;7980.0
10.4;1517.8;233.4;2.5;62.0;7980.0
10.4;1517.8;240.4;2.7;59.0;7980.0
9.6;1517.8;214.8;2.4;62.0;7980.0
7.2;1517.8;240.9;2.8;58.0;7980.0
8.4;1517.8;239.6;2.7;60.0;7980.0
8.3;1517.8;215.8;2.4;61.0;7980.0
9.6;1517.8;243.4;2.8;60.0;7980.0
4.7;1517.8;219.5;2.3;45.0;7980.0
8.4;1517.8;241.2;2.6;59.0;7980.0
7.3;1517.8;242.0;2.6;60.0;7980.0
7.3;1517.8;218.2;2.4;60.0;7980.0
8.4;1517.8;235.8;2.6;58.0;7980.0
5.9;1517.8;211.6;2.4;55.0;7980.0
10.8;1517.8;241.3;2.8;58.0;7980.0
8.3;1517.8;239.7;2.9;57.0;7980.0
10.7;1517.8;220.5;2.5;58.0;7980.0
9.6;1517.8;240.6;2.7;59.0;7980.0
8.3;1517.8;201.6;2.1;59.0;7980.0
10.4;1517.8;237.9;2.7;56.0;7980.0
4.2;1517.8;217.0;2.4;40.0;7980.0
7.2;1517.8;239.6;2.6;58.0;7980.0
4.8;1517.8;206.2;2.2;36.0;7980.0
10.8;1517.8;242.4;2.7;59.0;7980.0
8.4;1517.8;237.6;2.6;58.0;7980.0
7.1;1517.8;206.1;2.0;59.0;7980.0
4.8;1517.9;236.2;2.6;57.0;7980.0
8.3;1517.9;203.8;1.9;56.0;7980.0
8.4;1517.9;229.2;2.3;56.0;7980.0
7.3;1517.9;200.4;1.9;37.0;7980.0
10.7;1517.9;221.0;2.1;55.0;7980.0
8.4;1517.9;201.3;1.9;37.0;7980.0
7.1;1517.9;214.3;1.9;56.0;7980.0
6.2;1517.9;214.7;2.0;51.0;7980.0
6.0;1517.9;190.3;1.8;54.0;7980.0
8.3;1517.9;210.0;2.0;47.0;7980.0
7.2;1517.9;158.5;1.3;53.0;7980.0
8.3;1517.9;217.0;2.0;57.0;7980.0
7.2;1517.9;195.4;1.8;61.0;7980.0
7.2;1517.9;201.9;1.7;56.0;7980.0
8.4;1517.9;206.7;1.8;50.0;7980.0
4.8;1517.9;188.0;1.6;32.0;7980.0
10.4;1517.9;213.2;1.9;62.0;7980.0
4.8;1517.9;188.2;1.5;48.0;7980.0
8.3;1517.9;201.1;1.7;55.0;7980.0
8.4;1517.9;207.9;1.7;54.0;7980.0
4.2;1517.9;183.0;1.5;45.0;7980.0
9.5;1517.9;198.9;1.7;53.0;7980.0
8.4;1517.9;206.1;1.7;62.0;7980.0
8.3;1517.9;180.1;1.4;54.0;7980.0
6.0;1517.9;212.7;1.7;55.0;7980.0
7.3;1517.9;186.2;1.5;51.0;7980.0
9.5;1517.9;228.5;2.6;61.0;7980.0
8.4;1517.9;215.4;2.5;55.0;7980.0
8.3;1517.9;236.0;2.7;48.0;7980.0
10.4;1517.9;209.1;2.2;54.0;7980.0
10.8;1517.9;203.1;2.1;38.0;7980.0
8.4;1518.0;235.7;2.5;62.0;7980.0
10.8;1518.0;191.2;1.9;50.0;7980.0
7.3;1518.0;210.2;2.3;32.0;7980.0
7.3;1518.0;210.0;2.5;62.0;7980.0
7.1;1518.0;206.3;2.5;56.0;7980.0
7.2;1518.0;243.1;2.9;53.0;7980.0
10.7;1518.0;203.1;2.4;54.0;7980.0
3.6;1518.0;207.7;2.3;41.0;7980.0
7.2;1518.0;243.5;2.9;56.0;7980.0
0.0;1518.0;67.5;0.3;0.0;7980.0
8.4;1570.1;33.8;12.5;22.0;7980.0
10.7;1568.2;227.7;2.8;61.0;7980.0
10.4;1568.2;253.6;3.1;60.0;7980.0
8.4;1568.2;247.0;2.8;64.0;7980.0
8.3;1568.2;247.5;2.8;59.0;7980.0
8.4;1568.2;244.1;2.8;58.0;7980.0
8.3;1568.2;214.4;2.4;59.0;7980.0
8.4;1568.2;248.7;2.8;60.0;7980.0
8.4;1568.2;240.6;2.8;60.0;7980.0
9.6;1568.2;247.1;2.8;49.0;7980.0
8.3;1568.8;210.9;3.7;62.0;7980.0
12.5;1568.8;220.5;2.6;63.0;7980.0
6.0;1568.8;246.0;2.9;61.0;7980.0
9.5;1568.8;251.5;2.9;60.0;7980.0
7.2;1568.8;247.4;2.9;60.0;7980.0
7.3;1568.8;253.9;3.0;61.0;7980.0
8.3;1568.8;218.1;2.5;60.0;7980.0
8.4;1568.8;246.7;2.8;62.0;7980.0
8.3;1568.8;247.2;2.8;62.0;7980.0
11.5;1568.8;244.6;2.7;63.0;7980.0
7.3;1568.9;218.0;2.3;38.0;7980.0
9.5;1568.9;247.8;2.7;63.0;7980.0
7.2;1568.9;242.2;2.6;60.0;7980.0
8.3;1568.9;245.3;2.7;64.0;7980.0
5.2;1568.9;232.2;2.6;39.0;7980.0
14.3;1568.9;223.9;2.4;61.0;7980.0
3.6;1568.9;209.3;2.2;23.0;7980.0
9.6;1569.4;216.8;4.8;63.0;7980.0
10.4;1569.3;254.0;3.1;62.0;7980.0
3.6;1569.3;228.6;2.7;42.0;7980.0
9.5;1569.3;251.4;3.0;61.0;7980.0
9.6;1569.3;250.9;3.0;61.0;7980.0
8.3;1569.3;248.1;3.0;60.0;7980.0
7.2;1569.3;239.7;2.6;60.0;7980.0
3.6;1569.3;221.1;2.3;48.0;7980.0
10.7;1569.3;238.4;2.6;61.0;7980.0
10.8;1569.3;240.7;2.7;61.0;7980.0
8.3;1569.3;248.4;2.7;60.0;7980.0
8.3;1569.3;238.3;2.6;53.0;7980.0
8.4;1569.3;217.9;2.5;60.0;7980.0
