7.2;9.0;1.1;0.0;658.0


8.3;134.6;7.4;0.0;658.0


8.3;95.4;8.4;0.0;658.0


0.0;66.8;6.5;0.0;658.0


0.0;0.3;0.0;0.0;658.0


8.4;29.4;1.1;0.0;658.0


8.4;0.3;0.0;5.0;836.0


8.4;0.0;0.0;8.0;965.0


8.3;0.0;0.0;5.0;1109.0


8.4;0.2;0.0;5.0;1227.0


8.3;0.0;0.0;4.0;1403.0


8.4;70.2;67.7;3.0;1503.0


8.3;84.8;353.6;28.0;2123.0


29.1;0.0;0.0;70.0;2123.0


0.0;0.1;0.0;0.0;2123.0


0.0;0.3;0.0;0.0;2123.0


6.9;1189.2;52.0;0.0;2123.0


8.3;302.8;13.5;0.0;2123.0


8.3;0.0;0.0;0.0;2123.0


8.3;0.0;0.0;0.0;2123.0


8.3;0.0;0.0;0.0;2123.0


8.4;0.0;0.0;0.0;2123.0


8.4;0.0;0.0;0.0;2123.0


8.3;0.0;0.0;0.0;2123.0


8.4;0.0;0.0;0.0;2123.0


8.4;0.0;0.0;0.0;2123.0


8.4;0.0;0.0;0.0;2123.0


8.4;0.0;0.0;0.0;2123.0


8.4;0.0;0.0;0.0;2123.0


8.3;0.0;0.0;0.0;2123.0


8.3;0.0;0.0;0.0;2123.0


8.3;0.0;0.0;0.0;2123.0


8.3;0.0;0.0;0.0;2123.0


8.4;0.0;0.0;0.0;2123.0


8.3;0.0;0.0;0.0;2123.0


8.4;0.0;0.0;0.0;2123.0


8.4;0.0;0.0;0.0;2123.0


8.3;0.0;0.0;0.0;2123.0


0.0;0.1;0.0;0.0;2123.0


0.0;0.3;0.0;0.0;2123.0


9.6;1193.3;52.2;0.0;2123.0


8.4;298.3;13.3;0.0;2123.0


8.3;0.0;0.0;0.0;2123.0


8.4;0.0;0.0;0.0;2123.0


8.3;0.0;0.0;0.0;2123.0


8.4;0.0;0.0;0.0;2123.0


8.3;0.0;0.0;0.0;2123.0


8.4;0.0;0.0;0.0;2123.0


8.3;0.0;0.0;0.0;2123.0


8.3;0.0;0.0;0.0;2123.0


8.4;0.0;0.0;0.0;2123.0


8.3;0.0;0.0;0.0;2123.0


8.3;0.0;0.0;0.0;2123.0


8.3;0.0;0.0;0.0;2123.0


8.3;0.0;0.0;0.0;2123.0


8.3;0.0;0.0;0.0;2123.0


8.3;0.0;0.0;0.0;2123.0


8.4;0.0;0.0;0.0;2123.0


8.4;0.0;0.0;0.0;2123.0


8.3;0.0;0.0;0.0;2123.0


8.4;0.0;0.0;0.0;2123.0


8.3;1.0;0.3;0.0;2123.0


8.4;0.0;0.0;0.0;2123.0


8.3;0.0;0.0;0.0;2123.0


8.4;0.0;0.0;0.0;2123.0


8.3;0.0;0.0;0.0;2123.0


8.3;0.0;0.0;0.0;2123.0


8.3;0.0;0.0;0.0;2123.0


8.3;0.0;0.0;0.0;2123.0


8.3;0.0;0.0;0.0;2123.0


8.3;0.0;0.0;0.0;2123.0


8.4;0.0;0.0;0.0;2123.0


8.4;0.2;0.0;46.0;2125.0


50.0;0.0;0.0;44.0;2751.0


8.4;0.0;0.0;48.0;2751.0


8.3;0.0;0.0;47.0;2751.0


8.4;0.0;0.0;47.0;2751.0


8.4;0.0;0.0;48.0;2751.0


8.3;0.0;0.0;45.0;2751.0


8.4;0.0;0.0;46.0;2751.0


8.3;0.0;0.0;48.0;2751.0


8.4;0.0;0.0;48.0;2751.0


8.3;0.0;0.0;48.0;2751.0


8.4;0.0;0.0;48.0;2751.0


8.3;0.0;0.0;47.0;2751.0


7.1;3.7;0.3;30.0;2753.0


0.0;0.3;0.0;0.0;2753.0


5.9;225.6;9.6;0.0;2753.0


9.7;1265.9;55.6;0.0;2753.0


8.4;1.0;0.3;0.0;2753.0


8.3;0.0;0.0;0.0;2753.0


8.4;0.0;0.0;0.0;2753.0


8.3;0.0;0.0;0.0;2753.0


8.4;0.0;0.0;0.0;2753.0


8.4;0.0;0.0;0.0;2753.0


8.3;0.0;0.0;0.0;2753.0


8.4;0.0;0.0;0.0;2753.0


8.3;0.0;0.0;0.0;2753.0


8.4;0.0;0.0;0.0;2753.0


8.3;0.0;0.0;0.0;2753.0


8.3;0.0;0.0;0.0;2753.0


8.3;0.0;0.0;0.0;2753.0


8.3;0.0;0.0;0.0;2753.0


8.3;0.0;0.0;0.0;2753.0


8.3;0.0;0.0;0.0;2753.0


8.3;0.0;0.0;0.0;2753.0


8.3;0.0;0.0;0.0;2753.0


8.4;0.0;0.0;0.0;2753.0


8.4;0.0;0.0;0.0;2753.0


8.3;0.1;0.0;0.0;2753.0


0.0;0.3;0.0;0.0;2753.0


4.7;217.6;9.4;0.0;2753.0


7.2;1272.4;55.9;0.0;2753.0


8.4;1.0;0.3;0.0;2753.0


8.3;0.0;0.0;0.0;2753.0


8.4;0.0;0.0;0.0;2753.0


8.3;0.0;0.0;0.0;2753.0


8.4;0.0;0.0;0.0;2753.0


8.3;0.0;0.0;0.0;2753.0


8.4;0.0;0.0;0.0;2753.0


8.4;0.0;0.0;0.0;2753.0


8.3;0.0;0.0;0.0;2753.0


8.4;0.0;0.0;0.0;2753.0


8.3;0.0;0.0;0.0;2753.0


8.4;0.0;0.0;0.0;2753.0


8.4;0.0;0.0;0.0;2753.0


8.3;0.0;0.0;0.0;2753.0


8.4;0.0;0.0;0.0;2753.0


8.3;0.0;0.0;0.0;2753.0


8.4;0.0;0.0;0.0;2753.0


8.3;0.0;0.0;0.0;2753.0


8.4;0.0;0.0;0.0;2753.0


8.4;0.0;0.0;0.0;2753.0


8.3;1.0;0.3;0.0;2753.0


8.4;0.0;0.0;0.0;2753.0


8.3;0.0;0.0;0.0;2753.0


8.3;0.0;0.0;0.0;2753.0


8.3;0.0;0.0;0.0;2753.0


8.3;0.0;0.0;0.0;2753.0


8.3;0.0;0.0;0.0;2753.0


8.3;0.0;0.0;0.0;2753.0


6.9;0.0;0.0;1.0;2753.0


8.3;0.0;0.0;0.0;2753.0


7.3;0.0;0.0;0.0;2753.0


8.3;0.0;0.0;57.0;2757.0


26.0;0.0;0.0;36.0;2757.0


8.4;0.0;0.0;47.0;2757.0


8.3;0.0;0.0;45.0;2757.0


8.4;0.0;0.0;43.0;2757.0


7.0;0.0;0.0;46.0;2757.0


8.3;0.0;0.0;45.0;2757.0


8.4;0.0;0.0;47.0;2757.0


8.3;0.0;0.0;47.0;2757.0


8.4;0.0;0.0;47.0;2757.0


8.3;0.0;0.0;44.0;2757.0


7.2;0.0;0.0;39.0;2757.0


8.4;0.0;0.0;47.0;2757.0


8.3;0.0;0.0;46.0;2757.0


0.0;3.6;0.2;0.0;2757.0


0.0;0.3;0.0;0.0;2757.0


6.9;838.3;36.6;0.0;2757.0


8.4;654.6;29.0;0.0;2757.0


8.3;0.0;0.0;0.0;2757.0


8.4;0.0;0.0;0.0;2757.0


8.3;0.0;0.0;0.0;2757.0


8.4;0.0;0.0;0.0;2757.0


8.4;0.0;0.0;0.0;2757.0


8.4;0.0;0.0;0.0;2757.0


8.4;0.0;0.0;0.0;2757.0


8.3;0.0;0.0;0.0;2757.0


8.3;0.0;0.0;0.0;2757.0


8.3;0.0;0.0;0.0;2757.0


8.3;0.0;0.0;0.0;2757.0


8.3;0.0;0.0;0.0;2757.0


8.3;0.0;0.0;0.0;2757.0


8.3;0.0;0.0;0.0;2757.0


8.3;0.0;0.0;0.0;2757.0


8.3;0.0;0.0;0.0;2757.0


8.4;0.0;0.0;0.0;2757.0


8.3;0.0;0.0;0.0;2757.0


8.4;0.0;0.0;0.0;2757.0


8.3;0.0;0.0;0.0;2757.0


0.0;0.1;0.0;0.0;2757.0


0.0;0.3;0.0;0.0;2757.0


9.6;857.4;37.4;0.0;2757.0


8.4;634.5;28.1;0.0;2757.0


8.3;0.0;0.0;0.0;2757.0


8.4;0.0;0.0;0.0;2757.0


8.3;0.0;0.0;0.0;2757.0


8.3;0.0;0.0;0.0;2757.0


8.3;0.0;0.0;0.0;2757.0


8.4;0.0;0.0;0.0;2757.0


8.4;0.0;0.0;0.0;2757.0


8.3;0.0;0.0;0.0;2757.0


8.3;0.0;0.0;0.0;2757.0


8.3;0.0;0.0;0.0;2757.0


8.3;0.0;0.0;0.0;2757.0


8.4;0.0;0.0;0.0;2757.0


8.3;0.0;0.0;0.0;2757.0


8.4;0.0;0.0;0.0;2757.0


8.4;0.0;0.0;0.0;2757.0


8.4;0.0;0.0;0.0;2757.0


8.4;0.0;0.0;0.0;2757.0


8.4;0.0;0.0;0.0;2757.0


8.4;0.0;0.0;0.0;2757.0


8.3;0.0;0.0;0.0;2757.0


8.4;1.0;0.3;0.0;2757.0


8.3;0.0;0.0;0.0;2757.0


8.3;0.0;0.0;0.0;2757.0


8.4;0.0;0.0;0.0;2757.0


8.3;0.0;0.0;0.0;2757.0


8.3;0.0;0.0;0.0;2757.0


8.3;0.0;0.0;0.0;2757.0


8.3;0.0;0.0;0.0;2757.0


8.4;0.0;0.0;0.0;2757.0


8.3;0.0;0.0;0.0;2757.0


8.4;0.0;0.0;35.0;2757.0


42.9;0.0;0.0;44.0;2757.0


8.4;0.0;0.0;47.0;2757.0


8.3;0.0;0.0;46.0;2757.0


8.4;0.0;0.0;47.0;2757.0


8.4;0.0;0.0;46.0;2757.0


8.3;0.0;0.0;47.0;2757.0


8.4;0.0;0.0;48.0;2757.0


8.3;0.0;0.0;47.0;2757.0


8.3;0.0;0.0;46.0;2757.0


8.3;0.0;0.0;46.0;2757.0


8.4;0.0;0.0;47.0;2757.0


8.4;0.0;0.0;46.0;2757.0


5.5;3.6;0.2;25.0;2757.0


0.0;0.3;0.0;0.0;2757.0


4.7;228.3;9.8;0.0;2757.0


9.5;1263.1;55.5;0.0;2757.0


8.4;1.0;0.3;0.0;2757.0


8.3;0.0;0.0;0.0;2757.0


8.4;0.0;0.0;0.0;2757.0


8.4;0.0;0.0;0.0;2757.0


8.4;0.0;0.0;0.0;2757.0


8.4;0.0;0.0;0.0;2757.0


8.4;0.0;0.0;0.0;2757.0


8.4;0.0;0.0;0.0;2757.0


8.3;0.0;0.0;0.0;2757.0


8.4;0.0;0.0;0.0;2757.0


8.3;0.0;0.0;0.0;2757.0


8.3;0.0;0.0;0.0;2757.0


8.4;0.0;0.0;0.0;2757.0


8.3;0.0;0.0;0.0;2757.0


8.4;0.0;0.0;0.0;2757.0


8.3;0.0;0.0;0.0;2757.0


8.3;0.0;0.0;0.0;2757.0


8.4;0.0;0.0;0.0;2757.0


8.3;0.0;0.0;0.0;2757.0


8.4;0.0;0.0;0.0;2757.0


5.5;0.1;0.0;0.0;2757.0


0.0;0.3;0.0;0.0;2757.0


5.2;228.4;9.7;0.0;2757.0


9.7;1263.7;55.5;0.0;2757.0


8.4;1.0;0.3;0.0;2757.0


8.3;0.0;0.0;0.0;2757.0


8.3;0.0;0.0;0.0;2757.0


8.3;0.0;0.0;0.0;2757.0


8.3;0.0;0.0;0.0;2757.0


8.3;0.0;0.0;0.0;2757.0


8.3;0.0;0.0;0.0;2757.0


8.3;0.0;0.0;0.0;2757.0


8.3;0.0;0.0;0.0;2757.0


8.3;0.0;0.0;0.0;2757.0


8.3;0.0;0.0;0.0;2757.0


8.3;0.0;0.0;0.0;2757.0


8.4;0.0;0.0;0.0;2757.0


8.3;0.0;0.0;0.0;2757.0


8.4;0.0;0.0;0.0;2757.0


8.4;0.0;0.0;0.0;2757.0


8.4;0.0;0.0;0.0;2757.0


8.4;0.0;0.0;0.0;2757.0


8.4;0.0;0.0;0.0;2757.0


8.4;0.0;0.0;0.0;2757.0


8.3;1.0;0.3;0.0;2757.0


8.4;0.0;0.0;0.0;2757.0


8.3;0.0;0.0;0.0;2757.0


8.3;0.0;0.0;0.0;2757.0


8.4;0.0;0.0;0.0;2757.0


8.3;0.0;0.0;0.0;2757.0


8.4;0.0;0.0;0.0;2757.0


8.3;0.0;0.0;0.0;2757.0


8.3;0.0;0.0;0.0;2757.0


8.4;0.0;0.0;0.0;2757.0


8.3;0.0;0.0;0.0;2757.0


8.4;0.0;0.0;66.0;2757.0


32.2;0.0;0.0;37.0;2757.0


8.4;0.0;0.0;47.0;2757.0


8.3;0.0;0.0;46.0;2757.0


8.3;0.0;0.0;47.0;2757.0


8.4;0.0;0.0;47.0;2757.0


8.3;0.0;0.0;48.0;2757.0


8.3;0.0;0.0;47.0;2757.0


8.3;0.0;0.0;48.0;2757.0


8.3;0.0;0.0;31.0;2757.0


8.4;0.0;0.0;47.0;2757.0


8.3;0.0;0.0;48.0;2757.0


