8.3;1.6;0.2;0.0;550.0


8.3;127.4;7.4;0.0;550.0


8.4;94.4;7.7;0.0;550.0


0.0;82.4;8.1;0.0;550.0


0.0;0.3;0.0;0.0;550.0


8.3;28.5;1.1;0.0;550.0


8.3;0.3;0.0;8.0;727.0


8.3;0.0;0.0;5.0;867.0


8.3;0.0;0.0;6.0;1009.0


8.3;0.2;0.0;4.0;1119.0


8.3;0.0;0.0;3.0;1297.0


8.4;70.2;67.7;1.0;1421.0


8.3;84.8;353.6;19.0;1955.0


14.2;0.1;0.0;54.0;1955.0


0.0;0.3;0.0;0.0;1955.0


1.2;13.2;0.2;0.0;1955.0


0.0;0.3;0.0;0.0;1955.0


4.2;14.4;0.4;0.0;1955.0


8.3;1.2;0.3;40.0;2053.0


8.4;0.0;0.0;30.0;2151.0


8.3;0.0;0.0;32.0;2249.0


8.3;0.0;0.0;36.0;2347.0


8.3;0.0;0.0;36.0;4797.0


50.2;0.0;0.0;48.0;4797.0


8.3;0.0;0.0;54.0;4797.0


8.3;0.0;0.0;55.0;4797.0


8.3;0.0;0.0;54.0;4797.0


8.3;0.0;0.0;53.0;4797.0


8.3;0.0;0.0;54.0;4797.0


8.4;0.0;0.0;55.0;4797.0


8.3;0.0;0.0;54.0;4797.0


8.4;0.0;0.0;54.0;4797.0


8.3;0.0;0.0;55.0;4797.0


8.4;0.0;0.0;55.0;4797.0


8.4;0.0;0.0;54.0;4797.0


8.4;0.0;0.0;55.0;4797.0


0.0;10.6;0.8;0.0;4797.0


0.0;0.3;0.0;0.0;4797.0


0.0;13.9;0.2;0.0;4797.0


0.0;0.3;0.0;0.0;4797.0


8.3;16.2;0.7;28.0;4819.0


8.4;0.0;0.0;43.0;4819.0


8.3;0.0;0.0;43.0;4819.0


8.4;0.0;0.0;57.0;4819.0


49.7;0.0;0.0;48.0;4819.0


8.3;0.0;0.0;55.0;4819.0


8.4;0.0;0.0;54.0;4819.0


8.3;0.0;0.0;54.0;4819.0


8.4;0.0;0.0;53.0;4819.0


8.3;0.0;0.0;54.0;4819.0


8.4;0.0;0.0;54.0;4819.0


8.3;0.0;0.0;54.0;4819.0


8.3;0.0;0.0;54.0;4819.0


8.4;0.0;0.0;54.0;4819.0


8.3;0.0;0.0;54.0;4819.0


8.3;0.0;0.0;54.0;4819.0


8.3;0.0;0.0;54.0;4819.0


0.0;10.6;0.8;0.0;4819.0


0.0;0.3;0.0;0.0;4819.0


0.0;13.9;0.2;0.0;4819.0


0.0;0.3;0.0;0.0;4819.0


8.3;16.0;0.7;31.0;4819.0


8.3;0.0;0.0;43.0;4819.0


8.3;0.0;0.0;43.0;4819.0


37.9;0.0;0.0;56.0;4819.0


8.3;0.0;0.0;55.0;4819.0


8.3;0.0;0.0;55.0;4819.0


8.4;0.0;0.0;54.0;4819.0


8.3;0.0;0.0;52.0;4819.0


8.4;0.0;0.0;54.0;4819.0


8.4;0.0;0.0;54.0;4819.0


8.4;0.0;0.0;54.0;4819.0


8.4;0.0;0.0;55.0;4819.0


8.3;0.0;0.0;52.0;4819.0


8.4;0.0;0.0;54.0;4819.0


8.3;0.0;0.0;55.0;4819.0


8.3;0.0;0.0;54.0;4819.0


8.4;0.0;0.0;24.0;4819.0


0.0;10.9;0.8;0.0;4819.0


0.0;14.1;0.2;0.0;4819.0


0.0;0.3;0.0;0.0;4819.0


3.6;15.1;0.4;0.0;4819.0


8.4;1.0;0.3;43.0;4819.0


8.3;0.0;0.0;42.0;4819.0


8.4;0.0;0.0;43.0;4819.0


49.7;0.0;0.0;47.0;4819.0


8.4;0.0;0.0;55.0;4819.0


8.4;0.0;0.0;54.0;4819.0


8.3;0.0;0.0;54.0;4819.0


8.4;0.0;0.0;54.0;4819.0


8.3;0.0;0.0;54.0;4819.0


8.3;0.0;0.0;54.0;4819.0


8.3;0.0;0.0;55.0;4819.0


8.3;0.0;0.0;54.0;4819.0


8.4;0.0;0.0;55.0;4819.0


8.3;0.0;0.0;54.0;4819.0


8.4;0.0;0.0;53.0;4819.0


8.3;0.0;0.0;37.0;4819.0


5.5;10.6;0.8;26.0;4819.0


0.0;0.3;0.0;0.0;4819.0


0.0;13.7;0.2;0.0;4819.0


0.0;0.3;0.0;0.0;4819.0


4.8;14.9;0.4;0.0;4819.0


8.3;1.0;0.3;43.0;4819.0


8.4;0.0;0.0;43.0;4819.0


8.3;0.0;0.0;43.0;4819.0


50.2;0.0;0.0;32.0;4819.0


8.4;0.0;0.0;54.0;4819.0


8.4;0.0;0.0;54.0;4819.0


8.3;0.0;0.0;54.0;4819.0


8.3;0.0;0.0;54.0;4819.0


8.3;0.0;0.0;54.0;4819.0


8.3;0.0;0.0;54.0;4819.0


8.3;0.0;0.0;54.0;4819.0


8.3;0.0;0.0;54.0;4819.0


8.4;0.0;0.0;55.0;4819.0


8.4;0.0;0.0;55.0;4819.0


8.3;0.0;0.0;54.0;4819.0


8.4;0.0;0.0;55.0;4819.0


0.0;10.6;0.8;0.0;4819.0


0.0;0.3;0.0;0.0;4819.0


0.0;15.2;0.2;0.0;4819.0


0.0;0.3;0.0;0.0;4819.0


8.4;16.4;0.7;9.0;4819.0


8.3;0.0;0.0;43.0;4819.0


8.4;0.0;0.0;42.0;4819.0


8.3;0.0;0.0;47.0;4819.0


50.2;0.0;0.0;40.0;4819.0


8.3;0.0;0.0;54.0;4819.0


8.3;0.0;0.0;53.0;4819.0


8.4;0.0;0.0;53.0;4819.0


8.3;0.0;0.0;54.0;4819.0


8.3;0.0;0.0;54.0;4819.0


8.3;0.0;0.0;54.0;4819.0


8.3;0.0;0.0;54.0;4819.0


8.3;0.0;0.0;54.0;4819.0


8.3;0.0;0.0;54.0;4819.0


8.4;0.0;0.0;53.0;4819.0


8.4;0.0;0.0;55.0;4819.0


8.3;0.0;0.0;54.0;4819.0


0.0;10.6;0.8;0.0;4819.0


0.0;0.3;0.0;0.0;4819.0


0.0;12.9;0.2;0.0;4819.0


0.0;0.3;0.0;0.0;4819.0


8.4;16.0;0.7;20.0;4819.0


8.3;0.0;0.0;43.0;4819.0


8.3;0.0;0.0;43.0;4819.0


18.8;0.0;0.0;50.0;4819.0


29.2;0.0;0.0;53.0;4819.0


8.3;0.0;0.0;55.0;4819.0


8.3;0.0;0.0;54.0;4819.0


8.4;0.0;0.0;54.0;4819.0


8.4;0.0;0.0;54.0;4819.0


8.3;0.0;0.0;54.0;4819.0


8.4;0.0;0.0;54.0;4819.0


8.3;0.0;0.0;55.0;4819.0


8.4;0.0;0.0;54.0;4819.0


8.4;0.0;0.0;54.0;4819.0


8.3;0.0;0.0;55.0;4819.0


8.4;0.0;0.0;55.0;4819.0


8.3;0.0;0.0;38.0;4819.0


0.0;10.6;0.8;0.0;4819.0


0.0;0.3;0.0;0.0;4819.0


0.0;13.8;0.2;0.0;4819.0


0.0;0.3;0.0;0.0;4819.0


8.3;15.7;0.7;43.0;4819.0


8.4;0.0;0.0;43.0;4819.0


8.3;0.0;0.0;43.0;4819.0


42.9;0.0;0.0;39.0;4819.0


8.3;0.0;0.0;52.0;4819.0


8.3;0.0;0.0;54.0;4819.0


8.4;0.0;0.0;54.0;4819.0


8.3;0.0;0.0;54.0;4819.0


8.4;0.0;0.0;53.0;4819.0


8.4;0.0;0.0;54.0;4819.0


8.3;0.0;0.0;55.0;4819.0


8.4;0.0;0.0;54.0;4819.0


8.3;0.0;0.0;55.0;4819.0


8.4;0.0;0.0;54.0;4819.0


8.3;0.0;0.0;55.0;4819.0


8.3;0.0;0.0;54.0;4819.0


8.3;0.0;0.0;54.0;4819.0


0.0;10.6;0.8;0.0;4819.0


0.0;0.3;0.0;0.0;4819.0


0.0;13.7;0.2;0.0;4819.0


0.0;0.3;0.0;0.0;4819.0


8.3;15.5;0.7;37.0;4819.0


8.4;0.0;0.0;43.0;4819.0


8.3;0.0;0.0;42.0;4819.0


36.0;0.0;0.0;55.0;4819.0


8.4;0.0;0.0;55.0;4819.0


8.3;0.0;0.0;54.0;4819.0


8.4;0.0;0.0;54.0;4819.0


8.4;0.0;0.0;54.0;4819.0


8.3;0.0;0.0;54.0;4819.0


8.4;0.0;0.0;54.0;4819.0


8.3;0.0;0.0;55.0;4819.0


8.4;0.0;0.0;54.0;4819.0


8.3;0.0;0.0;54.0;4819.0


8.4;0.0;0.0;55.0;4819.0


8.4;0.0;0.0;54.0;4819.0


8.3;0.0;0.0;55.0;4819.0


8.3;10.6;0.8;13.0;4819.0


0.0;0.3;0.0;0.0;4819.0


0.0;14.4;0.2;0.0;4819.0


0.0;0.3;0.0;0.0;4819.0


4.7;14.7;0.4;0.0;4819.0


8.4;1.0;0.3;43.0;4819.0


8.3;0.0;0.0;43.0;4819.0


8.4;0.0;0.0;43.0;4819.0


49.7;0.0;0.0;46.0;4819.0


8.4;0.0;0.0;55.0;4819.0


8.4;0.0;0.0;54.0;4819.0


8.3;0.0;0.0;54.0;4819.0


8.4;0.0;0.0;54.0;4819.0


8.3;0.0;0.0;53.0;4819.0


8.3;0.0;0.0;53.0;4819.0


8.3;0.0;0.0;54.0;4819.0


8.3;0.0;0.0;54.0;4819.0


8.3;0.0;0.0;55.0;4819.0


8.3;0.0;0.0;54.0;4819.0


8.3;0.0;0.0;55.0;4819.0


8.4;0.0;0.0;55.0;4819.0


4.2;10.6;0.8;21.0;4819.0


0.0;0.3;0.0;0.0;4819.0


0.0;14.9;0.2;0.0;4819.0


0.0;0.3;0.0;0.0;4819.0


5.2;16.5;0.7;0.0;4819.0


8.3;0.0;0.0;43.0;4819.0


8.4;0.0;0.0;43.0;4819.0


8.3;0.0;0.0;43.0;4819.0


50.2;0.0;0.0;32.0;4819.0


8.3;0.0;0.0;55.0;4819.0


8.3;0.0;0.0;55.0;4819.0


8.3;0.0;0.0;55.0;4819.0


8.4;0.0;0.0;55.0;4819.0


8.4;0.0;0.0;55.0;4819.0


8.3;0.0;0.0;54.0;4819.0


8.3;0.0;0.0;55.0;4819.0


8.3;0.0;0.0;55.0;4819.0


8.3;0.0;0.0;55.0;4819.0


8.4;0.0;0.0;55.0;4819.0


8.3;0.0;0.0;55.0;4819.0


8.4;0.0;0.0;55.0;4819.0


0.0;10.6;0.8;1.0;4819.0


0.0;0.3;0.0;0.0;4819.0


0.0;14.6;0.2;0.0;4819.0


0.0;0.3;0.0;0.0;4819.0


8.4;16.1;0.7;15.0;4819.0


8.3;0.0;0.0;43.0;4819.0


8.3;0.0;0.0;43.0;4819.0


8.3;0.0;0.0;44.0;4819.0


50.2;0.0;0.0;41.0;4819.0


8.3;0.0;0.0;55.0;4819.0


8.3;0.0;0.0;55.0;4819.0


8.4;0.0;0.0;55.0;4819.0


8.3;0.0;0.0;54.0;4819.0


8.3;0.0;0.0;54.0;4819.0


8.3;0.0;0.0;55.0;4819.0


8.3;0.0;0.0;55.0;4819.0


8.4;0.0;0.0;54.0;4819.0


8.3;0.0;0.0;54.0;4819.0


8.4;0.0;0.0;55.0;4819.0


8.3;0.0;0.0;55.0;4819.0


8.4;0.0;0.0;55.0;4819.0


0.0;10.6;0.8;0.0;4819.0


0.0;0.3;0.0;0.0;4819.0


0.0;14.3;0.2;0.0;4819.0


0.0;0.3;0.0;0.0;4819.0


8.3;16.3;0.7;36.0;4819.0


8.4;0.0;0.0;43.0;4819.0


8.3;0.0;0.0;43.0;4819.0


38.2;0.0;0.0;56.0;4819.0


8.3;0.0;0.0;55.0;4819.0


8.3;0.0;0.0;54.0;4819.0


8.3;0.0;0.0;55.0;4819.0


8.3;0.0;0.0;54.0;4819.0


8.4;0.0;0.0;54.0;4819.0


8.3;0.0;0.0;54.0;4819.0


8.4;0.0;0.0;55.0;4819.0


8.4;0.0;0.0;54.0;4819.0


8.3;0.0;0.0;54.0;4819.0


8.4;0.0;0.0;54.0;4819.0


8.4;0.0;0.0;55.0;4819.0


8.4;0.0;0.0;55.0;4819.0


7.1;10.6;0.8;6.0;4819.0


0.0;0.3;0.0;0.0;4819.0


0.0;14.3;0.2;0.0;4819.0


0.0;0.3;0.0;0.0;4819.0


4.8;14.8;0.4;0.0;4819.0


8.3;1.0;0.3;43.0;4819.0


8.4;0.0;0.0;43.0;4819.0


8.4;0.0;0.0;43.0;4819.0


50.0;0.0;0.0;45.0;4819.0


8.4;0.0;0.0;55.0;4819.0


8.3;0.0;0.0;55.0;4819.0


8.4;0.0;0.0;55.0;4819.0


8.4;0.0;0.0;55.0;4819.0


8.4;0.0;0.0;54.0;4819.0


8.4;0.0;0.0;55.0;4819.0


