8.4;0.4;0.0;0.0;550.0


8.4;128.6;7.6;0.0;550.0


6.9;94.4;7.7;0.0;550.0


0.0;82.4;8.1;0.0;550.0


0.0;0.3;0.0;0.0;550.0


8.3;28.1;1.1;0.0;550.0


8.4;0.3;0.0;4.0;729.0


8.3;0.0;0.0;5.0;861.0


8.3;0.0;0.0;5.0;1011.0


8.4;0.2;0.0;4.0;1123.0


8.3;0.0;0.0;6.0;1299.0


8.4;70.2;67.7;3.0;1747.0


8.3;84.8;353.6;33.0;2017.0


26.3;0.0;0.0;69.0;2017.0


0.0;0.1;0.0;0.0;2017.0


0.0;0.3;0.0;0.0;2017.0


0.0;14.4;0.2;0.0;2017.0


0.0;0.3;0.0;0.0;2017.0


8.4;16.8;0.7;44.0;2089.0


8.3;0.0;0.0;34.0;2189.0


8.3;0.0;0.0;36.0;2291.0


8.4;0.0;0.0;32.0;2393.0


8.3;0.0;0.0;44.0;4819.0


49.9;0.0;0.0;34.0;4819.0


8.3;0.0;0.0;55.0;4819.0


8.3;0.0;0.0;55.0;4819.0


8.4;0.0;0.0;55.0;4819.0


8.3;0.0;0.0;55.0;4819.0


8.4;0.0;0.0;54.0;4819.0


8.3;0.0;0.0;55.0;4819.0


8.4;0.0;0.0;54.0;4819.0


8.3;0.0;0.0;55.0;4819.0


8.3;0.0;0.0;55.0;4819.0


8.4;0.0;0.0;55.0;4819.0


8.3;0.0;0.0;55.0;4819.0


8.3;0.0;0.0;55.0;4819.0


0.0;10.6;0.8;0.0;4819.0


0.0;0.3;0.0;0.0;4819.0


0.0;14.4;0.2;0.0;4819.0


0.0;0.3;0.0;0.0;4819.0


8.4;16.2;0.7;8.0;4841.0


8.3;0.0;0.0;43.0;4841.0


8.3;0.0;0.0;44.0;4841.0


8.3;0.0;0.0;47.0;4841.0


43.8;0.0;0.0;53.0;4841.0


8.4;0.0;0.0;54.0;4841.0


8.3;0.0;0.0;55.0;4841.0


8.4;0.0;0.0;55.0;4841.0


8.4;0.0;0.0;54.0;4841.0


8.4;0.0;0.0;55.0;4841.0


8.4;0.0;0.0;54.0;4841.0


8.4;0.0;0.0;55.0;4841.0


8.4;0.0;0.0;55.0;4841.0


8.3;0.0;0.0;55.0;4841.0


8.3;0.0;0.0;55.0;4841.0


8.3;0.0;0.0;55.0;4841.0


8.3;0.0;0.0;36.0;4841.0


0.0;10.9;0.8;0.0;4841.0


0.0;14.0;0.2;0.0;4841.0


0.0;0.3;0.0;0.0;4841.0


4.2;14.5;0.4;0.0;4841.0


8.3;1.0;0.3;44.0;4841.0


8.3;0.0;0.0;43.0;4841.0


8.3;0.0;0.0;44.0;4841.0


50.2;0.0;0.0;35.0;4841.0


8.3;0.0;0.0;55.0;4841.0


8.4;0.0;0.0;54.0;4841.0


8.3;0.0;0.0;54.0;4841.0


8.4;0.0;0.0;53.0;4841.0


8.4;0.0;0.0;54.0;4841.0


8.3;0.0;0.0;54.0;4841.0


8.3;0.0;0.0;54.0;4841.0


8.3;0.0;0.0;54.0;4841.0


8.3;0.0;0.0;54.0;4841.0


8.4;0.0;0.0;54.0;4841.0


8.3;0.0;0.0;54.0;4841.0


8.3;0.0;0.0;54.0;4841.0


0.0;10.6;0.8;4.0;4841.0


0.0;0.3;0.0;0.0;4841.0


0.0;14.2;0.2;0.0;4841.0


0.0;0.3;0.0;0.0;4841.0


8.4;17.5;0.7;20.0;4841.0


8.3;0.0;0.0;44.0;4841.0


8.4;0.0;0.0;44.0;4841.0


8.4;0.0;0.0;43.0;4841.0


50.2;0.0;0.0;48.0;4841.0


8.4;0.0;0.0;55.0;4841.0


8.4;0.0;0.0;54.0;4841.0


8.4;0.0;0.0;54.0;4841.0


8.3;0.0;0.0;53.0;4841.0


8.3;0.0;0.0;55.0;4841.0


8.3;0.0;0.0;55.0;4841.0


8.3;0.0;0.0;54.0;4841.0


8.4;0.0;0.0;55.0;4841.0


8.3;0.0;0.0;55.0;4841.0


8.4;0.0;0.0;55.0;4841.0


8.3;0.0;0.0;54.0;4841.0


8.3;0.0;0.0;55.0;4841.0


0.0;10.6;0.8;0.0;4841.0


0.0;0.3;0.0;0.0;4841.0


0.0;12.4;0.2;0.0;4841.0


0.0;0.3;0.0;0.0;4841.0


8.4;15.9;0.7;30.0;4841.0


8.4;0.0;0.0;43.0;4841.0


8.4;0.0;0.0;42.0;4841.0


14.3;0.0;0.0;57.0;4841.0


32.0;0.0;0.0;46.0;4841.0


8.3;0.0;0.0;55.0;4841.0


8.3;0.0;0.0;54.0;4841.0


8.3;0.0;0.0;55.0;4841.0


8.4;0.0;0.0;54.0;4841.0


8.3;0.0;0.0;55.0;4841.0


8.3;0.0;0.0;54.0;4841.0


8.3;0.0;0.0;54.0;4841.0


8.3;0.0;0.0;55.0;4841.0


8.3;0.0;0.0;54.0;4841.0


8.3;0.0;0.0;54.0;4841.0


8.4;0.0;0.0;55.0;4841.0


8.3;0.0;0.0;12.0;4841.0


0.0;10.9;0.8;0.0;4841.0


1.2;14.0;0.2;0.0;4841.0


0.0;0.3;0.0;0.0;4841.0


4.2;15.1;0.4;0.0;4841.0


8.4;1.0;0.3;43.0;4841.0


8.4;0.0;0.0;44.0;4841.0


8.3;0.0;0.0;43.0;4841.0


50.2;0.0;0.0;43.0;4841.0


8.3;0.0;0.0;54.0;4841.0


8.3;0.0;0.0;54.0;4841.0


8.4;0.0;0.0;54.0;4841.0


8.3;0.0;0.0;55.0;4841.0


8.4;0.0;0.0;53.0;4841.0


8.4;0.0;0.0;54.0;4841.0


8.3;0.0;0.0;54.0;4841.0


8.4;0.0;0.0;53.0;4841.0


8.3;0.0;0.0;54.0;4841.0


8.4;0.0;0.0;55.0;4841.0


8.4;0.0;0.0;55.0;4841.0


8.3;0.0;0.0;54.0;4841.0


0.0;10.6;0.8;0.0;4841.0


0.0;0.3;0.0;0.0;4841.0


0.0;14.8;0.2;0.0;4841.0


0.0;0.3;0.0;0.0;4841.0


8.4;15.8;0.7;3.0;4841.0


8.3;0.0;0.0;44.0;4841.0


8.3;0.0;0.0;43.0;4841.0


8.4;0.0;0.0;44.0;4841.0


49.7;0.0;0.0;53.0;4841.0


8.3;0.0;0.0;55.0;4841.0


8.3;0.0;0.0;55.0;4841.0


8.3;0.0;0.0;54.0;4841.0


8.3;0.0;0.0;54.0;4841.0


8.3;0.0;0.0;54.0;4841.0


8.4;0.0;0.0;54.0;4841.0


8.4;0.0;0.0;54.0;4841.0


8.3;0.0;0.0;53.0;4841.0


8.4;0.0;0.0;54.0;4841.0


8.3;0.0;0.0;55.0;4841.0


8.4;0.0;0.0;55.0;4841.0


8.3;0.0;0.0;55.0;4841.0


0.0;10.6;0.8;0.0;4841.0


0.0;0.3;0.0;0.0;4841.0


0.0;14.7;0.2;0.0;4841.0


0.0;0.3;0.0;0.0;4841.0


8.3;16.7;0.7;44.0;4841.0


8.3;0.0;0.0;43.0;4841.0


8.3;0.0;0.0;43.0;4841.0


50.2;0.0;0.0;33.0;4841.0


8.4;0.0;0.0;53.0;4841.0


8.3;0.0;0.0;55.0;4841.0


8.4;0.0;0.0;54.0;4841.0


8.3;0.0;0.0;54.0;4841.0


8.4;0.0;0.0;54.0;4841.0


8.4;0.0;0.0;54.0;4841.0


8.3;0.0;0.0;55.0;4841.0


8.4;0.0;0.0;54.0;4841.0


8.3;0.0;0.0;55.0;4841.0


8.4;0.0;0.0;55.0;4841.0


8.3;0.0;0.0;55.0;4841.0


8.4;0.0;0.0;55.0;4841.0


8.3;0.0;0.0;50.0;4841.0


0.0;10.9;0.8;0.0;4841.0


1.2;14.5;0.2;0.0;4841.0


0.0;0.3;0.0;0.0;4841.0


4.2;14.8;0.4;1.0;4841.0


8.3;1.0;0.3;43.0;4841.0


8.3;0.0;0.0;44.0;4841.0


8.4;0.0;0.0;43.0;4841.0


49.7;0.0;0.0;34.0;4841.0


8.4;0.0;0.0;55.0;4841.0


8.3;0.0;0.0;55.0;4841.0


8.3;0.0;0.0;54.0;4841.0


8.4;0.0;0.0;54.0;4841.0


8.3;0.0;0.0;55.0;4841.0


8.4;0.0;0.0;54.0;4841.0


8.3;0.0;0.0;41.0;4841.0


8.3;0.0;0.0;55.0;4841.0


8.3;0.0;0.0;54.0;4841.0


8.4;0.0;0.0;53.0;4841.0


8.3;0.0;0.0;54.0;4841.0


8.3;0.0;0.0;55.0;4841.0


0.0;10.6;0.8;0.0;4841.0


0.0;0.3;0.0;0.0;4841.0


0.0;13.8;0.2;0.0;4841.0


0.0;0.3;0.0;0.0;4841.0


8.3;16.4;0.7;7.0;4841.0


8.4;0.0;0.0;43.0;4841.0


8.3;0.0;0.0;43.0;4841.0


8.4;0.0;0.0;43.0;4841.0


50.2;0.0;0.0;33.0;4841.0


8.3;0.0;0.0;55.0;4841.0


8.4;0.0;0.0;54.0;4841.0


8.3;0.0;0.0;54.0;4841.0


8.4;0.0;0.0;54.0;4841.0


8.3;0.0;0.0;54.0;4841.0


8.4;0.0;0.0;55.0;4841.0


8.4;0.0;0.0;55.0;4841.0


8.3;0.0;0.0;54.0;4841.0


8.3;0.0;0.0;54.0;4841.0


8.3;0.0;0.0;55.0;4841.0


8.3;0.0;0.0;55.0;4841.0


8.4;0.0;0.0;54.0;4841.0


0.0;10.6;0.8;0.0;4841.0


0.0;0.3;0.0;0.0;4841.0


0.0;14.3;0.2;0.0;4841.0


0.0;0.3;0.0;0.0;4841.0


8.4;15.9;0.7;8.0;4841.0


8.4;0.0;0.0;44.0;4841.0


8.4;0.0;0.0;44.0;4841.0


8.3;0.0;0.0;49.0;4841.0


44.2;0.0;0.0;50.0;4841.0


8.3;0.0;0.0;55.0;4841.0


8.3;0.0;0.0;55.0;4841.0


8.3;0.0;0.0;54.0;4841.0


8.3;0.0;0.0;55.0;4841.0


8.3;0.0;0.0;55.0;4841.0


8.3;0.0;0.0;55.0;4841.0


8.3;0.0;0.0;55.0;4841.0


8.3;0.0;0.0;54.0;4841.0


8.3;0.0;0.0;55.0;4841.0


8.4;0.0;0.0;55.0;4841.0


8.3;0.0;0.0;55.0;4841.0


8.4;0.0;0.0;32.0;4841.0


0.0;10.6;0.8;0.0;4841.0


0.0;0.3;0.0;0.0;4841.0


0.0;14.5;0.2;0.0;4841.0


0.0;0.3;0.0;0.0;4841.0


8.4;15.3;0.7;44.0;4841.0


8.3;0.0;0.0;43.0;4841.0


8.3;0.0;0.0;44.0;4841.0


49.9;0.0;0.0;32.0;4841.0


8.4;0.0;0.0;55.0;4841.0


8.4;0.0;0.0;55.0;4841.0


8.3;0.0;0.0;55.0;4841.0


8.3;0.0;0.0;55.0;4841.0


8.3;0.0;0.0;54.0;4841.0


8.3;0.0;0.0;55.0;4841.0


8.4;0.0;0.0;55.0;4841.0


8.3;0.0;0.0;55.0;4841.0


8.4;0.0;0.0;54.0;4841.0


8.3;0.0;0.0;54.0;4841.0


8.4;0.0;0.0;54.0;4841.0


8.4;0.0;0.0;55.0;4841.0


0.0;10.6;0.8;14.0;4841.0


0.0;0.3;0.0;0.0;4841.0


0.0;14.5;0.2;0.0;4841.0


0.0;0.3;0.0;0.0;4841.0


8.3;17.1;0.7;19.0;4841.0


8.3;0.0;0.0;44.0;4841.0


8.4;0.0;0.0;43.0;4841.0


8.3;0.0;0.0;43.0;4841.0


49.9;0.0;0.0;48.0;4841.0


8.3;0.0;0.0;55.0;4841.0


8.3;0.0;0.0;55.0;4841.0


8.4;0.0;0.0;55.0;4841.0


8.3;0.0;0.0;54.0;4841.0


8.4;0.0;0.0;55.0;4841.0


8.3;0.0;0.0;55.0;4841.0


8.4;0.0;0.0;55.0;4841.0


8.3;0.0;0.0;55.0;4841.0


8.3;0.0;0.0;55.0;4841.0


8.4;0.0;0.0;55.0;4841.0


8.3;0.0;0.0;55.0;4841.0


8.4;0.0;0.0;55.0;4841.0


0.0;10.6;0.8;0.0;4841.0


0.0;0.3;0.0;0.0;4841.0


0.0;14.7;0.2;0.0;4841.0


0.0;0.3;0.0;0.0;4841.0


8.4;14.6;0.7;21.0;4841.0


8.3;0.0;0.0;43.0;4841.0


8.3;0.0;0.0;43.0;4841.0


8.3;0.0;0.0;53.0;4841.0


43.8;0.0;0.0;48.0;4841.0


8.4;0.0;0.0;55.0;4841.0


8.3;0.0;0.0;55.0;4841.0


8.4;0.0;0.0;55.0;4841.0


8.4;0.0;0.0;54.0;4841.0


8.4;0.0;0.0;55.0;4841.0


8.4;0.0;0.0;55.0;4841.0


8.4;0.0;0.0;55.0;4841.0


