0.0;10493952;0
0.0;10493952;0
0.0;10493952;0
0.0;10493952;0
43.0;11042816;0
116.4;11493376;0
149.6;12099584;0
114.7;13459456;0
166.2;12951552;0
166.2;13856768;0
172.0;13307904;0
149.6;13897728;0
166.2;13479936;0
157.7;14073856;0
142.0;13201408;0
182.8;14233600;0
149.6;13811712;0
200.7;14323712;0
149.6;13615104;0
218.4;14553088;0
85.2;13758464;0
215.0;15036416;0
42.6;14057472;0
200.7;14983168;0
99.7;15024128;0
199.5;15024128;0
67.2;15114240;0
198.9;15114240;0
57.3;14995456;0
199.5;14995456;0
84.0;15089664;0
199.5;15089664;0
100.3;15429632;0
199.5;14843904;0
99.7;15540224;0
166.2;14491648;0
114.7;15585280;0
186.4;15036416;207
99.7;15556608;291
151.2;15511552;0
127.8;14569472;0
143.3;15605760;0
166.2;14741504;0
168.0;15863808;0
83.1;14565376;0
143.3;15253504;0
100.3;14835712;0
116.4;15806464;0
199.5;15806464;0
143.3;15790080;0
200.7;15790080;0
99.7;15818752;0
186.4;15646720;0
116.4;15798272;0
133.0;15855616;0
198.9;15855616;0
100.8;15814656;0
182.8;14753792;0
133.0;15810560;0
114.7;15319040;0
170.5;26476544;0
99.7;25403392;0
266.0;47308800;0
252.0;78303232;0
266.0;104869888;0
272.4;129503232;0
272.4;149471232;0
216.1;173580288;0
299.2;197959680;0
266.0;200781824;472
235.2;200802304;671
198.9;200736768;289
114.7;200777728;0
182.8;200749056;0
133.0;200781824;0
99.7;200749056;0
83.1;200765440;0
200.7;200777728;0
99.4;200773632;0
186.4;200773632;0
129.0;200777728;0
198.9;200777728;0
83.1;200777728;0
199.5;200765440;0
67.2;200761344;0
170.5;200765440;0
114.7;200761344;0
116.4;200761344;0
199.5;200773632;0
99.7;200781824;0
199.5;200781824;0
100.8;200790016;0
182.8;200790016;0
149.6;200769536;0
114.7;200790016;0
184.7;200761344;0
114.7;200794112;0
166.2;200773632;0
134.4;200790016;0
133.0;200761344;0
143.3;200790016;0
129.0;200761344;0
166.2;200794112;0
99.7;200761344;0
198.9;200790016;0
84.0;200785920;0
200.7;200785920;0
85.2;200790016;0
201.6;200790016;0
83.1;201211904;0
199.5;201199616;0
99.7;201207808;0
182.8;201183232;0
114.7;201207808;0
170.5;201199616;0
143.3;201216000;0
143.3;201183232;0
184.7;201211904;0
149.6;201199616;0
133.0;201199616;0
201.6;201211904;0
49.9;201216000;0
198.9;201216000;0
100.8;201211904;0
200.7;201211904;0
142.0;201199616;0
116.4;201195520;0
166.2;211312640;0
235.2;244137984;0
216.1;272236544;0
299.2;296812544;0
252.0;316768256;0
266.0;339001344;0
199.5;360636416;0
216.1;386191360;0
215.0;389820416;0
129.0;204521472;0
113.6;205025280;0
157.7;205180928;0
114.7;205148160;0
85.2;205185024;0
172.0;205221888;0
66.5;205275136;0
200.7;205275136;0
100.3;206036992;0
184.7;206069760;0
134.4;206188544;0
199.5;206172160;0
99.7;206196736;0
133.0;206180352;0
133.0;206196736;0
168.0;206180352;0
182.8;206200832;0
99.7;206168064;0
201.6;206229504;0
113.6;206213120;0
157.7;206245888;0
113.6;206245888;0
186.4;206245888;0
86.0;206282752;0
184.7;206266368;0
143.3;206295040;0
186.4;206278656;0
113.6;206331904;0
157.7;206303232;0
142.0;206327808;0
134.4;206303232;0
186.4;206352384;0
85.2;206319616;0
199.5;206376960;0
84.0;206376960;0
199.5;206376960;0
83.1;206446592;0
199.5;206434304;0
99.7;206479360;0
184.8;206462976;0
149.6;206528512;0
149.6;206495744;0
143.3;206532608;0
127.8;206499840;0
216.1;206557184;0
83.1;206532608;0
199.5;206565376;0
67.2;206565376;0
200.7;206565376;0
49.9;206618624;0
201.6;206618624;0
66.5;206622720;0
182.8;206606336;0
99.7;206643200;0
166.2;206610432;0
114.7;206659584;0
142.0;206635008;0
157.7;218148864;0
100.3;218120192;0
299.2;234565632;0
232.7;262934528;0
216.1;291344384;0
282.6;312446976;0
235.2;333504512;0
216.1;358875136;0
232.7;381751296;0
201.6;389902336;0
182.8;204562432;0
133.0;206839808;0
149.6;206901248;0
99.7;207036416;0
201.6;207265792;0
127.8;207327232;0
199.5;207339520;0
100.8;207343616;0
200.7;207343616;0
113.6;207384576;0
182.8;207368192;0
127.8;207380480;0
166.2;207351808;0
168.0;207523840;0
127.8;207495168;0
199.5;207671296;0
84.0;207642624;0
199.5;207675392;0
99.7;207687680;0
199.5;207687680;0
99.7;207687680;0
201.6;207687680;0
66.5;207757312;0
182.8;207740928;0
100.8;207790080;0
149.6;207761408;0
133.0;207839232;0
100.3;207810560;0
170.5;207888384;0
57.3;207863808;0
184.8;208109568;0
99.7;208113664;0
133.0;208101376;0
117.6;208150528;0
182.8;208146432;0
182.8;208117760;0
133.0;208203776;0
133.0;208171008;0
184.8;208322560;0
116.4;208293888;0
199.5;208318464;0
71.7;208318464;0
201.6;208318464;0
85.2;208355328;0
199.5;208355328;0
66.5;208355328;0
199.5;208338944;0
100.8;208404480;0
149.6;208375808;0
133.0;208543744;0
117.6;208519168;0
166.2;208592896;0
71.0;208564224;0
182.8;208650240;0
99.7;208637952;0
83.1;208674816;0
201.6;208642048;0
166.2;215031808;0
299.2;246644736;0
157.7;280469504;0
272.4;302776320;0
227.3;320577536;0
215.0;345346048;0
232.7;370896896;0
241.5;390561792;0
232.7;296202240;0
151.2;205180928;0
149.6;206598144;0
127.8;206569472;0
172.0;206827520;0
114.7;206901248;0
199.5;206979072;0
66.5;207048704;0
200.7;207048704;0
99.7;207077376;0
186.4;207060992;0
86.0;207114240;0
142.0;207085568;0
114.7;207114240;0
129.0;207085568;0
166.2;207114240;0
99.7;207085568;0
200.7;207114240;0
66.5;207196160;0
199.5;207196160;0
67.2;207372288;0
157.7;207339520;0
113.6;207409152;0
129.0;207380480;0
143.3;207421440;0
83.1;207388672;0
199.5;207413248;0
83.1;207425536;0
199.5;207425536;0
83.1;207433728;0
151.2;207400960;0
99.7;207478784;0
