0.0;10502144;0
0.0;10502144;0
0.0;10502144;0
33.2;11038720;0
83.1;11673600;0
170.5;12058624;0
157.7;13156352;0
133.0;13651968;0
133.0;12611584;0
143.3;13598720;0
133.0;12795904;0
182.8;13877248;0
114.7;13066240;0
182.8;14176256;0
83.1;13193216;0
168.0;13647872;0
71.0;13246464;0
215.0;14307328;0
66.5;13369344;0
201.6;14381056;0
66.5;14450688;0
166.2;14073856;0
100.8;14602240;0
142.0;14184448;0
114.7;15048704;0
156.3;14323712;0
117.6;14909440;0
199.5;13971456;0
86.0;15020032;0
116.4;14069760;0
116.4;15134720;0
170.5;14233600;0
129.0;15544320;0
116.4;14721024;0
166.2;15585280;0
157.7;15077376;498
133.0;15572992;0
166.2;14753792;0
100.3;14635008;0
133.0;15757312;0
134.4;14757888;0
142.0;15794176;0
86.0;14749696;0
142.0;15794176;0
43.0;14790656;0
129.0;14684160;0
166.2;15712256;0
84.0;15777792;0
199.5;15093760;0
49.9;15728640;0
199.5;15728640;0
100.3;15855616;0
157.7;15130624;0
142.0;15650816;0
151.2;25931776;0
216.1;33292288;0
301.0;65794048;0
199.5;96468992;0
301.0;120332288;0
215.0;137691136;0
266.0;164569088;0
201.6;187375616;0
266.0;200970240;140
215.0;201400320;671
241.5;201383936;621
84.0;201367552;0
199.5;201449472;0
49.9;201531392;0
215.0;201560064;0
66.5;201531392;0
172.0;201547776;0
33.2;201560064;0
200.7;201560064;0
66.5;201555968;0
142.0;201543680;0
117.6;201560064;0
166.2;201531392;0
99.7;201564160;0
127.8;201531392;0
114.7;201560064;0
133.0;201543680;0
149.6;201560064;0
134.4;201531392;0
166.2;201560064;0
114.7;201531392;0
170.5;201564160;0
86.0;201531392;0
166.2;201547776;0
83.1;201572352;0
151.2;201555968;0
99.7;201564160;0
199.5;201564160;0
85.2;201568256;0
129.0;201555968;0
134.4;201568256;0
170.5;201539584;0
129.0;201572352;0
99.7;201539584;0
149.6;201564160;0
133.0;201539584;0
182.8;201568256;0
114.7;201539584;0
156.2;201555968;0
43.0;201539584;0
182.8;201551872;0
83.1;201539584;0
149.6;201572352;0
116.4;201576448;0
201.6;201576448;0
113.6;201572352;0
149.6;201560064;0
157.7;201572352;0
156.3;201674752;0
66.5;201707520;0
166.2;201674752;0
151.2;211005440;0
299.2;246861824;0
166.2;279056384;0
272.4;301875200;0
227.3;323645440;0
229.4;349065216;0
255.7;370237440;0
215.0;390758400;0
200.7;240381952;0
170.5;205213696;0
114.7;205185024;0
143.3;205254656;0
71.0;205381632;0
182.8;205467648;0
85.2;205602816;0
143.3;205627392;0
117.6;205643776;0
198.9;205643776;0
114.7;205651968;0
172.0;205623296;0
113.6;205811712;0
71.7;205787136;0
133.0;205803520;0
84.0;205795328;0
166.2;206266368;0
83.1;206241792;0
201.6;206307328;0
83.1;206282752;0
199.5;206323712;0
99.7;206340096;0
198.9;206340096;0
114.7;206336000;0
186.4;206311424;0
85.2;206344192;0
172.0;206319616;0
114.7;206364672;0
149.6;206340096;0
133.0;206368768;0
99.7;206340096;0
168.0;206372864;0
85.2;206344192;0
166.2;206381056;0
84.0;206401536;0
199.5;206401536;0
66.5;206405632;0
149.6;206393344;0
66.5;206438400;0
201.6;206426112;0
99.7;206442496;0
83.1;206540800;0
134.4;206528512;0
99.7;206512128;0
129.0;206512128;0
113.6;206516224;0
143.3;206483456;0
43.0;206647296;0
149.6;206950400;0
99.7;206966784;0
134.4;206999552;0
99.7;215482368;0
170.5;218468352;0
157.7;219021312;0
299.2;252080128;0
201.6;279638016;0
249.3;302788608;0
249.3;323702784;0
268.8;350117888;0
232.7;376008704;0
216.1;390631424;0
199.5;206139392;0
99.7;207183872;0
201.6;207212544;0
71.7;207286272;0
142.0;207314944;0
129.0;207331328;0
157.7;207302656;0
113.6;207327232;0
100.3;207302656;0
127.8;207347712;0
100.3;207470592;0
172.0;207503360;0
85.2;207470592;0
157.7;207560704;0
114.7;207556608;0
156.3;207572992;0
129.0;207572992;0
198.9;207572992;0
86.0;207572992;0
172.0;207544320;0
113.6;207646720;0
157.7;207613952;0
157.7;207646720;0
113.6;207613952;0
199.5;207745024;0
83.1;207712256;0
170.5;207773696;0
114.7;207773696;0
168.0;207757312;0
149.6;207908864;0
182.8;207876096;0
151.2;207937536;0
116.4;207953920;0
182.8;208035840;0
116.4;208007168;0
166.2;208166912;0
100.8;208166912;0
199.5;208179200;0
114.7;208248832;0
184.8;208248832;0
99.7;208248832;0
199.5;208248832;0
116.4;208252928;0
182.8;208220160;0
100.8;208252928;0
149.6;208228352;0
133.0;208297984;0
117.6;208273408;0
166.2;208359424;0
66.5;208326656;0
199.5;208351232;0
33.2;208351232;0
198.9;208338944;0
86.0;208396288;0
157.7;208367616;0
182.8;219860992;0
266.0;251949056;0
201.6;282591232;0
199.5;310210560;0
249.3;328679424;0
199.5;356700160;0
266.0;379604992;0
235.2;391417856;0
216.1;204193792;0
113.6;205520896;0
157.7;205664256;0
143.3;205934592;0
198.9;205934592;0
129.0;205934592;0
182.8;205905920;0
133.0;205967360;0
151.2;205938688;0
166.2;206049280;0
99.7;206020608;0
215.0;206123008;0
114.7;206233600;0
182.8;206233600;0
83.1;206237696;0
143.3;206299136;0
127.8;206327808;0
172.0;206299136;0
100.3;206311424;0
71.0;206299136;0
129.0;206422016;0
117.6;206422016;0
199.5;206450688;0
66.5;206450688;0
166.2;206569472;0
66.5;206561280;0
149.6;206680064;0
100.8;206921728;0
133.0;206970880;0
170.5;207077376;0
100.3;207044608;0
201.6;207167488;0
66.5;207167488;0
199.5;207167488;0
66.5;207175680;0
133.0;207187968;0
113.6;207327232;0
71.7;207433728;0
143.3;207486976;0
127.8;207458304;0
186.4;207618048;0
84.0;207593472;0
172.0;207659008;0
133.0;207683584;0
199.5;207683584;0
116.4;207720448;0
149.6;207769600;0
117.6;207818752;0
129.0;207953920;0
71.0;207974400;0
172.0;219529216;0
319.2;240123904;0
266.0;270835712;0
