0.0;10506240;0
0.0;10506240;0
0.0;10506240;0
0.0;10506240;0
16.6;11018240;0
83.1;11153408;0
71.7;11653120;0
99.7;11935744;0
84.0;11665408;0
99.4;12128256;0
99.7;12472320;0
83.1;11554816;0
86.0;12099584;0
66.5;13148160;0
100.8;12242944;0
66.5;12775424;0
86.0;13025280;0
83.1;13365248;0
67.2;13365248;0
99.4;13803520;0
57.3;12500992;0
99.7;12500992;0
66.5;13766656;0
99.4;13824000;0
114.7;14299136;191
99.7;14139392;318
99.7;14077952;0
71.7;14073856;0
83.1;14422016;0
83.1;14082048;0
83.1;12840960;0
86.0;14098432;0
66.5;13934592;0
100.8;14098432;0
66.5;14028800;0
71.7;14032896;0
85.2;14032896;0
33.6;14016512;0
116.4;32526336;0
232.7;66981888;0
168.0;97804288;0
213.1;123867136;0
258.0;140791808;0
166.2;170713088;0
201.6;197091328;0
216.1;200441856;505
258.0;200916992;658
200.7;200974336;269
166.2;200941568;0
133.0;200974336;0
157.7;200953856;0
114.7;201388032;0
166.2;201371648;0
134.4;201383936;0
116.4;201355264;0
143.3;201388032;0
85.2;201355264;0
168.0;201396224;0
83.1;201379840;0
182.8;201396224;0
129.0;201400320;0
198.9;201412608;0
66.5;201412608;0
198.9;201412608;0
67.2;201412608;0
199.5;201412608;0
66.5;201412608;0
201.6;201412608;0
99.4;201412608;0
157.7;201400320;0
116.4;201408512;0
184.8;201383936;0
149.6;201416704;0
157.7;201396224;0
172.0;201416704;0
113.6;201383936;0
166.2;201408512;0
133.0;201420800;0
201.6;201449472;0
66.5;201420800;0
200.7;201465856;0
172.0;201478144;0
198.9;201478144;0
66.5;201486336;0
199.5;201453568;0
100.8;201486336;0
166.2;201453568;0
114.7;201478144;0
166.2;201453568;0
133.0;201478144;0
133.0;201453568;0
143.3;201482240;0
114.7;201453568;0
166.2;201486336;0
100.8;201453568;0
199.5;201486336;0
86.0;201453568;0
199.5;201478144;0
83.1;201486336;0
215.0;211935232;0
198.9;221286400;0
282.6;249950208;0
252.0;275832832;0
166.2;300429312;0
282.6;319946752;0
241.5;344854528;0
272.4;365600768;0
157.7;389709824;0
198.9;390995968;0
143.3;204406784;0
114.7;205008896;0
166.2;205008896;0
83.1;205209600;0
149.6;205328384;0
50.4;205406208;0
166.2;205541376;0
114.7;205508608;0
143.3;205676544;0
99.4;205643776;0
172.0;205697024;0
99.7;205668352;0
184.8;205737984;0
99.7;205746176;0
182.8;205746176;0
100.8;205844480;0
199.5;205844480;0
66.5;205885440;0
198.9;205860864;0
86.0;205889536;0
172.0;205860864;0
99.7;205893632;0
168.0;205860864;0
133.0;205885440;0
116.4;205860864;0
142.0;206012416;0
114.7;206012416;0
157.7;206028800;0
149.6;206012416;0
201.6;206045184;0
66.5;206106624;0
184.7;206106624;0
100.3;206086144;0
142.0;206110720;0
172.0;206127104;0
143.3;206159872;0
99.7;206180352;0
168.0;206147584;0
133.0;206229504;0
166.2;206200832;0
166.2;206233600;0
116.4;206200832;0
184.8;206225408;0
113.6;206241792;0
200.7;206286848;0
100.3;206348288;0
170.5;206352384;0
100.3;206356480;0
182.8;206356480;0
67.2;206360576;0
199.5;206331904;0
166.2;212963328;0
302.4;245370880;0
182.8;276631552;0
299.2;297512960;0
216.1;317128704;0
232.7;344408064;0
302.4;368824320;0
232.7;391077888;0
282.6;298721280;0
184.8;204013568;0
116.4;203984896;0
199.5;204136448;0
66.5;204115968;0
127.8;204177408;0
186.4;204181504;0
114.7;204177408;0
184.7;204185600;0
100.3;204230656;0
172.0;204201984;0
113.6;204349440;0
182.8;204316672;0
133.0;204443648;0
134.4;204410880;0
172.0;204435456;0
85.2;204410880;0
186.4;204439552;0
100.3;204464128;0
142.0;204488704;0
114.7;204599296;0
198.9;204599296;0
100.3;204619776;0
172.0;204587008;0
113.6;204644352;0
143.3;204611584;0
143.3;204693504;0
113.6;204668928;0
166.2;204713984;0
99.4;204689408;0
186.4;204705792;0
100.3;204988416;0
198.9;204988416;0
100.3;205045760;0
201.6;205045760;0
116.4;205045760;0
166.2;205017088;0
149.6;205045760;0
133.0;205017088;0
134.4;205078528;0
113.6;205049856;0
143.3;205074432;0
100.3;205049856;0
156.3;205078528;0
99.7;205099008;0
199.5;205099008;0
66.5;205180928;0
186.4;205176832;0
100.8;205176832;0
133.0;205193216;0
182.8;205307904;0
134.4;205295616;0
166.2;205357056;0
99.7;205328384;0
243.7;216887296;0
142.0;211316736;0
298.3;244584448;0
200.7;274583552;0
286.7;296964096;0
184.7;318271488;0
282.6;335740928;0
302.4;352157696;0
172.0;380162048;0
299.2;391884800;0
142.0;265691136;0
157.7;265662464;0
133.0;265715712;0
133.0;265687040;0
184.8;265723904;0
133.0;265715712;0
166.2;265777152;0
100.8;265744384;0
166.2;265781248;0
170.5;265781248;0
86.0;265785344;0
199.5;265785344;0
116.4;265793536;0
168.0;265764864;0
133.0;265805824;0
133.0;265805824;0
168.0;265875456;0
100.3;265846784;0
216.1;265891840;0
100.3;265891840;0
184.7;265900032;0
129.0;265908224;0
186.4;265895936;0
85.2;265953280;0
172.0;265924608;0
86.0;265961472;0
156.3;265932800;0
114.7;265977856;0
142.0;265949184;0
129.0;265998336;0
129.0;265981952;0
172.0;266006528;0
42.6;265973760;0
199.5;266006528;0
134.4;266010624;0
186.4;266006528;0
127.8;266035200;0
186.4;266010624;0
113.6;266039296;0
116.4;266010624;0
168.0;266055680;0
116.4;266010624;0
83.1;265994240;0
200.7;266022912;0
114.7;266027008;0
199.5;266027008;0
133.0;266031104;0
166.2;266002432;0
113.6;266035200;0
157.7;266027008;0
143.3;266043392;0
71.0;266010624;0
184.7;266027008;0
57.3;269078528;0
282.6;270352384;0
184.8;276975616;0
282.6;293834752;0
170.5;318705664;0
301.0;340275200;0
216.1;367087616;0
249.3;385806336;0
235.2;392122368;0
134.4;205930496;0
199.5;208007168;0
133.0;208179200;0
99.7;208150528;0
166.2;209080320;0
57.3;209080320;0
