0.0;10489856;0
0.0;10489856;0
0.0;10489856;0
28.7;11030528;0
100.3;11448320;0
199.5;11739136;0
149.6;13352960;0
129.0;14008320;0
182.8;12808192;0
133.0;13864960;0
143.3;13426688;0
198.9;14180352;0
133.0;13217792;0
149.6;14389248;0
100.3;13328384;0
182.8;14368768;0
117.6;13402112;0
184.7;13852672;0
114.7;13918208;0
166.2;14442496;0
67.2;13561856;0
199.5;14614528;0
43.0;13484032;0
200.7;15093760;0
56.8;15118336;0
186.4;15101952;0
33.2;15142912;0
184.8;15114240;0
66.5;15142912;0
199.5;14188544;0
86.0;15183872;0
149.6;15159296;0
99.7;15458304;0
186.4;15433728;0
114.7;15675392;0
116.4;14471168;0
117.6;15687680;0
170.5;15736832;250
172.0;15695872;248
133.0;16084992;0
201.6;15663104;0
49.9;15646720;0
216.1;16060416;0
71.7;14602240;0
216.1;15560704;0
66.5;14598144;0
199.5;15720448;0
184.8;15773696;0
66.5;14843904;0
199.5;15953920;0
57.3;15953920;0
199.5;15974400;0
71.7;15912960;0
198.9;15851520;0
100.8;15872000;0
199.5;15843328;0
129.0;15769600;0
157.7;15306752;0
166.2;25264128;0
199.5;26320896;0
149.6;29564928;0
315.4;64847872;0
266.0;91701248;0
235.2;116781056;0
216.1;136671232;0
229.4;164360192;0
241.5;188231680;0
286.7;200425472;76
199.5;201388032;672
232.7;201519104;653
151.2;201469952;31
182.8;201555968;0
149.6;201560064;0
184.7;201625600;0
157.7;201617408;0
182.8;201617408;0
83.1;201601024;0
184.8;201629696;0
142.0;201637888;0
200.7;201637888;0
83.1;201633792;0
200.7;201633792;0
83.1;201646080;0
199.5;201646080;0
86.0;201646080;0
156.3;201633792;0
143.3;201646080;0
166.2;201617408;0
100.8;201654272;0
133.0;201625600;0
133.0;201654272;0
114.7;201625600;0
142.0;201654272;0
116.4;201625600;0
216.1;201789440;0
67.2;201764864;0
199.5;202010624;0
49.9;202006528;0
184.8;202006528;0
66.5;202047488;0
172.0;202051584;0
99.4;202047488;0
184.8;202035200;0
83.1;202063872;0
166.2;202047488;0
100.3;202059776;0
156.3;202031104;0
114.7;202059776;0
133.0;202031104;0
134.4;202059776;0
133.0;202047488;0
157.7;202063872;0
100.3;202035200;0
142.0;202051584;0
133.0;202035200;0
199.5;202063872;0
67.2;202047488;0
182.8;202063872;0
83.1;202063872;0
201.6;202063872;0
113.6;211046400;0
301.0;241303552;0
142.0;275525632;0
272.4;296288256;0
215.0;317509632;0
298.3;339955712;0
201.6;368050176;0
299.2;390680576;0
199.5;356990976;0
232.7;204058624;0
133.0;205545472;0
134.4;205512704;0
182.8;205651968;0
99.7;205627392;0
201.6;205811712;0
83.1;205783040;0
198.9;205807616;0
66.5;205815808;0
198.9;205815808;0
100.3;205864960;0
157.7;205856768;0
149.6;205869056;0
168.0;205840384;0
149.6;205873152;0
143.3;205844480;0
113.6;205873152;0
143.3;205856768;0
157.7;205889536;0
116.4;205889536;0
218.4;205922304;0
66.5;205889536;0
182.8;206036992;0
199.5;206077952;0
66.5;206077952;0
200.7;206077952;0
86.0;206086144;0
198.9;206086144;0
86.0;206086144;0
116.4;206069760;0
133.0;206131200;0
149.6;206184448;0
166.2;206200832;0
143.3;206168064;0
142.0;206200832;0
114.7;206168064;0
186.4;206200832;0
85.2;206172160;0
200.7;206188544;0
99.4;205840384;0
186.4;205840384;0
86.0;205959168;0
198.9;205959168;0
67.2;205959168;0
200.7;205930496;0
85.2;205963264;0
157.7;205950976;0
127.8;205996032;0
114.7;205971456;0
143.3;206004224;0
99.7;205975552;0
172.0;206020608;0
57.3;206024704;0
182.8;206065664;0
83.1;210259968;0
282.6;237428736;0
298.3;267812864;0
186.4;295862272;0
275.0;317235200;0
268.8;337895424;0
199.5;365965312;0
232.7;388534272;0
235.2;390242304;0
182.8;203771904;0
166.2;205299712;0
99.7;205271040;0
198.9;205762560;0
43.0;205967360;0
201.6;205967360;0
83.1;206376960;0
199.5;206360576;0
117.6;206385152;0
166.2;206372864;0
116.4;206352384;0
133.0;206319616;0
133.0;206401536;0
117.6;206516224;0
216.1;206573568;0
66.5;206544896;0
200.7;206626816;0
114.7;206643200;0
170.5;206692352;0
114.7;206745600;0
198.9;206712832;0
86.0;206807040;0
157.7;206811136;0
113.6;206880768;0
143.3;206852096;0
143.3;206979072;0
113.6;206954496;0
199.5;206999552;0
33.2;207020032;0
198.9;207020032;0
86.0;207015936;0
168.0;207003648;0
149.6;207044608;0
166.2;207015936;0
134.4;207048704;0
142.0;207069184;0
143.3;207114240;0
113.6;207081472;0
172.0;207097856;0
86.0;207085568;0
166.2;207122432;0
99.7;207155200;0
201.6;207155200;0
83.1;207200256;0
200.7;207200256;0
116.4;207216640;0
166.2;207187968;0
134.4;207273984;0
116.4;207241216;0
114.7;206770176;0
100.8;206741504;0
166.2;206786560;0
83.1;206753792;0
199.5;206802944;0
71.7;206798848;0
200.7;206798848;0
86.0;214708224;0
282.6;242569216;0
149.6;276627456;0
302.4;301568000;0
133.0;321306624;0
249.3;344100864;0
166.2;372076544;0
199.5;390438912;0
213.1;230371328;0
99.7;204001280;0
201.6;206221312;0
66.5;206471168;0
184.7;206536704;0
114.7;206540800;0
200.7;206540800;0
66.5;206540800;0
199.5;206508032;0
99.7;206663680;0
116.4;206655488;0
151.2;206864384;0
99.7;206839808;0
170.5;206868480;0
100.3;206852096;0
186.4;207044608;0
99.7;207179776;0
166.2;207212544;0
116.4;207433728;0
149.6;207462400;0
151.2;207532032;0
143.3;207519744;0
156.2;207589376;0
129.0;207560704;0
186.4;207589376;0
85.2;207560704;0
182.8;207618048;0
83.1;207769600;0
182.8;207806464;0
134.4;207835136;0
166.2;207835136;0
156.2;207884288;0
143.3;207855616;0
114.7;207884288;0
99.4;207855616;0
166.2;207884288;0
83.1;207859712;0
198.9;207949824;0
114.7;208011264;0
151.2;207990784;0
83.1;208048128;0
199.5;208019456;0
114.7;208101376;0
100.3;208076800;0
