0.0;10502144;0
0.0;10502144;0
0.0;10502144;0
0.0;10502144;0
0.0;10502144;0
71.0;11141120;0
100.8;11239424;0
83.1;11935744;0
100.3;12591104;0
66.5;11710464;0
83.1;12238848;0
99.7;12378112;0
86.0;12619776;0
100.3;13049856;0
66.5;12931072;0
100.8;11931648;0
85.2;12066816;0
83.1;12988416;0
83.1;13271040;0
67.2;13443072;0
99.4;13733888;0
71.7;13930496;0
83.1;13709312;0
83.1;13819904;0
71.0;12955648;53
143.3;12816384;456
66.5;13983744;0
83.1;13971456;0
67.2;13287424;0
85.2;14086144;0
83.1;13287424;0
66.5;13971456;0
100.8;13979648;0
71.0;12869632;0
100.8;13017088;0
66.5;13975552;0
83.1;13975552;0
71.0;12869632;0
100.3;40603648;0
282.6;73490432;0
182.8;103178240;0
186.4;131018752;0
184.7;152211456;0
182.8;180224000;0
216.1;199876608;61
157.7;200658944;654
266.0;200622080;717
86.0;200728576;0
149.6;200740864;0
133.0;200757248;0
116.4;200724480;0
114.7;200777728;0
172.0;200777728;0
133.0;200806400;0
117.6;200777728;0
149.6;200794112;0
71.7;200777728;0
156.3;200810496;0
86.0;200777728;0
172.0;200826880;0
71.0;200822784;0
168.0;200937472;0
99.7;201216000;0
200.7;201216000;0
113.6;201224192;0
168.0;201228288;0
99.7;201228288;0
99.7;201240576;0
114.7;201224192;0
142.0;201240576;0
172.0;201224192;0
133.0;201244672;0
184.8;201228288;0
166.2;201236480;0
143.3;201211904;0
166.2;201629696;0
99.7;201633792;0
182.8;201633792;0
83.1;201617408;0
201.6;201641984;0
83.1;201646080;0
199.5;201646080;0
100.8;201641984;0
198.9;201641984;0
114.7;201650176;0
199.5;201633792;0
67.2;201646080;0
182.8;201629696;0
86.0;201646080;0
172.0;201617408;0
99.7;201641984;0
149.6;201617408;0
133.0;201641984;0
117.6;201617408;0
142.0;201650176;0
100.3;201617408;0
172.0;201641984;0
71.0;201617408;0
200.7;201650176;0
199.5;213020672;0
151.2;212987904;0
249.3;230604800;0
258.0;258801664;0
258.0;281735168;0
213.1;308334592;0
215.0;329957376;0
299.2;355082240;0
215.0;379936768;0
218.4;390787072;0
149.6;204861440;0
182.8;204849152;0
129.0;206049280;0
156.3;206024704;0
143.3;206356480;0
127.8;206327808;0
134.4;206528512;0
133.0;206499840;0
166.2;206536704;0
114.7;206512128;0
149.6;206561280;0
199.5;206733312;0
85.2;206790656;0
200.7;206790656;0
43.0;206934016;0
198.9;206934016;0
100.3;206925824;0
200.7;206925824;0
66.5;206934016;0
199.5;206917632;0
99.7;207138816;0
84.0;207114240;0
133.0;207183872;0
182.8;207171584;0
100.8;207179776;0
182.8;207319040;0
66.5;207302656;0
133.0;207310848;0
116.4;207355904;0
67.2;207360000;0
133.0;207347712;0
49.9;207355904;0
100.8;207376384;0
149.6;207388672;0
149.6;207347712;0
133.0;207413248;0
116.4;207413248;0
168.0;207446016;0
83.1;207417344;0
166.2;207486976;0
84.0;207507456;0
199.5;207523840;0
83.1;207548416;0
198.9;207577088;0
100.3;207581184;0
200.7;207581184;0
99.4;207589376;0
186.4;207572992;0
129.0;207585280;0
114.7;207572992;0
184.7;207585280;0
86.0;207556608;0
198.9;207618048;0
84.0;208482304;0
201.6;219103232;0
133.0;216027136;0
227.3;242839552;0
232.7;265027584;0
302.4;287453184;0
232.7;314806272;0
249.3;329691136;0
249.3;353734656;0
216.1;375988224;0
201.6;390443008;0
232.7;204587008;0
142.0;205066240;0
129.0;205570048;0
200.7;205627392;0
99.4;205811712;0
200.7;205811712;0
113.6;205819904;0
186.4;205803520;0
129.0;206495744;0
156.2;206462976;0
143.3;206557184;0
114.7;206524416;0
166.2;206557184;0
100.3;206528512;0
216.1;206589952;0
84.0;206557184;0
199.5;206675968;0
49.9;206749696;0
200.7;206749696;0
86.0;206757888;0
198.9;206745600;0
86.0;206766080;0
199.5;206737408;0
100.8;206807040;0
143.3;206778368;0
133.0;206807040;0
151.2;206778368;0
166.2;206848000;0
99.7;206815232;0
133.0;206807040;0
149.6;206839808;0
117.6;206839808;0
199.5;206839808;0
83.1;206843904;0
143.3;206852096;0
143.3;207323136;0
156.3;207290368;0
143.3;207323136;0
149.6;207294464;0
151.2;207323136;0
100.3;207306752;0
199.5;207388672;0
67.2;207388672;0
168.0;207396864;0
133.0;207421440;0
199.5;207409152;0
116.4;207429632;0
182.8;207400960;0
134.4;207466496;0
149.6;207437824;0
182.8;207544320;0
117.6;207519744;0
199.5;207556608;0
83.1;207527936;0
166.2;207581184;0
116.4;214949888;0
232.7;241618944;0
302.4;265175040;0
272.4;292741120;0
241.5;317030400;0
272.4;337240064;0
229.4;363360256;0
266.0;384696320;0
266.0;391221248;0
199.5;205021184;0
142.0;206327808;0
117.6;206295040;0
172.0;206577664;0
71.0;206548992;0
166.2;206839808;0
100.8;206856192;0
149.6;206843904;0
116.4;206901248;0
199.5;206884864;0
99.7;206958592;0
100.3;206925824;0
143.3;206950400;0
127.8;206925824;0
172.0;206958592;0
100.3;206925824;0
184.7;207097856;0
43.0;207200256;0
186.4;207200256;0
99.4;207294464;0
149.6;207269888;0
134.4;207380480;0
149.6;207351808;0
166.2;207400960;0
100.8;207372288;0
157.7;207437824;0
113.6;207450112;0
157.7;207482880;0
133.0;207540224;0
116.4;207532032;0
134.4;207687680;0
166.2;207659008;0
133.0;207814656;0
100.8;207790080;0
166.2;207818752;0
116.4;207777792;0
149.6;207925248;0
49.9;207974400;0
142.0;208105472;0
200.7;208093184;0
100.3;208130048;0
99.7;208113664;0
133.0;208130048;0
117.6;208113664;0
166.2;208138240;0
116.4;208113664;0
172.0;208191488;0
133.0;208195584;0
116.4;208318464;0
149.6;219955200;0
166.2;219922432;0
200.7;231215104;0
218.4;261439488;0
299.2;284180480;0
216.1;309899264;0
258.0;326557696;0
184.8;347873280;0
258.0;369434624;0
213.1;391434240;0
216.1;391630848;0
166.2;206315520;0
85.2;207376384;0
172.0;207491072;0
