45.0;89.6;41.4;0.0
50.0;106.6;72.0;0.0
69.0;127.5;92.6;0.0
69.9;140.6;28.9;0.0
24.9;156.0;38.9;0.0
0.0;156.0;17.9;0.0
24.9;160.6;9.9;0.0
49.2;162.5;0.0;0.0
54.5;162.7;0.0;0.0
50.0;162.7;0.0;0.0
49.4;162.7;0.0;0.0
50.0;162.7;0.0;0.0
49.9;162.7;0.0;0.0
50.3;162.7;0.0;0.0
48.4;162.7;0.0;0.0
50.6;163.2;0.0;0.0
24.9;164.1;0.4;0.0
5.0;164.5;16.9;0.0
51.5;164.5;0.0;0.0
47.9;164.5;0.0;0.0
49.0;164.5;0.0;0.0
49.5;164.5;0.0;0.0
59.0;165.0;1.2;0.0
10.0;165.5;34.7;0.0
89.7;170.8;9.1;0.0
83.1;172.6;0.0;0.0
47.6;170.1;0.0;0.0
46.3;189.2;53.3;64.0
48.5;250.7;742.5;0.0
50.4;187.3;984.2;392.0
