45.0;101.5;69.6;0.0
49.9;114.8;88.8;0.0
84.8;139.0;55.2;0.0
44.9;156.8;40.1;0.0
0.0;156.8;2.1;0.0
0.0;156.8;0.0;0.0
0.0;156.8;12.2;0.0
9.9;160.3;14.8;0.0
53.5;162.9;0.0;0.0
50.0;163.2;0.0;0.0
49.9;163.2;0.0;0.0
50.0;163.2;0.0;0.0
48.5;163.2;0.0;0.0
49.6;163.2;0.0;0.0
49.5;163.2;0.0;0.0
54.1;163.2;0.0;0.0
50.0;163.7;0.0;0.0
45.1;164.6;0.3;0.0
0.0;164.6;2.1;0.0
0.0;164.6;0.0;0.0
0.0;164.6;7.3;0.0
29.9;164.8;7.8;0.0
49.6;164.8;0.0;0.0
49.8;164.8;0.0;0.0
50.0;164.8;0.0;0.0
50.0;164.8;0.0;0.0
45.0;165.2;5.0;0.0
23.8;168.5;32.7;0.0
98.0;172.3;7.4;0.0
52.5;171.2;1.2;4.0
47.9;187.7;53.4;0.0
48.6;250.5;639.1;0.0
53.2;250.8;316.2;0.0
10.6;251.7;779.2;392.0
51.6;187.3;0.0;0.0
