44.9;100.5;68.8;0.0
49.9;113.5;87.8;0.0
84.8;137.7;56.4;0.0
45.0;156.3;40.1;0.0
5.0;156.3;7.3;0.0
0.0;156.7;14.4;0.0
40.0;160.8;5.5;0.0
50.0;162.7;0.0;0.0
47.3;162.9;0.0;0.0
49.9;162.9;0.0;0.0
53.7;162.9;0.0;0.0
49.9;162.9;0.0;0.0
49.5;162.9;0.0;0.0
49.5;162.9;0.0;0.0
50.0;163.4;0.0;0.0
50.0;163.4;0.0;0.0
29.9;164.3;0.4;0.0
0.0;164.3;15.2;0.0
46.8;164.6;1.7;0.0
49.3;164.6;0.0;0.0
51.3;165.2;0.9;0.0
34.9;165.2;4.1;0.0
9.9;167.0;31.8;0.0
98.8;171.1;11.0;0.0
74.0;172.6;0.0;0.0
47.3;170.1;0.0;0.0
50.0;281.7;1777.7;4.0
50.3;266.0;1.5;392.0
48.8;189.7;0.0;0.0
