46.9;91.3;40.4;0.0
51.1;116.5;136.9;0.0
68.7;157.1;95.2;0.0
0.0;157.1;2.1;0.0
5.0;157.1;15.8;0.0
27.4;161.2;8.3;0.0
39.9;163.0;0.0;0.0
52.5;163.3;0.0;0.0
50.4;164.2;0.3;0.0
0.0;164.2;0.1;0.0
5.0;164.2;17.0;0.0
50.2;164.4;0.1;0.0
45.5;164.4;0.0;0.0
57.5;164.4;0.0;0.0
49.3;164.8;1.1;0.0
19.9;165.3;28.2;0.0
72.6;170.7;14.7;0.0
92.1;172.5;0.1;0.0
56.1;172.5;0.0;0.0
45.7;172.7;0.8;4.0
50.0;191.2;53.3;0.0
50.0;254.1;611.9;0.0
50.0;254.4;292.6;0.0
50.0;254.4;305.8;0.0
50.9;254.4;365.6;0.0
50.0;285.4;153.5;0.0
48.1;285.6;0.6;196.0
49.4;285.6;0.4;128.0
50.0;224.7;0.5;68.0
