0.0;10502144;0
0.0;10502144;0
0.0;10502144;0
0.0;10502144;0
0.0;10502144;0
0.0;10502144;0
0.0;10502144;0
0.0;10502144;0
0.0;10502144;0
0.0;10502144;0
0.0;10502144;0
0.0;10502144;0
0.0;10502144;0
0.0;10502144;0
0.0;10502144;0
0.0;10502144;0
0.0;10502144;0
0.0;10502144;0
0.0;10502144;0
0.0;10502144;0
0.0;10502144;0
0.0;10502144;0
0.0;10502144;0
0.0;10502144;0
0.0;10502144;0
0.0;10502144;0
0.0;10502144;0
0.0;10502144;0
0.0;10502144;0
0.0;10502144;0
0.0;10502144;0
0.0;10502144;0
0.0;10502144;0
0.0;10502144;0
0.0;10502144;0
0.0;10502144;0
0.0;10502144;0
50.4;28856320;0
99.4;73142272;0
86.0;106700800;0
99.4;130838528;0
100.8;165175296;0
99.7;196915200;0
99.7;195121152;683
100.3;195121152;718
0.0;195088384;31
0.0;195088384;0
0.0;195088384;0
0.0;195088384;0
0.0;195088384;0
0.0;195088384;0
0.0;195088384;0
0.0;195088384;0
0.0;195088384;0
0.0;195088384;0
0.0;195088384;0
0.0;195088384;0
0.0;195088384;0
0.0;195088384;0
0.0;195088384;0
0.0;195088384;0
0.0;195088384;0
0.0;195088384;0
0.0;195088384;0
0.0;195088384;0
0.0;195088384;0
0.0;195088384;0
0.0;195088384;0
0.0;195088384;0
0.0;195088384;0
0.0;195088384;0
0.0;195088384;0
0.0;195088384;0
0.0;195088384;0
0.0;195088384;0
42.6;201834496;0
0.0;201834496;0
0.0;201834496;0
0.0;201834496;0
0.0;201834496;0
0.0;201834496;0
0.0;201834496;0
0.0;201834496;0
0.0;201834496;0
0.0;201834496;0
0.0;201834496;0
0.0;201834496;0
0.0;201834496;0
0.0;201834496;0
0.0;201834496;0
0.0;201834496;0
0.0;201834496;0
0.0;201834496;0
0.0;201834496;0
0.0;201834496;0
0.0;201834496;0
0.0;201834496;0
0.0;201834496;0
0.0;201834496;0
0.0;201834496;0
0.0;201834496;0
0.0;201834496;0
0.0;201834496;0
0.0;201834496;0
0.0;201834496;0
0.0;201834496;0
0.0;201834496;0
0.0;201834496;0
0.0;201834496;0
0.0;201834496;0
0.0;201834496;0
0.0;201834496;0
14.3;207532032;0
0.0;207532032;0
0.0;207532032;0
0.0;207532032;0
0.0;207532032;0
0.0;207532032;0
0.0;207532032;0
0.0;207532032;0
0.0;207532032;0
0.0;207532032;0
0.0;207532032;0
0.0;207532032;0
0.0;207532032;0
0.0;207532032;0
0.0;207532032;0
0.0;207532032;0
0.0;207532032;0
0.0;207532032;0
0.0;207532032;0
0.0;207532032;0
0.0;207532032;0
0.0;207532032;0
0.0;207532032;0
0.0;207532032;0
0.0;207532032;0
0.0;207532032;0
0.0;207532032;0
0.0;207532032;0
0.0;207532032;0
0.0;207532032;0
0.0;207532032;0
0.0;207532032;0
0.0;207532032;0
0.0;207532032;0
0.0;207532032;0
0.0;207532032;0
0.0;207532032;0
33.2;213233664;0
0.0;213233664;0
0.0;213233664;0
0.0;213233664;0
0.0;213233664;0
0.0;213233664;0
0.0;213233664;0
0.0;213233664;0
0.0;213233664;0
0.0;213233664;0
0.0;213233664;0
0.0;213233664;0
0.0;213233664;0
0.0;213233664;0
0.0;213233664;0
0.0;213233664;0
0.0;213233664;0
0.0;213233664;0
0.0;213233664;0
0.0;213233664;0
0.0;213233664;0
0.0;213233664;0
0.0;213233664;0
0.0;213233664;0
0.0;213233664;0
0.0;213233664;0
0.0;213233664;0
0.0;213233664;0
0.0;213233664;0
0.0;213233664;0
0.0;213233664;0
0.0;213233664;0
0.0;213233664;0
0.0;213233664;0
0.0;213233664;0
0.0;213233664;0
0.0;214089728;0
14.3;218935296;0
0.0;218935296;0
0.0;218935296;0
0.0;218935296;0
0.0;218935296;0
0.0;218935296;0
0.0;218935296;0
0.0;218935296;0
0.0;218935296;0
0.0;218935296;0
0.0;218935296;0
0.0;218935296;0
0.0;218935296;0
0.0;218935296;0
0.0;218935296;0
0.0;218935296;0
0.0;218935296;0
0.0;218935296;0
0.0;218935296;0
0.0;218935296;0
0.0;218935296;0
0.0;218935296;0
0.0;218935296;0
0.0;218935296;0
0.0;218935296;0
0.0;218935296;0
0.0;218935296;0
0.0;218935296;0
0.0;218935296;0
0.0;218935296;0
0.0;218935296;0
0.0;218935296;0
0.0;218935296;0
0.0;218935296;0
0.0;218935296;0
0.0;218935296;0
28.4;224645120;0
0.0;224645120;0
0.0;224645120;0
0.0;224645120;0
0.0;224645120;0
0.0;224645120;0
0.0;224645120;0
0.0;224645120;0
0.0;224645120;0
0.0;224645120;0
0.0;224645120;0
0.0;224645120;0
0.0;224645120;0
0.0;224645120;0
0.0;224645120;0
0.0;224645120;0
0.0;224645120;0
0.0;224645120;0
0.0;224645120;0
0.0;224645120;0
0.0;224645120;0
0.0;224645120;0
0.0;224645120;0
0.0;224645120;0
0.0;224645120;0
0.0;224645120;0
0.0;224645120;0
0.0;224645120;0
0.0;224645120;0
0.0;224645120;0
0.0;224645120;0
0.0;224645120;0
0.0;224645120;0
0.0;224645120;0
0.0;224645120;0
0.0;224645120;0
28.7;230346752;0
0.0;230346752;0
0.0;230346752;0
0.0;230338560;0
0.0;230338560;0
0.0;230338560;0
0.0;230338560;0
0.0;230338560;0
0.0;230338560;0
0.0;230338560;0
0.0;230338560;0
0.0;230338560;0
0.0;230338560;0
0.0;230338560;0
0.0;230338560;0
0.0;230338560;0
0.0;230338560;0
0.0;230338560;0
0.0;230338560;0
0.0;230338560;0
0.0;230338560;0
0.0;230338560;0
0.0;230338560;0
0.0;230338560;0
0.0;230338560;0
0.0;230338560;0
0.0;230338560;0
0.0;230338560;0
0.0;230338560;0
0.0;230338560;0
0.0;230338560;0
0.0;230338560;0
0.0;230338560;0
0.0;230338560;0
0.0;230338560;0
33.2;236068864;0
0.0;236068864;0
0.0;236068864;0
0.0;236068864;0
0.0;236068864;0
0.0;236068864;0
0.0;236068864;0
