0.0;10502144;0
0.0;10502144;0
0.0;10502144;0
0.0;10502144;0
0.0;10502144;0
0.0;10502144;0
0.0;10502144;0
0.0;10502144;0
0.0;10502144;0
0.0;10502144;0
0.0;10502144;0
0.0;10502144;0
0.0;10502144;0
0.0;10502144;0
0.0;10502144;0
0.0;10502144;0
0.0;10502144;0
0.0;10502144;0
0.0;10502144;0
0.0;10502144;0
0.0;10502144;0
0.0;10502144;0
0.0;10502144;0
0.0;10502144;0
0.0;10502144;0
0.0;10502144;0
0.0;10502144;0
0.0;10502144;0
0.0;10502144;0
0.0;10502144;0
0.0;10502144;0
0.0;10502144;0
0.0;10502144;0
0.0;10502144;0
0.0;10502144;0
0.0;10502144;0
0.0;10502144;0
0.0;10502144;0
86.0;43626496;0
100.3;81473536;0
99.7;114581504;0
99.7;139829248;0
99.7;171581440;0
100.3;195399680;69
99.4;195399680;747
84.0;195366912;616
0.0;195366912;0
0.0;195366912;0
0.0;195366912;0
0.0;195366912;0
0.0;195366912;0
0.0;195366912;0
0.0;195366912;0
0.0;195366912;0
0.0;195366912;0
0.0;195366912;0
0.0;195366912;0
0.0;195366912;0
0.0;195366912;0
0.0;195366912;0
0.0;195366912;0
0.0;195366912;0
0.0;195366912;0
0.0;195366912;0
0.0;195366912;0
0.0;195366912;0
0.0;195366912;0
0.0;195366912;0
0.0;195366912;0
0.0;195366912;0
0.0;195366912;0
0.0;195366912;0
0.0;195366912;0
0.0;195366912;0
0.0;195366912;0
28.4;204906496;0
0.0;202293248;0
0.0;202293248;0
0.0;202293248;0
0.0;202293248;0
0.0;202293248;0
0.0;202293248;0
0.0;202293248;0
0.0;202293248;0
0.0;202293248;0
0.0;202293248;0
0.0;202293248;0
0.0;202293248;0
0.0;202293248;0
0.0;202293248;0
0.0;202293248;0
0.0;202293248;0
0.0;202293248;0
0.0;202293248;0
0.0;202293248;0
0.0;202293248;0
0.0;202293248;0
0.0;202293248;0
0.0;202293248;0
0.0;202293248;0
0.0;202293248;0
0.0;202293248;0
0.0;202293248;0
0.0;202293248;0
0.0;202293248;0
0.0;202293248;0
0.0;202293248;0
0.0;202293248;0
0.0;202293248;0
0.0;202293248;0
0.0;202293248;0
0.0;202293248;0
33.2;207998976;0
0.0;207998976;0
0.0;207998976;0
0.0;207998976;0
0.0;207998976;0
0.0;207998976;0
0.0;207998976;0
0.0;207998976;0
0.0;207998976;0
0.0;207998976;0
0.0;207998976;0
0.0;207998976;0
0.0;207998976;0
0.0;207998976;0
0.0;207998976;0
0.0;207998976;0
0.0;207998976;0
0.0;207998976;0
0.0;207998976;0
0.0;207998976;0
0.0;207998976;0
0.0;207998976;0
0.0;207998976;0
0.0;207998976;0
0.0;207998976;0
0.0;207998976;0
0.0;207998976;0
0.0;207998976;0
0.0;207998976;0
0.0;207998976;0
0.0;207998976;0
0.0;207998976;0
0.0;207998976;0
0.0;207998976;0
0.0;207998976;0
0.0;207998976;0
0.0;207998976;0
28.7;213757952;0
0.0;213757952;0
0.0;213757952;0
0.0;213757952;0
0.0;213757952;0
0.0;213757952;0
0.0;213757952;0
0.0;213757952;0
0.0;213757952;0
0.0;213757952;0
0.0;213757952;0
0.0;213757952;0
0.0;213757952;0
0.0;213757952;0
0.0;213757952;0
0.0;213757952;0
0.0;213757952;0
0.0;213757952;0
0.0;213757952;0
0.0;213757952;0
0.0;213757952;0
0.0;213757952;0
0.0;213757952;0
0.0;213757952;0
0.0;213757952;0
0.0;213757952;0
0.0;213757952;0
0.0;213757952;0
0.0;213757952;0
0.0;213757952;0
0.0;213757952;0
0.0;213757952;0
0.0;213757952;0
0.0;213757952;0
0.0;213757952;0
0.0;213757952;0
0.0;213757952;0
33.6;219459584;0
0.0;219459584;0
0.0;219459584;0
0.0;219459584;0
0.0;219459584;0
0.0;219459584;0
0.0;219459584;0
0.0;219459584;0
0.0;219459584;0
0.0;219459584;0
0.0;219459584;0
0.0;219459584;0
0.0;219459584;0
0.0;219459584;0
0.0;219459584;0
0.0;219459584;0
0.0;219459584;0
0.0;219459584;0
0.0;219459584;0
0.0;219459584;0
0.0;219459584;0
0.0;219459584;0
0.0;219459584;0
0.0;219459584;0
0.0;219459584;0
0.0;219459584;0
0.0;219459584;0
0.0;219459584;0
0.0;219459584;0
0.0;219459584;0
0.0;219459584;0
0.0;219459584;0
0.0;219459584;0
0.0;219459584;0
0.0;219459584;0
14.2;225161216;0
0.0;225161216;0
0.0;225161216;0
0.0;225161216;0
0.0;225161216;0
0.0;225161216;0
0.0;225161216;0
0.0;225161216;0
0.0;225161216;0
0.0;225161216;0
0.0;225161216;0
0.0;225161216;0
0.0;225161216;0
0.0;225161216;0
0.0;225161216;0
0.0;225161216;0
0.0;225161216;0
0.0;225161216;0
0.0;225161216;0
0.0;225161216;0
0.0;225161216;0
0.0;225161216;0
0.0;225161216;0
0.0;225161216;0
0.0;225161216;0
0.0;225161216;0
0.0;225161216;0
0.0;225161216;0
0.0;225161216;0
0.0;225161216;0
0.0;225161216;0
0.0;225161216;0
0.0;225161216;0
0.0;225161216;0
0.0;225161216;0
28.4;230862848;0
0.0;230862848;0
0.0;230862848;0
0.0;230862848;0
0.0;230862848;0
0.0;230842368;0
0.0;230842368;0
0.0;230842368;0
0.0;230842368;0
0.0;230842368;0
0.0;230842368;0
0.0;230842368;0
0.0;230842368;0
0.0;230842368;0
0.0;230842368;0
0.0;230842368;0
0.0;230842368;0
0.0;230842368;0
0.0;230842368;0
0.0;230842368;0
0.0;230842368;0
0.0;230842368;0
0.0;230842368;0
0.0;230842368;0
0.0;230842368;0
0.0;230842368;0
0.0;230842368;0
0.0;230842368;0
0.0;230842368;0
0.0;230842368;0
0.0;230842368;0
0.0;230842368;0
0.0;230842368;0
0.0;230842368;0
0.0;230842368;0
33.2;235302912;0
0.0;236539904;0
0.0;236539904;0
0.0;236539904;0
0.0;236539904;0
0.0;236539904;0
0.0;236539904;0
0.0;236539904;0
0.0;236539904;0
