45.0;91.2;40.8;0.0
50.0;107.4;85.2;0.0
69.6;128.6;82.3;0.0
69.9;141.9;28.4;0.0
45.0;158.0;35.2;0.0
10.0;159.7;2.0;0.0
0.0;159.7;0.0;0.0
0.0;159.7;0.1;0.0
0.0;159.7;0.0;0.0
0.0;159.7;0.0;0.0
0.0;159.7;0.0;0.0
0.0;159.7;0.0;0.0
0.0;159.7;0.0;0.0
0.0;159.7;0.0;0.0
0.0;159.7;0.0;0.0
0.0;159.7;0.0;0.0
0.0;159.7;0.0;0.0
0.0;159.7;0.0;0.0
0.0;159.7;0.0;0.0
0.0;159.7;0.0;0.0
0.0;159.7;0.0;0.0
0.0;159.7;0.0;0.0
0.0;159.7;1.3;0.0
0.0;159.7;0.0;0.0
0.0;159.7;0.7;0.0
0.0;159.7;0.0;0.0
0.0;159.7;0.6;0.0
0.0;159.7;0.0;0.0
40.0;160.4;0.5;0.0
49.6;160.4;0.0;0.0
50.0;160.4;0.0;0.0
29.9;160.9;1.4;0.0
0.0;160.9;0.0;0.0
0.0;160.9;0.0;0.0
0.0;160.9;0.0;0.0
0.0;160.9;0.0;0.0
0.0;160.9;0.0;0.0
0.0;160.9;0.0;0.0
0.0;160.9;0.0;0.0
0.0;160.9;0.1;0.0
0.0;160.9;0.0;0.0
0.0;160.9;1.3;0.0
0.0;160.9;0.0;0.0
4.8;160.9;0.7;0.0
0.0;160.9;0.0;0.0
0.0;160.9;0.6;0.0
0.0;160.9;0.0;0.0
4.8;161.2;0.4;0.0
49.4;214.3;95.1;4.0
43.9;245.1;834.7;0.0
50.0;245.1;304.2;0.0
54.0;245.1;317.8;0.0
50.0;245.5;331.4;0.0
50.0;245.5;339.2;0.0
48.9;276.8;225.5;0.0
50.0;276.8;0.6;196.0
50.0;276.8;0.4;128.0
48.0;246.4;0.5;100.0
