42.5;92.0;40.2;0.0
53.2;107.4;99.6;0.0
79.2;134.3;87.5;0.0
57.5;155.1;43.4;0.0
29.9;159.6;2.6;0.0
0.0;159.6;0.0;0.0
0.0;159.6;0.1;0.0
0.0;159.6;0.0;0.0
0.0;159.6;0.0;0.0
0.0;159.6;1.3;0.0
0.0;159.6;0.0;0.0
0.0;159.6;0.7;0.0
0.0;159.6;0.0;0.0
0.0;159.6;0.6;0.0
0.0;159.6;0.0;0.0
36.5;160.4;0.5;0.0
53.2;160.4;0.0;0.0
53.5;160.4;1.4;0.0
19.9;160.9;0.0;0.0
0.0;160.9;0.0;0.0
0.0;160.9;0.1;0.0
0.0;160.9;0.0;0.0
0.0;160.9;1.3;0.0
0.0;160.9;0.0;0.0
0.0;160.9;0.7;0.0
0.0;160.9;0.0;0.0
0.0;160.9;0.6;0.0
0.0;160.9;0.0;0.0
33.9;167.6;16.0;4.0
49.5;276.6;2480.8;448.0
55.6;181.4;0.0;0.0
