45.0;100.8;69.4;0.0
49.9;114.4;89.0;0.0
84.9;138.8;55.2;0.0
50.0;157.3;39.1;0.0
24.9;159.4;2.0;0.0
0.0;159.4;0.0;0.0
0.0;159.4;0.1;0.0
0.0;159.4;0.0;0.0
0.0;159.4;0.0;0.0
0.0;159.4;1.3;0.0
0.0;159.4;0.0;0.0
0.0;159.4;0.7;0.0
0.0;159.4;0.0;0.0
0.0;159.4;0.6;0.0
0.0;159.4;0.0;0.0
29.9;160.3;0.5;0.0
49.5;160.3;0.0;0.0
48.1;160.3;0.0;0.0
45.0;160.7;1.4;0.0
0.0;160.7;0.0;0.0
0.0;160.7;0.1;0.0
0.0;160.7;0.0;0.0
0.0;160.7;1.2;0.0
0.0;160.7;0.0;0.0
0.0;160.7;0.7;0.0
0.0;160.7;0.0;0.0
0.0;160.7;0.6;0.0
0.0;160.7;0.0;0.0
0.0;161.0;0.5;0.0
52.8;174.4;17.4;4.0
48.6;213.9;273.9;0.0
49.5;244.7;684.9;0.0
48.8;244.7;303.2;0.0
50.0;244.7;320.2;0.0
54.6;245.2;320.9;0.0
50.0;245.2;349.4;0.0
45.0;276.4;178.4;0.0
49.9;276.4;0.8;260.0
48.9;276.4;0.4;128.0
50.0;246.0;0.5;68.0
