49.7;90.8;41.4;0.0
45.0;106.5;71.8;0.0
69.6;125.0;84.2;0.0
66.0;142.3;40.9;0.0
50.0;157.6;34.2;0.0
5.0;159.4;2.0;0.0
0.0;159.4;0.0;0.0
0.0;159.4;0.1;0.0
0.0;159.4;0.0;0.0
0.0;159.4;1.3;0.0
0.0;159.4;0.0;0.0
0.0;159.4;0.7;0.0
0.0;159.4;0.0;0.0
0.0;159.4;0.6;0.0
0.0;159.4;0.0;0.0
20.0;160.2;0.6;0.0
48.6;160.2;0.0;0.0
49.4;160.2;0.0;0.0
55.0;160.2;1.4;0.0
9.9;160.7;0.0;0.0
0.0;160.7;0.0;0.0
0.0;160.7;0.1;0.0
0.0;160.7;0.0;0.0
0.0;160.7;1.2;0.0
0.0;160.7;0.0;0.0
0.0;160.7;0.7;0.0
0.0;160.7;0.0;0.0
5.0;160.7;0.5;0.0
0.0;160.7;0.0;0.0
29.9;165.5;16.2;4.0
47.5;195.7;38.5;0.0
50.0;244.9;865.9;0.0
55.0;244.9;299.8;0.0
50.0;244.9;319.4;0.0
46.8;245.2;374.4;0.0
53.9;245.2;354.6;0.0
45.0;276.4;225.5;0.0
50.0;276.4;0.6;196.0
48.8;276.4;0.6;192.0
55.0;246.1;0.3;64.0
