0.0;10493952;0
0.0;10493952;0
0.0;10493952;0
50.4;12259328;0
142.0;14286848;0
216.1;16007168;0
182.8;16035840;0
157.7;16207872;0
166.2;14721024;0
100.8;18210816;0
182.8;16572416;0
215.0;19927040;0
199.5;19791872;0
184.8;20090880;0
184.7;20086784;0
200.7;20115456;0
199.5;20127744;0
215.0;20144128;0
198.9;20156416;0
201.6;20254720;0
166.2;18653184;0
186.4;20299776;0
199.5;20353024;0
199.5;20402176;0
199.5;20459520;0
143.3;17235968;0
216.1;21217280;0
199.5;21217280;0
201.6;21217280;0
198.9;21225472;0
99.7;17731584;0
199.5;20914176;0
201.6;20914176;0
127.8;21069824;0
215.0;21614592;0
199.5;21626880;0
186.4;21250048;0
198.9;21250048;0
201.6;21250048;0
166.2;20729856;0
157.7;21884928;0
200.7;21884928;0
199.5;21884928;0
149.6;20922368;0
182.8;22769664;0
172.0;21143552;0
184.7;22827008;0
184.8;22827008;0
149.6;19574784;0
143.3;22892544;0
198.9;22888448;0
201.6;21262336;0
216.1;22884352;0
199.5;22884352;0
114.7;21258240;0
199.5;22884352;0
99.7;22945792;0
199.5;22945792;0
200.7;22945792;0
156.3;23138304;0
172.0;21512192;0
149.6;22548480;0
199.5;22548480;0
182.8;20922368;0
143.3;23605248;0
172.0;23609344;0
199.5;23625728;0
235.2;31780864;0
199.5;31780864;0
287.5;57180160;0
301.0;85921792;0
298.3;111353856;0
285.6;131653632;0
282.6;145809408;0
299.2;164716544;0
258.0;185176064;0
282.6;203190272;0
258.0;209301504;346
298.3;209301504;665
229.4;209338368;421
182.8;207716352;0
133.0;209342464;0
184.8;207716352;0
142.0;209870848;0
200.7;209870848;0
149.6;209870848;0
201.6;209870848;0
184.7;208240640;0
186.4;209870848;0
157.7;208248832;0
199.5;209874944;0
199.5;209874944;0
149.6;208248832;0
201.6;209874944;0
142.0;206651392;0
200.7;209879040;0
200.7;209883136;0
149.6;210350080;0
199.5;210350080;0
166.2;210423808;0
201.6;210423808;0
198.9;210423808;0
151.2;210427904;0
199.5;210427904;0
149.6;208801792;0
149.6;210952192;0
200.7;210952192;0
200.7;210944000;0
198.9;210944000;0
201.6;210944000;0
116.4;209317888;0
182.8;210939904;0
199.5;210939904;0
114.7;209309696;0
201.6;210956288;0
156.3;210960384;0
200.7;210960384;0
199.5;210960384;0
166.2;210964480;0
199.5;210968576;0
166.2;211488768;0
200.7;211488768;0
198.9;211484672;0
200.7;211480576;0
199.5;211480576;0
199.5;211963904;0
199.5;211963904;0
166.2;210341888;0
184.8;211968000;0
170.5;210345984;0
186.4;211972096;0
200.7;211972096;0
127.8;210227200;0
200.7;212099072;0
199.5;212099072;0
184.8;212094976;0
199.5;212094976;0
166.2;212099072;0
184.8;210477056;0
166.2;212094976;0
200.7;212094976;0
198.9;212094976;0
186.4;212148224;0
199.5;212148224;0
166.2;212217856;0
134.4;210595840;0
182.8;212279296;0
200.7;212275200;0
127.8;210649088;0
216.1;221102080;0
129.0;216375296;0
258.0;251256832;0
299.2;279482368;0
266.0;303267840;0
302.4;327540736;0
249.3;344465408;0
299.2;362921984;0
299.2;379482112;0
216.1;398159872;0
252.0;402980864;0
216.1;215773184;0
199.5;215773184;0
201.6;215773184;0
182.8;214085632;0
199.5;217194496;0
199.5;217194496;0
133.0;217255936;0
201.6;217415680;0
182.8;217415680;0
199.5;217415680;0
201.6;217505792;0
133.0;215883776;0
133.0;215879680;0
199.5;217530368;0
199.5;217530368;0
201.6;217530368;0
199.5;216072192;0
149.6;215523328;0
199.5;217649152;0
200.7;217649152;0
199.5;217649152;0
172.0;217632768;0
198.9;217726976;0
200.7;217726976;0
215.0;217726976;0
182.8;217735168;0
201.6;217735168;0
143.3;216109056;0
184.7;217735168;0
157.7;217772032;0
184.7;217776128;0
200.7;217776128;0
200.7;217776128;0
199.5;217776128;0
134.4;216195072;0
149.6;217817088;0
199.5;217817088;0
199.5;217817088;0
216.1;217817088;0
201.6;217821184;0
133.0;214573056;0
216.1;217980928;0
201.6;217980928;0
182.8;218136576;0
199.5;218136576;0
170.5;218140672;0
116.4;218357760;0
201.6;218357760;0
199.5;218357760;0
199.5;218361856;0
168.0;216870912;0
149.6;218525696;0
199.5;218525696;0
199.5;218525696;0
182.8;218599424;0
168.0;216973312;0
199.5;218595328;0
199.5;218595328;0
151.2;218664960;0
199.5;218669056;0
156.2;218742784;0
157.7;217182208;0
156.2;219111424;0
200.7;219115520;0
200.7;219115520;0
198.9;219115520;0
168.0;217489408;0
186.4;219353088;0
198.9;219353088;0
199.5;219357184;0
198.9;219492352;0
186.4;218783744;0
286.7;247566336;0
299.2;267616256;0
282.6;287682560;0
252.0;312360960;0
243.7;331730944;0
298.3;348332032;0
301.0;367505408;0
299.2;384376832;0
266.0;405917696;0
268.8;251797504;0
200.7;221925376;0
198.9;221925376;0
200.7;221925376;0
67.2;221888512;0
199.5;223055872;0
200.7;223055872;0
182.8;223150080;0
216.1;223158272;0
201.6;223158272;0
149.6;221532160;0
166.2;223244288;0
143.3;221622272;0
186.4;223248384;0
198.9;223248384;0
186.4;220753920;0
198.9;223289344;0
199.5;223289344;0
134.4;223326208;0
199.5;223334400;0
199.5;223334400;0
201.6;223334400;0
199.5;223334400;0
85.2;220086272;0
186.4;223440896;0
198.9;223440896;0
172.0;220221440;0
201.6;223596544;0
116.4;223612928;0
199.5;223612928;0
134.4;223612928;0
166.2;223641600;0
198.9;223641600;0
186.4;223707136;0
198.9;223744000;0
116.4;222117888;0
201.6;223870976;0
99.7;221995008;0
199.5;223870976;0
201.6;223870976;0
149.6;224038912;0
182.8;224174080;0
200.7;224174080;0
170.5;222547968;0
157.7;224346112;0
201.6;224346112;0
199.5;222724096;0
199.5;224354304;0
168.0;223817728;0
199.5;224595968;0
99.7;224661504;0
200.7;224665600;0
198.9;224665600;0
186.4;224854016;0
200.7;224858112;0
166.2;225034240;0
199.5;225034240;0
117.6;223408128;0
216.1;225189888;0
