8.3;57.2;22.3;1.5;0.0;1060.0
7.0;95.0;108.6;10.0;0.0;1060.0
8.3;137.2;133.9;7.8;0.0;1060.0
7.1;167.4;133.9;7.3;0.0;1060.0
7.0;200.3;87.9;6.0;0.0;1060.0
8.3;220.0;122.0;4.3;0.0;1060.0
8.4;227.4;503.4;1.8;0.0;1060.0
8.4;227.4;665.9;1.1;0.0;1060.0
8.3;227.4;648.0;1.1;0.0;1060.0
8.3;227.4;657.6;1.1;0.0;1060.0
8.4;234.7;114.6;0.4;0.0;1060.0
8.3;244.1;0.0;0.0;0.0;1060.0
8.3;255.8;0.8;0.0;0.0;1060.0
8.4;267.7;0.0;0.0;0.0;1060.0
8.3;278.5;0.0;0.0;0.0;1060.0
8.4;288.3;0.0;0.0;0.0;1060.0
8.3;298.9;0.0;0.0;0.0;1060.0
8.3;336.0;0.0;0.0;0.0;1060.0
8.4;314.2;0.9;3.7;0.0;1060.0
8.3;320.1;0.0;0.0;0.0;1170.0
8.3;742.6;1.2;0.0;4.0;1234.0
8.4;816.1;0.6;0.0;0.0;7442.0
8.3;2088.9;7.8;451.9;1.0;8015.0
8.3;2089.0;13.3;496.5;0.0;8015.0
8.4;2114.0;0.7;16.8;0.0;8015.0
8.3;2159.2;0.0;0.0;0.0;8015.0
8.3;2172.9;0.0;0.0;0.0;8015.0
8.4;2175.1;0.0;0.0;0.0;8015.0
8.3;2171.8;0.0;0.0;0.0;8015.0
8.4;2173.7;0.1;5.8;0.0;8015.0
8.3;2171.7;0.0;0.0;0.0;8015.0
8.3;2200.6;0.6;4.7;0.0;8015.0
8.4;2208.7;4.0;295.5;0.0;8015.0
8.4;2208.7;8.6;413.6;0.0;8015.0
6.9;2200.7;6.3;206.1;0.0;8015.0
8.3;2200.5;0.1;2.4;0.0;8015.0
8.4;2186.1;0.3;0.0;0.0;8015.0
8.3;2189.6;0.0;0.0;0.0;8015.0
8.4;2200.2;0.0;0.0;0.0;8015.0
8.3;2247.6;0.1;0.0;2.0;8049.0
8.3;2313.0;0.7;0.3;0.0;8049.0
8.4;2316.1;0.0;0.0;0.0;8049.0
8.3;2332.5;0.0;0.0;0.0;8049.0
13.8;2332.7;0.0;0.0;46.0;8049.0
15.2;2332.7;1.2;0.0;97.0;8049.0
15.2;2332.8;1.2;0.0;98.0;8049.0
13.1;2332.8;1.2;0.0;97.0;8049.0
10.8;2332.8;1.8;0.0;97.0;8049.0
12.5;2332.8;1.2;0.0;97.0;8049.0
15.2;2332.8;1.2;0.0;97.0;8049.0
15.5;2332.8;1.2;0.0;99.0;8049.0
13.0;2332.8;1.2;0.0;97.0;8049.0
9.8;2332.8;1.8;0.0;97.0;8049.0
12.5;2332.8;1.2;0.0;97.0;8049.0
15.4;2332.8;1.2;0.0;97.0;8049.0
15.5;2332.8;1.2;0.0;99.0;8049.0
12.5;2332.8;1.2;0.0;97.0;8049.0
10.8;2332.8;1.8;0.0;97.0;8049.0
11.9;2332.8;1.2;0.0;97.0;8049.0
19.4;2332.9;1.2;0.0;97.0;8049.0
16.6;2332.9;1.2;0.0;99.0;8049.0
13.1;2332.9;1.2;0.0;97.0;8049.0
11.8;2332.9;1.8;0.0;97.0;8049.0
11.1;2332.9;1.2;0.0;97.0;8049.0
15.4;2332.9;1.3;0.3;97.0;8049.0
16.6;2332.9;1.2;0.0;99.0;8049.0
14.0;2332.9;1.2;0.0;97.0;8049.0
18.0;2332.9;1.8;0.0;97.0;8049.0
11.1;2332.9;1.2;0.0;97.0;8049.0
14.3;2332.9;1.2;0.0;97.0;8049.0
16.6;2332.9;1.2;0.0;99.0;8049.0
13.8;2332.9;1.2;0.0;97.0;8049.0
11.9;2332.9;1.8;0.0;97.0;8049.0
10.8;2332.9;1.2;0.0;97.0;8049.0
13.8;2332.9;1.2;0.0;97.0;8049.0
16.8;2332.9;1.2;0.0;99.0;8049.0
14.2;2332.9;1.2;0.0;97.0;8049.0
12.5;2332.9;1.8;0.0;97.0;8049.0
9.8;2332.9;1.2;0.0;97.0;8049.0
13.8;2332.9;1.2;0.0;97.0;8049.0
15.5;2332.9;1.2;0.0;97.0;8049.0
15.2;2332.9;1.2;0.0;97.0;8049.0
12.5;2332.9;1.2;0.0;97.0;8049.0
9.7;2332.9;1.8;0.0;97.0;8049.0
13.1;2332.9;1.2;0.0;97.0;8049.0
13.8;2332.9;1.2;0.0;98.0;8049.0
15.2;2332.9;1.2;0.0;97.0;8049.0
11.9;2332.9;1.2;0.0;97.0;8049.0
9.7;2332.9;2.1;0.0;97.0;8049.0
12.6;2332.9;1.2;0.0;97.0;8049.0
15.4;2332.9;1.2;0.0;99.0;8049.0
15.2;2332.9;1.2;0.0;97.0;8049.0
12.6;2332.9;1.3;0.3;97.0;8049.0
8.3;2332.9;1.8;0.0;97.0;8049.0
11.9;2332.9;1.2;0.0;97.0;8049.0
15.5;2332.9;1.2;0.0;99.0;8049.0
16.6;2332.9;1.2;0.0;97.0;8049.0
12.5;2332.9;1.2;0.0;97.0;8049.0
11.9;2332.9;1.8;0.0;97.0;8049.0
11.8;2332.9;1.2;0.0;97.0;8049.0
15.2;2332.9;1.2;0.0;99.0;8049.0
16.8;2332.9;1.2;0.0;97.0;8049.0
13.0;2332.9;1.2;0.0;97.0;8049.0
11.9;2332.9;1.8;0.0;97.0;8049.0
11.1;2332.9;1.2;0.0;97.0;8049.0
14.2;2332.9;1.2;0.0;99.0;8049.0
16.7;2332.9;1.2;0.0;97.0;8049.0
13.8;2332.9;1.2;0.0;97.0;8049.0
11.8;2332.9;1.8;0.0;97.0;8049.0
10.8;2332.9;1.2;0.0;97.0;8049.0
15.2;2332.9;1.2;0.0;97.0;8049.0
16.6;2332.9;1.2;0.0;97.0;8049.0
14.0;2332.9;1.2;0.0;97.0;8049.0
11.8;2332.9;1.8;0.0;97.0;8049.0
8.3;2332.9;1.2;0.0;97.0;8049.0
12.6;2332.9;1.2;0.0;97.0;8049.0
16.6;2332.9;1.2;0.0;97.0;8049.0
14.3;2332.9;1.2;0.0;97.0;8049.0
11.1;2332.9;1.8;0.0;97.0;8049.0
11.1;2332.9;1.2;0.0;97.0;8049.0
13.8;2332.9;1.3;0.3;97.0;8049.0
16.7;2332.9;1.2;0.0;97.0;8049.0
15.2;2332.9;1.2;0.0;97.0;8049.0
11.1;2332.9;1.2;0.0;97.0;8049.0
13.1;2332.9;1.8;0.0;97.0;8049.0
13.0;2332.9;1.2;0.0;97.0;8049.0
16.8;2332.9;1.2;0.0;97.0;8049.0
15.2;2332.9;1.2;0.0;97.0;8049.0
11.8;2332.9;1.2;0.0;97.0;8049.0
11.2;2332.9;1.8;0.0;97.0;8049.0
12.5;2332.9;1.2;0.0;97.0;8049.0
15.5;2332.9;1.2;0.0;97.0;8049.0
16.6;2332.9;1.2;0.0;97.0;8049.0
11.9;2332.9;1.2;0.0;97.0;8049.0
11.1;2332.9;2.1;0.0;99.0;8049.0
21.5;2332.9;1.2;0.0;97.0;8049.0
12.5;2332.9;1.2;0.0;97.0;8049.0
13.8;2332.9;1.2;0.0;97.0;8049.0
16.7;2332.9;1.2;0.0;97.0;8041.0
14.2;2332.9;1.2;0.0;97.0;8041.0
9.8;2332.9;1.8;0.0;97.0;8041.0
11.1;2332.9;1.2;0.0;97.0;8041.0
13.0;2332.9;1.2;0.0;97.0;8041.0
16.7;2332.9;1.2;0.0;97.0;8041.0
15.2;2332.9;1.2;0.0;97.0;8041.0
11.1;2332.9;1.8;0.0;97.0;8041.0
11.9;2332.9;1.2;0.0;97.0;8041.0
13.1;2332.9;1.2;0.0;97.0;8041.0
16.6;2332.9;1.3;0.3;97.0;8041.0
14.0;2332.9;1.2;0.0;97.0;8041.0
11.8;2332.9;1.2;0.0;97.0;8041.0
11.1;2332.9;1.8;0.0;97.0;8041.0
12.6;2332.9;1.2;0.0;97.0;8041.0
16.6;2332.9;1.2;0.0;97.0;8041.0
15.5;2332.9;1.2;0.0;97.0;8041.0
11.9;2332.9;1.2;0.0;97.0;8041.0
11.1;2332.9;1.8;0.0;97.0;8041.0
10.8;2332.9;1.2;0.0;97.0;8041.0
15.2;2332.9;1.2;0.0;97.0;8041.0
15.2;2332.9;1.2;0.0;97.0;8041.0
11.9;2332.9;1.2;0.0;97.0;8041.0
10.8;2332.9;1.8;0.0;97.0;8041.0
12.5;2332.9;1.2;0.0;97.0;8041.0
15.4;2332.9;1.2;0.0;97.0;8041.0
15.4;2332.9;1.2;0.0;97.0;8041.0
11.8;2332.9;1.2;0.0;97.0;8041.0
9.8;2332.9;1.8;0.0;97.0;8041.0
12.5;2332.9;1.2;0.0;99.0;8041.0
14.3;2332.9;1.2;0.0;97.0;8041.0
16.6;2332.9;1.2;0.0;97.0;8041.0
13.8;2332.9;1.2;0.0;97.0;8041.0
9.7;2332.9;1.8;0.0;97.0;8041.0
11.9;2332.9;1.2;0.0;99.0;8041.0
13.8;2332.9;1.2;0.0;97.0;8041.0
16.6;2332.9;1.2;0.0;97.0;8041.0
14.0;2332.9;1.2;0.0;97.0;8041.0
10.7;2332.9;1.9;0.3;97.0;8041.0
11.2;2332.9;1.2;0.0;99.0;8041.0
13.8;2332.9;1.2;0.0;98.0;8041.0
16.6;2332.9;1.5;0.0;97.0;8041.0
14.3;2332.9;1.2;0.0;97.0;8041.0
9.7;2332.9;1.8;0.0;97.0;8041.0
9.6;2332.9;1.2;0.0;97.0;8041.0
14.3;2332.9;1.2;0.0;97.0;8041.0
16.6;2332.9;1.2;0.0;97.0;8041.0
15.2;2332.9;1.2;0.0;97.0;8041.0
11.9;2332.9;1.8;0.0;97.0;8041.0
10.7;2332.9;1.2;0.0;97.0;8041.0
12.5;2332.9;1.2;0.0;97.0;8041.0
15.5;2332.9;1.2;0.0;97.0;8041.0
14.2;2332.9;1.2;0.0;97.0;8041.0
11.9;2332.9;1.8;0.0;97.0;8041.0
9.7;2332.9;1.2;0.0;97.0;8041.0
13.0;2332.9;1.2;0.0;97.0;8041.0
15.5;2332.9;1.2;0.0;97.0;8041.0
14.3;2332.9;1.2;0.0;97.0;8041.0
12.5;2332.9;1.2;0.0;97.0;8041.0
10.8;2332.9;1.8;0.0;97.0;8041.0
13.1;2332.9;1.2;0.0;97.0;8041.0
15.2;2332.9;1.2;0.0;97.0;8041.0
15.4;2332.9;1.2;0.0;97.0;8041.0
11.8;2332.9;1.2;0.0;98.0;8041.0
11.1;2332.9;1.8;0.0;97.0;8041.0
12.6;2332.9;1.2;0.0;97.0;8041.0
14.2;2332.9;1.2;0.0;97.0;8041.0
15.5;2332.9;1.3;0.3;97.0;8041.0
12.5;2332.9;1.2;0.0;99.0;8041.0
11.1;2332.9;1.8;0.0;97.0;8041.0
12.5;2332.9;1.2;0.0;97.0;8041.0
15.2;2332.9;1.2;0.0;97.0;8041.0
16.6;2332.9;1.2;0.0;97.0;8041.0
9.7;2332.9;1.2;0.0;99.0;8041.0
11.9;2332.9;1.8;0.0;97.0;8041.0
11.1;2332.9;1.2;0.0;97.0;8041.0
15.4;2332.9;1.2;0.0;97.0;8041.0
16.6;2332.9;1.2;0.0;97.0;8041.0
13.0;2332.9;1.2;0.0;97.0;8041.0
11.2;2332.9;1.8;0.0;97.0;8041.0
11.1;2332.9;1.2;0.0;97.0;8041.0
14.3;2332.9;1.2;0.0;97.0;8041.0
16.7;2332.9;1.2;0.0;98.0;8041.0
13.8;2332.9;1.2;0.0;97.0;8041.0
11.1;2332.9;1.8;0.0;97.0;8041.0
10.8;2332.9;1.2;0.0;97.0;8041.0
13.8;2332.9;1.5;0.0;97.0;8041.0
16.6;2332.9;1.2;0.0;97.0;8041.0
14.3;2332.9;1.2;0.0;98.0;8041.0
10.7;2332.9;1.8;0.0;97.0;8041.0
9.8;2332.9;1.2;0.0;97.0;8041.0
13.8;2332.9;1.2;0.0;97.0;8041.0
16.6;2332.9;1.2;0.0;98.0;8041.0
14.3;2332.9;1.2;0.0;97.0;8041.0
11.1;2332.9;1.8;0.0;97.0;8041.0
9.7;2332.9;1.3;0.3;97.0;8041.0
13.1;2332.9;1.2;0.0;97.0;8041.0
16.8;2332.9;1.2;0.0;98.0;8041.0
15.2;2332.9;1.2;0.0;97.0;8041.0
11.2;2332.9;1.8;0.0;97.0;8041.0
10.7;2332.9;1.2;0.0;97.0;8041.0
15.4;2332.9;1.2;0.0;97.0;8041.0
16.8;2332.9;1.2;0.0;99.0;8041.0
14.2;2332.9;1.2;0.0;97.0;8041.0
11.9;2332.9;1.8;0.0;97.0;8041.0
10.8;2332.9;1.2;0.0;97.0;8041.0
15.2;2332.9;1.2;0.0;97.0;8041.0
15.5;2332.9;1.2;0.0;99.0;8041.0
15.2;2332.9;1.2;0.0;97.0;8041.0
12.5;2332.9;1.2;0.0;97.0;8041.0
9.7;2332.9;1.8;0.0;97.0;8041.0
13.1;2332.9;1.2;0.0;97.0;8041.0
15.2;2332.9;1.2;0.0;99.0;8041.0
15.4;2332.9;1.2;0.0;97.0;8041.0
13.0;2332.9;1.2;0.0;97.0;8041.0
11.8;2332.9;1.8;0.0;97.0;8041.0
12.6;2332.9;1.2;0.0;97.0;8041.0
16.6;2332.9;1.2;0.0;97.0;8041.0
15.5;2332.9;1.2;0.0;97.0;8041.0
12.5;2332.9;1.2;0.0;97.0;8041.0
11.1;2332.9;1.8;0.0;97.0;8041.0
12.5;2332.9;1.2;0.0;97.0;8041.0
15.5;2332.9;1.2;0.0;97.0;8041.0
16.6;2332.9;1.3;0.3;97.0;8041.0
12.5;2332.9;1.2;0.0;97.0;8041.0
11.2;2332.9;1.8;0.0;97.0;8041.0
11.8;2332.9;1.2;0.0;97.0;8041.0
15.4;2332.9;1.2;0.0;97.0;8041.0
16.6;2332.9;1.2;0.0;97.0;8041.0
12.5;2332.9;1.2;0.0;97.0;8041.0
11.9;2332.9;1.8;0.0;97.0;8041.0
11.1;2332.9;1.5;0.0;97.0;8041.0
14.3;2332.9;1.2;0.0;98.0;8041.0
16.6;2332.9;1.2;0.0;97.0;8041.0
13.8;2332.9;1.2;0.0;97.0;8041.0
11.1;2332.9;1.8;0.0;97.0;8041.0
10.8;2332.9;1.2;0.0;97.0;8041.0
14.2;2332.9;1.2;0.0;99.0;8041.0
16.6;2332.9;1.2;0.0;97.0;8041.0
14.0;2332.9;1.2;0.0;97.0;8041.0
13.0;2332.9;1.8;0.0;97.0;8041.0
10.8;2332.9;1.2;0.0;97.0;8041.0
13.1;2332.9;1.2;0.0;99.0;8041.0
16.6;2332.9;1.2;0.0;97.0;8041.0
14.3;2332.9;1.2;0.0;97.0;8041.0
10.8;2332.9;1.8;0.0;97.0;8041.0
11.1;2332.9;1.2;0.0;97.0;8041.0
13.1;2332.9;1.2;0.0;99.0;8041.0
16.7;2332.9;1.2;0.0;97.0;8041.0
13.8;2332.9;1.2;0.0;97.0;8041.0
11.2;2332.9;1.8;0.0;97.0;8041.0
11.8;2332.9;1.3;0.3;97.0;8041.0
12.5;2332.9;1.2;0.0;98.0;8041.0
16.8;2332.9;1.2;0.0;97.0;8041.0
15.2;2332.9;1.2;0.0;97.0;8041.0
11.9;2332.9;1.2;0.0;97.0;8041.0
12.5;2332.9;1.8;0.0;97.0;8041.0
12.5;2332.9;1.2;0.0;97.0;8041.0
15.5;2332.9;1.2;0.0;97.0;8041.0
15.5;2332.9;1.2;0.0;97.0;8041.0
12.5;2332.9;1.2;0.0;97.0;8041.0
11.1;2332.9;1.8;0.0;97.0;8041.0
