99.9;445054976;1
209.7;504885248;774
119.8;605155328;921
109.9;644476928;1218
109.8;706211840;1191
119.8;714899456;1435
119.8;714899456;1491
99.8;714899456;1540
109.8;714899456;1521
99.8;714899456;1491
99.8;714899456;1539
109.8;782139392;1168
99.9;885030912;1016
99.9;987922432;1016
99.9;1091600384;1024
109.8;1194229760;1014
99.9;1297252352;1016
99.9;1400012800;1015
99.8;1404731392;1500
99.8;1404731392;1548
99.8;1404731392;1548
109.8;1404731392;1546
89.8;1404731392;1539
99.8;1404731392;1553
99.9;1404731392;1520
99.9;1404731392;1547
99.8;1404731392;1536
99.8;1404731392;1553
109.8;1404731392;1545
99.8;1404731392;1529
99.8;1404731392;1537
109.8;1404731392;1549
99.8;1404731392;1545
89.9;1404731392;1553
99.8;1404731392;1514
109.8;1434746880;977
109.8;1434746880;8
99.8;1434746880;0
99.8;1434746880;0
139.8;1434877952;1
229.6;1435009024;1
776.7;1441071104;3
800.2;1441198080;2
789.6;1441722368;3
788.9;1456795648;2
802.5;1456795648;2
792.4;1456795648;2
738.5;1456795648;2
784.1;1452883968;2
776.1;1452883968;0
687.4;1452883968;2
688.8;1546338304;2
699.0;1947287552;0
588.9;2159099904;0
598.8;2159362048;2
598.8;2159362048;0
598.7;2159624192;0
588.7;2159624192;2
549.0;2159624192;1
309.4;2159624192;0
169.7;2172338176;8
99.8;2172338176;0
99.8;2172338176;0
119.8;2172469248;0
219.5;2172600320;0
727.1;2173911040;3
800.4;2173911040;0
796.1;2173911040;0
797.9;2173911040;0
801.3;2173911040;0
794.8;2173911040;0
798.6;2173911040;0
648.5;2173911040;1
799.6;2173911040;0
802.0;2173911040;0
794.5;2173911040;0
807.9;2173911040;0
728.9;2173911040;0
708.1;2173911040;0
588.8;2173911040;1
479.2;2174042112;1
199.6;2174042112;0
169.7;2174042112;1
99.9;2174042112;0
109.8;2174042112;2
109.9;2174021632;7
109.8;2174021632;0
99.8;2174021632;0
109.8;2174021632;0
199.6;2174021632;0
481.2;2174676992;1
800.5;2174676992;0
808.4;2174676992;0
788.3;2174676992;0
799.2;2174676992;0
798.3;2174676992;0
797.5;2174676992;0
800.7;2174676992;0
803.7;2174676992;0
797.0;2174676992;0
788.1;2174676992;0
785.5;2174676992;0
607.1;2176512000;2
598.6;2176512000;0
588.7;2176512000;1
499.1;2176512000;0
389.1;2176512000;0
299.4;2176512000;0
259.5;2176749568;5
99.8;2176880640;2
99.8;2176880640;0
99.8;2176880640;0
149.8;2177142784;0
352.8;2177536000;1
727.4;2177536000;0
704.8;2177536000;0
702.2;2177536000;0
698.7;2177536000;0
745.1;2177536000;0
800.7;2177536000;0
715.2;2177536000;0
688.5;2177536000;1
698.5;2177536000;0
698.5;2177536000;0
698.5;2177536000;0
618.5;2177536000;0
498.9;2177536000;0
498.9;2177536000;0
439.0;2177536000;0
399.2;2177536000;0
289.4;2177536000;0
199.6;2177536000;0
119.8;2177536000;0
99.9;2177536000;0
119.8;2178437120;8
99.8;2178568192;2
99.8;2178568192;0
99.8;2178568192;0
139.8;2178699264;0
334.2;2179354624;1
738.0;2179354624;1
698.6;2179354624;0
698.7;2179354624;2
698.6;2183548928;0
698.6;2183548928;0
779.4;2248953856;0
788.8;2439925760;0
805.6;2439925760;0
791.7;2440056832;0
801.8;2440056832;0
783.4;2440056832;0
800.8;2440056832;0
797.1;2440056832;0
785.1;2440056832;0
798.7;2440056832;0
509.0;2440318976;1
199.7;2440318976;0
139.8;2440318976;0
99.8;2440318976;0
159.7;2444775424;4
99.9;2444775424;2
99.8;2444775424;0
99.9;2444775424;0
139.8;2444906496;0
330.5;2445561856;1
734.5;2445561856;0
695.5;2445561856;0
698.4;2445561856;0
708.1;2445561856;0
708.6;2445561856;0
708.3;2445561856;0
688.3;2445692928;0
698.4;2445692928;0
708.2;2445692928;0
698.3;2445692928;1
698.2;2445692928;0
678.7;2445692928;0
698.4;2445692928;0
698.1;2445692928;0
588.5;2445692928;0
419.2;2445692928;0
219.5;2445692928;1
209.6;2445692928;0
199.6;2445692928;0
169.6;2445692928;4
99.8;2445692928;2
99.9;2445692928;0
99.8;2445692928;0
169.7;2445824000;0
369.2;2446479360;1
768.6;2446479360;0
708.8;2446479360;0
751.0;2446479360;0
800.1;2446479360;0
801.5;2446479360;0
801.6;2446479360;0
805.4;2446479360;0
802.6;2446479360;0
798.7;2446479360;0
788.5;2446479360;0
810.1;2446479360;0
796.9;2446479360;0
798.7;2446479360;0
665.9;2446479360;0
588.7;2446479360;0
229.5;2446479360;0
199.6;2446479360;0
199.6;2446479360;0
139.8;2446872576;7
99.8;2446872576;0
99.8;2446872576;0
109.8;2446872576;0
219.6;2447003648;0
714.2;2447527936;0
698.1;2447527936;0
628.6;2447527936;0
595.5;2447527936;0
598.9;2447527936;0
599.0;2447527936;0
598.9;2447527936;0
588.8;2447527936;2
608.7;2447527936;0
608.8;2447659008;0
588.9;2447659008;0
598.5;2447659008;0
598.4;2447659008;0
598.5;2447659008;0
568.4;2447659008;0
575.9;2447659008;0
598.7;2447659008;0
508.9;2447659008;0
299.4;2447659008;0
189.6;2447921152;8
99.7;2447921152;2
99.8;2447921152;0
99.9;2447921152;0
189.6;2447921152;0
549.2;2448576512;0
721.6;2448576512;0
702.4;2448576512;0
696.3;2448576512;0
698.7;2448576512;0
618.8;2452770816;0
598.8;2452770816;0
598.9;2452770816;0
599.0;2452770816;0
607.7;2452770816;0
608.8;2452770816;0
598.9;2452770816;0
598.9;2452770816;0
599.0;2452770816;2
519.0;2452770816;0
399.3;2452770816;0
399.1;2452770816;0
399.2;2452770816;0
319.4;2452770816;0
209.5;2452770816;4
99.8;2452901888;2
99.9;2452901888;0
99.8;2452901888;0
179.7;2452901888;0
577.3;2453688320;0
758.3;2453688320;0
798.4;2453819392;0
800.6;2453819392;0
757.7;2453819392;2
798.8;2453819392;0
793.4;2453819392;0
798.7;2453819392;0
798.6;2453819392;0
798.7;2453819392;0
801.2;2453819392;0
736.7;2453819392;1
700.5;2453819392;0
668.9;2453819392;0
598.8;2453819392;0
589.0;2697482240;0
319.3;2697613312;0
199.7;2697613312;0
109.8;2697613312;0
99.8;2697613312;0
189.7;2701938688;4
99.8;2702069760;2
99.8;2702069760;0
99.8;2702069760;0
149.6;2702069760;0
239.6;2702462976;0
696.6;2702725120;0
698.5;2702725120;0
708.5;2702856192;0
698.6;2702856192;0
792.0;2702856192;0
795.5;2702856192;0
804.8;2702856192;0
791.3;2702856192;0
797.1;2702856192;0
787.3;2702856192;0
738.2;2702856192;0
799.2;2702856192;0
755.2;2702856192;0
