119.8;448462848;13
189.3;509898752;801
109.8;610430976;926
119.8;648179712;1202
99.8;706768896;1186
129.8;715628544;1289
119.8;715628544;1474
99.8;715628544;1530
99.9;779198464;1189
99.9;881303552;1007
109.8;983801856;1014
99.9;1086038016;1009
99.9;1188536320;1011
89.9;1291296768;1016
99.8;1394188288;1016
99.9;1405460480;1462
99.8;1405460480;1545
99.8;1405460480;1540
99.9;1405460480;1540
99.8;1405460480;1539
99.8;1405460480;1537
109.8;1405460480;1515
99.8;1405460480;1547
99.8;1405460480;1561
109.8;1405460480;1548
99.8;1405460480;1535
89.9;1405460480;1524
109.8;1405460480;1537
99.8;1405460480;1543
99.8;1405460480;1533
99.8;1405460480;1545
109.8;1405460480;1512
99.8;1405460480;1546
89.9;1405460480;1538
99.8;1405460480;1541
99.8;1406377984;1154
109.8;1406377984;8
99.8;1406377984;0
99.8;1406377984;0
119.8;1406377984;1
209.7;1406509056;0
699.1;1412222976;2
800.2;1412050944;5
788.6;1436954624;2
800.3;1436954624;0
786.4;1451896832;2
796.2;1451896832;2
793.0;1452683264;3
805.6;1452814336;3
788.6;1452814336;2
799.0;1452814336;2
785.1;1452814336;2
798.9;1452814336;2
778.4;1497903104;2
758.6;1908027392;0
796.0;1978675200;1
675.2;1978806272;2
548.8;1978806272;1
199.6;1978806272;2
199.6;1978806272;0
221.9;1980641280;4
169.7;1987457024;5
99.9;1987457024;0
99.9;1987457024;0
129.8;1987457024;0
219.7;1987457024;0
709.4;1987981312;2
800.4;1987981312;1
788.8;1987981312;0
804.8;1987981312;1
798.6;1987981312;0
792.8;1987981312;2
790.9;1987981312;0
798.9;1987981312;0
796.9;1987981312;0
807.3;1987981312;0
798.7;1987981312;0
795.6;1987981312;0
797.4;1987981312;0
802.2;1987981312;0
745.2;1987981312;0
409.3;1987981312;1
339.3;1987981312;0
129.8;1988374528;7
99.8;1988374528;0
99.8;1988374528;0
109.8;1988505600;0
219.6;1988505600;0
769.1;1989292032;2
788.5;1989292032;0
789.3;1989292032;0
798.5;1989292032;0
792.9;1989292032;0
814.2;1989292032;0
801.4;1989292032;0
799.6;1989292032;0
750.8;1989292032;0
810.9;1989292032;0
788.8;1989292032;0
798.0;1989292032;0
747.7;1989292032;0
708.9;1989292032;0
569.0;1989292032;0
309.3;1989292032;0
219.6;1989292032;0
199.7;1989292032;0
119.8;1989287936;7
99.8;1989287936;0
99.8;1989287936;0
119.8;1989419008;0
229.7;1989681152;0
771.8;1990074368;2
768.9;1990074368;0
698.4;1990074368;0
697.5;1990074368;0
718.5;1990074368;0
698.7;1990074368;0
668.8;1990074368;0
707.1;1990074368;0
688.4;1990074368;0
698.5;1990074368;0
698.6;1990074368;0
688.7;1990074368;0
648.8;1990074368;0
701.6;1990074368;0
598.6;1990074368;2
538.9;1990074368;0
199.6;1990074368;0
199.6;1990074368;0
199.7;1990074368;0
149.7;1991106560;8
99.8;1991106560;2
99.8;1991106560;0
99.8;1991106560;0
179.7;1991237632;1
539.3;1991892992;1
701.5;1991892992;0
687.8;1991892992;0
698.7;1996480512;0
698.5;1996480512;0
698.6;1996480512;2
698.6;1996480512;0
529.0;1996480512;1
499.2;1996480512;0
499.0;1996480512;0
498.8;1996480512;0
499.1;1996480512;0
499.0;1996480512;0
499.0;1996480512;0
498.7;1996480512;0
499.0;1996480512;0
499.1;1996480512;0
319.3;1996480512;0
199.6;1996480512;0
139.7;1996480512;0
99.8;1996480512;0
119.8;1996742656;5
99.8;1996742656;2
99.8;1996742656;0
99.8;1996742656;0
139.8;1996742656;0
306.1;1997266944;0
792.5;1997266944;1
708.6;1997266944;0
688.3;1997266944;0
703.9;1997266944;1
688.6;1997398016;0
648.9;1997398016;0
676.2;1997398016;0
618.4;1997398016;0
696.7;1997398016;0
698.2;1997398016;0
688.3;1997398016;0
528.7;1997398016;1
499.1;1997398016;2
516.0;1997398016;1
538.7;1997398016;0
598.8;1997398016;0
389.2;1997398016;0
399.3;1997529088;6
99.3;1997660160;2
99.8;1997660160;0
99.8;1997660160;0
139.7;1997660160;0
329.3;1998053376;1
748.0;1998053376;0
618.6;1998053376;0
598.5;1998053376;0
598.6;1998053376;0
538.8;1998184448;0
498.7;1998184448;0
498.9;1998184448;0
499.0;1998184448;0
508.9;1998184448;1
499.1;1998184448;2
508.9;1998184448;0
498.8;1998184448;0
498.8;1998184448;0
498.9;1998184448;0
499.1;1998184448;0
499.1;1998184448;0
489.3;1998184448;0
359.4;1998184448;0
299.5;1998184448;2
209.5;1998184448;5
99.8;1998315520;2
99.8;1998315520;0
99.8;1998315520;0
169.7;1998446592;0
349.6;1999101952;0
629.0;1999101952;1
595.7;1999101952;0
598.7;1999101952;0
712.2;1999101952;0
688.8;1999101952;0
698.3;1999101952;0
698.3;1999101952;2
726.7;1999101952;0
798.1;1999101952;0
798.7;1999101952;0
803.2;1999101952;0
606.4;1999101952;0
598.5;1999101952;2
588.6;1999101952;0
568.7;1999101952;0
499.2;1999101952;0
299.4;1999101952;0
279.5;1999101952;0
129.8;2000019456;11
99.8;2000019456;0
99.8;2000019456;0
99.8;2000019456;0
209.6;2000150528;0
671.8;2000674816;0
809.5;2000674816;1
685.2;2000936960;2
698.1;2005131264;0
698.3;2005131264;0
698.5;2005131264;0
672.3;2005131264;0
708.9;2005131264;0
696.0;2005131264;0
698.7;2005131264;0
688.7;2005131264;0
698.6;2005131264;0
678.6;2116804608;0
399.3;2346049536;0
399.2;2666127360;0
389.2;2999312384;0
409.3;3320438784;0
379.4;3637370880;0
309.5;3852460032;1
299.4;3977764864;0
309.4;3872452608;4
139.8;2919907328;2
99.8;2894372864;0
109.8;2894372864;0
139.8;2894503936;0
219.6;2894503936;0
707.6;2894897152;0
638.6;2894897152;0
598.8;2895814656;0
598.9;2895814656;0
608.5;2895945728;2
598.6;2895945728;0
598.8;2895945728;0
598.8;2895945728;0
499.1;2895945728;0
509.1;2895945728;0
508.8;2895945728;0
498.8;2895945728;0
498.8;2895945728;0
658.3;2895945728;0
639.0;2895945728;0
694.9;2895945728;2
698.5;2895945728;0
409.2;2895945728;0
179.7;2895945728;0
99.8;2895945728;0
139.8;2896207872;7
109.8;2896207872;0
99.8;2896207872;0
109.8;2896338944;0
209.7;2896470016;0
664.2;2896863232;1
788.7;2896863232;0
798.2;2896863232;0
794.1;2896863232;0
753.3;2896863232;0
666.6;2896863232;0
708.3;2896863232;0
708.2;2896863232;2
698.3;2896863232;0
698.6;2896863232;0
608.8;2896863232;0
608.6;2896863232;2
665.3;2896863232;0
698.5;2896863232;0
648.7;2896863232;0
578.7;2896863232;0
