109.8;445710336;4
199.7;502185984;740
119.8;603373568;931
109.8;642170880;1211
99.9;706527232;1180
129.8;715280384;1444
119.8;715411456;1491
99.8;715411456;1516
99.8;715411456;1521
109.8;715411456;1498
109.8;715411456;1541
99.9;778719232;1174
99.9;880955392;1010
99.9;982667264;1004
99.9;1084772352;1008
99.9;1185959936;1000
99.9;1287933952;1006
99.9;1389776896;1006
109.8;1405243392;1435
99.8;1405243392;1545
109.8;1405243392;1544
99.8;1405243392;1549
99.8;1405243392;1547
99.9;1405243392;1537
89.9;1405243392;1519
89.9;1405243392;1536
109.8;1405243392;1540
99.9;1405243392;1538
99.9;1405243392;1535
99.8;1405243392;1518
99.8;1405243392;1540
99.9;1405243392;1544
99.8;1405243392;1536
109.8;1405243392;1542
99.8;1405243392;1525
109.8;1435258880;1214
109.7;1435389952;10
99.8;1435389952;0
99.9;1435389952;0
109.8;1435521024;0
199.7;1435521024;1
573.9;1439154176;2
792.6;1440993280;3
796.2;1441124352;1
784.7;1441513472;4
786.7;1456586752;2
797.4;1456586752;2
782.1;1456586752;2
788.9;1456717824;2
797.1;1456717824;2
787.1;1456717824;2
777.2;1456717824;2
791.6;1605877760;2
800.5;1941684224;0
804.7;2083373056;0
796.4;2083373056;2
798.8;2083373056;0
698.6;2083373056;1
499.1;2083635200;1
199.7;2083635200;0
199.7;2083635200;2
249.5;2093989888;6
99.0;2093989888;2
99.8;2093989888;0
99.9;2093989888;0
139.8;2094120960;0
239.6;2094383104;0
780.0;2094645248;1
804.3;2094645248;0
745.9;2094645248;0
698.3;2094645248;0
698.7;2094645248;0
698.6;2094645248;0
698.6;2094645248;0
638.8;2094645248;0
598.9;2094645248;0
509.0;2094645248;2
399.3;2094645248;0
399.2;2094645248;0
299.6;2094645248;0
299.4;2094645248;0
299.5;2094645248;2
299.5;2094645248;0
299.5;2094645248;0
249.5;2094645248;0
309.5;2094645248;0
259.6;2094645248;0
109.8;2095038464;7
99.8;2095038464;0
99.8;2095038464;0
119.8;2095169536;0
199.6;2095169536;0
583.2;2095693824;1
690.8;2095693824;0
708.0;2095693824;1
739.0;2095693824;2
800.6;2095693824;0
770.5;2095693824;4
808.5;2095693824;0
776.4;2095693824;2
775.8;2095693824;1
677.1;2095693824;0
539.2;2095693824;0
448.0;2095693824;0
299.4;2095693824;0
309.4;2095693824;0
129.8;2095693824;0
109.8;2095693824;0
99.8;2095693824;0
109.8;2095693824;0
99.8;2095693824;0
99.8;2095693824;0
119.8;2095812608;5
99.7;2095943680;2
99.8;2095943680;0
99.8;2095943680;0
159.7;2096074752;0
386.1;2096599040;1
797.6;2096599040;0
798.7;2096599040;0
798.6;2096599040;2
794.6;2096599040;0
788.6;2096599040;0
793.7;2096599040;0
698.7;2096599040;0
698.8;2096599040;0
698.9;2096599040;0
708.6;2096599040;0
698.4;2096599040;0
698.7;2096599040;0
688.6;2096599040;2
678.4;2096599040;0
569.0;2096599040;0
289.5;2096599040;0
277.8;2097508352;7
99.8;2097639424;4
99.8;2097639424;0
99.8;2097639424;0
129.8;2097770496;0
239.7;2097901568;0
768.6;2098425856;1
796.7;2098425856;0
735.2;2098425856;2
706.4;2102751232;1
698.4;2102751232;0
708.2;2102751232;0
698.3;2102751232;0
678.8;2102751232;2
697.6;2102751232;0
668.6;2102751232;0
598.9;2102751232;0
539.1;2102751232;3
708.7;2102751232;0
678.7;2102751232;0
598.7;2102751232;0
429.2;2102751232;2
299.5;2102751232;0
259.5;2102988800;5
99.8;2103119872;2
99.9;2103119872;0
99.9;2103119872;0
139.8;2103250944;0
249.5;2103513088;0
791.4;2103775232;0
797.0;2103775232;0
797.6;2103775232;0
798.7;2103775232;0
801.5;2103775232;0
734.5;2103775232;0
708.7;2103775232;0
698.3;2103775232;0
698.7;2103775232;0
688.3;2103775232;2
698.8;2103775232;0
678.8;2103775232;0
598.9;2103775232;0
459.1;2103775232;0
399.2;2103775232;0
279.1;2103775232;0
189.7;2103775232;2
199.6;2103775232;0
199.6;2104143872;5
99.8;2104143872;2
99.8;2104143872;0
99.8;2104143872;0
149.7;2104274944;0
386.4;2104930304;1
808.7;2104930304;1
808.3;2104930304;0
794.6;2104930304;0
798.8;2104930304;0
598.7;2104930304;0
598.8;2104930304;0
701.8;2104930304;0
705.5;2104930304;0
688.6;2104930304;2
708.4;2104930304;0
688.3;2104930304;0
548.7;2104930304;1
409.3;2104930304;0
389.2;2104930304;0
409.1;2104930304;0
379.3;2104930304;3
299.3;2104930304;0
239.5;2104926208;4
99.8;2104926208;2
99.8;2104926208;0
99.8;2104926208;0
179.7;2105057280;0
462.1;2105581568;0
774.6;2105581568;0
768.0;2105581568;0
698.7;2105581568;0
678.1;2105581568;0
688.6;2105581568;2
698.5;2105581568;0
698.6;2105581568;0
710.7;2105581568;0
774.5;2105581568;2
687.4;2105581568;0
643.0;2105581568;0
528.3;2105581568;0
598.8;2105581568;0
569.0;2105581568;2
489.1;2105581568;0
399.2;2105581568;0
369.5;2105974784;4
119.8;2105966592;7
99.8;2105966592;0
99.8;2105966592;0
119.8;2106097664;0
219.6;2106228736;0
770.1;2106753024;1
804.3;2106753024;0
726.1;2106884096;0
710.9;2111078400;0
751.5;2111078400;0
708.7;2111078400;0
597.3;2111078400;0
698.7;2111078400;0
698.4;2111078400;0
708.2;2111078400;0
668.5;2111078400;0
598.9;2111078400;2
605.4;2111078400;0
598.4;2111078400;0
554.9;2111078400;1
478.8;2111078400;0
209.6;2111078400;0
199.7;2111078400;0
209.6;2111078400;0
119.8;2111320064;6
99.8;2111320064;0
99.8;2111320064;0
119.8;2111320064;0
199.7;2111320064;0
582.7;2111975424;1
726.8;2111975424;2
708.4;2111975424;0
698.7;2111975424;0
698.5;2111975424;0
739.5;2111975424;0
807.3;2111975424;0
798.4;2111975424;2
798.1;2111975424;0
792.6;2111975424;0
809.8;2111975424;0
798.6;2111975424;1
800.9;2111975424;0
788.8;2111975424;0
702.1;2111975424;0
671.7;2111975424;0
379.1;2112081920;4
99.8;2112212992;2
99.8;2112212992;0
99.8;2112212992;0
189.6;2112344064;0
521.2;2112737280;1
758.6;2112868352;0
698.3;2112868352;0
698.6;2112868352;0
701.4;2112868352;0
628.2;2112868352;0
578.9;2112868352;0
539.0;2112868352;0
598.8;2112868352;0
598.6;2112868352;0
597.4;2112868352;0
608.9;2112868352;0
589.0;2308689920;0
499.1;2600325120;0
439.0;2600325120;0
409.1;2600325120;0
399.3;2600718336;0
329.3;2600718336;0
299.5;2600718336;0
339.3;2608844800;5
99.8;2608844800;2
99.8;2608844800;0
99.8;2608844800;0
