44.9;89.6;44.0;0.0
52.5;106.7;72.0;0.0
65.0;127.0;90.9;0.0
64.2;141.1;30.6;0.0
49.8;159.3;39.5;0.0
0.0;159.3;0.0;0.0
0.0;159.3;0.0;0.0
0.0;159.3;0.1;0.0
0.0;159.3;0.0;0.0
0.0;159.3;0.0;0.0
0.0;159.3;1.2;0.0
0.0;159.3;0.0;0.0
0.0;159.3;0.7;0.0
0.0;159.3;0.0;0.0
42.7;160.0;0.5;0.0
24.9;160.4;1.2;0.0
0.0;160.4;0.0;0.0
5.0;160.4;0.1;0.0
0.0;160.4;0.0;0.0
0.0;160.4;0.0;0.0
0.0;160.4;1.1;0.0
0.0;160.4;0.0;0.0
0.0;160.4;0.7;0.0
0.0;160.4;0.0;0.0
0.0;160.4;0.4;0.0
44.9;170.4;14.5;4.0
54.0;188.1;38.0;0.0
44.0;214.1;1336.1;0.0
56.8;245.1;491.5;0.0
49.0;245.1;322.9;0.0
44.9;245.1;333.2;0.0
50.0;245.6;418.8;0.0
51.4;245.6;354.6;0.0
53.5;245.6;379.2;0.0
48.4;245.6;427.2;0.0
49.3;245.6;394.4;0.0
49.8;271.1;461.1;0.0
53.1;277.1;2.0;68.0
49.1;277.1;1.0;320.0
51.1;277.1;0.2;64.0
48.1;184.9;0.3;40.0
