50.0;90.9;43.0;0.0
49.0;107.1;86.8;0.0
67.9;129.1;83.3;0.0
64.8;141.3;23.6;0.0
44.9;159.4;39.3;0.0
0.0;159.4;0.0;0.0
0.0;159.4;0.0;0.0
0.0;159.4;0.1;0.0
0.0;159.4;0.0;0.0
0.0;159.4;1.2;0.0
0.0;159.4;0.0;0.0
0.0;159.4;0.7;0.0
0.0;159.4;0.0;0.0
22.1;160.2;0.4;0.0
49.9;160.2;0.0;0.0
49.0;160.2;0.0;0.0
47.9;160.2;0.0;0.0
34.9;160.7;1.3;0.0
0.0;160.7;0.0;0.0
0.0;160.7;0.0;0.0
0.0;160.7;0.0;0.0
0.0;160.7;0.0;0.0
0.0;160.7;0.0;0.0
0.0;160.7;0.0;0.0
0.0;160.7;0.0;0.0
0.0;160.7;0.0;0.0
0.0;160.7;0.0;0.0
0.0;160.7;0.0;0.0
0.0;160.7;0.0;0.0
0.0;160.7;0.0;0.0
0.0;160.7;0.0;0.0
0.0;160.7;0.0;0.0
0.0;160.7;0.0;0.0
0.0;160.7;0.0;0.0
0.0;160.7;0.0;0.0
0.0;160.7;0.0;0.0
0.0;160.7;0.0;0.0
0.0;160.7;0.0;0.0
0.0;160.7;0.0;0.0
0.0;160.7;0.0;0.0
0.0;160.7;0.0;0.0
0.0;160.7;0.0;0.0
0.0;160.7;0.0;0.0
0.0;160.7;0.0;0.0
0.0;160.7;0.0;0.0
0.0;160.7;0.0;0.0
0.0;160.7;0.0;0.0
0.0;160.7;0.0;0.0
0.0;160.7;0.0;0.0
0.0;160.7;0.0;0.0
0.0;160.7;0.0;0.0
0.0;160.7;0.0;0.0
0.0;160.7;0.0;0.0
0.0;160.7;0.0;0.0
0.0;160.7;0.0;0.0
0.0;160.7;0.0;0.0
0.0;160.7;0.0;0.0
0.0;160.7;0.0;0.0
0.0;160.7;0.0;0.0
0.0;160.7;0.0;0.0
0.0;160.7;0.0;0.0
0.0;160.7;0.0;0.0
0.0;160.7;0.0;0.0
0.0;160.7;0.0;0.0
0.0;160.7;0.0;0.0
0.0;160.7;0.0;0.0
0.0;160.7;0.0;0.0
0.0;160.7;0.0;0.0
0.0;160.7;0.1;0.0
0.0;160.7;0.0;0.0
0.0;160.7;0.0;0.0
0.0;160.7;1.2;0.0
0.0;160.7;0.0;0.0
0.0;160.7;0.7;0.0
0.0;160.7;0.0;0.0
17.8;160.9;0.4;0.0
49.1;182.5;54.7;4.0
47.1;214.6;1322.3;0.0
54.8;245.4;471.2;0.0
43.9;245.9;318.8;0.0
56.8;245.9;367.4;0.0
44.8;245.9;315.0;0.0
52.8;245.9;356.0;0.0
47.6;245.9;390.6;0.0
50.0;245.9;342.9;0.0
54.5;245.9;412.9;0.0
45.0;245.9;334.4;0.0
50.0;277.4;246.3;0.0
54.1;277.4;0.6;196.0
45.1;277.4;0.6;192.0
49.2;247.1;0.5;72.0
