8.3;39.9;18.5;1.2;2.0;931.0
7.1;99.1;103.1;8.9;2.0;931.0
7.0;141.3;145.1;9.0;2.0;931.0
6.9;171.4;129.5;7.3;2.0;931.0
8.3;198.0;93.6;6.0;2.0;931.0
7.2;221.8;147.6;5.4;2.0;931.0
8.3;235.8;1.6;0.1;2.0;931.0
8.4;583.7;61.1;33.0;7.0;1874.0
8.3;957.5;0.6;0.0;57.0;7886.0
0.0;991.4;3.1;32.9;2.0;7886.0
0.0;991.4;0.0;0.0;2.0;7886.0
0.0;991.4;0.0;0.0;2.0;7886.0
0.0;991.4;0.0;0.0;2.0;7886.0
0.0;991.4;0.0;0.0;2.0;7886.0
0.0;991.4;0.0;0.0;2.0;7886.0
0.0;991.4;0.0;0.0;2.0;7886.0
0.0;991.4;0.0;0.0;2.0;7886.0
0.0;991.4;0.0;0.0;2.0;7886.0
0.0;991.4;0.0;0.0;2.0;7886.0
2.1;1146.9;1.9;153.5;2.0;7886.0
8.3;1300.7;0.0;0.0;2.0;7886.0
8.3;1304.0;0.1;0.0;2.0;7886.0
8.4;1311.0;0.0;0.0;2.0;7886.0
8.4;1321.7;0.3;0.0;2.0;7886.0
8.4;1370.9;0.0;0.0;2.0;7886.0
8.3;1371.0;0.3;0.0;2.0;7886.0
8.3;1398.6;0.6;1.5;2.0;7886.0
34.3;1434.6;0.3;1.6;2.0;7886.0
8.3;1433.7;0.0;0.0;2.0;7886.0
8.4;1435.4;0.0;0.0;2.0;7886.0
8.3;1454.5;0.0;0.0;2.0;7886.0
8.4;1456.5;0.0;0.0;2.0;7886.0
8.4;1598.7;0.2;0.0;8.0;8031.0
9.6;1930.0;5.7;0.1;96.0;8053.0
8.4;1931.1;15.8;0.2;95.0;8053.0
6.9;1931.2;0.0;0.0;96.0;8053.0
9.6;1931.3;0.0;0.0;96.0;8053.0
8.3;1931.3;0.0;0.0;96.0;8053.0
8.3;1931.3;0.0;0.0;95.0;8053.0
8.3;1931.3;0.0;0.0;99.0;8053.0
8.3;1931.4;0.0;0.0;97.0;8053.0
8.4;1931.4;0.0;0.0;96.0;8053.0
8.3;1931.4;0.0;0.0;99.0;8053.0
8.4;1931.4;0.0;0.0;96.0;8053.0
8.3;1931.4;0.0;0.0;96.0;8053.0
8.3;1931.4;0.0;0.0;99.0;8053.0
9.6;1931.5;0.0;0.0;95.0;8053.0
9.7;1931.5;0.0;0.0;96.0;8053.0
9.8;1931.5;0.0;0.0;97.0;8053.0
8.4;1931.5;0.0;0.0;95.0;8053.0
9.6;1931.0;5.6;0.1;90.0;8053.0
8.3;1982.9;15.4;0.2;43.0;8053.0
8.3;1985.3;9.6;0.1;3.0;8053.0
52.6;2976.3;0.0;0.0;33.0;8053.0
24.0;2972.6;2.7;0.4;1.0;8053.0
8.4;2979.1;0.9;2.4;2.0;8053.0
8.3;2980.9;1.2;6.8;2.0;8053.0
8.3;2980.9;1.3;4.5;2.0;8053.0
8.4;2981.4;1.0;4.5;2.0;8053.0
8.3;2982.1;1.2;6.8;2.0;8053.0
8.4;2982.9;1.3;4.5;2.0;8053.0
8.3;2983.3;0.7;2.3;2.0;8053.0
8.3;3016.6;7.6;34.1;2.0;8053.0
8.4;2987.0;0.7;1.5;2.0;8053.0
8.3;2990.4;0.3;1.6;52.0;8053.0
8.4;2990.4;0.0;0.0;95.0;8053.0
9.7;2990.4;0.0;0.0;96.0;8053.0
8.4;2990.4;0.0;0.0;96.0;8053.0
9.4;2990.4;0.0;0.0;99.0;8053.0
8.3;2990.4;0.0;0.0;96.0;8053.0
9.8;2990.4;0.0;0.0;96.0;8053.0
8.3;2990.4;0.0;0.0;99.0;8053.0
8.4;2990.4;0.0;0.0;96.0;8053.0
8.3;2990.4;0.0;0.0;96.0;8053.0
8.3;2990.4;0.0;0.0;97.0;8053.0
8.3;2990.4;0.0;0.0;96.0;8053.0
8.3;2990.4;0.0;0.0;98.0;8053.0
8.4;2990.4;0.0;0.0;95.0;8053.0
13.8;2990.4;0.0;0.0;96.0;8053.0
8.3;2990.4;0.0;0.0;99.0;8053.0
8.3;2990.4;0.0;0.0;96.0;8053.0
8.3;2993.7;0.0;0.0;43.0;8053.0
93.5;2995.4;0.0;0.0;41.0;8053.0
99.1;2995.4;0.0;0.0;1.0;8053.0
97.0;2995.4;0.0;0.0;1.0;8053.0
8.3;2992.4;17.9;66.5;2.0;8053.0
8.4;2994.1;0.6;1.6;2.0;8053.0
8.4;2999.3;0.3;1.7;96.0;8053.0
8.3;2999.3;0.0;0.0;98.0;8053.0
8.4;2999.3;0.0;0.0;96.0;8053.0
9.5;2999.3;0.0;0.0;96.0;8053.0
8.4;2999.3;0.0;0.0;99.0;8053.0
8.3;2999.3;0.0;0.0;96.0;8053.0
9.7;2999.3;0.0;0.0;95.0;8053.0
8.4;2999.3;0.0;0.0;99.0;8053.0
8.3;2999.3;0.0;0.0;96.0;8053.0
9.7;2999.3;0.0;0.0;96.0;8053.0
11.8;2999.3;0.0;0.0;99.0;8053.0
9.5;2999.3;0.0;0.0;96.0;8053.0
9.6;2999.3;0.0;0.0;96.0;8053.0
8.3;2999.3;0.0;0.0;96.0;8053.0
8.4;2999.3;0.0;0.0;96.0;8053.0
8.3;2999.3;0.0;0.0;95.0;8053.0
9.6;2998.9;0.0;0.0;96.0;8053.0
8.4;3013.2;0.0;0.0;2.0;8053.0
94.7;3013.9;0.0;0.0;48.0;8053.0
98.4;3013.9;0.0;0.0;1.0;8053.0
99.4;3013.9;0.0;0.0;1.0;8053.0
93.8;3013.9;0.0;0.0;1.0;8053.0
8.3;3008.6;17.9;66.9;2.0;8053.0
8.3;3010.5;0.6;1.7;2.0;8053.0
9.7;3017.4;0.3;1.8;99.0;8053.0
8.3;3017.4;0.0;0.0;96.0;8053.0
9.4;3017.4;0.0;0.0;95.0;8053.0
9.7;3017.4;0.0;0.0;99.0;8053.0
9.7;3017.4;0.0;0.0;96.0;8053.0
7.2;3017.4;0.0;0.0;96.0;8053.0
10.4;3017.4;0.0;0.0;96.0;8053.0
9.6;3017.4;0.0;0.0;96.0;8053.0
9.7;3017.4;0.0;0.0;96.0;8053.0
11.2;3017.4;0.0;0.0;96.0;8053.0
8.3;3017.4;0.0;0.0;96.0;8053.0
8.4;3017.4;0.0;0.0;96.0;8053.0
8.4;3017.4;0.0;0.0;96.0;8053.0
8.3;3017.4;0.0;0.0;99.0;8053.0
8.4;3017.4;0.0;0.0;96.0;8053.0
8.3;3017.4;0.0;0.0;96.0;8053.0
8.3;3017.4;0.0;0.0;99.0;8053.0
8.3;3026.9;0.0;0.0;2.0;8053.0
100.3;3028.1;0.0;0.0;21.0;8053.0
99.1;3028.1;0.0;0.0;1.0;8053.0
89.6;3028.1;0.0;0.0;1.0;8053.0
100.3;3028.1;0.0;0.0;1.0;8053.0
94.2;3028.1;0.0;0.0;1.0;8053.0
8.3;3070.0;17.9;67.3;4.0;8053.0
8.4;3026.1;0.6;1.7;1.0;8053.0
8.4;3033.1;0.3;1.8;2.0;8053.0
8.3;3033.6;0.0;0.0;96.0;8053.0
8.4;3033.6;0.0;0.0;98.0;8053.0
8.3;3033.6;0.0;0.0;96.0;8053.0
8.4;3033.6;0.0;0.0;96.0;8053.0
8.3;3033.6;0.0;0.0;99.0;8053.0
8.3;3033.6;0.0;0.0;95.0;8053.0
8.4;3033.6;0.0;0.0;96.0;8053.0
9.5;3033.6;0.0;0.0;99.0;8053.0
8.3;3033.6;0.0;0.0;96.0;8053.0
7.1;3033.6;0.0;0.0;96.0;8053.0
9.5;3033.6;0.0;0.0;99.0;8053.0
8.4;3033.6;0.0;0.0;95.0;8053.0
9.5;3033.6;0.0;0.0;95.0;8053.0
13.1;3033.6;0.0;0.0;96.0;8053.0
8.3;3033.6;0.0;0.0;96.0;8053.0
8.4;3033.6;0.0;0.0;96.0;8053.0
8.4;3033.1;0.0;0.0;97.0;8053.0
8.4;3047.9;0.0;0.0;2.0;8053.0
99.4;3047.9;0.0;0.0;1.0;8053.0
98.0;3047.9;0.0;0.0;1.0;8053.0
94.4;3047.9;0.0;0.0;1.0;8053.0
95.9;3047.9;0.0;0.0;1.0;8053.0
98.2;3047.9;0.0;0.0;1.0;8053.0
100.3;3047.9;0.0;0.0;1.0;8053.0
8.3;3042.8;17.9;67.6;3.0;8053.0
8.3;3044.5;0.6;1.8;4.0;8053.0
9.6;3051.8;0.3;1.9;99.0;8053.0
8.3;3051.8;0.0;0.0;95.0;8053.0
8.4;3051.8;0.0;0.0;99.0;8053.0
9.6;3051.8;0.0;0.0;96.0;8053.0
9.7;3051.8;0.0;0.0;96.0;8053.0
9.6;3051.8;0.0;0.0;99.0;8053.0
10.7;3051.8;0.0;0.0;96.0;8053.0
11.9;3051.8;0.0;0.0;96.0;8053.0
9.5;3051.8;0.0;0.0;96.0;8053.0
11.1;3051.8;0.0;0.0;96.0;8053.0
13.8;3051.8;0.0;0.0;96.0;8053.0
8.3;3051.8;0.0;0.0;96.0;8053.0
8.4;3051.8;0.0;0.0;95.0;8053.0
8.3;3051.8;0.0;0.0;99.0;8053.0
8.3;3051.8;0.0;0.0;96.0;8053.0
8.4;3051.8;0.0;0.0;95.0;8053.0
8.3;3051.8;0.0;0.0;98.0;8053.0
8.4;3054.5;0.0;0.0;84.0;8053.0
8.3;3060.1;0.0;0.0;2.0;8053.0
100.3;3061.2;0.0;0.0;1.0;8053.0
97.9;3061.2;0.0;0.0;1.0;8053.0
97.1;3061.3;0.0;0.0;1.0;8053.0
98.0;3061.3;0.0;0.0;1.0;8053.0
97.1;3061.3;0.0;0.0;1.0;8053.0
99.1;3061.3;0.0;0.0;1.0;8053.0
97.9;3061.3;0.0;0.0;1.0;8053.0
8.3;3055.7;17.9;68.0;2.0;8053.0
8.4;3059.5;0.6;1.8;2.0;8053.0
8.3;3065.5;0.3;2.0;38.0;8053.0
10.4;3065.5;0.0;0.0;95.0;8053.0
8.3;3065.5;0.0;0.0;96.0;8053.0
9.7;3065.5;0.0;0.0;96.0;8053.0
8.4;3065.5;0.0;0.0;96.0;8053.0
8.3;3065.5;0.0;0.0;95.0;8053.0
9.6;3065.5;0.0;0.0;96.0;8053.0
8.3;3065.5;0.0;0.0;99.0;8053.0
8.3;3065.5;0.0;0.0;96.0;8053.0
8.3;3065.5;0.0;0.0;96.0;8053.0
8.3;3065.5;0.0;0.0;99.0;8053.0
8.4;3065.5;0.0;0.0;96.0;8053.0
8.3;3065.5;0.0;0.0;96.0;8053.0
8.4;3065.5;0.0;0.0;99.0;8053.0
8.4;3065.5;0.0;0.0;96.0;8053.0
9.6;3065.5;0.0;0.0;96.0;8053.0
8.4;3065.5;0.0;0.0;99.0;8053.0
8.4;3075.4;0.0;0.0;60.0;8053.0
8.4;3081.5;0.0;0.0;2.0;8053.0
100.0;3081.5;0.0;0.0;1.0;8053.0
99.7;3081.5;0.0;0.0;1.0;8053.0
90.0;3081.5;0.0;0.0;1.0;8053.0
99.1;3081.5;0.0;0.0;1.0;8053.0
95.8;3081.5;0.0;0.0;0.0;8053.0
98.2;3081.5;0.0;0.0;1.0;8053.0
99.4;3081.5;0.0;0.0;1.0;8053.0
97.1;3081.5;0.0;0.0;1.0;8053.0
29.2;3075.5;2.7;2.8;3.0;8053.0
8.4;3077.8;15.2;65.6;2.0;8053.0
8.4;3079.5;0.6;1.9;2.0;8053.0
8.3;3085.1;0.3;2.0;95.0;8053.0
8.4;3085.1;0.0;0.0;99.0;8053.0
8.3;3085.1;0.0;0.0;96.0;8053.0
9.6;3085.1;0.0;0.0;96.0;8053.0
8.3;3085.1;0.0;0.0;99.0;8053.0
9.5;3085.1;0.0;0.0;96.0;8053.0
9.6;3085.1;0.0;0.0;96.0;8053.0
8.3;3085.1;0.0;0.0;99.0;8053.0
9.7;3085.1;0.0;0.0;96.0;8053.0
9.7;3085.1;0.0;0.0;96.0;8053.0
14.2;3085.1;0.0;0.0;99.0;8053.0
13.5;3085.1;0.0;0.0;96.0;8053.0
8.3;3085.1;0.0;0.0;95.0;8053.0
9.8;3085.1;0.0;0.0;96.0;8053.0
8.4;3085.1;0.0;0.0;96.0;8053.0
13.1;3085.1;0.0;0.0;99.0;8053.0
10.8;3084.6;0.0;0.0;96.0;8053.0
8.3;3099.0;0.0;0.0;2.0;8053.0
8.4;3106.6;0.0;0.0;2.0;8053.0
93.5;3106.7;0.0;0.0;1.0;8053.0
95.6;3106.7;0.0;0.0;1.0;8053.0
97.1;3106.7;0.0;0.0;1.0;8053.0
95.9;3106.7;0.0;0.0;1.0;8053.0
100.3;3106.7;0.0;0.0;1.0;8053.0
100.0;3106.7;0.0;0.0;1.0;8053.0
99.4;3106.7;0.0;0.0;1.0;8053.0
99.4;3106.7;0.0;0.0;1.0;8053.0
98.0;3106.7;0.0;0.0;1.0;8053.0
8.3;3242.5;17.9;68.8;4.0;8053.0
8.3;3103.3;0.6;2.0;2.0;8053.0
8.3;3108.1;0.3;2.1;2.0;8053.0
8.3;3108.1;0.0;0.0;99.0;8053.0
8.3;3108.1;0.0;0.0;96.0;8053.0
7.2;3108.1;0.0;0.0;96.0;8053.0
5.5;3108.1;0.0;0.0;99.0;8053.0
9.8;3108.1;0.0;0.0;96.0;8053.0
8.4;3108.1;0.0;0.0;96.0;8053.0
11.9;3108.1;0.0;0.0;96.0;8053.0
8.4;3108.1;0.0;0.0;96.0;8053.0
8.3;3108.1;0.0;0.0;95.0;8053.0
10.8;3108.1;0.0;0.0;96.0;8053.0
8.3;3108.1;0.0;0.0;96.0;8053.0
7.2;3108.1;0.0;0.0;99.0;8053.0
8.3;3108.1;0.0;0.0;96.0;8053.0
8.4;3108.1;0.0;0.0;96.0;8053.0
8.4;3108.1;0.0;0.0;99.0;8053.0
8.3;3108.1;0.0;0.0;96.0;8053.0
8.3;3110.7;0.0;0.0;97.0;8053.0
8.3;3123.4;0.0;0.0;2.0;8053.0
8.3;3131.1;0.0;0.0;59.0;8053.0
94.8;3131.1;0.0;0.0;1.0;8053.0
95.6;3131.1;0.0;0.0;1.0;8053.0
99.7;3131.1;0.0;0.0;1.0;8053.0
99.1;3131.1;0.0;0.0;1.0;8053.0
99.4;3131.1;0.0;0.0;1.0;8053.0
94.4;3131.1;0.0;0.0;2.0;8053.0
98.0;3131.1;0.0;0.0;1.0;8053.0
100.3;3131.1;0.0;0.0;2.0;8053.0
100.0;3131.1;0.0;0.0;1.0;8053.0
8.3;3157.8;17.8;69.2;7.0;8053.0
8.4;3125.3;0.1;0.0;3.0;8053.0
8.4;3129.0;0.6;2.1;4.0;8053.0
9.6;3132.1;0.3;2.2;98.0;8053.0
10.8;3132.1;0.0;0.0;99.0;8053.0
11.1;3132.1;0.0;0.0;96.0;8053.0
9.6;3132.1;0.0;0.0;97.0;8053.0
8.3;3132.1;0.0;0.0;96.0;8053.0
8.4;3132.1;0.0;0.0;96.0;8053.0
8.3;3132.1;0.0;0.0;95.0;8053.0
8.3;3132.1;0.0;0.0;96.0;8053.0
8.4;3132.1;0.0;0.0;96.0;8053.0
10.7;3132.1;0.0;0.0;96.0;8053.0
6.9;3132.1;0.0;0.0;96.0;8053.0
8.3;3132.1;0.0;0.0;99.0;8053.0
8.3;3132.1;0.0;0.0;96.0;8053.0
8.3;3132.3;0.0;0.0;96.0;8053.0
8.3;3132.1;0.0;0.0;99.0;8053.0
8.4;3132.1;0.0;0.0;96.0;8053.0
8.3;3132.1;0.0;0.0;96.0;8053.0
