8.3;36.6;22.5;2.0;2.0;952.0
6.9;99.9;111.3;9.5;2.0;952.0
7.2;139.1;138.9;8.6;2.0;952.0
7.3;170.9;138.3;7.4;2.0;952.0
8.4;197.9;88.0;5.9;2.0;952.0
8.3;222.0;148.0;5.4;2.0;952.0
8.3;235.4;1.6;0.1;2.0;952.0
8.3;567.8;61.1;33.0;8.0;1127.0
8.3;957.3;0.6;0.0;40.0;7907.0
0.0;991.5;3.1;32.9;2.0;7907.0
0.0;991.5;0.0;0.0;2.0;7907.0
0.0;991.5;0.0;0.0;2.0;7907.0
0.0;991.5;0.0;0.0;2.0;7907.0
0.0;991.5;0.0;0.0;2.0;7907.0
0.0;991.5;0.0;0.0;2.0;7907.0
0.0;991.5;0.0;0.0;2.0;7907.0
0.0;991.5;0.0;0.0;2.0;7907.0
0.0;991.5;0.0;0.0;2.0;7907.0
0.0;991.5;0.0;0.0;2.0;7907.0
1.4;1147.0;1.9;153.5;2.0;7907.0
8.3;1301.2;0.0;0.0;2.0;7907.0
8.4;1304.4;0.1;0.0;2.0;7907.0
8.3;1312.5;0.0;0.0;2.0;7907.0
8.3;1323.2;0.3;0.0;2.0;7907.0
8.3;1385.0;0.0;0.0;2.0;7907.0
8.3;1370.9;0.3;0.0;2.0;7907.0
8.4;1402.2;0.6;1.5;2.0;7907.0
14.2;1431.8;0.3;1.6;2.0;7907.0
8.3;1433.9;0.0;0.0;2.0;7907.0
8.4;1436.1;0.0;0.0;2.0;7907.0
8.3;1455.7;0.0;0.0;2.0;7907.0
8.4;1457.7;0.0;0.0;1.0;7907.0
9.7;1576.1;0.2;0.0;8.0;8031.0
9.8;1930.0;5.7;0.1;27.0;8074.0
8.4;1930.7;15.0;0.2;94.0;8074.0
8.4;1930.8;0.0;0.0;96.0;8074.0
8.4;1930.8;0.0;0.0;96.0;8074.0
8.3;1930.9;0.0;0.0;95.0;8074.0
9.6;1930.9;0.0;0.0;99.0;8074.0
9.4;1930.9;0.0;0.0;96.0;8074.0
8.3;1930.9;0.0;0.0;95.0;8074.0
8.3;1931.0;0.0;0.0;96.0;8074.0
8.3;1931.0;0.0;0.0;96.0;8074.0
8.4;1931.0;0.0;0.0;99.0;8074.0
8.3;1931.0;0.0;0.0;96.0;8074.0
8.3;1931.0;0.0;0.0;96.0;8074.0
8.3;1931.0;0.0;0.0;99.0;8074.0
8.4;1931.0;0.0;0.0;96.0;8074.0
8.4;1931.0;0.0;0.0;96.0;8074.0
9.7;1931.0;0.0;0.0;99.0;8074.0
9.8;1930.5;5.6;0.1;89.0;8074.0
8.3;1982.5;15.8;0.2;3.0;8074.0
8.4;1986.2;9.6;0.1;2.0;8074.0
58.0;2977.0;0.0;0.0;28.0;8074.0
8.3;2979.7;2.8;0.5;1.0;8074.0
8.3;2985.6;1.0;4.5;2.0;8074.0
8.3;2984.6;1.3;4.5;2.0;8074.0
8.3;2984.6;1.0;4.5;2.0;8074.0
8.3;2985.0;1.0;4.5;2.0;8074.0
8.3;2987.2;1.2;6.8;2.0;8074.0
8.3;2987.8;1.3;4.5;2.0;8074.0
8.4;2986.2;1.1;2.3;2.0;8074.0
8.3;3025.5;7.3;34.1;2.0;8074.0
8.4;2989.6;0.6;1.5;2.0;8074.0
9.5;2993.4;0.3;1.6;38.0;8074.0
7.2;2993.4;0.0;0.0;95.0;8074.0
9.6;2993.4;0.0;0.0;96.0;8074.0
9.7;2993.4;0.0;0.0;96.0;8074.0
9.8;2993.4;0.0;0.0;96.0;8074.0
8.3;2993.5;0.0;0.0;99.0;8074.0
8.4;2993.5;0.0;0.0;96.0;8074.0
8.3;2993.5;0.0;0.0;95.0;8074.0
8.4;2993.5;0.0;0.0;99.0;8074.0
8.4;2993.5;0.0;0.0;96.0;8074.0
8.3;2993.5;0.0;0.0;96.0;8074.0
8.4;2993.5;0.0;0.0;97.0;8074.0
10.7;2993.5;0.0;0.0;96.0;8074.0
8.3;2993.5;0.0;0.0;97.0;8074.0
8.4;2993.5;0.0;0.0;96.0;8074.0
8.3;2993.5;0.0;0.0;95.0;8074.0
9.6;2993.5;0.0;0.0;99.0;8074.0
8.3;2998.4;0.0;0.0;79.0;8074.0
99.1;2999.8;0.0;0.0;60.0;8074.0
96.9;2999.8;0.0;0.0;1.0;8074.0
88.8;2999.8;0.0;0.0;1.0;8074.0
8.4;2996.5;17.9;66.5;2.0;8074.0
8.3;2999.0;0.6;1.6;2.0;8074.0
8.4;3005.2;0.3;1.7;96.0;8074.0
8.3;3005.2;0.0;0.0;96.0;8074.0
8.4;3005.2;0.0;0.0;99.0;8074.0
8.3;3005.2;0.0;0.0;96.0;8074.0
8.3;3005.2;0.0;0.0;96.0;8074.0
9.6;3005.2;0.0;0.0;99.0;8074.0
8.3;3005.2;0.0;0.0;96.0;8074.0
8.3;3005.2;0.0;0.0;96.0;8074.0
8.3;3005.2;0.0;0.0;99.0;8074.0
9.5;3005.2;0.0;0.0;96.0;8074.0
8.4;3005.2;0.0;0.0;96.0;8074.0
8.3;3005.2;0.0;0.0;99.0;8074.0
11.2;3005.2;0.0;0.0;95.0;8074.0
8.4;3005.2;0.0;0.0;96.0;8074.0
10.4;3005.2;0.0;0.0;96.0;8074.0
14.0;3005.2;0.0;0.0;96.0;8074.0
8.3;3004.7;0.0;0.0;96.0;8074.0
8.4;3016.7;0.0;0.0;2.0;8074.0
100.3;3016.9;0.0;0.0;1.0;8074.0
95.8;3016.9;0.0;0.0;1.0;8074.0
99.4;3016.9;0.0;0.0;1.0;8074.0
40.6;3011.4;4.0;5.8;1.0;8074.0
8.3;3011.9;13.9;61.1;2.0;8074.0
8.3;3015.3;0.9;3.4;2.0;8074.0
8.3;3021.6;0.0;0.0;95.0;8074.0
9.8;3021.6;0.0;0.0;96.0;8074.0
8.4;3021.6;0.0;0.0;95.0;8074.0
8.4;3021.6;0.0;0.0;96.0;8074.0
9.6;3021.6;0.0;0.0;96.0;8074.0
8.3;3021.6;0.0;0.0;96.0;8074.0
8.4;3021.6;0.0;0.0;99.0;8074.0
8.3;3021.6;0.0;0.0;96.0;8074.0
8.4;3021.6;0.0;0.0;96.0;8074.0
8.3;3021.6;0.0;0.0;99.0;8074.0
8.3;3021.6;0.0;0.0;96.0;8074.0
8.3;3021.6;0.0;0.0;96.0;8074.0
9.5;3021.6;0.0;0.0;99.0;8074.0
8.4;3021.6;0.0;0.0;96.0;8074.0
8.3;3021.6;0.0;0.0;96.0;8074.0
8.4;3021.6;0.0;0.0;99.0;8074.0
10.8;3021.1;0.0;0.0;95.0;8074.0
8.3;3030.8;0.0;0.0;1.0;8074.0
98.0;3031.0;0.0;0.0;1.0;8074.0
90.8;3031.0;0.0;0.0;1.0;8074.0
95.8;3031.0;0.0;0.0;1.0;8074.0
96.9;3031.0;0.0;0.0;1.0;8074.0
33.4;3025.3;2.5;1.5;1.0;8074.0
8.3;3027.5;15.4;65.8;2.0;8074.0
8.4;3032.8;0.6;1.7;2.0;8074.0
8.4;3036.9;0.3;1.8;97.0;8074.0
8.3;3036.9;0.0;0.0;99.0;8074.0
8.4;3036.9;0.0;0.0;96.0;8074.0
8.3;3036.9;0.0;0.0;96.0;8074.0
8.4;3036.9;0.0;0.0;99.0;8074.0
8.4;3036.9;0.0;0.0;96.0;8074.0
8.3;3036.9;0.0;0.0;95.0;8074.0
8.4;3036.9;0.0;0.0;99.0;8074.0
8.3;3036.9;0.0;0.0;96.0;8074.0
8.4;3036.9;0.0;0.0;95.0;8074.0
8.3;3036.9;0.0;0.0;99.0;8074.0
8.4;3036.9;0.0;0.0;96.0;8074.0
8.4;3036.9;0.0;0.0;96.0;8074.0
8.3;3036.9;0.0;0.0;99.0;8074.0
8.4;3036.9;0.0;0.0;95.0;8074.0
8.3;3036.9;0.0;0.0;95.0;8074.0
9.7;3036.4;0.0;0.0;97.0;8074.0
8.4;3047.3;0.0;0.0;2.0;8074.0
93.8;3047.5;0.0;0.0;2.0;8074.0
96.8;3047.5;0.0;0.0;1.0;8074.0
95.6;3047.5;0.0;0.0;1.0;8074.0
99.1;3047.5;0.0;0.0;1.0;8074.0
94.4;3047.5;0.0;0.0;1.0;8074.0
85.2;3047.6;0.0;0.0;1.0;8074.0
8.4;3043.9;17.9;67.7;2.0;8074.0
8.4;3044.2;0.6;1.8;2.0;8074.0
8.4;3050.2;0.3;1.9;50.0;8074.0
15.4;3050.2;0.0;0.0;96.0;8074.0
7.2;3050.2;0.0;0.0;96.0;8074.0
11.2;3050.2;0.0;0.0;96.0;8074.0
8.3;3050.2;0.0;0.0;95.0;8074.0
8.4;3050.2;0.0;0.0;96.0;8074.0
8.3;3050.2;0.0;0.0;96.0;8074.0
8.3;3050.2;0.0;0.0;99.0;8074.0
8.4;3050.2;0.0;0.0;96.0;8074.0
8.3;3050.2;0.0;0.0;95.0;8074.0
8.3;3050.2;0.0;0.0;96.0;8074.0
8.3;3050.2;0.0;0.0;96.0;8074.0
8.3;3050.2;0.0;0.0;98.0;8074.0
8.4;3050.2;0.0;0.0;96.0;8074.0
8.3;3050.2;0.0;0.0;96.0;8074.0
8.4;3050.2;0.0;0.0;99.0;8074.0
8.3;3050.2;0.0;0.0;96.0;8074.0
8.4;3058.8;0.0;0.0;42.0;8074.0
8.4;3061.9;0.0;0.0;2.0;8074.0
89.6;3061.9;0.0;0.0;1.0;8074.0
100.3;3061.9;0.0;0.0;1.0;8074.0
98.0;3061.9;0.0;0.0;1.0;8074.0
99.1;3061.9;0.0;0.0;1.0;8074.0
93.2;3061.9;0.0;0.0;1.0;8074.0
98.4;3061.9;0.0;0.0;1.0;8074.0
92.8;3061.9;0.0;0.0;2.0;8074.0
8.4;3058.3;17.9;68.1;3.0;8074.0
8.4;3058.6;0.6;1.8;3.0;8074.0
8.3;3068.2;0.3;2.0;89.0;8074.0
8.4;3068.2;0.0;0.0;96.0;8074.0
8.3;3068.2;0.0;0.0;99.0;8074.0
8.4;3068.2;0.0;0.0;96.0;8074.0
11.1;3068.2;0.0;0.0;95.0;8074.0
8.3;3068.2;0.0;0.0;99.0;8074.0
8.3;3068.2;0.0;0.0;96.0;8074.0
9.6;3068.2;0.0;0.0;96.0;8074.0
8.4;3068.2;0.0;0.0;99.0;8074.0
8.3;3068.2;0.0;0.0;95.0;8074.0
8.4;3068.2;0.0;0.0;96.0;8074.0
8.4;3068.2;0.0;0.0;96.0;8074.0
9.5;3068.2;0.0;0.0;95.0;8074.0
8.4;3068.2;0.0;0.0;95.0;8074.0
8.3;3068.2;0.0;0.0;96.0;8074.0
8.4;3068.2;0.0;0.0;96.0;8074.0
10.8;3068.2;0.0;0.0;98.0;8074.0
8.4;3070.8;0.0;0.0;83.0;8074.0
8.4;3083.5;0.0;0.0;2.0;8074.0
94.4;3086.5;0.0;0.0;1.0;8074.0
99.1;3086.5;0.0;0.0;1.0;8074.0
95.8;3086.5;0.0;0.0;1.0;8074.0
93.2;3086.5;0.0;0.0;1.0;8074.0
97.1;3086.5;0.0;0.0;1.0;8074.0
100.0;3086.5;0.0;0.0;1.0;8074.0
95.2;3086.5;0.0;0.0;1.0;8074.0
8.3;3113.4;17.8;68.4;4.0;8074.0
8.4;3083.1;0.1;0.0;2.0;8074.0
8.3;3088.0;0.9;3.9;2.0;8074.0
8.3;3089.3;0.0;0.0;99.0;8074.0
9.7;3089.3;0.0;0.0;96.0;8074.0
8.3;3089.3;0.0;0.0;96.0;8074.0
8.4;3089.3;0.0;0.0;96.0;8074.0
8.3;3089.3;0.0;0.0;96.0;8074.0
9.8;3089.3;0.0;0.0;99.0;8074.0
8.3;3089.3;0.0;0.0;96.0;8074.0
8.4;3089.3;0.0;0.0;96.0;8074.0
8.4;3089.3;0.0;0.0;99.0;8074.0
8.3;3089.3;0.0;0.0;96.0;8074.0
8.4;3089.3;0.0;0.0;95.0;8074.0
8.4;3089.3;0.0;0.0;86.0;8077.0
8.4;3089.3;0.0;0.0;99.0;8077.0
8.3;3089.3;0.0;0.0;96.0;8077.0
9.6;3089.3;0.0;0.0;96.0;8077.0
8.3;3089.3;0.0;0.0;96.0;8077.0
10.7;3088.9;0.0;0.0;96.0;8077.0
8.4;3102.8;0.0;0.0;0.0;8077.0
8.3;3110.3;0.0;0.0;0.0;8077.0
99.1;3110.3;0.0;0.0;0.0;8077.0
100.3;3110.3;0.0;0.0;0.0;8077.0
99.0;3110.3;0.0;0.0;0.0;8077.0
99.4;3110.3;0.0;0.0;0.0;8077.0
90.0;3110.3;0.0;0.0;0.0;8077.0
99.1;3110.3;0.0;0.0;0.0;8076.0
93.8;3110.3;0.0;0.0;0.0;8076.0
95.2;3110.3;0.0;0.0;0.0;8076.0
98.0;3110.3;0.0;0.0;0.0;8076.0
7.2;3137.2;17.8;68.8;3.0;8065.0
8.4;3105.7;0.1;0.0;0.0;8065.0
8.3;3108.9;0.6;2.0;1.0;8065.0
8.4;3111.5;0.3;2.1;96.0;8065.0
9.7;3111.5;0.0;0.0;96.0;8065.0
8.4;3111.5;0.0;0.0;96.0;8065.0
9.6;3111.5;0.0;0.0;95.0;8065.0
9.7;3111.5;0.0;0.0;99.0;8065.0
9.8;3111.5;0.0;0.0;96.0;8065.0
9.7;3111.5;0.0;0.0;95.0;8065.0
9.6;3111.5;0.0;0.0;96.0;8065.0
9.5;3111.5;0.0;0.0;96.0;8065.0
8.3;3111.5;0.0;0.0;96.0;8065.0
8.3;3111.5;0.0;0.0;96.0;8065.0
9.5;3111.5;0.0;0.0;96.0;8065.0
10.8;3111.5;0.0;0.0;96.0;8065.0
9.7;3111.5;0.0;0.0;95.0;8065.0
8.3;3111.5;0.0;0.0;96.0;8065.0
13.1;3111.5;0.0;0.0;96.0;8065.0
8.3;3123.2;0.0;0.0;7.0;8065.0
8.4;3129.6;0.0;0.0;0.0;8065.0
97.0;3134.4;0.0;0.0;31.0;8065.0
97.1;3134.4;0.0;0.0;0.0;8065.0
98.0;3134.4;0.0;0.0;0.0;8065.0
96.9;3134.4;0.0;0.0;0.0;8065.0
85.9;3134.4;0.0;0.0;0.0;8065.0
100.3;3134.4;0.0;0.0;0.0;8065.0
99.4;3134.4;0.0;0.0;0.0;8065.0
99.0;3134.4;0.0;0.0;0.0;8065.0
96.9;3134.4;0.0;0.0;1.0;8065.0
96.8;3134.4;0.0;0.0;0.0;8065.0
95.2;3134.4;0.0;0.0;0.0;8065.0
8.4;3164.6;17.9;69.2;1.0;8065.0
8.3;3131.2;0.6;2.1;0.0;8065.0
8.4;3135.5;0.3;2.2;1.0;8065.0
11.1;3135.5;0.0;0.0;96.0;8065.0
8.4;3135.5;0.0;0.0;95.0;8065.0
8.3;3135.5;0.0;0.0;99.0;8065.0
9.7;3135.5;0.0;0.0;96.0;8065.0
8.3;3135.5;0.0;0.0;98.0;8065.0
9.5;3135.5;0.0;0.0;96.0;8065.0
9.5;3135.5;0.0;0.0;96.0;8065.0
8.3;3135.5;0.0;0.0;96.0;8065.0
9.7;3135.5;0.0;0.0;95.0;8065.0
9.7;3135.5;0.0;0.0;99.0;8065.0
9.4;3135.5;0.0;0.0;96.0;8065.0
9.6;3135.5;0.0;0.0;99.0;8065.0
9.7;3135.5;0.0;0.0;96.0;8065.0
8.4;3135.5;0.0;0.0;96.0;8065.0
8.3;3135.5;0.0;0.0;96.0;8065.0
8.4;3135.5;0.0;0.0;96.0;8065.0
8.4;3143.0;0.0;0.0;0.0;8065.0
8.3;3152.1;0.0;0.0;0.0;8065.0
