7.1;38.7;18.7;1.3;2.0;849.0
6.9;99.9;108.5;9.4;2.0;849.0
8.3;141.0;141.9;8.7;2.0;849.0
7.3;171.3;135.5;7.3;2.0;849.0
8.4;197.7;88.4;6.0;2.0;849.0
8.3;221.9;147.4;5.4;2.0;849.0
8.4;235.9;1.6;0.1;2.0;849.0
8.3;576.8;61.1;33.0;8.0;1983.0
8.4;957.8;0.6;0.0;67.0;7804.0
0.0;991.7;3.1;32.9;2.0;7804.0
0.0;991.7;0.0;0.0;2.0;7804.0
0.0;991.7;0.0;0.0;2.0;7804.0
0.0;991.7;0.0;0.0;2.0;7804.0
0.0;991.7;0.0;0.0;1.0;7804.0
0.0;991.7;0.0;0.0;2.0;7804.0
0.0;991.7;0.0;0.0;2.0;7804.0
0.0;991.7;0.0;0.0;2.0;7804.0
0.0;991.7;0.0;0.0;2.0;7804.0
0.0;991.7;0.0;0.0;2.0;7804.0
0.0;1103.2;0.9;111.3;2.0;7804.0
0.0;1147.2;1.0;42.2;2.0;7804.0
8.4;1303.0;0.1;0.0;2.0;7804.0
8.3;1308.1;0.0;0.0;2.0;7804.0
8.4;1319.7;0.2;0.0;2.0;7804.0
8.3;1330.0;0.1;0.0;2.0;7804.0
8.4;1363.7;0.1;0.0;2.0;7804.0
8.4;1383.7;0.8;1.5;2.0;7804.0
8.4;1421.2;0.3;1.6;2.0;7804.0
8.4;1433.2;0.0;0.0;2.0;7804.0
8.3;1434.9;0.0;0.0;2.0;7804.0
8.4;1439.7;0.0;0.0;2.0;7804.0
8.3;1454.2;0.0;0.0;2.0;7804.0
8.3;1472.8;0.1;0.0;4.0;7887.0
8.3;1906.8;0.1;0.0;22.0;7971.0
8.3;1929.3;19.1;0.3;95.0;7971.0
8.3;1929.6;2.0;0.0;99.0;7971.0
9.7;1929.6;0.0;0.0;96.0;7971.0
9.7;1929.6;0.0;0.0;95.0;7971.0
8.4;1929.7;0.0;0.0;99.0;7971.0
8.3;1929.7;0.0;0.0;96.0;7971.0
11.2;1929.7;0.0;0.0;95.0;7971.0
8.3;1929.8;0.0;0.0;98.0;7971.0
9.6;1929.8;0.0;0.0;96.0;7971.0
8.3;1929.8;0.0;0.0;99.0;7971.0
6.0;1929.8;0.0;0.0;96.0;7971.0
9.8;1929.8;0.0;0.0;95.0;7971.0
11.1;1929.8;0.0;0.0;96.0;7971.0
8.4;1929.8;0.0;0.0;95.0;7971.0
8.3;1929.8;0.0;0.0;96.0;7971.0
6.9;1929.8;0.0;0.0;96.0;7971.0
9.5;1929.3;3.2;0.0;92.0;7971.0
8.3;1953.6;17.4;0.3;92.0;7971.0
8.4;1977.7;9.6;0.1;56.0;7971.0
52.1;2637.3;0.0;0.0;34.0;7971.0
90.8;2973.9;0.0;0.0;2.0;7971.0
8.4;2976.0;3.6;2.8;2.0;7971.0
8.4;2977.6;1.2;6.8;2.0;7971.0
8.3;2979.1;1.3;4.5;2.0;7971.0
8.4;2979.6;1.2;6.8;2.0;7971.0
8.4;2980.4;1.3;4.5;2.0;7971.0
8.4;2980.4;1.2;6.8;2.0;7971.0
8.3;2980.6;1.3;0.0;2.0;7971.0
8.3;2980.7;6.9;34.1;2.0;7971.0
8.3;2982.6;0.6;1.5;2.0;7971.0
8.3;2987.3;0.3;1.6;96.0;7971.0
10.8;2987.3;0.0;0.0;96.0;7971.0
8.3;2987.3;0.0;0.0;99.0;7971.0
12.5;2987.3;0.0;0.0;95.0;7971.0
8.3;2987.3;0.0;0.0;95.0;7971.0
14.6;2987.4;0.0;0.0;99.0;7971.0
9.6;2987.4;0.0;0.0;95.0;7971.0
12.5;2987.4;0.0;0.0;96.0;7971.0
9.8;2987.4;0.0;0.0;96.0;7971.0
9.7;2987.4;0.0;0.0;96.0;7971.0
14.3;2987.4;0.0;0.0;96.0;7971.0
8.4;2987.4;0.0;0.0;96.0;7971.0
8.3;2987.4;0.0;0.0;95.0;7971.0
8.4;2987.4;0.0;0.0;96.0;7971.0
8.3;2987.4;0.0;0.0;96.0;7971.0
8.4;2987.4;0.0;0.0;95.0;7971.0
8.3;2987.4;0.0;0.0;96.0;7971.0
8.4;2992.4;0.0;0.0;2.0;7971.0
99.4;2992.4;0.0;0.0;25.0;7971.0
97.9;2992.4;0.0;0.0;1.0;7971.0
8.3;3020.7;17.7;33.7;4.0;7971.0
8.4;2991.6;0.5;32.9;2.0;7971.0
9.5;2997.3;0.6;3.3;2.0;7971.0
10.8;2997.3;0.0;0.0;97.0;7971.0
8.4;2997.3;0.0;0.0;96.0;7971.0
8.3;2997.3;0.0;0.0;97.0;7971.0
8.4;2997.3;0.0;0.0;96.0;7971.0
8.3;2997.3;0.0;0.0;99.0;7971.0
8.4;2997.3;0.0;0.0;96.0;7971.0
15.2;2997.3;0.0;0.0;96.0;7971.0
8.4;2997.3;0.0;0.0;99.0;7971.0
8.4;2997.3;0.0;0.0;96.0;7971.0
8.3;2997.3;0.0;0.0;95.0;7971.0
11.9;2997.3;0.0;0.0;99.0;7971.0
10.7;2997.3;0.0;0.0;96.0;7971.0
9.7;2997.3;0.0;0.0;96.0;7971.0
8.4;2997.3;0.0;0.0;99.0;7971.0
13.0;2997.3;0.0;0.0;96.0;7971.0
8.4;2997.3;0.0;0.0;96.0;7971.0
8.3;2996.8;0.0;0.0;98.0;7971.0
41.8;3009.8;0.0;0.0;47.0;7971.0
95.8;3009.8;0.0;0.0;1.0;7971.0
99.1;3009.8;0.0;0.0;1.0;7971.0
8.3;3037.1;17.8;66.9;3.0;7971.0
8.4;3007.8;0.7;1.7;2.0;7971.0
9.5;3012.8;0.3;1.8;2.0;7971.0
8.4;3012.8;0.0;0.0;97.0;7971.0
8.3;3012.8;0.0;0.0;96.0;7971.0
8.3;3012.8;0.0;0.0;97.0;7971.0
8.4;3012.8;0.0;0.0;97.0;7971.0
8.3;3014.1;0.0;0.0;99.0;7971.0
8.3;3012.8;0.0;0.0;96.0;7971.0
8.3;3012.8;0.0;0.0;96.0;7971.0
8.3;3012.8;0.0;0.0;99.0;7971.0
8.4;3012.8;0.0;0.0;96.0;7971.0
8.3;3012.8;0.0;0.0;96.0;7971.0
8.4;3012.8;0.0;0.0;99.0;7971.0
9.6;3012.8;0.0;0.0;95.0;7971.0
9.4;3012.8;0.0;0.0;96.0;7971.0
10.8;3012.8;0.0;0.0;99.0;7971.0
13.8;3012.8;0.0;0.0;95.0;7971.0
11.2;3012.8;0.0;0.0;96.0;7971.0
8.3;3012.4;0.0;0.0;97.0;7971.0
8.4;3025.3;0.0;0.0;17.0;7971.0
99.1;3025.3;0.0;0.0;1.0;7971.0
99.4;3025.3;0.0;0.0;1.0;7971.0
94.4;3025.3;0.0;0.0;1.0;7971.0
94.8;3025.3;0.0;0.0;1.0;7971.0
9.7;3019.7;10.2;33.2;4.0;7971.0
8.4;3020.9;7.7;34.1;2.0;7971.0
8.4;3029.2;0.9;3.5;2.0;7971.0
9.6;3029.2;0.0;0.0;96.0;7971.0
8.4;3029.2;0.0;0.0;96.0;7971.0
9.7;3029.2;0.0;0.0;99.0;7971.0
9.8;3029.2;0.0;0.0;96.0;7971.0
9.6;3029.2;0.0;0.0;96.0;7971.0
8.4;3029.2;0.0;0.0;96.0;7971.0
8.3;3029.2;0.0;0.0;96.0;7971.0
8.3;3029.2;0.0;0.0;99.0;7971.0
8.3;3029.2;0.0;0.0;96.0;7971.0
8.3;3029.2;0.0;0.0;96.0;7971.0
8.4;3029.2;0.0;0.0;98.0;7971.0
8.3;3029.2;0.0;0.0;96.0;7971.0
8.3;3029.2;0.0;0.0;98.0;7971.0
8.4;3029.2;0.0;0.0;96.0;7971.0
8.3;3029.2;0.0;0.0;96.0;7971.0
8.4;3029.2;0.0;0.0;99.0;7971.0
8.3;3028.8;0.0;0.0;97.0;7971.0
8.4;3041.1;0.0;0.0;2.0;7971.0
95.8;3041.5;0.0;0.0;1.0;7971.0
98.0;3041.5;0.0;0.0;1.0;7971.0
100.3;3041.5;0.0;0.0;1.0;7971.0
99.4;3041.5;0.0;0.0;1.0;7971.0
94.8;3041.6;0.0;0.0;1.0;7971.0
7.2;3068.7;17.8;67.7;3.0;7971.0
8.3;3038.2;0.1;0.0;1.0;7971.0
8.3;3050.7;0.9;3.7;24.0;7971.0
10.8;3046.1;0.0;0.0;96.0;7971.0
8.3;3046.1;0.0;0.0;99.0;7971.0
9.7;3046.1;0.0;0.0;96.0;7971.0
8.3;3046.1;0.0;0.0;98.0;7971.0
7.1;3046.1;0.0;0.0;96.0;7971.0
9.4;3046.1;0.0;0.0;96.0;7971.0
9.7;3046.1;0.0;0.0;99.0;7971.0
8.4;3046.1;0.0;0.0;96.0;7971.0
8.4;3046.1;0.0;0.0;95.0;7971.0
9.6;3046.1;0.0;0.0;97.0;7971.0
9.8;3046.1;0.0;0.0;96.0;7971.0
9.7;3046.1;0.0;0.0;95.0;7971.0
15.4;3046.1;0.0;0.0;96.0;7971.0
9.4;3046.1;0.0;0.0;95.0;7971.0
9.6;3046.1;0.0;0.0;99.0;7971.0
8.3;3046.1;0.0;0.0;96.0;7971.0
8.3;3048.7;0.0;0.0;65.0;7971.0
8.4;3060.6;0.0;0.0;2.0;7971.0
95.8;3061.5;0.0;0.0;1.0;7971.0
80.5;3061.5;0.0;0.0;1.0;7971.0
95.9;3061.5;0.0;0.0;1.0;7971.0
88.4;3061.5;0.0;0.0;1.0;7971.0
89.6;3061.5;0.0;0.0;1.0;7971.0
87.2;3061.5;0.0;0.0;2.0;7971.0
98.0;3061.5;0.0;0.0;1.0;7971.0
7.3;3112.3;17.9;68.0;2.0;7971.0
8.3;3058.1;0.6;1.8;2.0;7971.0
8.3;3071.8;0.3;2.0;27.0;7971.0
8.4;3067.1;0.0;0.0;96.0;7971.0
8.3;3067.1;0.0;0.0;96.0;7971.0
8.4;3067.1;0.0;0.0;96.0;7971.0
8.3;3067.1;0.0;0.0;99.0;7971.0
8.3;3067.1;0.0;0.0;96.0;7971.0
11.1;3067.1;0.0;0.0;96.0;7971.0
8.3;3067.1;0.0;0.0;98.0;7971.0
8.4;3067.1;0.0;0.0;96.0;7971.0
11.1;3067.1;0.0;0.0;96.0;7971.0
9.7;3067.1;0.0;0.0;99.0;7971.0
10.7;3067.1;0.0;0.0;96.0;7971.0
10.7;3067.1;0.0;0.0;96.0;7971.0
8.4;3067.1;0.0;0.0;96.0;7971.0
8.3;3067.1;0.0;0.0;95.0;7971.0
9.6;3067.1;0.0;0.0;96.0;7971.0
8.4;3067.1;0.0;0.0;96.0;7971.0
8.4;3069.7;0.0;0.0;63.0;7971.0
8.4;3079.6;0.0;0.0;2.0;7971.0
99.4;3082.9;0.0;0.0;1.0;7971.0
98.0;3082.9;0.0;0.0;1.0;7971.0
94.7;3082.9;0.0;0.0;1.0;7971.0
92.0;3082.9;0.0;0.0;1.0;7971.0
98.4;3082.9;0.0;0.0;1.0;7971.0
100.3;3082.9;0.0;0.0;1.0;7971.0
96.8;3082.9;0.0;0.0;1.0;7971.0
96.8;3082.9;0.0;0.0;1.0;7971.0
18.0;3076.9;8.8;29.8;4.0;7971.0
8.3;3077.5;9.1;38.6;2.0;7971.0
8.4;3081.4;0.6;1.9;2.0;7971.0
8.3;3084.9;0.3;2.0;96.0;7971.0
9.7;3084.9;0.0;0.0;96.0;7971.0
8.3;3084.9;0.0;0.0;96.0;7971.0
9.5;3084.9;0.0;0.0;99.0;7971.0
8.3;3084.9;0.0;0.0;96.0;7971.0
8.3;3084.9;0.0;0.0;96.0;7971.0
8.3;3084.9;0.0;0.0;99.0;7971.0
8.4;3084.9;0.0;0.0;97.0;7971.0
8.3;3084.9;0.0;0.0;95.0;7971.0
9.6;3084.9;0.0;0.0;99.0;7971.0
8.3;3084.9;0.0;0.0;96.0;7971.0
8.4;3084.9;0.0;0.0;96.0;7971.0
8.3;3084.9;0.0;0.0;99.0;7971.0
9.6;3084.9;0.0;0.0;95.0;7971.0
8.4;3084.9;0.0;0.0;95.0;7971.0
11.1;3084.9;0.0;0.0;99.0;7971.0
7.2;3084.4;0.0;0.0;96.0;7971.0
8.3;3099.7;0.0;0.0;2.0;7971.0
8.4;3107.2;0.0;0.0;52.0;7971.0
99.7;3107.2;0.0;0.0;1.0;7971.0
99.7;3107.2;0.0;0.0;1.0;7971.0
98.0;3107.2;0.0;0.0;1.0;7971.0
96.8;3107.2;0.0;0.0;1.0;7971.0
99.4;3107.2;0.0;0.0;1.0;7971.0
98.4;3107.2;0.0;0.0;1.0;7971.0
95.6;3107.3;0.0;0.0;1.0;7971.0
96.9;3107.3;0.0;0.0;1.0;7971.0
98.0;3107.3;0.0;0.0;2.0;7971.0
8.4;3101.5;17.9;68.8;4.0;7971.0
8.4;3105.6;0.6;2.0;4.0;7971.0
7.1;3108.5;0.3;2.1;4.0;7971.0
16.8;3108.5;0.0;0.0;95.0;7971.0
8.3;3108.5;0.0;0.0;99.0;7971.0
9.8;3108.5;0.0;0.0;95.0;7971.0
9.6;3108.5;0.0;0.0;95.0;7971.0
9.6;3108.5;0.0;0.0;96.0;7971.0
9.6;3108.5;0.0;0.0;96.0;7971.0
9.7;3108.5;0.0;0.0;99.0;7971.0
9.6;3108.5;0.0;0.0;96.0;7971.0
9.5;3108.5;0.0;0.0;96.0;7971.0
8.3;3108.5;0.0;0.0;99.0;7971.0
8.3;3108.5;0.0;0.0;96.0;7971.0
8.3;3108.5;0.0;0.0;96.0;7971.0
8.3;3108.5;0.0;0.0;98.0;7971.0
8.3;3108.5;0.0;0.0;96.0;7971.0
8.3;3108.5;0.0;0.0;98.0;7971.0
8.3;3108.5;0.0;0.0;96.0;7971.0
8.3;3108.0;0.0;0.0;96.0;7971.0
8.3;3126.2;0.0;0.0;2.0;7971.0
8.3;3133.3;0.0;0.0;20.0;7971.0
95.6;3133.3;0.0;0.0;1.0;7971.0
99.4;3133.3;0.0;0.0;1.0;7971.0
99.1;3133.3;0.0;0.0;1.0;7971.0
98.4;3133.3;0.0;0.0;1.0;7971.0
99.1;3133.3;0.0;0.0;1.0;7971.0
99.7;3133.3;0.0;0.0;1.0;7971.0
96.9;3133.3;0.0;0.0;1.0;7971.0
100.8;3133.3;0.0;0.0;1.0;7971.0
88.6;3133.3;0.0;0.0;1.0;7971.0
100.3;3133.3;0.0;0.0;1.0;7971.0
8.4;3160.0;17.8;69.2;4.0;7971.0
8.3;3127.9;0.1;0.0;2.0;7971.0
8.3;3129.7;0.9;4.2;1.0;7971.0
11.1;3134.3;0.0;0.0;96.0;7971.0
9.6;3134.3;0.0;0.0;96.0;7971.0
10.8;3134.3;0.0;0.0;96.0;7971.0
8.3;3134.3;0.0;0.0;96.0;7971.0
8.3;3134.3;0.0;0.0;96.0;7971.0
8.3;3134.3;0.0;0.0;95.0;7971.0
8.3;3134.3;0.0;0.0;99.0;7971.0
8.4;3134.3;0.0;0.0;97.0;7971.0
8.3;3134.3;0.0;0.0;95.0;7971.0
8.4;3134.3;0.0;0.0;99.0;7971.0
8.4;3134.3;0.0;0.0;96.0;7971.0
8.4;3134.3;0.0;0.0;95.0;7971.0
8.4;3134.3;0.0;0.0;99.0;7971.0
9.6;3134.3;0.0;0.0;96.0;7971.0
10.8;3134.3;0.0;0.0;96.0;7971.0
9.5;3134.3;0.0;0.0;99.0;7971.0
10.4;3133.8;0.0;0.0;94.0;7971.0
8.3;3149.0;0.0;0.0;2.0;7971.0
8.3;3159.2;0.0;0.0;2.0;7971.0
