50.0;116.0;158.5;0.0
70.8;154.7;93.3;0.0
0.0;156.2;1.9;0.0
0.0;156.2;0.0;0.0
0.0;156.2;0.1;0.0
0.0;156.2;0.0;0.0
0.0;156.2;1.2;0.0
0.0;156.2;0.0;0.0
0.0;156.2;0.7;0.0
0.0;156.2;0.0;0.0
0.0;156.2;0.6;0.0
0.0;156.2;0.0;0.0
0.0;156.2;0.7;0.0
0.0;156.2;0.0;0.0
0.0;156.2;0.3;0.0
0.0;156.2;0.0;0.0
0.0;156.2;0.5;0.0
0.0;156.2;0.0;0.0
0.0;156.2;0.3;0.0
0.0;156.2;0.0;0.0
19.8;160.0;0.5;0.0
52.1;161.0;0.0;0.0
34.9;161.0;0.3;0.0
0.0;161.0;0.0;0.0
0.0;161.0;0.1;0.0
0.0;161.0;0.0;0.0
0.0;161.0;1.2;0.0
0.0;161.0;0.0;0.0
0.0;161.0;0.7;0.0
0.0;161.0;0.0;0.0
0.0;161.0;0.4;0.0
0.0;161.0;0.0;0.0
0.0;161.0;0.4;0.0
0.0;161.0;0.0;0.0
0.0;161.0;0.4;0.0
0.0;161.0;0.0;0.0
0.0;161.0;0.5;0.0
0.0;161.0;0.0;0.0
43.9;161.3;0.6;0.0
54.0;161.3;1.1;0.0
0.0;161.3;0.0;0.0
0.0;161.3;0.2;0.0
0.0;161.3;0.0;0.0
0.0;161.3;2.6;0.0
0.0;161.3;0.0;0.0
0.0;161.3;1.4;0.0
0.0;161.3;0.0;0.0
0.0;161.3;0.9;0.0
0.0;161.3;0.0;0.0
0.0;161.3;0.7;0.0
0.0;161.3;0.0;0.0
0.0;161.3;0.4;0.0
0.0;161.3;0.0;0.0
0.0;161.3;0.0;0.0
0.0;161.3;0.0;0.0
0.0;161.3;0.3;0.0
0.0;161.3;0.0;0.0
0.0;161.3;1.0;0.0
0.0;161.3;0.0;0.0
24.9;162.2;0.7;0.0
0.0;162.2;0.0;0.0
63.2;166.0;14.8;4.0
53.0;276.1;1167.5;0.0
47.0;276.9;2.0;132.0
51.1;268.5;1.1;320.0
48.5;182.0;0.0;0.0
