8.3;18.6;2.2;0.0;534.0


8.3;111.0;6.6;0.0;534.0


6.9;93.8;5.8;0.0;534.0


8.3;95.7;10.6;0.0;534.0


0.0;5.3;0.2;0.0;534.0


0.0;0.3;0.0;0.0;534.0


8.3;29.3;1.1;0.0;632.0


8.4;0.1;0.0;7.0;781.0


8.3;0.0;0.0;5.0;911.0


8.4;0.0;0.0;5.0;1049.0


8.4;0.2;0.0;5.0;1153.0


8.4;70.2;67.7;8.0;1323.0


8.4;8.3;45.4;22.0;1743.0


50.2;76.5;308.2;57.0;1905.0


0.0;0.1;0.0;0.0;1905.0


0.0;0.3;0.0;0.0;1905.0


8.3;848.1;37.1;0.0;1905.0


8.3;642.9;28.5;0.0;1905.0


8.3;0.0;0.0;0.0;1905.0


8.3;0.0;0.0;0.0;1905.0


8.3;0.0;0.0;0.0;1905.0


8.3;0.0;0.0;0.0;1905.0


8.4;0.0;0.0;0.0;1905.0


8.3;0.0;0.0;0.0;1905.0


8.4;0.0;0.0;0.0;1905.0


8.3;0.0;0.0;0.0;1905.0


8.4;0.0;0.0;0.0;1905.0


8.3;0.0;0.0;0.0;1905.0


8.4;0.0;0.0;0.0;1905.0


8.4;0.0;0.0;0.0;1905.0


8.3;0.0;0.0;0.0;1905.0


8.4;0.0;0.0;0.0;1905.0


8.3;0.0;0.0;0.0;1905.0


8.3;0.0;0.0;0.0;1905.0


8.3;0.0;0.0;0.0;1905.0


8.4;0.0;0.0;0.0;1905.0


8.4;0.0;0.0;0.0;1905.0


8.3;0.0;0.0;0.0;1905.0


0.0;0.1;0.0;0.0;1905.0


0.0;0.3;0.0;0.0;1905.0


7.1;860.3;37.5;0.0;1905.0


8.4;633.3;28.0;0.0;1905.0


8.3;0.0;0.0;0.0;1905.0


8.4;0.0;0.0;0.0;1905.0


8.4;0.0;0.0;0.0;1905.0


8.4;0.0;0.0;0.0;1905.0


8.4;0.0;0.0;0.0;1905.0


8.4;0.0;0.0;0.0;1905.0


8.4;0.0;0.0;0.0;1905.0


8.3;0.0;0.0;0.0;1905.0


8.4;0.0;0.0;0.0;1905.0


8.3;0.0;0.0;0.0;1905.0


8.4;0.0;0.0;0.0;1905.0


8.4;0.0;0.0;0.0;1905.0


8.3;0.0;0.0;0.0;1905.0


8.4;0.0;0.0;0.0;1905.0


8.3;0.0;0.0;0.0;1905.0


8.3;0.0;0.0;0.0;1905.0


8.4;0.0;0.0;0.0;1905.0


8.3;0.0;0.0;0.0;1905.0


8.4;0.0;0.0;0.0;1905.0


8.3;1.0;0.3;0.0;1905.0


8.4;0.0;0.0;0.0;1905.0


8.3;0.0;0.0;0.0;1905.0


8.3;0.0;0.0;0.0;1905.0


8.4;0.0;0.0;0.0;1905.0


8.3;0.0;0.0;0.0;1905.0


8.4;0.0;0.0;0.0;1905.0


8.3;0.0;0.0;0.0;1905.0


8.3;0.0;0.0;0.0;1905.0


8.3;0.0;0.0;0.0;1905.0


8.4;0.0;0.0;0.0;1905.0


7.2;0.2;0.0;72.0;2317.0


8.3;0.0;0.0;54.0;3095.0


8.3;0.0;0.0;39.0;3873.0


8.3;0.0;0.0;43.0;4631.0


8.3;0.0;0.0;46.0;5409.0


8.4;0.0;0.0;39.0;6161.0


41.6;0.0;0.0;34.0;6653.0


38.2;0.0;0.0;14.0;7253.0


8.4;0.0;0.0;54.0;7253.0


8.4;0.0;0.0;54.0;7253.0


8.4;0.0;0.0;55.0;7253.0


8.4;0.0;0.0;55.0;7253.0


8.4;0.0;0.0;54.0;7253.0


8.3;0.0;0.0;54.0;7253.0


8.4;0.0;0.0;54.0;7253.0


8.3;0.0;0.0;54.0;7253.0


8.3;0.0;0.0;55.0;7253.0


8.4;0.0;0.0;55.0;7253.0


8.3;0.0;0.0;55.0;7253.0


8.4;0.0;0.0;52.0;7253.0


8.3;0.0;0.0;50.0;7253.0


0.0;10.6;0.8;0.0;7253.0


0.0;0.3;0.0;0.0;7253.0


9.4;1209.1;52.8;0.0;7253.0


8.4;283.9;12.7;0.0;7253.0


8.3;0.0;0.0;0.0;7253.0


8.4;0.0;0.0;0.0;7253.0


8.3;0.0;0.0;0.0;7253.0


8.3;0.0;0.0;0.0;7253.0


8.4;0.0;0.0;0.0;7253.0


8.3;0.0;0.0;0.0;7253.0


8.3;0.0;0.0;0.0;7253.0


8.3;0.0;0.0;0.0;7253.0


8.3;0.0;0.0;0.0;7253.0


8.3;0.0;0.0;1.0;7253.0


8.3;0.0;0.0;0.0;7253.0


8.4;0.0;0.0;0.0;7253.0


8.3;0.0;0.0;0.0;7253.0


8.3;0.0;0.0;0.0;7253.0


8.3;0.0;0.0;0.0;7253.0


8.3;0.0;0.0;0.0;7253.0


8.4;0.0;0.0;0.0;7253.0


8.3;0.0;0.0;0.0;7253.0


8.4;0.0;0.0;0.0;7253.0


8.4;0.0;0.0;0.0;7253.0


0.0;0.1;0.0;0.0;7253.0


0.0;0.3;0.0;0.0;7253.0


8.4;1220.3;53.4;0.0;7253.0


8.4;271.3;12.1;0.0;7253.0


8.3;0.0;0.0;0.0;7253.0


8.3;0.0;0.0;0.0;7253.0


8.3;0.0;0.0;0.0;7253.0


8.3;0.0;0.0;0.0;7253.0


8.4;0.0;0.0;0.0;7253.0


8.3;0.0;0.0;0.0;7253.0


8.4;0.0;0.0;0.0;7253.0


8.3;0.0;0.0;0.0;7253.0


8.3;0.0;0.0;0.0;7253.0


8.4;0.0;0.0;0.0;7253.0


8.3;0.0;0.0;0.0;7253.0


8.4;0.0;0.0;0.0;7253.0


8.4;0.0;0.0;0.0;7253.0


8.4;0.0;0.0;0.0;7253.0


8.3;0.0;0.0;1.0;7253.0


8.3;0.0;0.0;0.0;7253.0


8.4;0.0;0.0;0.0;7253.0


8.3;0.0;0.0;0.0;7253.0


8.4;0.0;0.0;1.0;7253.0


8.3;1.0;0.3;1.0;7253.0


8.3;0.0;0.0;1.0;7253.0


8.3;0.0;0.0;0.0;7253.0


8.3;0.0;0.0;0.0;7253.0


8.4;0.0;0.0;0.0;7253.0


8.3;0.0;0.0;1.0;7253.0


8.3;0.0;0.0;0.0;7253.0


8.3;0.0;0.0;0.0;7253.0


8.3;0.0;0.0;0.0;7253.0


8.4;0.0;0.0;0.0;7253.0


8.3;0.0;0.0;1.0;7255.0


8.4;0.0;0.0;84.0;7255.0


8.4;0.0;0.0;56.0;7255.0


8.4;0.0;0.0;56.0;7255.0


8.4;0.0;0.0;56.0;7255.0


44.2;0.0;0.0;59.0;7471.0


8.4;0.0;0.0;52.0;7471.0


8.3;0.0;0.0;54.0;7471.0


8.4;0.0;0.0;53.0;7471.0


8.3;0.0;0.0;55.0;7471.0


8.3;0.0;0.0;55.0;7471.0


8.4;0.0;0.0;55.0;7471.0


8.3;0.0;0.0;54.0;7471.0


8.4;0.0;0.0;55.0;7471.0


8.3;0.0;0.0;55.0;7471.0


8.3;0.0;0.0;55.0;7471.0


8.4;0.0;0.0;55.0;7471.0


8.3;0.0;0.0;55.0;7471.0


7.0;10.6;0.8;29.0;7471.0


0.0;0.3;0.0;0.0;7471.0


4.8;177.8;7.5;0.0;7471.0


8.4;1313.6;57.7;0.0;7471.0


8.3;1.0;0.3;0.0;7471.0


8.4;0.0;0.0;0.0;7471.0


8.3;0.0;0.0;0.0;7471.0


8.3;0.0;0.0;0.0;7471.0


8.3;0.0;0.0;0.0;7471.0


8.3;0.0;0.0;0.0;7471.0


8.4;0.0;0.0;0.0;7471.0


8.3;0.0;0.0;0.0;7471.0


8.3;0.0;0.0;0.0;7471.0


8.3;0.0;0.0;0.0;7471.0


8.3;0.0;0.0;0.0;7471.0


8.3;0.0;0.0;0.0;7471.0


8.3;0.0;0.0;0.0;7471.0


8.4;0.0;0.0;0.0;7471.0


8.3;0.0;0.0;0.0;7471.0


8.4;0.0;0.0;0.0;7471.0


8.4;0.0;0.0;0.0;7471.0


8.3;0.0;0.0;0.0;7471.0


8.4;0.0;0.0;0.0;7471.0


8.4;0.0;0.0;0.0;7471.0


0.0;0.1;0.0;0.0;7471.0


0.0;0.3;0.0;0.0;7471.0


9.7;525.3;22.8;0.0;7471.0


8.3;965.9;42.4;0.0;7471.0


8.3;1.0;0.3;0.0;7471.0


8.4;0.0;0.0;0.0;7471.0


8.3;0.0;0.0;0.0;7471.0


8.4;0.0;0.0;0.0;7471.0


8.4;0.0;0.0;0.0;7471.0


8.3;0.0;0.0;0.0;7471.0


8.4;0.0;0.0;0.0;7471.0


8.3;0.0;0.0;0.0;7471.0


8.4;0.0;0.0;0.0;7471.0


8.4;0.0;0.0;0.0;7471.0


8.4;0.0;0.0;0.0;7471.0


8.4;0.0;0.0;0.0;7471.0


8.4;0.0;0.0;0.0;7471.0


8.4;0.0;0.0;0.0;7471.0


8.3;0.0;0.0;0.0;7471.0


8.4;0.0;0.0;0.0;7471.0


8.3;0.0;0.0;0.0;7471.0


8.3;0.0;0.0;0.0;7471.0


8.4;0.0;0.0;0.0;7471.0


8.3;0.0;0.0;0.0;7471.0


8.4;1.0;0.3;0.0;7471.0


8.3;0.0;0.0;0.0;7471.0


8.3;0.0;0.0;0.0;7471.0


8.3;0.0;0.0;0.0;7471.0


8.3;0.0;0.0;0.0;7471.0


8.4;0.0;0.0;0.0;7471.0


8.3;0.0;0.0;0.0;7471.0


8.3;0.0;0.0;0.0;7471.0


8.4;0.0;0.0;0.0;7471.0


8.3;0.0;0.0;0.0;7471.0


8.4;0.0;0.0;2.0;7471.0


7.2;0.0;0.0;71.0;7471.0


8.4;0.0;0.0;56.0;7471.0


8.3;0.0;0.0;56.0;7471.0


8.3;0.0;0.0;55.0;7471.0


49.7;0.0;0.0;43.0;7471.0


8.3;0.0;0.0;56.0;7471.0


8.4;0.0;0.0;54.0;7471.0


8.3;0.0;0.0;54.0;7471.0


8.4;0.0;0.0;54.0;7471.0


8.4;0.0;0.0;55.0;7471.0


8.3;0.0;0.0;55.0;7471.0


8.4;0.0;0.0;54.0;7471.0


8.3;0.0;0.0;54.0;7471.0


8.4;0.0;0.0;54.0;7471.0


8.4;0.0;0.0;55.0;7471.0


8.4;0.0;0.0;55.0;7471.0


8.4;0.0;0.0;55.0;7471.0


0.0;10.6;0.8;0.0;7471.0


0.0;0.3;0.0;0.0;7471.0


11.8;505.3;22.0;0.0;7471.0


8.4;985.8;43.3;0.0;7471.0


8.3;1.0;0.3;0.0;7471.0


8.3;0.0;0.0;0.0;7471.0


8.4;0.0;0.0;0.0;7471.0


8.3;0.0;0.0;0.0;7471.0


8.3;0.0;0.0;0.0;7471.0


8.3;0.0;0.0;0.0;7471.0


8.3;0.0;0.0;0.0;7471.0


8.3;0.0;0.0;0.0;7471.0


8.3;0.0;0.0;0.0;7471.0


8.4;0.0;0.0;0.0;7471.0


8.4;0.0;0.0;0.0;7471.0


8.3;0.0;0.0;0.0;7471.0


8.4;0.0;0.0;0.0;7471.0


8.3;0.0;0.0;0.0;7471.0


8.4;0.0;0.0;0.0;7471.0


8.3;0.0;0.0;0.0;7471.0


8.4;0.0;0.0;0.0;7471.0


8.3;0.0;0.0;0.0;7471.0


8.3;0.0;0.0;0.0;7471.0


8.3;0.0;0.0;0.0;7471.0


0.0;0.1;0.0;0.0;7471.0


0.0;0.3;0.0;0.0;7471.0


8.3;855.4;37.4;0.0;7471.0


8.4;635.5;28.1;0.0;7471.0


8.4;0.0;0.0;0.0;7471.0


8.3;0.0;0.0;0.0;7471.0


8.4;0.0;0.0;0.0;7471.0


8.3;0.0;0.0;0.0;7471.0


8.4;0.0;0.0;0.0;7471.0


8.4;0.0;0.0;0.0;7471.0


8.3;0.0;0.0;0.0;7471.0


8.4;0.0;0.0;0.0;7471.0


8.3;0.0;0.0;0.0;7471.0


8.4;0.0;0.0;0.0;7471.0


8.3;0.0;0.0;0.0;7471.0


8.4;0.0;0.0;0.0;7471.0


8.3;0.0;0.0;0.0;7471.0


8.3;0.0;0.0;0.0;7471.0


8.4;0.0;0.0;0.0;7471.0


8.3;0.0;0.0;0.0;7471.0


8.3;0.0;0.0;0.0;7471.0


8.3;0.0;0.0;0.0;7471.0


8.3;0.0;0.0;0.0;7471.0


8.3;1.0;0.3;0.0;7471.0


8.3;0.0;0.0;0.0;7471.0


8.4;0.0;0.0;0.0;7471.0


8.4;0.0;0.0;0.0;7471.0


8.3;0.0;0.0;0.0;7471.0


8.4;0.0;0.0;0.0;7471.0


8.3;0.0;0.0;0.0;7471.0


8.4;0.0;0.0;0.0;7471.0


8.3;0.0;0.0;0.0;7471.0


