6.0;5.4;0.5;0.0;548.0


7.1;128.2;7.6;0.0;548.0


8.4;93.8;7.4;0.0;548.0


3.6;83.8;8.3;0.0;548.0


1.2;0.3;0.0;0.0;548.0


4.8;26.9;1.0;0.0;548.0


6.9;2.3;0.2;5.0;700.0


8.4;0.0;0.0;5.0;842.0


8.3;0.0;0.0;6.0;983.0


8.4;0.0;0.0;4.0;1103.0


8.3;0.2;0.0;4.0;1253.0


8.4;70.2;67.7;3.0;1355.0


8.3;84.8;353.6;20.0;1937.0


13.1;0.1;0.0;44.0;1937.0


0.0;0.3;0.0;0.0;1937.0


4.7;222.4;9.6;0.0;1937.0


8.3;1267.1;55.7;0.0;1937.0


8.3;1.0;0.3;0.0;1937.0


8.3;0.0;0.0;0.0;1937.0


8.3;0.0;0.0;0.0;1937.0


8.3;0.0;0.0;0.0;1937.0


8.4;0.0;0.0;0.0;1937.0


8.4;0.0;0.0;0.0;1937.0


8.3;0.0;0.0;0.0;1937.0


8.4;0.0;0.0;0.0;1937.0


8.3;0.0;0.0;0.0;1937.0


8.4;0.0;0.0;0.0;1937.0


8.3;0.0;0.0;0.0;1937.0


8.4;0.0;0.0;0.0;1937.0


8.3;0.0;0.0;0.0;1937.0


8.3;0.0;0.0;0.0;1937.0


8.3;0.0;0.0;0.0;1937.0


8.4;0.0;0.0;0.0;1937.0


8.3;0.0;0.0;0.0;1937.0


8.3;0.0;0.0;0.0;1937.0


8.4;0.0;0.0;0.0;1937.0


8.4;0.0;0.0;0.0;1937.0


0.0;0.1;0.0;0.0;1937.0


0.0;0.3;0.0;0.0;1937.0


7.1;551.6;24.0;1.0;1937.0


8.3;940.2;41.3;1.0;1937.0


8.4;1.0;0.3;0.0;1937.0


8.3;0.0;0.0;0.0;1937.0


8.4;0.0;0.0;0.0;1937.0


8.3;0.0;0.0;1.0;1937.0


8.4;0.0;0.0;1.0;1937.0


8.3;0.0;0.0;0.0;1937.0


8.4;0.0;0.0;0.0;1937.0


8.3;0.0;0.0;1.0;1937.0


8.3;0.0;0.0;1.0;1937.0


8.4;0.0;0.0;1.0;1937.0


8.3;0.0;0.0;0.0;1937.0


8.3;0.0;0.0;0.0;1937.0


8.4;0.0;0.0;1.0;1937.0


8.3;0.0;0.0;1.0;1937.0


8.4;0.0;0.0;1.0;1937.0


8.3;0.0;0.0;0.0;1937.0


8.4;0.0;0.0;0.0;1937.0


8.4;0.0;0.0;1.0;1937.0


8.3;0.0;0.0;1.0;1937.0


8.4;0.0;0.0;1.0;1937.0


8.3;1.0;0.3;0.0;1937.0


8.4;0.0;0.0;0.0;1937.0


8.3;0.0;0.0;1.0;1937.0


8.3;0.0;0.0;1.0;1937.0


8.3;0.0;0.0;1.0;1937.0


8.3;0.0;0.0;0.0;1937.0


8.3;0.0;0.0;0.0;1937.0


8.3;0.0;0.0;0.0;1937.0


8.3;0.0;0.0;1.0;1937.0


8.3;0.0;0.0;1.0;1937.0


21.5;0.0;0.0;23.0;1937.0


8.4;0.2;0.0;47.0;2369.0


8.3;0.0;0.0;41.0;3151.0


8.4;0.0;0.0;56.0;3931.0


8.3;0.0;0.0;39.0;4709.0


8.4;0.0;0.0;46.0;5467.0


8.4;0.0;0.0;43.0;6441.0


22.4;0.0;0.0;41.0;6679.0


50.2;0.0;0.0;36.0;7279.0


8.3;0.0;0.0;54.0;7279.0


8.4;0.0;0.0;54.0;7279.0


8.3;0.0;0.0;52.0;7279.0


8.4;0.0;0.0;54.0;7279.0


8.4;0.0;0.0;54.0;7279.0


8.3;0.0;0.0;53.0;7279.0


8.3;0.0;0.0;53.0;7279.0


8.3;0.0;0.0;54.0;7279.0


8.3;0.0;0.0;54.0;7279.0


8.3;0.0;0.0;54.0;7279.0


8.3;0.0;0.0;54.0;7279.0


8.4;0.0;0.0;55.0;7279.0


4.7;10.6;0.8;45.0;7279.0


0.0;0.3;0.0;0.0;7279.0


2.4;170.6;7.2;0.0;7279.0


9.6;1321.4;58.0;0.0;7279.0


8.4;1.0;0.3;0.0;7279.0


8.3;0.0;0.0;0.0;7279.0


8.4;0.0;0.0;0.0;7279.0


8.3;0.0;0.0;0.0;7279.0


8.3;0.0;0.0;0.0;7279.0


8.3;0.0;0.0;0.0;7279.0


8.3;0.0;0.0;0.0;7279.0


8.3;0.0;0.0;0.0;7279.0


8.3;0.0;0.0;0.0;7279.0


8.3;0.0;0.0;0.0;7279.0


8.4;0.0;0.0;0.0;7279.0


8.3;0.0;0.0;0.0;7279.0


8.4;0.0;0.0;0.0;7279.0


8.3;0.0;0.0;0.0;7279.0


8.4;0.0;0.0;0.0;7279.0


8.3;0.0;0.0;0.0;7279.0


8.4;0.0;0.0;0.0;7279.0


8.4;0.0;0.0;0.0;7279.0


8.3;0.0;0.0;0.0;7279.0


8.4;0.0;0.0;0.0;7279.0


0.0;0.1;0.0;0.0;7279.0


0.0;0.3;0.0;0.0;7279.0


9.7;511.0;22.2;0.0;7279.0


8.4;980.6;43.1;0.0;7279.0


8.4;1.0;0.3;0.0;7279.0


8.3;0.0;0.0;0.0;7279.0


8.3;0.0;0.0;0.0;7279.0


8.3;0.0;0.0;0.0;7279.0


8.3;0.0;0.0;0.0;7279.0


8.4;0.0;0.0;0.0;7279.0


8.3;0.0;0.0;0.0;7279.0


8.4;0.0;0.0;0.0;7279.0


8.3;0.0;0.0;0.0;7279.0


8.4;0.0;0.0;0.0;7279.0


8.4;0.0;0.0;0.0;7279.0


8.4;0.0;0.0;0.0;7279.0


8.4;0.0;0.0;0.0;7279.0


8.3;0.0;0.0;0.0;7279.0


8.4;0.0;0.0;0.0;7279.0


8.3;0.0;0.0;0.0;7279.0


8.3;0.0;0.0;0.0;7279.0


8.3;0.0;0.0;0.0;7279.0


8.3;0.0;0.0;0.0;7279.0


8.3;0.0;0.0;0.0;7279.0


8.3;1.0;0.3;0.0;7279.0


8.3;0.0;0.0;0.0;7279.0


8.4;0.0;0.0;0.0;7279.0


8.3;0.0;0.0;0.0;7279.0


8.4;0.0;0.0;0.0;7279.0


8.3;0.0;0.0;0.0;7279.0


8.4;0.0;0.0;0.0;7279.0


8.3;0.0;0.0;0.0;7279.0


8.4;0.0;0.0;0.0;7279.0


8.4;0.0;0.0;0.0;7279.0


23.6;0.0;0.0;46.0;7281.0


8.4;0.0;0.0;55.0;7281.0


8.3;0.0;0.0;56.0;7281.0


8.3;0.0;0.0;55.0;7281.0


22.2;0.0;0.0;59.0;7499.0


14.3;0.0;0.0;54.0;7499.0


8.4;0.0;0.0;55.0;7499.0


8.3;0.0;0.0;54.0;7499.0


8.3;0.0;0.0;54.0;7499.0


8.3;0.0;0.0;54.0;7499.0


8.3;0.0;0.0;55.0;7499.0


8.4;0.0;0.0;54.0;7499.0


8.3;0.0;0.0;55.0;7499.0


8.4;0.0;0.0;54.0;7499.0


8.3;0.0;0.0;54.0;7499.0


8.4;0.0;0.0;54.0;7499.0


8.4;0.0;0.0;55.0;7499.0


8.4;0.0;0.0;52.0;7499.0


0.0;10.6;0.8;0.0;7499.0


0.0;0.3;0.0;0.0;7499.0


8.4;1178.0;51.5;0.0;7499.0


8.3;314.2;14.0;0.0;7499.0


8.3;0.0;0.0;0.0;7499.0


8.4;0.0;0.0;0.0;7499.0


8.3;0.0;0.0;0.0;7499.0


8.3;0.0;0.0;0.0;7499.0


8.3;0.0;0.0;0.0;7499.0


8.3;0.0;0.0;0.0;7499.0


8.4;0.0;0.0;0.0;7499.0


8.3;0.0;0.0;0.0;7499.0


8.4;0.0;0.0;1.0;7499.0


8.3;0.0;0.0;1.0;7499.0


8.4;0.0;0.0;1.0;7499.0


8.3;0.0;0.0;0.0;7499.0


8.3;0.0;0.0;0.0;7499.0


8.4;0.0;0.0;1.0;7499.0


8.4;0.0;0.0;1.0;7499.0


8.4;0.0;0.0;0.0;7499.0


8.3;0.0;0.0;0.0;7499.0


8.3;0.0;0.0;0.0;7499.0


8.3;0.0;0.0;1.0;7499.0


8.4;0.0;0.0;1.0;7499.0


0.0;0.1;0.0;0.0;7499.0


0.0;0.3;0.0;0.0;7499.0


11.1;1178.2;51.5;0.0;7499.0


8.3;314.5;14.0;1.0;7499.0


8.3;0.0;0.0;1.0;7499.0


8.4;0.0;0.0;0.0;7499.0


8.3;0.0;0.0;0.0;7499.0


8.4;0.0;0.0;0.0;7499.0


8.4;0.0;0.0;1.0;7499.0


8.4;0.0;0.0;1.0;7499.0


8.4;0.0;0.0;0.0;7499.0


8.4;0.0;0.0;0.0;7499.0


8.4;0.0;0.0;0.0;7499.0


8.3;0.0;0.0;1.0;7499.0


8.4;0.0;0.0;1.0;7499.0


8.3;0.0;0.0;0.0;7499.0


8.3;0.0;0.0;0.0;7499.0


8.4;0.0;0.0;0.0;7499.0


8.3;0.0;0.0;1.0;7499.0


8.4;0.0;0.0;1.0;7499.0


8.3;0.0;0.0;0.0;7499.0


8.3;0.0;0.0;0.0;7499.0


8.4;0.0;0.0;1.0;7499.0


8.3;1.0;0.3;1.0;7499.0


8.4;0.0;0.0;1.0;7499.0


8.3;0.0;0.0;0.0;7499.0


8.4;0.0;0.0;1.0;7499.0


8.3;0.0;0.0;1.0;7499.0


8.3;0.0;0.0;1.0;7499.0


8.4;0.0;0.0;1.0;7499.0


8.3;0.0;0.0;0.0;7499.0


8.3;0.0;0.0;0.0;7499.0


8.3;0.0;0.0;1.0;7499.0


8.3;0.0;0.0;1.0;7499.0


8.3;0.0;0.0;73.0;7499.0


8.4;0.0;0.0;57.0;7499.0


8.4;0.0;0.0;56.0;7499.0


8.3;0.0;0.0;56.0;7499.0


50.2;0.0;0.0;44.0;7499.0


8.3;0.0;0.0;50.0;7499.0


8.3;0.0;0.0;54.0;7499.0


8.4;0.0;0.0;54.0;7499.0


8.3;0.0;0.0;54.0;7499.0


8.4;0.0;0.0;54.0;7499.0


8.4;0.0;0.0;54.0;7499.0


8.4;0.0;0.0;54.0;7499.0


8.4;0.0;0.0;55.0;7499.0


8.4;0.0;0.0;54.0;7499.0


8.4;0.0;0.0;53.0;7499.0


8.3;0.0;0.0;54.0;7499.0


8.3;0.0;0.0;55.0;7499.0


4.7;10.6;0.8;1.0;7499.0


1.4;0.3;0.0;0.0;7499.0


4.8;166.0;7.0;0.0;7499.0


8.3;1325.4;58.2;0.0;7499.0


8.4;1.0;0.3;0.0;7499.0


8.3;0.0;0.0;0.0;7499.0


8.3;0.0;0.0;0.0;7499.0


8.4;0.0;0.0;0.0;7499.0


8.3;0.0;0.0;0.0;7499.0


8.4;0.0;0.0;0.0;7499.0


8.4;0.0;0.0;0.0;7499.0


8.4;0.0;0.0;0.0;7499.0


8.3;0.0;0.0;0.0;7499.0


8.3;0.0;0.0;0.0;7499.0


8.4;0.0;0.0;0.0;7499.0


8.3;0.0;0.0;0.0;7499.0


8.3;0.0;0.0;0.0;7499.0


8.3;0.0;0.0;0.0;7499.0


8.3;0.0;0.0;0.0;7499.0


8.3;0.0;0.0;0.0;7499.0


8.3;0.0;0.0;0.0;7499.0


8.4;0.0;0.0;0.0;7499.0


8.3;0.0;0.0;0.0;7499.0


8.3;0.0;0.0;0.0;7499.0


3.1;0.1;0.0;0.0;7499.0


0.0;0.3;0.0;0.0;7499.0


5.6;173.6;7.4;0.0;7499.0


6.9;1317.8;57.9;0.0;7499.0


8.4;1.0;0.3;0.0;7499.0


8.4;0.0;0.0;0.0;7499.0


8.3;0.0;0.0;0.0;7499.0


8.4;0.0;0.0;0.0;7499.0


8.4;0.0;0.0;0.0;7499.0


8.4;0.0;0.0;0.0;7499.0


8.3;0.0;0.0;0.0;7499.0


8.3;0.0;0.0;0.0;7499.0


8.3;0.0;0.0;0.0;7499.0


8.3;0.0;0.0;0.0;7499.0


8.4;0.0;0.0;0.0;7499.0


8.3;0.0;0.0;0.0;7499.0


8.4;0.0;0.0;0.0;7499.0


8.4;0.0;0.0;0.0;7499.0


8.3;0.0;0.0;0.0;7499.0


8.4;0.0;0.0;0.0;7499.0


8.3;0.0;0.0;0.0;7499.0


8.4;0.0;0.0;0.0;7499.0


8.4;0.0;0.0;0.0;7499.0


8.4;0.0;0.0;0.0;7499.0


8.4;1.0;0.3;0.0;7499.0


8.3;0.0;0.0;0.0;7499.0


8.4;0.0;0.0;0.0;7499.0


8.3;0.0;0.0;0.0;7499.0


8.3;0.0;0.0;0.0;7499.0


8.3;0.0;0.0;0.0;7499.0


8.3;0.0;0.0;0.0;7499.0


8.4;0.0;0.0;0.0;7499.0


8.3;0.0;0.0;1.0;7499.0


