0.0;10493952;0
0.0;10493952;0
0.0;10493952;0
33.6;17485824;0
113.6;18665472;0
129.0;23621632;0
216.1;27164672;0
216.1;31207424;0
213.1;35319808;0
215.0;39010304;0
216.1;51605504;0
199.5;51531776;0
172.0;43577344;0
99.7;43577344;0
83.1;28049408;0
114.7;43769856;0
99.7;37949440;0
216.1;51843072;0
200.7;51875840;0
198.9;51855360;0
199.5;51879936;0
99.7;43859968;0
100.3;43986944;0
166.2;52256768;0
201.6;52260864;0
199.5;52260864;0
200.7;52281344;0
199.5;52305920;0
201.6;52371456;0
199.5;52408320;0
114.7;44404736;0
99.7;44421120;0
216.1;52580352;0
182.8;44560384;0
100.3;44572672;0
100.3;44560384;0
216.1;52850688;0
201.6;52854784;0
198.9;52858880;0
200.7;52858880;0
199.5;52908032;0
201.6;52928512;0
198.9;52936704;0
201.6;52961280;0
199.5;52985856;0
199.5;53043200;0
127.8;45039616;0
100.8;45072384;0
149.6;53137408;0
199.5;53014528;0
143.3;45010944;0
99.7;45010944;0
182.8;54005760;0
199.5;54005760;0
114.7;45985792;0
99.4;45981696;0
201.6;54177792;0
199.5;53354496;0
186.4;53354496;0
127.8;45404160;0
100.8;45404160;0
66.5;37371904;0
149.6;46166016;0
100.3;46145536;0
227.3;53547008;0
200.7;53555200;0
199.5;53620736;0
201.6;53755904;0
156.2;45735936;0
100.3;45735936;0
229.4;53968896;478
198.9;53936128;32
199.5;53940224;0
199.5;45920256;0
100.8;45920256;0
99.4;45907968;0
200.7;53846016;0
199.5;53850112;0
199.5;53854208;0
199.5;53854208;0
199.5;53895168;0
200.7;53956608;0
198.9;53956608;0
151.2;45936640;0
99.7;45936640;0
133.0;41455616;0
133.0;45895680;0
100.3;45895680;0
133.0;44621824;0
198.9;53907456;0
201.6;53907456;0
199.5;54042624;0
166.2;46043136;0
66.5;46043136;0
14.3;38010880;0
129.0;46018560;0
99.4;46002176;0
218.4;53813248;0
199.5;53821440;0
199.5;53825536;0
166.2;53825536;0
200.7;53960704;0
200.7;54001664;0
198.9;54022144;0
134.4;46002176;0
99.7;46002176;0
166.2;44179456;0
182.8;45768704;0
100.3;45903872;0
100.3;45887488;0
184.7;54054912;0
201.6;54054912;0
199.5;53469184;0
83.1;46043136;0
99.7;46166016;0
172.0;46026752;0
100.3;46026752;0
99.4;46014464;0
201.6;54116352;0
199.5;54124544;0
199.5;54124544;0
198.9;54190080;0
200.7;54190080;0
199.5;54190080;0
199.5;54198272;0
100.8;46243840;0
99.7;46145536;0
166.2;46104576;0
99.7;46104576;0
99.7;46088192;0
186.4;54079488;0
198.9;54079488;0
200.7;54079488;0
182.8;46059520;0
99.7;46059520;0
0.0;38023168;0
149.6;45944832;0
100.8;46100480;0
216.1;53940224;0
199.5;53940224;0
201.6;53940224;0
199.5;53940224;0
200.7;54071296;0
198.9;54071296;0
114.7;46108672;0
100.3;46170112;0
182.8;54140928;0
117.6;46120960;0
99.7;46120960;0
216.1;54149120;0
199.5;54149120;0
199.5;54149120;0
201.6;54161408;0
184.7;54161408;0
200.7;54161408;0
172.0;46141440;0
14.2;46141440;0
83.1;43212800;0
99.7;46956544;0
182.8;54255616;0
200.7;54263808;0
198.9;54263808;0
200.7;54263808;0
100.3;46243840;0
99.4;46227456;0
186.4;54251520;0
198.9;54251520;0
201.6;54251520;0
199.5;54251520;0
199.5;54251520;0
201.6;54251520;0
116.4;46231552;0
0.0;46231552;0
99.7;46227456;0
99.7;46227456;0
216.1;54132736;0
201.6;54136832;0
199.5;54136832;0
199.5;54136832;0
201.6;54136832;0
149.6;46247936;0
99.7;46247936;0
166.2;43913216;0
199.5;54218752;0
201.6;54218752;0
199.5;54222848;0
166.2;46202880;0
100.8;46202880;0
33.2;38170624;0
116.4;46899200;0
99.7;46882816;0
249.3;54157312;0
201.6;54157312;0
199.5;54157312;0
116.4;46137344;0
100.8;46137344;0
149.6;54087680;0
149.6;46067712;0
99.7;46067712;0
99.7;46051328;0
200.7;54894592;0
200.7;54910976;0
198.9;54931456;0
200.7;54935552;0
200.7;54960128;0
198.9;54976512;0
200.7;54992896;0
170.5;46989312;0
100.3;46989312;0
100.3;38985728;0
99.7;46194688;0
100.3;46178304;0
218.4;54050816;0
199.5;54050816;0
199.5;54050816;0
199.5;54050816;0
199.5;54050816;0
201.6;54050816;0
199.5;54054912;0
182.8;54063104;0
151.2;46043136;0
28.7;46043136;0
99.7;46166016;0
99.7;46166016;0
216.1;54796288;0
199.5;54796288;0
200.7;54796288;0
200.7;54796288;0
198.9;54796288;0
200.7;54796288;0
201.6;54829056;0
199.5;54829056;0
133.0;46809088;0
16.6;46809088;0
133.0;46039040;0
99.7;51896320;0
218.4;54870016;0
199.5;54870016;0
166.2;46850048;0
100.3;46854144;0
157.7;54317056;0
198.9;54317056;0
200.7;54366208;0
142.0;46346240;0
99.7;46403584;0
100.8;46387200;0
232.7;55222272;0
199.5;55279616;0
201.6;55279616;0
182.8;47321088;0
99.4;47321088;0
100.3;47308800;0
142.0;47439872;0
100.3;47439872;0
100.8;47423488;0
166.2;55463936;0
133.0;47443968;0
100.8;47443968;0
99.7;41054208;0
232.7;54657024;0
200.7;54657024;0
156.2;46637056;0
14.3;46637056;0
84.0;46522368;0
100.3;46522368;0
198.9;54378496;0
199.5;54378496;0
201.6;54431744;0
199.5;54431744;0
182.8;46411776;0
100.3;46411776;0
170.5;54632448;0
129.0;46583808;0
100.8;46583808;0
199.5;54206464;0
199.5;54206464;0
200.7;54206464;0
200.7;54206464;0
199.5;54206464;0
199.5;54247424;0
143.3;46227456;0
14.2;46227456;0
99.7;47034368;0
100.3;47034368;0
215.0;54902784;0
198.9;54902784;0
199.5;54902784;0
201.6;54902784;0
199.5;54902784;0
116.4;46899200;0
99.7;46899200;0
184.7;54304768;0
200.7;54304768;0
201.6;54304768;0
116.4;46284800;0
99.7;46284800;0
229.4;53985280;0
201.6;53985280;0
133.0;46096384;0
99.7;46153728;0
