0.0;10493952;0
0.0;10493952;0
0.0;10493952;0
0.0;10493952;0
16.6;13725696;0
100.8;18714624;0
113.6;21565440;0
200.7;27095040;0
199.5;28516352;0
249.3;35217408;0
198.9;36663296;0
215.0;51331072;0
199.5;51322880;0
199.5;51326976;0
200.7;51437568;0
199.5;51437568;0
199.5;51470336;0
166.2;43520000;0
57.3;43520000;0
16.6;28868608;0
117.6;43663360;0
133.0;38170624;0
199.5;51773440;0
198.9;51773440;0
201.6;51773440;0
199.5;51826688;0
200.7;51830784;0
200.7;51974144;0
199.5;51974144;0
199.5;51974144;0
199.5;51974144;0
200.7;51974144;0
182.8;44085248;0
100.8;44085248;0
99.7;44068864;0
186.4;44208128;0
99.4;44208128;0
100.8;44199936;0
232.7;52269056;0
199.5;52404224;0
200.7;52412416;0
184.7;52412416;0
199.5;52412416;0
200.7;52416512;0
186.4;52690944;0
199.5;52690944;0
201.6;52690944;0
156.2;44670976;0
14.3;44670976;0
71.0;45506560;0
100.8;45506560;0
182.8;52686848;0
200.7;52690944;0
200.7;52690944;0
199.5;52690944;0
199.5;52826112;0
200.7;52826112;0
199.5;52826112;0
199.5;52961280;0
201.6;52965376;0
199.5;52965376;0
200.7;52969472;0
156.2;44969984;0
100.8;44969984;0
83.1;36933632;0
116.4;45101056;0
100.3;43708416;0
227.3;53211136;0
200.7;53211136;0
199.5;53243904;0
201.6;53243904;0
199.5;53243904;0
200.7;53243904;0
200.7;53243904;0
199.5;53256192;0
166.2;45236224;0
33.2;45236224;0
0.0;37199872;0
133.0;46235648;0
100.3;46223360;0
182.8;54579200;0
199.5;54579200;0
199.5;54579200;0
200.7;54579200;0
200.7;54579200;0
199.5;54579200;0
201.6;54579200;0
199.5;54579200;0
200.7;54579200;0
156.2;54575104;0
200.7;54575104;0
100.3;46555136;0
99.7;46612480;75
235.2;53850112;435
182.8;45834240;0
99.7;45834240;0
99.4;45596672;0
215.0;54394880;0
200.7;54411264;0
199.5;54411264;0
201.6;54411264;0
199.5;54411264;0
199.5;54411264;0
198.9;54439936;0
200.7;54444032;0
199.5;54444032;0
182.8;46424064;0
100.8;46424064;0
99.7;46424064;0
14.3;38404096;0
0.0;38404096;0
258.0;55189504;0
200.7;55189504;0
199.5;55189504;0
201.6;55193600;0
182.8;55193600;0
199.5;55193600;0
199.5;55193600;0
199.5;55193600;0
201.6;55193600;0
199.5;55193600;0
200.7;55193600;0
200.7;55193600;0
156.2;47173632;0
100.3;47173632;0
42.6;39137280;0
117.6;46092288;0
99.7;45740032;0
216.1;53821440;0
201.6;53821440;0
199.5;53821440;0
199.5;53882880;0
199.5;53882880;0
199.5;53882880;0
201.6;53882880;0
199.5;53882880;0
199.5;53882880;0
201.6;49467392;0
99.7;45862912;0
99.7;45850624;0
199.5;54431744;0
99.7;46411776;0
100.8;46399488;0
232.7;54214656;0
199.5;54214656;0
201.6;54218752;0
199.5;54222848;0
199.5;54231040;0
198.9;54272000;0
200.7;54272000;0
200.7;54284288;0
198.9;54300672;0
71.7;46280704;0
0.0;46280704;0
113.6;47087616;0
100.3;47075328;0
249.3;53989376;0
200.7;53993472;0
200.7;53993472;0
198.9;53993472;0
200.7;53993472;0
200.7;53993472;0
199.5;53993472;0
199.5;54034432;0
133.0;46014464;0
83.1;46014464;0
218.4;54976512;0
199.5;54976512;0
199.5;54976512;0
151.2;46956544;0
99.7;46956544;0
116.4;39661568;0
216.1;53977088;0
199.5;53977088;0
184.8;53977088;0
182.8;45957120;0
99.7;45957120;0
100.8;45940736;0
216.1;54718464;0
199.5;54722560;0
199.5;54726656;0
199.5;54726656;0
201.6;54726656;0
182.8;54726656;0
199.5;54726656;0
100.8;46706688;0
99.7;46694400;0
149.6;50159616;0
199.5;55001088;0
182.8;55001088;0
184.8;46981120;0
99.7;46981120;0
99.7;46964736;0
218.4;55037952;0
199.5;55037952;0
199.5;55037952;0
199.5;55037952;0
199.5;55037952;0
201.6;55037952;0
200.7;55037952;0
133.0;47017984;0
100.8;47017984;0
182.8;54374400;0
198.9;54378496;0
200.7;54382592;0
184.7;46362624;0
100.3;46362624;0
100.3;46346240;0
227.3;54972416;0
199.5;54984704;0
99.4;46964736;0
100.3;46952448;0
100.3;46952448;0
99.7;46952448;0
100.3;46952448;0
100.3;46952448;0
28.4;38932480;0
0.0;38932480;0
282.6;54394880;0
199.5;54394880;0
201.6;54398976;0
199.5;54398976;0
182.8;54398976;0
201.6;54398976;0
199.5;54398976;0
199.5;54398976;0
199.5;54398976;0
199.5;54398976;0
201.6;54398976;0
100.3;46379008;0
85.2;38342656;0
100.8;46923776;0
100.3;46002176;0
213.1;54796288;0
200.7;54796288;0
198.9;54796288;0
114.7;46776320;0
100.3;46776320;0
142.0;54046720;0
199.5;54046720;0
201.6;54112256;0
199.5;54112256;0
133.0;46092288;0
99.7;46092288;0
99.7;46080000;0
157.7;46702592;0
86.0;46702592;0
127.8;44359680;0
198.9;54030336;0
200.7;54030336;0
200.7;54030336;0
99.4;46071808;0
0.0;46071808;0
129.0;46690304;0
99.4;46927872;0
200.7;54808576;0
200.7;54808576;0
198.9;54808576;0
199.5;54808576;0
201.6;54808576;0
199.5;54808576;0
199.5;54808576;0
149.6;46788608;0
99.4;46788608;0
100.3;46772224;0
100.3;46772224;0
83.1;38752256;0
0.0;38752256;0
143.3;40833024;0
218.4;54423552;0
182.8;54423552;0
199.5;54423552;0
200.7;54423552;0
198.9;54423552;0
200.7;54427648;0
186.4;46407680;0
99.4;46407680;0
100.3;38670336;0
218.4;55042048;0
199.5;55042048;0
199.5;55042048;0
182.8;47022080;0
99.4;47022080;0
100.3;47005696;0
184.8;47108096;0
99.7;47108096;0
99.7;46194688;0
235.2;55050240;0
200.7;55054336;0
198.9;55054336;0
200.7;55054336;0
42.6;47034368;0
0.0;39002112;0
129.0;47095808;0
100.3;47079424;0
213.1;55148544;0
186.4;47128576;0
100.8;47128576;0
133.0;44380160;0
198.9;55152640;0
