0.0;10522624;0
0.0;10522624;0
0.0;10522624;0
0.0;10522624;0
0.0;10522624;0
0.0;10522624;0
0.0;10522624;0
0.0;10522624;0
0.0;10522624;0
0.0;10522624;0
0.0;10522624;0
0.0;10522624;0
0.0;10522624;0
0.0;10522624;0
0.0;10522624;0
0.0;10522624;0
0.0;10522624;0
0.0;10522624;0
0.0;10522624;0
0.0;10522624;0
0.0;10522624;0
0.0;10522624;0
0.0;10522624;0
0.0;10522624;0
0.0;10522624;0
0.0;10522624;0
0.0;10522624;0
0.0;10522624;0
0.0;10522624;0
0.0;10522624;0
0.0;10522624;0
0.0;10522624;0
0.0;10522624;0
0.0;10522624;0
0.0;10522624;0
0.0;10522624;0
0.0;10522624;0
49.9;21516288;0
113.6;65572864;0
100.3;100765696;0
99.7;129396736;0
99.7;154112000;0
100.8;186814464;0
99.4;217133056;0
100.3;232656896;0
99.7;264949760;0
100.8;294739968;0
99.7;325083136;0
100.3;353939456;0
100.3;379662336;0
99.7;378183680;455
99.7;378183680;728
100.3;378183680;700
100.3;378183680;790
14.2;378150912;143
0.0;378150912;0
0.0;378150912;0
0.0;378150912;0
0.0;378150912;0
0.0;378150912;0
0.0;378150912;0
0.0;378150912;0
0.0;378150912;0
0.0;378150912;0
0.0;378150912;0
0.0;378150912;0
0.0;378150912;0
0.0;378150912;0
0.0;378150912;0
0.0;378150912;0
0.0;378150912;0
0.0;378150912;0
0.0;378150912;0
0.0;378150912;0
0.0;378150912;0
0.0;378150912;0
66.5;400244736;0
100.8;442806272;0
99.7;474681344;0
99.7;497274880;0
100.8;525623296;0
99.4;557514752;0
100.3;585281536;0
99.4;603328512;0
100.3;634531840;0
99.7;664956928;0
99.7;693047296;0
100.8;720867328;0
99.7;747941888;0
99.7;755605504;0
99.4;755605504;0
100.3;727179264;0
100.3;394526720;0
0.0;381956096;0
0.0;381956096;0
0.0;381956096;0
0.0;381956096;0
0.0;381956096;0
0.0;381956096;0
0.0;381956096;0
0.0;381956096;0
0.0;381956096;0
0.0;381956096;0
0.0;381956096;0
0.0;381956096;0
0.0;381956096;0
0.0;381956096;0
0.0;381956096;0
0.0;381956096;0
0.0;381956096;0
0.0;381956096;0
0.0;381956096;0
0.0;381956096;0
0.0;381956096;0
83.1;396341248;0
99.7;435580928;0
99.7;466341888;0
100.3;494784512;0
100.3;520364032;0
99.4;551804928;0
100.3;579395584;0
99.7;598138880;0
99.7;627212288;0
99.7;657235968;0
99.7;686911488;0
100.8;715894784;0
99.7;743604224;0
99.7;755998720;0
100.8;755998720;0
99.7;755998720;0
99.7;419323904;0
0.0;382345216;0
0.0;382345216;0
0.0;382345216;0
0.0;382345216;0
0.0;382345216;0
0.0;382345216;0
0.0;382345216;0
0.0;382345216;0
0.0;382345216;0
0.0;382345216;0
0.0;382345216;0
0.0;382345216;0
0.0;382345216;0
0.0;382345216;0
0.0;382345216;0
0.0;382345216;0
0.0;382345216;0
0.0;382345216;0
0.0;382345216;0
0.0;382345216;0
0.0;382345216;0
116.4;413069312;0
99.7;448987136;0
99.7;480784384;0
100.8;503382016;0
99.7;537247744;0
99.7;567545856;0
100.8;592097280;0
99.7;613494784;0
99.7;646434816;0
99.7;678191104;0
99.7;707698688;0
100.8;735588352;0
99.7;756477952;0
99.7;756477952;0
100.8;756482048;0
99.7;458305536;0
16.6;381935616;0
0.0;381935616;0
0.0;381935616;0
0.0;381935616;0
0.0;381935616;0
0.0;381935616;0
0.0;381935616;0
0.0;381935616;0
0.0;381935616;0
0.0;381935616;0
0.0;381935616;0
0.0;381935616;0
0.0;381935616;0
0.0;381935616;0
0.0;381935616;0
0.0;381935616;0
0.0;381935616;0
0.0;381935616;0
0.0;381935616;0
0.0;381935616;0
0.0;381935616;0
43.0;392806400;0
100.3;429588480;0
99.4;464474112;0
100.3;494292992;0
99.4;519114752;0
100.3;550182912;0
100.3;579543040;0
99.4;598450176;0
100.3;629379072;0
100.3;661024768;0
99.7;690126848;0
99.7;717352960;0
99.7;745918464;0
83.1;756686848;0
100.8;756686848;0
99.7;756695040;0
99.7;439619584;0
0.0;386523136;0
0.0;386523136;0
0.0;386523136;0
0.0;386523136;0
0.0;386523136;0
0.0;386523136;0
0.0;386523136;0
0.0;386523136;0
0.0;386523136;0
0.0;386523136;0
0.0;386523136;0
0.0;386523136;0
0.0;386523136;0
0.0;386523136;0
0.0;386523136;0
0.0;386523136;0
0.0;386523136;0
0.0;386523136;0
0.0;386523136;0
0.0;386523136;0
14.3;390475776;0
99.4;422084608;0
100.3;456265728;0
100.3;486694912;0
99.7;511352832;0
99.7;542699520;0
100.8;574025728;0
99.7;596111360;0
99.7;623337472;0
100.3;653037568;0
99.4;684392448;0
100.3;713572352;0
100.3;740519936;0
99.4;757293056;0
100.3;757293056;0
100.8;757293056;0
99.7;444358656;0
0.0;393658368;0
0.0;393658368;0
0.0;393658368;0
0.0;393658368;0
0.0;393658368;0
0.0;393658368;0
0.0;393658368;0
0.0;393658368;0
0.0;393658368;0
0.0;393658368;0
0.0;393658368;0
0.0;393658368;0
0.0;393658368;0
0.0;393658368;0
0.0;393658368;0
0.0;393658368;0
0.0;393658368;0
0.0;393658368;0
0.0;393658368;0
0.0;393658368;0
28.4;411074560;0
114.7;431226880;0
100.8;466087936;0
99.7;495550464;0
99.7;522924032;0
100.8;555331584;0
100.3;584921088;0
99.4;603320320;0
99.7;636329984;0
99.7;667303936;0
99.7;696922112;0
100.3;726261760;0
100.3;753946624;0
99.4;758341632;0
99.7;758341632;0
100.8;758341632;0
99.7;393957376;0
0.0;393957376;0
0.0;393957376;0
0.0;393957376;0
0.0;393957376;0
0.0;393957376;0
0.0;393957376;0
0.0;393957376;0
0.0;393957376;0
0.0;393957376;0
0.0;393957376;0
0.0;393957376;0
0.0;393957376;0
0.0;393957376;0
0.0;393957376;0
0.0;393957376;0
0.0;393957376;0
0.0;393957376;0
0.0;393957376;0
0.0;393957376;0
57.3;406683648;0
