0.0;10498048;0
0.0;10498048;0
0.0;10498048;0
0.0;10498048;0
0.0;10498048;0
33.2;14639104;0
99.7;14663680;0
143.3;19107840;0
199.5;19165184;0
218.4;23248896;0
170.5;19222528;0
66.5;27250688;0
33.2;19238912;0
117.6;27430912;0
142.0;23441408;0
229.4;31494144;0
199.5;31494144;0
199.5;31494144;0
198.9;31555584;0
43.0;27545600;0
0.0;23519232;0
99.4;27668480;0
100.8;27656192;0
199.5;31703040;0
199.5;31703040;0
198.9;31703040;0
200.7;31719424;0
149.6;27713536;0
0.0;27832320;0
50.4;21884928;0
99.7;27975680;0
149.6;32038912;0
198.9;32038912;0
201.6;32038912;0
199.5;32038912;0
200.7;32038912;0
133.0;28028928;0
0.0;28028928;0
83.1;28037120;0
99.7;28037120;0
186.4;32157696;0
199.5;32186368;0
201.6;32296960;0
199.5;32301056;0
200.7;32411648;0
133.0;28356608;0
100.8;28372992;0
0.0;24346624;0
116.4;28549120;0
134.4;25960448;0
199.5;32370688;0
200.7;32378880;0
199.5;32444416;0
201.6;32444416;0
149.6;28467200;0
43.0;28467200;0
71.7;28598272;0
99.4;28598272;0
199.5;32669696;277
199.5;32669696;0
201.6;32669696;0
198.9;32669696;0
172.0;28659712;0
66.5;28659712;0
0.0;24637440;0
129.0;28762112;0
99.7;25055232;0
201.6;32649216;0
199.5;32649216;0
143.3;28639232;0
100.3;28655616;0
142.0;32555008;0
200.7;32522240;0
133.0;28614656;0
100.8;28614656;0
170.5;32645120;0
200.7;32653312;0
186.4;32714752;0
116.4;28704768;0
99.7;28704768;0
199.5;32681984;0
186.4;32681984;0
113.6;28672000;0
100.3;28672000;0
99.7;28667904;0
216.1;32649216;0
99.7;28639232;0
99.7;28622848;0
67.2;28700672;0
99.4;28700672;0
151.2;32665600;0
199.5;32665600;0
182.8;32665600;0
198.9;32722944;0
157.7;28712960;0
0.0;28712960;0
0.0;24690688;0
86.0;28794880;0
100.3;28778496;0
199.5;32804864;0
199.5;28794880;0
83.1;28794880;0
100.8;26824704;0
199.5;32727040;0
199.5;32727040;0
143.3;28717056;0
99.4;28717056;0
157.7;32874496;0
198.9;32702464;0
114.7;28758016;0
99.7;28758016;0
182.8;32837632;0
201.6;32841728;0
133.0;28831744;0
100.3;28831744;0
28.4;24805376;0
116.4;28921856;0
114.7;25923584;0
199.5;32772096;0
200.7;32776192;0
200.7;32763904;0
198.9;28823552;0
100.3;28856320;0
66.5;24866816;0
100.8;28876800;0
133.0;32776192;0
199.5;32780288;0
199.5;32780288;0
200.7;32780288;0
129.0;28770304;0
99.7;28770304;0
184.8;32903168;0
99.7;28893184;0
99.7;28880896;0
216.1;32878592;0
199.5;32874496;0
157.7;28868608;0
99.4;28868608;0
71.7;23650304;0
86.0;29003776;0
156.2;32862208;0
200.7;32878592;0
198.9;32874496;0
100.3;28868608;0
100.3;28852224;0
166.2;28934144;0
100.8;28934144;0
99.7;28921856;0
216.1;32903168;0
199.5;32903168;0
149.6;28893184;0
100.8;28893184;0
133.0;32878592;0
172.0;28704768;0
100.3;28704768;0
156.2;32890880;0
200.7;32931840;0
199.5;32784384;0
117.6;28774400;0
100.3;28774400;0
83.1;28946432;0
100.8;28934144;0
182.8;32940032;0
199.5;32940032;0
182.8;28930048;0
99.7;28930048;0
50.4;23003136;0
100.3;28844032;0
156.2;32813056;0
200.7;32813056;0
199.5;32874496;0
198.9;32886784;0
133.0;28876800;0
0.0;28876800;0
100.8;28987392;0
99.7;28987392;0
199.5;32968704;0
201.6;32968704;0
166.2;28958720;0
99.7;28958720;0
66.5;28971008;0
99.7;28971008;0
117.6;32940032;0
199.5;32956416;0
199.5;32956416;0
201.6;32956416;0
116.4;28946432;0
49.9;28946432;0
116.4;29020160;0
99.7;29016064;0
215.0;32718848;0
157.7;32788480;0
170.5;28786688;0
100.3;28798976;0
143.3;32899072;0
99.7;28889088;0
99.7;28889088;0
199.5;32915456;0
166.2;28921856;0
100.8;28946432;0
99.7;29257728;0
170.5;29073408;0
100.3;29089792;0
100.3;29110272;0
127.8;29155328;0
100.3;29155328;0
99.4;29138944;0
172.0;33136640;0
100.8;29126656;0
16.6;24772608;0
116.4;28954624;0
100.8;31916032;0
199.5;32968704;0
199.5;32968704;0
157.7;28962816;0
99.4;29024256;0
57.3;29073408;0
100.3;29073408;0
170.5;33112064;0
172.0;33112064;0
200.7;33112064;0
198.9;33112064;0
200.7;29114368;0
99.4;29114368;0
57.3;23183360;0
100.3;29118464;0
142.0;33030144;0
200.7;32722944;0
184.8;28721152;0
99.7;28721152;0
16.6;24694784;0
100.3;28852224;0
99.7;28835840;0
216.1;32825344;0
100.8;28823552;0
99.7;28823552;0
149.6;28770304;0
100.8;28770304;0
100.3;28758016;0
170.5;32755712;0
100.3;28745728;0
99.4;28729344;0
216.1;32763904;0
134.4;28753920;0
99.7;28753920;0
133.0;28119040;0
201.6;28749824;0
100.3;28749824;0
99.4;28737536;0
100.3;28807168;0
99.7;28807168;0
199.5;32772096;0
201.6;32776192;0
200.7;32776192;0
142.0;28766208;0
14.3;28766208;0
43.0;24317952;0
99.7;28680192;0
166.2;32739328;0
186.4;32747520;0
198.9;32759808;0
199.5;32759808;0
201.6;32763904;0
133.0;28798976;0
0.0;28815360;0
57.3;28856320;0
100.8;28512256;0
166.2;32739328;0
198.9;32739328;0
172.0;28729344;0
99.4;28729344;0
66.5;24702976;0
100.8;28725248;0
83.1;26386432;0
198.9;32731136;0
199.5;32731136;0
117.6;28721152;0
99.7;28721152;0
83.1;28852224;0
99.7;28839936;0
199.5;32751616;0
186.4;32755712;0
200.7;32755712;0
66.5;28745728;0
0.0;28745728;0
67.2;28778496;0
99.7;28766208;0
166.2;32776192;0
114.7;28770304;0
99.4;28831744;0
182.8;32714752;0
184.8;28778496;0
99.7;28778496;0
99.7;26943488;0
200.7;32604160;0
201.6;32595968;0
99.7;28643328;0
99.7;28626944;0
86.0;28733440;0
99.4;28721152;0
