159.7;239718400;874
89.9;336056320;952
99.8;355717120;1286
109.8;406573056;1195
129.8;481775616;1106
99.8;485707776;1515
109.8;485707776;1517
99.8;485707776;1543
109.8;485707776;1515
99.8;485707776;1534
99.8;486100992;1207
109.8;486363136;8
477.5;490459136;3
768.9;532238336;4
693.7;593448960;5
688.6;597512192;4
678.5;644698112;4
728.4;858607616;2
581.6;863326208;6
99.8;863326208;3
458.6;864243712;2
519.2;864243712;0
499.1;864243712;2
498.9;864243712;0
508.8;864243712;0
499.0;864243712;0
339.4;864370688;7
126.9;864370688;1
628.9;865157120;2
638.8;865157120;0
598.7;865157120;0
599.0;865157120;2
588.8;865157120;0
398.4;865288192;7
139.6;865943552;1
509.0;866205696;1
399.2;866205696;0
399.2;866205696;0
399.3;866205696;0
399.1;866205696;0
399.2;866205696;2
219.6;866574336;10
179.7;867360768;1
638.8;867360768;1
713.7;867360768;0
761.9;979165184;0
811.5;1370939392;0
718.5;1730863104;1
589.0;2075189248;0
383.6;2180702208;5
129.8;1367740416;4
489.2;969474048;0
705.5;970260480;0
708.4;972357632;0
698.5;972357632;0
698.5;972357632;0
498.8;972750848;4
109.8;972881920;2
599.1;973668352;2
678.0;973668352;0
578.8;973668352;0
459.2;973668352;0
598.7;973668352;1
508.7;973930496;5
99.4;974061568;2
562.7;974979072;3
697.9;974979072;0
618.6;974979072;0
498.9;974979072;0
399.2;974979072;2
399.4;974979072;0
299.5;975110144;10
119.8;975241216;0
552.9;976027648;0
675.1;976027648;2
608.9;980221952;2
519.0;980221952;2
658.7;980221952;2
505.7;980484096;7
119.8;980615168;0
635.8;981008384;0
638.8;981139456;2
598.5;981139456;2
689.0;981139456;0
668.6;981139456;0
318.3;981270528;7
158.1;981925888;0
649.8;981925888;0
664.3;981925888;2
538.8;981925888;0
599.1;981925888;0
598.7;981925888;0
449.2;981925888;2
109.4;982319104;7
428.0;982974464;1
688.1;982974464;0
629.1;982974464;0
588.9;982974464;1
469.1;982974464;0
389.1;982974464;2
129.3;983105536;9
356.1;983891968;1
608.8;983891968;0
698.7;983891968;2
688.1;987955200;0
688.3;987955200;0
618.2;988217344;6
99.0;988348416;2
518.7;989003776;1
745.1;989003776;0
695.0;989003776;2
748.0;989003776;0
798.7;989003776;2
335.7;989265920;6
147.0;990052352;1
636.5;990052352;0
704.8;990052352;2
786.7;990052352;0
716.9;990052352;0
648.7;990052352;0
168.7;990183424;6
274.6;990707712;0
634.4;990707712;0
598.9;990707712;0
598.5;990707712;0
588.7;990707712;0
578.6;990838784;0
239.7;991100928;9
126.6;991232000;0
599.0;991887360;0
661.7;991887360;2
598.9;995950592;0
608.6;995950592;2
528.9;995950592;0
399.0;995950592;6
99.8;996212736;3
573.6;996999168;0
608.9;996999168;0
598.0;996999168;0
608.7;996999168;0
568.6;996999168;0
499.0;996999168;0
109.0;996999168;7
426.7;997916672;0
645.1;997916672;2
608.9;997916672;0
664.7;997916672;0
698.3;997916672;0
578.2;997916672;5
99.4;997916672;2
537.8;998440960;0
658.7;998440960;0
608.5;998440960;2
528.6;998440960;0
658.4;998440960;0
558.8;998440960;6
99.9;998572032;3
454.2;999358464;0
585.7;999489536;2
688.7;1003683840;2
688.3;1003683840;0
548.9;1003814912;2
538.7;1003945984;4
99.8;1003945984;3
534.9;1004470272;1
608.3;1004470272;0
598.6;1004470272;0
598.6;1004470272;0
578.2;1004470272;0
468.7;1004470272;4
105.8;1004601344;2
589.1;1005387776;0
581.1;1005387776;0
615.3;1005387776;0
686.7;1005387776;0
623.6;1005387776;0
448.1;1005649920;7
139.7;1006305280;1
608.5;1006305280;0
628.5;1006305280;0
608.3;1006305280;0
608.9;1006305280;0
678.7;1006305280;0
448.7;1006436352;8
99.8;1006567424;2
456.5;1007353856;1
609.1;1007484928;0
398.8;1007484928;0
409.0;1011548160;0
399.2;1011548160;0
409.0;1011548160;0
329.2;1011810304;7
119.8;1011810304;0
543.7;1012203520;0
619.0;1012203520;0
502.8;1012203520;0
615.8;1012203520;0
658.1;1012203520;2
419.0;1012203520;4
109.4;1012465664;3
538.5;1013252096;1
659.5;1013252096;0
498.6;1013252096;0
738.0;1013252096;0
647.0;1013252096;0
427.4;1013383168;7
116.8;1013645312;0
661.6;1014169600;0
667.6;1014169600;0
621.9;1014169600;2
598.1;1014300672;2
598.7;1014300672;0
279.3;1014431744;9
139.1;1015087104;1
671.9;1015087104;0
698.1;1015087104;0
637.6;1019019264;0
688.0;1019019264;2
658.0;1019019264;0
318.1;1019150336;7
149.8;1019936768;1
668.8;1019936768;0
696.9;1019936768;0
668.3;1019936768;0
668.0;1019936768;2
628.1;1019936768;0
239.3;1020198912;8
279.5;1021116416;1
691.3;1021116416;0
688.2;1021116416;0
709.7;1021116416;0
727.7;1021116416;0
584.5;1021116416;4
109.7;1021247488;2
509.5;1021902848;1
642.4;1021902848;0
596.8;1021902848;0
628.6;1022033920;2
588.8;1022033920;0
448.7;1022033920;8
99.7;1022033920;2
526.5;1022820352;0
688.6;1022820352;2
578.7;1027014656;0
648.6;1027014656;2
598.9;1027014656;2
329.3;1027014656;0
219.5;1027276800;6
237.9;1023823872;0
678.7;1023823872;0
628.7;1023823872;2
553.8;1023823872;2
728.6;1023823872;0
439.2;1023823872;0
259.4;1023823872;6
211.4;1024479232;1
568.8;1024479232;0
568.4;1024479232;2
598.7;1024479232;0
588.2;1024479232;0
508.6;1024479232;0
319.2;1024610304;6
129.8;1025396736;0
657.3;1025527808;0
648.5;1025527808;2
588.6;1025527808;0
499.1;1025527808;0
588.3;1025527808;2
349.0;1025527808;7
107.9;1025527808;2
545.7;1026314240;0
567.4;1026314240;2
499.1;1030377472;2
518.6;1030377472;0
578.4;1030377472;0
448.8;1030377472;0
159.5;1030639616;6
389.3;1027391488;0
643.4;1027391488;0
698.6;1027391488;0
688.4;1027391488;0
568.8;1027391488;0
299.2;1027391488;0
139.7;1027391488;6
309.5;1027784704;0
685.0;1027784704;0
658.2;1027784704;0
628.2;1027915776;0
658.4;1027915776;0
528.7;1027915776;0
138.4;1027915776;6
109.8;1028046848;0
613.9;1028964352;1
598.4;1028964352;0
612.1;1028964352;0
627.7;1028964352;0
622.5;1028964352;0
388.8;1028964352;9
109.8;1029095424;0
521.6;1029750784;0
