159.8;231366656;812
99.9;328359936;960
99.8;354574336;1280
109.8;403857408;1247
119.8;480985088;1077
99.8;482033664;1518
99.8;485048320;1490
99.8;485048320;1542
89.9;485048320;1507
99.8;485048320;1541
99.8;485441536;1277
109.8;485572608;8
574.7;491352064;4
760.9;517578752;4
698.6;585342976;5
698.6;593600512;2
668.8;597139456;4
688.5;804626432;2
628.8;819830784;2
379.3;824025088;8
109.8;824025088;0
619.7;824811520;2
698.5;824811520;0
588.9;824811520;0
566.1;824811520;0
518.6;824811520;0
499.1;824811520;0
259.5;825053184;7
195.8;825839616;1
613.0;825839616;1
686.9;825839616;0
598.9;825839616;0
608.3;825839616;0
588.8;825839616;0
389.2;825839616;0
109.9;826232832;7
109.8;826232832;0
544.6;826494976;2
672.5;826626048;1
588.7;826626048;0
598.8;826626048;0
608.7;826626048;0
588.7;826626048;0
169.7;827138048;11
287.5;827662336;0
668.8;828055552;3
668.5;832380928;0
578.8;1007362048;0
618.7;1307123712;0
708.5;1667440640;0
678.5;2020286464;0
339.0;1511202816;7
169.7;922599424;0
636.8;971096064;0
638.5;971096064;0
548.9;971096064;0
499.2;971096064;0
741.8;971096064;0
549.2;971096064;2
109.7;971358208;5
389.4;972013568;1
606.4;972013568;0
588.8;972013568;1
489.0;972013568;0
638.7;972013568;0
608.9;972144640;0
332.7;972144640;8
129.8;972275712;0
681.1;973062144;0
703.2;973062144;0
499.0;973062144;0
578.9;973062144;0
529.1;973062144;0
499.0;973062144;0
219.6;973324288;10
184.9;974372864;1
731.4;974372864;1
744.6;974372864;2
676.6;978436096;2
668.7;978436096;2
598.5;978436096;2
409.1;978567168;6
106.7;978698240;2
479.4;979484672;0
597.2;979484672;0
598.8;979484672;0
624.2;979615744;0
628.2;979615744;0
499.0;979615744;0
279.5;979615744;6
129.8;979615744;0
627.0;980140032;0
588.8;1026539520;0
598.7;1382531072;0
607.9;1471791104;1
608.6;1471791104;2
499.1;1471791104;0
287.0;1479655424;6
119.8;1206702080;1
558.4;1002622976;0
509.2;1002622976;0
509.1;1002622976;2
539.0;1002622976;0
622.8;1002622976;0
688.6;1002622976;0
299.0;1002885120;10
119.8;1003016192;0
584.6;1003147264;1
618.9;1003278336;2
650.2;1007603712;2
588.7;1007603712;0
608.4;1007603712;0
545.8;1007603712;3
189.6;1007865856;7
265.6;1004175360;1
675.7;1004175360;0
668.2;1004175360;0
588.8;1004175360;2
648.7;1004175360;0
468.9;1004175360;0
349.5;1004437504;9
116.8;1004568576;0
529.3;1005486080;0
694.1;1005486080;2
658.8;1005486080;0
608.8;1005486080;0
688.2;1005486080;2
628.6;1005486080;0
119.5;1005486080;7
345.8;1006141440;0
595.6;1006141440;0
600.4;1006141440;0
588.4;1006141440;2
597.8;1006141440;2
588.7;1006141440;0
309.1;1006272512;12
109.8;1006403584;0
545.6;1007058944;0
702.5;1007058944;0
678.5;1011253248;2
609.0;1011253248;0
499.0;1011253248;2
469.0;1011253248;0
139.7;1011515392;6
268.4;1008078848;0
688.2;1008078848;0
698.4;1008078848;0
608.6;1008078848;2
688.6;1008078848;0
618.7;1008078848;0
287.6;1008078848;7
148.5;1008865280;0
609.8;1008865280;0
589.1;1008865280;0
598.8;1008865280;0
608.6;1008865280;2
697.9;1008865280;2
568.9;1008996352;4
106.8;1009127424;2
409.2;1009651712;0
599.0;1009782784;0
578.6;1009782784;0
499.1;1009782784;0
509.0;1009782784;0
499.1;1009782784;0
358.9;1010307072;12
126.9;1010438144;0
579.3;1010962432;0
596.0;1010962432;0
595.1;1015156736;0
588.7;1015156736;0
459.0;1015156736;0
439.1;1015156736;0
229.5;1015287808;6
169.8;1011826688;1
673.6;1011826688;0
668.4;1011826688;2
598.8;1011826688;0
668.4;1011826688;0
689.0;1011826688;0
376.6;1011957760;6
129.8;1012219904;0
627.7;1012744192;1
548.8;1012744192;0
399.2;1012744192;0
498.7;1012744192;2
785.5;1012744192;0
706.1;1012744192;0
199.6;1013006336;7
271.4;1013530624;0
669.0;1013661696;0
624.3;1013661696;0
606.1;1013661696;0
622.0;1013661696;0
652.8;1013661696;0
289.4;1014054912;12
129.8;1014185984;0
563.3;1014710272;1
594.3;1014710272;2
597.2;1018773504;0
556.4;1018773504;0
698.2;1018773504;0
568.6;1018773504;3
179.6;1019035648;7
259.7;1015750656;0
548.8;1015750656;0
588.9;1015750656;0
608.9;1015750656;0
597.3;1015750656;0
538.6;1015750656;0
408.9;1015750656;8
108.6;1015750656;0
527.5;1016406016;1
688.1;1016406016;2
607.3;1016406016;0
604.3;1016406016;2
608.6;1016537088;3
588.5;1016537088;2
159.6;1016668160;7
320.8;1017323520;0
645.7;1017454592;0
628.3;1017454592;0
591.4;1017454592;0
748.3;1017454592;0
538.9;1017454592;0
389.1;1017716736;12
124.9;1017847808;1
589.0;1018372096;2
538.6;1018503168;0
399.1;1018503168;0
449.0;1022828544;0
558.6;1022828544;0
568.8;1022828544;2
258.0;1022828544;7
129.8;1018748928;1
638.7;1019535360;1
668.6;1019535360;2
608.4;1019535360;0
687.3;1019535360;0
688.1;1019535360;2
449.2;1019797504;7
99.8;1019797504;0
485.8;1020059648;1
598.4;1020059648;0
498.8;1020059648;0
498.7;1020059648;2
498.8;1020059648;2
533.7;1020059648;0
365.4;1020190720;9
129.8;1020321792;0
586.7;1020977152;0
678.0;1020977152;0
598.5;1020977152;0
677.7;1020977152;0
697.9;1020977152;2
129.7;1021239296;9
644.1;1021894656;0
638.3;1021894656;2
578.5;1025957888;2
761.9;1025957888;0
708.9;1025957888;0
438.7;1026088960;4
99.8;1022128128;2
417.2;1022652416;0
558.6;1022652416;0
598.7;1022652416;0
598.3;1022652416;0
588.7;1022652416;0
618.8;1022652416;0
289.0;1022914560;6
129.8;1023045632;0
586.7;1023700992;0
518.9;1023700992;0
419.1;1023700992;0
438.8;1023700992;2
598.5;1023700992;0
598.3;1023832064;0
259.5;1023963136;6
199.6;1024356352;0
688.6;1024356352;0
698.2;1024356352;0
618.7;1024356352;0
598.2;1024356352;2
608.7;1024356352;0
339.2;1024487424;11
109.6;1024618496;0
521.6;1025273856;0
607.8;1025273856;0
558.6;1027371008;2
548.6;1029468160;0
698.1;1029468160;0
548.9;1029468160;2
219.4;1029730304;6
179.3;1026420736;0
644.7;1026420736;0
668.1;1026420736;2
618.2;1026420736;2
628.7;1026420736;0
607.7;1026420736;0
439.0;1026420736;6
