159.7;239034368;857
99.9;335110144;952
99.8;355557376;1331
109.8;412049408;1210
119.8;481574912;1135
109.8;485638144;1495
109.8;485638144;1519
99.9;485638144;1538
99.9;485638144;1503
99.9;485638144;1536
99.8;485900288;1154
109.8;486293504;8
646.6;491458560;6
692.4;582553600;3
698.5;595136512;4
678.7;598282240;4
688.7;827265024;3
628.8;926355456;2
378.0;906207232;9
159.8;907124736;1
639.8;907124736;0
529.0;907124736;0
530.4;907124736;0
737.5;907124736;0
638.9;907124736;0
399.2;907124736;6
99.8;907124736;2
499.9;908042240;1
694.6;908042240;0
698.6;908042240;0
728.8;908042240;0
685.6;908042240;0
657.3;908697600;3
109.6;908550144;5
479.2;909598720;1
613.3;909598720;1
589.0;1126785024;0
588.8;1430478848;0
638.6;1456300032;1
698.8;1456300032;0
698.7;1456300032;0
289.5;1465344000;10
199.8;930897920;2
727.1;928686080;2
770.8;928686080;0
598.7;932880384;0
728.9;932880384;0
790.0;932880384;0
618.3;933011456;5
99.8;933142528;2
541.0;933666816;1
668.8;933666816;0
752.4;933666816;0
741.3;933666816;0
758.6;933666816;0
588.9;933666816;0
148.5;934060032;7
197.6;934846464;1
693.9;934846464;1
638.6;934846464;0
598.6;934846464;0
748.9;934846464;0
698.7;934846464;0
598.8;934846464;5
109.7;934846464;3
536.8;935763968;2
692.9;935763968;0
702.4;935763968;0
599.0;935763968;0
688.6;935763968;0
698.7;935763968;0
248.6;936026112;10
169.8;936550400;0
664.0;936681472;0
728.2;936812544;0
696.7;941137920;0
678.9;1123590144;0
708.6;1461886976;0
708.7;1812897792;0
686.0;2068750336;3
99.9;2066444288;4
519.9;1504854016;0
678.9;975826944;0
594.0;977530880;0
608.9;977530880;0
568.7;977530880;0
498.8;977530880;0
409.2;977793024;4
99.8;977793024;2
595.6;978448384;1
778.8;978841600;1
586.3;978841600;0
499.1;978841600;0
585.5;978841600;0
656.4;978841600;0
299.5;979234816;6
116.8;979365888;1
559.3;980021248;1
496.0;980021248;0
498.8;980021248;0
628.6;980021248;0
509.0;980021248;0
499.0;980021248;0
458.9;980152320;7
99.8;980283392;3
496.0;981069824;1
604.0;981069824;2
595.0;981069824;0
598.8;985264128;0
588.8;985264128;0
538.8;985264128;0
329.4;985264128;7
109.8;985395200;0
592.7;986312704;1
663.3;986312704;0
598.9;986312704;0
539.1;986312704;2
698.6;986312704;0
559.0;986312704;2
249.6;986443776;6
129.8;986443776;0
700.2;987099136;1
797.2;987099136;2
720.1;987099136;2
699.0;987099136;0
692.1;987099136;0
598.6;987099136;4
99.8;987230208;3
469.3;988016640;0
609.0;988016640;0
588.9;988016640;0
598.9;988016640;0
668.8;988016640;0
588.8;988016640;0
359.3;988016640;7
99.8;988016640;2
558.9;988803072;0
708.9;988934144;0
691.6;992997376;2
688.7;992997376;0
697.9;992997376;0
588.3;992997376;2
158.0;993259520;6
323.6;994045952;0
674.3;994045952;0
628.4;994045952;0
608.4;994045952;0
598.7;994045952;0
658.8;994045952;0
439.2;994045952;4
99.4;994045952;2
529.0;994832384;0
609.2;994832384;0
643.5;994832384;0
549.2;994963456;0
706.6;994963456;0
588.8;994963456;2
309.5;995225600;7
109.8;995356672;0
572.4;995618816;0
599.1;995618816;0
504.5;995618816;0
489.0;995618816;0
509.1;995618816;0
379.3;995618816;0
299.4;995618816;0
188.1;995880960;9
188.3;996667392;0
638.6;996667392;0
419.0;996667392;2
369.1;1000861696;2
518.8;1000861696;0
568.8;1000861696;0
499.1;1000861696;2
359.2;1000992768;8
109.8;1001123840;0
588.8;1001910272;1
498.9;1001910272;0
499.1;1001910272;0
459.0;1001910272;0
469.1;1001910272;0
419.1;1001910272;0
299.4;1001910272;0
159.7;1002041344;6
259.6;1002827776;0
715.8;1002827776;0
698.6;1002958848;0
628.2;1002958848;0
548.9;1002958848;0
499.1;1002958848;0
508.8;1002958848;2
128.9;1003220992;7
422.2;1003483136;0
677.1;1003483136;0
598.5;1003483136;0
598.5;1003483136;2
658.3;1003483136;0
694.6;1003483136;0
359.4;1003876352;10
109.8;1004007424;0
559.1;1004400640;0
637.8;1004531712;0
593.8;1008594944;2
598.6;1008594944;0
678.8;1008594944;0
558.9;1008594944;0
259.4;1008988160;7
196.8;1009774592;0
618.8;1009774592;0
499.1;1009774592;0
488.9;1009774592;1
655.3;1009774592;0
269.3;1009774592;2
199.7;1009774592;0
199.6;1009774592;0
199.6;1009774592;0
139.7;1009905664;7
289.6;1010954240;1
662.2;1010954240;0
598.6;1177808896;0
598.6;1508634624;0
488.8;1606676480;0
389.3;1606676480;0
398.9;1607462912;0
327.0;1617162240;7
129.7;1344159744;0
663.5;1020522496;1
628.8;1020522496;0
578.9;1020522496;0
634.8;1020522496;2
618.4;1020522496;0
578.9;1020522496;0
207.4;1020522496;9
260.5;1021308928;2
648.5;1021308928;0
505.0;1021308928;0
499.0;1025503232;0
498.9;1025503232;0
508.7;1025503232;0
429.2;1025503232;0
179.5;1025503232;5
99.8;1021550592;2
637.7;1022205952;1
697.9;1022337024;2
668.1;1022337024;0
598.4;1022337024;0
598.5;1022337024;0
518.5;1022337024;0
209.4;1022337024;7
267.9;1022992384;1
707.2;1022992384;0
648.1;1023123456;0
598.3;1023123456;0
598.4;1023123456;0
668.8;1023123456;0
488.4;1023123456;4
99.7;1023123456;2
506.3;1024040960;0
648.3;1024040960;0
578.5;1024040960;0
608.3;1024040960;0
598.3;1024040960;0
488.9;1024040960;0
388.9;1024040960;7
99.8;1024040960;2
509.2;1024827392;0
608.8;1024827392;0
538.5;1024827392;0
453.7;1029021696;0
519.0;1029021696;0
409.4;1029021696;0
487.5;1029021696;0
129.8;1029283840;6
396.9;1025536000;0
718.6;1025536000;0
688.2;1025536000;0
688.7;1025536000;0
588.8;1025536000;0
628.1;1025536000;0
378.9;1025667072;8
129.8;1026060288;0
614.3;1026191360;0
638.2;1026453504;0
599.2;1026453504;0
609.0;1026453504;0
688.0;1026453504;0
568.3;1026453504;4
108.4;1026715648;2
575.4;1027239936;0
638.6;1027239936;0
598.9;1027239936;0
618.5;1027239936;2
708.2;1027239936;0
688.4;1027239936;0
237.9;1027502080;9
168.0;1028288512;0
696.7;1028419584;0
658.4;1028419584;0
419.0;1032613888;2
468.9;1032613888;0
