209.7;227954688;759
98.6;323506176;943
109.8;356012032;1195
99.9;392187904;1270
109.8;482234368;992
119.8;482889728;1463
109.8;486821888;3432
99.8;486821888;1458
99.8;486821888;1446
109.8;487215104;1289
109.8;487346176;8
484.4;491409408;3
737.3;548425728;3
710.5;591024128;4
698.0;594694144;5
668.8;601378816;4
707.8;855265280;0
614.0;855396352;4
169.7;860114944;8
336.2;860901376;1
646.4;860901376;3
399.3;860901376;0
568.8;860901376;2
760.6;860901376;1
647.6;860901376;4
99.8;861032448;3
468.2;862081024;0
688.5;862081024;2
622.5;862081024;1
658.7;862081024;0
589.0;862081024;1
378.4;862081024;6
159.8;862867456;1
698.0;862998528;2
528.9;862998528;1
409.3;862998528;0
619.0;862998528;1
639.0;862998528;2
539.2;862998528;0
129.3;863391744;11
349.4;864309248;1
519.0;908611584;2
509.2;1202212864;0
489.1;1516130304;0
747.7;1850626048;0
708.0;2200850432;0
598.8;2298630144;0
369.3;2003886080;7
178.9;1113772032;0
608.7;950661120;1
508.9;953151488;0
598.7;953151488;2
598.9;953151488;2
416.8;953151488;0
459.1;953806848;4
99.4;953937920;2
533.5;954593280;3
599.0;954593280;2
608.6;954593280;2
598.4;954593280;1
518.9;954593280;3
519.0;954593280;7
117.4;954855424;0
566.0;955641856;0
610.5;955641856;0
702.7;955641856;0
598.7;955641856;2
688.8;955641856;0
318.6;956035072;10
139.0;956690432;0
627.8;956690432;2
589.1;956821504;2
598.9;961015808;0
638.6;961015808;2
689.0;961015808;0
299.6;961277952;8
271.5;962064384;0
608.7;962064384;0
568.7;962064384;0
478.9;962064384;1
598.6;962064384;0
599.0;962064384;0
259.0;962195456;7
229.6;962719744;0
628.0;962981888;0
449.0;962981888;0
489.0;962981888;2
773.6;962981888;0
678.9;962981888;0
188.7;963112960;6
355.4;963768320;1
625.8;963768320;0
598.9;963768320;0
708.3;963768320;0
741.4;963768320;2
499.1;963899392;4
99.7;963899392;6
365.2;964554752;1
699.9;964554752;1
699.2;968880128;0
688.3;968880128;0
777.0;968880128;0
479.0;969142272;7
119.8;969535488;1
648.7;969928704;0
694.9;969928704;0
638.2;969928704;2
638.3;969928704;0
595.9;969928704;0
229.6;970059776;6
337.5;970584064;0
613.1;970584064;0
644.0;970584064;0
681.9;970584064;2
790.1;970584064;0
518.7;970715136;6
99.8;970846208;3
479.2;971501568;0
674.8;971501568;0
654.2;971501568;0
658.6;971501568;2
599.0;971501568;0
369.3;971632640;10
159.6;972550144;0
634.4;972550144;0
568.6;972550144;0
489.1;976613376;0
714.8;976613376;0
599.2;976613376;0
299.5;976875520;6
178.1;977530880;0
678.5;977530880;0
688.9;977661952;0
589.1;977661952;2
568.9;977661952;2
478.8;977661952;2
329.5;977661952;7
109.8;977793024;0
598.3;978579456;0
698.6;978579456;0
649.5;978579456;0
699.4;978579456;0
668.4;978579456;0
219.3;978579456;7
319.5;979103744;0
677.3;979103744;0
559.0;979103744;2
513.5;979103744;0
589.1;979103744;0
583.5;979103744;2
129.8;979103744;9
365.6;980021248;0
618.8;980021248;0
518.7;980021248;0
438.7;984346624;0
578.9;984346624;0
528.8;984346624;0
189.6;984608768;7
309.5;985264128;1
478.8;985264128;0
698.1;985264128;0
694.3;985264128;2
688.4;985264128;2
537.9;985264128;2
129.8;985264128;7
435.8;986050560;0
658.9;986050560;0
529.2;986050560;2
469.4;986050560;1
385.5;986050560;0
518.7;986181632;0
219.6;986312704;6
229.4;986968064;1
668.6;986968064;0
688.2;987099136;2
618.5;987099136;2
688.2;987099136;2
638.2;987099136;2
129.8;987230208;10
369.5;988147712;0
700.3;988147712;2
458.8;992342016;2
458.9;992342016;0
479.1;992342016;2
399.1;992342016;2
269.4;992473088;8
157.5;988958720;0
588.9;988958720;1
579.3;988958720;2
586.4;988958720;0
688.5;988958720;0
588.5;988958720;0
159.6;988958720;0
119.8;988958720;4
99.7;988958720;2
449.1;989745152;1
617.7;989745152;0
529.0;989745152;0
639.0;989745152;0
688.6;989745152;0
538.3;989876224;8
109.8;989876224;1
543.4;990400512;1
632.9;990400512;2
588.7;990400512;0
770.1;990531584;0
708.1;990531584;0
259.3;990662656;10
250.0;991449088;1
598.6;991449088;0
508.5;991449088;0
488.7;995512320;0
418.7;995512320;2
588.5;995512320;0
356.5;995905536;8
109.8;991731712;0
613.8;992387072;1
608.5;992387072;0
588.7;992387072;2
626.4;992387072;0
699.0;992387072;0
355.7;992649216;9
174.6;993304576;1
648.9;993304576;0
598.2;993304576;0
608.2;993304576;0
795.4;993304576;2
730.3;993304576;2
109.8;993435648;6
441.5;994091008;1
700.8;994091008;0
604.5;994091008;0
608.7;994091008;0
728.4;994091008;0
389.3;994222080;12
109.8;994353152;0
644.4;995139584;0
698.3;995139584;0
696.1;999202816;0
608.7;999202816;0
618.3;999202816;0
209.6;999464960;6
207.9;995995648;0
618.3;995995648;0
518.9;995995648;2
558.2;995995648;2
588.1;995995648;0
608.0;995995648;0
249.4;995995648;7
197.0;996913152;0
618.3;997044224;0
588.4;997044224;0
598.6;997044224;0
598.0;997044224;0
528.6;997044224;0
228.0;997175296;6
277.7;997830656;0
608.6;997830656;0
498.6;997830656;0
448.8;997830656;0
647.9;997830656;0
509.2;997830656;0
357.9;997830656;10
99.7;997961728;2
494.6;998617088;0
588.4;998617088;2
578.4;1002942464;2
558.4;1002942464;2
687.9;1002942464;0
438.8;1003204608;6
119.7;1003335680;0
622.8;1003728896;0
608.1;1003728896;0
598.3;1003728896;0
688.9;1003728896;0
668.1;1003728896;0
179.6;1003728896;6
289.1;1004777472;0
678.3;1004777472;0
588.1;1004777472;0
618.4;1004777472;2
498.7;1004777472;0
538.6;1004777472;2
215.1;1004777472;6
109.8;1004908544;0
554.4;1005563904;0
697.7;1005563904;0
688.0;1005563904;2
657.9;1005563904;0
568.2;1005563904;0
276.5;1005563904;9
149.7;1006481408;0
616.1;1006612480;1
539.1;1006612480;0
494.1;1010675712;0
668.6;1010675712;2
668.6;1010675712;0
336.0;1010675712;6
146.3;1011462144;0
588.4;1011462144;0
