219.7;224960512;731
109.8;316973056;911
109.8;356818944;1122
99.9;382902272;1313
99.8;480813056;967
119.8;483434496;1416
99.9;487366656;1459
99.8;487366656;1451
89.9;487366656;1483
89.9;487366656;1451
109.8;487366656;1469
109.8;488022016;494
205.8;488677376;2
778.9;493727744;3
709.0;590852096;5
602.3;590852096;3
538.9;594784256;4
489.1;809873408;2
499.1;813543424;2
449.2;817475584;8
119.8;817475584;0
608.2;818130944;1
679.9;818130944;2
588.8;818130944;0
688.7;818130944;0
688.6;818130944;0
338.3;818262016;8
270.6;819048448;1
598.9;819048448;0
608.9;819048448;0
489.2;819048448;0
792.0;819048448;0
668.8;819048448;2
219.6;819310592;6
239.3;820097024;1
627.0;820097024;0
698.7;820097024;0
706.3;820097024;1
682.2;820097024;2
628.8;820097024;3
148.3;820490240;10
390.0;821538816;1
622.6;821538816;1
587.1;824684544;2
619.0;849719296;2
708.7;1213050880;0
678.7;1591324672;0
599.0;1905504256;0
468.9;1834061824;4
139.0;957849600;2
572.6;954720256;2
578.8;954851328;0
668.7;954851328;0
698.6;954851328;0
688.5;954851328;0
437.4;955375616;7
109.8;955506688;0
583.6;956030976;3
498.8;956030976;0
469.1;956030976;0
580.7;956030976;2
639.0;956030976;1
567.9;956030976;0
109.8;956293120;6
417.0;956948480;1
604.8;956948480;0
588.6;956948480;0
538.8;956948480;0
708.4;956948480;0
588.6;956948480;0
138.7;957341696;10
349.1;957997056;0
609.1;958128128;2
598.7;958128128;0
588.7;962322432;2
548.8;962322432;0
429.3;962322432;0
239.6;962453504;6
227.8;963371008;0
614.9;963371008;0
628.8;963371008;0
635.9;963371008;0
698.5;963371008;2
619.0;963371008;0
189.7;963502080;6
208.1;964288512;1
548.7;964288512;0
538.9;964288512;2
518.8;964288512;2
658.3;964288512;0
698.4;964288512;0
366.7;964419584;6
159.8;964943872;1
588.0;964943872;0
498.3;964943872;0
488.7;964943872;0
489.0;964943872;2
498.8;964943872;0
388.9;965074944;10
109.8;965337088;2
601.4;965992448;1
695.8;965992448;2
608.9;970317824;0
698.7;970317824;3
598.4;970317824;0
369.2;970317824;4
99.0;970448896;2
409.2;970973184;1
402.2;970973184;0
395.9;970973184;0
399.2;970973184;0
399.2;970973184;0
399.1;970973184;0
289.5;971235328;7
109.8;971366400;0
636.8;972021760;2
670.2;972021760;0
698.8;972021760;0
688.5;972021760;2
678.5;972021760;0
296.8;972152832;6
149.8;972939264;1
685.5;972939264;0
688.6;972939264;0
598.6;972939264;0
690.0;972939264;2
669.0;972939264;0
309.5;972939264;9
189.7;973856768;0
558.5;973856768;0
498.8;973987840;0
429.2;978182144;0
498.7;978182144;0
498.8;978182144;0
488.7;978182144;2
159.6;978313216;6
344.6;979099648;0
614.4;979099648;0
596.2;979230720;0
598.6;979230720;0
598.6;979230720;0
569.1;979230720;2
169.5;979492864;6
384.7;979886080;0
707.8;979886080;0
688.8;979886080;0
688.3;979886080;0
698.6;979886080;0
409.2;979886080;2
109.9;980017152;6
289.5;980803584;0
608.8;980803584;0
598.6;980803584;0
598.5;980803584;2
598.8;980803584;0
688.3;980803584;0
189.6;981065728;9
218.4;981852160;0
655.3;981852160;0
663.3;981852160;0
589.3;986177536;2
703.9;986177536;0
638.8;986177536;2
139.7;986177536;6
388.3;987095040;1
698.2;987095040;0
598.4;987095040;0
564.5;987095040;0
736.9;987095040;0
519.2;987095040;2
109.7;987226112;7
427.9;987750400;1
686.3;987750400;0
638.9;987750400;2
578.6;987750400;2
538.7;987750400;0
489.1;987750400;0
129.3;988143616;7
425.7;988798976;1
619.0;988798976;0
695.3;988798976;0
696.0;988798976;0
678.3;988798976;0
508.7;988798976;9
115.7;989061120;3
529.2;989716480;0
623.6;989716480;0
688.4;994041856;0
688.9;994041856;2
697.0;994041856;2
369.5;994172928;9
119.8;994304000;0
599.2;994697216;1
588.5;1089986560;0
608.6;1411244032;0
598.6;1541005312;0
588.6;1541005312;2
579.0;1541005312;2
139.7;1549787136;7
379.3;1017020416;0
598.9;1017020416;0
598.4;1017020416;2
628.4;1017020416;2
688.2;1017020416;0
509.0;1017020416;0
149.6;1017151488;7
396.7;1017544704;1
528.8;1017544704;0
588.7;1017544704;2
668.3;1017544704;2
608.6;1017544704;2
568.5;1017544704;0
139.6;1017806848;10
280.5;1018593280;0
715.1;1018593280;0
688.6;1018593280;2
648.1;1022787584;2
728.0;1022787584;0
528.6;1022787584;2
129.8;1023049728;8
430.8;1019617280;1
648.7;1019617280;2
499.0;1019617280;0
633.3;1019617280;2
658.1;1019617280;0
498.9;1019617280;0
119.8;1019748352;8
359.4;1020403712;1
632.4;1020403712;0
598.1;1020403712;2
598.4;1020403712;2
598.4;1020403712;0
518.6;1020403712;2
159.7;1020534784;6
359.2;1021452288;1
518.7;1021452288;0
448.7;1021452288;0
299.3;1021452288;0
596.1;1021452288;0
538.6;1021452288;2
329.0;1021583360;7
109.8;1021714432;2
577.3;1022500864;0
548.6;1022500864;0
399.0;1022500864;0
618.8;1026564096;0
728.5;1026564096;2
498.7;1026695168;4
99.7;1022627840;2
505.2;1023283200;0
588.3;1023283200;0
608.8;1023283200;0
608.8;1023283200;0
598.6;1023283200;0
468.8;1023283200;0
99.1;1023545344;6
454.0;1023938560;0
722.8;1023938560;0
619.1;1023938560;0
668.3;1023938560;0
799.7;1023938560;0
598.7;1023938560;6
109.8;1024069632;2
558.3;1024856064;0
648.2;1024856064;0
498.6;1024856064;0
598.6;1024856064;0
632.5;1024856064;0
558.6;1024987136;7
99.8;1025249280;2
561.4;1025773568;0
703.3;1025904640;0
608.7;1029967872;0
653.9;1029967872;0
588.7;1029967872;0
398.5;1030098944;6
119.7;1026240512;0
627.7;1026764800;0
608.2;1026764800;0
598.8;1026764800;2
598.8;1026764800;0
606.8;1026764800;0
428.9;1026895872;7
118.9;1026895872;0
596.1;1027420160;0
601.2;1027420160;0
628.4;1027420160;0
618.3;1027420160;0
557.1;1027420160;2
408.2;1027813376;6
109.8;1027944448;0
576.3;1028468736;0
592.5;1028468736;0
599.1;1028468736;0
648.4;1028468736;0
578.5;1028468736;0
458.7;1028468736;7
109.1;1028599808;3
587.7;1029386240;0
687.7;1029386240;2
