199.7;225972224;762
99.9;319688704;925
109.8;355209216;1187
109.8;389156864;1278
99.9;481300480;979
119.8;481566720;1454
109.8;485498880;1455
99.9;485498880;1441
99.9;485498880;1464
99.9;485629952;1448
99.8;485629952;1479
119.8;486023168;392
242.0;487464960;2
778.8;492507136;4
696.3;578097152;3
698.3;590811136;4
698.6;594612224;4
598.7;826216448;2
559.0;826216448;2
169.7;830410752;8
318.2;831328256;2
778.8;831590400;2
694.6;831590400;0
588.8;831590400;0
568.9;831590400;0
499.1;831590400;3
319.4;831700992;9
119.8;831700992;0
578.8;832356352;1
568.9;832356352;1
499.1;832356352;0
641.5;832356352;1
698.8;832356352;0
349.5;832741376;9
99.9;832872448;0
563.1;833265664;1
589.0;833265664;0
417.5;833265664;2
686.0;833265664;3
723.2;833265664;0
448.6;833527808;5
99.8;833650688;8
427.4;834568192;0
692.6;834568192;0
593.1;838631424;2
667.3;1125285888;3
569.0;1480622080;0
499.2;1781301248;0
469.1;1992982528;1
179.7;1659170816;7
139.8;919478272;0
706.7;939139072;1
721.3;939139072;0
685.8;939139072;1
578.0;939139072;0
498.9;939139072;0
229.4;939139072;6
99.8;939139072;2
529.9;940187648;0
498.3;940187648;2
538.7;940187648;0
499.2;940187648;0
702.6;940187648;0
588.6;940187648;5
98.8;940187648;2
494.9;941105152;0
649.0;941105152;0
603.2;941105152;2
598.8;941105152;0
538.8;941105152;0
477.3;941105152;1
106.8;941236224;9
409.3;942022656;0
658.5;942153728;0
549.0;946216960;0
209.6;946216960;0
209.7;946216960;0
199.6;946216960;0
199.6;946216960;0
199.6;946216960;0
199.7;946216960;0
179.6;946479104;4
99.8;946741248;2
532.8;947134464;1
624.4;947134464;0
588.6;947134464;2
676.7;947134464;0
703.3;947134464;0
366.8;947265536;6
167.5;947789824;0
660.9;947789824;0
674.5;947789824;2
619.1;947920896;0
672.0;947920896;0
588.6;947920896;0
239.3;948051968;6
257.3;948838400;1
688.6;948838400;1
708.5;948838400;0
668.7;948838400;0
608.8;948838400;2
498.9;948838400;2
209.5;949100544;10
289.6;949886976;1
608.7;949886976;0
588.2;950018048;0
628.5;954081280;0
678.7;954081280;0
698.4;954081280;0
139.7;954474496;6
379.3;955129856;2
608.4;955129856;0
597.7;955129856;2
598.5;955129856;0
698.4;955129856;0
599.0;955260928;1
99.8;955392000;5
457.4;955785216;0
599.1;955785216;1
389.2;955785216;1
479.1;955785216;0
518.9;955785216;0
399.1;955785216;0
309.3;956047360;6
99.8;956178432;2
504.2;956833792;1
505.3;956833792;0
489.0;956833792;0
657.7;956833792;0
448.9;956833792;0
548.7;956833792;0
179.7;957095936;10
329.4;957882368;0
578.4;957882368;0
688.7;957882368;2
588.9;962076672;0
618.3;962076672;4
688.3;962076672;0
129.2;962338816;6
424.2;962994176;0
594.5;963125248;0
588.9;963125248;2
588.8;963125248;0
618.9;963125248;2
499.0;963125248;2
149.7;963387392;6
376.0;963911680;0
548.6;963911680;0
299.5;963911680;0
299.4;963911680;2
299.4;963911680;0
299.3;963911680;0
694.9;963911680;0
239.1;964042752;6
268.7;964829184;0
608.8;964829184;0
618.8;964829184;0
559.0;964829184;0
587.9;964829184;0
399.1;964829184;2
269.5;965222400;9
109.8;965353472;0
599.0;966008832;0
618.9;966139904;0
596.0;970203136;0
595.9;970203136;3
698.7;970203136;0
387.2;970727424;9
139.7;971251712;0
608.8;971382784;0
638.4;971382784;0
608.9;971382784;0
548.9;971382784;0
499.1;971382784;2
299.4;971513856;4
109.4;971644928;2
479.3;972300288;0
607.7;972431360;0
608.9;972431360;0
598.8;972562432;0
598.6;972562432;0
508.7;972562432;7
99.7;972693504;2
520.3;973348864;1
679.8;973348864;1
538.8;973348864;0
786.8;973348864;0
758.9;973348864;0
289.3;973479936;10
109.8;973479936;0
554.3;974135296;1
581.5;974135296;0
581.5;978460672;0
748.6;978460672;0
698.6;978460672;0
429.0;978591744;7
109.8;978853888;0
638.7;979509248;0
607.1;979509248;0
577.5;979509248;0
688.6;979509248;0
648.7;979509248;0
329.1;979640320;6
198.3;980557824;1
628.1;980557824;0
525.5;980557824;2
498.8;980557824;0
552.5;980557824;0
409.3;980557824;0
499.2;980557824;2
149.8;980688896;7
328.4;981082112;0
688.7;981213184;0
588.5;981213184;2
638.0;981213184;0
647.2;981213184;0
468.9;981213184;0
149.6;981737472;10
327.7;982261760;2
748.7;982261760;0
693.2;986456064;2
697.8;986456064;2
595.7;986456064;0
429.2;986456064;0
119.8;986849280;7
361.0;987504640;2
693.5;987504640;0
668.6;987504640;2
608.7;987504640;0
598.4;987504640;0
428.9;987504640;0
209.6;987635712;7
194.6;988422144;1
615.6;988422144;0
658.1;988422144;2
598.0;988422144;0
595.8;988422144;0
625.6;988422144;2
219.7;988684288;7
237.2;989470720;0
618.5;989470720;0
667.9;989470720;0
508.8;989470720;0
558.3;989470720;0
558.7;989601792;0
418.3;989732864;9
129.7;989863936;0
638.7;990388224;0
638.0;994582528;2
608.8;994582528;2
588.7;994582528;2
239.5;994844672;6
247.7;995500032;0
618.2;995500032;0
588.9;995500032;2
598.5;995500032;2
508.4;995500032;0
498.9;995500032;2
349.1;995762176;6
175.4;996286464;0
615.7;996286464;0
628.7;1222123520;0
538.9;1531060224;0
548.7;1546526720;0
499.2;1546526720;0
489.1;1547051008;2
199.6;1555570688;6
309.4;1023025152;0
598.2;1023025152;0
598.9;1023025152;2
608.6;1023025152;0
628.7;1023025152;2
628.7;1023025152;2
169.4;1023025152;9
209.3;1023680512;0
608.6;1023680512;0
668.6;1023811584;2
548.7;1028005888;2
688.1;1028136960;0
648.4;1028136960;0
218.5;1028399104;6
159.7;1024598016;0
623.3;1024598016;0
587.2;1024598016;0
499.1;1024598016;0
499.0;1024598016;0
653.0;1024598016;2
468.9;1024598016;5
99.8;1024729088;2
525.3;1025515520;1
616.5;1025515520;0
520.3;1025515520;0
502.8;1025515520;0
458.5;1025515520;0
528.5;1025515520;0
109.7;1025646592;6
409.3;1026170880;0
603.2;1026170880;0
658.6;1026170880;0
598.5;1026170880;0
