119.7;446758912;9
189.6;505421824;763
109.8;605822976;925
109.8;643833856;1203
109.8;706879488;1143
129.8;715358208;1293
109.8;715358208;1462
109.8;715358208;1507
109.8;770015232;1223
99.9;871989248;1007
89.9;974487552;1012
99.9;1076985856;1013
99.9;1179877376;1016
99.8;1253801984;1165
99.8;1253801984;1525
99.8;1253801984;1548
89.8;1253801984;1541
99.8;1253801984;1536
99.8;1253801984;1534
99.8;1253801984;1521
99.8;1253801984;1544
99.9;1253801984;1538
99.8;1253801984;1544
109.8;1253801984;1549
99.8;1253801984;1527
99.8;1253801984;1535
99.8;1253801984;1550
99.8;1253801984;1569
99.9;1253801984;1524
89.9;1253801984;1537
99.8;1253801984;1550
109.8;1253801984;3624
99.8;1253801984;1526
99.9;1262059520;1465
99.9;1283817472;9
99.8;1283817472;0
99.9;1283817472;0
99.8;1283817472;0
199.7;1284210688;1
609.5;1288347648;1
770.6;1290211328;4
788.8;1290342400;2
782.1;1435176960;2
800.0;1435570176;2
791.4;1435570176;2
777.0;1435570176;2
788.8;1432166400;2
674.3;1432166400;2
599.0;1432166400;2
615.9;1432166400;3
698.6;1432166400;2
708.6;1432559616;3
698.6;1473060864;2
708.5;1706237952;0
698.7;1710563328;2
519.2;1710563328;2
229.6;1710563328;1
199.6;1710563328;0
199.7;1710563328;0
149.7;1710956544;5
99.8;1711087616;2
99.8;1711087616;0
99.8;1711087616;0
189.7;1711087616;0
611.5;1712005120;1
719.1;1712005120;1
702.7;1712005120;0
698.6;1712005120;0
688.3;1712005120;0
698.3;1712005120;0
698.5;1712005120;0
698.7;1712005120;0
698.3;1712005120;0
688.8;2050957312;0
698.6;2412060672;0
686.1;2770018304;0
698.4;2771853312;0
698.7;2771984384;0
688.6;2771984384;0
657.3;2771984384;0
598.9;2771984384;0
399.1;2771984384;1
299.4;2771984384;0
369.0;2788892672;4
99.8;2789023744;4
99.8;2789023744;0
99.8;2789023744;0
129.8;2789023744;0
229.5;2789154816;0
715.7;2789941248;1
698.6;2789941248;0
708.6;2789941248;0
698.6;2789941248;0
688.8;2789941248;0
697.2;2789941248;0
698.7;2789941248;0
626.0;2789941248;0
608.6;2789941248;0
598.5;2789941248;0
668.4;2789941248;1
688.7;2789941248;0
708.4;2789941248;0
698.6;2789941248;0
698.6;2789941248;0
708.7;2789941248;0
399.3;2789941248;0
99.8;2789941248;0
99.8;2789941248;0
99.8;2789941248;0
129.7;2790072320;4
99.8;2790203392;2
99.8;2790203392;0
99.8;2790203392;0
159.7;2790334464;1
445.6;2790989824;1
721.3;2790989824;0
703.3;2790989824;0
704.0;2790989824;0
688.6;2790989824;2
698.7;2790989824;0
788.3;2790989824;0
791.5;2790989824;0
808.3;2790989824;0
748.2;2790989824;0
678.5;2790989824;0
688.5;2790989824;0
698.7;2790989824;0
696.8;2790989824;0
598.8;2790989824;2
598.7;2790989824;0
568.8;2790989824;0
429.2;2790989824;0
118.7;2791907328;10
99.8;2791907328;0
99.8;2791907328;0
99.8;2791907328;0
189.7;2792038400;0
596.7;2792824832;1
698.4;2792824832;0
708.6;2792824832;0
698.8;2792824832;0
698.6;2792824832;0
738.0;2792824832;1
799.1;2792824832;0
790.7;2797019136;0
802.1;2797019136;0
799.2;2797019136;0
800.2;2797019136;0
807.6;2797019136;0
798.8;2797019136;2
803.2;2797019136;0
798.1;2797019136;0
667.6;2797019136;0
409.1;2797019136;0
179.5;2797150208;7
99.9;2797150208;0
99.8;2797150208;0
99.8;2797150208;0
199.7;2797281280;0
624.4;2797936640;0
804.9;2797936640;0
801.5;2797936640;0
798.7;2797936640;0
797.4;2797936640;0
713.0;2797936640;0
698.2;2797936640;0
688.4;2797936640;2
698.6;2797936640;0
698.6;2797936640;0
668.4;2797936640;0
598.9;2797936640;0
608.8;2797936640;0
548.9;2797936640;0
326.9;2797936640;0
499.0;2797936640;1
419.1;2797936640;1
199.7;2797936640;0
199.7;2797936640;0
119.8;2797936640;0
99.8;2797936640;0
149.7;2798067712;5
99.8;2798198784;2
99.8;2798198784;0
99.8;2798198784;0
159.7;2798198784;0
263.0;2798723072;1
745.8;2798854144;1
695.5;2798854144;0
698.1;2798854144;0
702.8;2798854144;0
808.1;2798854144;0
803.8;2798985216;0
803.5;2798985216;0
799.1;2798985216;0
800.6;2798985216;0
801.8;2798985216;0
803.0;2798985216;0
802.6;2798985216;0
708.1;2798985216;0
698.7;2798985216;0
698.5;2798985216;0
457.2;2798985216;0
399.4;2798985216;0
229.5;2799116288;5
99.8;2799247360;2
99.8;2799247360;0
99.8;2799247360;0
179.7;2799378432;0
495.6;2799902720;0
702.6;2799902720;0
708.3;2799902720;0
708.5;2799902720;0
688.4;2799902720;0
760.6;2799902720;0
800.3;2799902720;0
696.1;2799902720;0
758.2;2799902720;0
818.4;2799902720;0
801.4;2799902720;0
804.5;2799902720;0
801.0;2799902720;0
797.5;2800033792;0
778.6;2800033792;0
594.8;2800033792;1
209.6;2800033792;0
169.7;2800033792;0
99.8;2800033792;0
99.8;2800033792;0
139.7;2800033792;8
99.8;2800164864;2
99.8;2800164864;0
99.8;2800164864;0
189.7;2800164864;0
576.0;2800689152;0
798.2;2800689152;0
797.9;2800689152;0
793.3;2800820224;2
807.0;2800820224;0
808.8;2800820224;0
790.9;2805014528;0
798.3;2805014528;0
780.8;2805014528;0
698.4;2805014528;0
704.0;2805014528;0
688.5;2805014528;0
696.4;2805014528;0
698.8;2805014528;0
698.6;2805014528;0
698.6;2805014528;0
379.3;2805014528;1
179.7;2805145600;4
99.8;2805276672;2
99.8;2805276672;0
99.8;2805276672;0
199.7;2805407744;0
598.0;2806063104;1
686.0;2806063104;0
698.4;2806063104;0
698.5;2806063104;0
698.0;2806063104;0
795.9;2806063104;0
806.8;2806063104;0
798.4;2806063104;0
798.1;2806063104;0
808.3;2806063104;0
794.5;2806063104;0
798.4;2806063104;0
804.2;2806063104;0
730.4;2806063104;0
698.6;2806063104;0
379.0;2806063104;0
209.6;2806063104;0
199.6;2806063104;0
179.6;2806194176;5
99.7;2806325248;2
99.8;2806325248;0
99.8;2806325248;0
169.7;2806456320;0
501.4;2807111680;1
703.8;2807242752;0
698.4;2807242752;0
692.5;2807242752;0
698.7;2807242752;0
696.6;2807242752;0
708.6;2807242752;0
697.9;2807242752;0
698.6;2807242752;2
708.5;2807242752;0
797.7;2807242752;0
800.4;2807242752;0
729.4;2807242752;0
804.0;2807242752;0
618.1;2807242752;1
449.1;2807242752;0
259.5;2807242752;0
199.7;2807242752;0
109.8;2807242752;0
99.8;2807242752;0
139.7;2807373824;5
99.8;2807373824;2
