8.3;57.4;24.9;1.9;0.0;1035.0
7.1;104.7;133.0;11.5;0.0;1035.0
7.2;145.8;143.3;7.9;0.0;1035.0
7.1;307.0;116.9;5.9;5.0;1206.0
7.0;627.0;47.1;3.2;0.0;1210.0
7.2;655.4;95.2;5.7;0.0;1210.0
8.4;695.5;73.6;12.8;0.0;1210.0
8.4;749.0;3.8;19.0;0.0;1210.0
8.3;794.3;3.3;16.5;0.0;1210.0
8.4;846.7;3.9;19.5;0.0;1210.0
8.3;887.9;0.6;1.8;0.0;1210.0
8.3;940.3;0.0;0.0;0.0;1210.0
8.3;940.5;328.5;0.6;0.0;1210.0
8.3;940.5;429.3;0.7;0.0;1210.0
8.4;940.5;429.0;0.7;0.0;1210.0
8.3;940.5;426.9;0.7;0.0;1210.0
8.3;940.5;426.6;0.7;0.0;1210.0
8.3;940.5;421.2;0.7;0.0;1210.0
8.3;940.5;426.9;0.7;0.0;1210.0
8.4;940.5;427.2;0.7;0.0;1210.0
8.3;940.5;424.2;0.7;0.0;1210.0
8.4;940.5;426.6;0.7;0.0;1210.0
8.3;940.5;433.8;0.7;0.0;1210.0
8.4;940.5;429.6;0.7;0.0;1210.0
8.4;940.5;435.3;0.7;0.0;1210.0
8.3;940.5;426.6;0.7;0.0;1210.0
8.4;940.5;432.9;0.7;0.0;1210.0
8.3;940.5;432.0;0.7;0.0;1210.0
8.4;940.5;422.7;0.7;0.0;1210.0
8.3;940.5;432.0;0.7;0.0;1210.0
8.3;940.5;427.2;0.7;0.0;1210.0
8.3;940.5;423.9;0.7;0.0;1210.0
8.3;940.5;429.3;0.7;0.0;1210.0
8.4;940.6;421.2;0.7;0.0;1210.0
8.3;940.6;426.6;0.7;0.0;1210.0
8.3;940.6;423.3;0.7;0.0;1210.0
8.4;940.6;428.1;0.7;0.0;1210.0
8.3;940.6;429.0;0.7;0.0;1210.0
8.4;940.6;428.4;0.7;0.0;1210.0
8.3;940.6;430.2;0.7;0.0;1210.0
8.4;940.6;423.9;0.7;0.0;1210.0
8.4;940.6;427.5;0.7;0.0;1210.0
8.4;940.6;425.4;0.7;0.0;1210.0
8.4;940.6;425.1;0.7;0.0;1210.0
8.3;940.6;425.4;0.7;0.0;1210.0
8.4;940.6;426.0;0.7;0.0;1210.0
8.3;940.6;423.0;0.7;0.0;1210.0
8.4;940.6;428.1;0.7;0.0;1210.0
8.3;940.6;426.9;0.7;0.0;1210.0
8.3;940.6;425.4;0.7;0.0;1210.0
8.4;940.6;427.8;0.7;0.0;1210.0
8.3;940.6;423.3;0.7;0.0;1210.0
8.3;940.6;423.9;0.7;0.0;1210.0
8.3;940.6;432.9;0.7;0.0;1210.0
8.3;940.6;424.5;0.7;0.0;1210.0
8.4;940.6;425.7;0.7;0.0;1210.0
8.3;940.6;420.6;0.7;0.0;1210.0
8.4;940.6;423.9;0.7;0.0;1210.0
8.4;940.6;421.8;0.7;0.0;1210.0
8.4;940.6;423.3;0.7;0.0;1210.0
8.4;940.6;423.6;0.7;0.0;1210.0
8.3;940.6;428.1;0.7;0.0;1210.0
8.4;940.6;422.7;0.7;0.0;1210.0
8.3;940.6;425.7;0.7;0.0;1210.0
8.4;940.6;424.2;0.7;0.0;1210.0
8.3;940.6;417.9;0.7;0.0;1210.0
8.3;940.6;421.8;0.7;0.0;1210.0
8.3;940.6;438.9;0.7;0.0;1210.0
8.3;940.6;412.2;0.7;0.0;1210.0
8.4;940.6;417.9;0.7;0.0;1210.0
8.3;940.6;427.2;0.7;0.0;1210.0
8.3;940.6;431.4;0.7;0.0;1210.0
8.4;940.6;423.6;0.7;0.0;1210.0
8.3;940.6;424.2;0.7;0.0;1210.0
8.4;940.6;419.7;0.7;0.0;1210.0
8.3;940.6;422.4;0.7;0.0;1210.0
8.4;940.6;430.8;0.7;0.0;1210.0
8.4;940.6;432.0;0.7;0.0;1210.0
8.4;940.6;425.7;0.7;0.0;1210.0
8.4;940.6;420.0;0.7;0.0;1210.0
8.3;940.6;430.5;0.7;0.0;1210.0
8.4;940.6;424.2;0.7;0.0;1210.0
8.3;940.6;424.5;0.7;0.0;1210.0
8.3;940.6;427.5;0.7;0.0;1210.0
8.3;940.6;427.2;0.7;0.0;1210.0
8.3;940.6;426.9;0.7;0.0;1210.0
8.4;940.6;421.5;0.7;0.0;1210.0
8.3;940.6;418.2;0.7;0.0;1210.0
8.3;940.6;430.8;0.7;0.0;1210.0
8.3;940.6;429.3;0.7;0.0;1210.0
8.3;940.6;421.2;0.7;0.0;1210.0
8.4;940.6;427.8;0.7;0.0;1210.0
8.3;940.6;420.0;0.7;0.0;1210.0
8.4;940.6;421.8;0.7;0.0;1210.0
8.4;940.6;420.0;0.7;0.0;1210.0
8.4;940.6;422.4;0.7;0.0;1210.0
8.4;940.6;425.4;0.7;1.0;1210.0
8.3;940.6;424.5;0.7;0.0;1210.0
8.4;940.6;424.5;0.7;0.0;1210.0
8.4;940.6;444.3;0.7;0.0;1210.0
8.4;940.6;410.9;0.7;0.0;1210.0
8.3;940.6;432.1;0.7;0.0;1210.0
8.3;940.6;413.4;0.7;0.0;1210.0
8.3;940.6;425.4;0.7;1.0;1210.0
8.3;940.6;424.5;0.7;0.0;1210.0
8.4;940.6;417.9;0.7;0.0;1210.0
8.3;940.6;431.1;0.7;0.0;1210.0
8.3;940.6;430.5;0.7;0.0;1210.0
8.4;940.6;426.6;0.7;0.0;1210.0
8.3;940.6;427.2;0.7;0.0;1210.0
8.4;940.6;421.8;0.7;0.0;1210.0
8.3;940.6;422.4;0.7;0.0;1210.0
8.4;940.6;425.7;0.7;0.0;1210.0
8.4;940.6;428.7;0.7;0.0;1210.0
8.4;940.6;426.9;0.7;0.0;1210.0
8.4;940.6;421.5;0.7;0.0;1210.0
8.3;940.6;424.2;0.7;0.0;1210.0
8.4;940.6;425.1;0.7;0.0;1210.0
8.3;940.6;422.1;0.7;0.0;1210.0
8.3;940.6;424.5;0.7;0.0;1210.0
8.3;940.6;416.1;0.7;0.0;1210.0
8.3;940.6;415.8;0.7;0.0;1210.0
8.4;940.6;418.2;0.7;0.0;1210.0
8.3;940.6;424.5;0.7;0.0;1210.0
8.3;940.6;425.7;0.7;1.0;1210.0
8.4;940.6;421.5;0.7;0.0;1210.0
8.3;940.6;420.6;0.7;0.0;1210.0
8.4;940.6;429.6;0.7;0.0;1210.0
8.3;940.6;425.4;0.7;0.0;1210.0
8.4;940.6;419.7;0.7;0.0;1210.0
8.4;940.6;432.9;0.7;0.0;1210.0
8.4;940.6;424.8;0.7;0.0;1210.0
8.4;940.6;425.7;0.7;0.0;1210.0
8.3;940.6;432.0;0.7;0.0;1210.0
8.4;940.6;421.8;0.7;0.0;1210.0
8.3;940.6;423.6;0.7;0.0;1210.0
8.4;940.6;423.0;0.7;0.0;1210.0
8.3;940.6;419.4;0.7;0.0;1210.0
8.3;940.6;422.1;0.7;0.0;1210.0
8.4;940.6;418.8;0.7;0.0;1210.0
8.3;940.6;427.5;0.7;0.0;1210.0
8.3;940.6;425.4;0.7;0.0;1210.0
8.3;940.6;438.0;0.7;0.0;1210.0
8.3;940.6;429.6;0.7;0.0;1210.0
8.4;940.6;423.0;0.7;0.0;1210.0
8.3;940.6;423.3;0.7;0.0;1210.0
8.4;940.6;425.7;0.7;0.0;1210.0
8.3;940.6;422.7;0.7;0.0;1210.0
8.4;940.6;426.0;0.7;0.0;1210.0
8.4;940.6;419.7;0.7;0.0;1210.0
8.3;940.6;420.6;0.7;0.0;1210.0
8.4;940.6;422.4;0.7;0.0;1210.0
8.3;940.6;423.6;0.7;0.0;1210.0
8.4;940.6;420.6;0.7;0.0;1210.0
8.3;940.6;424.8;0.7;0.0;1210.0
8.3;940.6;420.9;0.7;0.0;1210.0
8.3;940.6;425.1;0.7;0.0;1210.0
8.3;940.6;429.0;0.7;0.0;1210.0
8.4;940.6;424.2;0.7;0.0;1210.0
8.3;940.6;425.7;0.7;0.0;1210.0
8.3;940.6;424.8;0.7;0.0;1210.0
8.4;940.6;427.2;0.7;0.0;1210.0
8.3;940.6;424.2;0.7;0.0;1210.0
8.4;940.6;421.8;0.7;0.0;1210.0
8.3;940.6;424.5;0.7;0.0;1210.0
8.4;940.6;423.0;0.7;0.0;1210.0
8.4;940.6;424.8;0.7;0.0;1210.0
8.4;940.6;423.0;0.7;0.0;1210.0
8.4;940.6;419.4;0.7;0.0;1210.0
8.3;940.6;420.3;0.7;0.0;1210.0
8.4;940.6;421.2;0.7;0.0;1210.0
8.3;940.6;426.0;0.7;0.0;1210.0
8.4;940.6;418.2;0.7;0.0;1210.0
8.3;940.6;428.7;0.7;0.0;1210.0
8.3;940.6;425.7;0.7;0.0;1210.0
8.4;940.6;421.5;0.7;0.0;1210.0
8.3;940.6;427.1;0.7;0.0;1210.0
8.3;940.6;429.1;0.7;0.0;1210.0
8.3;940.6;434.4;0.7;0.0;1210.0
8.3;940.6;418.5;0.7;0.0;1210.0
8.4;940.6;431.1;0.7;0.0;1210.0
8.3;940.6;423.6;0.7;1.0;1210.0
8.4;940.6;424.5;0.7;0.0;1210.0
8.3;940.6;428.7;0.7;0.0;1210.0
8.4;940.6;424.2;0.7;0.0;1210.0
8.4;940.6;423.3;0.7;0.0;1210.0
8.3;940.6;424.8;0.7;0.0;1210.0
8.4;940.6;425.7;0.7;0.0;1210.0
8.3;940.6;420.3;0.7;1.0;1210.0
8.4;940.6;421.8;0.7;0.0;1210.0
8.3;940.6;427.8;0.7;0.0;1210.0
8.3;940.6;431.4;0.7;0.0;1210.0
8.4;940.6;423.6;0.7;0.0;1210.0
8.3;940.6;420.6;0.7;0.0;1210.0
8.4;940.6;424.5;0.7;0.0;1210.0
8.3;940.6;428.4;0.7;0.0;1210.0
8.3;940.6;407.1;0.7;0.0;1210.0
8.4;940.6;417.1;0.7;0.0;1210.0
8.3;940.6;426.2;0.7;0.0;1210.0
8.4;940.6;423.0;0.7;0.0;1210.0
8.3;940.6;411.3;0.7;0.0;1210.0
8.4;940.6;422.7;0.7;0.0;1210.0
8.4;940.6;409.5;0.7;1.0;1210.0
8.4;940.6;420.9;0.7;0.0;1210.0
8.4;940.6;421.5;0.7;0.0;1210.0
8.3;940.6;427.8;0.7;0.0;1210.0
8.4;940.6;411.3;0.7;0.0;1210.0
8.3;940.6;401.4;0.7;0.0;1210.0
8.4;940.6;417.0;0.7;0.0;1210.0
8.3;940.6;405.9;0.7;0.0;1210.0
8.3;940.6;414.0;0.7;0.0;1210.0
8.4;940.6;421.2;0.7;0.0;1210.0
8.3;940.6;431.1;0.7;0.0;1210.0
8.3;940.6;396.6;0.7;0.0;1210.0
8.3;940.6;415.5;0.7;0.0;1210.0
8.3;940.6;420.3;0.7;0.0;1210.0
8.4;940.6;413.7;0.7;0.0;1210.0
8.3;940.6;417.6;0.7;0.0;1210.0
8.4;940.6;412.8;0.7;0.0;1210.0
8.4;940.6;418.8;0.7;0.0;1210.0
8.4;940.6;424.2;0.7;0.0;1210.0
8.4;940.6;426.0;0.7;0.0;1210.0
8.3;940.6;425.1;0.7;0.0;1210.0
8.4;940.6;420.3;0.7;0.0;1210.0
8.3;940.6;431.7;0.7;0.0;1210.0
8.4;940.6;411.6;0.7;0.0;1210.0
8.3;940.6;414.9;0.7;0.0;1210.0
8.3;940.6;405.0;0.7;1.0;1210.0
8.3;940.6;421.7;0.7;0.0;1210.0
8.3;940.6;423.4;0.7;0.0;1210.0
8.4;940.6;416.7;0.7;0.0;1210.0
8.3;940.6;422.7;0.7;0.0;1210.0
8.3;940.6;423.6;0.7;0.0;1210.0
8.4;940.6;424.2;0.7;0.0;1210.0
8.3;940.6;426.9;0.7;0.0;1210.0
8.4;940.6;427.5;0.7;0.0;1210.0
8.3;940.6;425.7;0.7;0.0;1210.0
8.4;940.6;420.6;0.7;0.0;1210.0
8.4;940.6;416.0;0.7;1.0;1210.0
8.4;940.6;420.1;0.7;0.0;1210.0
8.4;940.6;425.7;0.7;0.0;1210.0
8.3;940.6;424.8;0.7;0.0;1210.0
8.4;940.6;424.5;0.7;0.0;1210.0
8.3;940.6;416.4;0.7;0.0;1210.0
8.3;940.6;430.2;0.7;0.0;1210.0
8.3;940.6;428.7;0.7;1.0;1210.0
8.3;940.6;419.1;0.7;0.0;1210.0
8.4;940.6;422.4;0.7;0.0;1210.0
8.3;940.6;418.2;0.7;0.0;1210.0
8.3;940.6;420.3;0.7;0.0;1210.0
8.4;940.6;425.4;0.7;0.0;1210.0
8.3;940.6;425.4;0.7;0.0;1210.0
8.4;940.6;421.8;0.7;0.0;1210.0
8.3;940.6;420.6;0.7;0.0;1210.0
8.4;940.6;427.8;0.7;0.0;1210.0
8.4;940.6;429.3;0.7;0.0;1210.0
8.4;940.6;424.5;0.7;0.0;1210.0
8.4;940.6;427.2;0.7;0.0;1210.0
8.3;940.6;420.6;0.7;0.0;1210.0
8.4;940.6;419.7;0.7;0.0;1210.0
8.3;940.6;421.5;0.7;0.0;1210.0
8.4;940.6;427.8;0.7;0.0;1210.0
8.3;940.6;421.2;0.7;0.0;1210.0
8.3;940.6;418.5;0.7;0.0;1210.0
8.4;940.6;426.3;0.7;0.0;1210.0
8.3;940.6;433.5;0.7;0.0;1210.0
8.3;940.6;427.2;0.7;1.0;1210.0
8.3;940.6;428.4;0.7;0.0;1210.0
8.3;940.6;428.4;0.7;0.0;1210.0
8.4;940.6;422.1;0.7;0.0;1210.0
8.3;940.6;420.6;0.7;0.0;1210.0
8.4;940.6;423.3;0.7;0.0;1210.0
8.3;940.6;424.5;0.7;0.0;1210.0
8.4;940.6;429.0;0.7;0.0;1210.0
8.4;940.6;424.5;0.7;0.0;1210.0
8.3;940.6;418.8;0.7;0.0;1210.0
8.4;940.6;423.6;0.7;0.0;1210.0
8.3;940.6;424.8;0.7;0.0;1210.0
8.4;940.6;429.0;0.7;0.0;1210.0
8.3;940.6;423.3;0.7;0.0;1210.0
8.3;940.6;423.0;0.7;0.0;1210.0
8.3;940.6;424.5;0.7;0.0;1210.0
8.3;940.6;428.1;0.7;0.0;1210.0
8.4;940.6;426.3;0.7;0.0;1210.0
8.3;940.6;439.5;0.7;0.0;1210.0
8.3;940.6;408.0;0.7;0.0;1210.0
8.4;940.6;424.8;0.7;0.0;1210.0
8.3;940.6;422.7;0.7;0.0;1210.0
8.3;940.6;436.2;0.7;0.0;1210.0
8.3;940.6;413.4;0.7;0.0;1210.0
8.4;945.1;73.5;0.3;0.0;1210.0
8.4;953.6;0.0;0.0;0.0;1210.0
8.4;962.0;0.8;0.0;1.0;1210.0
8.4;970.9;0.0;0.0;0.0;1210.0
8.3;983.7;0.0;0.0;0.0;1210.0
8.4;995.7;0.0;0.0;0.0;1210.0
8.3;1006.8;0.0;0.0;0.0;1210.0
8.4;1018.9;0.0;0.0;0.0;1210.0
8.3;1027.1;0.0;0.0;0.0;1210.0
8.3;1076.6;0.0;0.0;0.0;1210.0
