8.4;52.6;21.1;2.4;0.0;1035.0
8.3;92.7;116.0;10.0;1.0;1035.0
8.4;138.0;142.7;8.6;0.0;1035.0
8.4;175.3;148.0;7.4;4.0;1170.0
8.4;618.7;8.6;0.3;4.0;1210.0
7.0;649.3;98.0;7.0;0.0;1210.0
8.3;685.3;109.4;10.3;0.0;1210.0
8.4;737.9;3.8;19.0;0.0;1210.0
8.3;786.5;3.6;18.0;0.0;1210.0
8.3;833.6;3.5;17.5;0.0;1210.0
8.3;884.1;1.5;6.3;0.0;1210.0
8.3;929.2;0.0;0.0;0.0;1210.0
8.4;939.5;199.2;0.3;0.0;1210.0
8.3;939.5;430.2;0.7;0.0;1210.0
8.3;939.5;432.3;0.7;0.0;1210.0
8.3;939.5;448.2;0.8;0.0;1210.0
8.3;939.5;411.9;0.7;0.0;1210.0
8.4;939.5;430.2;0.7;0.0;1210.0
8.3;939.5;426.9;0.7;0.0;1210.0
8.4;939.5;432.9;0.7;0.0;1210.0
8.4;939.5;429.3;0.7;0.0;1210.0
8.4;939.5;434.7;0.7;0.0;1210.0
8.4;939.5;433.5;0.7;0.0;1210.0
8.3;939.5;434.4;0.7;0.0;1210.0
8.4;939.5;436.8;0.7;0.0;1210.0
8.3;939.5;436.2;0.7;0.0;1210.0
8.4;939.5;433.8;0.7;0.0;1210.0
8.3;939.5;437.4;0.7;0.0;1210.0
8.3;939.5;423.6;0.7;0.0;1210.0
8.4;939.5;437.4;0.7;0.0;1210.0
8.3;939.5;426.6;0.7;0.0;1210.0
8.4;939.5;424.8;0.7;0.0;1210.0
8.3;939.5;435.3;0.7;0.0;1210.0
8.3;939.5;425.1;0.7;0.0;1210.0
8.4;939.5;428.1;0.7;0.0;1210.0
8.3;939.5;426.6;0.7;0.0;1210.0
8.4;939.5;430.5;0.7;0.0;1210.0
8.3;939.5;431.4;0.7;0.0;1210.0
8.4;939.5;431.7;0.7;0.0;1210.0
8.4;939.5;435.9;0.7;0.0;1210.0
8.4;939.5;421.2;0.7;0.0;1210.0
8.4;939.5;429.0;0.7;0.0;1210.0
8.3;939.5;427.8;0.7;0.0;1210.0
8.4;939.5;430.5;0.7;0.0;1210.0
8.3;939.5;430.2;0.7;0.0;1210.0
8.3;939.5;433.5;0.7;0.0;1210.0
8.3;939.5;426.3;0.7;0.0;1210.0
8.3;939.5;434.7;0.7;0.0;1210.0
8.4;939.5;431.7;0.7;0.0;1210.0
8.3;939.5;428.1;0.7;0.0;1210.0
8.3;939.5;433.8;0.7;0.0;1210.0
8.3;939.5;429.9;0.7;0.0;1210.0
8.3;939.5;426.0;0.7;0.0;1210.0
8.4;939.5;439.5;0.7;0.0;1210.0
8.3;939.5;429.9;0.7;0.0;1210.0
8.4;939.5;444.9;0.7;0.0;1210.0
8.4;939.5;410.4;0.7;0.0;1210.0
8.4;939.5;426.9;0.7;0.0;1210.0
8.4;939.5;426.6;0.7;0.0;1210.0
8.3;939.5;426.6;0.7;0.0;1210.0
8.4;939.5;432.3;0.7;0.0;1210.0
8.3;939.5;427.5;0.7;0.0;1210.0
8.4;939.5;427.2;0.7;0.0;1210.0
8.3;939.5;427.5;0.7;0.0;1210.0
8.3;939.5;426.3;0.7;0.0;1210.0
8.4;939.5;425.4;0.7;0.0;1210.0
8.3;939.5;425.1;0.7;0.0;1210.0
8.3;939.5;437.7;0.7;0.0;1210.0
8.3;939.5;431.4;0.7;0.0;1210.0
8.3;939.6;426.3;0.7;0.0;1210.0
8.4;939.6;425.7;0.7;0.0;1210.0
8.3;939.6;434.4;0.7;0.0;1210.0
8.4;939.6;433.2;0.7;0.0;1210.0
8.3;939.6;423.9;0.7;0.0;1210.0
8.4;939.6;429.9;0.7;0.0;1210.0
8.4;939.6;429.0;0.7;0.0;1210.0
8.3;939.6;434.4;0.7;0.0;1210.0
8.4;939.6;436.8;0.7;0.0;1210.0
8.3;939.6;418.2;0.7;0.0;1210.0
8.4;939.6;429.3;0.7;0.0;1210.0
8.3;939.6;436.5;0.7;0.0;1210.0
8.3;939.6;422.7;0.7;0.0;1210.0
8.3;939.6;432.6;0.7;0.0;1210.0
8.3;939.6;431.7;0.7;0.0;1210.0
8.4;939.6;426.0;0.7;0.0;1210.0
8.3;939.6;432.3;0.7;0.0;1210.0
8.3;939.6;421.2;0.7;0.0;1210.0
8.3;939.6;428.7;0.7;0.0;1210.0
8.3;939.6;435.9;0.7;0.0;1210.0
8.4;939.6;423.3;0.7;0.0;1210.0
8.3;939.6;429.6;0.7;0.0;1210.0
8.4;939.6;426.6;0.7;0.0;1210.0
8.4;939.6;425.4;0.7;0.0;1210.0
8.4;939.6;428.1;0.7;0.0;1210.0
8.4;939.6;428.4;0.7;0.0;1210.0
8.3;939.6;426.0;0.7;0.0;1210.0
8.4;939.6;431.1;0.7;0.0;1210.0
8.3;939.6;429.6;0.7;0.0;1210.0
8.4;939.6;428.7;0.7;0.0;1210.0
8.3;939.6;431.7;0.7;0.0;1210.0
8.3;939.6;432.0;0.7;0.0;1210.0
8.4;939.6;432.0;0.7;0.0;1210.0
8.3;939.6;423.0;0.7;0.0;1210.0
8.3;939.6;427.8;0.7;0.0;1210.0
8.3;939.6;423.9;0.7;0.0;1210.0
8.3;939.6;430.5;0.7;0.0;1210.0
8.4;939.6;435.3;0.7;0.0;1210.0
8.3;939.6;426.9;0.7;0.0;1210.0
8.4;939.6;430.5;0.7;0.0;1210.0
8.3;939.6;424.8;0.7;0.0;1210.0
8.4;939.6;428.4;0.7;0.0;1210.0
8.4;939.6;429.9;0.7;0.0;1210.0
8.3;939.6;428.4;0.7;0.0;1210.0
8.4;939.6;430.5;0.7;0.0;1210.0
8.3;939.6;431.7;0.7;0.0;1210.0
8.4;939.6;425.7;0.7;0.0;1210.0
8.3;939.6;428.1;0.7;0.0;1210.0
8.3;939.6;428.4;0.7;0.0;1210.0
8.4;939.6;424.2;0.7;0.0;1210.0
8.3;939.6;424.8;0.7;0.0;1210.0
8.4;939.6;421.8;0.7;0.0;1210.0
8.3;939.6;426.0;0.7;0.0;1210.0
8.3;939.6;434.4;0.7;0.0;1210.0
8.4;939.6;430.8;0.7;0.0;1210.0
8.3;939.6;426.6;0.7;0.0;1210.0
8.4;939.6;421.5;0.7;0.0;1210.0
8.3;939.6;430.2;0.7;0.0;1210.0
8.4;939.6;426.0;0.7;0.0;1210.0
8.4;939.6;429.6;0.7;0.0;1210.0
8.4;939.6;440.7;0.7;0.0;1210.0
8.4;939.6;427.5;0.7;0.0;1210.0
8.3;939.6;429.0;0.7;0.0;1210.0
8.4;939.6;430.8;0.7;0.0;1210.0
8.3;939.6;427.5;0.7;0.0;1210.0
8.3;939.6;426.0;0.7;0.0;1210.0
8.3;939.6;428.1;0.7;0.0;1210.0
8.3;939.6;423.9;0.7;0.0;1210.0
8.4;939.6;428.1;0.7;0.0;1210.0
8.3;939.5;421.2;0.7;0.0;1210.0
8.3;939.5;432.3;0.7;0.0;1210.0
8.3;939.5;428.1;0.7;0.0;1210.0
8.3;939.5;441.0;0.7;0.0;1210.0
8.4;939.5;431.7;0.7;0.0;1210.0
8.3;939.5;432.3;0.7;0.0;1210.0
8.4;939.5;424.2;0.7;0.0;1210.0
8.4;939.5;430.2;0.7;0.0;1210.0
8.4;939.5;421.8;0.7;0.0;1210.0
8.3;939.5;446.4;0.7;0.0;1210.0
8.3;939.5;410.7;0.7;0.0;1210.0
8.4;939.5;427.8;0.7;0.0;1210.0
8.3;939.5;425.1;0.7;0.0;1210.0
8.4;939.5;427.5;0.7;0.0;1210.0
8.3;939.5;423.0;0.7;0.0;1210.0
8.3;939.5;429.3;0.7;0.0;1210.0
8.4;939.5;425.1;0.7;0.0;1210.0
8.3;939.5;429.9;0.7;0.0;1210.0
8.4;939.5;434.4;0.7;0.0;1210.0
8.3;939.5;428.0;0.7;0.0;1210.0
8.3;939.5;428.8;0.7;0.0;1210.0
8.4;939.5;429.0;0.7;0.0;1210.0
8.3;939.5;433.2;0.7;0.0;1210.0
8.4;939.5;426.3;0.7;0.0;1210.0
8.3;939.5;423.6;0.7;0.0;1210.0
8.4;939.5;429.0;0.7;0.0;1210.0
8.4;939.5;428.1;0.7;0.0;1210.0
8.4;939.5;431.1;0.7;0.0;1210.0
8.4;939.5;429.6;0.7;0.0;1210.0
8.3;939.5;423.6;0.7;0.0;1210.0
8.4;939.5;427.8;0.7;0.0;1210.0
8.3;939.5;429.0;0.7;0.0;1210.0
8.3;939.5;429.0;0.7;0.0;1210.0
8.3;939.5;429.0;0.7;0.0;1210.0
8.3;939.5;429.3;0.7;0.0;1210.0
8.4;939.5;428.7;0.7;0.0;1210.0
8.3;939.5;424.8;0.7;0.0;1210.0
8.3;939.5;432.6;0.7;0.0;1210.0
8.3;939.5;431.7;0.7;0.0;1210.0
8.3;939.5;431.7;0.7;0.0;1210.0
8.4;939.5;417.6;0.7;0.0;1210.0
8.3;939.5;432.0;0.7;0.0;1210.0
8.4;939.5;433.8;0.7;0.0;1210.0
8.4;939.5;422.1;0.7;0.0;1210.0
8.4;939.5;427.2;0.7;0.0;1210.0
8.4;939.5;426.6;0.7;0.0;1210.0
8.3;939.5;431.1;0.7;0.0;1210.0
8.4;939.5;425.1;0.7;0.0;1210.0
8.3;939.5;423.6;0.7;0.0;1210.0
8.3;939.5;440.1;0.7;0.0;1210.0
8.3;939.5;410.7;0.7;0.0;1210.0
8.3;939.5;428.7;0.7;0.0;1210.0
8.4;939.5;435.6;0.7;0.0;1210.0
8.3;939.5;428.1;0.7;0.0;1210.0
8.3;939.5;430.5;0.7;0.0;1210.0
8.3;939.5;425.4;0.7;0.0;1210.0
8.3;939.5;423.0;0.7;0.0;1210.0
8.4;939.5;423.9;0.7;0.0;1210.0
8.3;939.5;426.0;0.7;0.0;1210.0
8.4;939.5;430.5;0.7;0.0;1210.0
8.3;939.5;426.3;0.7;0.0;1210.0
8.4;939.5;426.6;0.7;0.0;1210.0
8.4;939.5;426.9;0.7;0.0;1210.0
8.3;939.5;432.6;0.7;0.0;1210.0
8.4;939.5;437.1;0.7;0.0;1210.0
8.3;939.5;435.0;0.7;0.0;1210.0
8.4;939.5;429.0;0.7;0.0;1210.0
8.3;939.5;429.9;0.7;0.0;1210.0
8.3;939.5;426.6;0.7;0.0;1210.0
8.3;939.5;432.9;0.7;0.0;1210.0
8.3;939.5;424.8;0.7;0.0;1210.0
8.4;939.5;431.4;0.7;0.0;1210.0
8.3;939.5;431.1;0.7;0.0;1210.0
8.3;939.5;425.1;0.7;0.0;1210.0
8.4;939.5;433.8;0.7;0.0;1210.0
8.3;939.5;435.9;0.7;0.0;1210.0
8.4;939.5;429.6;0.7;0.0;1210.0
8.3;939.5;449.0;0.8;0.0;1210.0
8.4;939.5;407.2;0.7;0.0;1210.0
8.4;939.5;431.7;0.7;0.0;1210.0
8.4;939.5;432.0;0.7;0.0;1210.0
8.4;939.5;429.9;0.7;0.0;1210.0
8.3;939.5;431.4;0.7;0.0;1210.0
8.4;939.5;431.4;0.7;0.0;1210.0
8.3;939.5;431.7;0.7;0.0;1210.0
8.4;939.5;427.5;0.7;0.0;1210.0
8.3;939.5;423.9;0.7;0.0;1210.0
8.3;939.5;425.7;0.7;0.0;1210.0
8.4;939.5;420.0;0.7;0.0;1210.0
8.3;939.5;426.9;0.7;0.0;1210.0
8.3;939.5;421.8;0.7;0.0;1210.0
8.3;939.5;425.7;0.7;0.0;1210.0
8.3;939.5;429.2;0.7;0.0;1210.0
8.4;939.5;426.4;0.7;0.0;1210.0
8.3;939.5;429.2;0.7;0.0;1210.0
8.4;939.5;432.1;0.7;0.0;1210.0
8.3;939.5;425.4;0.7;0.0;1210.0
8.4;939.5;421.2;0.7;0.0;1210.0
8.4;939.5;417.6;0.7;0.0;1210.0
8.3;939.5;423.9;0.7;0.0;1210.0
8.4;939.5;431.7;0.7;0.0;1210.0
8.3;939.5;423.9;0.7;0.0;1210.0
8.4;939.5;423.0;0.7;0.0;1210.0
8.3;939.5;426.0;0.7;0.0;1210.0
8.3;939.5;428.4;0.7;0.0;1210.0
8.3;939.5;426.3;0.7;0.0;1210.0
8.3;939.5;422.7;0.7;0.0;1210.0
8.4;939.5;424.5;0.7;0.0;1210.0
8.3;939.5;422.1;0.7;0.0;1210.0
8.3;939.5;427.8;0.7;0.0;1210.0
8.4;939.5;426.6;0.7;0.0;1210.0
8.3;939.5;420.0;0.7;0.0;1210.0
8.4;939.5;425.7;0.7;0.0;1210.0
8.3;939.5;422.4;0.7;0.0;1210.0
8.4;939.5;435.0;0.7;0.0;1210.0
8.4;939.5;425.1;0.7;0.0;1210.0
8.4;939.5;428.7;0.7;0.0;1210.0
8.4;939.5;447.6;0.8;0.0;1210.0
8.3;939.5;405.9;0.7;0.0;1210.0
8.4;939.5;416.4;0.7;0.0;1210.0
8.3;939.5;430.2;0.7;0.0;1210.0
8.3;939.5;425.7;0.7;0.0;1210.0
8.3;939.5;428.7;0.7;0.0;1210.0
8.3;939.5;423.6;0.7;0.0;1210.0
8.4;939.5;432.9;0.7;0.0;1210.0
8.3;939.5;427.8;0.7;0.0;1210.0
8.3;939.5;427.8;0.7;0.0;1210.0
8.3;939.5;431.1;0.7;0.0;1210.0
8.3;939.5;426.6;0.7;0.0;1210.0
8.3;939.5;436.2;0.7;0.0;1210.0
8.3;939.5;414.6;0.7;0.0;1210.0
8.4;939.5;421.5;0.7;0.0;1210.0
8.4;939.5;431.7;0.7;0.0;1210.0
8.4;939.5;424.5;0.7;0.0;1210.0
8.4;939.5;421.8;0.7;0.0;1210.0
8.3;939.5;424.8;0.7;0.0;1210.0
8.4;939.5;423.6;0.7;0.0;1210.0
8.3;939.5;429.3;0.7;0.0;1210.0
8.4;939.5;430.8;0.7;0.0;1210.0
8.3;939.5;426.3;0.7;0.0;1210.0
8.3;939.5;421.5;0.7;1.0;1210.0
8.3;939.5;432.9;0.7;0.0;1210.0
8.3;939.5;431.1;0.7;0.0;1210.0
8.4;939.5;424.5;0.7;0.0;1210.0
8.3;939.5;425.4;0.7;0.0;1210.0
8.3;939.5;429.9;0.7;0.0;1210.0
8.4;939.5;424.2;0.7;0.0;1210.0
8.3;939.5;425.7;0.7;1.0;1210.0
8.4;939.5;426.3;0.7;0.0;1210.0
8.3;941.7;236.7;0.6;1.0;1210.0
8.4;949.5;0.0;0.0;0.0;1210.0
8.4;958.5;0.8;0.0;1.0;1210.0
8.4;966.4;0.0;0.0;1.0;1210.0
8.4;978.4;0.0;0.0;0.0;1210.0
8.3;990.7;0.0;0.0;0.0;1210.0
8.4;1002.4;0.0;0.0;0.0;1210.0
8.3;1014.3;0.0;0.0;0.0;1210.0
8.3;1022.6;0.0;0.0;0.0;1210.0
8.3;1057.6;0.0;0.0;0.0;1210.0
8.3;1064.2;0.6;2.6;0.0;1210.0
8.4;1047.1;0.3;2.8;0.0;1210.0
8.3;1054.8;0.0;0.0;0.0;1210.0
