8.4;55.0;23.5;2.3;0.0;1035.0
7.2;93.3;110.6;9.9;0.0;1035.0
8.4;137.2;144.7;8.5;0.0;1035.0
8.4;176.9;144.6;7.3;0.0;1160.0
8.4;619.1;2.8;0.2;2.0;1210.0
8.3;645.5;89.8;6.5;0.0;1210.0
8.4;679.5;122.9;9.4;0.0;1210.0
8.3;733.6;3.8;19.0;0.0;1210.0
8.3;783.3;3.7;18.5;0.0;1210.0
8.3;830.9;3.5;17.5;0.0;1210.0
8.3;879.2;1.7;7.3;0.0;1210.0
8.3;928.8;0.0;0.0;0.0;1210.0
8.3;939.1;169.5;0.3;0.0;1210.0
8.3;939.1;430.2;0.7;0.0;1210.0
8.4;939.1;433.2;0.7;0.0;1210.0
8.3;939.1;433.5;0.7;0.0;1210.0
8.4;939.1;433.8;0.7;0.0;1210.0
8.3;939.1;432.0;0.7;0.0;1210.0
8.4;939.1;427.5;0.7;0.0;1210.0
8.4;939.1;432.6;0.7;0.0;1210.0
8.4;939.1;429.3;0.7;0.0;1210.0
8.4;939.1;435.0;0.7;0.0;1210.0
8.3;939.1;432.3;0.7;0.0;1210.0
8.4;939.1;437.2;0.7;0.0;1210.0
8.3;939.1;436.7;0.7;0.0;1210.0
8.4;939.1;437.7;0.7;0.0;1210.0
8.3;939.1;436.5;0.7;0.0;1210.0
8.3;939.1;435.9;0.7;0.0;1210.0
8.4;939.1;430.2;0.7;0.0;1210.0
8.3;939.1;437.4;0.7;0.0;1210.0
8.3;939.1;433.2;0.7;0.0;1210.0
8.3;939.1;428.7;0.7;0.0;1210.0
8.3;939.1;438.3;0.7;0.0;1210.0
8.4;939.1;426.6;0.7;0.0;1210.0
8.3;939.1;429.0;0.7;0.0;1210.0
8.4;939.1;430.5;0.7;0.0;1210.0
8.3;939.1;432.3;0.7;0.0;1210.0
8.4;939.1;436.2;0.7;0.0;1210.0
8.4;939.1;434.1;0.7;0.0;1210.0
8.3;939.1;436.8;0.7;0.0;1210.0
8.4;939.1;426.6;0.7;0.0;1210.0
8.3;939.1;429.9;0.7;0.0;1210.0
8.4;939.1;431.7;0.7;0.0;1210.0
8.3;939.1;430.8;0.7;0.0;1210.0
8.3;939.1;430.5;0.7;0.0;1210.0
8.4;939.1;431.7;0.7;0.0;1210.0
8.3;939.1;432.3;0.7;0.0;1210.0
8.4;939.1;437.4;0.7;0.0;1210.0
8.3;939.1;433.8;0.7;0.0;1210.0
8.3;939.1;432.0;0.7;0.0;1210.0
8.4;939.1;433.8;0.7;0.0;1210.0
8.3;939.1;432.0;0.7;0.0;1210.0
8.4;939.1;430.8;0.7;0.0;1210.0
8.3;939.1;434.4;0.7;0.0;1210.0
8.4;939.1;435.6;0.7;0.0;1210.0
8.4;939.1;428.4;0.7;0.0;1210.0
8.4;939.1;426.3;0.7;0.0;1210.0
8.4;939.1;429.0;0.7;0.0;1210.0
8.3;939.1;430.8;0.7;0.0;1210.0
8.4;939.1;426.6;0.7;0.0;1210.0
8.3;939.1;431.7;0.7;0.0;1210.0
8.3;939.1;430.5;0.7;0.0;1210.0
8.3;939.1;424.8;0.7;0.0;1210.0
8.4;939.1;440.4;0.7;0.0;1210.0
8.4;939.1;415.8;0.7;0.0;1210.0
8.3;939.1;429.0;0.7;0.0;1210.0
8.3;939.1;423.9;0.7;0.0;1210.0
8.3;939.1;451.2;0.8;0.0;1210.0
8.3;939.1;417.0;0.7;0.0;1210.0
8.4;939.2;425.7;0.7;0.0;1210.0
8.3;939.2;430.2;0.7;0.0;1210.0
8.4;939.2;434.7;0.7;0.0;1210.0
8.4;939.2;431.4;0.7;0.0;1210.0
8.4;939.2;422.1;0.7;0.0;1210.0
8.4;939.2;434.4;0.7;0.0;1210.0
8.3;939.2;429.3;0.7;0.0;1210.0
8.4;939.2;435.3;0.7;0.0;1210.0
8.3;939.2;438.0;0.7;0.0;1210.0
8.4;939.2;428.1;0.7;0.0;1210.0
6.9;939.2;428.7;0.7;0.0;1210.0
8.3;939.2;437.1;0.7;0.0;1210.0
8.4;939.2;426.9;0.7;0.0;1210.0
8.3;939.2;432.6;0.7;0.0;1210.0
8.4;939.2;434.4;0.7;0.0;1210.0
8.3;939.2;427.8;0.7;0.0;1210.0
8.3;939.2;432.0;0.7;0.0;1210.0
8.4;939.2;422.1;0.7;0.0;1210.0
8.3;939.2;431.4;0.7;0.0;1210.0
8.4;939.2;437.7;0.7;0.0;1210.0
8.3;939.2;426.0;0.7;0.0;1210.0
8.4;939.2;431.4;0.7;0.0;1210.0
8.4;939.2;425.1;0.7;0.0;1210.0
8.4;939.2;429.9;0.7;0.0;1210.0
8.4;939.2;431.7;0.7;0.0;1210.0
8.3;939.2;427.5;0.7;0.0;1210.0
8.4;939.2;432.0;0.7;1.0;1210.0
8.3;939.2;428.1;0.7;0.0;1210.0
8.3;939.2;426.9;0.7;0.0;1210.0
8.3;939.2;431.4;0.7;0.0;1210.0
8.3;939.2;429.6;0.7;0.0;1210.0
8.4;939.2;438.9;0.7;0.0;1210.0
8.3;939.2;428.4;0.7;0.0;1210.0
8.3;939.2;429.6;0.7;1.0;1210.0
8.3;939.2;425.7;0.7;0.0;1210.0
8.3;939.2;425.1;0.7;0.0;1210.0
8.4;939.2;436.2;0.7;0.0;1210.0
8.3;939.2;433.8;0.7;0.0;1210.0
8.4;939.2;434.7;0.7;0.0;1210.0
8.4;939.2;429.3;0.7;0.0;1210.0
8.4;939.2;428.4;0.7;1.0;1210.0
8.4;939.2;429.3;0.7;0.0;1210.0
8.3;939.2;429.6;0.7;0.0;1210.0
8.4;939.2;434.4;0.7;0.0;1210.0
8.3;939.2;433.5;0.7;0.0;1210.0
8.4;939.2;431.1;0.7;0.0;1210.0
8.3;939.2;429.9;0.7;0.0;1210.0
8.3;939.2;432.3;0.7;1.0;1210.0
8.4;939.2;429.0;0.7;0.0;1210.0
8.3;939.2;429.0;0.7;0.0;1210.0
8.3;939.2;422.7;0.7;0.0;1210.0
8.3;939.2;423.0;0.7;0.0;1210.0
8.3;939.2;431.4;0.7;0.0;1210.0
8.4;939.2;430.8;0.7;0.0;1210.0
8.3;939.2;430.8;0.7;0.0;1210.0
8.4;939.2;424.5;0.7;0.0;1210.0
8.3;939.2;423.3;0.7;0.0;1210.0
8.4;939.2;432.0;0.7;0.0;1210.0
8.4;939.2;430.5;0.7;0.0;1210.0
8.3;939.2;430.5;0.7;0.0;1210.0
8.4;939.2;435.0;0.7;0.0;1210.0
8.3;939.2;433.2;0.7;1.0;1210.0
8.4;939.2;435.6;0.7;0.0;1210.0
8.3;939.2;425.1;0.7;0.0;1210.0
8.3;939.2;429.3;0.7;0.0;1210.0
8.3;939.2;433.2;0.7;0.0;1210.0
8.3;939.2;426.6;0.7;0.0;1210.0
8.4;939.2;425.1;0.7;0.0;1210.0
8.3;939.2;430.2;0.7;0.0;1210.0
8.3;939.2;426.6;0.7;0.0;1210.0
8.3;939.2;432.6;0.7;0.0;1210.0
8.3;939.2;434.1;0.7;0.0;1210.0
8.4;939.2;436.8;0.7;0.0;1210.0
8.3;939.2;431.4;0.7;0.0;1210.0
8.4;939.2;431.7;0.7;0.0;1210.0
8.4;939.2;425.4;0.7;0.0;1210.0
8.4;939.2;432.6;0.7;0.0;1210.0
8.4;939.2;426.6;0.7;0.0;1210.0
8.3;939.2;431.7;0.7;0.0;1210.0
8.4;939.2;429.6;0.7;0.0;1210.0
8.3;939.2;426.0;0.7;0.0;1210.0
8.4;939.2;427.8;0.7;0.0;1210.0
8.3;939.2;423.3;0.7;1.0;1210.0
8.3;939.2;429.9;0.7;0.0;1210.0
8.4;939.2;422.1;0.7;0.0;1210.0
8.3;939.2;433.2;0.7;0.0;1210.0
8.3;939.2;430.5;0.7;0.0;1210.0
8.3;939.2;434.1;0.7;0.0;1210.0
8.3;939.2;432.0;0.7;0.0;1210.0
8.4;939.2;429.6;0.7;1.0;1210.0
8.3;939.2;430.5;0.7;0.0;1210.0
8.4;939.2;425.7;0.7;0.0;1210.0
8.4;939.2;426.3;0.7;0.0;1210.0
8.4;939.2;431.7;0.7;0.0;1210.0
8.4;939.2;428.4;0.7;0.0;1210.0
8.3;939.2;428.4;0.7;0.0;1210.0
8.4;939.2;430.8;0.7;1.0;1210.0
8.3;939.2;430.2;0.7;0.0;1210.0
8.4;939.2;419.4;0.7;0.0;1210.0
8.3;939.2;429.0;0.7;0.0;1210.0
8.3;939.2;432.0;0.7;0.0;1210.0
8.4;939.2;426.9;0.7;0.0;1210.0
8.3;939.2;435.0;0.7;0.0;1210.0
8.4;939.2;426.6;0.7;1.0;1210.0
8.3;939.2;429.3;0.7;0.0;1210.0
8.3;939.2;434.1;0.7;0.0;1210.0
8.4;939.2;430.5;0.7;0.0;1210.0
8.3;939.2;440.4;0.7;0.0;1210.0
8.4;939.2;426.6;0.7;0.0;1210.0
8.3;939.2;434.4;0.7;0.0;1210.0
8.4;939.2;434.4;0.7;1.0;1210.0
8.4;939.2;428.7;0.7;0.0;1210.0
8.4;939.2;428.4;0.7;0.0;1210.0
8.4;939.2;430.8;0.7;0.0;1210.0
8.3;939.2;432.6;0.7;0.0;1210.0
8.4;939.2;432.0;0.7;0.0;1210.0
8.3;939.2;431.4;0.7;0.0;1210.0
8.3;939.2;424.2;0.7;1.0;1210.0
8.3;939.2;420.9;0.7;0.0;1210.0
8.3;939.2;435.0;0.7;0.0;1210.0
8.4;939.2;438.0;0.7;0.0;1210.0
8.3;939.2;429.9;0.7;0.0;1210.0
8.3;939.2;431.1;0.7;0.0;1210.0
8.3;939.2;430.5;0.7;0.0;1210.0
8.3;939.2;422.7;0.7;1.0;1210.0
8.4;939.2;426.9;0.7;0.0;1210.0
8.3;939.2;425.7;0.7;0.0;1210.0
8.4;939.2;432.9;0.7;0.0;1210.0
8.4;939.2;429.0;0.7;0.0;1210.0
8.4;939.2;424.8;0.7;0.0;1210.0
8.4;939.2;430.5;0.7;0.0;1210.0
8.3;939.2;431.7;0.7;0.0;1210.0
8.4;939.2;435.9;0.7;0.0;1210.0
8.3;939.2;433.8;0.7;0.0;1210.0
8.4;939.2;435.0;0.7;0.0;1210.0
8.3;939.2;429.6;0.7;0.0;1210.0
8.3;939.2;427.8;0.7;0.0;1210.0
8.4;939.2;427.5;0.7;0.0;1210.0
8.3;939.2;451.2;0.8;0.0;1210.0
8.4;939.2;416.4;0.7;0.0;1210.0
8.3;939.2;429.0;0.7;0.0;1210.0
8.3;939.2;429.9;0.7;0.0;1210.0
8.4;939.2;436.8;0.7;0.0;1210.0
8.3;939.2;432.9;0.7;0.0;1210.0
8.4;939.2;429.6;0.7;0.0;1210.0
8.3;939.2;437.7;0.7;0.0;1210.0
8.4;939.2;426.9;0.7;0.0;1210.0
8.4;939.2;435.9;0.7;0.0;1210.0
8.3;939.2;433.8;0.7;0.0;1210.0
8.4;939.2;427.5;0.7;0.0;1210.0
8.3;939.2;434.1;0.7;0.0;1210.0
8.4;939.2;425.4;0.7;0.0;1210.0
8.3;939.2;435.3;0.7;0.0;1210.0
8.3;939.2;426.9;0.7;0.0;1210.0
8.3;939.2;428.7;0.7;0.0;1210.0
8.3;939.2;425.7;0.7;0.0;1210.0
8.4;939.2;428.1;0.7;0.0;1210.0
8.3;939.2;428.1;0.7;0.0;1210.0
8.3;939.2;423.0;0.7;0.0;1210.0
8.4;939.2;429.6;0.7;0.0;1210.0
8.3;939.2;429.0;0.7;0.0;1210.0
8.4;939.2;426.3;0.7;0.0;1210.0
8.3;939.2;432.3;0.7;0.0;1210.0
8.4;939.2;433.8;0.7;0.0;1210.0
8.4;939.2;429.3;0.7;0.0;1210.0
8.4;939.2;426.6;0.7;0.0;1210.0
8.4;939.2;418.2;0.7;1.0;1210.0
8.3;939.2;421.8;0.7;0.0;1210.0
8.4;939.2;428.7;0.7;0.0;1210.0
8.3;939.2;427.2;0.7;0.0;1210.0
8.4;939.2;428.1;0.7;0.0;1210.0
8.3;939.2;426.9;0.7;0.0;1210.0
8.3;939.2;432.6;0.7;0.0;1210.0
8.4;939.2;430.5;0.7;1.0;1210.0
8.3;939.2;423.6;0.7;0.0;1210.0
8.3;939.2;425.4;0.7;0.0;1210.0
8.3;939.2;427.8;0.7;0.0;1210.0
8.3;939.2;429.6;0.7;0.0;1210.0
8.3;939.2;444.6;0.7;0.0;1210.0
8.3;939.2;410.7;0.7;0.0;1210.0
8.4;939.2;431.1;0.7;0.0;1210.0
8.3;939.2;425.1;0.7;0.0;1210.0
8.4;939.2;433.8;0.7;0.0;1210.0
8.4;939.2;432.0;0.7;0.0;1210.0
8.3;939.2;436.2;0.7;0.0;1210.0
8.4;939.2;435.3;0.7;0.0;1210.0
8.3;939.2;422.4;0.7;0.0;1210.0
8.4;939.2;418.5;0.7;0.0;1210.0
8.3;939.2;429.9;0.7;0.0;1210.0
8.3;939.2;432.0;0.7;0.0;1210.0
8.3;939.2;427.2;0.7;0.0;1210.0
8.3;939.2;424.2;0.7;0.0;1210.0
8.4;939.2;431.1;0.7;0.0;1210.0
8.3;939.2;433.8;0.7;0.0;1210.0
8.3;939.2;431.7;0.7;0.0;1210.0
8.4;939.2;427.5;0.7;0.0;1210.0
8.3;939.2;424.5;0.7;0.0;1210.0
8.4;939.2;429.6;0.7;0.0;1210.0
8.3;939.2;430.2;0.7;0.0;1210.0
8.4;939.2;425.1;0.7;0.0;1210.0
8.4;939.2;433.5;0.7;0.0;1210.0
8.4;939.2;428.7;0.7;0.0;1210.0
8.3;939.2;439.8;0.7;0.0;1210.0
8.3;939.2;411.0;0.7;0.0;1210.0
8.4;939.2;426.3;0.7;0.0;1210.0
8.3;939.2;427.8;0.7;0.0;1210.0
8.4;939.2;429.6;0.7;0.0;1210.0
8.3;939.2;428.7;0.7;0.0;1210.0
8.3;939.2;425.1;0.7;1.0;1210.0
8.4;939.2;430.2;0.7;0.0;1210.0
8.3;939.2;433.5;0.7;0.0;1210.0
8.3;939.2;426.3;0.7;0.0;1210.0
8.3;939.2;426.0;0.7;0.0;1210.0
8.3;939.2;429.6;0.7;0.0;1210.0
8.4;939.2;424.8;0.7;0.0;1210.0
8.3;939.2;428.4;0.7;1.0;1210.0
8.4;939.2;425.7;0.7;0.0;1210.0
8.4;941.6;233.1;0.6;2.0;1210.0
8.3;949.8;0.0;0.0;0.0;1210.0
8.4;958.4;0.8;0.0;0.0;1210.0
8.3;966.5;0.0;0.0;0.0;1210.0
8.4;978.8;0.0;0.0;0.0;1210.0
8.4;991.7;0.0;0.0;0.0;1210.0
8.4;1003.2;0.0;0.0;0.0;1210.0
8.3;1014.9;0.0;0.0;0.0;1210.0
8.3;1022.9;0.0;0.0;0.0;1210.0
8.3;1064.6;0.0;0.0;0.0;1210.0
8.3;1069.5;0.6;2.6;0.0;1210.0
8.4;1049.3;0.3;2.8;0.0;1210.0
8.3;1057.6;0.0;0.0;1.0;1210.0
8.4;1170.3;1.5;0.0;0.0;1210.0
