7.1;56.4;24.9;1.9;0.0;1035.0
7.2;103.9;132.2;11.6;0.0;1035.0
7.2;144.1;142.3;7.6;0.0;1035.0
8.3;296.2;121.1;6.4;4.0;1210.0
7.0;627.8;49.9;3.3;0.0;1210.0
8.3;655.0;95.6;5.6;0.0;1210.0
8.4;695.3;70.5;13.2;0.0;1210.0
8.3;750.5;3.8;19.0;0.0;1210.0
8.3;795.2;3.3;16.5;0.0;1210.0
8.4;847.0;3.8;19.0;0.0;1210.0
8.3;890.2;0.6;1.8;0.0;1210.0
8.4;940.4;0.0;0.0;0.0;1210.0
8.3;940.8;352.2;0.6;0.0;1210.0
8.3;940.8;430.5;0.7;0.0;1210.0
8.4;940.8;431.7;0.7;0.0;1210.0
8.3;940.8;432.0;0.7;0.0;1210.0
8.4;940.8;428.7;0.7;0.0;1210.0
8.3;940.8;428.7;0.7;0.0;1210.0
8.4;940.8;428.4;0.7;0.0;1210.0
8.4;940.8;429.6;0.7;0.0;1210.0
8.4;940.8;427.8;0.7;0.0;1210.0
8.4;940.8;434.4;0.7;0.0;1210.0
8.3;940.8;432.6;0.7;0.0;1210.0
8.4;940.8;429.3;0.7;0.0;1210.0
8.3;940.8;441.0;0.7;0.0;1210.0
8.3;940.8;428.4;0.7;0.0;1210.0
8.3;940.8;434.7;0.7;0.0;1210.0
8.3;940.8;430.8;0.7;0.0;1210.0
8.4;940.8;428.1;0.7;0.0;1210.0
8.3;940.8;431.4;0.7;0.0;1210.0
8.3;940.8;425.4;0.7;0.0;1210.0
8.3;940.8;430.2;0.7;0.0;1210.0
8.3;940.8;427.8;0.7;0.0;1210.0
8.4;940.8;423.6;0.7;0.0;1210.0
8.3;940.8;426.9;0.7;0.0;1210.0
8.4;940.8;424.5;0.7;0.0;1210.0
8.4;940.8;428.1;0.7;0.0;1210.0
8.4;940.8;430.8;0.7;0.0;1210.0
8.4;940.8;430.5;0.7;0.0;1210.0
8.3;940.8;432.6;0.7;0.0;1210.0
8.4;940.8;423.9;0.7;0.0;1210.0
8.3;940.8;426.3;0.7;0.0;1210.0
8.4;940.8;431.1;0.7;0.0;1210.0
8.3;940.8;435.0;0.7;0.0;1210.0
8.3;940.8;417.6;0.7;0.0;1210.0
8.4;940.8;424.8;0.7;0.0;1210.0
8.3;940.8;429.6;0.7;0.0;1210.0
8.4;940.8;439.5;0.7;0.0;1210.0
8.3;940.8;430.5;0.7;0.0;1210.0
8.3;940.8;432.3;0.7;0.0;1210.0
8.4;940.8;429.3;0.7;0.0;1210.0
8.3;940.8;429.5;0.7;0.0;1210.0
8.4;940.8;424.3;0.7;0.0;1210.0
8.3;940.8;431.4;0.7;1.0;1210.0
8.4;940.8;437.4;0.7;0.0;1210.0
8.4;940.8;430.8;0.7;0.0;1210.0
8.4;940.8;432.0;0.7;0.0;1210.0
8.4;940.8;431.1;0.7;0.0;1210.0
8.3;940.8;427.5;0.7;0.0;1210.0
8.4;940.8;430.5;0.7;0.0;1210.0
8.3;940.8;436.5;0.7;1.0;1210.0
8.3;940.8;430.8;0.7;0.0;1210.0
8.3;940.8;430.5;0.7;0.0;1210.0
8.3;940.8;431.7;0.7;0.0;1210.0
8.4;940.8;427.5;0.7;0.0;1210.0
8.3;940.8;429.9;0.7;0.0;1210.0
8.3;940.8;425.1;0.7;0.0;1210.0
8.3;940.8;438.9;0.7;0.0;1210.0
8.3;940.8;432.9;0.7;0.0;1210.0
8.4;940.9;428.7;0.7;0.0;1210.0
8.3;940.9;435.3;0.7;0.0;1210.0
8.4;940.9;439.2;0.7;0.0;1210.0
8.4;940.9;430.8;0.7;0.0;1210.0
8.4;940.9;426.9;0.7;0.0;1210.0
8.4;940.9;435.0;0.7;1.0;1210.0
8.3;940.9;435.6;0.7;0.0;1210.0
8.4;940.9;435.9;0.7;0.0;1210.0
8.3;940.9;436.2;0.7;0.0;1210.0
8.4;940.9;425.1;0.7;0.0;1210.0
8.3;940.9;433.8;0.7;0.0;1210.0
8.3;940.9;439.8;0.7;0.0;1210.0
8.4;940.9;430.5;0.7;1.0;1210.0
8.3;940.9;436.2;0.7;0.0;1210.0
8.3;940.9;437.2;0.7;0.0;1210.0
8.3;940.9;432.2;0.7;0.0;1210.0
8.3;940.9;429.3;0.7;0.0;1210.0
8.4;940.9;421.8;0.7;0.0;1210.0
8.3;940.9;439.5;0.7;0.0;1210.0
8.4;940.9;438.0;0.7;1.0;1210.0
8.3;940.9;427.8;0.7;0.0;1210.0
8.4;940.9;435.3;0.7;0.0;1210.0
8.4;940.9;426.9;0.7;0.0;1210.0
8.3;940.9;427.8;0.7;0.0;1210.0
8.4;940.9;428.1;0.7;0.0;1210.0
8.3;940.9;430.2;0.7;0.0;1210.0
8.3;940.9;450.6;0.8;1.0;1210.0
8.3;940.9;416.1;0.7;0.0;1210.0
8.3;940.9;430.5;0.7;0.0;1210.0
8.3;940.9;439.2;0.7;0.0;1210.0
8.3;940.9;434.7;0.7;0.0;1210.0
8.4;940.9;435.9;0.7;0.0;1210.0
8.3;940.9;425.7;0.7;0.0;1210.0
8.3;940.9;434.1;0.7;0.0;1210.0
8.3;940.9;428.7;0.7;0.0;1210.0
8.3;940.9;431.1;0.7;0.0;1210.0
8.4;940.9;438.9;0.7;0.0;1210.0
8.3;940.9;432.3;0.7;0.0;1210.0
8.4;940.9;429.3;0.7;0.0;1210.0
8.4;940.9;437.1;0.7;0.0;1210.0
8.4;940.9;424.8;0.7;0.0;1210.0
8.4;940.9;433.5;0.7;0.0;1210.0
8.3;940.9;435.3;0.7;0.0;1210.0
8.4;940.9;433.5;0.7;0.0;1210.0
8.3;940.9;432.9;0.7;0.0;1210.0
8.4;940.9;431.1;0.7;0.0;1210.0
8.3;940.9;434.7;0.7;0.0;1210.0
8.3;940.9;433.2;0.7;0.0;1210.0
8.4;940.9;432.3;0.7;0.0;1210.0
8.3;940.9;427.8;0.7;0.0;1210.0
8.3;940.9;428.1;0.7;0.0;1210.0
8.3;940.9;427.5;0.7;0.0;1210.0
8.3;940.9;438.3;0.7;0.0;1210.0
8.4;940.9;436.2;0.7;0.0;1210.0
8.3;940.9;445.5;0.7;0.0;1210.0
8.4;940.9;408.9;0.7;0.0;1210.0
8.4;940.9;433.8;0.7;0.0;1210.0
8.4;940.9;426.3;0.7;0.0;1210.0
8.4;940.9;432.9;0.7;0.0;1210.0
8.3;940.9;442.2;0.7;0.0;1210.0
8.4;940.9;427.5;0.7;0.0;1210.0
8.3;940.9;434.7;0.7;0.0;1210.0
8.4;940.9;438.0;0.7;0.0;1210.0
8.3;940.9;432.3;0.7;0.0;1210.0
8.3;940.9;431.4;0.7;0.0;1210.0
8.4;940.9;425.4;0.7;0.0;1210.0
8.4;940.9;444.6;0.7;0.0;1210.0
8.4;940.9;407.1;0.7;0.0;1210.0
8.3;940.9;428.4;0.7;0.0;1210.0
8.3;940.8;435.0;0.7;0.0;1210.0
8.4;940.8;432.3;0.7;0.0;1210.0
8.3;940.8;445.8;0.7;0.0;1210.0
8.4;940.8;436.5;0.7;0.0;1210.0
8.3;940.8;433.8;0.7;0.0;1210.0
8.4;940.8;427.2;0.7;0.0;1210.0
8.4;940.8;436.5;0.7;0.0;1210.0
8.4;940.8;425.7;0.7;0.0;1210.0
8.4;940.8;435.0;0.7;0.0;1210.0
8.3;940.8;430.2;0.7;0.0;1210.0
8.4;940.8;427.8;0.7;0.0;1210.0
8.3;940.8;429.6;0.7;0.0;1210.0
8.3;940.8;432.6;0.7;0.0;1210.0
8.3;940.8;431.1;0.7;0.0;1210.0
8.3;940.8;432.3;0.7;0.0;1210.0
8.4;940.8;425.7;0.7;0.0;1210.0
8.3;940.8;433.5;0.7;0.0;1210.0
8.3;940.8;437.1;0.7;0.0;1210.0
8.3;940.8;432.9;0.7;0.0;1210.0
8.3;940.8;431.1;0.7;0.0;1210.0
8.4;940.8;425.7;0.7;0.0;1210.0
8.3;940.8;437.1;0.7;0.0;1210.0
8.4;940.8;428.7;0.7;0.0;1210.0
8.4;940.8;428.1;0.7;0.0;1210.0
8.4;940.8;431.4;0.7;0.0;1210.0
8.4;940.8;432.0;0.7;0.0;1210.0
8.3;940.8;434.4;0.7;0.0;1210.0
8.4;940.8;430.8;0.7;0.0;1210.0
8.3;940.9;429.9;0.7;0.0;1210.0
8.4;940.9;428.7;0.7;0.0;1210.0
8.3;940.9;431.4;0.7;0.0;1210.0
8.3;940.9;430.2;0.7;0.0;1210.0
8.4;940.9;430.8;0.7;0.0;1210.0
8.3;940.9;429.3;0.7;0.0;1210.0
8.4;940.9;433.2;0.7;0.0;1210.0
8.3;940.9;433.2;0.7;0.0;1210.0
8.3;940.9;434.7;0.7;0.0;1210.0
8.4;940.9;437.1;0.7;0.0;1210.0
8.3;940.9;432.0;0.7;0.0;1210.0
8.4;940.9;426.9;0.7;0.0;1210.0
8.3;940.9;440.4;0.7;1.0;1210.0
8.4;940.9;429.6;0.7;0.0;1210.0
8.4;940.9;430.5;0.7;0.0;1210.0
8.4;940.9;438.3;0.7;0.0;1210.0
8.4;940.9;429.0;0.7;0.0;1210.0
8.3;940.9;435.9;0.7;0.0;1210.0
8.4;940.9;432.3;0.7;0.0;1210.0
8.3;940.9;424.8;0.7;1.0;1210.0
8.3;940.9;429.3;0.7;0.0;1210.0
8.3;940.9;434.1;0.7;0.0;1210.0
8.3;940.9;440.1;0.7;0.0;1210.0
8.4;940.9;435.6;0.7;0.0;1210.0
8.3;940.9;425.7;0.7;0.0;1210.0
8.3;940.9;432.6;0.7;0.0;1210.0
8.4;940.9;426.0;0.7;1.0;1210.0
8.3;940.9;423.9;0.7;0.0;1210.0
8.4;940.9;427.5;0.7;0.0;1210.0
8.3;940.9;432.0;0.7;0.0;1210.0
8.4;940.9;432.6;0.7;0.0;1210.0
8.4;940.9;424.5;0.7;0.0;1210.0
8.4;940.9;431.1;0.7;0.0;1210.0
8.4;940.9;432.6;0.7;1.0;1210.0
8.3;940.9;436.2;0.7;0.0;1210.0
8.4;940.9;431.1;0.7;0.0;1210.0
8.3;940.9;440.1;0.7;0.0;1210.0
8.3;940.9;448.2;0.8;0.0;1210.0
8.3;940.9;414.6;0.7;0.0;1210.0
8.3;940.9;430.5;0.7;0.0;1210.0
8.4;940.9;430.5;0.7;1.0;1210.0
8.3;940.9;429.9;0.7;0.0;1210.0
8.3;940.9;432.0;0.7;0.0;1210.0
8.3;940.9;433.5;0.7;0.0;1210.0
8.3;940.9;432.3;0.7;0.0;1210.0
8.4;940.9;436.2;0.7;0.0;1210.0
8.3;940.9;431.1;0.7;0.0;1210.0
8.4;940.9;438.3;0.7;1.0;1210.0
8.3;940.9;428.7;0.7;0.0;1210.0
8.4;940.9;438.3;0.7;0.0;1210.0
8.4;940.9;437.4;0.7;0.0;1210.0
8.3;940.9;429.9;0.7;0.0;1210.0
8.4;940.9;432.9;0.7;0.0;1210.0
8.3;940.9;431.1;0.7;0.0;1210.0
8.4;940.9;434.4;0.7;1.0;1210.0
8.3;940.9;432.9;0.7;0.0;1210.0
8.3;940.9;430.8;0.7;0.0;1210.0
8.3;940.9;422.7;0.7;0.0;1210.0
8.3;940.9;431.1;0.7;0.0;1210.0
8.4;940.9;425.1;0.7;0.0;1210.0
8.3;940.9;426.6;0.7;0.0;1210.0
8.4;940.9;442.8;0.7;1.0;1210.0
8.4;940.9;418.8;0.7;0.0;1210.0
8.3;940.9;433.2;0.7;0.0;1210.0
8.4;940.9;431.7;0.7;0.0;1210.0
8.3;940.9;428.7;0.7;0.0;1210.0
8.4;940.9;419.7;0.7;0.0;1210.0
8.4;940.9;421.2;0.7;0.0;1210.0
8.4;940.9;419.4;0.7;0.0;1210.0
8.4;940.9;426.6;0.7;0.0;1210.0
8.3;940.9;432.0;0.7;0.0;1210.0
8.4;940.9;430.8;0.7;0.0;1210.0
8.3;940.9;433.5;0.7;0.0;1210.0
8.4;940.9;422.7;0.7;0.0;1210.0
8.3;940.9;438.0;0.7;0.0;1210.0
8.3;940.9;431.4;0.7;0.0;1210.0
8.4;940.9;427.8;0.7;0.0;1210.0
8.3;940.9;428.7;0.7;0.0;1210.0
8.3;940.9;426.3;0.7;0.0;1210.0
8.3;940.9;433.8;0.7;0.0;1210.0
8.3;940.9;429.9;0.7;0.0;1210.0
8.3;940.9;443.7;0.7;0.0;1210.0
8.3;940.9;413.7;0.7;1.0;1210.0
8.4;940.9;432.9;0.7;0.0;1210.0
8.4;940.9;434.7;0.7;0.0;1210.0
8.4;940.9;434.1;0.7;0.0;1210.0
8.4;940.9;434.7;0.7;0.0;1210.0
8.3;940.9;436.5;0.7;0.0;1210.0
8.4;940.9;423.9;0.7;0.0;1210.0
8.3;940.9;423.0;0.7;0.0;1210.0
8.4;940.9;432.0;0.7;0.0;1210.0
8.3;940.9;434.4;0.7;0.0;1210.0
8.3;940.9;427.8;0.7;0.0;1210.0
8.3;940.9;438.6;0.7;0.0;1210.0
8.3;940.9;420.9;0.7;0.0;1210.0
8.4;940.9;434.4;0.7;0.0;1210.0
8.3;940.9;432.3;0.7;0.0;1210.0
8.3;940.9;435.6;0.7;0.0;1210.0
8.4;940.9;427.2;0.7;0.0;1210.0
8.3;940.9;433.8;0.7;0.0;1210.0
8.4;940.9;431.1;0.7;0.0;1210.0
8.3;940.9;424.8;0.7;0.0;1210.0
8.4;940.9;434.4;0.7;0.0;1210.0
8.4;940.9;431.1;0.7;0.0;1210.0
8.4;940.9;430.8;0.7;0.0;1210.0
8.4;940.9;429.3;0.7;0.0;1210.0
8.3;940.9;429.3;0.7;0.0;1210.0
8.4;940.9;431.4;0.7;0.0;1210.0
8.3;940.9;434.1;0.7;0.0;1210.0
8.3;940.9;429.0;0.7;0.0;1210.0
8.3;940.9;426.0;0.7;1.0;1210.0
8.3;940.9;436.5;0.7;0.0;1210.0
8.4;940.9;435.3;0.7;0.0;1210.0
8.3;940.9;428.7;0.7;0.0;1210.0
8.3;940.9;431.4;0.7;0.0;1210.0
8.3;940.9;430.5;0.7;0.0;1210.0
8.3;940.9;430.8;0.7;0.0;1210.0
8.4;940.9;431.1;0.7;0.0;1210.0
8.3;940.9;432.9;0.7;0.0;1210.0
8.4;942.0;169.5;0.5;1.0;1210.0
8.4;949.9;0.0;0.0;0.0;1210.0
8.4;958.4;0.8;0.0;0.0;1210.0
8.4;967.3;0.0;0.0;0.0;1210.0
8.3;979.1;0.0;0.0;0.0;1210.0
8.4;991.6;0.0;0.0;0.0;1210.0
8.3;1002.9;0.0;0.0;0.0;1210.0
8.4;1014.9;0.0;0.0;0.0;1210.0
8.3;1023.8;0.0;0.0;0.0;1210.0
8.3;1064.4;0.0;0.0;0.0;1210.0
8.3;1070.9;0.6;2.6;0.0;1210.0
8.3;1049.1;0.3;2.8;0.0;1210.0
8.4;1056.9;0.0;0.0;0.0;1210.0
8.3;1173.0;1.5;0.0;0.0;1210.0
4.8;1337.4;1273.4;0.9;99.0;7990.0
