7.2;55.2;24.2;2.2;0.0;1035.0
8.4;93.3;110.2;9.9;0.0;1035.0
8.3;137.5;147.3;8.5;0.0;1035.0
7.0;192.4;141.8;7.3;0.0;1180.0
8.3;618.3;12.2;0.4;3.0;1210.0
7.2;651.5;106.4;7.4;0.0;1210.0
8.4;688.5;96.9;11.3;0.0;1210.0
8.3;740.6;3.6;18.0;0.0;1210.0
8.4;788.1;3.5;17.5;0.0;1210.0
8.3;840.4;3.9;19.5;0.0;1210.0
8.4;886.0;1.1;4.3;0.0;1210.0
8.3;931.0;0.0;0.0;0.0;1210.0
8.3;941.3;239.4;0.4;0.0;1210.0
8.3;941.3;429.3;0.7;0.0;1210.0
8.3;941.3;432.0;0.7;0.0;1210.0
8.4;941.3;429.9;0.7;0.0;1210.0
8.3;941.4;429.9;0.7;0.0;1210.0
8.3;941.4;422.7;0.7;0.0;1210.0
8.4;941.4;425.1;0.7;0.0;1210.0
8.3;941.4;429.3;0.7;0.0;1210.0
8.4;941.4;423.0;0.7;0.0;1210.0
8.3;941.4;435.9;0.7;0.0;1210.0
8.4;941.4;429.6;0.7;0.0;1210.0
8.3;941.4;429.0;0.7;0.0;1210.0
8.4;941.4;436.5;0.7;0.0;1210.0
8.4;941.4;429.0;0.7;0.0;1210.0
8.3;941.4;429.3;0.7;0.0;1210.0
8.4;941.4;448.8;0.8;0.0;1210.0
8.3;941.4;409.2;0.7;0.0;1210.0
8.4;941.4;436.8;0.7;0.0;1210.0
8.3;941.4;427.2;0.7;0.0;1210.0
8.3;941.4;423.6;0.7;0.0;1210.0
8.4;941.4;429.9;0.7;0.0;1210.0
8.3;941.4;419.7;0.7;0.0;1210.0
8.4;941.4;426.0;0.7;0.0;1210.0
8.3;941.4;421.2;0.7;0.0;1210.0
8.3;941.4;428.7;0.7;0.0;1210.0
8.4;941.4;427.8;0.7;0.0;1210.0
8.3;941.4;429.3;0.7;0.0;1210.0
8.4;941.4;431.1;0.7;0.0;1210.0
8.3;941.4;422.7;0.7;0.0;1210.0
8.4;941.4;423.9;0.7;0.0;1210.0
8.4;941.4;432.0;0.7;0.0;1210.0
8.3;941.4;424.6;0.7;0.0;1210.0
8.4;941.4;430.4;0.7;0.0;1210.0
8.3;941.4;430.8;0.7;0.0;1210.0
8.4;941.4;419.7;0.7;0.0;1210.0
8.3;941.4;430.5;0.7;0.0;1210.0
8.3;941.4;431.1;0.7;0.0;1210.0
8.3;941.4;427.2;0.7;0.0;1210.0
8.3;941.4;432.9;0.7;0.0;1210.0
8.4;941.4;420.6;0.7;0.0;1210.0
8.3;941.4;425.7;0.7;0.0;1210.0
8.3;941.4;433.8;0.7;0.0;1210.0
8.4;941.4;426.3;0.7;0.0;1210.0
8.4;941.4;444.6;0.7;0.0;1210.0
8.4;941.4;409.2;0.7;0.0;1210.0
8.3;941.4;427.8;0.7;0.0;1210.0
8.4;941.4;420.3;0.7;0.0;1210.0
8.4;941.4;423.0;0.7;0.0;1210.0
8.4;941.4;421.2;0.7;0.0;1210.0
8.4;941.4;428.4;0.7;0.0;1210.0
8.3;941.4;425.4;0.7;0.0;1210.0
8.4;941.4;441.9;0.7;0.0;1210.0
8.3;941.4;403.5;0.7;0.0;1210.0
8.4;941.4;422.7;0.7;0.0;1210.0
8.3;941.4;421.5;0.7;0.0;1210.0
8.3;941.4;425.7;0.7;0.0;1210.0
8.4;941.4;431.4;0.7;1.0;1210.0
8.3;941.4;414.6;0.7;0.0;1210.0
8.3;941.4;427.5;0.7;0.0;1210.0
8.3;941.4;431.1;0.7;0.0;1210.0
8.3;941.4;429.6;0.7;0.0;1210.0
8.4;941.4;425.4;0.7;0.0;1210.0
8.3;941.4;423.6;0.7;0.0;1210.0
8.4;941.4;440.1;0.7;1.0;1210.0
8.3;941.4;417.6;0.7;0.0;1210.0
8.4;941.4;433.8;0.7;0.0;1210.0
8.4;941.4;428.1;0.7;0.0;1210.0
8.3;941.4;419.7;0.7;0.0;1210.0
8.4;941.4;432.0;0.7;0.0;1210.0
8.3;941.4;427.8;0.7;0.0;1210.0
8.4;941.4;426.0;0.7;0.0;1210.0
8.3;941.4;424.2;0.7;0.0;1210.0
8.3;941.4;420.3;0.7;0.0;1210.0
8.3;941.4;425.1;0.7;0.0;1210.0
8.3;941.4;423.0;0.7;0.0;1210.0
8.3;941.4;432.3;0.7;0.0;1210.0
8.3;941.4;412.8;0.7;0.0;1210.0
8.3;941.4;431.2;0.7;0.0;1210.0
8.4;941.4;422.0;0.7;0.0;1210.0
8.3;941.4;432.0;0.7;0.0;1210.0
8.4;941.4;422.4;0.7;0.0;1210.0
8.3;941.4;423.9;0.7;0.0;1210.0
8.4;941.4;423.0;0.7;0.0;1210.0
8.4;941.4;413.7;0.7;0.0;1210.0
8.4;941.4;427.5;0.7;1.0;1210.0
8.4;941.4;426.3;0.7;0.0;1210.0
8.3;941.4;429.0;0.7;0.0;1210.0
8.4;941.4;447.6;0.8;0.0;1210.0
8.3;941.4;414.9;0.7;0.0;1210.0
8.3;941.4;432.0;0.7;0.0;1210.0
8.3;941.4;413.7;0.7;0.0;1210.0
8.3;941.4;426.6;0.7;0.0;1210.0
8.4;941.4;418.5;0.7;0.0;1210.0
8.3;941.4;423.9;0.7;0.0;1210.0
8.3;941.4;431.1;0.7;0.0;1210.0
8.3;941.4;442.5;0.7;0.0;1210.0
8.3;941.4;414.6;0.7;0.0;1210.0
8.4;941.4;426.3;0.7;0.0;1210.0
8.3;941.4;422.4;0.7;1.0;1210.0
8.4;941.4;421.8;0.7;0.0;1210.0
8.4;941.4;430.2;0.7;0.0;1210.0
8.4;941.4;430.5;0.7;0.0;1210.0
8.4;941.4;429.0;0.7;0.0;1210.0
8.3;941.4;428.1;0.7;0.0;1210.0
8.4;941.4;424.5;0.7;0.0;1210.0
8.3;941.4;427.8;0.7;0.0;1210.0
8.4;941.4;423.0;0.7;0.0;1210.0
8.3;941.4;426.9;0.7;0.0;1210.0
8.3;941.4;422.1;0.7;0.0;1210.0
8.4;941.4;417.3;0.7;0.0;1210.0
8.3;941.4;430.5;0.7;0.0;1210.0
8.4;941.4;422.7;0.7;0.0;1210.0
8.3;941.4;428.1;0.7;0.0;1210.0
8.3;941.4;421.2;0.7;0.0;1210.0
8.4;941.4;426.4;0.7;0.0;1210.0
8.3;941.4;429.5;0.7;0.0;1210.0
8.4;941.4;425.4;0.7;0.0;1210.0
8.3;941.4;426.9;0.7;0.0;1210.0
8.4;941.4;431.7;0.7;0.0;1210.0
8.4;941.4;429.6;0.7;0.0;1210.0
8.4;941.5;430.8;0.7;0.0;1210.0
8.4;941.5;427.5;0.7;0.0;1210.0
8.3;941.5;423.0;0.7;0.0;1210.0
8.4;941.5;427.5;0.7;0.0;1210.0
8.3;941.5;422.7;0.7;0.0;1210.0
8.3;941.5;417.3;0.7;0.0;1210.0
8.3;941.4;423.3;0.7;1.0;1210.0
8.3;941.4;421.2;0.7;0.0;1210.0
8.4;941.4;430.2;0.7;0.0;1210.0
8.3;941.4;428.1;0.7;0.0;1210.0
8.3;941.4;438.6;0.7;0.0;1210.0
8.3;941.4;428.1;0.7;0.0;1210.0
8.3;941.4;421.4;0.7;0.0;1210.0
8.4;941.4;423.4;0.7;1.0;1210.0
8.3;941.4;431.1;0.7;0.0;1210.0
8.4;941.4;420.6;0.7;0.0;1210.0
8.4;941.4;430.2;0.7;0.0;1210.0
8.4;941.4;425.1;0.7;0.0;1210.0
8.4;941.4;424.8;0.7;0.0;1210.0
8.3;941.4;426.0;0.7;0.0;1210.0
8.4;941.4;425.4;0.7;0.0;1210.0
8.3;941.4;422.4;0.7;0.0;1210.0
8.4;941.4;420.9;0.7;0.0;1210.0
8.3;941.4;412.8;0.7;0.0;1210.0
8.3;929.9;414.0;0.7;0.0;1210.0
8.4;929.9;428.1;0.7;0.0;1210.0
8.3;929.9;425.1;0.7;0.0;1210.0
8.4;929.9;426.6;0.7;0.0;1210.0
8.3;929.9;426.3;0.7;0.0;1210.0
8.3;929.9;432.0;0.7;0.0;1210.0
8.4;929.9;423.3;0.7;0.0;1210.0
8.3;929.9;424.5;0.7;0.0;1210.0
8.4;929.9;425.1;0.7;0.0;1210.0
8.3;929.9;425.4;0.7;0.0;1210.0
8.4;929.9;425.7;0.7;0.0;1210.0
8.4;929.9;427.5;0.7;0.0;1210.0
8.3;929.9;422.4;0.7;0.0;1210.0
8.4;929.9;423.3;0.7;0.0;1210.0
8.3;929.9;428.1;0.7;0.0;1210.0
8.4;929.9;425.4;0.7;0.0;1210.0
8.3;929.9;420.3;0.7;0.0;1210.0
8.3;929.9;425.5;0.7;0.0;1210.0
8.3;929.9;426.4;0.7;0.0;1210.0
8.3;929.9;425.5;0.7;0.0;1210.0
8.4;929.9;430.8;0.7;0.0;1210.0
8.3;929.9;432.6;0.7;0.0;1210.0
8.3;929.9;430.5;0.7;0.0;1210.0
8.3;929.9;419.4;0.7;0.0;1210.0
8.3;929.9;432.0;0.7;0.0;1210.0
8.4;929.9;429.6;0.7;0.0;1210.0
8.3;929.9;426.6;0.7;0.0;1210.0
8.4;929.9;426.3;0.7;0.0;1210.0
8.4;929.9;427.8;0.7;0.0;1210.0
8.4;929.9;429.0;0.7;0.0;1210.0
8.4;929.9;426.0;0.7;0.0;1210.0
8.3;929.9;426.6;0.7;0.0;1210.0
8.4;929.9;420.9;0.7;0.0;1210.0
8.3;929.9;430.2;0.7;0.0;1210.0
8.4;929.9;426.0;0.7;0.0;1210.0
8.3;929.9;435.6;0.7;0.0;1210.0
8.3;929.9;420.3;0.7;0.0;1210.0
8.4;929.9;428.4;0.7;0.0;1210.0
8.3;929.9;425.7;0.7;0.0;1210.0
8.3;929.9;417.9;0.7;0.0;1210.0
8.3;929.9;426.6;0.7;0.0;1210.0
8.3;929.9;423.0;0.7;0.0;1210.0
8.4;929.9;426.9;0.7;0.0;1210.0
8.3;929.9;424.2;0.7;0.0;1210.0
8.4;929.9;423.9;0.7;0.0;1210.0
8.3;929.9;424.8;0.7;0.0;1210.0
8.4;929.9;428.7;0.7;0.0;1210.0
8.4;929.9;437.7;0.7;0.0;1210.0
8.3;929.9;431.7;0.7;0.0;1210.0
8.4;929.9;427.8;0.7;0.0;1210.0
8.3;929.9;426.0;0.7;0.0;1210.0
8.3;929.9;439.8;0.7;0.0;1210.0
8.3;929.9;411.3;0.7;0.0;1210.0
8.3;929.9;426.0;0.7;0.0;1210.0
8.4;929.9;430.2;0.7;0.0;1210.0
8.3;929.9;428.7;0.7;0.0;1210.0
8.4;929.9;425.1;0.7;0.0;1210.0
8.3;929.9;431.1;0.7;0.0;1210.0
8.3;929.9;430.8;0.7;0.0;1210.0
8.3;929.9;426.3;0.7;0.0;1210.0
8.3;929.9;432.0;0.7;0.0;1210.0
8.4;929.9;425.1;0.7;0.0;1210.0
8.3;929.9;432.3;0.7;0.0;1210.0
8.4;929.9;427.2;0.7;0.0;1210.0
8.4;929.9;424.8;0.7;0.0;1210.0
8.4;929.9;429.9;0.7;0.0;1210.0
8.4;929.9;423.3;0.7;0.0;1210.0
8.3;929.9;434.4;0.7;0.0;1210.0
8.4;929.9;423.6;0.7;0.0;1210.0
8.3;929.9;421.5;0.7;0.0;1210.0
8.4;929.9;423.6;0.7;0.0;1210.0
8.3;929.9;422.7;0.7;0.0;1210.0
8.3;929.9;423.0;0.7;0.0;1210.0
8.4;929.9;421.5;0.7;0.0;1210.0
8.3;929.9;426.3;0.7;0.0;1210.0
8.3;929.9;428.4;0.7;0.0;1210.0
8.3;929.9;431.4;0.7;0.0;1210.0
8.3;929.9;427.2;0.7;0.0;1210.0
8.4;929.9;431.1;0.7;0.0;1210.0
8.3;929.9;423.0;0.7;0.0;1210.0
8.4;929.9;423.6;0.7;0.0;1210.0
8.4;929.9;419.4;0.7;0.0;1210.0
8.4;929.9;423.3;0.7;0.0;1210.0
8.4;929.9;429.0;0.7;0.0;1210.0
8.3;929.9;423.9;0.7;0.0;1210.0
8.4;929.9;421.2;0.7;0.0;1210.0
8.3;929.9;416.7;0.7;0.0;1210.0
8.4;929.9;430.2;0.7;0.0;1210.0
8.3;929.9;428.1;0.7;0.0;1210.0
8.3;929.9;424.8;0.7;0.0;1210.0
8.4;929.9;427.5;0.7;0.0;1210.0
8.3;929.9;424.2;0.7;0.0;1210.0
8.4;929.9;426.3;0.7;0.0;1210.0
8.3;929.9;429.9;0.7;0.0;1210.0
8.3;929.9;425.7;0.7;0.0;1210.0
8.3;929.9;443.4;0.7;1.0;1210.0
8.3;929.9;411.3;0.7;0.0;1210.0
8.4;929.9;431.1;0.7;0.0;1210.0
8.3;929.9;429.0;0.7;0.0;1210.0
8.4;929.9;426.9;0.7;0.0;1210.0
8.4;929.9;434.7;0.7;0.0;1210.0
8.3;929.9;437.1;0.7;0.0;1210.0
8.4;929.9;403.8;0.7;0.0;1210.0
8.3;929.9;430.5;0.7;0.0;1210.0
8.4;929.9;429.9;0.7;0.0;1210.0
8.3;929.9;425.4;0.7;0.0;1210.0
8.3;929.9;413.4;0.7;0.0;1210.0
8.3;929.9;436.2;0.7;0.0;1210.0
8.3;929.9;428.4;0.7;0.0;1210.0
8.4;929.9;429.3;0.7;0.0;1210.0
8.3;929.9;428.7;0.7;0.0;1210.0
8.3;929.9;424.2;0.7;0.0;1210.0
8.3;929.9;431.1;0.7;0.0;1210.0
8.3;929.9;424.8;0.7;0.0;1210.0
8.4;929.9;422.1;0.7;0.0;1210.0
8.3;929.9;429.0;0.7;0.0;1210.0
8.4;929.9;429.6;0.7;0.0;1210.0
8.4;929.9;426.6;0.7;0.0;1210.0
8.4;929.9;418.2;0.7;0.0;1210.0
8.4;929.9;425.4;0.7;0.0;1210.0
8.3;929.9;423.9;0.7;0.0;1210.0
8.4;929.9;431.4;0.7;0.0;1210.0
8.3;929.9;430.2;0.7;0.0;1210.0
8.4;929.9;418.8;0.7;1.0;1210.0
8.3;929.9;420.0;0.7;0.0;1210.0
8.3;929.9;429.6;0.7;0.0;1210.0
8.4;929.9;424.8;0.7;0.0;1210.0
8.3;929.9;418.8;0.7;0.0;1210.0
8.4;929.9;427.2;0.7;0.0;1210.0
8.3;929.9;427.2;0.7;0.0;1210.0
8.3;929.9;420.6;0.7;1.0;1210.0
8.4;929.9;426.0;0.7;0.0;1210.0
8.3;930.9;344.0;0.8;1.0;1210.0
8.4;936.5;0.4;0.0;0.0;1210.0
8.3;944.7;0.0;0.0;0.0;1210.0
8.4;953.1;0.8;0.0;1.0;1210.0
8.4;964.1;0.0;0.0;0.0;1210.0
8.3;975.7;0.0;0.0;0.0;1210.0
8.4;986.6;0.0;0.0;0.0;1210.0
8.3;999.5;0.0;0.0;0.0;1210.0
8.4;1010.7;0.0;0.0;0.0;1210.0
8.3;1019.1;0.0;0.0;0.0;1210.0
8.3;1066.8;0.0;0.0;0.0;1210.0
8.3;1099.0;0.6;2.6;0.0;1210.0
