0.0;10493952;0
0.0;10493952;0
42.6;11046912;0
33.6;11911168;0
49.9;12537856;0
49.9;12595200;0
86.0;12738560;0
42.6;12742656;0
84.0;12840960;0
99.7;12910592;0
71.7;12898304;0
100.3;13266944;0
66.5;13193216;0
83.1;13099008;0
71.7;13168640;0
83.1;13164544;0
66.5;13312000;0
84.0;13320192;0
71.0;12955648;0
83.1;12955648;0
83.1;12955648;0
71.7;13090816;0
71.0;13090816;0
84.0;13090816;0
66.5;13709312;0
100.3;13705216;0
85.2;13848576;0
67.2;13852672;0
83.1;13864960;0
66.5;14008320;0
86.0;13979648;0
66.5;13979648;0
66.5;14118912;0
99.7;14118912;0
71.7;14262272;0
85.2;13770752;0
84.0;13770752;0
99.7;13905920;0
71.7;13905920;0
71.0;13905920;0
84.0;14798848;0
66.5;14757888;0
116.4;14848000;293
100.3;14770176;216
66.5;14782464;0
66.5;14827520;0
83.1;14737408;0
100.8;14737408;0
71.0;14823424;0
86.0;14827520;0
71.7;14831616;0
83.1;14839808;0
66.5;14827520;0
86.0;14843904;0
66.5;14741504;0
83.1;14729216;0
67.2;14733312;0
56.8;14745600;0
57.3;14774272;0
56.8;14782464;0
67.2;14786560;0
83.1;14790656;0
71.7;14663680;0
71.7;14684160;0
49.9;14684160;0
66.5;14778368;0
66.5;14782464;0
67.2;14786560;0
83.1;26279936;0
143.3;44060672;0
172.0;77406208;0
184.7;104964096;0
149.6;132255744;0
182.8;155582464;0
117.6;186122240;0
199.5;199999488;172
114.7;199983104;756
143.3;200368128;504
83.1;200396800;0
66.5;200392704;0
66.5;200392704;0
100.8;200392704;0
66.5;200392704;0
83.1;200392704;0
71.7;200396800;0
71.0;200396800;0
86.0;200392704;0
83.1;200396800;0
67.2;200380416;0
83.1;200396800;0
83.1;200392704;0
71.7;200380416;0
66.5;200380416;0
83.1;200380416;0
83.1;200396800;0
100.8;200396800;0
71.0;200396800;0
86.0;200396800;0
71.7;200396800;0
85.2;200392704;0
66.5;200396800;0
83.1;200396800;0
84.0;200392704;0
66.5;200396800;0
66.5;200396800;0
86.0;200392704;0
56.8;200388608;0
66.5;200409088;0
83.1;200437760;0
67.2;200437760;0
66.5;200454144;0
71.7;200458240;0
86.0;200458240;0
85.2;200458240;0
71.7;200458240;0
71.0;200458240;0
67.2;200458240;0
86.0;200454144;0
71.0;200454144;0
67.2;200458240;0
66.5;200458240;0
83.1;200441856;0
66.5;200441856;0
83.1;200441856;0
84.0;200458240;0
83.1;200458240;0
66.5;200454144;0
84.0;200454144;0
83.1;200462336;0
83.1;200462336;0
49.9;200462336;0
99.7;200495104;0
67.2;200495104;0
66.5;200482816;0
83.1;200499200;0
86.0;200482816;0
71.0;200482816;0
71.7;200491008;0
85.2;200515584;0
114.7;200515584;0
71.7;200519680;0
66.5;200519680;0
84.0;200515584;0
83.1;200515584;0
66.5;200515584;0
99.7;212004864;0
133.0;232226816;0
201.6;267657216;0
182.8;298192896;0
182.8;321110016;0
186.4;351543296;0
170.5;381517824;0
186.4;389595136;0
142.0;203685888;0
28.7;204648448;0
84.0;204845056;0
71.0;204886016;0
86.0;204890112;0
71.7;204959744;0
85.2;204963840;0
71.7;204967936;0
99.4;204996608;0
57.3;204980224;0
86.0;204988416;0
85.2;205008896;0
86.0;205004800;0
86.0;205033472;0
56.8;205037568;0
86.0;205037568;0
71.0;205033472;0
86.0;205041664;0
57.3;205066240;0
99.4;205094912;0
100.8;205131776;0
66.5;205168640;0
116.4;205172736;0
99.7;205254656;0
66.5;205250560;0
67.2;205250560;0
66.5;205254656;0
83.1;205250560;0
67.2;205320192;0
66.5;205320192;0
66.5;205320192;0
83.1;205320192;0
66.5;205307904;0
84.0;205320192;0
83.1;205312000;0
83.1;205312000;0
67.2;205348864;0
85.2;205352960;0
86.0;205348864;0
83.1;205352960;0
71.7;205357056;0
86.0;205352960;0
83.1;205357056;0
86.0;205352960;0
67.2;205410304;0
83.1;205410304;0
66.5;205414400;0
66.5;205414400;0
66.5;205426688;0
86.0;205430784;0
86.0;205426688;0
85.2;205430784;0
86.0;205426688;0
86.0;205426688;0
71.0;205430784;0
71.7;205430784;0
66.5;205414400;0
83.1;205484032;0
67.2;205492224;0
49.9;205541376;0
83.1;205545472;0
67.2;205549568;0
66.5;205549568;0
71.0;205549568;0
86.0;205545472;0
85.2;205594624;0
71.7;205647872;0
129.0;217120768;0
156.2;241307648;0
172.0;275107840;0
200.7;305078272;0
182.8;326995968;0
182.8;357216256;0
166.2;385585152;0
149.6;389926912;0
84.0;229625856;0
66.5;229621760;0
66.5;229625856;0
71.7;229658624;0
66.5;229658624;0
83.1;229658624;0
100.3;229675008;0
99.4;229670912;0
71.7;229670912;0
71.7;229670912;0
99.4;229670912;0
86.0;229658624;0
57.3;229658624;0
71.0;229675008;0
83.1;229715968;0
83.1;229715968;0
71.0;229720064;0
100.3;229724160;0
71.7;229724160;0
85.2;229711872;0
71.7;229724160;0
100.8;229728256;0
83.1;229715968;0
83.1;229728256;0
83.1;229732352;0
99.7;229728256;0
83.1;229732352;0
67.2;229728256;0
66.5;229732352;0
83.1;229728256;0
67.2;229715968;0
99.7;229715968;0
83.1;229736448;0
71.7;229732352;0
71.0;229736448;0
99.7;229740544;0
84.0;229748736;0
66.5;229748736;0
66.5;229748736;0
84.0;229761024;0
71.7;229744640;0
71.0;229744640;0
86.0;229761024;0
71.0;229756928;0
83.1;229756928;0
67.2;229756928;0
66.5;229752832;0
83.1;229756928;0
84.0;229752832;0
100.3;229740544;0
56.8;229752832;0
57.3;229769216;0
71.7;229769216;0
71.0;229769216;0
66.5;229769216;0
67.2;229761024;0
57.3;229761024;0
56.8;229761024;0
71.7;229761024;0
43.0;229761024;0
99.7;229781504;0
66.5;229777408;0
86.0;229777408;0
85.2;229814272;0
66.5;229867520;0
67.2;241221632;0
143.3;239321088;0
156.2;275759104;0
149.6;304443392;0
151.2;327790592;0
157.7;355172352;0
198.9;381968384;0
