0.0;10510336;0
0.0;10510336;0
0.0;10510336;0
0.0;10510336;0
0.0;10510336;0
0.0;10510336;0
0.0;10510336;0
0.0;10510336;0
0.0;10510336;0
0.0;10510336;0
0.0;10510336;0
0.0;10510336;0
0.0;10510336;0
0.0;10510336;0
0.0;10510336;0
0.0;10510336;0
0.0;10510336;0
0.0;10510336;0
0.0;10510336;0
0.0;10510336;0
0.0;10510336;0
0.0;10510336;0
0.0;10510336;0
0.0;10510336;0
0.0;10510336;0
0.0;10510336;0
0.0;10510336;0
0.0;10510336;0
0.0;10510336;0
0.0;10510336;0
0.0;10510336;0
0.0;10510336;0
0.0;10510336;0
0.0;10510336;0
0.0;10510336;0
0.0;10510336;0
0.0;10510336;0
57.3;30752768;0
113.6;67493888;0
99.7;102408192;0
99.7;131493888;0
100.8;158343168;0
99.4;190447616;0
100.3;219586560;0
100.3;236843008;0
99.7;270364672;0
99.7;302596096;0
99.7;332800000;0
100.8;362434560;0
99.4;378126336;44
100.3;378126336;758
100.3;378126336;774
99.7;378126336;703
83.1;378093568;537
0.0;378093568;0
0.0;378093568;0
0.0;378093568;0
0.0;378093568;0
0.0;378093568;0
0.0;378093568;0
0.0;378093568;0
0.0;378093568;0
0.0;378093568;0
0.0;378093568;0
0.0;378093568;0
0.0;378093568;0
0.0;378093568;0
0.0;378093568;0
0.0;378093568;0
0.0;378093568;0
0.0;378093568;0
0.0;378093568;0
0.0;378093568;0
0.0;378093568;0
0.0;378093568;0
0.0;378093568;0
43.0;390635520;0
0.0;390635520;0
0.0;390635520;0
0.0;390635520;0
0.0;390635520;0
0.0;390635520;0
0.0;390635520;0
0.0;390635520;0
0.0;390635520;0
0.0;390635520;0
0.0;390635520;0
0.0;390635520;0
0.0;390635520;0
0.0;390635520;0
0.0;390635520;0
0.0;390635520;0
0.0;390635520;0
0.0;390635520;0
0.0;390635520;0
0.0;390635520;0
0.0;390635520;0
0.0;390635520;0
0.0;390635520;0
0.0;390635520;0
0.0;390635520;0
0.0;390635520;0
0.0;390635520;0
0.0;390635520;0
0.0;390635520;0
0.0;390635520;0
0.0;390635520;0
0.0;390635520;0
0.0;390635520;0
0.0;390635520;0
0.0;390635520;0
0.0;390635520;0
0.0;390635520;0
0.0;390635520;0
56.8;402006016;0
0.0;402006016;0
0.0;402006016;0
0.0;402006016;0
0.0;402006016;0
0.0;402006016;0
0.0;402006016;0
0.0;402006016;0
0.0;402006016;0
0.0;402006016;0
0.0;402006016;0
0.0;402006016;0
0.0;402006016;0
0.0;402006016;0
0.0;402006016;0
0.0;402006016;0
0.0;402006016;0
0.0;402006016;0
0.0;402006016;0
0.0;402006016;0
0.0;402006016;0
0.0;402006016;0
0.0;402006016;0
0.0;402006016;0
0.0;402006016;0
0.0;402006016;0
0.0;402006016;0
0.0;402006016;0
0.0;402006016;0
0.0;402006016;0
0.0;402006016;0
0.0;402006016;0
0.0;402006016;0
0.0;402006016;0
0.0;402006016;0
0.0;402006016;0
0.0;402006016;0
33.2;413413376;0
0.0;413413376;0
0.0;413413376;0
0.0;413413376;0
0.0;413413376;0
0.0;413413376;0
0.0;413413376;0
0.0;413413376;0
0.0;413413376;0
0.0;413413376;0
0.0;413413376;0
0.0;413413376;0
0.0;413413376;0
0.0;413413376;0
0.0;413413376;0
0.0;413413376;0
0.0;413413376;0
0.0;413413376;0
0.0;413413376;0
0.0;413413376;0
0.0;413413376;0
0.0;413413376;0
0.0;413413376;0
0.0;413413376;0
0.0;413413376;0
0.0;413413376;0
0.0;413413376;0
0.0;413413376;0
0.0;413413376;0
0.0;413413376;0
0.0;413413376;0
0.0;413413376;0
0.0;413413376;0
0.0;413413376;0
0.0;413413376;0
0.0;413413376;0
0.0;413413376;0
49.9;424800256;0
0.0;424800256;0
0.0;424800256;0
0.0;424800256;0
0.0;424800256;0
0.0;424800256;0
0.0;424800256;0
0.0;424800256;0
0.0;424800256;0
0.0;424800256;0
0.0;424800256;0
0.0;424800256;0
0.0;424800256;0
0.0;424800256;0
0.0;424800256;0
0.0;424800256;0
0.0;424800256;0
0.0;424800256;0
0.0;424800256;0
0.0;424800256;0
0.0;424800256;0
0.0;424800256;0
0.0;424800256;0
0.0;424800256;0
0.0;424800256;0
0.0;424800256;0
0.0;424800256;0
0.0;424800256;0
0.0;424800256;0
0.0;424800256;0
0.0;424800256;0
0.0;424800256;0
0.0;424800256;0
0.0;424800256;0
0.0;424800256;0
0.0;424800256;0
14.3;427638784;0
33.6;436170752;0
0.0;436170752;0
0.0;436170752;0
0.0;436170752;0
0.0;436170752;0
0.0;436170752;0
0.0;436170752;0
0.0;436170752;0
0.0;436170752;0
0.0;436170752;0
0.0;436170752;0
0.0;436170752;0
0.0;436170752;0
0.0;436170752;0
0.0;436170752;0
0.0;436170752;0
0.0;436170752;0
0.0;436170752;0
0.0;436170752;0
0.0;436170752;0
0.0;436170752;0
0.0;436170752;0
0.0;436170752;0
0.0;436170752;0
0.0;436170752;0
0.0;436170752;0
0.0;436170752;0
0.0;436170752;0
0.0;436170752;0
0.0;436170752;0
0.0;436170752;0
0.0;436170752;0
0.0;436170752;0
0.0;436170752;0
0.0;436170752;0
33.2;455057408;0
0.0;447537152;0
0.0;447565824;0
0.0;447565824;0
0.0;447565824;0
0.0;447565824;0
0.0;447565824;0
0.0;447565824;0
0.0;447565824;0
0.0;447565824;0
0.0;447565824;0
0.0;447565824;0
0.0;447565824;0
0.0;447565824;0
0.0;447565824;0
0.0;447565824;0
0.0;447565824;0
0.0;447565824;0
0.0;447565824;0
0.0;447565824;0
0.0;447565824;0
0.0;447565824;0
0.0;447565824;0
0.0;447565824;0
0.0;447565824;0
0.0;447565824;0
0.0;447565824;0
0.0;447565824;0
0.0;447565824;0
0.0;447565824;0
0.0;447565824;0
0.0;447565824;0
0.0;447565824;0
0.0;447565824;0
0.0;447565824;0
0.0;447565824;0
43.0;458936320;0
0.0;458936320;0
0.0;458936320;0
0.0;458936320;0
