8.3;5.4;0.5;0.0;491.0


8.4;129.0;7.6;0.0;491.0


6.9;94.6;7.7;0.0;491.0


1.2;82.2;8.0;0.0;491.0


0.0;0.3;0.0;0.0;491.0


8.4;28.6;1.1;0.0;491.0


8.3;0.3;0.0;7.0;672.0


8.4;0.0;0.0;5.0;804.0


8.3;0.0;0.0;6.0;952.0


8.3;0.2;0.0;5.0;1060.0


8.3;0.0;0.0;5.0;1240.0


8.3;70.2;67.7;3.0;1646.0


8.3;84.8;353.6;25.0;1870.0


4.2;0.1;0.0;10.0;1870.0


0.0;0.3;0.0;0.0;1870.0


4.8;227.6;9.8;0.0;1870.0


8.3;1262.4;55.5;0.0;1870.0


8.4;1.0;0.3;0.0;1870.0


8.4;0.0;0.0;0.0;1870.0


8.4;0.0;0.0;0.0;1870.0


8.4;0.0;0.0;0.0;1870.0


8.3;0.0;0.0;0.0;1870.0


8.4;0.0;0.0;0.0;1870.0


8.3;0.0;0.0;0.0;1870.0


8.3;0.0;0.0;0.0;1870.0


8.3;0.0;0.0;0.0;1870.0


8.3;0.0;0.0;0.0;1870.0


8.3;0.0;0.0;0.0;1870.0


8.3;0.0;0.0;0.0;1870.0


8.3;0.0;0.0;0.0;1870.0


8.3;0.0;0.0;0.0;1870.0


8.3;0.0;0.0;0.0;1870.0


8.4;0.0;0.0;0.0;1870.0


8.3;0.0;0.0;0.0;1870.0


8.4;0.0;0.0;0.0;1870.0


8.3;0.0;0.0;0.0;1870.0


8.4;0.0;0.0;0.0;1870.0


2.8;0.1;0.0;0.0;1870.0


0.0;0.3;0.0;0.0;1870.0


4.8;230.7;9.9;0.0;1870.0


8.3;1260.8;55.4;0.0;1870.0


8.4;1.0;0.3;0.0;1870.0


8.3;0.0;0.0;0.0;1870.0


8.4;0.0;0.0;0.0;1870.0


8.4;0.0;0.0;0.0;1870.0


8.3;0.0;0.0;0.0;1870.0


8.3;0.0;0.0;0.0;1870.0


8.3;0.0;0.0;0.0;1870.0


8.3;0.0;0.0;0.0;1870.0


8.4;0.0;0.0;0.0;1870.0


8.3;0.0;0.0;0.0;1870.0


8.4;0.0;0.0;0.0;1870.0


8.3;0.0;0.0;0.0;1870.0


8.4;0.0;0.0;0.0;1870.0


8.4;0.0;0.0;0.0;1870.0


8.4;0.0;0.0;0.0;1870.0


8.4;0.0;0.0;0.0;1870.0


8.3;0.0;0.0;0.0;1870.0


8.4;0.0;0.0;0.0;1870.0


8.3;0.0;0.0;0.0;1870.0


8.3;0.0;0.0;0.0;1870.0


8.3;1.0;0.3;0.0;1870.0


8.3;0.0;0.0;0.0;1870.0


8.3;0.0;0.0;0.0;1870.0


8.3;0.0;0.0;1.0;1870.0


8.3;0.0;0.0;1.0;1870.0


8.4;0.0;0.0;0.0;1870.0


8.3;0.0;0.0;0.0;1870.0


8.4;0.0;0.0;0.0;1870.0


8.3;0.0;0.0;0.0;1870.0


8.4;0.0;0.0;0.0;1870.0


8.3;0.0;0.0;9.0;1966.0


8.4;0.2;0.0;57.0;1970.0


36.4;0.0;0.0;41.0;2620.0


8.3;0.0;0.0;47.0;2620.0


8.4;0.0;0.0;46.0;2620.0


8.3;0.0;0.0;47.0;2620.0


8.3;0.0;0.0;47.0;2620.0


8.3;0.0;0.0;47.0;2620.0


8.4;0.0;0.0;48.0;2620.0


8.4;0.0;0.0;47.0;2620.0


8.3;0.0;0.0;48.0;2620.0


8.3;0.0;0.0;47.0;2620.0


8.3;0.0;0.0;47.0;2620.0


8.3;0.0;0.0;46.0;2620.0


8.3;0.0;0.0;47.0;2622.0


0.0;3.8;0.3;0.0;2622.0


0.0;0.3;0.0;0.0;2622.0


8.4;1184.2;51.8;0.0;2622.0


8.4;308.2;13.8;0.0;2622.0


8.4;0.0;0.0;0.0;2622.0


8.4;0.0;0.0;0.0;2622.0


8.4;0.0;0.0;0.0;2622.0


8.3;0.0;0.0;0.0;2622.0


8.4;0.0;0.0;0.0;2622.0


8.3;0.0;0.0;0.0;2622.0


8.3;0.0;0.0;0.0;2622.0


8.4;0.0;0.0;0.0;2622.0


8.3;0.0;0.0;0.0;2622.0


8.4;0.0;0.0;0.0;2622.0


8.3;0.0;0.0;0.0;2622.0


8.3;0.0;0.0;0.0;2622.0


8.4;0.0;0.0;0.0;2622.0


8.3;0.0;0.0;0.0;2622.0


8.4;0.0;0.0;0.0;2622.0


8.3;0.0;0.0;0.0;2622.0


8.4;0.0;0.0;0.0;2622.0


8.3;0.0;0.0;0.0;2622.0


8.3;0.0;0.0;0.0;2622.0


4.2;0.1;0.0;0.0;2622.0


1.4;0.3;0.0;0.0;2622.0


5.2;224.8;9.6;0.0;2622.0


9.5;1266.5;55.6;0.0;2622.0


8.3;1.0;0.3;0.0;2622.0


8.3;0.0;0.0;0.0;2622.0


8.4;0.0;0.0;0.0;2622.0


8.4;0.0;0.0;0.0;2622.0


8.3;0.0;0.0;0.0;2622.0


8.3;0.0;0.0;0.0;2622.0


8.3;0.0;0.0;0.0;2622.0


8.3;0.0;0.0;0.0;2622.0


8.4;0.0;0.0;0.0;2622.0


8.3;0.0;0.0;0.0;2622.0


8.4;0.0;0.0;0.0;2622.0


8.4;0.0;0.0;0.0;2622.0


8.4;0.0;0.0;0.0;2622.0


8.4;0.0;0.0;0.0;2622.0


8.4;0.0;0.0;0.0;2622.0


8.4;0.0;0.0;0.0;2622.0


8.3;0.0;0.0;0.0;2622.0


8.4;0.0;0.0;0.0;2622.0


8.3;0.0;0.0;0.0;2622.0


8.3;0.0;0.0;0.0;2622.0


8.4;1.0;0.3;0.0;2622.0


8.3;0.0;0.0;0.0;2622.0


8.4;0.0;0.0;0.0;2622.0


8.3;0.0;0.0;0.0;2622.0


8.3;0.0;0.0;0.0;2622.0


8.4;0.0;0.0;0.0;2622.0


8.3;0.0;0.0;0.0;2622.0


8.4;0.0;0.0;0.0;2622.0


8.3;0.0;0.0;0.0;2622.0


8.4;0.0;0.0;0.0;2622.0


8.3;0.0;0.0;0.0;2626.0


8.4;0.0;0.0;42.0;2626.0


8.4;0.0;0.0;44.0;2626.0


8.3;0.0;0.0;47.0;2626.0


8.3;0.0;0.0;47.0;2626.0


8.3;0.0;0.0;47.0;2626.0


8.3;0.0;0.0;48.0;2626.0


8.3;0.0;0.0;47.0;2626.0


8.4;0.0;0.0;48.0;2626.0


8.3;0.0;0.0;48.0;2626.0


8.3;0.0;0.0;47.0;2626.0


8.3;0.0;0.0;48.0;2626.0


8.3;0.0;0.0;47.0;2626.0


8.3;0.0;0.0;48.0;2626.0


0.0;3.6;0.2;0.0;2626.0


0.0;0.3;0.0;0.0;2626.0


7.2;1239.6;54.2;0.0;2626.0


8.4;252.6;11.3;0.0;2626.0


8.4;0.0;0.0;0.0;2626.0


8.4;0.0;0.0;0.0;2626.0


8.4;0.0;0.0;0.0;2626.0


8.4;0.0;0.0;0.0;2626.0


8.3;0.0;0.0;0.0;2626.0


8.3;0.0;0.0;0.0;2626.0


8.3;0.0;0.0;0.0;2626.0


8.3;0.0;0.0;0.0;2626.0


8.4;0.0;0.0;0.0;2626.0


8.3;0.0;0.0;0.0;2626.0


8.4;0.0;0.0;0.0;2626.0


8.3;0.0;0.0;0.0;2626.0


8.3;0.0;0.0;0.0;2626.0


8.4;0.0;0.0;0.0;2626.0


8.3;0.0;0.0;0.0;2626.0


8.4;0.0;0.0;0.0;2626.0


8.4;0.0;0.0;0.0;2626.0


8.4;0.0;0.0;0.0;2626.0


8.3;0.0;0.0;0.0;2626.0


8.3;0.0;0.0;0.0;2626.0


0.0;0.4;0.0;0.0;2626.0


5.9;177.1;7.5;0.0;2626.0


9.4;1314.2;57.7;0.0;2626.0


8.3;1.0;0.3;1.0;2626.0


8.3;0.0;0.0;1.0;2626.0


8.4;0.0;0.0;1.0;2626.0


8.3;0.0;0.0;0.0;2626.0


8.4;0.0;0.0;0.0;2626.0


8.3;0.0;0.0;0.0;2626.0


8.3;0.0;0.0;0.0;2626.0


8.3;0.0;0.0;0.0;2626.0


8.3;0.0;0.0;1.0;2626.0


8.4;0.0;0.0;1.0;2626.0


8.3;0.0;0.0;0.0;2626.0


8.4;0.0;0.0;0.0;2626.0


8.3;0.0;0.0;0.0;2626.0


8.3;0.0;0.0;0.0;2626.0


8.4;0.0;0.0;0.0;2626.0


8.4;0.0;0.0;0.0;2626.0


8.4;0.0;0.0;1.0;2626.0


8.3;0.0;0.0;0.0;2626.0


8.3;0.0;0.0;0.0;2626.0


8.3;0.0;0.0;0.0;2626.0


8.3;1.0;0.3;0.0;2626.0


8.4;0.0;0.0;0.0;2626.0


8.3;0.0;0.0;1.0;2626.0


8.4;0.0;0.0;1.0;2626.0


8.3;0.0;0.0;0.0;2626.0


8.3;0.0;0.0;0.0;2626.0


8.4;0.0;0.0;1.0;2626.0


8.3;0.0;0.0;0.0;2626.0


8.4;0.0;0.0;0.0;2626.0


8.4;0.0;0.0;0.0;2626.0


8.3;0.0;0.0;1.0;2626.0


8.3;0.0;0.0;53.0;2626.0


49.7;0.0;0.0;38.0;2626.0


8.3;0.0;0.0;47.0;2626.0


8.4;0.0;0.0;47.0;2626.0


8.3;0.0;0.0;47.0;2626.0


8.4;0.0;0.0;47.0;2626.0


8.3;0.0;0.0;48.0;2626.0


8.3;0.0;0.0;47.0;2626.0


8.4;0.0;0.0;48.0;2626.0


8.3;0.0;0.0;48.0;2626.0


8.4;0.0;0.0;48.0;2626.0


8.3;0.0;0.0;47.0;2626.0


8.4;0.0;0.0;48.0;2626.0


0.0;3.7;0.3;8.0;2626.0


0.0;0.3;0.0;0.0;2626.0


8.4;526.0;22.9;0.0;2626.0


8.3;965.1;42.4;0.0;2626.0


8.3;1.0;0.3;0.0;2626.0


8.3;0.0;0.0;0.0;2626.0


8.3;0.0;0.0;0.0;2626.0


8.4;0.0;0.0;0.0;2626.0


8.3;0.0;0.0;0.0;2626.0


8.3;0.0;0.0;0.0;2626.0


8.3;0.0;0.0;0.0;2626.0


8.3;0.0;0.0;0.0;2626.0


8.3;0.0;0.0;0.0;2626.0


8.3;0.0;0.0;0.0;2626.0


8.4;0.0;0.0;0.0;2626.0


8.3;0.0;0.0;0.0;2626.0


8.4;0.0;0.0;0.0;2626.0


8.4;0.0;0.0;0.0;2626.0


8.3;0.0;0.0;0.0;2626.0


8.4;0.0;0.0;0.0;2626.0


8.4;0.0;0.0;0.0;2626.0


8.4;0.0;0.0;0.0;2626.0


8.3;0.0;0.0;0.0;2626.0


8.3;0.0;0.0;0.0;2626.0


0.0;0.1;0.0;0.0;2626.0


0.0;0.3;0.0;0.0;2626.0


7.2;521.8;22.6;0.0;2626.0


8.3;970.6;42.6;0.0;2626.0


8.4;1.0;0.3;0.0;2626.0


8.4;0.0;0.0;0.0;2626.0


8.3;0.0;0.0;0.0;2626.0


8.4;0.0;0.0;0.0;2626.0


8.3;0.0;0.0;0.0;2626.0


8.4;0.0;0.0;0.0;2626.0


8.4;0.0;0.0;0.0;2626.0


8.4;0.0;0.0;0.0;2626.0


8.4;0.0;0.0;0.0;2626.0


8.3;0.0;0.0;0.0;2626.0


8.4;0.0;0.0;0.0;2626.0


8.3;0.0;0.0;0.0;2626.0


8.3;0.0;0.0;0.0;2626.0


8.3;0.0;0.0;0.0;2626.0


8.3;0.0;0.0;0.0;2626.0


8.3;0.0;0.0;0.0;2626.0


8.3;0.0;0.0;0.0;2626.0


8.3;0.0;0.0;0.0;2626.0


8.3;0.0;0.0;0.0;2626.0


8.3;0.0;0.0;0.0;2626.0


8.3;1.0;0.3;0.0;2626.0


8.3;0.0;0.0;0.0;2626.0


8.4;0.0;0.0;0.0;2626.0


8.3;0.0;0.0;0.0;2626.0


8.3;0.0;0.0;0.0;2626.0


8.4;0.0;0.0;0.0;2626.0


8.3;0.0;0.0;0.0;2626.0


8.4;0.0;0.0;0.0;2626.0


8.4;0.0;0.0;0.0;2626.0


8.3;0.0;0.0;0.0;2626.0


8.3;0.0;0.0;0.0;2626.0


8.4;0.0;0.0;42.0;3264.0


26.0;0.0;0.0;47.0;3264.0


8.3;0.0;0.0;47.0;3264.0


8.4;0.0;0.0;47.0;3264.0


8.3;0.0;0.0;46.0;3264.0


8.4;0.0;0.0;47.0;3264.0


8.4;0.0;0.0;47.0;3264.0


8.3;0.0;0.0;47.0;3264.0


8.4;0.0;0.0;47.0;3264.0


8.3;0.0;0.0;46.0;3264.0


8.4;0.0;0.0;45.0;3264.0


8.4;0.0;0.0;47.0;3264.0


8.4;0.0;0.0;47.0;3264.0


