8.3;0.3;0.0;0.0;491.0


8.3;128.1;7.6;0.0;491.0


8.3;93.6;7.4;0.0;491.0


3.1;83.8;8.3;0.0;491.0


0.0;0.3;0.0;0.0;491.0


4.2;28.4;1.0;0.0;491.0


9.7;2.3;0.2;5.0;632.0


8.4;0.0;0.0;5.0;758.0


8.4;0.0;0.0;7.0;906.0


8.4;0.0;0.0;7.0;1034.0


8.4;0.2;0.0;5.0;1174.0


8.4;70.2;67.7;3.0;1280.0


8.3;84.8;353.6;19.0;1820.0


49.9;0.0;0.0;71.0;2066.0


0.0;0.1;0.0;0.0;2066.0


0.0;0.3;0.0;0.0;2066.0


8.3;861.4;37.7;0.0;2066.0


8.4;629.5;27.9;0.0;2066.0


8.3;0.0;0.0;0.0;2066.0


8.4;0.0;0.0;0.0;2066.0


8.4;0.0;0.0;0.0;2066.0


8.3;0.0;0.0;0.0;2066.0


8.4;0.0;0.0;0.0;2066.0


8.3;0.0;0.0;0.0;2066.0


8.4;0.0;0.0;0.0;2066.0


8.4;0.0;0.0;0.0;2066.0


8.4;0.0;0.0;0.0;2066.0


8.4;0.0;0.0;0.0;2066.0


8.3;0.0;0.0;0.0;2066.0


8.4;0.0;0.0;0.0;2066.0


8.3;0.0;0.0;0.0;2066.0


8.4;0.0;0.0;0.0;2066.0


8.3;0.0;0.0;0.0;2066.0


8.3;0.0;0.0;0.0;2066.0


8.4;0.0;0.0;0.0;2066.0


8.3;0.0;0.0;0.0;2066.0


8.3;0.0;0.0;0.0;2066.0


8.3;0.0;0.0;0.0;2066.0


0.0;0.1;0.0;0.0;2066.0


0.0;0.3;0.0;0.0;2066.0


6.9;1203.6;52.6;0.0;2066.0


8.4;289.2;12.9;0.0;2066.0


8.4;0.0;0.0;0.0;2066.0


8.4;0.0;0.0;0.0;2066.0


8.4;0.0;0.0;0.0;2066.0


8.3;0.0;0.0;0.0;2066.0


8.4;0.0;0.0;0.0;2066.0


8.4;0.0;0.0;0.0;2066.0


8.4;0.0;0.0;0.0;2066.0


8.3;0.0;0.0;0.0;2066.0


8.3;0.0;0.0;0.0;2066.0


8.3;0.0;0.0;0.0;2066.0


8.3;0.0;0.0;0.0;2066.0


8.3;0.0;0.0;0.0;2066.0


8.3;0.0;0.0;0.0;2066.0


8.4;0.0;0.0;0.0;2066.0


8.4;0.0;0.0;0.0;2066.0


8.3;0.0;0.0;0.0;2066.0


8.4;0.0;0.0;0.0;2066.0


8.3;0.0;0.0;0.0;2066.0


8.4;0.0;0.0;0.0;2066.0


8.4;1.0;0.3;0.0;2066.0


8.3;0.0;0.0;0.0;2066.0


8.4;0.0;0.0;0.0;2066.0


8.3;0.0;0.0;0.0;2066.0


8.4;0.0;0.0;0.0;2066.0


8.3;0.0;0.0;0.0;2066.0


8.4;0.0;0.0;0.0;2066.0


8.3;0.0;0.0;0.0;2066.0


8.3;0.0;0.0;0.0;2066.0


8.4;0.0;0.0;0.0;2066.0


8.3;0.0;0.0;0.0;2066.0


8.3;0.2;0.0;36.0;2082.0


49.7;0.0;0.0;47.0;2714.0


8.3;0.0;0.0;47.0;2714.0


8.3;0.0;0.0;46.0;2714.0


8.3;0.0;0.0;47.0;2714.0


8.4;0.0;0.0;47.0;2714.0


8.4;0.0;0.0;48.0;2714.0


8.3;0.0;0.0;48.0;2714.0


8.4;0.0;0.0;48.0;2714.0


8.3;0.0;0.0;47.0;2714.0


8.4;0.0;0.0;48.0;2714.0


8.3;0.0;0.0;48.0;2714.0


8.4;0.0;0.0;47.0;2714.0


0.0;3.8;0.3;20.0;2714.0


0.0;0.3;0.0;0.0;2714.0


8.3;570.2;24.8;0.0;2714.0


8.3;920.8;40.4;0.0;2714.0


8.3;1.0;0.3;0.0;2714.0


8.3;0.0;0.0;0.0;2714.0


8.4;0.0;0.0;0.0;2714.0


8.4;0.0;0.0;0.0;2714.0


8.3;0.0;0.0;0.0;2714.0


8.4;0.0;0.0;0.0;2714.0


8.3;0.0;0.0;0.0;2714.0


8.4;0.0;0.0;0.0;2714.0


8.4;0.0;0.0;0.0;2714.0


8.3;0.0;0.0;0.0;2714.0


8.4;0.0;0.0;0.0;2714.0


8.3;0.0;0.0;0.0;2714.0


8.4;0.0;0.0;0.0;2714.0


8.3;0.0;0.0;0.0;2714.0


8.4;0.0;0.0;0.0;2714.0


8.3;0.0;0.0;0.0;2714.0


8.3;0.0;0.0;0.0;2714.0


8.4;0.0;0.0;0.0;2714.0


8.3;0.0;0.0;0.0;2714.0


8.3;0.0;0.0;0.0;2714.0


0.0;0.1;0.0;0.0;2714.0


0.0;0.3;0.0;0.0;2714.0


9.6;566.7;24.6;0.0;2714.0


8.3;924.6;40.6;0.0;2714.0


8.4;1.0;0.3;0.0;2714.0


8.4;0.0;0.0;0.0;2714.0


8.3;0.0;0.0;0.0;2714.0


8.4;0.0;0.0;0.0;2714.0


8.3;0.0;0.0;0.0;2714.0


8.4;0.0;0.0;1.0;2714.0


8.3;0.0;0.0;1.0;2714.0


8.3;0.0;0.0;0.0;2714.0


8.3;0.0;0.0;1.0;2714.0


8.4;0.0;0.0;0.0;2714.0


8.3;0.0;0.0;0.0;2714.0


8.3;0.0;0.0;0.0;2714.0


8.3;0.0;0.0;1.0;2714.0


8.3;0.0;0.0;0.0;2714.0


8.4;0.0;0.0;0.0;2714.0


8.4;0.0;0.0;1.0;2714.0


8.3;0.0;0.0;0.0;2714.0


8.4;0.0;0.0;0.0;2714.0


8.3;0.0;0.0;0.0;2714.0


8.4;0.0;0.0;1.0;2714.0


8.4;1.0;0.3;0.0;2714.0


8.3;0.0;0.0;0.0;2714.0


8.4;0.0;0.0;1.0;2714.0


8.3;0.0;0.0;0.0;2714.0


8.4;0.0;0.0;0.0;2714.0


8.3;0.0;0.0;0.0;2714.0


8.4;0.0;0.0;1.0;2714.0


8.3;0.0;0.0;0.0;2714.0


8.3;0.0;0.0;0.0;2714.0


8.4;0.0;0.0;1.0;2714.0


8.3;0.0;0.0;68.0;2720.0


8.3;0.0;0.0;43.0;2912.0


49.7;0.0;0.0;41.0;3364.0


8.3;0.0;0.0;48.0;3364.0


8.4;0.0;0.0;47.0;3364.0


8.3;0.0;0.0;47.0;3364.0


8.4;0.0;0.0;48.0;3364.0


8.4;0.0;0.0;46.0;3364.0


8.3;0.0;0.0;47.0;3364.0


8.4;0.0;0.0;47.0;3364.0


8.3;0.0;0.0;47.0;3364.0


8.4;0.0;0.0;48.0;3364.0


8.3;0.0;0.0;48.0;3364.0


8.3;0.0;0.0;47.0;3364.0


0.0;3.8;0.3;0.0;3364.0


0.0;0.3;0.0;0.0;3364.0


9.4;569.8;24.8;0.0;3364.0


8.3;921.0;40.5;0.0;3364.0


8.3;1.0;0.3;0.0;3364.0


8.3;0.0;0.0;0.0;3364.0


8.4;0.0;0.0;0.0;3364.0


8.4;0.0;0.0;0.0;3364.0


8.3;0.0;0.0;0.0;3364.0


8.4;0.0;0.0;0.0;3364.0


8.3;0.0;0.0;0.0;3364.0


8.4;0.0;0.0;0.0;3364.0


8.4;0.0;0.0;0.0;3364.0


8.3;0.0;0.0;0.0;3364.0


8.4;0.0;0.0;0.0;3364.0


8.3;0.0;0.0;0.0;3364.0


8.4;0.0;0.0;0.0;3364.0


8.3;0.0;0.0;0.0;3364.0


8.4;0.0;0.0;0.0;3364.0


8.4;0.0;0.0;0.0;3364.0


8.3;0.0;0.0;0.0;3364.0


8.3;0.0;0.0;0.0;3364.0


8.3;0.0;0.0;0.0;3364.0


8.3;0.0;0.0;0.0;3364.0


0.0;0.1;0.0;0.0;3364.0


0.0;0.3;0.0;0.0;3364.0


9.6;910.0;39.7;0.0;3364.0


8.3;582.2;25.8;0.0;3364.0


8.4;0.0;0.0;0.0;3364.0


8.4;0.0;0.0;0.0;3364.0


8.4;0.0;0.0;0.0;3364.0


8.4;0.0;0.0;0.0;3364.0


8.3;0.0;0.0;0.0;3364.0


8.4;0.0;0.0;0.0;3364.0


8.3;0.0;0.0;0.0;3364.0


8.3;0.0;0.0;0.0;3364.0


8.3;0.0;0.0;0.0;3364.0


8.3;0.0;0.0;0.0;3364.0


8.3;0.0;0.0;0.0;3364.0


8.3;0.0;0.0;0.0;3364.0


8.3;0.0;0.0;0.0;3364.0


8.4;0.0;0.0;0.0;3364.0


8.3;0.0;0.0;0.0;3364.0


8.4;0.0;0.0;0.0;3364.0


8.3;0.0;0.0;0.0;3364.0


8.4;0.0;0.0;0.0;3364.0


8.3;0.0;0.0;0.0;3364.0


8.4;0.0;0.0;0.0;3364.0


8.4;1.0;0.3;0.0;3364.0


8.3;0.0;0.0;0.0;3364.0


8.4;0.0;0.0;0.0;3364.0


8.3;0.0;0.0;0.0;3364.0


8.3;0.0;0.0;0.0;3364.0


8.3;0.0;0.0;0.0;3364.0


8.4;0.0;0.0;0.0;3364.0


8.4;0.0;0.0;0.0;3364.0


8.3;0.0;0.0;0.0;3364.0


8.3;0.0;0.0;0.0;3364.0


8.3;0.0;0.0;40.0;3366.0


26.0;0.0;0.0;39.0;3366.0


8.4;0.0;0.0;46.0;3366.0


8.3;0.0;0.0;47.0;3366.0


8.4;0.0;0.0;47.0;3366.0


8.3;0.0;0.0;47.0;3366.0


8.4;0.0;0.0;48.0;3366.0


8.4;0.0;0.0;48.0;3366.0


8.4;0.0;0.0;48.0;3366.0


8.4;0.0;0.0;48.0;3366.0


8.3;0.0;0.0;48.0;3366.0


8.4;0.0;0.0;47.0;3366.0


8.3;0.0;0.0;47.0;3366.0


8.3;3.8;0.3;28.0;3366.0


1.4;0.3;0.0;0.0;3366.0


7.1;180.0;7.6;0.0;3366.0


8.3;1312.0;57.6;0.0;3366.0


8.3;1.0;0.3;0.0;3366.0


8.3;0.0;0.0;0.0;3366.0


8.4;0.0;0.0;0.0;3366.0


8.3;0.0;0.0;0.0;3366.0


8.4;0.0;0.0;0.0;3366.0


8.3;0.0;0.0;0.0;3366.0


8.4;0.0;0.0;0.0;3366.0


8.3;0.0;0.0;0.0;3366.0


8.4;0.0;0.0;0.0;3366.0


8.4;0.0;0.0;0.0;3366.0


8.3;0.0;0.0;0.0;3366.0


8.4;0.0;0.0;0.0;3366.0


8.3;0.0;0.0;0.0;3366.0


8.4;0.0;0.0;0.0;3366.0


8.3;0.0;0.0;0.0;3366.0


8.4;0.0;0.0;1.0;3366.0


8.4;0.0;0.0;1.0;3366.0


8.3;0.0;0.0;0.0;3366.0


8.3;0.0;0.0;0.0;3366.0


8.3;0.0;0.0;0.0;3366.0


1.2;0.1;0.0;0.0;3366.0


0.0;0.3;0.0;0.0;3366.0


9.5;559.3;24.3;1.0;3366.0


8.4;931.4;40.9;1.0;3366.0


8.4;1.0;0.3;0.0;3366.0


8.4;0.0;0.0;0.0;3366.0


8.4;0.0;0.0;0.0;3366.0


8.4;0.0;0.0;0.0;3366.0


8.4;0.0;0.0;0.0;3366.0


8.3;0.0;0.0;1.0;3366.0


8.4;0.0;0.0;1.0;3366.0


8.3;0.0;0.0;0.0;3366.0


8.3;0.0;0.0;1.0;3366.0


8.4;0.0;0.0;0.0;3366.0


8.3;0.0;0.0;0.0;3366.0


8.4;0.0;0.0;0.0;3366.0


8.3;0.0;0.0;1.0;3366.0


8.3;0.0;0.0;0.0;3366.0


8.4;0.0;0.0;1.0;3366.0


8.3;0.0;0.0;1.0;3366.0


8.4;0.0;0.0;0.0;3366.0


8.3;0.0;0.0;0.0;3366.0


8.4;0.0;0.0;0.0;3366.0


8.3;0.0;0.0;0.0;3366.0


8.3;1.0;0.3;0.0;3366.0


8.4;0.0;0.0;1.0;3366.0


8.3;0.0;0.0;1.0;3366.0


8.3;0.0;0.0;0.0;3366.0


8.3;0.0;0.0;1.0;3366.0


8.3;0.0;0.0;0.0;3366.0


8.3;0.0;0.0;0.0;3366.0


8.4;0.0;0.0;0.0;3366.0


8.4;0.0;0.0;1.0;3366.0


8.3;0.0;0.0;1.0;3366.0


8.4;0.0;0.0;66.0;3366.0


8.3;0.0;0.0;45.0;3366.0


13.5;0.0;0.0;43.0;3366.0


8.4;0.0;0.0;47.0;3366.0


8.3;0.0;0.0;46.0;3366.0


8.4;0.0;0.0;47.0;3366.0


8.4;0.0;0.0;48.0;3366.0


8.4;0.0;0.0;48.0;3366.0


8.4;0.0;0.0;48.0;3366.0


8.4;0.0;0.0;48.0;3366.0


8.4;0.0;0.0;48.0;3366.0


8.3;0.0;0.0;48.0;3366.0


8.3;0.0;0.0;48.0;3366.0


8.3;0.0;0.0;47.0;3366.0


