50.2;116.0;158.6;0.0
72.3;155.0;93.4;0.0
0.0;156.4;4.1;0.0
10.8;160.1;24.9;0.0
46.6;162.8;0.0;0.0
50.3;163.1;0.0;0.0
49.9;163.1;0.0;0.0
50.0;163.1;0.0;0.0
52.5;163.1;0.0;0.0
49.5;163.1;0.0;0.0
48.6;163.1;0.0;0.0
51.0;163.1;0.0;0.0
48.6;164.2;0.0;0.0
5.0;164.2;2.3;0.0
24.2;164.3;14.9;0.0
50.0;164.3;0.0;0.0
48.6;164.3;0.0;0.0
53.9;164.3;0.0;0.0
54.9;164.8;1.3;0.0
5.0;165.3;32.3;0.0
90.2;172.2;9.1;0.0
47.0;172.2;0.0;0.0
54.6;172.2;0.0;0.0
45.5;250.4;666.0;4.0
51.5;275.0;1117.7;0.0
49.2;281.9;2.0;68.0
51.5;281.9;0.7;212.0
50.2;187.4;0.6;116.0
