45.0;100.9;69.6;0.0
55.0;114.2;89.0;0.0
84.9;138.4;55.2;0.0
39.5;156.0;40.1;0.0
0.0;156.0;0.0;0.0
0.0;156.0;0.0;0.0
0.0;156.0;0.1;0.0
0.0;156.0;0.0;0.0
0.0;156.0;1.1;0.0
0.0;156.0;0.0;0.0
0.0;156.0;0.7;0.0
0.0;156.0;0.0;0.0
0.0;156.0;0.4;0.0
0.0;156.0;0.0;0.0
0.0;156.0;0.4;0.0
0.0;156.0;0.0;0.0
0.0;156.0;0.4;0.0
0.0;156.0;0.0;0.0
5.0;156.0;0.5;0.0
0.0;156.0;0.0;0.0
0.0;156.0;0.5;0.0
0.0;156.0;0.0;0.0
46.9;160.8;0.9;0.0
35.0;160.8;0.0;0.0
0.0;160.8;0.0;0.0
0.0;160.8;0.1;0.0
0.0;160.8;0.0;0.0
0.0;160.8;1.3;0.0
0.0;160.8;0.0;0.0
0.0;160.8;0.7;0.0
0.0;160.8;0.0;0.0
0.0;160.8;0.4;0.0
0.0;160.8;0.0;0.0
0.0;160.8;0.5;0.0
0.0;160.8;0.0;0.0
0.0;160.8;0.5;0.0
0.0;160.8;0.0;0.0
0.0;160.8;0.4;0.0
0.0;160.8;0.0;0.0
33.5;161.1;0.4;0.0
39.2;161.1;0.0;0.0
59.9;161.1;1.1;0.0
10.0;161.1;0.0;0.0
0.0;161.1;0.2;0.0
0.0;161.1;0.0;0.0
0.0;161.1;2.6;0.0
0.0;161.1;0.0;0.0
0.0;161.1;1.4;0.0
0.0;161.1;0.0;0.0
5.0;161.1;1.0;0.0
0.0;161.1;0.0;0.0
0.0;161.1;0.7;0.0
0.0;161.1;0.0;0.0
0.0;161.1;0.9;0.0
0.0;161.1;0.0;0.0
0.0;161.1;1.1;0.0
0.0;161.1;0.0;0.0
9.7;161.6;1.2;0.0
70.0;162.1;0.0;0.0
14.9;162.4;0.6;0.0
51.3;183.6;53.8;4.0
49.2;277.1;1134.4;68.0
49.0;277.1;0.6;192.0
52.4;277.1;0.6;192.0
50.0;184.9;0.3;20.0
