47.5;96.6;60.9;0.0
53.0;116.1;112.6;0.0
81.8;138.8;55.1;0.0
40.0;156.2;40.1;0.0
0.0;156.2;0.0;0.0
0.0;156.2;0.1;0.0
0.0;156.2;0.0;0.0
0.0;156.2;0.4;0.0
0.0;156.2;0.8;0.0
0.0;156.2;0.0;0.0
0.0;156.2;0.7;0.0
0.0;156.2;0.0;0.0
0.0;156.2;0.6;0.0
0.0;156.2;0.6;0.0
0.0;156.2;0.0;0.0
0.0;156.2;0.3;0.0
0.0;156.2;0.1;0.0
0.0;156.2;0.4;0.0
0.0;156.2;0.1;0.0
0.0;156.2;0.4;0.0
0.0;156.2;0.1;0.0
0.0;156.2;0.4;0.0
49.4;160.0;0.2;0.0
49.1;160.3;0.0;0.0
51.5;160.8;0.3;0.0
34.9;160.8;0.0;0.0
0.0;160.8;0.0;0.0
0.0;160.8;0.1;0.0
0.0;160.8;0.0;0.0
0.0;160.8;1.2;0.0
0.0;160.8;0.0;0.0
0.0;160.8;0.7;0.0
0.0;160.8;0.0;0.0
0.0;160.8;0.4;0.0
0.0;160.8;0.0;0.0
0.0;160.8;0.3;0.0
0.0;160.8;0.0;0.0
0.0;160.8;0.4;0.0
0.0;160.8;0.0;0.0
0.0;160.8;0.6;0.0
0.0;160.8;0.0;0.0
28.9;161.0;0.7;0.0
50.6;161.0;0.0;0.0
52.2;161.0;1.1;0.0
0.0;161.0;0.0;0.0
0.0;161.0;0.2;0.0
0.0;161.0;0.0;0.0
0.0;161.0;2.5;0.0
0.0;161.0;0.0;0.0
0.0;161.0;1.4;0.0
0.0;161.0;0.0;0.0
0.0;161.0;1.0;0.0
0.0;161.0;0.0;0.0
5.0;161.0;0.9;0.0
0.0;161.0;0.0;0.0
0.0;161.0;1.0;0.0
0.0;161.0;0.0;0.0
0.0;161.0;0.8;0.0
0.0;161.0;0.0;0.0
19.1;161.5;1.1;0.0
55.0;161.9;0.0;0.0
24.9;163.9;7.5;4.0
43.2;200.4;43.8;0.0
52.8;245.3;555.7;0.0
50.8;276.4;575.7;68.0
50.4;246.1;1.5;392.0
