49.3;90.7;41.0;0.0
48.2;116.3;136.9;0.0
69.9;155.0;93.3;0.0
0.0;156.4;1.9;0.0
0.0;156.4;0.0;0.0
0.0;156.4;0.1;0.0
0.0;156.4;0.0;0.0
5.0;156.4;1.3;0.0
0.0;156.4;0.0;0.0
0.0;156.4;0.7;0.0
0.0;156.4;0.0;0.0
0.0;156.4;0.7;0.0
0.0;156.4;0.0;0.0
0.0;156.4;0.4;0.0
0.0;156.4;0.0;0.0
0.0;156.4;0.5;0.0
0.0;156.4;0.0;0.0
0.0;156.4;0.5;0.0
0.0;156.4;0.0;0.0
0.0;156.4;0.6;0.0
0.0;156.4;0.0;0.0
29.5;160.4;0.4;0.0
54.0;160.4;0.0;0.0
50.0;160.6;0.0;0.0
51.3;161.2;0.3;0.0
0.0;161.2;0.0;0.0
0.0;161.2;0.1;0.0
0.0;161.2;0.0;0.0
0.0;161.2;0.0;0.0
0.0;161.2;1.3;0.0
0.0;161.2;0.0;0.0
0.0;161.2;0.7;0.0
0.0;161.2;0.0;0.0
0.0;161.2;0.6;0.0
0.0;161.2;0.0;0.0
0.0;161.2;0.4;0.0
0.0;161.2;0.0;0.0
0.0;161.2;0.5;0.0
0.0;161.2;0.0;0.0
0.0;161.2;0.6;0.0
0.0;161.2;0.0;0.0
32.5;161.5;0.6;0.0
55.0;161.5;0.0;0.0
39.9;161.5;1.1;0.0
0.0;161.5;0.0;0.0
0.0;161.5;0.0;0.0
0.0;161.5;0.2;0.0
0.0;161.5;0.0;0.0
0.0;161.5;2.5;0.0
0.0;161.5;0.0;0.0
5.0;161.5;1.4;0.0
0.0;161.5;0.0;0.0
0.0;161.5;1.0;0.0
0.0;161.5;0.0;0.0
0.0;161.5;0.8;0.0
0.0;161.5;0.0;0.0
0.0;161.5;0.8;0.0
0.0;161.5;0.0;0.0
0.0;161.5;0.9;0.0
0.0;161.5;0.0;0.0
44.9;162.5;1.2;0.0
29.9;162.5;0.0;0.0
28.9;167.8;15.3;4.0
49.6;214.9;38.5;0.0
48.9;245.9;555.7;0.0
49.8;245.9;326.4;0.0
49.7;276.4;247.5;0.0
49.9;276.9;2.0;132.0
49.5;276.9;0.6;192.0
49.9;246.6;0.5;116.0
54.6;184.4;0.0;0.0
