0.0;10518528;0
0.0;10518528;0
0.0;10518528;0
0.0;10518528;0
50.4;11071488;0
182.8;12349440;0
43.0;14360576;0
129.0;15142912;0
199.5;15171584;0
116.4;16551936;0
172.0;16576512;0
86.0;17174528;0
149.6;17145856;0
100.8;18001920;0
142.0;17985536;0
99.7;18968576;0
116.4;18968576;0
114.7;19812352;0
142.0;19787776;0
134.4;20697088;0
133.0;20709376;0
143.3;21790720;0
133.0;21757952;0
168.0;22806528;0
116.4;22802432;0
172.0;23584768;0
99.7;23568384;0
199.5;24510464;0
85.2;24481792;0
200.7;25395200;0
57.3;26226688;0
184.7;26222592;0
33.6;27209728;0
199.5;27209728;0
66.5;28172288;0
156.2;28205056;0
67.2;29110272;0
199.5;29110272;0
166.2;30490624;0
133.0;31674368;0
127.8;31641600;0
129.0;32542720;0
199.5;32591872;161
99.7;32964608;337
143.3;33796096;0
142.0;33796096;0
143.3;34725888;0
83.1;34693120;0
168.0;35532800;0
49.9;35639296;0
199.5;36593664;0
67.2;36564992;0
199.5;37634048;0
57.3;38457344;0
199.5;38445056;0
71.7;39440384;0
157.7;39411712;0
83.1;40312832;0
151.2;40284160;0
116.4;41259008;0
143.3;41226240;0
116.4;42180608;0
117.6;42151936;0
149.6;43053056;0
129.0;43102208;0
157.7;43941888;0
116.4;43913216;0
216.1;56369152;0
133.0;56336384;0
215.0;76173312;0
232.7;108949504;0
268.8;133271552;0
182.8;156819456;0
299.2;172285952;0
170.5;200187904;0
301.0;225382400;0
216.1;232095744;420
282.6;232693760;768
143.3;233422848;244
184.7;233410560;0
71.7;234270720;0
198.9;234270720;0
86.0;235241472;0
199.5;235208704;0
99.7;236163072;0
168.0;236195840;0
113.6;237101056;0
143.3;237068288;0
133.0;237903872;0
151.2;237875200;0
166.2;238792704;0
114.7;238759936;0
172.0;239648768;0
83.1;239616000;0
215.0;240525312;0
83.1;241008640;0
200.7;241418240;0
129.0;242225152;0
198.9;242225152;0
129.0;243105792;0
172.0;243089408;0
116.4;243924992;0
199.5;243896320;0
149.6;244736000;0
143.3;244707328;0
113.6;245616640;0
168.0;245583872;0
133.0;246423552;0
133.0;246394880;0
166.2;247255040;0
86.0;247222272;0
172.0;248143872;0
85.2;248115200;0
200.7;248983552;0
86.0;249860096;0
198.9;249860096;0
86.0;250667008;0
199.5;250667008;0
114.7;251486208;0
129.0;251453440;0
99.7;252297216;0
134.4;252268544;0
133.0;253169664;0
166.2;253145088;0
166.2;254074880;0
143.3;254042112;0
172.0;254910464;0
56.8;254881792;0
200.7;255807488;0
66.5;256675840;0
198.9;256675840;0
116.4;257474560;0
198.9;257474560;0
129.0;258285568;0
199.5;258256896;0
116.4;259092480;0
151.2;259067904;0
149.6;259907584;0
172.0;259874816;0
113.6;260714496;0
172.0;261099520;0
114.7;261505024;0
249.3;288256000;0
268.8;321724416;0
232.7;347250688;0
149.6;372334592;0
249.3;390565888;0
216.1;416047104;0
268.8;440033280;0
182.8;454004736;0
232.7;269242368;0
43.0;269217792;0
199.5;271626240;0
33.2;271597568;0
200.7;272723968;0
42.6;273801216;0
200.7;273801216;0
86.0;274612224;0
182.8;274583552;0
67.2;275431424;0
199.5;275406848;0
99.7;276283392;0
116.4;276254720;0
133.0;277086208;0
134.4;277057536;0
166.2;277946368;0
99.7;277921792;0
199.5;278745088;0
43.0;279465984;0
198.9;279465984;0
86.0;280322048;0
199.5;280297472;0
86.0;281268224;0
157.7;281796608;0
142.0;282398720;0
143.3;282370048;0
133.0;283078656;0
83.1;283045888;0
166.2;283783168;0
99.7;283754496;0
200.7;284598272;0
84.0;285536256;0
199.5;285536256;0
66.5;286306304;0
151.2;286277632;0
116.4;287125504;0
166.2;287096832;0
149.6;287961088;0
116.4;287936512;0
186.4;288776192;0
71.7;288751616;0
199.5;289198080;0
49.9;290189312;0
200.7;290189312;0
100.3;291016704;0
156.2;290988032;0
129.0;291790848;0
170.5;291766272;0
100.8;292347904;0
100.3;292319232;0
166.2;293150720;0
99.7;293122048;0
184.8;293949440;0
99.7;295223296;0
199.5;295223296;0
66.5;296087552;0
199.5;296087552;0
67.2;296919040;0
149.6;296890368;0
99.7;297762816;0
168.0;297734144;0
133.0;298577920;0
133.0;298549248;0
199.5;310476800;0
99.7;310452224;0
299.2;333565952;0
235.2;366829568;0
282.6;385015808;0
149.6;412241920;0
302.4;425238528;0
200.7;456810496;0
269.9;481538048;0
215.0;486322176;0
133.0;301527040;0
149.6;304197632;0
100.8;304168960;0
184.8;305778688;0
116.4;306692096;0
199.5;306692096;0
67.2;307105792;0
129.0;307073024;0
127.8;307945472;0
129.0;307916800;0
156.2;308756480;0
114.7;308723712;0
215.0;310104064;0
99.7;310075392;0
199.5;310812672;0
33.2;311234560;0
199.5;311201792;0
100.8;311844864;0
166.2;311812096;0
133.0;312496128;0
83.1;312467456;0
170.5;313012224;0
66.5;313819136;0
186.4;313815040;0
57.3;314691584;0
149.6;314662912;0
99.7;315674624;0
168.0;315645952;0
133.0;316227584;0
113.6;316194816;0
199.5;317161472;0
16.6;317976576;0
184.7;317976576;0
71.7;318791680;0
157.7;318763008;0
114.7;319635456;0
99.4;319606784;0
143.3;320540672;0
71.7;320512000;0
216.1;321359872;0
56.8;321585152;0
184.7;322236416;0
57.3;323108864;0
199.5;323080192;0
99.7;323919872;0
168.0;323891200;0
133.0;324755456;0
83.1;324730880;0
172.0;325586944;0
33.6;326057984;0
199.5;326455296;0
33.2;327438336;0
149.6;327409664;0
99.7;328257536;0
116.4;328224768;0
134.4;329072640;0
83.1;329043968;0
199.5;329883648;0
16.6;330047488;0
201.6;330682368;0
33.2;331509760;0
149.6;331476992;0
133.0;339734528;0
258.0;372252672;0
184.7;403816448;0
243.7;427302912;0
235.2;449708032;0
216.1;479285248;0
269.9;508112896;0
157.7;518377472;0
268.8;338243584;0
66.5;338849792;0
156.2;338825216;0
86.0;339959808;0
116.4;339927040;0
133.0;340688896;0
84.0;340660224;0
