0.0;10510336;0
0.0;10510336;0
0.0;10510336;0
49.9;11063296;0
71.7;12021760;0
83.1;13434880;0
83.1;14340096;0
71.7;15273984;0
86.0;16560128;0
66.5;17809408;0
84.0;18624512;0
71.0;19914752;0
71.7;20680704;0
83.1;21446656;0
84.0;22368256;0
85.2;23973888;0
67.2;24444928;0
83.1;25886720;0
86.0;26783744;0
71.0;27910144;0
84.0;28708864;0
66.5;29659136;0
99.7;30310400;0
129.0;31207424;452
83.1;32518144;57
66.5;33439744;0
71.7;34250752;0
86.0;35061760;0
66.5;36016128;0
84.0;36429824;0
66.5;37314560;0
71.7;38031360;0
83.1;38912000;0
67.2;40136704;0
83.1;40873984;0
71.7;41754624;0
57.3;42143744;0
133.0;66977792;0
182.8;103317504;0
249.3;130887680;0
243.7;158748672;0
213.1;180461568;0
268.8;207527936;0
199.5;233558016;0
215.0;232255488;706
284.1;233041920;726
67.2;233984000;0
149.6;234934272;0
83.1;235765760;0
134.4;236580864;0
199.5;236580864;0
100.3;237510656;0
116.4;238403584;0
201.6;238403584;0
66.5;239292416;0
143.3;239788032;0
66.5;240304128;0
133.0;240693248;0
99.7;241537024;0
143.3;242012160;0
133.0;242880512;0
149.6;243322880;0
100.8;244219904;0
182.8;245047296;0
86.0;245551104;0
166.2;246468608;0
84.0;246435840;0
216.1;247414784;0
133.0;247808000;0
172.0;248745984;0
85.2;248721408;0
166.2;250048512;0
83.1;250986496;0
168.0;251375616;0
99.4;252264448;0
200.7;252264448;0
49.9;253161472;0
184.7;253149184;0
66.5;254103552;0
199.5;254091264;0
100.8;254992384;0
113.6;255381504;0
143.3;256286720;0
99.7;256778240;0
149.6;257716224;0
149.6;257687552;0
129.0;258662400;0
100.3;259096576;0
182.8;259919872;0
100.8;259887104;0
166.2;260767744;0
57.3;261263360;0
166.2;262475776;0
149.6;266366976;0
268.8;296751104;0
269.9;325853184;0
243.7;353157120;0
301.0;378916864;0
182.8;404684800;0
232.7;430096384;0
216.1;454475776;0
235.2;308015104;0
199.5;267890688;0
66.5;269283328;0
172.0;269819904;0
142.0;270692352;0
129.0;271151104;0
149.6;272097280;0
84.0;272498688;0
133.0;273342464;0
149.6;273313792;0
151.2;274071552;0
113.6;274042880;0
216.1;274878464;0
99.4;274853888;0
215.0;275767296;0
71.7;276606976;0
166.2;277024768;0
157.7;278171648;0
129.0;278560768;0
113.6;279388160;0
133.0;279773184;0
99.7;280596480;0
114.7;280973312;0
157.7;281866240;0
99.4;282271744;0
129.0;283082752;0
57.3;283598848;0
170.5;284508160;0
71.7;285339648;0
200.7;285339648;0
66.5;286146560;0
201.6;286146560;0
66.5;287010816;0
199.5;286998528;0
100.8;287817728;0
170.5;288649216;0
157.7;288616448;0
113.6;289456128;0
143.3;289427456;0
143.3;290291712;0
116.4;290263040;0
114.7;291221504;0
215.0;292048896;0
113.6;292515840;0
166.2;293421056;0
66.5;294420480;0
143.3;294813696;0
71.7;295690240;0
198.9;295677952;0
129.0;296546304;0
143.3;296517632;0
113.6;297406464;0
166.2;297381888;0
199.5;308649984;0
218.4;346738688;0
299.2;374673408;0
199.5;401489920;0
252.0;423936000;0
232.7;449392640;0
249.3;476315648;0
266.0;487149568;0
127.8;302919680;0
129.0;304664576;0
200.7;304664576;0
71.0;305659904;0
199.5;305659904;0
199.5;306499584;0
67.2;307261440;0
157.7;307654656;0
85.2;308510720;0
133.0;309035008;0
134.4;309948416;0
170.5;309919744;0
114.7;311144448;0
99.4;311648256;0
129.0;312397824;0
99.7;312795136;0
149.6;313647104;0
134.4;314077184;0
166.2;314765312;0
83.1;315944960;0
99.7;316751872;0
199.5;316751872;0
50.4;317698048;0
166.2;318107648;0
83.1;318664704;0
151.2;318767104;0
99.7;319598592;0
156.2;319569920;0
129.0;320458752;0
127.8;320688128;0
186.4;321572864;0
86.0;321544192;0
170.5;322367488;0
114.7;323629056;0
200.7;323629056;0
99.4;324497408;0
200.7;324497408;0
99.4;325324800;0
143.3;326172672;0
172.0;326144000;0
116.4;326983680;0
133.0;326955008;0
151.2;327790592;0
133.0;328183808;0
166.2;329056256;0
83.1;329895936;0
199.5;330301440;0
67.2;331091968;0
199.5;331091968;0
116.4;340566016;0
201.6;343003136;0
166.2;345563136;0
232.7;379748352;0
258.0;406544384;0
227.3;433315840;0
301.0;455516160;0
151.2;488185856;0
266.0;510799872;0
249.3;520261632;0
229.4;337203200;0
157.7;339476480;0
170.5;339447808;0
129.0;340291584;0
127.8;340779008;0
143.3;341581824;0
86.0;341966848;0
99.4;342781952;0
199.5;343654400;0
84.0;343621632;0
186.4;344457216;0
56.8;345427968;0
172.0;345862144;0
99.4;346816512;0
114.7;347340800;0
168.0;348188672;0
85.2;348397568;0
149.6;349044736;0
84.0;349835264;0
216.1;349892608;0
83.1;349863936;0
200.7;350826496;0
85.2;351543296;0
199.5;351543296;0
67.2;352333824;0
149.6;353046528;0
116.4;353280000;0
172.0;354226176;0
129.0;354197504;0
142.0;355123200;0
57.3;355561472;0
200.7;356061184;0
71.0;356749312;0
143.3;357277696;0
168.0;358170624;0
133.0;359419904;0
199.5;359419904;0
84.0;360226816;0
172.0;361050112;0
184.7;361033728;0
114.7;361889792;0
166.2;362840064;0
149.6;362807296;0
168.0;363646976;0
99.7;363622400;0
199.5;364679168;0
100.3;365518848;0
200.7;365518848;0
127.8;372895744;0
282.6;401346560;0
215.0;432463872;0
170.5;461139968;0
229.4;479371264;0
218.4;508047360;0
232.7;536596480;0
282.6;552280064;0
143.3;370958336;0
186.4;373370880;0
99.7;373927936;0
156.2;375566336;0
71.7;376479744;0
133.0;376864768;0
116.4;377856000;0
117.6;378269696;0
116.4;378912768;0
127.8;378888192;0
100.3;379736064;0
143.3;380399616;0
66.5;380833792;0
149.6;382078976;0
133.0;382754816;0
129.0;383676416;0
184.7;383651840;0
133.0;384692224;0
134.4;384659456;0
166.2;385527808;0
116.4;385495040;0
151.2;386306048;0
157.7;387571712;0
