0.0;10514432;0
0.0;10514432;0
0.0;10514432;0
0.0;10514432;0
16.8;11042816;0
116.4;12132352;0
182.8;13205504;0
113.6;14749696;0
201.6;15880192;0
66.5;16048128;0
199.5;16654336;0
86.0;17510400;0
198.9;17575936;0
83.1;18395136;0
199.5;18419712;0
67.2;19243008;0
149.6;19398656;0
86.0;20348928;0
199.5;20328448;0
99.7;21245952;0
184.7;21389312;0
129.0;22237184;0
182.8;22286336;0
99.7;23318528;0
200.7;23289856;0
113.6;24162304;0
149.6;24133632;0
133.0;24838144;0
100.3;24813568;0
142.0;25796608;0
100.3;25903104;0
166.2;26951680;0
99.7;26963968;0
170.5;27824128;0
86.0;27791360;0
200.7;28626944;0
66.5;29503488;0
201.6;29536256;0
83.1;30351360;0
200.7;30490624;0
85.2;31293440;0
201.6;31293440;0
66.5;32108544;0
200.7;32161792;50
99.7;33067008;448
166.2;33619968;0
133.0;33591296;0
129.0;34299904;0
129.0;34267136;0
149.6;35106816;0
151.2;35074048;0
156.2;35926016;0
100.3;35897344;0
184.7;36814848;0
100.3;36786176;0
215.0;37703680;0
49.9;37933056;0
201.6;38645760;0
99.7;39571456;0
199.5;39571456;0
66.5;40456192;0
199.5;40468480;0
71.7;41385984;0
198.9;41385984;0
84.0;42278912;0
199.5;42278912;0
99.7;43245568;0
127.8;43212800;0
134.4;55463936;0
182.8;55435264;0
199.5;71405568;0
258.0;102318080;0
241.5;133513216;0
243.7;160497664;0
282.6;182800384;0
268.8;209784832;0
299.2;231227392;0
266.0;232394752;555
229.4;233332736;781
99.4;233271296;96
133.0;234106880;0
99.7;234078208;0
143.3;234913792;0
71.0;234885120;0
172.0;235724800;0
66.5;235696128;0
198.9;236535808;0
86.0;237338624;0
198.9;237322240;0
50.4;238153728;0
172.0;238137344;0
85.2;238960640;0
168.0;238927872;0
99.7;239783936;0
133.0;239751168;0
133.0;240586752;0
129.0;240562176;0
143.3;241471488;0
85.2;241442816;0
168.0;242311168;0
66.5;242413568;0
172.0;243249152;0
71.0;243220480;0
200.7;244060160;0
49.9;244031488;0
184.7;245284864;0
114.7;245673984;0
99.7;246497280;0
182.8;246480896;0
66.5;247336960;0
172.0;247320576;0
86.0;248135680;0
142.0;248111104;0
114.7;249085952;0
133.0;249475072;0
149.6;250306560;0
99.7;250277888;0
182.8;251195392;0
100.3;251166720;0
216.1;252141568;0
99.7;252116992;0
201.6;253063168;0
49.9;253890560;0
200.7;253874176;0
186.4;254803968;0
83.1;254779392;0
156.2;255655936;0
114.7;256897024;0
199.5;256880640;0
50.4;257925120;0
186.4;257912832;0
85.2;258772992;0
201.6;258772992;0
116.4;259592192;0
149.6;259563520;0
149.6;260517888;0
133.0;260489216;0
157.7;261328896;0
113.6;261296128;0
186.4;262131712;0
71.7;262111232;0
299.2;289050624;0
216.1;321859584;0
232.7;350396416;0
218.4;377298944;0
266.0;393265152;0
215.0;417849344;0
258.0;443158528;0
198.9;453206016;0
229.4;269348864;0
133.0;269881344;0
84.0;270942208;0
182.8;270929920;0
83.1;271908864;0
184.8;271896576;0
116.4;272683008;0
199.5;272670720;0
127.8;273612800;0
172.0;273584128;0
157.7;274432000;0
142.0;274399232;0
157.7;275238912;0
83.1;275210240;0
213.1;276049920;0
129.0;276754432;0
198.9;276815872;0
86.0;277692416;0
184.8;277676032;0
99.4;278339584;0
200.7;278323200;0
86.0;279019520;0
127.8;278994944;0
99.7;279875584;0
133.0;279842816;0
143.3;280752128;0
86.0;280723456;0
199.5;281677824;0
16.6;282484736;0
186.4;282468352;0
33.2;283373568;0
198.9;283340800;0
86.0;284286976;0
170.5;284286976;0
114.7;285229056;0
100.3;285200384;0
142.0;285712384;0
129.0;285683712;0
172.0;286158848;0
99.4;286130176;0
215.0;287424512;0
113.6;288235520;0
186.4;288219136;0
71.7;289079296;0
184.7;289476608;0
114.7;289869824;0
157.7;290693120;0
142.0;290664448;0
114.7;291545088;0
113.6;291512320;0
143.3;292356096;0
86.0;292327424;0
199.5;293171200;0
99.4;294072320;0
186.4;294060032;0
71.7;294891520;0
170.5;294866944;0
86.0;295727104;0
133.0;295694336;0
114.7;296538112;0
114.7;296505344;0
142.0;297279488;0
86.0;297246720;0
186.4;309174272;0
56.8;309157888;0
284.1;334000128;0
243.7;364740608;0
298.3;383893504;0
200.7;411963392;0
302.4;431874048;0
216.1;458014720;0
266.0;479514624;0
235.2;486318080;0
199.5;302268416;0
166.2;303747072;0
116.4;303718400;0
199.5;304582656;0
151.2;305291264;0
133.0;306135040;0
199.5;306135040;0
143.3;306950144;0
157.7;306982912;0
85.2;307990528;0
129.0;307957760;0
156.2;308834304;0
114.7;308805632;0
143.3;309497856;0
99.7;309534720;0
170.5;310456320;0
100.3;310984704;0
184.8;310968320;0
66.5;311803904;0
149.6;311775232;0
99.7;312324096;0
133.0;312291328;0
129.0;312909824;0
71.7;312881152;0
199.5;313712640;0
99.7;315076608;0
201.6;315138048;0
114.7;315957248;0
184.7;316018688;0
100.3;316960768;0
142.0;316928000;0
114.7;317767680;0
134.4;318156800;0
166.2;318992384;0
116.4;318967808;0
201.6;319844352;0
33.2;320704512;0
199.5;320704512;0
49.9;321597440;0
184.7;321581056;0
86.0;322506752;0
151.2;322478080;0
149.6;323375104;0
133.0;323346432;0
184.8;324190208;0
99.7;324165632;0
199.5;325029888;0
66.5;325517312;0
198.9;325976064;0
86.0;326815744;0
184.8;326758400;0
116.4;327659520;0
149.6;327630848;0
157.7;328515584;0
100.3;328491008;0
184.7;329330688;0
66.5;329306112;0
199.5;330145792;0
16.6;330948608;0
199.5;330936320;0
100.8;338010112;0
235.2;367857664;0
166.2;401162240;0
284.1;423776256;0
232.7;444706816;0
235.2;471543808;0
215.0;498405376;0
198.9;519241728;0
182.8;352985088;0
199.5;337227776;0
116.4;338075648;0
186.4;338059264;0
117.6;338980864;0
166.2;338956288;0
166.2;339701760;0
114.7;339673088;0
186.4;340344832;0
99.4;340316160;0
