0.0;10506240;0
0.0;10506240;0
0.0;10506240;0
0.0;10506240;0
0.0;10506240;0
0.0;10506240;0
0.0;10506240;0
0.0;10506240;0
0.0;10506240;0
0.0;10506240;0
0.0;10506240;0
0.0;10506240;0
0.0;10506240;0
0.0;10506240;0
0.0;10506240;0
0.0;10506240;0
0.0;10506240;0
0.0;10506240;0
0.0;10506240;0
0.0;10506240;0
0.0;10506240;0
0.0;10506240;0
0.0;10506240;0
0.0;10506240;0
0.0;10506240;0
0.0;10506240;0
0.0;10506240;0
0.0;10506240;0
0.0;10506240;0
0.0;10506240;0
0.0;10506240;0
0.0;10506240;0
0.0;10506240;0
0.0;10506240;0
0.0;10506240;0
0.0;10506240;0
0.0;10506240;0
0.0;10506240;0
49.9;18718720;0
113.6;59793408;0
100.3;96485376;0
99.7;127905792;0
99.7;154554368;0
100.8;187097088;0
99.7;215470080;0
100.3;232169472;0
99.4;263307264;0
100.3;294842368;0
99.7;323940352;0
99.7;352972800;0
100.8;379564032;0
99.4;377782272;485
100.3;377782272;777
99.7;377782272;732
100.8;377782272;766
0.0;377749504;56
0.0;377749504;0
0.0;377749504;0
0.0;377749504;0
0.0;377749504;0
0.0;377749504;0
0.0;377749504;0
0.0;377749504;0
0.0;377749504;0
0.0;377749504;0
0.0;377749504;0
0.0;377749504;0
0.0;377749504;0
0.0;377749504;0
0.0;377749504;0
0.0;377749504;0
0.0;377749504;0
0.0;377749504;0
0.0;377749504;0
0.0;377749504;0
0.0;377749504;0
0.0;377749504;0
49.9;404168704;0
99.7;433885184;0
99.7;468660224;0
100.3;496627712;0
99.4;521650176;0
100.3;553492480;0
100.3;582463488;0
99.7;599547904;0
99.7;629211136;0
99.7;660340736;0
100.3;689991680;0
99.4;719077376;0
100.3;747102208;0
99.7;755593216;0
99.7;755593216;0
99.7;755593216;0
99.7;416182272;0
0.0;381517824;0
0.0;381517824;0
0.0;381517824;0
0.0;381517824;0
0.0;381517824;0
0.0;381517824;0
0.0;381517824;0
0.0;381517824;0
0.0;381517824;0
0.0;381517824;0
0.0;381517824;0
0.0;381517824;0
0.0;381517824;0
0.0;381517824;0
0.0;381517824;0
0.0;381517824;0
0.0;381517824;0
0.0;381517824;0
0.0;381517824;0
0.0;381517824;0
0.0;381517824;0
49.9;408170496;0
99.7;430813184;0
100.8;461856768;0
99.7;492331008;0
100.3;517787648;0
99.4;549928960;0
100.3;579457024;0
100.3;597446656;0
99.4;627093504;0
100.3;658079744;0
100.3;687677440;0
99.4;714850304;0
100.3;741322752;0
99.4;755666944;0
100.3;755666944;0
100.3;755666944;0
99.4;449028096;0
16.8;382701568;0
0.0;382701568;0
0.0;382701568;0
0.0;382701568;0
0.0;382701568;0
0.0;382701568;0
0.0;382701568;0
0.0;382701568;0
0.0;382701568;0
0.0;382701568;0
0.0;382701568;0
0.0;382701568;0
0.0;382701568;0
0.0;382701568;0
0.0;382701568;0
0.0;382701568;0
0.0;382701568;0
0.0;382701568;0
0.0;382701568;0
0.0;382701568;0
0.0;382701568;0
71.7;397627392;0
100.3;438579200;0
99.7;472596480;0
99.7;498225152;0
99.7;529096704;0
99.7;560979968;0
100.8;588189696;0
99.7;609083392;0
99.7;638951424;0
100.8;667721728;0
99.7;697827328;0
99.7;725970944;0
99.7;754733056;0
99.7;756948992;0
99.7;694153216;0
100.8;389365760;0
0.0;385101824;0
0.0;385101824;0
0.0;385101824;0
0.0;385101824;0
0.0;385101824;0
0.0;385101824;0
0.0;385101824;0
0.0;385101824;0
0.0;385101824;0
0.0;385101824;0
0.0;385101824;0
0.0;385101824;0
0.0;385101824;0
0.0;385101824;0
0.0;385101824;0
0.0;385101824;0
0.0;385101824;0
0.0;385101824;0
0.0;385101824;0
0.0;385101824;0
0.0;385101824;0
99.7;402464768;0
99.7;445874176;0
100.8;479629312;0
99.7;503742464;0
99.4;537223168;0
100.3;568569856;0
99.4;593141760;0
100.3;616816640;0
100.3;648531968;0
99.4;678920192;0
100.3;707715072;0
100.8;735723520;0
99.7;757616640;0
99.7;757616640;0
99.7;757616640;0
99.7;475746304;0
16.8;390148096;0
0.0;390148096;0
0.0;390148096;0
0.0;390148096;0
0.0;390148096;0
0.0;390148096;0
0.0;390148096;0
0.0;390148096;0
0.0;390148096;0
0.0;390148096;0
0.0;390148096;0
0.0;390148096;0
0.0;390148096;0
0.0;390148096;0
0.0;390148096;0
0.0;390148096;0
0.0;390148096;0
0.0;390148096;0
0.0;390148096;0
0.0;390148096;0
14.3;394145792;0
100.3;424939520;0
99.4;461037568;0
100.3;490815488;0
99.7;516456448;0
99.7;549609472;0
100.8;579780608;0
100.3;599764992;0
99.4;630353920;0
100.3;661135360;0
100.3;690122752;0
99.7;720187392;0
99.7;748400640;0
99.7;758083584;0
99.7;758083584;0
100.8;664510464;0
71.7;390569984;0
0.0;390569984;0
0.0;390569984;0
0.0;390569984;0
0.0;390569984;0
0.0;390569984;0
0.0;390569984;0
0.0;390569984;0
0.0;390569984;0
0.0;390569984;0
0.0;390569984;0
0.0;390569984;0
0.0;390569984;0
0.0;390569984;0
0.0;390569984;0
0.0;390569984;0
0.0;390569984;0
0.0;390569984;0
0.0;390569984;0
0.0;390569984;0
0.0;390569984;0
113.6;408879104;0
99.7;448180224;0
100.8;479657984;0
100.3;503382016;0
99.4;537743360;0
99.7;569344000;0
99.7;594591744;0
99.7;617517056;0
100.8;650928128;0
99.7;681259008;0
99.4;711774208;0
100.3;740950016;0
100.8;758685696;0
99.7;758685696;0
99.4;758685696;0
100.3;425631744;0
0.0;402919424;0
0.0;402919424;0
0.0;402919424;0
0.0;402919424;0
0.0;402919424;0
0.0;402919424;0
0.0;402919424;0
0.0;402919424;0
0.0;402919424;0
0.0;402919424;0
0.0;402919424;0
0.0;402919424;0
0.0;402919424;0
0.0;402919424;0
0.0;402919424;0
0.0;402919424;0
0.0;402919424;0
0.0;402919424;0
0.0;402919424;0
0.0;402919424;0
28.4;411062272;0
