44.8;100.6;65.3;0.0
50.0;114.3;91.2;0.0
89.8;138.7;55.2;0.0
40.0;156.5;40.1;0.0
0.0;156.5;0.0;0.0
0.0;156.5;0.0;0.0
0.0;156.5;0.1;0.0
0.0;156.5;0.0;0.0
5.0;156.5;1.3;0.0
0.0;156.5;0.0;0.0
0.0;156.5;0.7;0.0
0.0;156.5;0.0;0.0
0.0;156.5;0.6;0.0
0.0;156.5;0.0;0.0
0.0;156.5;0.3;0.0
0.0;156.5;0.0;0.0
0.0;156.5;0.6;0.0
0.0;156.5;0.4;0.0
0.0;156.5;0.1;0.0
0.0;156.5;0.0;0.0
0.0;156.5;0.6;0.0
0.0;156.5;0.1;0.0
50.4;160.0;0.3;0.0
48.6;160.9;0.0;0.0
35.0;160.9;0.3;0.0
0.0;160.9;0.0;0.0
0.0;160.9;0.1;0.0
0.0;160.9;0.0;0.0
0.0;160.9;1.2;0.0
0.0;160.9;0.0;0.0
0.0;160.9;0.7;0.0
0.0;160.9;0.0;0.0
0.0;160.9;0.4;0.0
0.0;160.9;0.0;0.0
0.0;160.9;0.6;0.0
0.0;160.9;0.0;0.0
0.0;160.9;0.5;0.0
0.0;160.9;0.0;0.0
4.9;160.9;0.6;0.0
0.0;160.9;0.0;0.0
29.7;161.1;0.6;0.0
54.2;161.1;0.0;0.0
49.9;161.1;1.1;0.0
0.0;161.1;0.0;0.0
0.0;161.1;0.2;0.0
0.0;161.1;0.0;0.0
0.0;161.1;2.6;0.0
0.0;161.1;0.0;0.0
0.0;161.1;1.4;0.0
0.0;161.1;0.0;0.0
0.0;161.1;1.1;0.0
0.0;161.1;0.0;0.0
0.0;161.1;0.9;0.0
0.0;161.1;0.0;0.0
5.0;161.1;1.0;0.0
0.0;161.1;0.0;0.0
0.0;161.1;1.1;0.0
0.0;161.1;0.0;0.0
40.0;162.0;1.2;0.0
29.9;162.0;0.0;0.0
37.5;175.5;16.6;4.0
50.0;276.5;1166.7;0.0
43.0;276.8;0.4;132.0
52.0;276.8;0.8;256.0
53.1;181.9;0.5;68.0
