47.6;115.9;158.6;0.0
70.8;142.5;61.5;0.0
24.9;156.1;33.8;0.0
0.0;156.1;0.0;0.0
0.0;156.1;0.1;0.0
0.0;156.1;0.0;0.0
0.0;156.1;1.3;0.0
0.0;156.1;0.0;0.0
5.0;156.1;0.7;0.0
0.0;156.1;0.0;0.0
0.0;156.1;0.6;0.0
0.0;156.1;0.0;0.0
0.0;156.1;0.6;0.0
0.0;156.1;0.0;0.0
0.0;156.1;0.4;0.0
0.0;156.1;0.0;0.0
0.0;156.1;0.5;0.0
0.0;156.1;0.0;0.0
0.0;156.1;0.5;0.0
0.0;156.1;0.0;0.0
22.2;159.7;0.5;0.0
52.9;160.5;0.0;0.0
35.0;160.5;0.3;0.0
0.0;160.5;0.0;0.0
0.0;160.5;0.1;0.0
0.0;160.5;0.0;0.0
0.0;160.5;1.3;0.0
0.0;160.5;0.0;0.0
5.0;160.5;0.7;0.0
0.0;160.5;0.0;0.0
0.0;160.5;0.6;0.0
0.0;160.5;0.0;0.0
0.0;160.5;0.5;0.0
0.0;160.5;0.0;0.0
0.0;160.5;0.5;0.0
0.0;160.5;0.0;0.0
0.0;160.5;0.6;0.0
0.0;160.5;0.0;0.0
24.8;160.8;0.6;0.0
48.2;160.8;0.0;0.0
55.0;160.8;1.1;0.0
15.0;160.8;0.0;0.0
5.0;160.8;0.2;0.0
0.0;160.8;0.0;0.0
0.0;160.8;1.8;0.0
0.0;160.8;0.8;0.0
0.0;160.8;0.7;0.0
0.0;160.8;0.7;0.0
0.0;160.8;0.2;0.0
0.0;160.8;0.8;0.0
0.0;160.8;0.5;0.0
0.0;160.8;0.4;0.0
0.0;160.8;0.5;0.0
0.0;160.8;0.4;0.0
0.0;160.8;0.5;0.0
0.0;160.8;0.6;0.0
5.0;161.6;0.6;0.0
69.9;161.7;0.6;0.0
5.0;161.7;0.0;0.0
45.0;169.7;16.0;4.0
45.0;214.3;153.0;0.0
52.9;245.4;422.6;0.0
49.0;245.4;326.4;0.0
50.0;276.4;265.3;0.0
51.2;276.7;0.6;196.0
50.0;276.7;0.6;192.0
50.0;246.2;0.3;44.0
