119.8;448069632;14
169.7;516472832;868
99.8;618053632;933
99.8;657244160;1216
109.8;706920448;1255
119.8;715284480;1445
109.8;715284480;1491
89.9;715284480;1526
99.8;715284480;1514
109.8;715284480;1489
89.9;715284480;1535
99.8;791699456;1096
99.8;893411328;1004
99.8;994861056;1001
99.8;1096572928;1005
99.8;1198153728;1003
99.8;1299734528;1004
99.8;1401315328;1003
99.8;1405247488;1492
99.8;1405247488;1544
99.8;1405247488;1543
99.8;1405247488;1545
99.8;1405247488;1549
99.8;1405247488;1537
99.8;1405247488;1525
99.9;1405247488;1547
99.8;1405247488;1552
99.8;1405247488;1547
99.8;1405247488;1547
99.8;1405247488;1526
99.8;1405247488;1548
109.8;1405247488;1550
89.9;1405247488;1552
109.8;1405247488;1546
99.8;1405247488;1516
109.8;1435394048;964
109.8;1435525120;8
99.8;1435525120;0
99.8;1435525120;0
139.8;1435525120;1
219.6;1435656192;0
748.8;1441644544;2
800.9;1441652736;2
778.8;1441914880;2
786.4;1457119232;2
797.3;1457119232;2
777.9;1457119232;3
778.8;1455697920;2
696.3;1455697920;2
688.4;1455697920;2
698.7;1455697920;2
698.2;1455697920;2
688.5;1648635904;2
698.4;1973039104;0
698.2;1973039104;2
708.7;1973039104;0
688.4;1973039104;2
598.8;1973039104;0
349.4;1973039104;0
209.6;1973039104;2
199.6;1973039104;0
208.8;1973825536;4
199.6;1981952000;4
99.8;1981952000;0
99.8;1981952000;0
119.8;1982083072;0
219.5;1982083072;0
669.7;1982738432;1
697.1;1982738432;0
684.5;1982738432;2
695.9;1982738432;0
708.5;1982738432;0
688.7;1982738432;0
588.8;1982869504;0
399.1;1982869504;0
399.2;1982869504;0
409.1;1982869504;0
409.2;1982869504;0
409.3;1982869504;0
399.2;1982869504;0
399.2;1982869504;0
399.1;1982869504;0
399.3;1982869504;0
399.2;1982869504;0
399.3;1982869504;0
229.6;1982869504;1
99.8;1982869504;0
99.8;1982869504;0
99.9;1982869504;0
109.8;1982869504;8
99.8;1982869504;0
99.8;1982869504;0
109.8;1983000576;0
209.6;1983000576;0
638.8;1983787008;1
469.3;1983787008;0
399.2;1983787008;0
409.2;1983787008;2
399.3;1983787008;0
399.2;1983787008;2
399.2;1983787008;0
399.1;1983787008;0
409.3;1983787008;0
399.3;1983787008;0
399.3;1983787008;0
399.1;1983787008;0
399.3;1983787008;0
399.3;1983787008;0
399.2;1983787008;1
399.2;1983787008;2
389.3;1983918080;0
379.2;1983918080;0
299.4;1983918080;0
239.5;1983918080;0
199.6;1983918080;0
169.7;1983918080;2
99.8;1983918080;0
99.8;1983918080;0
109.8;1984049152;6
99.8;1984049152;0
99.8;1984049152;0
119.8;1984180224;0
219.6;1984442368;0
704.9;1984966656;1
807.1;1984966656;0
795.3;1984966656;0
801.7;1984966656;0
788.3;1984966656;0
726.3;1984966656;0
688.7;1984966656;0
698.7;1984966656;0
672.9;1984966656;0
698.2;1984966656;0
628.8;1984966656;0
488.8;1984966656;0
398.9;1984966656;0
399.1;1984966656;0
409.0;1984966656;0
319.3;1984966656;2
199.6;1984966656;0
199.7;1984966656;0
199.7;1984966656;0
199.6;1984966656;0
169.7;1985753088;8
99.8;1985884160;2
99.8;1985884160;0
99.8;1985884160;0
169.7;1986015232;0
464.6;1986932736;1
798.8;1987457024;3
797.8;1987457024;0
799.2;1987457024;0
793.2;1991389184;0
794.3;1991651328;2
804.7;1991651328;0
802.2;1991651328;0
799.1;1991651328;0
798.3;1991651328;2
809.1;1991651328;0
810.2;1991651328;0
791.2;1991651328;2
801.3;1991651328;0
748.7;1991651328;1
499.0;1991651328;0
259.4;1991651328;0
199.7;1991651328;2
199.6;1991651328;0
169.6;1991782400;5
109.7;1991913472;2
99.8;1991913472;0
99.8;1991913472;0
149.7;1992044544;0
355.2;1992568832;0
778.3;1992568832;0
700.0;1992568832;0
691.1;1992568832;0
708.5;1992568832;0
698.7;1992568832;2
688.8;1992568832;0
668.9;1992568832;0
698.8;1992568832;0
698.5;1992568832;0
698.8;1992568832;0
698.6;1992568832;0
607.3;1992568832;0
697.8;1992568832;0
449.0;1992568832;0
199.6;1992568832;0
199.7;1992568832;0
199.7;1992568832;0
199.7;1992568832;0
199.6;1992568832;0
199.7;1992568832;0
189.6;1992568832;5
89.8;1992699904;2
99.8;1992699904;0
99.8;1992699904;0
129.8;1992830976;0
199.7;1992830976;0
683.0;1993486336;1
800.2;1993617408;1
794.0;1993617408;0
787.7;1993617408;0
792.7;1993617408;2
803.0;1993617408;0
792.6;1993617408;2
766.6;1993617408;0
796.7;1993617408;0
794.1;1993617408;0
793.0;1993617408;2
798.8;1993617408;2
677.3;1993617408;2
608.6;1993617408;0
598.5;1993617408;2
499.0;1993879552;1
429.3;1993879552;0
159.7;1994141696;7
99.8;1994141696;0
99.9;1994141696;0
119.8;1994272768;0
219.6;1994403840;0
725.3;1994928128;0
776.8;1994928128;0
588.9;1994928128;0
598.6;1994928128;0
598.5;1994928128;0
588.7;1994928128;0
598.9;1994928128;0
687.8;1994928128;0
708.1;1994928128;0
698.4;1994928128;2
708.6;1994928128;0
698.9;1994928128;0
599.0;1994928128;0
668.1;1994928128;0
698.6;1994928128;0
645.0;1994928128;2
339.2;1994928128;0
219.6;1994928128;0
119.8;1994928128;0
109.8;1994928128;0
109.8;1995845632;8
99.8;1995845632;2
99.8;1995845632;0
99.8;1995845632;0
149.7;1996107776;0
365.5;1996763136;0
721.8;1996763136;1
697.1;1996763136;0
698.8;1996763136;0
742.6;2000957440;1
802.0;2000957440;0
812.3;2000957440;0
799.3;2000957440;2
802.6;2000957440;0
802.2;2001088512;0
803.4;2001088512;0
789.0;2001088512;0
802.9;2001088512;0
798.1;2001088512;0
558.2;2001088512;0
449.0;2001088512;0
179.7;2001088512;0
109.8;2001088512;0
99.8;2001088512;0
99.8;2001088512;0
99.8;2001088512;0
99.8;2001088512;0
129.8;2001088512;6
99.8;2001088512;0
99.8;2001088512;0
99.8;2001088512;0
189.7;2001088512;0
442.4;2001743872;1
768.1;2001743872;0
802.8;2001743872;0
783.3;2001743872;0
812.5;2001743872;0
746.8;2001743872;0
698.6;2001743872;0
698.9;2001743872;2
708.7;2001743872;0
698.8;2001743872;0
698.8;2001743872;0
708.5;2001743872;2
708.7;2001743872;0
688.8;2001743872;0
698.7;2001743872;0
678.7;2001743872;2
539.0;2001743872;0
329.5;2001743872;0
229.5;2001874944;4
99.8;2002006016;2
99.8;2002006016;0
99.8;2002006016;0
159.7;2002137088;0
408.5;2002923520;1
771.2;2002923520;0
698.7;2002923520;0
718.5;2002923520;0
