0.0;10506240;0
0.0;10506240;0
0.0;10506240;0
0.0;10506240;0
50.4;12656640;0
99.7;12656640;0
71.7;12738560;0
99.7;10747904;0
67.2;12877824;0
85.2;10854400;0
71.7;12853248;0
83.1;10862592;0
83.1;13017088;0
85.2;11026432;0
86.0;13164544;0
83.1;11145216;0
99.7;13213696;0
71.7;11190272;0
83.1;13279232;0
66.5;11255808;0
86.0;13340672;0
57.3;11321344;0
99.4;13406208;0
50.4;12427264;0
99.7;13410304;0
83.1;13475840;0
99.4;13479936;0
71.7;13602816;0
99.7;13602816;0
66.5;13520896;0
100.3;13520896;0
71.0;13606912;0
99.7;13606912;0
66.5;13737984;0
100.8;13737984;0
56.8;13737984;0
100.3;13746176;0
49.9;13873152;0
99.7;13873152;0
71.0;13873152;0
100.3;11849728;0
66.5;13869056;0
83.1;11911168;0
84.0;14008320;0
85.2;11984896;0
83.1;14008320;0
66.5;11984896;0
100.8;14065664;0
71.0;12046336;0
100.3;14188544;0
57.3;13488128;0
99.4;14196736;0
49.9;14192640;0
99.7;14209024;0
57.3;14278656;0
99.4;14278656;0
50.4;14274560;0
99.7;14274560;0
57.3;14286848;0
99.4;14286848;0
71.7;14475264;0
99.7;14475264;0
49.9;14475264;0
100.8;14483456;0
66.5;14548992;0
100.3;12525568;0
71.0;14561280;0
100.8;12537856;0
83.1;14602240;0
83.1;12607488;0
86.0;14745600;0
71.0;12722176;0
99.7;14745600;0
66.5;12722176;0
100.8;14798848;0
49.9;16887808;0
100.3;14880768;0
71.7;14876672;0
99.7;14876672;0
49.9;14958592;0
99.7;15020032;0
99.7;15011840;0
49.9;15011840;0
99.7;15011840;0
57.3;15081472;0
100.3;15081472;0
66.5;15151104;0
100.8;15151104;0
66.5;15151104;0
99.7;15151104;0
49.9;15286272;0
99.7;15286272;0
67.2;15286272;0
99.4;15286272;0
57.3;15290368;0
86.0;13328384;0
66.5;15433728;0
83.1;13410304;0
83.1;15433728;0
67.2;13410304;0
85.2;15491072;0
71.7;13467648;0
100.3;15564800;0
71.0;15564800;0
99.7;15564800;0
49.9;14610432;0
100.3;15630336;0
71.7;15699968;0
99.4;15699968;0
57.3;15777792;0
99.7;15777792;0
49.9;15765504;0
99.7;15765504;0
49.9;15921152;0
100.8;15921152;0
66.5;15839232;0
83.1;13877248;0
71.7;15970304;0
85.2;13950976;0
71.7;15974400;0
83.1;13950976;0
84.0;15974400;0
66.5;14012416;0
83.1;16183296;0
67.2;14159872;0
100.3;16109568;0
56.8;16105472;0
99.7;16166912;0
49.9;16240640;0
100.8;16240640;0
49.9;16302080;0
100.3;16302080;0
57.3;16244736;0
99.4;16306176;0
43.0;16371712;0
99.4;16371712;0
67.2;16379904;0
99.7;16379904;0
66.5;16519168;0
84.0;14495744;0
83.1;16515072;0
83.1;14495744;0
99.7;16515072;0
66.5;14630912;0
100.8;16654336;0
71.0;16650240;0
100.3;16646144;0
57.3;16654336;0
99.4;16789504;0
49.9;16785408;0
99.7;16785408;0
50.4;16789504;0
99.7;16789504;0
66.5;16785408;0
100.8;16576512;0
66.5;16920576;0
83.1;14901248;0
66.5;16924672;0
100.3;16924672;0
57.3;16920576;0
99.4;17055744;0
57.3;17055744;0
86.0;15036416;0
71.0;17059840;0
71.7;15036416;0
85.2;17190912;0
57.3;15171584;0
100.3;17190912;0
71.0;17190912;0
100.3;17190912;0
71.7;17330176;0
99.7;17330176;0
71.7;17326080;0
99.4;17326080;0
57.3;17330176;0
100.3;17465344;0
49.9;17465344;0
100.3;17465344;0
66.5;17461248;0
83.1;15437824;0
83.1;17461248;0
66.5;15478784;0
100.8;17571840;0
66.5;15552512;0
99.4;17571840;0
57.3;17571840;0
100.3;17633280;0
49.9;17711104;0
99.7;17711104;0
49.9;17711104;0
99.7;17711104;0
67.2;17772544;0
83.1;15749120;0
83.1;17846272;0
67.2;15822848;0
99.7;17846272;0
66.5;16662528;0
99.7;17981440;0
33.2;17977344;0
99.7;17977344;0
67.2;17973248;0
99.7;18038784;0
66.5;18116608;0
100.8;18116608;0
49.9;18112512;0
83.1;18112512;0
66.5;18112512;0
83.1;16154624;0
84.0;18247680;0
66.5;16228352;0
99.7;18251776;0
71.7;19472384;0
100.3;18313216;0
71.0;18386944;0
86.0;18386944;0
71.0;18382848;0
100.3;18382848;0
71.7;18444288;0
99.4;18444288;0
57.3;18518016;0
86.0;16494592;0
83.1;18518016;0
66.5;16551936;0
99.7;18714624;0
49.9;17874944;0
100.3;18710528;0
86.0;18722816;0
99.4;18776064;0
49.9;18903040;0
100.8;18903040;0
49.9;18903040;0
99.7;18903040;0
66.5;18841600;0
83.1;16822272;0
84.0;18915328;0
57.3;16896000;0
99.4;18919424;0
57.3;18980864;0
100.8;18980864;0
66.5;19050496;0
99.7;19050496;0
49.9;19050496;0
99.7;19111936;0
67.2;19185664;0
99.7;19185664;0
71.0;19193856;0
86.0;17174528;0
86.0;19197952;0
71.0;17235968;0
99.7;19333120;0
49.9;20545536;0
99.7;19333120;0
50.4;19329024;0
100.8;19390464;0
66.5;19468288;0
99.7;19468288;0
67.2;19468288;0
99.7;17444864;0
99.7;19529728;0
83.1;17506304;0
99.7;19603456;0
57.3;18526208;0
100.3;19599360;0
49.9;19660800;0
99.7;19660800;0
50.4;19734528;0
100.3;19734528;0
71.0;19734528;0
99.7;17768448;0
99.7;19865600;0
83.1;17842176;0
117.6;19865600;0
66.5;17801216;0
99.4;19922944;0
71.7;20025344;0
100.3;20025344;0
66.5;20021248;0
99.7;20021248;0
66.5;20025344;0
99.7;20082688;0
71.7;20246528;0
100.3;20246528;0
71.0;20156416;0
83.1;18132992;0
100.8;20213760;0
66.5;20303872;0
99.7;20291584;0
66.5;20287488;0
99.7;20287488;0
85.2;20426752;0
100.3;20426752;0
71.7;20426752;0
85.2;18403328;0
99.7;20426752;0
84.0;20283392;0
99.7;21237760;0
71.0;20553728;0
100.3;20553728;0
66.5;20557824;0
99.7;20619264;0
