0.0;10498048;0
0.0;10498048;0
0.0;10498048;0
0.0;10498048;0
0.0;10498048;0
50.4;12648448;0
99.7;12689408;0
57.3;12718080;0
85.2;10739712;0
67.2;12898304;0
83.1;10878976;0
71.7;12963840;0
83.1;10944512;0
83.1;13025280;0
83.1;11034624;0
86.0;13189120;0
83.1;11169792;0
99.7;13340672;0
67.2;11321344;0
99.7;13303808;0
57.3;11284480;0
113.6;13377536;0
71.7;12484608;0
100.3;13332480;0
66.5;13524992;0
100.8;13524992;0
49.9;13537280;0
100.3;13537280;0
49.9;13664256;0
100.8;13664256;0
49.9;13631488;0
100.3;13631488;0
57.3;13832192;0
99.4;13832192;0
66.5;13869056;0
99.7;13869056;0
67.2;13852672;0
99.4;13860864;0
71.7;13979648;0
99.7;13979648;0
66.5;13950976;0
99.4;11927552;0
71.7;13950976;0
99.7;11935744;0
83.1;14090240;0
67.2;12070912;0
85.2;13893632;0
71.7;11874304;0
99.4;14032896;0
84.0;12013568;0
99.7;14245888;0
49.9;13017088;0
100.8;14168064;0
66.5;14368768;0
100.3;14368768;0
71.0;14225408;0
100.8;14225408;0
49.9;14368768;0
99.7;14368768;0
71.7;14430208;0
99.4;14430208;0
66.5;14434304;0
99.7;14434304;0
50.4;14524416;0
99.4;14524416;0
57.3;14561280;0
99.7;14561280;0
49.9;14614528;0
99.4;12595200;0
71.7;14635008;0
86.0;12611584;0
83.1;14716928;0
84.0;12693504;0
99.7;14807040;0
71.7;12783616;0
99.7;14745600;0
57.3;13991936;0
100.8;15011840;0
66.5;14839808;0
99.7;14839808;0
71.7;14983168;0
99.4;14983168;0
71.7;15044608;0
99.7;15044608;0
67.2;14987264;0
99.7;15015936;0
66.5;15114240;0
100.3;13094912;0
56.8;15081472;0
99.7;15081472;0
49.9;15175680;0
84.0;13156352;0
71.0;15343616;0
71.7;13324288;0
83.1;15282176;0
66.5;13258752;0
99.7;15409152;0
49.9;14462976;0
100.3;15409152;0
56.8;17371136;0
100.3;15380480;0
86.0;15474688;0
99.4;15474688;0
57.3;15474688;0
99.7;15474688;0
50.4;16510976;0
99.7;16515072;0
66.5;15618048;0
100.3;15618048;0
71.0;15622144;0
86.0;13602816;0
71.0;15613952;0
100.8;13651968;0
66.5;15781888;0
83.1;13762560;0
84.0;15757312;0
66.5;13733888;0
86.0;15872000;0
71.0;13848576;0
100.3;15958016;0
71.7;17948672;0
99.4;15953920;0
57.3;16048128;0
100.3;16048128;0
49.9;16097280;0
99.7;16097280;0
49.9;16015360;0
100.8;16072704;0
49.9;16379904;0
99.7;16379904;0
67.2;16195584;0
83.1;14172160;0
83.1;16158720;0
71.0;14139392;0
86.0;16379904;0
71.7;14356480;0
99.7;16285696;0
49.9;16351232;0
100.3;16355328;0
56.8;16416768;0
100.3;16416768;0
56.8;16547840;0
100.3;16547840;0
57.3;16478208;0
99.4;16478208;0
57.3;17215488;0
99.7;15192064;0
66.5;16719872;0
83.1;14761984;0
66.5;16850944;0
84.0;14831616;0
71.0;16785408;0
66.5;14761984;0
86.0;16748544;0
56.8;15933440;0
100.3;16900096;0
56.8;17473536;0
100.3;17473536;0
50.4;16900096;0
99.4;16961536;0
57.3;17039360;0
100.3;17039360;0
71.0;17072128;0
100.3;17072128;0
71.0;17154048;0
71.7;15134720;0
86.0;17162240;0
71.0;15142912;0
100.3;17166336;0
67.2;17166336;0
99.4;17227776;0
49.9;17305600;0
99.7;17305600;0
66.5;17301504;0
100.8;17301504;0
49.9;17436672;0
99.7;15417344;0
67.2;17444864;0
83.1;15421440;0
83.1;17465344;0
83.1;15503360;0
99.7;17666048;0
67.2;15642624;0
99.7;17571840;0
66.5;19542016;0
100.8;17629184;0
49.9;17702912;0
99.4;17702912;0
71.7;17698816;0
99.4;17698816;0
71.7;17768448;0
99.7;17768448;0
83.1;17944576;0
100.8;15925248;0
83.1;17829888;0
83.1;15810560;0
99.7;17895424;0
66.5;15876096;0
100.3;17973248;0
57.3;17985536;0
99.4;17985536;0
57.3;18247680;0
100.3;18247680;0
71.0;18116608;0
100.3;18116608;0
66.5;19062784;0
83.1;17092608;0
84.0;19456000;0
66.5;17432576;0
116.4;18247680;0
67.2;16228352;0
99.7;18317312;0
56.8;18456576;0
99.7;18456576;0
66.5;18378752;0
99.7;18378752;0
50.4;18513920;0
99.7;18272256;0
71.0;18567168;0
86.0;16547840;0
86.0;18518016;0
71.0;16556032;0
100.3;19279872;0
56.8;18657280;0
100.3;18657280;0
71.7;18653184;0
99.4;18714624;0
71.7;19374080;0
100.8;19374080;0
49.9;18792448;0
99.7;18792448;0
66.5;19390464;0
99.7;17420288;0
84.0;18972672;0
66.5;16953344;0
99.7;18931712;0
71.7;18923520;0
100.3;18984960;0
71.0;19062784;0
100.3;19062784;0
85.2;19861504;0
100.3;19861504;0
71.7;19124224;0
99.4;17104896;0
71.7;19808256;0
86.0;17784832;0
71.0;19202048;0
71.7;17240064;0
85.2;19337216;0
57.3;18345984;0
100.8;19333120;0
49.9;19939328;0
99.7;19992576;0
99.4;19484672;0
71.7;19472384;0
100.3;19472384;0
49.9;20324352;0
99.7;20373504;0
67.2;20533248;0
99.7;20533248;0
66.5;19615744;0
86.0;17596416;0
85.2;19668992;0
71.7;17645568;0
86.0;19742720;0
56.8;17719296;0
100.3;19738624;0
50.4;20537344;0
100.3;20590592;0
71.0;20590592;0
100.3;20590592;0
66.5;20590592;0
99.7;18538496;0
84.0;21102592;0
83.1;19079168;0
99.7;21102592;0
86.0;21614592;0
100.3;19992576;0
71.0;20127744;0
100.3;20127744;0
49.9;21049344;0
99.7;21049344;0
50.4;20131840;0
100.3;20193280;0
71.0;20267008;0
71.7;18243584;0
100.3;21053440;0
71.0;19030016;0
99.7;21106688;0
49.9;20398080;0
99.4;20398080;0
66.5;20987904;0
100.8;20987904;0
49.9;20455424;0
99.7;18436096;0
71.7;21446656;0
86.0;19427328;0
85.2;20529152;0
66.5;18571264;0
99.7;20668416;0
