8.4;18.8;1.9;0.0;457.0


8.4;131.4;7.0;0.0;457.0


8.3;105.2;9.5;0.0;457.0


0.0;52.4;5.0;1.0;457.0


0.0;0.3;0.0;1.0;457.0


8.3;29.0;1.1;0.0;457.0


7.0;0.3;0.0;6.0;642.0


8.4;0.0;0.0;5.0;774.0


8.4;0.0;0.0;7.0;916.0


8.3;0.2;0.0;6.0;1030.0


8.3;0.0;0.0;4.0;1204.0


8.3;70.2;67.7;2.0;1304.0


8.4;84.8;353.6;36.0;1864.0


13.1;0.1;0.0;61.0;1864.0


0.0;0.3;0.0;0.0;1864.0


6.0;216.9;9.2;0.0;1864.0


6.0;1259.8;55.4;0.0;1864.0


8.3;16.2;0.9;0.0;1864.0


8.4;0.0;0.0;0.0;1864.0


8.3;0.0;0.0;0.0;1864.0


8.4;0.0;0.0;0.0;1864.0


8.3;0.0;0.0;0.0;1864.0


8.4;0.0;0.0;0.0;1864.0


8.4;0.0;0.0;0.0;1864.0


8.3;0.0;0.0;0.0;1864.0


8.4;0.0;0.0;0.0;1864.0


8.3;0.0;0.0;0.0;1864.0


8.4;0.0;0.0;0.0;1864.0


8.3;0.0;0.0;0.0;1864.0


8.3;0.0;0.0;0.0;1864.0


8.4;0.0;0.0;0.0;1864.0


8.3;0.0;0.0;0.0;1864.0


8.3;0.0;0.0;1.0;1864.0


8.3;0.0;0.0;0.0;1864.0


8.3;0.0;0.0;0.0;1864.0


8.3;0.0;0.0;0.0;1864.0


8.3;0.0;0.0;0.0;1864.0


5.6;0.1;0.0;0.0;1864.0


1.2;0.3;0.0;0.0;1864.0


5.2;220.7;9.4;0.0;1864.0


8.4;1271.6;55.9;0.0;1864.0


8.3;1.0;0.3;1.0;1864.0


8.4;0.0;0.0;0.0;1864.0


8.3;0.0;0.0;0.0;1864.0


8.4;0.0;0.0;0.0;1864.0


8.3;0.0;0.0;0.0;1864.0


8.3;0.0;0.0;0.0;1864.0


8.3;0.0;0.0;0.0;1864.0


8.3;0.0;0.0;1.0;1864.0


8.3;0.0;0.0;0.0;1864.0


8.3;0.0;0.0;0.0;1864.0


8.4;0.0;0.0;0.0;1864.0


8.4;0.0;0.0;0.0;1864.0


8.3;0.0;0.0;0.0;1864.0


8.4;0.0;0.0;0.0;1864.0


8.3;0.0;0.0;1.0;1864.0


8.4;0.0;0.0;0.0;1864.0


8.4;0.0;0.0;1.0;1864.0


8.3;0.0;0.0;1.0;1864.0


8.4;0.0;0.0;1.0;1864.0


8.4;0.0;0.0;1.0;1864.0


8.4;1.0;0.3;1.0;1864.0


8.3;0.0;0.0;1.0;1864.0


8.4;0.0;0.0;2.0;1864.0


8.3;0.0;0.0;4.0;1864.0


8.3;0.0;0.0;3.0;1864.0


8.3;0.0;0.0;3.0;1864.0


8.3;0.0;0.0;4.0;1864.0


8.3;0.0;0.0;4.0;1864.0


8.3;0.0;0.0;4.0;1864.0


8.3;0.0;0.0;4.0;1864.0


8.3;0.0;0.0;5.0;1864.0


8.3;0.2;0.0;44.0;1870.0


50.2;0.0;0.0;40.0;2500.0


8.4;0.0;0.0;47.0;2500.0


8.3;0.0;0.0;46.0;2500.0


8.4;0.0;0.0;48.0;2500.0


8.3;0.0;0.0;47.0;2500.0


8.4;0.0;0.0;48.0;2500.0


8.3;0.0;0.0;48.0;2500.0


8.4;0.0;0.0;47.0;2500.0


8.3;0.0;0.0;48.0;2500.0


8.3;0.0;0.0;48.0;2500.0


8.3;0.0;0.0;48.0;2500.0


8.3;0.0;0.0;48.0;2500.0


8.3;0.0;0.0;48.0;2502.0


0.0;3.7;0.3;0.0;2502.0


0.0;0.3;0.0;1.0;2502.0


10.8;1163.9;50.8;0.0;2502.0


8.3;329.6;14.7;0.0;2502.0


8.4;0.0;0.0;0.0;2502.0


8.3;0.0;0.0;0.0;2502.0


8.4;0.0;0.0;1.0;2502.0


8.4;0.0;0.0;0.0;2502.0


8.3;0.0;0.0;1.0;2502.0


8.4;0.0;0.0;0.0;2502.0


8.3;0.0;0.0;0.0;2502.0


8.4;0.0;0.0;0.0;2502.0


8.3;0.0;0.0;0.0;2502.0


8.4;0.0;0.0;0.0;2502.0


8.3;0.0;0.0;0.0;2502.0


8.3;0.0;0.0;0.0;2502.0


8.4;0.0;0.0;0.0;2502.0


8.3;0.0;0.0;0.0;2502.0


8.4;0.0;0.0;0.0;2502.0


8.4;0.0;0.0;0.0;2502.0


8.3;0.0;0.0;0.0;2502.0


8.4;0.0;0.0;0.0;2502.0


8.3;0.0;0.0;0.0;2502.0


8.4;0.1;0.0;0.0;2502.0


0.0;0.3;0.0;0.0;2502.0


4.2;221.7;9.5;0.0;2502.0


9.8;1269.9;55.8;0.0;2502.0


8.3;1.2;0.3;0.0;2502.0


8.4;0.0;0.0;0.0;2502.0


8.3;0.0;0.0;0.0;2502.0


8.3;0.0;0.0;0.0;2502.0


8.3;0.0;0.0;0.0;2502.0


8.3;0.0;0.0;0.0;2502.0


8.3;0.0;0.0;0.0;2502.0


8.3;0.0;0.0;0.0;2502.0


8.3;0.0;0.0;0.0;2502.0


8.3;0.0;0.0;0.0;2502.0


8.3;0.0;0.0;0.0;2502.0


8.4;0.0;0.0;1.0;2502.0


8.3;0.0;0.0;0.0;2502.0


8.4;0.0;0.0;0.0;2502.0


8.3;0.0;0.0;0.0;2502.0


8.4;0.0;0.0;0.0;2502.0


8.4;0.0;0.0;0.0;2502.0


8.3;0.0;0.0;0.0;2502.0


8.4;0.0;0.0;0.0;2502.0


8.3;0.0;0.0;0.0;2502.0


8.4;1.0;0.3;0.0;2502.0


8.3;0.0;0.0;0.0;2502.0


8.4;0.0;0.0;0.0;2502.0


8.4;0.0;0.0;0.0;2502.0


8.3;0.0;0.0;0.0;2502.0


8.3;0.0;0.0;0.0;2502.0


8.3;0.0;0.0;0.0;2502.0


8.3;0.0;0.0;0.0;2502.0


8.4;0.0;0.0;0.0;2502.0


8.3;0.0;0.0;0.0;2502.0


11.9;0.0;0.0;29.0;2506.0


8.3;0.0;0.0;43.0;2506.0


25.1;0.0;0.0;45.0;2506.0


8.4;0.0;0.0;46.0;2506.0


8.4;0.0;0.0;47.0;2506.0


8.4;0.0;0.0;47.0;2506.0


8.3;0.0;0.0;46.0;2506.0


8.4;0.0;0.0;47.0;2506.0


8.3;0.0;0.0;47.0;2506.0


8.3;0.0;0.0;46.0;2506.0


8.3;0.0;0.0;47.0;2506.0


8.3;0.0;0.0;47.0;2506.0


8.3;0.0;0.0;47.0;2506.0


8.3;0.0;0.0;46.0;2506.0


0.0;3.7;0.3;0.0;2506.0


0.0;0.3;0.0;0.0;2506.0


8.3;560.0;24.4;0.0;2506.0


8.4;931.0;40.9;0.0;2506.0


8.3;1.0;0.3;1.0;2506.0


8.4;0.0;0.0;0.0;2506.0


8.3;0.0;0.0;0.0;2506.0


8.4;0.0;0.0;0.0;2506.0


8.4;0.0;0.0;0.0;2506.0


8.3;0.0;0.0;0.0;2506.0


8.4;0.0;0.0;0.0;2506.0


8.3;0.0;0.0;1.0;2506.0


8.4;0.0;0.0;0.0;2506.0


8.3;0.0;0.0;0.0;2506.0


8.4;0.0;0.0;0.0;2506.0


8.4;0.0;0.0;0.0;2506.0


8.3;0.0;0.0;0.0;2506.0


8.3;0.0;0.0;0.0;2506.0


8.3;0.0;0.0;1.0;2506.0


8.4;0.0;0.0;1.0;2506.0


8.4;0.0;0.0;1.0;2506.0


8.3;0.0;0.0;1.0;2506.0


8.4;0.0;0.0;1.0;2506.0


8.3;0.0;0.0;1.0;2506.0


0.0;0.1;0.0;1.0;2506.0


0.0;0.3;0.0;4.0;2506.0


7.2;891.1;39.0;4.0;2506.0


8.4;600.0;26.6;3.0;2506.0


8.4;0.0;0.0;3.0;2506.0


8.4;0.0;0.0;4.0;2506.0


8.3;0.0;0.0;3.0;2506.0


8.4;0.0;0.0;3.0;2506.0


8.3;0.0;0.0;3.0;2506.0


8.3;0.0;0.0;4.0;2506.0


8.3;0.0;0.0;3.0;2506.0


8.3;0.0;0.0;3.0;2506.0


8.3;0.0;0.0;4.0;2506.0


8.3;0.0;0.0;2.0;2506.0


8.4;0.0;0.0;3.0;2506.0


8.4;0.0;0.0;4.0;2506.0


8.3;0.0;0.0;3.0;2506.0


8.4;0.0;0.0;2.0;2506.0


8.3;0.0;0.0;2.0;2506.0


8.4;0.0;0.0;4.0;2506.0


8.4;0.0;0.0;3.0;2506.0


8.3;0.0;0.0;3.0;2506.0


8.4;0.0;0.0;4.0;2506.0


8.3;0.0;0.0;4.0;2506.0


8.3;1.0;0.3;2.0;2506.0


8.3;0.0;0.0;2.0;2506.0


8.4;0.0;0.0;5.0;2506.0


8.3;0.0;0.0;3.0;2506.0


8.3;0.0;0.0;4.0;2506.0


8.3;0.0;0.0;3.0;2506.0


8.3;0.0;0.0;4.0;2506.0


8.3;0.0;0.0;3.0;2506.0


8.3;0.0;0.0;3.0;2506.0


8.3;0.0;0.0;4.0;2506.0


8.4;0.0;0.0;100.0;2506.0


8.3;0.0;0.0;45.0;2506.0


8.4;0.0;0.0;47.0;2506.0


8.3;0.0;0.0;46.0;2506.0


8.4;0.0;0.0;46.0;2506.0


8.4;0.0;0.0;46.0;2506.0


8.3;0.0;0.0;47.0;2506.0


8.4;0.0;0.0;46.0;2506.0


8.3;0.0;0.0;47.0;2506.0


8.3;0.0;0.0;47.0;2506.0


8.3;0.0;0.0;46.0;2506.0


8.3;0.0;0.0;47.0;2506.0


8.3;0.0;0.0;45.0;2506.0


8.3;0.0;0.0;47.0;2506.0


0.0;3.7;0.3;0.0;2506.0


0.0;0.3;0.0;0.0;2506.0


12.5;890.6;38.9;0.0;2506.0


8.4;601.9;26.7;0.0;2506.0


8.3;0.0;0.0;0.0;2506.0


8.4;0.0;0.0;0.0;2506.0


8.3;0.0;0.0;0.0;2506.0


8.4;0.0;0.0;0.0;2506.0


8.4;0.0;0.0;0.0;2506.0


8.3;0.0;0.0;0.0;2506.0


8.4;0.0;0.0;0.0;2506.0


8.3;0.0;0.0;0.0;2506.0


8.3;0.0;0.0;0.0;2506.0


8.3;0.0;0.0;0.0;2506.0


8.4;0.0;0.0;0.0;2506.0


8.4;0.0;0.0;0.0;2506.0


8.3;0.0;0.0;0.0;2506.0


8.3;0.0;0.0;0.0;2506.0


8.3;0.0;0.0;0.0;2506.0


8.3;0.0;0.0;0.0;2506.0


8.4;0.0;0.0;0.0;2506.0


8.4;0.0;0.0;0.0;2506.0


8.4;0.0;0.0;0.0;2506.0


8.4;0.0;0.0;0.0;2506.0


0.0;0.4;0.0;1.0;2506.0


4.2;181.0;7.7;0.0;2506.0


8.3;1310.2;57.6;0.0;2506.0


8.3;1.0;0.3;0.0;2506.0


8.4;0.0;0.0;0.0;2506.0


8.3;0.0;0.0;0.0;2506.0


8.4;0.0;0.0;0.0;2506.0


8.3;0.0;0.0;0.0;2506.0


8.3;0.0;0.0;0.0;2506.0


8.4;0.0;0.0;1.0;2506.0


8.3;0.0;0.0;0.0;2506.0


8.4;0.0;0.0;0.0;2506.0


8.4;0.0;0.0;0.0;2506.0


8.4;0.0;0.0;0.0;2506.0


8.4;0.0;0.0;1.0;2506.0


6.9;0.0;0.0;0.0;2506.0


8.4;0.0;0.0;0.0;2506.0


8.3;0.0;0.0;0.0;2506.0


8.3;0.0;0.0;0.0;2506.0


8.3;0.0;0.0;0.0;2506.0


8.3;0.0;0.0;0.0;2506.0


8.4;0.0;0.0;0.0;2506.0


8.3;0.0;0.0;0.0;2506.0


8.4;1.0;0.3;0.0;2506.0


8.3;0.0;0.0;0.0;2506.0


8.3;0.0;0.0;0.0;2506.0


8.3;0.0;0.0;0.0;2506.0


8.3;0.0;0.0;0.0;2506.0


8.4;0.0;0.0;0.0;2506.0


8.3;0.0;0.0;0.0;2506.0


8.4;0.0;0.0;0.0;2506.0


8.4;0.0;0.0;0.0;2506.0


8.3;0.0;0.0;0.0;2506.0


8.4;0.0;0.0;1.0;2506.0


8.4;0.0;0.0;43.0;2506.0


50.0;0.0;0.0;38.0;3126.0


8.3;0.0;0.0;47.0;3126.0


8.3;0.0;0.0;45.0;3126.0


8.3;0.0;0.0;46.0;3126.0


8.3;0.0;0.0;46.0;3126.0


8.3;0.0;0.0;47.0;3126.0


8.3;0.0;0.0;46.0;3126.0


8.4;0.0;0.0;32.0;3126.0


8.3;0.0;0.0;47.0;3126.0


8.3;0.0;0.0;46.0;3126.0


8.4;0.0;0.0;47.0;3126.0


8.3;0.0;0.0;46.0;3126.0


