8.3;0.4;0.0;0.0;457.0


8.3;128.6;7.6;0.0;457.0


8.3;93.0;7.4;0.0;457.0


7.1;85.8;8.4;0.0;457.0


0.0;0.3;0.0;0.0;457.0


4.2;26.2;1.0;1.0;457.0


8.3;2.3;0.2;2.0;604.0


8.4;0.0;0.0;7.0;736.0


8.4;0.0;0.0;6.0;872.0


8.3;0.0;0.0;7.0;998.0


8.4;0.2;0.0;4.0;1098.0


8.3;70.2;67.7;11.0;1246.0


8.4;45.8;162.0;17.0;1850.0


50.2;39.0;191.6;69.0;1850.0


0.0;0.1;0.0;1.0;1850.0


0.0;0.3;0.0;1.0;1850.0


9.7;1180.1;51.6;0.0;1850.0


8.4;311.7;13.9;1.0;1850.0


8.3;0.0;0.0;0.0;1850.0


8.4;0.0;0.0;0.0;1850.0


8.3;0.0;0.0;0.0;1850.0


8.3;0.0;0.0;0.0;1850.0


8.4;0.0;0.0;0.0;1850.0


8.3;0.0;0.0;0.0;1850.0


8.3;0.0;0.0;1.0;1850.0


8.3;0.0;0.0;0.0;1850.0


8.3;0.0;0.0;0.0;1850.0


8.3;0.0;0.0;0.0;1850.0


8.3;0.0;0.0;0.0;1850.0


8.4;0.0;0.0;0.0;1850.0


8.4;0.0;0.0;0.0;1850.0


8.3;0.0;0.0;1.0;1850.0


8.4;0.0;0.0;0.0;1850.0


8.3;0.0;0.0;0.0;1850.0


8.4;0.0;0.0;0.0;1850.0


8.3;0.0;0.0;0.0;1850.0


8.3;0.0;0.0;0.0;1850.0


8.3;0.0;0.0;0.0;1850.0


0.0;0.4;0.0;1.0;1850.0


7.1;227.7;9.7;0.0;1850.0


13.0;1263.8;55.5;0.0;1850.0


8.3;1.0;0.3;0.0;1850.0


8.3;0.0;0.0;0.0;1850.0


8.4;0.0;0.0;0.0;1850.0


8.4;0.0;0.0;0.0;1850.0


8.3;0.0;0.0;1.0;1850.0


8.4;0.0;0.0;0.0;1850.0


8.3;0.0;0.0;0.0;1850.0


8.4;0.0;0.0;0.0;1850.0


8.3;0.0;0.0;0.0;1850.0


8.3;0.0;0.0;0.0;1850.0


8.4;0.0;0.0;0.0;1850.0


8.3;0.0;0.0;0.0;1850.0


8.4;0.0;0.0;1.0;1850.0


8.3;0.0;0.0;0.0;1850.0


8.4;0.0;0.0;0.0;1850.0


8.3;0.0;0.0;0.0;1850.0


8.3;0.0;0.0;0.0;1850.0


8.4;0.0;0.0;0.0;1850.0


8.3;0.0;0.0;1.0;1850.0


8.3;0.0;0.0;0.0;1850.0


8.4;1.0;0.3;0.0;1850.0


8.3;0.0;0.0;0.0;1850.0


8.4;0.0;0.0;0.0;1850.0


8.3;0.0;0.0;0.0;1850.0


8.4;0.0;0.0;0.0;1850.0


8.4;0.0;0.0;0.0;1850.0


8.3;0.0;0.0;0.0;1850.0


8.4;0.0;0.0;1.0;1850.0


8.3;0.0;0.0;0.0;1850.0


8.4;0.0;0.0;0.0;1850.0


8.3;0.0;0.0;16.0;1850.0


8.3;0.2;0.0;43.0;2060.0


49.7;0.0;0.0;43.0;2484.0


8.3;0.0;0.0;47.0;2484.0


8.3;0.0;0.0;47.0;2484.0


8.3;0.0;0.0;47.0;2484.0


8.3;0.0;0.0;47.0;2484.0


8.3;0.0;0.0;48.0;2484.0


8.4;0.0;0.0;48.0;2484.0


8.4;0.0;0.0;47.0;2484.0


8.3;0.0;0.0;47.0;2484.0


8.4;0.0;0.0;48.0;2484.0


8.3;0.0;0.0;48.0;2484.0


8.4;0.0;0.0;48.0;2484.0


2.4;3.7;0.3;1.0;2486.0


0.0;0.3;0.0;0.0;2486.0


3.6;229.2;9.8;0.0;2486.0


8.3;1263.0;55.5;0.0;2486.0


8.4;1.0;0.3;0.0;2486.0


8.3;0.0;0.0;0.0;2486.0


8.4;0.0;0.0;0.0;2486.0


8.4;0.0;0.0;0.0;2486.0


8.3;0.0;0.0;1.0;2486.0


8.3;0.0;0.0;0.0;2486.0


8.3;0.0;0.0;0.0;2486.0


8.3;0.0;0.0;0.0;2486.0


8.4;0.0;0.0;0.0;2486.0


8.3;0.0;0.0;0.0;2486.0


8.4;0.0;0.0;0.0;2486.0


8.3;0.0;0.0;1.0;2486.0


8.4;0.0;0.0;0.0;2486.0


8.4;0.0;0.0;0.0;2486.0


9.6;0.0;0.0;0.0;2486.0


8.4;0.0;0.0;0.0;2486.0


8.3;0.0;0.0;0.0;2486.0


8.4;0.0;0.0;0.0;2486.0


8.3;0.0;0.0;1.0;2486.0


8.3;0.0;0.0;0.0;2486.0


4.2;0.1;0.0;0.0;2486.0


1.2;0.3;0.0;1.0;2486.0


5.2;227.3;9.7;1.0;2486.0


6.9;1263.9;55.5;1.0;2486.0


8.3;1.0;0.3;1.0;2486.0


8.3;0.0;0.0;1.0;2486.0


8.3;0.0;0.0;1.0;2486.0


8.3;0.0;0.0;3.0;2486.0


8.3;0.0;0.0;3.0;2486.0


8.4;0.0;0.0;2.0;2486.0


8.3;0.0;0.0;2.0;2486.0


8.4;0.0;0.0;3.0;2486.0


8.4;0.0;0.0;4.0;2486.0


8.3;0.0;0.0;3.0;2486.0


8.4;0.0;0.0;3.0;2486.0


8.3;0.0;0.0;2.0;2486.0


8.3;0.0;0.0;3.0;2486.0


8.3;0.0;0.0;3.0;2486.0


8.4;0.0;0.0;4.0;2486.0


8.4;0.0;0.0;4.0;2486.0


8.3;0.0;0.0;3.0;2486.0


8.3;0.0;0.0;4.0;2486.0


8.3;0.0;0.0;3.0;2486.0


8.4;0.0;0.0;3.0;2486.0


8.4;1.0;0.3;3.0;2486.0


8.3;0.0;0.0;4.0;2486.0


8.4;0.0;0.0;4.0;2486.0


8.3;0.0;0.0;3.0;2486.0


8.4;0.0;0.0;5.0;2486.0


8.4;0.0;0.0;3.0;2486.0


8.4;0.0;0.0;3.0;2486.0


8.4;0.0;0.0;3.0;2486.0


8.4;0.0;0.0;3.0;2486.0


8.3;0.0;0.0;3.0;2486.0


8.3;0.0;0.0;49.0;2486.0


8.3;0.0;0.0;43.0;2490.0


50.2;0.0;0.0;40.0;3130.0


8.4;0.0;0.0;47.0;3130.0


8.3;0.0;0.0;47.0;3130.0


8.4;0.0;0.0;47.0;3130.0


8.3;0.0;0.0;47.0;3130.0


8.4;0.0;0.0;47.0;3130.0


8.4;0.0;0.0;47.0;3130.0


8.4;0.0;0.0;47.0;3130.0


8.4;0.0;0.0;48.0;3130.0


8.3;0.0;0.0;46.0;3130.0


8.4;0.0;0.0;46.0;3130.0


8.3;0.0;0.0;47.0;3130.0


8.3;0.0;0.0;47.0;3130.0


0.0;3.8;0.3;0.0;3130.0


0.0;0.3;0.0;0.0;3130.0


9.4;1243.3;54.3;0.0;3130.0


8.3;249.9;11.2;0.0;3130.0


8.4;0.0;0.0;0.0;3130.0


8.4;0.0;0.0;0.0;3130.0


8.3;0.0;0.0;0.0;3130.0


8.4;0.0;0.0;0.0;3130.0


8.3;0.0;0.0;0.0;3130.0


9.8;0.0;0.0;0.0;3130.0


8.3;0.0;0.0;0.0;3130.0


8.4;0.0;0.0;0.0;3130.0


9.8;0.0;0.0;0.0;3130.0


8.3;0.0;0.0;0.0;3130.0


8.4;0.0;0.0;0.0;3130.0


8.3;0.0;0.0;0.0;3130.0


8.3;0.0;0.0;0.0;3130.0


8.3;0.0;0.0;0.0;3130.0


8.4;0.0;0.0;0.0;3130.0


8.4;0.0;0.0;0.0;3130.0


8.3;0.0;0.0;1.0;3130.0


8.4;0.0;0.0;0.0;3130.0


8.3;0.0;0.0;0.0;3130.0


8.3;0.0;0.0;0.0;3130.0


0.0;0.1;0.0;0.0;3130.0


0.0;0.3;0.0;0.0;3130.0


7.2;902.2;39.4;0.0;3130.0


8.3;590.1;26.1;0.0;3130.0


8.4;0.0;0.0;0.0;3130.0


8.4;0.0;0.0;0.0;3130.0


8.4;0.0;0.0;0.0;3130.0


8.4;0.0;0.0;0.0;3130.0


8.3;0.0;0.0;0.0;3130.0


8.4;0.0;0.0;0.0;3130.0


8.3;0.0;0.0;1.0;3130.0


8.3;0.0;0.0;0.0;3130.0


8.3;0.0;0.0;0.0;3130.0


8.3;0.0;0.0;0.0;3130.0


8.3;0.0;0.0;0.0;3130.0


8.3;0.0;0.0;0.0;3130.0


8.3;0.0;0.0;0.0;3130.0


8.4;0.0;0.0;1.0;3130.0


8.3;0.0;0.0;0.0;3130.0


8.4;0.0;0.0;0.0;3130.0


8.3;0.0;0.0;0.0;3130.0


8.4;0.0;0.0;0.0;3130.0


8.3;0.0;0.0;0.0;3130.0


8.4;0.0;0.0;0.0;3130.0


8.4;1.0;0.3;0.0;3130.0


8.3;0.0;0.0;0.0;3130.0


8.3;0.0;0.0;1.0;3130.0


8.3;0.0;0.0;0.0;3130.0


8.3;0.0;0.0;0.0;3130.0


8.3;0.0;0.0;0.0;3130.0


8.4;0.0;0.0;0.0;3130.0


8.4;0.0;0.0;0.0;3130.0


8.3;0.0;0.0;0.0;3130.0


8.3;0.0;0.0;1.0;3130.0


8.3;0.0;0.0;50.0;3132.0


43.8;0.0;0.0;38.0;3132.0


8.3;0.0;0.0;45.0;3132.0


8.3;0.0;0.0;46.0;3132.0


8.4;0.0;0.0;45.0;3132.0


8.4;0.0;0.0;47.0;3132.0


8.4;0.0;0.0;47.0;3132.0


8.4;0.0;0.0;46.0;3132.0


8.4;0.0;0.0;47.0;3132.0


8.4;0.0;0.0;46.0;3132.0


8.3;0.0;0.0;47.0;3132.0


8.4;0.0;0.0;46.0;3132.0


8.3;0.0;0.0;47.0;3132.0


8.3;0.0;0.0;47.0;3132.0


0.0;3.7;0.3;0.0;3132.0


0.0;0.3;0.0;0.0;3132.0


10.8;1236.0;54.0;0.0;3132.0


8.3;257.4;11.5;0.0;3132.0


8.3;0.0;0.0;0.0;3132.0


8.4;0.0;0.0;0.0;3132.0


8.3;0.0;0.0;1.0;3132.0


9.8;0.0;0.0;1.0;3132.0


8.3;0.0;0.0;1.0;3132.0


8.4;0.0;0.0;1.0;3132.0


8.3;0.0;0.0;0.0;3132.0


8.3;0.0;0.0;1.0;3132.0


8.4;0.0;0.0;1.0;3132.0


8.3;0.0;0.0;1.0;3132.0


8.3;0.0;0.0;1.0;3132.0


8.3;0.0;0.0;1.0;3132.0


8.3;0.0;0.0;1.0;3132.0


8.3;0.0;0.0;1.0;3132.0


8.4;0.0;0.0;2.0;3132.0


8.4;0.0;0.0;2.0;3132.0


8.3;0.0;0.0;4.0;3132.0


8.4;0.0;0.0;3.0;3132.0


8.3;0.0;0.0;5.0;3132.0


8.3;0.0;0.0;3.0;3132.0


0.0;0.1;0.0;4.0;3132.0


0.0;0.3;0.0;3.0;3132.0


8.4;1237.9;54.2;3.0;3132.0


8.3;254.0;11.4;3.0;3132.0


8.4;0.0;0.0;3.0;3132.0


8.4;0.0;0.0;4.0;3132.0


8.4;0.0;0.0;3.0;3132.0


8.4;0.0;0.0;3.0;3132.0


8.3;0.0;0.0;3.0;3132.0


8.3;0.0;0.0;3.0;3132.0


8.3;0.0;0.0;3.0;3132.0


8.4;0.0;0.0;3.0;3132.0


8.4;0.0;0.0;4.0;3132.0


8.3;0.0;0.0;4.0;3132.0


8.4;0.0;0.0;4.0;3132.0


8.3;0.0;0.0;2.0;3132.0


8.3;0.0;0.0;2.0;3132.0


8.3;0.0;0.0;3.0;3132.0


8.3;0.0;0.0;2.0;3132.0


8.4;0.0;0.0;4.0;3132.0


8.3;0.0;0.0;4.0;3132.0


8.3;0.0;0.0;4.0;3132.0


8.3;0.0;0.0;3.0;3132.0


8.3;1.0;0.3;3.0;3132.0


8.4;0.0;0.0;2.0;3132.0


8.3;0.0;0.0;3.0;3132.0


8.3;0.0;0.0;4.0;3132.0


8.3;0.0;0.0;4.0;3132.0


8.3;0.0;0.0;3.0;3132.0


8.3;0.0;0.0;3.0;3132.0


8.3;0.0;0.0;5.0;3132.0


8.4;0.0;0.0;3.0;3132.0


8.3;0.0;0.0;3.0;3132.0


8.4;0.0;0.0;2.0;3132.0


8.3;0.0;0.0;61.0;3132.0


20.1;0.0;0.0;44.0;3132.0


8.4;0.0;0.0;47.0;3132.0


8.3;0.0;0.0;46.0;3132.0


8.4;0.0;0.0;46.0;3132.0


8.4;0.0;0.0;47.0;3132.0


8.4;0.0;0.0;47.0;3132.0


8.4;0.0;0.0;47.0;3132.0


8.4;0.0;0.0;34.0;3132.0


8.4;0.0;0.0;47.0;3132.0


8.3;0.0;0.0;47.0;3132.0


8.3;0.0;0.0;47.0;3132.0


