0.0;10510336;0
0.0;10510336;0
0.0;10510336;0
0.0;10510336;0
33.2;18669568;0
100.8;14692352;0
142.0;18915328;0
199.5;19128320;0
199.5;23191552;0
200.7;23240704;0
156.2;23367680;0
201.6;23285760;0
182.8;27475968;0
157.7;23289856;0
198.9;27344896;0
151.2;23543808;0
166.2;27701248;0
143.3;23642112;0
216.1;31657984;0
166.2;23748608;0
198.9;31956992;0
200.7;31956992;0
199.5;31956992;0
182.8;31956992;0
157.7;27930624;0
113.6;28078080;0
199.5;31924224;0
199.5;32018432;0
201.6;32051200;0
198.9;32100352;0
200.7;32182272;0
149.6;24477696;0
133.0;25825280;0
199.5;32272384;0
199.5;32276480;0
200.7;32276480;0
198.9;32337920;0
201.6;32329728;0
199.5;32337920;0
172.0;32366592;0
198.9;28393472;177
200.7;33087488;100
199.5;32403456;0
199.5;32468992;0
157.7;28446720;0
184.7;32509952;0
199.5;32595968;0
199.5;32600064;0
129.0;28590080;0
198.9;32620544;0
201.6;32620544;0
199.5;32620544;0
157.7;28815360;0
213.1;32645120;0
201.6;32645120;0
199.5;28016640;0
199.5;33239040;0
200.7;33239040;0
170.5;28393472;0
149.6;33263616;0
199.5;32468992;0
201.6;32522240;0
170.5;28499968;0
172.0;33304576;0
199.5;33325056;0
166.2;29302784;0
170.5;32571392;0
200.7;32571392;0
199.5;32579584;0
199.5;32591872;0
186.4;32546816;0
170.5;28524544;0
199.5;33222656;0
199.5;33230848;0
201.6;33243136;0
198.9;33243136;0
129.0;25276416;0
215.0;32595968;0
166.2;28168192;0
199.5;32673792;0
199.5;32694272;0
200.7;32706560;0
198.9;32706560;0
172.0;32849920;0
199.5;32849920;0
199.5;32653312;0
199.5;32657408;0
199.5;32657408;0
200.7;32657408;0
198.9;32657408;0
84.0;24604672;0
182.8;33398784;0
199.5;33533952;0
199.5;33533952;0
200.7;33533952;0
200.7;33574912;0
198.9;33574912;0
168.0;32624640;0
143.3;27201536;0
198.9;33599488;0
200.7;33599488;0
198.9;33603584;0
201.6;33611776;0
199.5;33624064;0
199.5;33619968;0
201.6;29593600;0
170.5;33669120;0
200.7;33669120;0
198.9;33669120;0
201.6;33669120;0
199.5;33669120;0
232.7;32735232;0
134.4;28708864;0
227.3;33402880;0
200.7;33402880;0
198.9;33402880;0
201.6;32337920;0
199.5;32636928;0
199.5;32636928;0
184.8;28610560;0
166.2;33230848;0
199.5;33230848;0
198.9;29208576;0
172.0;33271808;0
200.7;33271808;0
199.5;33271808;0
151.2;29249536;0
199.5;32632832;0
199.5;32645120;0
182.8;28684288;0
199.5;33271808;0
200.7;33312768;0
213.1;31375360;0
200.7;33316864;0
200.7;33316864;0
199.5;33316864;0
199.5;33316864;0
166.2;32755712;0
201.6;32755712;0
149.6;28733440;0
182.8;33546240;0
201.6;33546240;0
199.5;33546240;0
143.3;29523968;0
184.7;32694272;0
129.0;31952896;0
229.4;33325056;0
198.9;33325056;0
200.7;33325056;0
200.7;33325056;0
