0.0;10510336;0
0.0;10510336;0
0.0;10510336;0
0.0;10510336;0
0.0;10510336;0
0.0;10510336;0
0.0;10510336;0
0.0;10510336;0
0.0;10510336;0
0.0;10510336;0
0.0;10510336;0
0.0;10510336;0
0.0;10510336;0
0.0;10510336;0
0.0;10510336;0
0.0;10510336;0
0.0;10510336;0
0.0;10510336;0
0.0;10510336;0
0.0;10510336;0
0.0;10510336;0
0.0;10510336;0
0.0;10510336;0
0.0;10510336;0
0.0;10510336;0
0.0;10510336;0
0.0;10510336;0
0.0;10510336;0
0.0;10510336;0
0.0;10510336;0
0.0;10510336;0
0.0;10510336;0
0.0;10510336;0
0.0;10510336;0
0.0;10510336;0
0.0;10510336;0
0.0;10510336;0
85.2;46489600;0
100.3;84029440;0
99.7;116301824;0
99.7;141201408;0
99.7;173568000;0
99.7;195018752;102
100.3;195018752;738
83.1;194990080;592
0.0;194990080;0
0.0;194990080;0
0.0;194990080;0
0.0;194990080;0
0.0;194990080;0
0.0;194990080;0
0.0;194990080;0
0.0;194990080;0
0.0;194990080;0
0.0;194990080;0
0.0;194990080;0
0.0;194990080;0
0.0;194990080;0
0.0;194990080;0
0.0;194990080;0
0.0;194990080;0
0.0;194990080;0
0.0;194990080;0
0.0;194990080;0
0.0;194990080;0
0.0;194990080;0
0.0;194990080;0
0.0;194990080;0
0.0;194990080;0
0.0;194990080;0
0.0;194990080;0
0.0;194990080;0
0.0;194990080;0
0.0;194990080;0
0.0;194990080;0
66.5;220676096;0
100.8;260853760;0
99.7;293175296;0
100.3;315060224;0
100.3;347590656;0
99.4;377565184;0
99.7;198729728;0
0.0;198729728;0
0.0;198729728;0
0.0;198729728;0
0.0;198729728;0
0.0;198729728;0
0.0;198729728;0
0.0;198729728;0
0.0;198729728;0
0.0;198729728;0
0.0;198729728;0
0.0;198729728;0
0.0;198729728;0
0.0;198729728;0
0.0;198729728;0
0.0;198729728;0
0.0;198729728;0
0.0;198729728;0
0.0;198729728;0
0.0;198729728;0
0.0;198729728;0
0.0;198729728;0
0.0;198729728;0
0.0;198729728;0
0.0;198729728;0
0.0;198729728;0
0.0;198729728;0
0.0;198729728;0
0.0;198729728;0
0.0;198729728;0
0.0;198729728;0
86.0;230940672;0
99.4;268718080;0
100.3;300773376;0
99.4;327086080;0
100.3;359448576;0
100.3;385245184;0
99.7;241414144;0
0.0;198979584;0
0.0;198979584;0
0.0;198979584;0
0.0;198979584;0
0.0;198979584;0
0.0;198979584;0
0.0;198979584;0
0.0;198979584;0
0.0;198979584;0
0.0;198979584;0
0.0;198979584;0
0.0;198979584;0
0.0;198979584;0
0.0;198979584;0
0.0;198979584;0
0.0;198979584;0
0.0;198979584;0
0.0;198979584;0
0.0;198979584;0
0.0;198979584;0
0.0;198979584;0
0.0;198979584;0
0.0;198979584;0
0.0;198979584;0
0.0;198979584;0
0.0;198979584;0
0.0;198979584;0
0.0;198979584;0
0.0;198979584;0
0.0;198979584;0
49.9;212815872;0
