7.1;55.6;24.3;1.9;0.0;870.0
8.4;100.3;120.6;11.0;0.0;870.0
7.0;140.4;150.1;8.1;0.0;870.0
8.3;176.2;131.2;6.9;0.0;870.0
8.3;203.0;79.2;6.4;0.0;870.0
8.3;227.0;217.5;4.6;0.0;870.0
8.3;227.0;651.9;1.1;0.0;870.0
8.3;227.1;733.8;1.2;0.0;870.0
8.4;227.1;692.4;1.2;0.0;870.0
8.4;231.5;401.7;0.9;0.0;870.0
8.3;240.8;0.0;0.0;0.0;870.0
8.3;252.8;0.8;0.0;0.0;870.0
8.4;264.9;0.0;0.0;0.0;870.0
8.3;277.0;0.0;0.0;0.0;870.0
8.4;287.0;0.0;0.0;0.0;870.0
8.4;298.6;0.0;0.0;0.0;870.0
8.4;310.6;0.0;0.0;0.0;870.0
8.4;322.1;0.0;0.0;0.0;870.0
8.4;332.0;0.0;0.0;0.0;870.0
8.3;380.1;0.0;0.0;0.0;870.0
8.3;413.8;0.6;2.6;0.0;870.0
8.3;350.4;0.3;2.8;0.0;870.0
8.3;427.2;1.2;0.0;5.0;1029.0
8.3;879.9;0.6;0.0;0.0;1045.0
8.3;868.4;0.0;0.0;0.0;7825.0
8.3;2143.4;9.2;522.4;1.0;7825.0
8.4;2548.2;13.5;463.8;0.0;7825.0
8.3;3198.8;8.7;327.0;60.0;7825.0
8.3;3232.5;0.0;0.0;0.0;7825.0
8.3;3311.6;0.0;0.0;0.0;7825.0
8.3;3285.6;0.0;0.0;0.0;7825.0
8.4;3294.0;0.0;0.0;0.0;7825.0
8.3;3295.8;0.0;0.0;0.0;7825.0
8.4;3296.2;0.0;0.0;0.0;7825.0
8.3;3297.4;0.0;0.0;0.0;7825.0
8.4;3299.8;0.1;8.4;0.0;7825.0
8.4;3313.4;0.0;0.0;0.0;7825.0
8.3;3311.4;0.3;3.3;0.0;7825.0
8.4;3364.9;0.3;3.5;2.0;7825.0
8.4;3373.0;6.6;412.6;0.0;7825.0
8.4;3373.0;8.9;428.1;0.0;7825.0
4.7;3373.0;8.4;398.8;0.0;7825.0
8.3;3367.9;1.8;0.1;0.0;7825.0
8.3;3321.5;0.4;3.5;0.0;7825.0
8.3;3347.3;0.0;0.0;0.0;7825.0
8.4;3351.8;0.0;0.0;0.0;7825.0
8.3;3351.0;0.0;0.0;0.0;7825.0
8.4;3354.6;0.0;0.0;0.0;7825.0
8.4;3370.3;0.0;0.0;0.0;7851.0
13.0;3408.1;0.2;0.3;98.0;7859.0
8.4;3480.1;0.6;0.0;0.0;7859.0
8.3;3487.0;0.0;0.0;0.0;7859.0
8.4;3489.6;0.0;0.0;0.0;7859.0
8.4;3509.0;0.0;0.0;0.0;7859.0
8.4;3511.4;0.0;0.0;0.0;7859.0
9.8;3511.6;0.6;0.0;96.0;7859.0
12.5;3511.6;0.6;0.0;98.0;7859.0
13.1;3511.6;1.2;0.0;98.0;7859.0
9.5;3511.6;1.2;0.0;96.0;7859.0
15.5;3511.6;0.6;0.0;97.0;7859.0
11.1;3511.6;1.2;0.0;96.0;7859.0
10.7;3511.6;0.6;0.0;97.0;7859.0
14.3;3511.6;1.2;0.0;97.0;7859.0
9.4;3511.6;1.2;0.0;96.0;7859.0
13.8;3511.6;0.6;0.0;97.0;7859.0
12.5;3511.6;1.2;0.0;97.0;7859.0
9.5;3511.7;1.2;0.0;97.0;7859.0
15.5;3511.7;0.6;0.0;97.0;7859.0
14.0;3511.7;1.2;0.0;97.0;7859.0
9.8;3511.7;0.6;0.0;97.0;7859.0
13.1;3511.7;1.2;0.0;97.0;7859.0
9.6;3511.7;1.2;0.0;97.0;7859.0
13.1;3511.7;0.6;0.0;99.0;7859.0
11.1;3511.7;1.2;0.0;97.0;7859.0
8.4;3511.7;1.2;0.0;97.0;7859.0
15.5;3511.7;0.6;0.0;99.0;7859.0
9.6;3511.7;1.2;0.0;97.0;7859.0
11.1;3511.7;0.6;0.0;99.0;7859.0
15.2;3511.7;1.2;0.0;99.0;7859.0
9.5;3511.7;1.2;0.0;98.0;7859.0
13.0;3511.7;0.6;0.0;99.0;7859.0
11.9;3511.7;1.2;0.0;99.0;7859.0
9.8;3511.7;1.2;0.0;97.0;7859.0
16.6;3511.7;0.7;0.3;99.0;7859.0
9.6;3511.7;1.2;0.0;96.0;7859.0
10.7;3511.7;0.6;0.0;97.0;7859.0
15.4;3511.7;1.2;0.0;99.0;7859.0
10.7;3511.7;1.2;0.0;97.0;7859.0
13.1;3511.7;0.6;0.0;97.0;7859.0
11.9;3511.7;1.2;0.0;96.0;7859.0
9.6;3511.7;1.2;0.0;97.0;7859.0
16.8;3511.7;0.6;0.0;97.0;7859.0
9.7;3511.7;1.2;0.0;96.0;7859.0
10.8;3511.7;0.6;0.0;97.0;7859.0
14.2;3511.7;1.2;0.0;97.0;7859.0
9.6;3511.7;1.2;0.0;97.0;7859.0
12.5;3511.7;0.6;0.0;97.0;7859.0
13.0;3511.7;1.2;0.0;97.0;7859.0
9.6;3511.7;1.2;0.0;97.0;7859.0
16.6;3511.7;0.6;0.0;98.0;7859.0
9.7;3511.7;1.2;0.0;97.0;7859.0
9.7;3511.7;0.6;0.0;97.0;7859.0
14.2;3511.7;1.2;0.0;99.0;7859.0
10.8;3511.7;1.2;0.0;97.0;7859.0
12.5;3511.7;0.6;0.0;99.0;7859.0
12.5;3511.7;1.2;0.0;99.0;7859.0
9.6;3511.7;1.2;0.0;99.0;7859.0
15.5;3511.7;0.6;0.0;99.0;7859.0
12.6;3511.7;1.2;0.0;99.0;7859.0
9.7;3511.7;1.2;0.0;99.0;7859.0
15.4;3511.7;0.6;0.0;99.0;7859.0
9.5;3511.7;1.2;0.0;97.0;7859.0
13.1;3511.7;0.6;0.0;99.0;7859.0
12.5;3511.7;1.2;0.0;99.0;7859.0
9.7;3511.7;1.2;0.0;97.0;7859.0
15.5;3511.7;0.6;0.0;99.0;7859.0
10.7;3511.7;1.5;0.0;96.0;7859.0
9.7;3511.7;1.2;0.0;97.0;7859.0
15.2;3511.7;0.6;0.0;97.0;7859.0
14.3;3511.7;1.2;0.0;97.0;7859.0
11.9;3511.7;0.6;0.0;97.0;7859.0
11.8;3511.7;1.3;0.3;97.0;7859.0
9.8;3511.7;1.2;0.0;97.0;7859.0
15.2;3511.7;0.6;0.0;97.0;7859.0
10.8;3511.7;1.2;0.0;97.0;7859.0
9.6;3511.7;1.2;0.0;96.0;7859.0
15.2;3511.7;0.6;0.0;97.0;7859.0
9.8;3511.7;1.2;0.0;97.0;7859.0
11.8;3511.7;0.6;0.0;99.0;7859.0
11.8;3511.7;1.2;0.0;97.0;7859.0
9.5;3511.7;1.2;0.0;97.0;7859.0
15.2;3511.7;0.6;0.0;99.0;7859.0
11.1;3511.7;1.2;0.0;97.0;7859.0
9.5;3511.7;1.2;0.0;99.0;7859.0
15.5;3511.7;0.6;0.0;99.0;7859.0
11.8;3511.7;1.2;0.0;99.0;7859.0
12.5;3511.7;0.6;0.0;99.0;7859.0
13.1;3511.7;1.2;0.0;99.0;7859.0
9.6;3511.6;1.2;0.0;97.0;7859.0
15.5;3511.6;0.6;0.0;99.0;7859.0
11.2;3511.6;1.2;0.0;99.0;7859.0
8.4;3511.6;1.2;0.0;97.0;7859.0
15.5;3511.6;0.6;0.0;99.0;7859.0
8.3;3511.6;1.2;0.0;97.0;7859.0
12.6;3511.6;0.6;0.0;97.0;7859.0
13.8;3511.6;1.2;0.0;99.0;7859.0
9.6;3511.6;1.2;0.0;96.0;7859.0
14.2;3511.6;0.6;0.0;97.0;7859.0
10.8;3511.6;1.2;0.0;97.0;7859.0
8.3;3511.6;1.2;0.0;97.0;7859.0
16.6;3511.6;0.6;0.0;97.0;7859.0
9.5;3511.6;1.2;0.0;97.0;7859.0
13.1;3511.6;0.6;0.0;97.0;7859.0
13.8;3511.6;1.2;0.0;97.0;7859.0
12.5;3511.6;1.2;0.0;97.0;7859.0
15.2;3511.6;0.6;0.0;99.0;7859.0
10.8;3511.6;1.2;0.0;97.0;7859.0
9.7;3511.6;1.2;0.0;97.0;7859.0
16.8;3511.6;0.6;0.0;99.0;7859.0
9.8;3511.6;1.3;0.3;97.0;7859.0
11.9;3511.6;0.6;0.0;99.0;7859.0
13.1;3511.6;1.2;0.0;99.0;7859.0
8.3;3511.6;1.2;0.0;99.0;7859.0
15.4;3511.6;0.6;0.0;99.0;7859.0
10.7;3511.6;1.2;0.0;99.0;7859.0
9.6;3511.6;1.2;0.0;97.0;7859.0
15.2;3511.6;0.6;0.0;99.0;7859.0
10.8;3511.6;1.2;0.0;96.0;7859.0
11.1;3511.6;0.6;0.0;97.0;7859.0
13.1;3511.6;1.2;0.0;99.0;7859.0
9.6;3511.6;1.2;0.0;97.0;7859.0
15.2;3511.6;0.6;0.0;97.0;7859.0
12.5;3511.6;1.2;0.0;97.0;7859.0
9.6;3511.6;1.2;0.0;97.0;7859.0
15.4;3511.6;0.6;0.0;97.0;7859.0
13.1;3511.6;1.2;0.0;97.0;7859.0
11.1;3511.6;0.6;0.0;96.0;7859.0
13.1;3511.6;1.5;0.0;97.0;7859.0
9.6;3511.6;1.2;0.0;97.0;7859.0
14.3;3511.6;0.6;0.0;97.0;7859.0
11.1;3511.6;1.2;0.0;97.0;7859.0
9.7;3511.6;1.2;0.0;97.0;7859.0
14.2;3511.6;0.6;0.0;98.0;7859.0
9.4;3511.6;1.2;0.0;97.0;7859.0
11.1;3511.6;0.6;0.0;99.0;7859.0
13.8;3511.6;1.2;0.0;99.0;7859.0
9.5;3511.6;1.2;0.0;97.0;7859.0
15.4;3511.6;0.6;0.0;99.0;7859.0
11.8;3511.6;1.2;0.0;99.0;7859.0
9.7;3511.6;1.2;0.0;99.0;7859.0
16.6;3511.6;0.6;0.0;99.0;7859.0
9.6;3511.6;1.2;0.0;99.0;7859.0
11.9;3511.6;0.6;0.0;99.0;7859.0
15.2;3511.6;1.2;0.0;99.0;7859.0
9.8;3511.6;1.2;0.0;97.0;7859.0
13.8;3511.6;0.6;0.0;99.0;7859.0
11.9;3511.6;1.3;0.3;97.0;7859.0
8.4;3511.6;1.2;0.0;97.0;7859.0
16.6;3511.6;0.6;0.0;99.0;7859.0
10.8;3511.6;1.2;0.0;97.0;7859.0
11.8;3511.6;0.6;0.0;97.0;7859.0
13.1;3511.6;1.2;0.0;97.0;7859.0
9.7;3511.6;1.2;0.0;97.0;7859.0
13.8;3511.6;0.6;0.0;97.0;7859.0
13.1;3511.6;1.2;0.0;97.0;7859.0
8.3;3511.6;1.2;0.0;97.0;7859.0
15.2;3511.6;0.6;0.0;97.0;7859.0
9.8;3511.6;1.2;0.0;97.0;7859.0
11.1;3511.6;0.6;0.0;97.0;7859.0
13.1;3511.6;1.2;0.0;97.0;7859.0
11.8;3511.6;1.2;0.0;97.0;7859.0
14.0;3511.6;0.6;0.0;99.0;7859.0
12.5;3511.6;1.2;0.0;97.0;7859.0
9.6;3511.6;1.2;0.0;97.0;7859.0
15.5;3511.6;0.6;0.0;99.0;7859.0
12.5;3511.6;1.2;0.0;97.0;7859.0
11.2;3511.6;0.6;0.0;99.0;7859.0
13.0;3511.6;1.2;0.0;99.0;7859.0
14.3;3511.6;1.2;0.0;99.0;7859.0
13.5;3511.6;0.6;0.0;99.0;7859.0
12.5;3511.6;1.2;0.0;99.0;7859.0
8.3;3511.6;1.2;0.0;99.0;7859.0
15.4;3511.6;0.6;0.0;99.0;7859.0
9.6;3511.6;1.2;0.0;99.0;7859.0
11.1;3511.6;0.6;0.0;99.0;7859.0
13.8;3511.6;1.2;0.0;99.0;7859.0
9.6;3511.6;1.2;0.0;97.0;7859.0
15.5;3511.6;0.6;0.0;97.0;7859.0
10.8;3511.6;1.2;0.0;97.0;7859.0
8.3;3511.6;1.2;0.0;97.0;7859.0
16.8;3511.6;0.6;0.0;97.0;7859.0
10.8;3511.6;1.2;0.0;97.0;7859.0
10.8;3511.6;0.6;0.0;97.0;7859.0
16.8;3511.6;1.2;0.0;97.0;7859.0
9.7;3511.6;1.3;0.3;97.0;7859.0
15.2;3511.6;0.6;0.0;97.0;7859.0
11.8;3511.6;1.2;0.0;97.0;7859.0
9.6;3511.6;1.5;0.0;97.0;7859.0
16.6;3511.6;0.6;0.0;97.0;7859.0
11.1;3511.6;1.2;0.0;97.0;7859.0
11.9;3511.6;0.6;0.0;97.0;7859.0
13.0;3511.6;1.2;0.0;97.0;7859.0
9.7;3511.6;1.2;0.0;97.0;7859.0
13.8;3511.6;0.6;0.0;99.0;7859.0
13.0;3511.6;1.2;0.0;97.0;7859.0
9.6;3511.6;1.2;0.0;97.0;7859.0
15.4;3511.6;0.6;0.0;99.0;7859.0
9.8;3511.6;1.2;0.0;97.0;7859.0
11.1;3511.6;0.6;0.0;99.0;7859.0
13.1;3511.6;1.2;0.0;99.0;7859.0
10.8;3511.6;1.2;0.0;97.0;7859.0
13.8;3511.6;0.6;0.0;99.0;7859.0
12.6;3511.6;1.2;0.0;99.0;7859.0
8.3;3511.6;1.2;0.0;97.0;7859.0
15.5;3511.6;0.6;0.0;99.0;7859.0
9.5;3511.6;1.2;0.0;97.0;7859.0
11.1;3511.6;0.6;0.0;97.0;7859.0
12.5;3511.6;1.2;0.0;99.0;7859.0
10.7;3511.6;1.2;0.0;97.0;7859.0
13.1;3511.6;0.6;0.0;97.0;7859.0
12.5;3511.6;1.2;0.0;96.0;7859.0
9.7;3511.6;1.2;0.0;97.0;7859.0
16.7;3511.6;0.6;0.0;97.0;7859.0
9.5;3511.6;1.2;0.0;97.0;7859.0
10.8;3511.6;0.6;0.0;97.0;7859.0
13.8;3511.6;1.2;0.0;97.0;7859.0
11.9;3511.6;1.2;0.0;97.0;7859.0
13.1;3511.6;0.6;0.0;97.0;7859.0
10.7;3511.6;1.2;0.0;97.0;7859.0
8.4;3511.6;1.2;0.0;97.0;7859.0
16.6;3511.6;0.6;0.0;99.0;7859.0
9.7;3511.6;1.2;0.0;97.0;7859.0
10.7;3511.6;0.6;0.0;99.0;7859.0
13.8;3511.6;1.3;0.3;99.0;7859.0
9.7;3511.6;1.2;0.0;97.0;7859.0
12.5;3511.6;0.6;0.0;99.0;7859.0
11.9;3511.6;1.2;0.0;99.0;7859.0
9.5;3511.6;1.2;0.0;99.0;7859.0
16.6;3511.6;0.6;0.0;99.0;7859.0
9.7;3511.6;1.2;0.0;99.0;7859.0
10.7;3511.6;0.6;0.0;99.0;7859.0
14.3;3511.6;1.2;0.0;99.0;7859.0
9.7;3511.6;1.2;0.0;97.0;7859.0
13.1;3511.6;0.6;0.0;99.0;7859.0
10.8;3511.6;1.2;0.0;99.0;7859.0
9.6;3511.6;1.2;0.0;96.0;7859.0
15.5;3511.6;0.6;0.0;99.0;7859.0
11.1;3511.6;1.2;0.0;97.0;7859.0
9.8;3511.6;0.6;0.0;97.0;7859.0
14.2;3511.6;1.2;0.0;99.0;7859.0
9.6;3511.6;1.2;0.0;97.0;7859.0
13.0;3511.6;0.6;0.0;97.0;7859.0
11.1;3511.6;1.2;0.0;97.0;7859.0
9.6;3511.6;1.2;0.0;97.0;7859.0
15.5;3511.6;0.6;0.0;97.0;7859.0
9.6;3511.6;1.2;0.0;97.0;7859.0
9.7;3511.6;0.6;0.0;97.0;7859.0
15.2;3511.6;1.2;0.0;97.0;7859.0
9.6;3511.6;1.5;0.0;97.0;7859.0
12.5;3511.6;0.6;0.0;99.0;7859.0
