7.2;56.4;22.3;1.7;0.0;870.0
8.3;101.3;120.6;10.9;0.0;870.0
7.2;140.3;148.5;7.8;0.0;870.0
8.3;176.6;131.2;6.9;0.0;870.0
6.9;204.2;90.2;6.7;0.0;870.0
6.9;227.2;217.9;4.3;0.0;870.0
8.3;227.2;673.2;1.1;0.0;870.0
8.4;227.2;716.1;1.2;0.0;870.0
8.3;227.2;689.7;1.2;0.0;870.0
8.4;231.4;389.4;0.9;0.0;870.0
8.3;240.7;0.0;0.0;0.0;870.0
8.3;251.9;0.0;0.0;0.0;870.0
7.2;264.3;0.8;0.0;0.0;870.0
8.3;276.5;0.0;0.0;0.0;870.0
8.4;287.9;0.0;0.0;0.0;870.0
8.4;299.6;0.0;0.0;0.0;870.0
8.3;311.2;0.0;0.0;0.0;870.0
8.3;321.7;0.0;0.0;0.0;870.0
8.3;332.7;0.0;0.0;0.0;870.0
8.3;380.5;0.0;0.0;0.0;870.0
8.4;414.1;0.6;2.6;0.0;870.0
8.3;353.6;0.3;2.8;0.0;870.0
8.3;457.2;1.2;0.0;5.0;1039.0
8.4;871.9;0.6;0.0;0.0;1045.0
8.4;869.1;0.0;0.0;24.0;7825.0
8.3;2143.7;10.6;548.9;1.0;7825.0
8.4;2677.2;12.1;437.2;0.0;7825.0
8.3;3200.6;8.7;327.0;55.0;7825.0
8.4;3238.5;0.0;0.0;0.0;7825.0
8.4;3311.3;0.0;0.0;0.0;7825.0
8.4;3288.6;0.0;0.0;0.0;7825.0
8.4;3294.8;0.0;0.0;0.0;7825.0
8.3;3297.8;0.0;0.0;0.0;7825.0
8.3;3298.1;0.0;0.0;0.0;7825.0
8.3;3299.7;0.0;0.0;0.0;7825.0
8.3;3301.4;0.1;8.4;0.0;7825.0
8.3;3317.9;0.0;0.0;0.0;7825.0
8.4;3316.0;0.3;3.3;0.0;7825.0
8.4;3366.3;0.3;3.5;27.0;7825.0
8.3;3374.4;6.6;412.6;0.0;7825.0
8.3;3374.4;9.0;434.9;0.0;7825.0
5.5;3374.4;8.3;392.0;0.0;7825.0
8.3;3366.7;1.8;0.1;0.0;7825.0
8.4;3294.6;0.4;3.5;0.0;7825.0
8.3;3337.4;0.0;0.0;0.0;7825.0
8.4;3347.4;0.0;0.0;0.0;7825.0
8.4;3348.0;0.0;0.0;0.0;7825.0
8.4;3349.7;0.0;0.0;0.0;7825.0
8.4;3367.7;0.0;0.0;0.0;7847.0
12.5;3407.5;0.2;0.3;98.0;7859.0
8.4;3480.9;0.6;0.0;0.0;7859.0
8.3;3487.2;0.0;0.0;0.0;7859.0
8.4;3490.4;0.0;0.0;0.0;7859.0
8.3;3510.8;0.0;0.0;0.0;7859.0
8.3;3512.8;0.0;0.0;0.0;7859.0
9.6;3512.8;0.6;0.0;96.0;7859.0
11.8;3512.8;0.6;0.0;96.0;7859.0
12.5;3512.8;1.2;0.0;97.0;7859.0
9.7;3512.8;1.2;0.0;96.0;7859.0
15.2;3512.8;0.6;0.0;97.0;7859.0
10.8;3512.8;1.2;0.0;96.0;7859.0
9.7;3512.9;1.2;0.0;97.0;7859.0
15.4;3512.9;0.6;0.0;97.0;7859.0
9.7;3512.9;1.2;0.0;97.0;7859.0
13.1;3512.9;0.6;0.0;99.0;7859.0
11.9;3512.9;1.2;0.0;97.0;7859.0
9.7;3512.9;1.2;0.0;97.0;7859.0
16.6;3512.9;0.6;0.0;99.0;7859.0
9.5;3512.9;1.2;0.0;97.0;7859.0
10.8;3512.9;0.6;0.0;99.0;7859.0
13.8;3512.9;1.2;0.0;99.0;7859.0
10.8;3512.9;1.2;0.0;98.0;7859.0
13.1;3512.9;0.6;0.0;99.0;7859.0
11.8;3512.9;1.2;0.0;99.0;7859.0
9.6;3512.9;1.2;0.0;96.0;7859.0
15.4;3512.9;0.6;0.0;99.0;7859.0
11.1;3512.9;1.2;0.0;96.0;7859.0
10.8;3512.9;0.6;0.0;97.0;7859.0
13.0;3512.9;1.2;0.0;99.0;7859.0
9.6;3512.9;1.2;0.0;96.0;7859.0
13.8;3512.9;0.6;0.0;97.0;7859.0
13.1;3512.9;1.2;0.0;96.0;7859.0
8.4;3512.9;1.2;0.0;96.0;7859.0
15.5;3512.9;0.7;0.3;97.0;7859.0
9.8;3512.9;1.2;0.0;96.0;7859.0
11.1;3512.9;0.6;0.0;97.0;7859.0
13.1;3512.9;1.2;0.0;97.0;7859.0
9.6;3512.9;1.2;0.0;96.0;7859.0
15.2;3512.9;0.6;0.0;97.0;7859.0
11.1;3512.9;1.2;0.0;96.0;7859.0
9.5;3512.9;1.2;0.0;97.0;7859.0
15.5;3512.9;0.6;0.0;97.0;7859.0
9.5;3512.9;1.2;0.0;97.0;7859.0
12.5;3512.9;0.6;0.0;97.0;7859.0
12.5;3512.9;1.2;0.0;97.0;7859.0
9.4;3512.9;1.2;0.0;97.0;7859.0
14.3;3512.9;0.6;0.0;99.0;7859.0
12.5;3512.9;1.2;0.0;97.0;7859.0
8.4;3512.9;1.2;0.0;97.0;7859.0
14.3;3512.9;0.6;0.0;99.0;7859.0
9.6;3512.9;1.2;0.0;97.0;7859.0
13.1;3512.9;0.6;0.0;99.0;7859.0
12.5;3512.9;1.2;0.0;99.0;7859.0
10.8;3512.9;1.2;0.0;99.0;7859.0
14.2;3512.9;0.6;0.0;99.0;7859.0
9.5;3512.9;1.2;0.0;99.0;7859.0
9.7;3513.0;1.2;0.0;99.0;7859.0
15.2;3513.0;0.6;0.0;99.0;7859.0
9.6;3513.0;1.2;0.0;96.0;7859.0
11.8;3513.0;0.6;0.0;97.0;7859.0
11.8;3513.0;1.2;0.0;99.0;7859.0
9.7;3513.0;1.2;0.0;97.0;7859.0
16.7;3513.0;0.6;0.0;97.0;7859.0
9.6;3513.0;1.2;0.0;96.0;7859.0
9.5;3513.0;1.2;0.0;97.0;7859.0
9.8;3513.0;0.6;0.0;96.0;7859.0
11.1;3513.0;1.5;0.0;96.0;7859.0
11.9;3513.0;0.6;0.0;97.0;7859.0
11.9;3513.0;1.2;0.0;97.0;7859.0
8.3;3513.0;1.2;0.0;97.0;7859.0
16.6;3513.0;0.6;0.0;97.0;7859.0
10.7;3513.0;1.3;0.3;96.0;7859.0
9.6;3513.0;1.2;0.0;97.0;7859.0
14.2;3513.0;0.6;0.0;97.0;7859.0
9.7;3513.0;1.2;0.0;97.0;7859.0
11.1;3513.0;0.6;0.0;99.0;7859.0
11.9;3513.0;1.2;0.0;97.0;7859.0
9.6;3513.0;1.2;0.0;97.0;7859.0
15.2;3513.0;0.6;0.0;99.0;7859.0
9.7;3513.0;1.2;0.0;97.0;7859.0
8.3;3513.0;1.2;0.0;99.0;7859.0
14.2;3513.0;0.6;0.0;99.0;7859.0
9.6;3513.0;1.2;0.0;99.0;7859.0
14.0;3513.0;0.6;0.0;99.0;7859.0
12.6;3513.0;1.2;0.0;99.0;7859.0
9.6;3513.0;1.2;0.0;97.0;7859.0
14.3;3513.0;0.6;0.0;99.0;7859.0
16.8;3513.0;1.2;0.0;99.0;7859.0
8.3;3512.9;1.2;0.0;97.0;7859.0
14.3;3512.9;0.6;0.0;99.0;7859.0
9.5;3512.9;1.2;0.0;97.0;7859.0
11.9;3512.9;0.6;0.0;97.0;7859.0
12.5;3512.9;1.2;0.0;99.0;7859.0
12.5;3512.9;1.2;0.0;97.0;7859.0
13.0;3512.9;0.6;0.0;97.0;7859.0
10.7;3512.9;1.2;0.0;96.0;7859.0
9.7;3512.9;1.2;0.0;97.0;7859.0
15.2;3512.9;0.6;0.0;97.0;7859.0
11.1;3512.9;1.2;0.0;97.0;7859.0
11.9;3512.9;0.6;0.0;97.0;7859.0
11.8;3512.9;1.2;0.0;97.0;7859.0
8.4;3512.9;1.2;0.0;97.0;7859.0
14.2;3512.9;0.6;0.0;97.0;7859.0
9.5;3512.9;1.2;0.0;97.0;7859.0
9.6;3512.9;1.2;0.0;97.0;7859.0
15.2;3512.9;0.6;0.0;97.0;7859.0
9.8;3512.9;1.2;0.0;97.0;7859.0
13.0;3512.9;0.6;0.0;99.0;7859.0
11.9;3512.9;1.2;0.0;97.0;7859.0
10.7;3512.9;1.3;0.3;97.0;7859.0
16.6;3512.9;0.6;0.0;99.0;7859.0
11.1;3512.9;1.2;0.0;98.0;7859.0
10.7;3512.9;1.2;0.0;99.0;7859.0
14.3;3512.9;0.6;0.0;99.0;7859.0
9.7;3512.9;1.2;0.0;99.0;7859.0
12.5;3512.9;0.6;0.0;99.0;7859.0
13.1;3512.9;1.2;0.0;99.0;7859.0
8.4;3512.9;1.2;0.0;97.0;7859.0
15.5;3512.9;0.6;0.0;99.0;7859.0
9.7;3512.9;1.2;0.0;99.0;7859.0
10.8;3512.9;0.6;0.0;97.0;7859.0
14.3;3512.9;1.2;0.0;99.0;7859.0
9.6;3512.9;1.2;0.0;97.0;7859.0
14.0;3512.9;0.6;0.0;97.0;7859.0
12.5;3512.9;1.2;0.0;97.0;7859.0
9.6;3512.9;1.2;0.0;97.0;7859.0
10.7;3512.9;0.6;0.0;97.0;7859.0
12.5;3512.9;1.5;0.0;97.0;7859.0
9.7;3512.9;0.6;0.0;97.0;7859.0
15.2;3512.9;1.2;0.0;97.0;7859.0
9.6;3512.9;1.2;0.0;97.0;7859.0
13.0;3512.9;0.6;0.0;97.0;7859.0
12.5;3512.9;1.2;0.0;97.0;7859.0
23.6;3512.9;1.2;0.0;97.0;7859.0
15.5;3512.9;0.6;0.0;97.0;7859.0
9.6;3512.9;1.2;0.0;97.0;7859.0
11.1;3512.9;0.6;0.0;97.0;7859.0
12.6;3512.9;1.2;0.0;97.0;7859.0
11.1;3512.9;1.2;0.0;97.0;7859.0
13.1;3512.9;0.6;0.0;99.0;7859.0
11.9;3512.9;1.2;0.0;97.0;7859.0
8.3;3512.9;1.2;0.0;99.0;7859.0
16.8;3512.9;0.6;0.0;99.0;7859.0
9.5;3512.9;1.2;0.0;97.0;7859.0
10.8;3512.9;0.6;0.0;99.0;7859.0
15.2;3512.9;1.2;0.0;99.0;7859.0
9.7;3512.9;1.3;0.3;97.0;7859.0
14.3;3512.9;0.6;0.0;99.0;7859.0
11.8;3512.9;1.2;0.0;99.0;7859.0
9.6;3512.9;1.2;0.0;97.0;7859.0
16.6;3512.9;0.6;0.0;99.0;7859.0
9.7;3512.9;1.2;0.0;97.0;7859.0
11.9;3512.9;0.6;0.0;97.0;7859.0
13.0;3512.9;1.2;0.0;99.0;7859.0
9.8;3512.9;1.2;0.0;97.0;7859.0
13.8;3512.9;0.6;0.0;97.0;7859.0
11.9;3512.9;1.2;0.0;97.0;7859.0
9.6;3512.9;1.2;0.0;97.0;7859.0
15.5;3512.9;0.6;0.0;97.0;7859.0
9.8;3512.9;1.2;0.0;97.0;7859.0
11.1;3512.9;0.6;0.0;97.0;7859.0
13.1;3512.9;1.2;0.0;97.0;7859.0
9.5;3512.9;1.2;0.0;97.0;7859.0
15.2;3512.9;0.6;0.0;97.0;7859.0
12.5;3512.9;1.2;0.0;97.0;7859.0
9.5;3512.9;1.2;0.0;97.0;7859.0
15.5;3512.9;0.6;0.0;97.0;7859.0
10.8;3512.9;1.2;0.0;97.0;7859.0
11.1;3512.9;0.6;0.0;97.0;7859.0
12.5;3512.9;1.2;0.0;97.0;7859.0
9.6;3512.9;1.2;0.0;97.0;7859.0
14.3;3512.9;0.6;0.0;99.0;7859.0
12.5;3512.9;1.2;0.0;97.0;7859.0
11.2;3512.9;1.2;0.0;99.0;7859.0
16.6;3512.9;0.6;0.0;99.0;7859.0
9.6;3512.9;1.2;0.0;97.0;7859.0
11.9;3512.9;0.6;0.0;99.0;7859.0
11.1;3512.9;1.2;0.0;99.0;7859.0
10.8;3512.9;1.2;0.0;97.0;7859.0
14.2;3512.9;0.6;0.0;99.0;7859.0
10.8;3512.9;1.2;0.0;99.0;7859.0
9.7;3512.9;1.2;0.0;97.0;7859.0
15.5;3512.9;0.6;0.0;99.0;7859.0
9.6;3512.9;1.2;0.0;97.0;7859.0
11.8;3512.9;0.6;0.0;97.0;7859.0
11.1;3512.9;1.3;0.3;97.0;7859.0
9.5;3512.9;1.2;0.0;97.0;7859.0
11.9;3512.9;0.6;0.0;97.0;7859.0
10.8;3512.9;1.5;0.0;96.0;7859.0
9.5;3512.9;1.2;0.0;97.0;7859.0
15.4;3512.9;0.6;0.0;96.0;7859.0
12.5;3512.9;1.2;0.0;97.0;7859.0
13.1;3512.9;0.6;0.0;97.0;7859.0
11.9;3512.9;1.2;0.0;97.0;7859.0
9.6;3512.9;1.2;0.0;97.0;7859.0
16.6;3512.9;0.6;0.0;97.0;7859.0
11.8;3512.9;1.2;0.0;97.0;7859.0
9.6;3512.9;1.2;0.0;97.0;7859.0
14.2;3512.9;0.6;0.0;97.0;7859.0
9.7;3512.9;1.2;0.0;97.0;7859.0
12.5;3512.9;0.6;0.0;99.0;7859.0
13.0;3512.9;1.2;0.0;97.0;7859.0
10.4;3512.9;1.2;0.0;97.0;7859.0
16.6;3512.9;0.6;0.0;99.0;7859.0
11.1;3512.9;1.2;0.0;97.0;7859.0
10.8;3512.9;1.2;0.0;99.0;7859.0
14.2;3512.9;0.6;0.0;99.0;7859.0
10.8;3512.9;1.2;0.0;99.0;7859.0
12.5;3512.9;0.6;0.0;99.0;7859.0
12.6;3512.9;1.2;0.0;99.0;7859.0
9.6;3512.9;1.2;0.0;97.0;7859.0
15.5;3512.9;0.6;0.0;99.0;7859.0
14.0;3512.9;1.2;0.0;97.0;7859.0
9.7;3512.9;0.6;0.0;97.0;7859.0
15.4;3512.9;1.2;0.0;99.0;7859.0
9.5;3512.9;1.2;0.0;97.0;7859.0
14.2;3512.9;0.6;0.0;97.0;7859.0
11.1;3512.9;1.2;0.0;97.0;7859.0
8.4;3512.9;1.2;0.0;97.0;7859.0
15.5;3512.9;0.6;0.0;96.0;7859.0
9.5;3512.9;1.2;0.0;97.0;7859.0
11.1;3512.9;0.6;0.0;97.0;7859.0
13.8;3512.9;1.2;0.0;97.0;7859.0
10.8;3512.9;1.3;0.3;97.0;7859.0
13.1;3512.9;0.6;0.0;99.0;7859.0
11.8;3512.9;1.2;0.0;97.0;7859.0
9.6;3512.9;1.2;0.0;97.0;7859.0
16.6;3512.9;0.6;0.0;99.0;7859.0
9.5;3513.0;1.2;0.0;97.0;7859.0
10.8;3513.0;0.6;0.0;99.0;7859.0
14.3;3513.0;1.2;0.0;99.0;7859.0
9.8;3513.0;1.2;0.0;97.0;7859.0
14.2;3513.0;0.6;0.0;99.0;7859.0
11.9;3513.0;1.2;0.0;99.0;7859.0
9.4;3513.0;1.2;0.0;99.0;7859.0
15.2;3513.0;0.6;0.0;99.0;7859.0
12.5;3513.0;1.2;0.0;99.0;7859.0
10.7;3513.0;0.6;0.0;99.0;7859.0
13.5;3513.0;1.2;0.0;99.0;7859.0
9.7;3513.0;1.2;0.0;97.0;7859.0
13.8;3513.0;0.6;0.0;99.0;7859.0
13.1;3513.0;1.2;0.0;99.0;7859.0
10.4;3513.0;1.2;0.0;96.0;7859.0
15.5;3513.0;0.6;0.0;99.0;7859.0
9.7;3513.0;1.2;0.0;97.0;7859.0
11.9;3513.0;0.6;0.0;97.0;7859.0
13.1;3513.0;1.2;0.0;97.0;7859.0
10.8;3513.0;1.2;0.0;97.0;7859.0
11.2;3513.0;0.6;0.0;97.0;7859.0
12.5;3513.0;1.5;0.0;97.0;7859.0
