8.4;36.3;18.9;1.3;0.0;904.0
8.4;98.7;110.5;9.5;0.0;904.0
6.2;138.7;150.9;8.7;0.0;904.0
8.3;168.5;123.5;7.1;0.0;904.0
8.4;198.1;98.2;6.8;0.0;904.0
8.3;220.8;138.8;4.6;0.0;904.0
8.3;246.7;53.0;9.7;0.0;1013.0
8.4;713.0;9.1;23.7;4.0;5943.0
8.3;983.4;0.3;33.3;51.0;7859.0
0.0;983.5;2.8;0.0;0.0;7859.0
0.0;983.5;0.0;0.0;0.0;7859.0
0.0;983.5;0.0;0.0;0.0;7859.0
0.0;983.5;0.0;0.0;0.0;7859.0
0.0;983.5;0.0;0.0;0.0;7859.0
0.0;983.5;0.0;0.0;0.0;7859.0
0.0;983.5;0.0;0.0;0.0;7859.0
0.0;983.5;0.0;0.0;0.0;7859.0
0.0;983.5;0.0;0.0;0.0;7859.0
4.8;1096.4;0.9;111.3;0.0;7859.0
0.0;1139.2;1.0;42.2;0.0;7859.0
8.3;1294.8;0.1;0.0;0.0;7859.0
8.4;1299.8;0.0;0.0;0.0;7859.0
8.3;1310.2;0.0;0.0;1.0;7859.0
8.4;1320.5;0.3;0.0;0.0;7859.0
8.3;1356.5;0.1;0.0;1.0;7859.0
8.3;1373.3;0.8;1.4;0.0;7859.0
8.4;1416.6;0.3;1.5;0.0;7859.0
8.3;1416.4;0.0;0.0;0.0;7859.0
8.3;1417.7;0.0;0.0;0.0;7859.0
8.3;1437.7;0.0;0.0;0.0;7859.0
8.3;1438.1;0.1;0.0;0.0;7931.0
8.4;1878.2;0.1;0.0;5.0;8027.0
8.3;1920.0;18.5;0.3;95.0;8027.0
8.3;1920.2;2.0;0.0;99.0;8027.0
14.3;1920.3;0.0;0.0;96.0;8027.0
9.6;1920.3;0.0;0.0;96.0;8027.0
8.4;1920.4;0.0;0.0;99.0;8027.0
8.3;1920.4;0.0;0.0;95.0;8027.0
11.5;1920.4;0.0;0.0;96.0;8027.0
9.5;1920.5;0.0;0.0;95.0;8027.0
8.4;1920.5;0.0;0.0;96.0;8027.0
8.3;1920.5;0.0;0.0;96.0;8027.0
8.3;1920.5;0.0;0.0;96.0;8027.0
9.6;1920.5;0.0;0.0;95.0;8027.0
8.3;1920.5;0.0;0.0;96.0;8027.0
8.4;1920.5;0.0;0.0;96.0;8027.0
10.4;1920.0;4.4;0.1;92.0;8027.0
8.3;1968.1;16.6;0.3;0.0;8027.0
8.4;1970.4;9.2;0.1;0.0;8027.0
98.2;2960.6;0.0;0.0;18.0;8027.0
20.8;2955.4;2.7;0.4;0.0;8027.0
8.3;2964.6;1.1;4.9;0.0;8027.0
9.6;2965.3;1.3;4.5;0.0;8027.0
8.4;2966.5;1.0;4.5;0.0;8027.0
8.4;2966.9;1.5;6.8;0.0;8027.0
8.4;2968.2;1.2;6.8;0.0;8027.0
8.3;2968.2;1.4;4.5;0.0;8027.0
8.4;3003.1;4.9;1.4;0.0;8027.0
8.3;2972.9;0.8;34.7;0.0;8027.0
9.6;2976.4;0.3;1.5;99.0;8027.0
8.3;2976.4;0.0;0.0;96.0;8027.0
8.3;2976.4;0.0;0.0;96.0;8027.0
8.4;2976.4;0.0;0.0;96.0;8027.0
7.1;2976.4;0.0;0.0;96.0;8027.0
11.5;2976.4;0.0;0.0;96.0;8027.0
8.4;2976.4;0.0;0.0;96.0;8027.0
9.5;2976.4;0.0;0.0;96.0;8027.0
8.4;2976.4;0.0;0.0;96.0;8027.0
9.4;2976.4;0.0;0.0;96.0;8027.0
9.4;2976.5;0.0;0.0;95.0;8027.0
8.4;2976.5;0.0;0.0;96.0;8027.0
8.4;2976.5;0.0;0.0;96.0;8027.0
8.4;2976.5;0.0;0.0;99.0;8027.0
8.3;2976.0;0.0;0.0;96.0;8027.0
8.4;2978.9;0.0;0.0;46.0;8027.0
98.0;2978.9;0.0;0.0;0.0;8027.0
96.8;2978.9;0.0;0.0;0.0;8027.0
65.7;2978.9;0.0;0.0;0.0;8027.0
8.3;2974.2;15.2;67.4;0.0;8027.0
8.4;2982.7;0.9;3.1;0.0;8027.0
8.3;2982.7;0.0;0.0;96.0;8027.0
9.6;2982.7;0.0;0.0;96.0;8027.0
8.3;2982.7;0.0;0.0;96.0;8027.0
8.3;2982.7;0.0;0.0;96.0;8027.0
8.4;2982.7;0.0;0.0;96.0;8027.0
9.5;2982.7;0.0;0.0;96.0;8027.0
8.3;2982.7;0.0;0.0;96.0;8027.0
12.5;2982.7;0.0;0.0;99.0;8027.0
8.4;2982.7;0.0;0.0;96.0;8027.0
10.8;2982.7;0.0;0.0;96.0;8027.0
8.4;2982.7;0.0;0.0;99.0;8027.0
8.3;2982.7;0.0;0.0;96.0;8027.0
9.5;2982.7;0.0;0.0;96.0;8027.0
9.6;2982.7;0.0;0.0;99.0;8027.0
8.3;2992.0;0.0;0.0;40.0;8027.0
100.3;2993.4;0.0;0.0;6.0;8027.0
100.3;2993.4;0.0;0.0;0.0;8027.0
95.6;2993.4;0.0;0.0;0.0;8027.0
99.1;2993.5;0.0;0.0;0.0;8027.0
13.5;3002.8;14.9;34.4;2.0;8027.0
8.3;2990.1;0.9;34.8;0.0;8027.0
8.4;2997.6;0.3;1.6;8.0;8027.0
8.4;2997.6;0.0;0.0;96.0;8027.0
9.6;2997.6;0.0;0.0;96.0;8027.0
9.4;2997.6;0.0;0.0;96.0;8027.0
8.3;2997.6;0.0;0.0;96.0;8027.0
8.4;2997.6;0.0;0.0;96.0;8027.0
10.7;2997.6;0.0;0.0;96.0;8027.0
9.4;2997.6;0.0;0.0;99.0;8027.0
8.3;2997.6;0.0;0.0;96.0;8027.0
16.6;2997.6;0.0;0.0;96.0;8027.0
11.9;2997.6;0.0;0.0;99.0;8027.0
8.3;2997.6;0.0;0.0;96.0;8027.0
8.3;2997.6;0.0;0.0;96.0;8027.0
8.4;2997.6;0.0;0.0;99.0;8027.0
9.5;2997.6;0.0;0.0;96.0;8027.0
8.4;3008.1;0.0;0.0;0.0;8027.0
99.1;3009.2;0.0;0.0;0.0;8027.0
92.0;3009.2;0.0;0.0;0.0;8027.0
98.0;3009.2;0.0;0.0;0.0;8027.0
99.1;3009.2;0.0;0.0;0.0;8027.0
8.3;3005.6;15.2;68.1;0.0;8027.0
8.4;3006.4;0.6;1.6;0.0;8027.0
8.3;3011.7;0.3;1.7;96.0;8027.0
9.4;3011.7;0.0;0.0;96.0;8027.0
10.8;3011.7;0.0;0.0;99.0;8027.0
8.3;3011.7;0.0;0.0;96.0;8027.0
8.4;3011.7;0.0;0.0;96.0;8027.0
9.4;3011.7;0.0;0.0;96.0;8027.0
8.3;3011.7;0.0;0.0;96.0;8027.0
8.4;3011.7;0.0;0.0;96.0;8027.0
8.4;3011.7;0.0;0.0;99.0;8027.0
8.4;3011.7;0.0;0.0;96.0;8027.0
9.4;3011.7;0.0;0.0;96.0;8027.0
8.4;3011.7;0.0;0.0;98.0;8027.0
9.5;3011.7;0.0;0.0;96.0;8027.0
10.8;3011.6;0.0;0.0;96.0;8027.0
10.4;3011.2;0.0;0.0;96.0;8027.0
8.3;3027.1;0.0;0.0;0.0;8027.0
94.7;3027.1;0.0;0.0;0.0;8027.0
98.0;3027.1;0.0;0.0;0.0;8027.0
98.0;3027.1;0.0;0.0;0.0;8027.0
100.0;3027.1;0.0;0.0;0.0;8027.0
92.3;3027.1;0.0;0.0;0.0;8027.0
95.6;3027.1;0.0;0.0;0.0;8027.0
7.3;3054.8;15.1;68.4;2.0;8027.0
8.3;3025.1;0.7;1.7;0.0;8027.0
8.4;3032.2;0.3;1.8;0.0;8027.0
9.6;3032.2;0.0;0.0;95.0;8027.0
8.4;3032.2;0.0;0.0;97.0;8027.0
