7.0;38.6;18.5;1.2;0.0;823.0
5.9;99.4;110.1;9.6;0.0;823.0
7.2;138.6;146.5;8.4;0.0;823.0
7.1;168.7;126.5;7.2;0.0;823.0
8.3;195.7;88.6;6.0;0.0;823.0
7.2;219.4;147.2;5.4;0.0;823.0
8.3;232.9;1.7;0.1;0.0;924.0
8.4;686.0;61.0;33.4;5.0;5094.0
8.4;1017.5;0.8;33.3;4.0;7779.0
0.0;984.4;2.9;0.0;0.0;7779.0
0.0;984.4;0.0;0.0;0.0;7779.0
0.0;984.4;0.0;0.0;0.0;7779.0
0.0;984.4;0.0;0.0;0.0;7779.0
0.0;984.4;0.0;0.0;4.0;7799.0
0.0;984.4;0.0;0.0;4.0;7799.0
0.0;984.4;0.0;0.0;0.0;7799.0
0.0;984.4;0.0;0.0;0.0;7800.0
0.0;984.4;0.0;0.0;1.0;7800.0
0.0;984.4;0.0;0.0;0.0;7784.0
2.4;1140.1;1.9;153.5;1.0;7784.0
5.9;1293.7;0.0;0.0;0.0;7784.0
8.3;1296.6;0.1;0.0;3.0;7728.0
8.4;1302.0;0.0;0.0;1.0;7780.0
8.3;1311.6;0.2;0.0;1.0;7778.0
8.3;1336.9;0.1;0.0;1.0;7778.0
8.3;1352.9;0.1;0.0;5.0;7799.0
8.3;1372.7;0.8;1.4;2.0;7799.0
8.4;1407.5;0.3;1.5;0.0;7799.0
8.3;1418.8;0.0;0.0;0.0;7799.0
8.3;1420.9;0.0;0.0;0.0;7799.0
8.4;1439.7;0.0;0.0;0.0;7799.0
8.4;1403.1;0.0;0.0;0.0;7837.0
8.4;1747.7;0.2;0.0;6.0;7966.0
9.4;1920.2;17.5;0.3;95.0;7966.0
8.3;1920.5;2.8;0.0;95.0;7966.0
8.3;1920.5;0.0;0.0;95.0;7966.0
8.4;1920.5;0.0;0.0;95.0;7966.0
8.3;1920.5;0.0;0.0;96.0;7966.0
8.3;1920.5;0.0;0.0;95.0;7966.0
8.4;1920.6;0.0;0.0;96.0;7966.0
8.3;1920.6;0.0;0.0;96.0;7966.0
13.1;1920.6;0.0;0.0;96.0;7966.0
9.4;1920.6;0.0;0.0;96.0;7966.0
8.3;1920.6;0.0;0.0;95.0;7966.0
8.4;1920.6;0.0;0.0;96.0;7966.0
9.5;1920.6;0.0;0.0;96.0;7936.0
8.3;1920.6;0.0;0.0;96.0;7936.0
8.3;1920.6;0.0;0.0;96.0;7936.0
7.2;1920.2;18.6;0.3;86.0;7936.0
8.4;1964.9;11.2;0.2;64.0;7963.0
77.6;2633.5;0.0;0.0;16.0;7956.0
96.9;2961.0;0.0;0.0;0.0;7956.0
8.4;2965.8;3.3;3.1;0.0;7956.0
8.3;2966.1;1.0;4.5;4.0;7956.0
8.4;2966.5;1.0;4.5;4.0;7956.0
8.3;2967.3;1.0;4.5;0.0;7956.0
8.3;2967.8;1.5;6.8;0.0;7956.0
8.4;2970.2;1.3;4.5;0.0;7956.0
8.3;2968.9;1.1;4.5;0.0;7956.0
8.3;3002.5;4.9;1.4;0.0;7956.0
8.3;2971.0;0.2;33.3;0.0;7943.0
8.4;2979.5;0.9;3.0;19.0;7938.0
8.4;2975.8;0.0;0.0;96.0;7938.0
8.3;2975.8;0.0;0.0;96.0;7938.0
9.6;2975.8;0.0;0.0;96.0;7938.0
8.3;2975.8;0.0;0.0;96.0;7941.0
9.6;2975.8;0.0;0.0;99.0;7941.0
8.3;2975.8;0.0;0.0;96.0;7941.0
8.3;2975.8;0.0;0.0;96.0;7941.0
10.8;2975.8;0.0;0.0;96.0;7941.0
9.5;2975.8;0.0;0.0;96.0;7941.0
8.3;2975.8;0.0;0.0;96.0;7941.0
9.6;2975.8;0.0;0.0;96.0;7932.0
10.7;2975.8;0.0;0.0;96.0;7932.0
11.9;2975.8;0.0;0.0;96.0;7932.0
8.3;2975.8;0.0;0.0;96.0;7932.0
8.4;2978.4;0.0;0.0;75.0;7934.0
57.3;2982.4;0.0;0.0;31.0;7934.0
100.3;2982.4;0.0;0.0;0.0;7934.0
93.8;2982.5;0.0;0.0;0.0;7934.0
20.1;2977.2;4.7;10.2;2.0;7934.0
8.3;2978.4;10.5;57.2;0.0;7934.0
8.4;2989.4;0.9;3.1;4.0;7933.0
9.4;2985.6;0.0;0.0;96.0;7933.0
9.5;2985.6;0.0;0.0;96.0;7933.0
7.2;2985.6;0.0;0.0;96.0;7938.0
5.9;2985.6;0.0;0.0;96.0;7938.0
8.3;2985.6;0.0;0.0;96.0;7938.0
8.4;2985.6;0.0;0.0;98.0;7938.0
9.6;2985.6;0.0;0.0;96.0;7937.0
8.4;2985.6;0.0;0.0;96.0;7937.0
8.3;2985.6;0.0;0.0;99.0;7937.0
9.4;2985.6;0.0;0.0;96.0;7937.0
8.3;2985.6;0.0;0.0;96.0;7937.0
8.4;2985.6;0.0;0.0;96.0;7937.0
14.2;2985.6;0.0;0.0;96.0;7937.0
8.3;2985.6;0.0;0.0;96.0;7937.0
8.4;2995.9;0.0;0.0;4.0;7940.0
84.0;2998.0;0.0;0.0;49.0;7942.0
97.1;2998.0;0.0;0.0;0.0;7942.0
93.5;2998.0;0.0;0.0;0.0;7942.0
93.8;2998.0;0.0;0.0;0.0;7942.0
98.0;2998.1;0.0;0.0;0.0;7942.0
8.4;2994.4;15.2;67.8;0.0;7941.0
8.3;2998.1;0.6;1.5;0.0;7941.0
8.3;3002.4;0.3;1.6;96.0;7941.0
9.6;3002.4;0.0;0.0;96.0;7941.0
8.3;3002.4;0.0;0.0;96.0;7941.0
9.6;3002.4;0.0;0.0;99.0;7941.0
10.4;3002.4;0.0;0.0;96.0;7941.0
8.3;3002.4;0.0;0.0;96.0;7941.0
9.6;3002.4;0.0;0.0;98.0;7941.0
10.7;3002.4;0.0;0.0;96.0;7941.0
9.6;3002.4;0.0;0.0;96.0;7941.0
10.4;3002.4;0.0;0.0;96.0;7941.0
7.2;3002.4;0.0;0.0;96.0;7941.0
16.7;3002.4;0.0;0.0;94.0;7941.0
8.4;3002.4;0.0;0.0;96.0;7941.0
8.3;3002.4;0.0;0.0;95.0;7943.0
8.3;3005.0;0.0;0.0;97.0;7945.0
8.4;3013.8;0.0;0.0;41.0;7945.0
92.0;3013.8;0.0;0.0;0.0;7945.0
99.1;3013.8;0.0;0.0;0.0;7945.0
98.0;3013.8;0.0;0.0;0.0;7945.0
96.8;3013.8;0.0;0.0;0.0;7944.0
98.0;3013.8;0.0;0.0;0.0;7944.0
8.3;3041.6;15.1;68.1;2.0;7944.0
8.4;3010.4;0.7;1.6;0.0;7944.0
8.3;3018.4;0.3;1.7;23.0;7944.0
8.3;3018.4;0.0;0.0;99.0;7944.0
15.5;3018.4;0.0;0.0;96.0;7944.0
8.4;3018.4;0.0;0.0;96.0;7944.0
8.4;3018.4;0.0;0.0;96.0;7944.0
9.4;3018.4;0.0;0.0;96.0;7944.0
9.6;3018.4;0.0;0.0;96.0;7944.0
8.3;3018.4;0.0;0.0;96.0;7944.0
8.4;3018.4;0.0;0.0;96.0;7944.0
9.4;3018.4;0.0;0.0;96.0;7943.0
13.0;3018.4;0.0;0.0;99.0;7965.0
8.4;3018.4;0.0;0.0;96.0;7965.0
10.7;3018.4;0.0;0.0;99.0;7965.0
12.5;3018.4;0.0;0.0;96.0;7965.0
8.4;3018.4;0.0;0.0;96.0;7965.0
8.3;3024.2;0.0;0.0;23.0;7965.0
20.3;3031.7;0.0;0.0;0.0;7964.0
99.1;3031.7;0.0;0.0;0.0;7964.0
95.6;3031.7;0.0;0.0;0.0;7964.0
86.0;3031.7;0.0;0.0;0.0;7965.0
89.6;3031.7;0.0;0.0;2.0;7971.0
84.8;3031.7;0.0;0.0;2.0;8024.0
