7.2;28.9;20.9;2.4;13.0;859.0
8.4;95.6;112.1;9.6;3.0;859.0
7.2;134.1;134.1;8.9;1.0;859.0
7.2;166.7;127.5;7.3;0.0;859.0
8.3;195.2;110.4;6.4;0.0;859.0
7.2;216.2;122.0;4.3;0.0;859.0
8.3;231.0;28.8;1.2;0.0;859.0
8.4;542.1;61.1;33.4;5.0;1033.0
8.3;949.3;0.6;0.0;67.0;7814.0
0.0;983.6;3.1;33.3;0.0;7814.0
0.0;983.6;0.0;0.0;0.0;7814.0
0.0;983.6;0.0;0.0;0.0;7814.0
0.0;983.6;0.0;0.0;0.0;7814.0
0.0;983.6;0.0;0.0;0.0;7814.0
0.0;983.6;0.0;0.0;0.0;7814.0
0.0;983.6;0.0;0.0;0.0;7814.0
0.0;983.6;0.0;0.0;0.0;7814.0
0.0;983.6;0.0;0.0;0.0;7814.0
0.0;983.6;0.0;0.0;0.0;7814.0
2.4;1095.5;0.9;111.3;0.0;7814.0
0.0;1139.3;1.0;42.2;0.0;7814.0
8.3;1295.3;0.1;0.0;0.0;7814.0
8.4;1302.3;0.0;0.0;0.0;7814.0
8.3;1312.0;0.2;0.0;0.0;7814.0
8.4;1355.3;0.1;0.0;0.0;7814.0
8.3;1359.9;0.3;0.0;1.0;7814.0
8.3;1373.1;0.6;1.4;0.0;7814.0
8.4;1419.9;0.3;1.5;0.0;7814.0
8.3;1418.0;0.0;0.0;0.0;7814.0
8.4;1420.1;0.0;0.0;0.0;7814.0
8.3;1437.6;0.0;0.0;0.0;7814.0
8.3;1439.9;0.1;0.0;0.0;7884.0
8.4;1861.2;0.1;0.0;6.0;7981.0
8.3;1918.5;18.5;0.3;94.0;7981.0
9.4;1918.7;2.0;0.0;97.0;7975.0
8.4;1918.8;0.0;0.0;95.0;7957.0
8.4;1918.8;0.0;0.0;96.0;7957.0
8.4;1918.8;0.0;0.0;95.0;7970.0
7.3;1918.8;0.0;0.0;96.0;7953.0
8.3;1918.8;0.0;0.0;96.0;7932.0
8.3;1918.8;0.0;0.0;96.0;7930.0
8.4;1918.9;0.0;0.0;95.0;7931.0
8.3;1918.9;0.0;0.0;98.0;7923.0
8.4;1920.4;0.0;0.0;95.0;7923.0
9.6;1918.9;0.0;0.0;96.0;7923.0
9.5;1918.9;0.0;0.0;96.0;7923.0
7.2;1918.9;0.0;0.0;97.0;7923.0
12.5;1918.9;0.0;0.0;96.0;7931.0
10.7;1918.4;5.2;0.1;94.0;7933.0
8.4;1966.2;14.2;0.2;29.0;7933.0
8.3;1968.1;9.2;0.1;2.0;7930.0
95.6;2958.3;0.0;0.0;12.0;7927.0
32.2;2953.2;2.7;0.4;2.0;7916.0
8.3;2963.1;0.9;2.7;2.0;7900.0
8.4;2962.5;1.2;6.8;2.0;7900.0
8.3;2963.7;0.8;2.3;2.0;7900.0
8.3;2965.5;1.2;6.8;2.0;7900.0
8.4;2963.7;1.3;4.5;2.0;7900.0
8.3;2964.9;1.2;6.8;2.0;7900.0
8.3;2964.9;1.0;2.3;2.0;7900.0
11.9;2969.1;4.7;1.4;2.0;7892.0
8.3;2967.0;0.9;34.7;2.0;7892.0
11.9;2971.7;0.3;1.5;4.0;7892.0
11.5;2971.7;0.0;0.0;96.0;7892.0
9.6;2971.7;0.0;0.0;99.0;7892.0
8.4;2971.7;0.0;0.0;95.0;7892.0
16.7;2971.7;0.0;0.0;96.0;7892.0
8.3;2971.7;0.0;0.0;96.0;7892.0
8.3;2971.7;0.0;0.0;96.0;7892.0
8.4;2971.7;0.0;0.0;96.0;7892.0
10.7;2971.7;0.0;0.0;96.0;7892.0
9.4;2971.7;0.0;0.0;98.0;7903.0
10.8;2971.7;0.0;0.0;96.0;7903.0
8.3;2971.7;0.0;0.0;95.0;7895.0
10.8;2971.7;0.0;0.0;96.0;7895.0
8.3;2971.7;0.0;0.0;99.0;7911.0
8.3;2971.7;0.0;0.0;97.0;7911.0
8.4;2971.7;0.0;0.0;96.0;7905.0
8.3;2977.2;0.0;0.0;5.0;7927.0
98.0;2977.7;0.0;0.0;70.0;7921.0
94.4;2977.7;0.0;0.0;2.0;7929.0
55.6;2977.7;0.0;0.0;3.0;7921.0
8.4;3058.0;15.2;67.4;4.0;7920.0
8.3;2975.7;0.6;1.5;3.0;7916.0
8.4;2981.8;0.3;1.6;5.0;7924.0
9.6;2981.8;0.0;0.0;96.0;7924.0
7.2;2981.8;0.0;0.0;95.0;7916.0
8.4;2981.8;0.0;0.0;96.0;7916.0
9.4;2981.8;0.0;0.0;96.0;7924.0
8.4;2981.8;0.0;0.0;96.0;7924.0
10.7;2981.8;0.0;0.0;97.0;7916.0
7.2;2981.8;0.0;0.0;96.0;7916.0
8.3;2981.8;0.0;0.0;98.0;7924.0
7.1;2981.8;0.0;0.0;96.0;7924.0
10.8;2981.8;0.0;0.0;99.0;7924.0
8.3;2981.8;0.0;0.0;95.0;7923.0
9.6;2981.8;0.0;0.0;96.0;7909.0
9.4;2981.8;0.0;0.0;96.0;7917.0
10.7;2981.8;0.0;0.0;97.0;7923.0
9.6;2981.8;0.0;0.0;97.0;7923.0
8.3;2981.6;0.0;0.0;45.0;7973.0
38.5;2993.9;0.0;0.0;52.0;7954.0
89.6;2993.9;0.0;0.0;0.0;7954.0
84.8;2993.9;0.0;0.0;0.0;7952.0
87.2;2993.9;0.0;0.0;0.0;7952.0
83.3;2993.9;0.0;0.0;0.0;7952.0
8.4;3094.9;15.2;67.8;2.0;7952.0
8.4;2991.8;0.6;1.5;0.0;7952.0
9.6;2997.5;0.3;1.6;9.0;7952.0
8.3;2997.5;0.0;0.0;96.0;7952.0
9.5;2997.5;0.0;0.0;98.0;7968.0
11.9;2997.5;0.0;0.0;96.0;7964.0
9.5;2997.5;0.0;0.0;96.0;7963.0
9.4;2997.5;0.0;0.0;96.0;7972.0
10.8;2997.5;0.0;0.0;96.0;7972.0
8.3;2997.5;0.0;0.0;96.0;7955.0
9.6;2997.5;0.0;0.0;96.0;7955.0
8.3;2997.5;0.0;0.0;96.0;7955.0
8.3;2997.5;0.0;0.0;99.0;7965.0
8.4;2997.5;0.0;0.0;96.0;7965.0
9.5;2997.5;0.0;0.0;96.0;7965.0
15.6;2997.5;0.0;0.0;95.0;7965.0
9.6;2997.5;0.0;0.0;99.0;7947.0
8.4;2997.5;0.0;0.0;96.0;7942.0
8.4;3006.4;0.0;0.0;2.0;7942.0
95.6;3008.0;0.0;0.0;16.0;7942.0
94.4;3008.0;0.0;0.0;2.0;7942.0
88.8;3008.0;0.0;0.0;2.0;7942.0
93.2;3008.0;0.0;0.0;2.0;7942.0
94.8;3008.0;0.0;0.0;2.0;7935.0
91.1;3008.0;0.0;0.0;2.0;7931.0
92.0;3008.0;0.0;0.0;2.0;7931.0
8.4;3004.4;15.2;68.1;2.0;7931.0
8.4;3006.3;0.6;1.6;2.0;7931.0
8.4;3012.5;0.3;1.7;82.0;7931.0
9.6;3012.5;0.0;0.0;96.0;7931.0
9.6;3012.5;0.0;0.0;96.0;7931.0
8.4;3012.5;0.0;0.0;96.0;7931.0
10.7;3012.5;0.0;0.0;96.0;7931.0
8.4;3012.5;0.0;0.0;96.0;7931.0
8.3;3012.5;0.0;0.0;99.0;7931.0
8.4;3012.5;0.0;0.0;97.0;7931.0
8.3;3012.5;0.0;0.0;99.0;7931.0
8.3;3012.5;0.0;0.0;95.0;7931.0
9.6;3012.5;0.0;0.0;96.0;7931.0
14.2;3012.5;0.0;0.0;96.0;7931.0
10.4;3012.5;0.0;0.0;96.0;7931.0
8.4;3012.5;0.0;0.0;96.0;7931.0
8.3;3012.5;0.0;0.0;95.0;7931.0
8.4;3015.1;0.0;0.0;96.0;7931.0
