5.9;39.3;18.5;1.2;8.0;915.0
6.2;92.5;86.7;7.7;7.0;899.0
7.1;129.7;125.8;8.6;7.0;899.0
7.2;162.6;99.0;7.2;7.0;880.0
8.3;184.2;145.2;6.2;7.0;878.0
8.3;206.4;70.6;3.8;6.0;865.0
8.4;225.1;93.2;3.0;12.0;865.0
8.3;306.1;61.1;33.4;12.0;1019.0
8.4;786.6;0.6;0.0;49.0;7867.0
5.2;983.8;3.1;33.3;10.0;7871.0
0.0;983.8;0.0;0.0;4.0;7838.0
0.0;983.8;0.0;0.0;5.0;7829.0
0.0;983.8;0.0;0.0;5.0;7829.0
0.0;983.8;0.0;0.0;5.0;7829.0
0.0;983.8;0.0;0.0;5.0;7833.0
0.0;983.8;0.0;0.0;5.0;7824.0
0.0;983.8;0.0;0.0;5.0;7833.0
0.0;983.8;0.0;0.0;0.0;7837.0
0.0;983.8;0.0;0.0;0.0;7837.0
0.0;983.8;0.0;0.0;0.0;7837.0
4.8;1096.7;0.9;111.3;0.0;7837.0
0.0;1139.5;1.0;42.2;0.0;7837.0
8.3;1295.2;0.1;0.0;0.0;7837.0
8.4;1300.9;0.0;0.0;0.0;7837.0
8.3;1311.6;0.2;0.0;0.0;7837.0
8.3;1322.4;0.1;0.0;0.0;7836.0
8.3;1356.1;0.1;0.0;0.0;7836.0
8.3;1373.6;0.8;1.4;0.0;7836.0
8.4;1407.5;0.3;1.5;0.0;7836.0
8.3;1417.9;0.0;0.0;0.0;7836.0
8.4;1420.2;0.0;0.0;0.0;7836.0
8.4;1437.5;0.0;0.0;0.0;7836.0
8.4;1408.8;0.0;0.0;0.0;7872.0
8.3;1722.7;0.2;0.0;13.0;7979.0
9.5;1918.0;17.1;0.3;88.0;7979.0
8.4;1918.3;4.6;0.1;96.0;7979.0
8.3;1918.3;0.0;0.0;96.0;7979.0
8.3;1918.4;0.0;0.0;98.0;7970.0
11.9;1918.4;0.0;0.0;96.0;7970.0
8.3;1918.4;0.0;0.0;96.0;7970.0
8.4;1918.4;0.0;0.0;96.0;7979.0
8.3;1918.4;0.0;0.0;98.0;7990.0
8.3;1918.4;0.0;0.0;97.0;7990.0
8.4;1918.4;0.0;0.0;96.0;7990.0
8.3;1918.5;0.0;0.0;97.0;7990.0
8.4;1918.5;0.0;0.0;97.0;7990.0
9.4;1918.5;0.0;0.0;96.0;7990.0
9.6;1918.5;0.0;0.0;97.0;7990.0
13.1;1918.5;0.0;0.0;97.0;7990.0
9.6;1918.0;14.6;0.2;88.0;7989.0
8.3;1966.6;6.4;0.1;0.0;7989.0
17.7;1997.5;9.2;0.1;3.0;7989.0
95.6;2959.2;0.0;0.0;0.0;7989.0
10.7;2959.6;2.7;0.4;0.0;7989.0
8.4;2963.5;1.1;4.9;0.0;7989.0
8.3;2963.7;1.3;4.5;0.0;7989.0
8.3;2964.2;1.0;4.5;0.0;7998.0
8.4;2964.2;1.5;6.8;0.0;7998.0
8.3;2964.9;1.2;6.8;0.0;7998.0
8.3;2965.7;1.3;4.5;0.0;7998.0
8.3;2966.2;1.4;1.2;0.0;7998.0
8.3;2968.0;3.8;33.5;0.0;7998.0
9.6;2974.3;0.9;3.0;72.0;7998.0
9.5;2974.3;0.0;0.0;96.0;7998.0
9.4;2974.3;0.0;0.0;96.0;7981.0
8.4;2974.3;0.0;0.0;96.0;7985.0
11.9;2974.3;0.0;0.0;99.0;7977.0
8.4;2974.3;0.0;0.0;95.0;7981.0
9.6;2974.3;0.0;0.0;97.0;7981.0
8.4;2974.3;0.0;0.0;97.0;7981.0
10.7;2974.3;0.0;0.0;96.0;7981.0
8.4;2974.3;0.0;0.0;97.0;7981.0
9.5;2974.3;0.0;0.0;99.0;7981.0
8.3;2974.3;0.0;0.0;97.0;7981.0
8.4;2974.3;0.0;0.0;97.0;7976.0
11.8;2974.3;0.0;0.0;96.0;7976.0
14.6;2974.3;0.0;0.0;96.0;7976.0
8.4;2978.5;0.0;0.0;63.0;7976.0
93.2;2979.3;0.0;0.0;7.0;7976.0
92.0;2979.4;0.0;0.0;5.0;7982.0
88.8;2979.4;0.0;0.0;6.0;7982.0
8.3;2975.8;15.2;67.4;1.0;7982.0
8.4;2978.9;0.6;1.5;0.0;7982.0
10.7;2983.5;0.3;1.6;96.0;7982.0
8.4;2983.5;0.0;0.0;97.0;7982.0
8.4;2983.5;0.0;0.0;97.0;7982.0
8.4;2983.5;0.0;0.0;96.0;7982.0
9.6;2983.5;0.0;0.0;96.0;7982.0
8.3;2983.5;0.0;0.0;97.0;7974.0
8.4;2983.5;0.0;0.0;97.0;7989.0
10.7;2983.5;0.0;0.0;99.0;8001.0
11.9;2983.5;0.0;0.0;97.0;8001.0
8.3;2983.5;0.0;0.0;97.0;8001.0
8.3;2983.5;0.0;0.0;97.0;8001.0
8.4;2983.5;0.0;0.0;96.0;8001.0
8.3;2983.5;0.0;0.0;96.0;8001.0
10.4;2983.5;0.0;0.0;97.0;8001.0
9.6;2983.0;0.0;0.0;97.0;8000.0
8.3;2995.9;0.0;0.0;0.0;8000.0
98.0;2995.9;0.0;0.0;0.0;8000.0
95.9;2995.9;0.0;0.0;0.0;8000.0
99.1;2995.9;0.0;0.0;0.0;8000.0
86.0;2995.9;0.0;0.0;4.0;7994.0
10.4;3023.8;15.0;34.5;2.0;7994.0
8.3;2992.6;0.8;34.8;0.0;7994.0
8.3;2998.2;0.3;1.6;0.0;7994.0
13.1;2998.2;0.0;0.0;96.0;7994.0
9.4;2998.2;0.0;0.0;97.0;7985.0
8.3;2998.2;0.0;0.0;96.0;7991.0
8.4;2998.2;0.0;0.0;97.0;8003.0
10.8;2998.2;0.0;0.0;96.0;8012.0
8.4;2998.2;0.0;0.0;96.0;8012.0
14.6;2998.2;0.0;0.0;96.0;8003.0
8.4;2998.2;0.0;0.0;97.0;8003.0
8.3;2998.2;0.0;0.0;96.0;8012.0
8.4;2998.2;0.0;0.0;97.0;8016.0
15.4;2998.2;0.0;0.0;97.0;8016.0
8.3;2998.2;0.0;0.0;97.0;8016.0
9.6;2998.2;0.0;0.0;97.0;8008.0
9.5;2998.2;0.0;0.0;99.0;8008.0
11.9;2998.2;0.0;0.0;97.0;8008.0
8.3;3005.3;0.0;0.0;0.0;8008.0
94.4;3006.9;0.0;0.0;39.0;8006.0
84.8;3006.9;0.0;0.0;1.0;8009.0
99.1;3006.9;0.0;0.0;0.0;8009.0
96.8;3006.9;0.0;0.0;0.0;8009.0
69.3;3006.9;0.0;0.0;1.0;8010.0
28.4;3008.3;0.0;0.0;5.0;8010.0
8.4;3001.9;15.2;68.1;6.0;7950.0
7.3;3007.4;0.6;1.6;5.0;7922.0
8.4;3012.1;0.3;1.7;89.0;7921.0
8.4;3012.1;0.0;0.0;96.0;7921.0
8.4;3012.1;0.0;0.0;96.0;7923.0
8.3;3012.1;0.0;0.0;96.0;7923.0
9.6;3012.1;0.0;0.0;96.0;7924.0
10.7;3012.0;0.0;0.0;96.0;7926.0
8.4;3012.0;0.0;0.0;96.0;7926.0
8.3;3012.0;0.0;0.0;99.0;7926.0
10.7;3012.0;0.0;0.0;96.0;7910.0
8.4;3012.0;0.0;0.0;97.0;7896.0
8.3;3012.0;0.0;0.0;99.0;7889.0
9.4;3012.0;0.0;0.0;96.0;7889.0
10.8;3012.0;0.0;0.0;99.0;7889.0
8.3;3012.0;0.0;0.0;97.0;7884.0
8.4;3012.0;0.0;0.0;97.0;7891.0
8.3;3011.6;0.0;0.0;95.0;7891.0
8.4;3026.2;0.0;0.0;2.0;7882.0
93.5;3026.3;0.0;0.0;39.0;7882.0
94.4;3026.3;0.0;0.0;2.0;7882.0
86.0;3026.3;0.0;0.0;4.0;7904.0
