44.9;88.4;43.0;0.0
49.9;106.7;71.8;0.0
65.0;126.3;88.7;0.0
64.7;140.6;32.6;0.0
24.9;156.4;39.0;0.0
0.0;156.4;0.0;0.0
5.0;156.4;0.1;0.0
0.0;156.4;0.0;0.0
0.0;156.4;1.3;0.0
0.0;156.4;0.0;0.0
0.0;156.4;0.7;0.0
0.0;156.4;0.0;0.0
0.0;156.4;0.5;0.0
0.0;156.4;0.0;0.0
0.0;156.4;0.8;0.0
0.0;156.4;0.0;0.0
5.0;159.3;0.2;0.0
44.9;159.9;0.3;0.0
0.0;159.9;6.2;0.0
50.8;160.5;0.1;0.0
49.8;160.5;0.0;0.0
55.4;160.5;0.0;0.0
47.8;160.5;0.0;0.0
49.2;160.5;0.0;0.0
49.3;160.5;0.7;0.0
0.0;160.5;2.3;0.0
24.6;161.3;4.1;0.0
