119.8;448593920;16
179.7;519032832;891
119.8;620089344;931
109.8;661114880;1229
109.8;708169728;1252
129.8;715653120;1326
99.8;715653120;1507
99.8;715653120;1545
99.8;715653120;1516
119.8;715653120;1482
99.8;715653120;1536
99.9;790233088;1132
109.8;892731392;1012
99.9;995229696;1013
99.9;1097859072;1013
99.9;1200226304;1011
99.8;1302724608;1013
109.8;1405353984;1021
99.8;1405485056;1523
109.8;1405485056;1545
99.8;1405485056;1548
99.8;1405485056;1542
99.8;1405485056;1554
99.8;1405485056;1553
99.9;1405485056;1518
109.8;1405485056;1540
99.8;1405485056;1547
99.8;1405485056;1542
99.8;1405485056;1545
99.8;1405485056;1531
89.9;1405485056;1542
89.9;1405485056;1547
99.9;1405485056;1549
99.9;1405485056;1545
99.9;1405485056;1511
109.8;1435631616;902
109.8;1435762688;8
99.8;1435762688;0
99.8;1435762688;0
119.8;1435762688;1
219.6;1435893760;0
684.6;1441935360;3
800.2;1442033664;3
793.9;1442033664;0
778.8;1442164736;2
800.4;1457238016;0
795.5;1457238016;2
788.6;1457369088;3
800.5;1455112192;2
785.3;1455112192;2
788.8;1455112192;2
792.4;1455112192;2
789.7;1455185920;4
786.6;1455185920;2
781.8;1500536832;2
807.1;1897816064;0
788.9;1939103744;2
707.3;1939103744;0
698.8;1939103744;0
578.9;1939103744;2
369.5;1939234816;2
99.9;1939234816;0
99.9;1939234816;0
99.9;1939234816;0
99.9;1939234816;0
99.9;1939234816;0
99.9;1939234816;0
99.9;1939234816;0
99.9;1939234816;0
99.9;1939234816;0
99.9;1939234816;0
99.9;1939234816;0
99.9;1939234816;0
99.9;1939234816;0
99.9;1939234816;0
99.9;1939234816;0
99.9;1939234816;0
99.9;1939234816;0
99.9;1939234816;0
99.9;1939234816;0
99.9;1939234816;0
99.9;1939234816;0
99.9;1939234816;0
99.9;1939234816;0
99.9;1939234816;0
99.9;1939234816;0
99.9;1939234816;0
99.9;1939234816;0
109.9;1939234816;0
99.9;1939234816;0
99.9;1939234816;0
99.9;1939234816;0
99.9;1939234816;0
99.9;1939234816;0
99.9;1939234816;0
99.9;1939234816;0
99.9;1938513920;0
99.9;1938513920;0
99.9;1938513920;0
99.9;1938513920;0
99.9;1938513920;0
99.9;1938513920;0
99.9;1938513920;0
99.9;1938513920;0
99.9;1938513920;0
99.9;1938513920;0
99.9;1938513920;0
99.9;1938513920;0
99.9;1938513920;0
99.9;1938513920;0
99.9;1938513920;0
99.9;1938513920;0
99.9;1938513920;0
99.9;1938513920;0
99.8;1938513920;0
99.9;1938513920;0
99.9;1938513920;0
99.8;1938513920;0
99.9;1938513920;0
99.9;1938513920;0
99.8;1938513920;0
99.9;1938513920;0
99.9;1938513920;0
99.9;1938513920;0
99.9;1938513920;0
99.9;1938513920;0
99.9;1938513920;0
99.9;1938513920;0
99.9;1938513920;0
99.9;1938513920;0
99.9;1938513920;0
99.9;1938513920;0
99.9;1938513920;0
99.9;1938513920;0
99.9;1938513920;0
99.9;1938513920;0
99.9;1938513920;0
99.9;1938513920;0
99.9;1938513920;0
99.9;1938513920;0
99.9;1938513920;0
99.9;1938513920;0
99.9;1938513920;0
99.9;1938513920;0
99.9;1938513920;0
99.9;1938513920;0
99.9;1938513920;0
99.9;1938513920;0
99.9;1938513920;0
99.9;1938513920;0
99.9;1938513920;0
99.9;1938513920;0
99.9;1938513920;0
99.9;1938513920;0
99.9;1938513920;0
99.9;1938513920;0
99.9;1938513920;0
99.9;1938513920;0
99.9;1938513920;0
99.9;1938513920;0
99.9;1938513920;0
99.9;1938513920;0
99.9;1938513920;0
99.9;1938513920;0
99.9;1938513920;0
99.9;1938513920;0
99.9;1938513920;0
99.9;1938513920;0
99.9;1938513920;0
99.9;1938513920;0
99.9;1938513920;0
99.9;1938513920;0
99.9;1938513920;0
99.9;1938513920;0
99.9;1938513920;0
99.9;1938513920;0
99.9;1938513920;0
99.9;1938513920;0
99.9;1938513920;0
99.9;1938513920;0
99.9;1938513920;0
99.9;1938513920;0
99.9;1938513920;0
99.9;1938513920;0
99.8;1938513920;0
99.9;1938513920;0
99.9;1938513920;0
99.9;1938513920;0
99.9;1938513920;0
99.9;1938513920;0
99.9;1938513920;0
99.9;1938513920;0
99.9;1938513920;0
99.9;1938513920;0
99.9;1938513920;0
99.9;1938513920;0
99.9;1938513920;0
99.9;1938513920;0
99.9;1938513920;0
99.9;1938513920;0
99.9;1938513920;0
99.9;1938513920;0
99.9;1938513920;0
99.9;1938513920;0
99.9;1938513920;0
99.9;1938513920;0
99.9;1938513920;0
99.9;1938513920;0
99.9;1938513920;0
99.8;1938513920;0
99.9;1938513920;0
99.9;1938513920;0
99.9;1938513920;0
99.9;1938513920;0
99.9;1938513920;0
99.9;1938513920;0
99.9;1938513920;0
99.9;1938513920;0
99.9;1938513920;0
99.9;1938513920;0
99.9;1938513920;0
99.9;1938513920;0
99.9;1938513920;0
99.9;1938513920;0
99.9;1938513920;0
99.9;1938513920;0
109.9;1938513920;0
99.9;1938513920;0
99.9;1938513920;0
99.9;1938513920;0
99.9;1938513920;0
99.9;1938513920;0
99.9;1938513920;0
99.9;1938513920;0
99.9;1938513920;0
99.9;1938513920;0
99.9;1938513920;0
99.9;1938513920;0
99.9;1938513920;0
99.9;1938513920;0
109.9;1938513920;0
99.9;1938513920;0
99.9;1938513920;0
99.9;1938513920;0
99.9;1938513920;0
99.9;1938513920;0
99.9;1938513920;0
99.8;1938513920;0
99.9;1938513920;0
99.9;1938513920;0
99.9;1938513920;0
99.9;1938513920;0
99.9;1938513920;0
99.9;1938513920;0
99.9;1938513920;0
99.9;1938513920;0
99.9;1938513920;0
99.9;1938513920;0
99.9;1938513920;0
99.9;1938513920;0
99.9;1938513920;0
99.9;1938513920;0
99.9;1938513920;0
99.9;1938513920;0
99.9;1938513920;0
99.9;1938513920;0
99.9;1938513920;0
99.9;1938513920;0
99.9;1938513920;0
99.9;1938513920;0
99.9;1938513920;0
99.9;1938513920;0
99.9;1938513920;0
99.9;1938513920;0
99.9;1938513920;0
99.9;1938513920;0
99.9;1938513920;0
99.9;1938513920;0
99.9;1938513920;0
99.9;1938513920;0
99.9;1938513920;0
99.9;1938513920;0
99.9;1938513920;0
99.9;1938513920;0
99.9;1938513920;0
99.9;1938513920;0
99.9;1938513920;0
99.9;1938513920;0
99.9;1938513920;0
109.8;1938513920;0
99.9;1938513920;0
99.9;1938513920;0
99.9;1938513920;0
99.9;1938513920;0
99.9;1938513920;0
99.9;1938513920;0
109.9;1938513920;0
99.9;1938513920;0
99.9;1938513920;0
99.9;1938513920;0
