109.8;445972480;5
219.7;507838464;802
109.8;607977472;922
109.8;647036928;1212
99.8;706019328;1192
129.8;714461184;1443
119.8;714461184;1492
99.9;714461184;1518
109.8;714461184;1513
99.8;714592256;1495
99.8;714592256;1538
109.8;781176832;1153
89.9;881971200;995
99.8;982896640;996
99.9;1083953152;1000
109.8;1185140736;998
99.8;1285672960;993
99.9;1370869760;1074
99.8;1370869760;1514
99.8;1370869760;1549
109.8;1370869760;1533
99.8;1370869760;1535
99.8;1370869760;1531
109.8;1370869760;1519
99.8;1370869760;1541
99.8;1370869760;1544
99.9;1370869760;1532
109.8;1370869760;1542
99.9;1370869760;1538
99.8;1370869760;1508
99.8;1370869760;1527
109.8;1370869760;1530
99.9;1370869760;1525
99.9;1370869760;1527
99.9;1370869760;1511
109.8;1400754176;1183
109.8;1400754176;9
99.8;1400754176;0
99.8;1400754176;0
109.8;1400754176;1
219.6;1400885248;1
646.7;1404526592;3
797.9;1404641280;4
784.1;1404903424;3
794.8;1425088512;0
796.4;1432297472;2
792.6;1432428544;2
799.1;1430224896;2
785.5;1430224896;2
787.6;1430224896;2
794.2;1430224896;2
797.0;1770094592;2
796.9;1930657792;0
799.6;1930657792;2
798.3;1933107200;2
793.5;1933107200;2
793.4;1933500416;1
669.2;1933500416;3
339.4;1933500416;0
209.7;1933762560;4
99.9;1933762560;0
99.9;1933762560;0
99.9;1933762560;0
99.9;1933762560;0
99.9;1933762560;0
99.9;1933762560;0
99.9;1933762560;0
99.9;1933762560;0
99.9;1933762560;0
99.9;1933762560;0
99.9;1933762560;0
99.9;1933762560;0
99.9;1933762560;0
99.9;1933762560;0
99.9;1933762560;0
99.9;1933762560;0
99.9;1933762560;0
99.9;1933762560;0
99.9;1933762560;0
99.9;1933762560;0
99.9;1933762560;0
99.9;1933762560;0
99.9;1933762560;0
99.9;1933762560;0
99.9;1933762560;0
99.9;1933762560;0
99.9;1933762560;0
99.9;1933762560;0
99.9;1933762560;0
99.9;1933762560;0
99.9;1933762560;0
99.9;1933762560;0
99.9;1933762560;0
99.9;1933762560;0
99.9;1933762560;0
99.9;1933762560;0
99.9;1931792384;0
99.9;1931792384;0
99.9;1931792384;0
99.9;1931792384;0
99.9;1931792384;0
99.9;1931792384;0
99.9;1931792384;0
99.9;1931792384;0
99.9;1931792384;0
99.9;1931792384;0
99.9;1931792384;0
99.9;1931792384;0
99.9;1931792384;0
99.9;1931792384;0
99.9;1931792384;0
99.9;1931792384;0
99.9;1931792384;0
99.9;1931792384;0
99.9;1931792384;0
99.9;1931792384;0
99.9;1931792384;0
99.9;1931792384;0
99.9;1931792384;0
99.9;1931792384;0
99.9;1931792384;0
99.9;1931792384;0
99.9;1931792384;0
99.9;1931792384;0
99.9;1931792384;0
99.9;1931792384;0
99.9;1931792384;0
99.9;1931792384;0
109.9;1931792384;0
99.9;1931792384;0
99.9;1931792384;0
99.9;1931792384;0
99.9;1931792384;0
99.8;1931792384;0
99.9;1931792384;0
99.9;1931792384;0
99.9;1931792384;0
99.9;1931792384;0
99.9;1931792384;0
99.9;1931792384;0
99.9;1931792384;0
99.9;1931792384;0
99.9;1931792384;0
99.9;1931792384;0
99.9;1931792384;0
99.9;1931792384;0
99.9;1931792384;0
99.9;1931792384;0
99.9;1931792384;0
99.9;1931792384;0
99.9;1931792384;0
99.9;1931792384;0
99.9;1931792384;0
99.9;1931792384;0
99.9;1931792384;0
99.9;1931792384;0
99.8;1931792384;0
99.9;1931792384;0
99.9;1931792384;0
99.9;1931792384;0
99.9;1931792384;0
99.9;1931792384;0
99.9;1931792384;0
99.9;1931792384;0
99.9;1931792384;0
99.9;1931792384;0
99.9;1931792384;0
99.9;1931792384;0
99.9;1931792384;0
99.9;1931792384;0
99.9;1931792384;0
99.9;1931792384;0
99.9;1931792384;0
109.9;1931792384;0
99.9;1931792384;0
99.9;1931792384;0
99.9;1931792384;0
99.9;1931792384;0
99.9;1931792384;0
99.9;1931792384;0
99.9;1931792384;0
99.9;1931792384;0
99.9;1931792384;0
99.9;1931792384;0
99.9;1931792384;0
99.9;1931792384;0
99.9;1931792384;0
99.9;1931792384;0
99.9;1931792384;0
99.9;1931792384;0
99.9;1931792384;0
99.9;1931792384;0
99.9;1931792384;0
99.9;1931792384;0
99.9;1931792384;0
99.9;1931792384;0
99.9;1931792384;0
99.9;1931792384;0
99.9;1931792384;0
99.9;1931792384;0
99.9;1931792384;0
99.9;1931792384;0
99.9;1931792384;0
99.9;1931792384;0
99.9;1931792384;0
99.9;1931792384;0
109.8;1931792384;0
99.9;1931792384;0
99.9;1931792384;0
99.9;1931792384;0
99.9;1931792384;0
99.9;1931792384;0
99.9;1931792384;0
99.9;1931792384;0
99.9;1931792384;0
99.9;1931792384;0
99.9;1931792384;0
99.9;1931792384;0
99.9;1931792384;0
99.9;1931792384;0
99.9;1931792384;0
99.9;1931792384;0
99.9;1931792384;0
99.9;1931792384;0
99.9;1931792384;0
99.9;1931792384;0
99.9;1931792384;0
99.9;1931792384;0
99.9;1931792384;0
99.9;1931792384;0
99.9;1931792384;0
99.9;1931792384;0
99.9;1931792384;0
99.9;1931792384;0
99.9;1931792384;0
99.9;1931792384;0
99.9;1931792384;0
99.9;1931792384;0
99.9;1931792384;0
109.9;1931792384;0
99.9;1931792384;0
99.9;1931792384;0
99.9;1931792384;0
99.9;1931792384;0
99.9;1931792384;0
109.9;1931792384;0
99.9;1931792384;0
99.9;1931792384;0
99.9;1931792384;0
99.9;1931792384;0
99.9;1931792384;0
99.9;1931792384;0
99.9;1931792384;0
99.9;1931792384;0
99.9;1931792384;0
99.9;1931792384;0
99.9;1931792384;0
99.9;1931792384;0
99.9;1931792384;0
99.9;1931792384;0
99.9;1931792384;0
99.9;1931792384;0
99.9;1931792384;0
99.9;1931792384;0
99.9;1931792384;0
109.9;1931792384;0
99.9;1931792384;0
99.9;1931792384;0
99.9;1931792384;0
99.9;1931792384;0
99.9;1931792384;0
99.9;1931792384;0
109.8;1931792384;0
99.9;1931792384;0
99.9;1931792384;0
99.9;1931792384;0
99.9;1931792384;0
99.9;1931792384;0
99.9;1931792384;0
109.9;1931792384;0
99.9;1931792384;0
99.9;1931792384;0
99.9;1931792384;0
99.9;1931792384;0
99.9;1931792384;0
109.9;1931792384;0
99.9;1931792384;0
99.9;1931792384;0
99.9;1931792384;0
99.8;1931792384;0
99.9;1931792384;0
99.9;1931792384;0
99.9;1931792384;0
99.9;1931792384;0
99.9;1931792384;0
99.9;1931792384;0
99.9;1931792384;0
99.9;1931792384;0
99.9;1931792384;0
99.9;1931792384;0
