119.8;540209152;965
109.8;635236352;969
119.8;685043712;1207
109.8;710733824;1378
119.8;715051008;1510
109.8;715051008;1499
99.8;715051008;1523
99.8;715051008;1546
109.8;715182080;1509
89.9;726716416;1465
109.8;829345792;1015
99.8;931975168;1014
99.8;1035128832;1018
99.8;1137889280;1015
89.9;1241305088;1020
99.8;1304088576;1224
99.8;1304088576;1520
99.8;1304088576;1552
99.8;1304088576;1552
89.8;1304088576;1556
89.9;1304088576;1552
99.8;1304088576;1528
99.8;1304088576;1551
89.9;1304088576;1550
99.8;1304088576;1550
99.8;1304088576;1552
109.8;1304088576;1534
99.8;1304088576;1548
89.9;1304088576;1550
99.8;1304088576;1556
99.8;1304088576;1556
99.8;1304088576;1531
109.8;1304088576;1549
99.8;1333972992;1194
99.8;1334104064;10
99.8;1334104064;0
99.8;1334104064;0
109.8;1334235136;1
199.6;1334235136;0
491.3;1336954880;3
782.6;1340850176;3
800.2;1342492672;2
788.6;1342754816;2
788.6;1437257728;2
797.7;1437257728;2
771.4;1437257728;2
788.9;1433743360;2
792.2;1433743360;2
791.6;1433743360;2
792.2;1624715264;2
796.3;1904291840;0
798.9;1904816128;2
806.6;1904816128;1
789.0;1904816128;2
798.0;1904816128;2
716.8;1904816128;1
399.3;1904816128;1
369.4;1904816128;2
119.8;1905340416;2
99.9;1905340416;0
99.9;1905340416;0
99.9;1905340416;0
99.9;1905340416;0
99.9;1905340416;0
99.9;1905340416;0
99.9;1905340416;0
99.9;1905340416;0
99.9;1905340416;0
99.9;1905340416;0
99.9;1905340416;0
99.9;1905340416;0
99.9;1905340416;0
99.9;1905340416;0
99.9;1905340416;0
99.9;1905340416;0
99.9;1905340416;0
99.9;1905340416;0
99.9;1905340416;0
99.9;1905340416;0
99.9;1905340416;0
99.9;1905340416;0
99.9;1905340416;0
99.9;1905340416;0
99.9;1905340416;0
99.9;1905340416;0
99.9;1905340416;0
99.9;1905340416;0
99.9;1905340416;0
99.9;1905340416;0
99.9;1905340416;0
109.9;1905340416;0
99.9;1905340416;0
99.9;1905340416;0
99.9;1905340416;0
99.9;1905340416;0
99.9;1905340416;0
99.9;1905340416;0
99.9;1905340416;0
99.9;1905340416;0
99.9;1905340416;0
99.9;1905340416;0
99.9;1905340416;0
99.9;1905340416;0
99.9;1905340416;0
99.9;1905340416;0
99.9;1905340416;0
99.9;1905340416;0
99.9;1905340416;0
99.9;1905340416;0
99.9;1905340416;0
99.9;1905340416;0
99.9;1905340416;0
99.9;1905340416;0
99.9;1905340416;0
99.9;1905340416;0
99.9;1905340416;0
99.9;1905340416;0
99.9;1905340416;0
99.9;1905340416;0
99.9;1905340416;0
99.9;1905340416;0
99.9;1905340416;0
99.9;1905340416;0
99.9;1905340416;0
99.9;1905340416;0
99.9;1905340416;0
99.9;1905340416;0
99.9;1905340416;0
99.9;1905340416;0
99.9;1905340416;0
99.9;1905340416;0
99.9;1905340416;0
99.9;1905340416;0
99.9;1905340416;0
99.9;1905340416;0
99.9;1905340416;0
99.9;1905340416;0
99.9;1905340416;0
99.9;1905340416;0
99.9;1905340416;0
99.9;1905340416;0
99.9;1905340416;0
99.9;1905340416;0
99.9;1905340416;0
99.9;1905340416;0
99.9;1905340416;0
99.9;1905340416;0
99.9;1905340416;0
99.9;1905340416;0
99.9;1905340416;0
99.9;1905340416;0
99.9;1905340416;0
99.9;1905340416;0
99.9;1905340416;0
99.9;1905340416;0
99.9;1905340416;0
99.9;1905340416;0
99.9;1905340416;0
99.9;1905340416;0
99.9;1905340416;0
99.9;1905340416;0
99.9;1905340416;0
99.9;1905340416;0
99.9;1905340416;0
99.9;1905340416;0
99.9;1905340416;0
99.9;1905340416;0
99.9;1905340416;0
99.9;1905340416;0
109.9;1905340416;0
99.9;1905340416;0
99.9;1905340416;0
99.9;1905340416;0
99.9;1905340416;0
99.9;1905340416;0
99.9;1905340416;0
99.9;1905340416;0
99.9;1905340416;0
99.9;1905340416;0
99.9;1905340416;0
99.9;1905340416;0
109.9;1905340416;0
99.9;1905340416;0
99.9;1905340416;0
99.9;1905340416;0
99.9;1905340416;0
99.9;1905340416;0
99.9;1905340416;0
109.9;1905340416;0
99.9;1905340416;0
99.9;1905340416;0
99.9;1905340416;0
99.9;1905340416;0
99.9;1905340416;0
99.9;1905340416;0
109.9;1905340416;0
99.9;1905340416;0
99.9;1905340416;0
99.9;1905340416;0
99.9;1905340416;0
99.9;1905340416;0
99.9;1905340416;0
99.9;1905340416;0
99.9;1905340416;0
99.9;1905340416;0
99.9;1905340416;0
99.9;1905340416;0
99.9;1905340416;0
99.9;1905340416;0
109.9;1905340416;0
99.9;1905340416;0
99.9;1905340416;0
99.9;1905340416;0
99.9;1905340416;0
99.9;1905340416;0
99.9;1905340416;0
99.9;1905340416;0
99.9;1905340416;0
99.9;1905340416;0
99.9;1905340416;0
99.9;1905340416;0
99.9;1905340416;0
99.9;1905340416;0
99.9;1905340416;0
99.9;1905340416;0
99.9;1905340416;0
99.9;1905340416;0
99.9;1905340416;0
99.8;1905340416;0
99.9;1905340416;0
99.9;1905340416;0
99.9;1905340416;0
99.9;1905340416;0
99.9;1905340416;0
99.9;1905340416;0
99.9;1905340416;0
99.9;1905340416;0
99.9;1905340416;0
99.9;1905340416;0
99.9;1905340416;0
99.9;1905340416;0
99.9;1905340416;0
99.9;1905340416;0
99.9;1905340416;0
99.9;1905340416;0
99.9;1905340416;0
99.9;1905340416;0
99.9;1905340416;0
99.9;1905340416;0
99.9;1905340416;0
99.9;1905340416;0
99.9;1905340416;0
99.9;1905340416;0
99.9;1905340416;0
99.9;1905340416;0
99.9;1905340416;0
99.9;1905340416;0
99.9;1905340416;0
99.9;1905340416;0
99.9;1905340416;0
99.9;1905340416;0
99.9;1905340416;0
99.8;1905340416;0
99.9;1905340416;0
99.9;1905340416;0
99.9;1905340416;0
99.9;1905340416;0
99.9;1905340416;0
99.9;1905340416;0
99.9;1905340416;0
99.9;1905340416;0
99.9;1905340416;0
99.8;1905340416;0
99.9;1905340416;0
99.9;1905340416;0
99.9;1905340416;0
99.9;1905340416;0
109.9;1905340416;0
99.9;1905340416;0
99.9;1905340416;0
99.9;1905340416;0
99.9;1905340416;0
99.9;1905340416;0
99.9;1905340416;0
99.9;1905340416;0
99.9;1905340416;0
99.9;1905340416;0
99.9;1905340416;0
99.9;1905340416;0
99.9;1905340416;0
99.9;1905340416;0
99.9;1905340416;0
99.9;1905340416;0
99.9;1905340416;0
99.9;1905340416;0
99.9;1905340416;0
99.9;1905340416;0
99.9;1905340416;0
99.9;1905340416;0
99.9;1905340416;0
