47.0;100.4;64.8;0.0
52.6;114.9;93.6;0.0
70.8;155.3;93.3;0.0
20.0;159.6;2.9;0.0
0.0;159.6;0.0;0.0
0.0;159.6;0.1;0.0
0.0;159.6;0.0;0.0
0.0;159.6;1.3;0.0
0.0;159.6;0.0;0.0
0.0;159.6;0.7;0.0
0.0;159.6;0.0;0.0
41.4;160.4;1.6;0.0
24.9;160.8;0.2;0.0
0.0;160.8;0.0;0.0
0.0;160.8;0.1;0.0
0.0;160.8;0.0;0.0
0.0;160.8;1.2;0.0
0.0;160.8;0.0;0.0
0.0;160.8;0.7;0.0
0.0;160.8;0.0;0.0
17.4;161.1;0.5;0.0
45.0;182.6;53.0;4.0
49.2;214.7;378.5;0.0
50.0;214.7;1295.1;0.0
55.0;245.4;230.9;0.0
48.1;245.4;327.4;0.0
48.4;245.9;333.8;0.0
49.0;245.9;335.6;0.0
52.5;245.9;338.8;0.0
50.0;245.9;342.2;0.0
48.0;245.9;349.4;0.0
53.9;245.9;355.0;0.0
49.1;245.9;348.5;0.0
50.0;277.4;283.2;0.0
50.0;277.4;0.4;136.0
50.0;277.4;0.8;256.0
50.0;247.1;0.5;88.0
