44.9;85.9;39.1;0.0
51.1;117.0;139.1;0.0
81.2;139.6;54.8;0.0
50.4;159.7;41.0;0.0
0.0;159.7;0.0;0.0
0.0;159.7;0.0;0.0
0.0;159.7;0.1;0.0
0.0;159.7;0.0;0.0
0.0;159.7;1.3;0.0
0.0;159.7;0.0;0.0
0.0;159.7;0.7;0.0
0.0;159.7;0.0;0.0
29.9;160.4;0.5;0.0
48.0;160.4;0.0;0.0
52.2;160.4;0.0;0.0
47.9;160.4;0.0;0.0
55.0;160.4;1.3;0.0
9.9;160.8;0.0;0.0
0.0;160.8;0.0;0.0
0.0;160.8;0.1;0.0
0.0;160.8;0.0;0.0
0.0;160.8;1.3;0.0
0.0;160.8;0.0;0.0
0.0;160.8;0.7;0.0
0.0;160.8;0.0;0.0
37.0;177.9;15.1;4.0
54.1;212.2;36.7;0.0
44.8;214.7;1658.4;0.0
50.7;245.6;2717.9;0.0
49.2;276.6;497.3;0.0
45.2;277.3;1.0;324.0
60.5;275.3;0.7;168.0
49.2;183.3;0.0;0.0
