8.3;34.1;20.5;1.8;0.0;617.0
8.3;98.9;116.7;10.0;0.0;617.0
6.9;139.8;158.1;9.0;0.0;617.0
7.1;170.1;137.7;7.1;0.0;617.0
7.1;202.1;95.6;6.9;0.0;617.0
8.4;223.3;118.1;4.0;0.0;617.0
8.3;240.2;51.0;0.4;1.0;732.0
8.4;723.5;10.7;32.6;5.0;792.0
3.1;948.8;0.0;0.0;21.0;7572.0
4.2;987.4;0.7;32.9;4.0;7572.0
0.0;987.5;35.2;0.1;0.0;7572.0
0.0;987.5;44.8;0.0;0.0;7572.0
0.0;987.5;46.4;0.0;0.0;7572.0
0.0;987.5;43.2;0.0;0.0;7572.0
0.0;987.5;44.8;0.0;0.0;7572.0
6.9;991.3;37.1;0.0;0.0;7606.0
8.4;1346.8;0.2;0.0;5.0;7739.0
8.4;1521.2;88.9;1.4;60.0;7739.0
8.3;1521.3;203.5;2.6;59.0;7739.0
9.7;1521.3;221.1;2.6;61.0;7739.0
6.9;1521.3;230.7;2.6;44.0;7739.0
8.3;1521.3;229.1;2.7;59.0;7739.0
9.6;1521.3;234.5;2.8;63.0;7739.0
4.2;1521.4;237.6;2.7;55.0;7739.0
7.2;1521.4;246.0;2.7;58.0;7739.0
8.4;1521.4;227.1;2.7;61.0;7739.0
4.8;1521.4;224.9;2.6;60.0;7739.0
8.4;1521.4;251.0;2.9;61.0;7739.0
8.4;1521.4;255.3;2.8;61.0;7739.0
10.8;1521.4;236.6;2.6;61.0;7739.0
7.1;1521.4;246.2;2.8;62.0;7739.0
8.4;1521.4;219.6;2.5;39.0;7739.0
8.3;1521.4;254.6;2.9;61.0;7739.0
6.9;1521.4;225.2;2.6;62.0;7739.0
8.4;1521.4;239.7;2.9;61.0;7739.0
3.6;1521.4;214.7;2.5;41.0;7739.0
8.3;1521.4;242.6;2.8;60.0;7739.0
8.3;1521.4;244.0;2.7;63.0;7739.0
11.8;1521.4;228.6;2.5;58.0;7739.0
9.6;1521.4;212.9;2.4;55.0;7739.0
5.9;1521.4;243.3;2.5;55.0;7739.0
8.4;1521.4;206.8;2.1;54.0;7739.0
8.3;1521.4;242.4;2.6;63.0;7739.0
8.4;1521.4;208.7;2.2;61.0;7739.0
8.4;1521.4;242.3;2.7;60.0;7739.0
9.7;1521.4;239.7;2.6;60.0;7739.0
8.4;1521.4;219.2;2.4;41.0;7739.0
8.3;1521.4;237.0;2.6;58.0;7739.0
1.2;1527.5;126.6;5.5;4.0;7739.0
6.9;1539.6;194.8;2.2;59.0;7739.0
12.5;1539.7;243.1;2.8;59.0;7739.0
9.7;1539.7;247.4;3.0;61.0;7739.0
4.7;1539.7;224.4;2.5;42.0;7739.0
8.4;1539.7;240.8;2.7;60.0;7739.0
6.9;1539.7;242.1;2.7;58.0;7739.0
6.9;1539.8;245.6;2.8;59.0;7739.0
8.4;1539.8;244.4;2.7;59.0;7739.0
8.3;1539.8;240.3;2.6;62.0;7739.0
7.0;1539.8;219.9;2.5;60.0;7739.0
12.5;1539.8;241.3;2.6;62.0;7739.0
7.2;1539.8;244.8;2.6;57.0;7739.0
8.4;1539.8;230.4;2.4;58.0;7739.0
6.0;1539.8;238.8;2.6;61.0;7739.0
11.2;1539.8;215.2;2.3;58.0;7739.0
6.0;1539.8;254.6;3.0;59.0;7739.0
8.4;1539.8;230.1;2.6;61.0;7739.0
7.1;1539.8;234.0;2.7;60.0;7739.0
8.3;1539.8;208.0;2.4;61.0;7739.0
8.3;1539.8;243.8;2.8;60.0;7739.0
7.1;1539.9;234.8;2.7;60.0;7739.0
9.6;1539.9;237.4;2.7;63.0;7739.0
4.7;1539.9;208.7;2.3;37.0;7739.0
9.7;1539.9;238.0;2.5;59.0;7739.0
9.7;1539.9;250.0;2.8;60.0;7739.0
13.0;1539.9;240.8;2.9;46.0;7739.0
9.6;1539.9;210.9;2.3;60.0;7739.0
11.8;1539.9;253.4;3.0;60.0;7739.0
9.8;1539.9;237.8;2.8;61.0;7739.0
8.4;1539.9;214.4;2.4;58.0;7739.0
8.4;1539.9;251.8;3.1;60.0;7739.0
8.4;1539.9;253.7;3.2;59.0;7739.0
8.3;1539.9;221.0;2.6;58.0;7739.0
7.0;1539.9;246.2;2.9;61.0;7739.0
8.3;1539.9;244.0;2.8;59.0;7739.0
7.2;1539.9;208.6;2.3;56.0;7739.0
8.3;1539.9;232.6;2.6;55.0;7739.0
5.5;1539.9;239.8;2.9;58.0;7739.0
6.0;1539.9;218.7;2.6;59.0;7739.0
14.2;1539.9;239.0;2.7;56.0;7739.0
9.6;1539.9;252.9;3.1;59.0;7739.0
8.3;1539.9;219.0;2.6;54.0;7739.0
12.5;1539.9;246.3;3.0;59.0;7739.0
7.3;1539.9;215.1;2.6;60.0;7739.0
8.3;1539.9;228.6;2.7;59.0;7739.0
4.2;1539.9;215.0;2.6;40.0;7739.0
8.3;1539.9;230.0;2.8;57.0;7739.0
10.8;1539.9;249.9;3.1;57.0;7739.0
8.4;1539.9;199.6;2.5;60.0;7739.0
1.2;1539.9;211.1;2.7;35.0;7739.0
9.8;1539.9;246.4;3.1;59.0;7739.0
7.2;1539.9;229.3;2.9;60.0;7739.0
8.4;1539.9;232.1;2.8;58.0;7739.0
8.3;1539.9;248.4;2.9;44.0;7739.0
8.3;1539.9;207.6;2.3;53.0;7739.0
8.3;1539.9;232.9;2.6;55.0;7739.0
9.5;1539.9;202.0;2.1;56.0;7739.0
7.2;1539.9;227.3;2.4;55.0;7739.0
4.2;1539.9;202.8;2.0;52.0;7739.0
8.3;1539.9;223.1;2.7;56.0;7739.0
0.0;1539.9;183.0;2.2;0.0;7739.0
4.7;1579.9;40.2;9.2;0.0;7739.0
11.9;1562.9;212.9;2.3;59.0;7739.0
10.7;1562.9;242.6;2.7;59.0;7739.0
9.8;1563.0;238.0;2.8;60.0;7739.0
8.4;1563.0;243.3;2.7;62.0;7739.0
13.1;1563.0;242.8;2.6;60.0;7739.0
8.4;1563.0;248.5;2.8;60.0;7739.0
8.3;1563.0;216.5;2.4;46.0;7739.0
8.4;1563.0;241.1;2.7;60.0;7739.0
8.3;1563.0;240.0;2.7;59.0;7739.0
8.3;1563.0;249.1;2.7;60.0;7739.0
8.3;1563.0;236.1;2.6;60.0;7739.0
8.3;1563.0;211.4;2.2;38.0;7739.0
7.2;1563.0;239.7;2.6;59.0;7739.0
7.3;1563.0;246.8;2.7;59.0;7739.0
8.3;1563.0;231.9;2.5;61.0;7739.0
9.7;1563.0;241.3;2.6;38.0;7739.0
8.3;1563.0;210.4;2.3;58.0;7739.0
8.3;1563.0;249.2;2.6;60.0;7739.0
5.9;1563.0;232.2;2.5;61.0;7739.0
7.0;1563.0;247.8;2.9;61.0;7739.0
9.7;1563.0;214.6;2.4;61.0;7739.0
6.2;1563.0;250.6;2.7;60.0;7739.0
8.3;1563.0;240.0;2.6;61.0;7739.0
4.2;1563.0;203.6;2.1;56.0;7739.0
8.4;1563.0;236.5;2.5;59.0;7739.0
6.9;1563.0;239.6;2.4;59.0;7739.0
8.4;1563.0;238.7;2.5;60.0;7739.0
7.1;1563.0;209.2;2.2;57.0;7739.0
4.2;1564.1;120.3;5.0;0.0;7739.0
8.3;1564.1;237.7;2.6;56.0;7739.0
8.3;1564.1;246.9;2.9;60.0;7739.0
8.4;1564.1;242.6;2.7;56.0;7739.0
6.9;1564.1;229.5;2.5;40.0;7739.0
11.1;1564.1;228.3;2.4;61.0;7739.0
6.0;1564.1;245.0;2.8;61.0;7739.0
9.5;1564.1;251.8;2.9;61.0;7739.0
11.9;1564.1;246.6;2.9;59.0;7739.0
6.9;1564.1;236.5;2.7;62.0;7739.0
8.4;1564.1;211.3;2.3;62.0;7824.0
13.1;1564.1;237.4;2.7;59.0;7825.0
10.8;1564.1;242.2;2.7;62.0;7824.0
7.2;1564.1;244.4;2.7;58.0;7824.0
6.9;1564.9;172.1;3.4;58.0;7837.0
6.0;1564.9;249.4;2.9;61.0;7837.0
5.9;1564.9;242.6;2.8;42.0;7837.0
10.4;1564.9;228.7;2.5;61.0;7837.0
8.3;1564.9;237.0;2.7;59.0;7837.0
5.5;1564.9;238.2;2.8;60.0;7837.0
6.0;1564.9;245.0;2.8;61.0;7837.0
7.3;1564.9;250.3;2.8;61.0;7837.0
6.9;1564.9;233.2;2.6;58.0;7837.0
6.9;1564.9;217.1;2.3;60.0;7837.0
13.0;1564.9;241.5;2.6;60.0;7837.0
10.4;1564.9;244.8;2.8;55.0;7837.0
8.3;1564.9;228.3;2.4;61.0;7837.0
4.2;1564.9;219.6;2.4;41.0;7837.0
9.7;1564.9;237.6;2.7;60.0;7837.0
8.3;1564.9;250.5;2.8;60.0;7829.0
7.2;1564.9;212.7;2.3;55.0;7842.0
9.7;1564.9;234.3;2.7;52.0;7842.0
8.4;1564.9;186.2;1.9;53.0;7839.0
8.3;1564.9;225.8;2.4;58.0;7840.0
8.4;1564.9;241.4;2.7;58.0;7840.0
11.1;1564.9;238.8;2.7;58.0;7867.0
6.9;1564.9;219.4;2.4;58.0;7867.0
8.3;1564.9;242.2;2.7;59.0;7867.0
7.1;1564.9;234.6;2.4;58.0;7867.0
9.6;1564.9;239.2;2.7;60.0;7867.0
8.3;1564.9;222.1;2.6;58.0;7867.0
8.3;1564.9;245.2;2.9;61.0;7867.0
10.8;1564.9;244.8;2.7;59.0;7867.0
7.1;1564.9;217.8;2.4;59.0;7866.0
7.0;1564.9;231.3;2.5;57.0;7866.0
7.1;1565.7;118.2;5.5;48.0;7859.0
7.0;1565.7;226.3;2.5;57.0;7859.0
13.1;1565.7;242.4;2.6;61.0;7859.0
9.6;1565.7;239.8;2.6;44.0;7859.0
7.2;1565.7;213.6;2.3;57.0;7859.0
8.3;1565.8;236.5;2.7;60.0;7859.0
9.6;1565.8;252.6;3.1;62.0;7859.0
7.1;1565.8;245.3;2.9;61.0;7859.0
6.0;1565.8;253.2;2.9;59.0;7859.0
4.2;1565.8;196.4;2.1;57.0;7859.0
9.7;1565.8;253.8;3.1;62.0;7859.0
8.4;1565.8;247.8;2.9;60.0;7859.0
7.1;1565.8;252.7;3.1;61.0;7859.0
8.3;1565.8;248.1;2.8;60.0;7859.0
9.7;1565.8;221.7;2.5;53.0;7859.0
8.3;1565.8;247.0;2.8;60.0;7859.0
11.9;1565.8;249.5;3.1;59.0;7859.0
9.7;1565.8;249.8;3.3;62.0;7859.0
7.0;1565.8;227.1;2.7;61.0;7859.0
6.0;1565.8;256.3;3.3;59.0;7859.0
8.4;1565.8;266.3;3.2;60.0;7859.0
9.6;1565.8;231.5;2.6;62.0;7859.0
8.3;1565.8;231.2;2.9;61.0;7859.0
8.4;1565.8;244.7;2.9;60.0;7859.0
7.2;1565.8;253.2;2.9;60.0;7859.0
9.6;1565.8;215.1;2.5;61.0;7859.0
4.2;1565.8;240.4;2.7;57.0;7859.0
8.3;1565.8;252.8;3.1;58.0;7859.0
4.7;1565.8;224.7;2.5;59.0;7859.0
8.3;1565.8;235.8;2.9;59.0;7859.0
4.8;1566.9;110.6;5.6;39.0;7859.0
6.9;1566.9;240.8;2.6;59.0;7859.0
8.3;1566.9;250.2;3.0;62.0;7859.0
3.6;1566.9;220.8;2.3;51.0;7859.0
8.3;1566.9;239.2;2.6;61.0;7859.0
7.0;1566.9;241.0;2.6;56.0;7859.0
4.7;1566.9;239.1;2.5;58.0;7859.0
15.5;1566.9;238.0;2.7;61.0;7859.0
7.2;1566.9;242.2;2.7;57.0;7859.0
8.4;1566.9;246.4;2.7;60.0;7859.0
9.6;1566.9;222.9;2.4;62.0;7859.0
5.5;1566.9;233.6;2.6;59.0;7859.0
13.1;1566.9;240.8;2.6;59.0;7859.0
9.5;1566.9;240.3;2.6;61.0;7859.0
11.9;1566.9;242.3;2.6;51.0;7859.0
8.3;1566.9;214.5;2.3;61.0;7859.0
7.1;1566.9;246.9;2.7;61.0;7859.0
13.1;1566.9;250.6;2.9;61.0;7859.0
10.7;1566.9;254.5;2.9;60.0;7859.0
13.8;1566.9;232.3;2.6;43.0;7859.0
8.3;1566.9;221.7;2.5;56.0;7859.0
9.5;1566.9;236.3;2.8;61.0;7859.0
9.6;1566.9;248.6;3.0;59.0;7859.0
6.9;1566.9;234.2;2.8;59.0;7859.0
7.0;1566.9;224.8;2.6;58.0;7859.0
9.6;1566.9;240.0;2.6;60.0;7859.0
9.6;1566.9;239.8;2.6;59.0;7859.0
8.4;1567.0;217.1;2.3;59.0;7859.0
6.9;1567.0;238.6;2.5;58.0;7859.0
8.4;1567.0;238.8;2.7;58.0;7859.0
8.3;1567.0;213.4;2.4;37.0;7859.0
7.2;1567.0;230.9;2.5;51.0;7859.0
11.1;1567.0;234.8;2.6;59.0;7859.0
6.9;1567.0;221.8;2.5;50.0;7859.0
9.5;1567.0;248.6;2.9;57.0;7859.0
8.3;1567.0;233.2;2.7;60.0;7859.0
9.7;1567.0;220.5;2.5;58.0;7859.0
8.3;1567.0;241.8;2.7;54.0;7859.0
8.3;1567.0;230.6;2.6;58.0;7859.0
8.4;1567.0;214.4;2.4;58.0;7859.0
9.5;1567.0;240.6;2.8;59.0;7859.0
7.0;1567.0;210.7;2.4;58.0;7859.0
5.9;1567.0;248.9;2.7;59.0;7859.0
9.6;1567.0;214.1;2.3;56.0;7859.0
6.0;1567.0;209.5;2.2;57.0;7859.0
8.3;1567.0;247.3;3.0;58.0;7859.0
12.6;1567.0;214.8;2.5;55.0;7859.0
8.3;1567.0;238.2;2.8;56.0;7859.0
10.8;1567.0;227.1;2.4;59.0;7859.0
8.3;1567.0;191.2;1.8;60.0;7859.0
10.8;1567.0;208.0;1.8;49.0;7859.0
4.2;1567.0;202.7;2.2;35.0;7859.0
0.0;1567.0;116.6;1.0;0.0;7859.0
9.6;1578.6;162.8;9.3;61.0;7859.0
8.3;1578.6;244.3;2.7;58.0;7859.0
11.1;1578.6;240.3;2.8;59.0;7859.0
8.4;1578.6;238.6;2.6;59.0;7859.0
7.1;1578.6;232.0;2.4;60.0;7859.0
11.5;1578.6;234.3;2.4;62.0;7860.0
6.9;1578.6;227.0;2.5;62.0;7867.0
9.8;1578.6;239.5;2.6;61.0;7867.0
8.4;1578.6;239.3;2.7;60.0;7867.0
4.2;1578.6;227.2;2.5;41.0;7867.0
8.4;1578.6;234.8;2.6;60.0;7867.0
8.3;1578.6;242.9;2.7;59.0;7867.0
7.0;1578.6;238.5;2.6;60.0;7867.0
10.4;1578.6;253.5;2.8;63.0;7867.0
6.0;1578.6;208.0;2.2;40.0;7867.0
11.1;1578.6;231.9;2.3;61.0;7867.0
8.3;1578.6;249.2;2.9;63.0;7867.0
11.5;1578.6;249.6;2.9;59.0;7867.0
9.5;1578.6;228.1;2.4;59.0;7867.0
11.1;1578.6;218.8;2.4;37.0;7869.0
9.7;1578.6;238.0;2.6;56.0;7869.0
3.6;1578.6;221.8;2.6;60.0;7886.0
7.2;1579.4;173.7;4.6;60.0;7886.0
10.7;1579.4;237.4;2.7;57.0;7886.0
5.6;1579.4;215.9;2.4;40.0;7881.0
10.7;1579.4;238.9;2.7;63.0;7882.0
7.2;1579.4;231.1;2.6;61.0;7865.0
10.4;1579.4;245.2;2.7;58.0;7869.0
8.3;1579.4;215.4;2.4;60.0;7869.0
8.4;1579.4;236.1;2.5;60.0;7860.0
8.3;1579.4;204.1;2.0;58.0;7859.0
8.4;1579.4;229.6;2.5;63.0;7859.0
8.3;1579.4;228.9;2.4;58.0;7858.0
