7.2;33.8;21.1;1.9;0.0;897.0
7.1;99.5;116.7;10.0;0.0;897.0
8.4;139.2;154.7;8.9;0.0;897.0
7.1;167.7;117.3;6.7;0.0;897.0
2.4;178.8;57.2;3.1;0.0;897.0
3.6;191.1;24.0;2.4;0.0;897.0
6.0;202.5;41.4;2.1;0.0;897.0
8.4;223.7;114.9;3.9;1.0;897.0
8.3;241.3;51.3;2.6;1.0;1011.0
8.4;720.6;10.4;30.3;5.0;6319.0
8.3;1018.3;0.2;32.9;4.0;7852.0
0.0;985.6;26.1;0.1;0.0;7852.0
0.0;985.6;43.2;0.0;0.0;7852.0
0.0;985.6;44.8;0.0;0.0;7852.0
0.0;985.6;44.8;0.0;0.0;7852.0
0.0;985.6;44.8;0.0;0.0;7852.0
0.0;985.6;44.8;0.0;0.0;7852.0
8.3;1187.3;5.3;0.0;6.0;7993.0
13.0;1521.4;38.7;0.6;59.0;8019.0
8.4;1521.6;180.9;2.7;56.0;8019.0
6.9;1521.6;200.4;2.5;58.0;8019.0
11.2;1521.6;247.4;2.9;59.0;8019.0
11.9;1521.6;217.3;2.4;59.0;8019.0
8.3;1521.6;245.0;2.8;59.0;8019.0
12.6;1521.6;237.5;2.7;63.0;8019.0
9.7;1521.6;246.1;2.9;61.0;8019.0
11.5;1521.6;253.8;3.0;60.0;8019.0
8.3;1521.6;222.2;2.5;52.0;8019.0
8.3;1521.6;230.6;2.5;60.0;8019.0
6.9;1521.6;239.0;2.6;61.0;8019.0
11.8;1521.6;245.7;2.7;60.0;8019.0
7.2;1521.6;241.8;2.7;62.0;8019.0
8.3;1521.6;219.6;2.5;40.0;8019.0
8.3;1521.6;247.1;2.9;61.0;8019.0
7.2;1521.6;242.3;3.1;56.0;8019.0
10.7;1521.6;263.8;3.2;44.0;8019.0
7.0;1532.2;127.6;3.4;61.0;8019.0
9.7;1532.2;236.5;2.7;57.0;8019.0
9.6;1532.2;219.2;2.3;43.0;8019.0
11.9;1532.2;244.3;2.7;61.0;8019.0
9.7;1532.2;237.5;2.7;60.0;8019.0
9.8;1532.2;243.3;2.7;60.0;8019.0
8.3;1532.2;242.9;2.7;60.0;8019.0
7.2;1532.2;235.7;2.7;60.0;8019.0
11.1;1532.2;227.2;2.6;61.0;8019.0
8.3;1532.2;244.2;2.7;62.0;8019.0
13.1;1532.2;247.4;2.8;61.0;8019.0
10.4;1532.2;250.3;2.8;60.0;8019.0
12.5;1532.2;226.7;2.4;57.0;8019.0
6.9;1532.2;245.8;2.7;61.0;8019.0
8.3;1532.2;220.0;2.4;58.0;8019.0
7.3;1532.2;249.8;2.7;59.0;8019.0
10.7;1532.2;225.9;2.4;59.0;8019.0
12.6;1532.2;242.1;2.5;58.0;8019.0
6.9;1532.2;209.3;2.1;57.0;8019.0
10.8;1532.2;245.4;2.6;62.0;8019.0
8.4;1532.2;234.8;2.4;59.0;8019.0
11.1;1532.2;234.4;2.5;59.0;8019.0
8.4;1532.2;214.5;2.2;61.0;8019.0
9.6;1532.2;253.8;2.9;60.0;8019.0
9.6;1532.3;237.8;2.8;60.0;8019.0
9.5;1532.3;245.2;2.7;60.0;8019.0
8.3;1532.3;211.4;2.3;61.0;8019.0
11.1;1532.3;242.0;2.8;59.0;8019.0
10.7;1532.3;245.0;2.9;61.0;8019.0
4.8;1541.0;121.9;5.3;0.0;8019.0
5.5;1541.1;206.7;2.2;36.0;8019.0
11.9;1541.1;250.2;2.8;60.0;8019.0
8.4;1541.1;231.6;2.5;60.0;8019.0
8.3;1541.2;244.7;2.7;60.0;8019.0
8.4;1541.2;246.5;2.7;60.0;8019.0
7.1;1541.2;247.6;2.7;60.0;8019.0
8.4;1541.2;202.4;2.1;61.0;8019.0
7.2;1541.2;237.6;2.4;60.0;8019.0
8.4;1541.2;234.8;2.5;60.0;8019.0
7.2;1541.2;240.4;2.5;60.0;8019.0
6.9;1541.2;229.7;2.4;60.0;8019.0
10.8;1541.2;213.9;2.3;57.0;8019.0
8.3;1541.2;233.3;2.5;59.0;8019.0
8.3;1541.2;239.1;2.6;57.0;8019.0
9.7;1541.2;240.2;2.6;61.0;8019.0
7.1;1541.2;236.4;2.6;40.0;8019.0
7.2;1541.2;221.5;2.4;60.0;8019.0
8.3;1541.2;249.5;2.8;58.0;8019.0
8.3;1541.2;233.4;2.5;61.0;8019.0
5.5;1541.2;237.3;2.5;60.0;8019.0
8.3;1541.2;206.4;2.1;56.0;8019.0
10.4;1541.2;244.8;2.6;59.0;8019.0
9.7;1541.2;226.0;2.4;59.0;8019.0
7.2;1541.2;211.1;2.2;38.0;8019.0
7.2;1541.2;232.3;2.4;61.0;8019.0
7.3;1541.2;242.8;2.4;57.0;8019.0
11.2;1541.2;223.8;2.4;58.0;8019.0
9.7;1541.2;212.5;2.3;62.0;8019.0
10.8;1543.9;130.4;5.1;60.0;8019.0
11.8;1544.0;249.0;2.8;63.0;8019.0
5.5;1544.0;240.2;2.9;59.0;8019.0
10.8;1544.0;241.3;2.8;60.0;8019.0
10.7;1544.0;245.5;2.8;61.0;8019.0
9.4;1544.0;220.9;2.3;58.0;8019.0
11.1;1544.0;231.5;2.5;61.0;8019.0
8.3;1544.0;240.7;2.5;60.0;8019.0
8.4;1544.0;238.5;2.7;58.0;8019.0
7.3;1544.0;257.9;3.1;62.0;8019.0
11.2;1544.0;235.0;2.8;59.0;8019.0
9.7;1544.0;220.4;2.5;59.0;8019.0
8.4;1544.0;249.6;3.0;61.0;8019.0
7.2;1544.0;241.9;2.7;59.0;8019.0
9.6;1544.0;243.6;2.7;61.0;8019.0
8.4;1544.0;219.6;2.4;42.0;8019.0
8.3;1544.0;248.6;2.9;60.0;8019.0
8.4;1544.0;253.6;3.0;61.0;8019.0
7.1;1544.0;246.7;2.8;62.0;8019.0
8.3;1544.0;217.5;2.4;61.0;8019.0
6.9;1544.0;235.6;2.6;61.0;8019.0
10.4;1544.0;258.4;3.0;62.0;8019.0
11.9;1544.0;229.0;2.6;55.0;8019.0
6.9;1544.0;216.3;2.4;59.0;8019.0
9.7;1544.0;246.5;3.0;58.0;8019.0
9.4;1544.0;251.3;2.8;60.0;8019.0
3.6;1544.0;197.8;2.1;35.0;8019.0
9.8;1544.0;236.6;2.7;59.0;8019.0
8.3;1544.0;248.6;3.0;59.0;8019.0
12.6;1544.0;246.4;2.8;40.0;8019.0
7.2;1544.0;218.9;2.5;60.0;8019.0
8.3;1544.0;248.7;2.9;61.0;8019.0
4.2;1544.0;218.7;2.5;38.0;8019.0
9.6;1544.0;258.0;3.0;61.0;8019.0
8.4;1544.0;229.5;2.6;56.0;8019.0
4.2;1544.0;215.9;2.4;41.0;8019.0
0.0;1544.0;128.0;1.1;0.0;8019.0
9.4;1553.7;206.3;7.7;58.0;8019.0
7.1;1553.7;230.8;2.6;59.0;8019.0
9.7;1553.7;236.0;2.5;59.0;8019.0
6.9;1553.7;240.2;2.6;60.0;8019.0
7.2;1553.7;220.7;2.3;60.0;8019.0
8.4;1553.7;233.1;2.4;61.0;8019.0
8.3;1553.7;240.0;2.6;60.0;8019.0
8.4;1553.6;241.8;2.7;59.0;8019.0
9.5;1553.6;246.4;2.8;60.0;8019.0
6.0;1553.6;206.4;2.3;63.0;8019.0
10.8;1553.6;239.1;2.7;59.0;8019.0
6.9;1553.6;228.3;2.3;59.0;8019.0
7.2;1553.6;251.8;2.7;61.0;8019.0
9.5;1553.6;235.5;2.7;58.0;8019.0
7.2;1553.6;227.2;2.4;37.0;8019.0
8.3;1553.6;219.3;2.5;57.0;8019.0
8.4;1553.6;256.5;3.1;59.0;8019.0
9.6;1553.6;236.0;2.7;61.0;8019.0
7.1;1553.6;241.6;2.9;61.0;8019.0
6.9;1553.6;210.8;2.4;61.0;8019.0
7.1;1553.6;255.9;3.1;60.0;8019.0
7.1;1553.6;219.4;2.2;59.0;8019.0
8.4;1553.6;239.0;2.6;60.0;8019.0
8.3;1553.6;220.0;2.5;54.0;8019.0
13.1;1553.6;249.7;2.8;60.0;8019.0
10.8;1553.6;237.5;2.9;60.0;8019.0
11.9;1553.6;250.9;3.0;49.0;8019.0
8.4;1553.6;216.1;2.6;59.0;8019.0
7.2;1553.6;259.9;3.1;60.0;8019.0
7.0;1553.6;208.8;2.4;38.0;8019.0
9.5;1553.6;250.4;3.1;59.0;8019.0
10.8;1553.6;234.1;2.8;60.0;8019.0
2.8;1553.6;221.9;2.6;39.0;8019.0
9.7;1553.6;243.7;2.9;63.0;8019.0
8.4;1553.7;239.7;2.7;58.0;8019.0
11.8;1553.7;216.8;2.5;61.0;8019.0
8.4;1553.7;241.8;2.9;60.0;8019.0
9.7;1553.7;245.1;2.9;58.0;8019.0
8.3;1553.7;218.4;2.5;59.0;8019.0
9.6;1553.7;241.2;2.9;59.0;8019.0
3.1;1553.7;222.0;2.6;35.0;8019.0
8.4;1553.7;236.7;2.9;58.0;8019.0
11.1;1553.7;245.5;2.9;59.0;8019.0
11.2;1553.7;212.4;2.4;57.0;8019.0
9.4;1553.7;248.6;2.9;60.0;8019.0
8.4;1553.7;208.4;2.5;39.0;8019.0
8.4;1553.7;249.9;3.2;59.0;8019.0
6.9;1553.7;244.9;3.1;57.0;8019.0
7.2;1553.7;210.8;2.6;58.0;8019.0
7.1;1553.7;236.9;2.9;58.0;8019.0
11.1;1553.7;208.5;2.3;56.0;8019.0
9.7;1553.7;229.2;2.5;55.0;8019.0
8.4;1553.7;238.5;2.7;53.0;8019.0
7.2;1553.7;217.5;2.8;58.0;8019.0
5.9;1553.7;220.3;2.6;33.0;8019.0
12.5;1553.7;247.8;3.0;58.0;8019.0
7.1;1553.7;218.8;2.8;47.0;8019.0
8.3;1553.7;243.3;3.1;59.0;8019.0
8.4;1553.7;208.6;2.4;57.0;8019.0
11.1;1553.7;228.9;2.8;53.0;8019.0
7.0;1553.7;216.8;2.5;58.0;8019.0
8.4;1553.7;241.8;3.1;56.0;8019.0
8.4;1553.7;216.4;2.6;56.0;8019.0
8.4;1553.7;243.4;2.9;33.0;8019.0
9.7;1553.7;201.0;2.4;57.0;8019.0
7.2;1553.7;219.8;2.4;39.0;8019.0
5.9;1553.7;193.6;1.9;54.0;8019.0
12.5;1553.7;225.6;2.5;54.0;8019.0
7.1;1553.7;210.7;2.1;55.0;8019.0
8.3;1553.7;210.8;2.1;58.0;8019.0
7.2;1553.7;201.2;2.0;58.0;8019.0
5.5;1553.7;214.6;2.1;52.0;8019.0
7.2;1553.7;208.2;1.9;55.0;8019.0
7.2;1553.7;193.5;1.7;51.0;8019.0
4.7;1553.7;206.2;2.0;41.0;8019.0
5.6;1553.7;188.2;1.7;56.0;8019.0
8.3;1553.7;196.1;1.7;49.0;8019.0
7.2;1553.7;187.3;1.8;54.0;8019.0
9.6;1553.7;226.6;2.1;62.0;8019.0
6.0;1553.7;175.7;1.4;48.0;8019.0
7.0;1553.7;205.7;1.7;51.0;8019.0
6.9;1553.7;181.1;1.5;58.0;8019.0
7.2;1553.7;200.2;1.6;48.0;8019.0
10.7;1553.7;193.8;1.6;46.0;8019.0
8.3;1553.7;177.6;1.4;50.0;8019.0
8.3;1553.7;197.7;1.9;52.0;8019.0
8.3;1553.7;208.6;2.3;51.0;8019.0
8.4;1553.7;230.5;2.4;46.0;8019.0
7.1;1553.7;171.2;1.4;45.0;8019.0
4.2;1553.7;195.3;1.8;34.0;8019.0
6.0;1553.7;184.2;1.8;44.0;8019.0
4.7;1553.7;201.3;1.9;47.0;8019.0
0.0;1553.7;99.3;0.6;0.0;8019.0
0.0;1553.7;44.8;0.0;0.0;8019.0
8.4;1588.4;143.6;14.4;58.0;8019.0
7.2;1588.4;237.1;2.7;60.0;8019.0
7.2;1588.4;233.0;2.6;57.0;8019.0
8.4;1588.4;239.0;2.6;61.0;8019.0
6.9;1588.4;218.3;2.3;38.0;8019.0
8.4;1588.4;245.0;2.7;63.0;8019.0
8.3;1588.4;243.3;2.7;60.0;8019.0
10.8;1588.4;242.0;2.6;61.0;8019.0
6.9;1588.4;236.9;2.6;60.0;8019.0
12.5;1588.4;241.2;2.7;59.0;8019.0
10.7;1588.4;223.4;2.4;60.0;8019.0
7.1;1588.4;238.0;2.7;59.0;8019.0
9.7;1588.4;237.7;2.7;59.0;8019.0
8.3;1588.4;238.1;2.5;59.0;8019.0
11.1;1588.4;234.4;2.4;61.0;8019.0
8.4;1588.4;209.2;2.1;62.0;8019.0
8.3;1588.4;229.4;2.4;56.0;8019.0
8.4;1588.4;233.0;2.3;60.0;8019.0
8.3;1588.4;242.3;2.7;57.0;8019.0
9.6;1588.4;204.5;2.2;58.0;8019.0
8.4;1588.4;242.3;2.7;64.0;8019.0
8.3;1588.4;245.3;2.7;61.0;8019.0
8.4;1588.4;247.4;2.7;50.0;8019.0
10.7;1588.4;205.8;2.2;60.0;8019.0
8.3;1588.4;237.8;2.6;59.0;8019.0
8.3;1588.4;238.4;2.5;60.0;8019.0
6.0;1588.4;221.9;2.4;63.0;8019.0
7.2;1588.4;234.8;2.7;59.0;8019.0
5.9;1588.4;239.9;2.6;58.0;8019.0
2.8;1588.4;210.0;2.2;35.0;8019.0
2.4;1588.4;211.0;2.1;6.0;8019.0
8.3;1589.5;130.8;5.6;58.0;8019.0
8.4;1589.5;242.9;2.9;60.0;8019.0
9.7;1589.5;238.5;2.6;60.0;8019.0
14.3;1589.5;251.4;2.8;59.0;8019.0
2.4;1589.5;203.1;2.2;47.0;8019.0
8.3;1589.5;232.7;2.5;55.0;8019.0
9.8;1589.5;237.2;2.6;60.0;8019.0
8.3;1589.5;240.0;2.6;60.0;8019.0
6.0;1589.5;237.2;2.7;61.0;8019.0
4.2;1589.5;220.2;2.4;61.0;8019.0
9.7;1589.5;229.9;2.3;61.0;8019.0
6.9;1589.5;245.1;2.8;59.0;8019.0
7.1;1589.5;237.3;2.6;58.0;8019.0
8.4;1589.5;232.6;2.5;61.0;8019.0
8.3;1589.5;238.5;2.6;60.0;8019.0
6.9;1589.5;209.0;2.2;61.0;8019.0
7.2;1589.5;235.6;2.5;62.0;8019.0
9.5;1589.5;242.9;2.7;60.0;8019.0
9.8;1589.5;243.9;2.8;60.0;8019.0
9.5;1589.5;229.2;2.6;57.0;8019.0
8.4;1589.5;238.9;2.9;59.0;8019.0
10.8;1590.3;158.9;4.2;32.0;8019.0
9.7;1590.3;238.9;2.6;58.0;8019.0
9.6;1590.3;253.8;2.9;60.0;8019.0
8.3;1590.3;231.4;2.6;59.0;8019.0
7.2;1590.3;219.9;2.5;59.0;8019.0
9.7;1590.3;237.1;2.6;59.0;8019.0
7.2;1590.3;249.1;2.7;62.0;8019.0
7.2;1590.3;228.3;2.5;58.0;8019.0
10.7;1590.3;222.7;2.3;56.0;8019.0
8.4;1590.3;240.9;2.5;48.0;8019.0
9.5;1590.3;230.8;2.5;59.0;8019.0
13.1;1590.3;238.4;2.7;58.0;8019.0
6.0;1590.3;236.3;2.8;60.0;8019.0
8.3;1590.3;236.0;2.6;58.0;8019.0
8.4;1590.3;222.9;2.3;60.0;8019.0
8.3;1590.3;212.9;2.3;61.0;8019.0
7.2;1590.3;244.5;2.9;59.0;8019.0
8.4;1590.3;246.5;2.7;59.0;8019.0
8.3;1590.3;247.6;2.7;61.0;8019.0
5.6;1590.3;213.8;2.4;38.0;8019.0
8.3;1590.3;235.8;2.6;59.0;8019.0
8.4;1590.3;239.5;2.6;59.0;8019.0
8.3;1590.3;246.5;2.9;57.0;8019.0
