8.4;56.4;8.3;0.6;3.0;1287.0
8.3;91.8;101.8;9.0;1.0;1287.0
5.5;134.0;133.0;8.9;0.0;1287.0
7.3;167.8;133.4;7.5;0.0;1287.0
8.4;195.9;110.6;6.5;0.0;1287.0
8.3;217.6;122.6;4.3;1.0;1388.0
8.3;617.2;27.5;1.0;4.0;1462.0
8.3;666.4;47.9;3.7;0.0;1462.0
8.3;677.4;20.0;1.6;0.0;1462.0
8.4;689.5;21.1;1.6;0.0;1462.0
8.3;702.0;24.4;1.9;0.0;1462.0
8.4;712.5;18.8;1.5;0.0;1462.0
8.4;722.6;17.1;1.3;0.0;1462.0
8.4;736.4;25.5;2.0;0.0;1462.0
8.4;745.4;15.9;1.2;0.0;1462.0
8.4;759.3;23.4;1.8;0.0;1462.0
8.4;773.1;25.4;2.0;0.0;1462.0
8.3;779.2;12.4;1.0;0.0;1462.0
8.4;793.6;25.7;2.0;0.0;1462.0
8.3;808.4;28.2;2.2;0.0;1462.0
8.3;812.0;5.9;0.5;0.0;1462.0
8.4;826.4;26.2;2.0;0.0;1462.0
8.3;840.9;24.9;1.9;0.0;1462.0
8.3;854.2;23.3;1.8;0.0;1462.0
8.3;856.6;3.9;0.3;0.0;1462.0
8.3;866.8;34.8;2.7;1.0;1462.0
8.4;867.0;61.3;4.8;0.0;1462.0
8.3;867.2;62.4;4.9;0.0;1462.0
8.4;867.4;61.5;4.8;0.0;1462.0
8.4;867.8;61.4;4.8;1.0;1462.0
8.4;868.2;60.3;4.7;0.0;1462.0
8.4;868.4;61.4;4.8;0.0;1462.0
8.3;868.6;62.4;4.9;0.0;1462.0
8.4;879.9;35.6;2.8;0.0;1462.0
8.3;894.2;27.0;2.1;0.0;1462.0
8.4;908.7;26.9;2.1;0.0;1462.0
8.3;911.0;3.9;0.3;0.0;1462.0
8.3;921.3;20.2;1.6;0.0;1462.0
8.4;935.8;29.2;2.3;0.0;1462.0
8.3;949.9;29.8;2.3;0.0;1462.0
8.4;964.3;29.2;2.3;0.0;1462.0
8.3;978.8;26.2;2.0;0.0;1462.0
8.3;980.1;2.3;0.2;0.0;1462.0
8.3;986.6;13.1;1.0;1.0;1462.0
8.3;1000.5;26.4;2.1;0.0;1462.0
8.4;1014.4;28.4;2.2;0.0;1462.0
8.3;1018.1;29.7;2.3;0.0;1462.0
8.4;1032.2;28.2;2.2;0.0;1462.0
8.4;1046.6;27.4;2.1;0.0;1462.0
8.4;1055.1;14.6;1.1;0.0;1462.0
8.4;1055.1;0.0;0.0;0.0;1462.0
8.3;1064.7;19.1;1.5;0.0;1462.0
8.4;1079.0;27.7;2.2;1.0;1462.0
8.3;1093.4;29.9;2.3;0.0;1462.0
8.3;1107.9;30.5;2.4;0.0;1462.0
8.3;1122.2;27.1;2.1;0.0;1462.0
8.3;1136.8;27.8;2.2;0.0;1462.0
8.4;1151.2;27.2;2.1;1.0;1462.0
8.3;1161.7;21.4;1.7;0.0;1462.0
8.4;1161.7;0.0;0.0;0.0;1462.0
8.3;1162.7;2.5;0.2;0.0;1462.0
8.3;1177.3;30.7;2.4;1.0;1462.0
8.4;1191.3;27.5;2.1;1.0;1462.0
8.3;1205.8;26.5;2.1;0.0;1462.0
8.4;1220.2;28.8;2.2;0.0;1462.0
8.4;1234.6;27.3;2.1;0.0;1462.0
8.4;1249.2;30.5;2.4;1.0;1462.0
8.4;1263.5;27.9;2.2;1.0;1462.0
8.3;1277.8;27.7;2.2;0.0;1462.0
8.4;1292.4;27.9;2.2;0.0;1462.0
8.3;1294.7;4.7;0.4;1.0;1462.0
8.4;1294.7;0.0;0.0;1.0;1462.0
8.3;1296.3;2.9;0.2;1.0;1462.0
8.3;1310.8;28.8;2.2;0.0;1462.0
8.4;1325.1;27.6;2.2;0.0;1462.0
8.3;1339.5;27.7;2.2;1.0;1462.0
8.4;1354.0;28.5;2.2;1.0;1462.0
8.3;1368.3;27.3;2.1;1.0;1462.0
8.3;1382.9;27.4;2.1;0.0;1462.0
8.3;1397.8;29.7;2.3;0.0;1462.0
8.3;1411.7;26.5;2.1;1.0;1462.0
8.4;1426.4;27.0;2.1;1.0;1462.0
8.3;1440.7;27.3;2.1;1.0;1462.0
8.4;1455.2;28.2;2.2;0.0;1462.0
8.4;1459.4;8.0;0.6;0.0;1462.0
8.4;1459.4;0.0;0.0;1.0;1462.0
8.4;1459.4;0.0;0.0;1.0;1462.0
8.4;1463.5;8.6;0.7;0.0;1462.0
8.4;1477.6;27.9;2.2;0.0;1462.0
8.3;1491.9;27.2;2.1;0.0;1462.0
8.3;1506.5;28.1;2.2;1.0;1462.0
8.3;1521.1;28.5;2.2;0.0;1462.0
8.3;1535.4;27.2;2.1;0.0;1462.0
8.4;1549.9;28.1;2.2;0.0;1462.0
8.3;1564.5;29.0;2.3;0.0;1462.0
8.3;1578.9;29.8;2.3;0.0;1462.0
8.3;1593.8;27.8;2.2;0.0;1462.0
8.3;1608.1;27.2;2.1;0.0;1462.0
8.4;1622.8;28.1;2.2;0.0;1462.0
8.3;1637.1;29.0;2.3;1.0;1462.0
8.4;1651.4;26.9;2.1;0.0;1462.0
8.4;1665.4;26.4;2.1;0.0;1462.0
8.4;1665.4;0.0;0.0;0.0;1462.0
8.4;1665.4;0.0;0.0;0.0;1462.0
8.3;1665.4;0.0;0.0;1.0;1462.0
8.4;1665.4;0.0;0.0;0.0;1462.0
8.3;1676.8;23.1;1.8;0.0;1462.0
8.4;1691.4;28.7;2.2;0.0;1462.0
8.3;1706.1;31.8;2.5;1.0;1462.0
8.3;1720.1;29.8;2.3;2.0;1462.0
8.4;1734.7;29.5;2.3;0.0;1462.0
8.3;1748.9;26.0;2.0;0.0;1462.0
8.3;1763.2;28.1;2.2;1.0;1462.0
8.3;1777.6;31.1;2.4;1.0;1462.0
8.3;1792.2;29.5;2.3;1.0;1462.0
8.4;1806.4;26.0;2.0;0.0;1462.0
8.3;1821.1;26.6;2.1;0.0;1462.0
8.4;1835.4;28.5;2.2;1.0;1462.0
8.3;1849.9;29.9;2.3;1.0;1462.0
8.4;1864.4;28.8;2.2;0.0;1462.0
8.4;1878.6;27.9;2.2;0.0;1462.0
8.3;1892.8;26.9;2.1;0.0;1462.0
8.4;1906.9;28.4;2.2;1.0;1462.0
8.3;1920.9;29.1;2.3;1.0;1462.0
8.4;1920.9;0.0;0.0;0.0;1462.0
8.3;1920.9;0.0;0.0;0.0;1462.0
8.3;1920.9;0.0;0.0;0.0;1462.0
8.3;1920.9;0.0;0.0;1.0;1462.0
8.3;1920.9;0.0;0.0;1.0;1462.0
8.4;1931.6;21.1;1.6;0.0;1462.0
8.3;1945.7;27.1;2.1;0.0;1462.0
8.3;1960.2;28.7;2.2;0.0;1462.0
8.4;1974.9;29.7;2.3;0.0;1462.0
8.3;1989.1;29.1;2.3;0.0;1462.0
8.4;2003.4;29.9;2.3;0.0;1462.0
8.3;2017.9;28.7;2.2;0.0;1462.0
8.4;2032.2;27.2;2.1;0.0;1462.0
8.4;2046.6;29.0;2.3;0.0;1462.0
8.4;2061.0;29.7;2.3;0.0;1462.0
8.4;2075.4;29.1;2.3;0.0;1462.0
8.3;2089.9;26.9;2.1;0.0;1462.0
8.4;2104.2;29.0;2.3;1.0;1462.0
8.3;2118.6;28.4;2.2;0.0;1462.0
8.4;2133.3;28.7;2.2;0.0;1462.0
8.3;2147.6;29.7;2.3;0.0;1462.0
8.3;2162.1;29.3;2.3;1.0;1462.0
8.4;2176.7;29.0;2.3;0.0;1462.0
8.3;2191.5;28.2;2.2;0.0;1462.0
8.3;2205.5;27.9;2.2;0.0;1462.0
8.3;2220.1;30.8;2.4;0.0;1462.0
8.3;2234.4;29.6;2.3;1.0;1462.0
8.4;2239.6;10.3;0.8;0.0;1462.0
8.3;2239.6;0.0;0.0;0.0;1462.0
8.4;2239.6;0.0;0.0;0.0;1462.0
8.3;2239.6;0.0;0.0;1.0;1462.0
8.4;2239.6;0.0;0.0;1.0;1462.0
8.4;2239.6;0.0;0.0;0.0;1462.0
8.3;2240.2;1.0;0.1;0.0;1462.0
8.4;2254.8;28.6;2.2;0.0;1462.0
8.3;2269.8;28.4;2.2;1.0;1462.0
8.4;2283.5;27.7;2.2;1.0;1462.0
8.3;2298.3;28.8;2.2;0.0;1462.0
8.3;2312.8;27.9;2.2;0.0;1462.0
8.3;2327.1;27.7;2.2;0.0;1462.0
8.3;2341.5;28.5;2.2;1.0;1462.0
8.4;2355.9;28.8;2.2;1.0;1462.0
8.3;2370.2;29.6;2.3;0.0;1462.0
8.3;2384.7;28.5;2.2;0.0;1462.0
8.4;2399.0;28.5;2.2;0.0;1462.0
8.3;2413.6;28.7;2.2;1.0;1462.0
8.4;2428.3;29.0;2.3;0.0;1462.0
8.3;2442.5;28.9;2.3;0.0;1462.0
8.4;2457.1;28.6;2.2;0.0;1462.0
8.4;2471.9;30.0;2.3;1.0;1462.0
8.4;2486.3;30.2;2.4;0.0;1462.0
8.4;2500.8;29.4;2.3;0.0;1462.0
8.3;2515.4;30.6;2.4;0.0;1462.0
8.4;2529.8;27.3;2.1;0.0;1462.0
8.3;2544.3;26.6;2.1;1.0;1462.0
8.3;2558.8;26.6;2.1;0.0;1462.0
8.3;2572.9;27.5;2.1;0.0;1462.0
8.3;2587.4;26.5;2.1;0.0;1462.0
8.4;2601.7;26.6;2.1;0.0;1462.0
8.3;2616.4;29.1;2.3;0.0;1462.0
8.3;2631.4;26.2;2.0;0.0;1462.0
8.3;2637.1;11.6;0.9;0.0;1462.0
8.3;2637.1;0.0;0.0;0.0;1462.0
8.4;2637.1;0.0;0.0;1.0;1462.0
8.3;2637.1;0.0;0.0;0.0;1462.0
8.4;2637.1;0.0;0.0;0.0;1462.0
8.4;2637.1;0.0;0.0;0.0;1462.0
8.3;2637.1;0.0;0.0;1.0;1462.0
8.4;2637.1;0.0;0.0;1.0;1462.0
8.3;2643.1;11.6;0.9;0.0;1462.0
8.4;2657.6;30.4;2.4;0.0;1462.0
8.3;2672.2;28.9;2.3;0.0;1462.0
8.4;2686.6;28.8;2.2;1.0;1462.0
8.3;2701.0;27.1;2.1;1.0;1462.0
8.3;2715.4;29.2;2.3;0.0;1462.0
8.3;2730.0;27.8;2.2;0.0;1462.0
8.3;2744.7;28.9;2.3;1.0;1462.0
8.3;2759.0;26.4;2.1;1.0;1462.0
8.3;2773.6;27.9;2.2;1.0;1462.0
8.3;2788.0;27.5;2.1;0.0;1462.0
8.4;2802.5;30.5;2.4;0.0;1462.0
8.3;2817.1;29.0;2.3;1.0;1462.0
8.4;2831.2;25.4;2.0;1.0;1462.0
8.3;2845.9;25.0;2.0;1.0;1462.0
8.4;2860.3;28.5;2.2;0.0;1462.0
8.4;2875.0;29.4;2.3;0.0;1462.0
8.3;2889.5;28.3;2.2;1.0;1462.0
8.4;2904.2;26.0;2.0;1.0;1462.0
8.3;2918.5;25.4;2.0;0.0;1462.0
8.4;2932.8;26.6;2.1;0.0;1462.0
8.3;2947.3;27.3;2.1;0.0;1462.0
8.3;2961.8;28.6;2.2;1.0;1462.0
8.3;2976.3;28.3;2.2;0.0;1462.0
8.3;2990.9;27.3;2.1;0.0;1462.0
8.4;3005.3;27.6;2.2;0.0;1462.0
8.3;3019.4;27.8;2.2;0.0;1462.0
8.3;3033.9;27.8;2.2;0.0;1462.0
8.4;3048.3;28.1;2.2;0.0;1462.0
8.3;3062.9;26.8;2.1;0.0;1462.0
8.4;3077.6;28.6;2.2;0.0;1462.0
8.3;3092.0;28.5;2.2;1.0;1462.0
8.4;3106.3;27.8;2.2;0.0;1462.0
8.4;3120.9;27.3;2.1;0.0;1462.0
8.4;3128.9;15.4;1.2;0.0;1462.0
8.4;3128.9;0.0;0.0;0.0;1462.0
8.3;3128.9;0.0;0.0;1.0;1462.0
8.4;3128.9;0.0;0.0;0.0;1462.0
8.3;3128.9;0.0;0.0;0.0;1462.0
8.4;3128.9;0.0;0.0;0.0;1462.0
8.3;3128.9;0.0;0.0;1.0;1462.0
8.3;3128.9;0.0;0.0;1.0;1462.0
8.4;3128.9;0.0;0.0;0.0;1462.0
8.3;3128.9;0.0;0.0;0.0;1462.0
8.3;3131.4;4.7;0.4;1.0;1462.0
8.3;3146.1;28.7;2.2;1.0;1462.0
8.3;3160.4;28.6;2.2;1.0;1462.0
8.4;3175.7;359.4;1.7;2.0;1462.0
8.3;3182.5;825.0;0.5;0.0;1462.0
8.4;3211.1;821.3;15.2;1.0;1462.0
9.5;3252.8;626.7;25.1;1.0;1462.0
8.4;3282.2;504.0;24.3;1.0;1462.0
8.4;3297.1;1013.7;3.1;0.0;1462.0
8.4;3382.4;3.7;63.2;0.0;1462.0
8.4;3392.7;499.1;25.9;1.0;1462.0
8.3;3394.7;660.6;21.3;1.0;1462.0
9.4;3426.9;767.6;14.8;0.0;1462.0
8.3;3458.8;317.6;42.5;0.0;1462.0
8.4;3521.7;530.5;37.3;0.0;1462.0
8.3;3525.6;570.8;20.0;1.0;1462.0
8.3;3535.5;853.4;9.7;1.0;1462.0
8.3;3584.7;166.3;49.2;0.0;1462.0
8.3;3610.1;583.4;22.9;0.0;1462.0
8.3;3656.3;203.8;38.0;0.0;1462.0
8.4;3669.4;906.8;11.2;1.0;1462.0
8.3;3698.9;210.7;32.1;0.0;1462.0
8.4;3755.6;233.5;44.1;0.0;1462.0
8.3;3764.5;571.5;19.4;0.0;1462.0
7.2;3808.7;542.7;35.9;0.0;1462.0
8.3;3850.7;158.8;36.7;0.0;1462.0
8.3;3866.0;679.1;24.8;0.0;1462.0
8.4;3885.8;677.8;14.8;0.0;1462.0
8.4;3924.1;418.5;35.0;0.0;1462.0
8.4;3950.4;740.6;16.2;1.0;1462.0
8.4;3976.5;274.0;34.0;0.0;1462.0
8.4;4005.3;64.4;30.3;6.0;1462.0
8.3;4043.4;2.2;27.4;5.0;1462.0
5.5;4061.9;2.3;22.9;6.0;1462.0
5.9;4088.4;1.7;30.6;2.0;1462.0
0.0;4095.8;1.8;17.4;0.0;1462.0
7.2;4164.6;1.3;41.2;0.0;1462.0
8.3;4194.4;2.9;39.9;7.0;1462.0
0.0;4209.2;3.3;34.1;1.0;1462.0
6.2;4234.7;3.0;33.0;7.0;1462.0
8.3;4271.3;3.7;37.8;9.0;1462.0
3.6;4288.6;3.3;20.8;2.0;1462.0
1.2;4317.9;3.2;27.2;4.0;1462.0
8.4;4363.0;3.0;39.8;8.0;1462.0
2.4;4377.7;3.0;27.8;5.0;1462.0
8.3;4426.5;3.0;31.3;5.0;1462.0
6.0;4442.2;3.0;30.1;4.0;1462.0
8.4;4466.2;3.8;29.8;5.0;1462.0
8.4;4495.9;2.4;29.5;8.0;1462.0
8.3;4513.6;11.5;23.5;4.0;1462.0
9.6;4570.3;5.3;42.3;3.0;1462.0
8.3;4577.6;9.1;28.2;3.0;1462.0
8.3;4608.9;6.6;34.1;7.0;1462.0
8.3;4633.9;10.7;31.6;4.0;1462.0
8.3;4665.8;9.6;27.4;5.0;1462.0
8.4;4692.2;9.7;38.6;8.0;1462.0
8.3;4713.4;13.9;19.7;4.0;1462.0
8.3;4734.8;10.3;23.1;5.0;1462.0
8.4;4758.5;10.0;27.5;0.0;1462.0
8.3;4797.1;7.9;38.4;5.0;1462.0
9.8;4818.1;10.6;25.2;2.0;1462.0
8.3;4879.9;8.0;30.2;1.0;1462.0
8.3;4870.3;7.3;33.4;3.0;1462.0
