7.2;57.0;9.3;0.5;4.0;1165.0
7.2;98.2;120.6;10.8;0.0;1165.0
8.3;139.6;142.9;7.7;1.0;1165.0
8.4;169.7;125.1;7.2;3.0;1165.0
8.3;199.4;98.8;6.8;0.0;1165.0
6.9;247.6;139.9;4.6;5.0;1311.0
8.4;662.2;16.9;1.3;4.0;1339.0
8.3;669.2;36.9;2.9;0.0;1339.0
8.4;681.1;21.5;1.7;0.0;1339.0
8.3;691.9;19.5;1.5;0.0;1339.0
8.4;704.3;23.0;1.8;0.0;1339.0
8.4;717.1;23.0;1.8;0.0;1339.0
8.4;726.4;15.7;1.2;0.0;1339.0
8.4;741.2;27.9;2.2;0.0;1339.0
8.3;749.2;12.8;1.0;0.0;1339.0
8.4;763.9;25.2;2.0;0.0;1339.0
8.3;773.9;19.0;1.5;0.0;1339.0
8.3;784.8;20.5;1.6;0.0;1339.0
8.3;799.2;28.0;2.2;0.0;1339.0
8.4;810.0;19.2;1.5;0.0;1339.0
8.4;818.0;13.1;1.0;0.0;1339.0
8.3;832.5;27.3;2.1;1.0;1339.0
8.3;846.9;22.5;1.8;0.0;1339.0
8.3;853.9;14.1;1.1;0.0;1339.0
8.3;863.4;13.7;1.1;0.0;1339.0
8.4;866.8;52.8;4.1;0.0;1339.0
8.3;867.0;61.1;4.8;1.0;1339.0
8.4;867.5;61.1;4.8;0.0;1339.0
8.4;867.7;60.7;4.7;1.0;1339.0
8.4;867.9;60.0;4.7;0.0;1339.0
8.4;868.0;60.0;4.7;0.0;1339.0
8.3;868.2;61.9;4.8;1.0;1339.0
8.4;871.1;55.6;4.3;2.0;1339.0
8.3;884.9;27.4;2.1;0.0;1339.0
8.4;899.4;27.6;2.2;0.0;1339.0
8.3;910.9;20.9;1.6;0.0;1339.0
8.3;912.1;2.1;0.2;1.0;1339.0
8.4;926.8;29.3;2.3;0.0;1339.0
8.3;941.4;29.7;2.3;0.0;1339.0
8.4;956.4;31.5;2.5;0.0;1339.0
8.3;970.5;26.6;2.1;0.0;1339.0
8.3;979.9;17.7;1.4;0.0;1339.0
8.4;979.9;0.0;0.0;0.0;1339.0
8.3;993.9;27.4;2.1;0.0;1339.0
8.4;1008.5;28.0;2.2;0.0;1339.0
8.3;1023.0;30.5;2.4;1.0;1339.0
8.4;1037.6;30.1;2.4;0.0;1339.0
8.4;1052.0;27.9;2.2;0.0;1339.0
8.3;1065.5;23.9;1.9;0.0;1339.0
8.4;1065.5;0.0;0.0;0.0;1339.0
8.3;1070.4;9.7;0.8;0.0;1339.0
8.4;1085.5;29.1;2.3;1.0;1339.0
8.3;1099.7;30.5;2.4;0.0;1339.0
8.3;1114.2;30.2;2.4;0.0;1339.0
8.3;1128.8;27.9;2.2;0.0;1339.0
8.3;1143.3;28.6;2.2;0.0;1339.0
8.4;1157.8;27.0;2.1;0.0;1339.0
8.3;1171.9;27.7;2.2;0.0;1339.0
8.3;1171.9;0.0;0.0;1.0;1339.0
8.3;1171.9;0.0;0.0;1.0;1339.0
8.3;1184.2;27.1;2.1;0.0;1339.0
8.4;1198.9;28.4;2.2;0.0;1339.0
8.3;1213.5;27.2;2.1;0.0;1339.0
8.4;1227.9;28.5;2.2;1.0;1339.0
8.4;1242.7;27.7;2.2;1.0;1339.0
8.4;1257.2;31.0;2.4;0.0;1339.0
8.4;1272.1;28.9;2.3;1.0;1339.0
8.3;1286.6;28.0;2.2;0.0;1339.0
8.4;1301.0;27.7;2.2;1.0;1339.0
8.3;1304.9;7.5;0.6;1.0;1339.0
8.4;1304.9;0.0;0.0;0.0;1339.0
8.3;1305.1;0.3;0.0;0.0;1339.0
8.3;1319.7;29.4;2.3;1.0;1339.0
8.4;1334.4;27.6;2.2;1.0;1339.0
8.3;1348.9;28.3;2.2;1.0;1339.0
8.3;1363.4;29.3;2.3;0.0;1339.0
8.3;1378.0;26.9;2.1;0.0;1339.0
8.3;1392.5;27.4;2.1;1.0;1339.0
8.4;1407.1;29.0;2.3;1.0;1339.0
8.3;1421.8;27.9;2.2;1.0;1339.0
8.4;1436.3;27.2;2.1;0.0;1339.0
8.3;1451.0;27.6;2.2;0.0;1339.0
8.4;1465.4;28.6;2.2;1.0;1339.0
8.4;1469.5;7.4;0.6;1.0;1339.0
8.3;1469.5;0.0;0.0;1.0;1339.0
8.4;1469.5;0.0;0.0;1.0;1339.0
8.3;1474.5;10.7;0.8;0.0;1339.0
8.3;1489.7;29.8;2.3;1.0;1339.0
8.3;1503.6;26.0;2.0;1.0;1339.0
8.3;1518.3;29.3;2.3;0.0;1339.0
8.3;1532.0;26.9;2.1;0.0;1339.0
8.3;1546.7;27.6;2.2;0.0;1339.0
8.4;1561.3;28.4;2.2;2.0;1339.0
8.3;1575.7;28.9;2.3;1.0;1339.0
8.3;1590.5;29.9;2.3;0.0;1339.0
8.3;1605.6;28.3;2.2;0.0;1339.0
8.3;1620.1;27.5;2.1;0.0;1339.0
8.4;1634.7;28.4;2.2;2.0;1339.0
8.3;1649.3;29.8;2.3;0.0;1339.0
8.4;1663.9;27.1;2.1;0.0;1339.0
8.4;1675.2;21.2;1.7;0.0;1339.0
8.4;1675.2;0.0;0.0;0.0;1339.0
8.4;1675.2;0.0;0.0;1.0;1339.0
8.3;1675.2;0.0;0.0;0.0;1339.0
8.4;1675.2;0.0;0.0;0.0;1339.0
8.3;1689.2;28.8;2.2;1.0;1339.0
8.3;1703.9;29.1;2.3;0.0;1339.0
8.3;1719.2;33.4;2.6;1.0;1339.0
8.3;1733.2;28.8;2.2;0.0;1339.0
8.4;1747.7;29.0;2.3;0.0;1339.0
8.3;1762.1;27.4;2.1;0.0;1339.0
8.3;1776.7;29.1;2.3;1.0;1339.0
8.3;1791.3;31.0;2.4;1.0;1339.0
8.3;1805.8;28.0;2.2;0.0;1339.0
8.4;1820.5;27.4;2.1;0.0;1339.0
8.3;1835.2;27.5;2.1;0.0;1339.0
8.4;1849.7;28.5;2.2;1.0;1339.0
8.4;1864.3;30.5;2.4;0.0;1339.0
8.4;1878.7;28.4;2.2;0.0;1339.0
8.4;1893.2;27.8;2.2;1.0;1339.0
8.3;1908.0;28.1;2.2;0.0;1339.0
8.4;1922.5;30.6;2.4;0.0;1339.0
8.3;1930.7;16.3;1.3;0.0;1339.0
8.3;1930.7;0.0;0.0;0.0;1339.0
8.3;1930.7;0.0;0.0;0.0;1339.0
8.3;1930.7;0.0;0.0;1.0;1339.0
8.4;1930.7;0.0;0.0;1.0;1339.0
8.3;1932.9;4.9;0.4;0.0;1339.0
8.4;1947.6;27.8;2.2;0.0;1339.0
8.3;1962.0;28.4;2.2;0.0;1339.0
8.3;1976.7;29.4;2.3;1.0;1339.0
8.4;1991.5;29.6;2.3;0.0;1339.0
8.3;2005.9;31.3;2.4;0.0;1339.0
8.4;2020.5;29.5;2.3;0.0;1339.0
8.3;2035.2;28.1;2.2;1.0;1339.0
8.4;2049.8;28.2;2.2;1.0;1339.0
8.4;2064.4;29.7;2.3;0.0;1339.0
8.4;2078.8;29.7;2.3;0.0;1339.0
8.4;2093.5;28.7;2.2;0.0;1339.0
8.3;2108.1;29.1;2.3;1.0;1339.0
8.4;2122.6;27.9;2.2;1.0;1339.0
8.3;2137.2;29.4;2.3;0.0;1339.0
8.3;2152.0;29.4;2.3;0.0;1339.0
8.3;2166.4;29.9;2.3;1.0;1339.0
8.3;2181.0;29.2;2.3;1.0;1339.0
8.4;2195.7;29.2;2.3;1.0;1339.0
8.3;2210.1;27.8;2.2;0.0;1339.0
8.3;2224.9;30.2;2.4;0.0;1339.0
8.3;2240.2;32.0;2.5;1.0;1339.0
8.3;2249.0;17.7;1.4;1.0;1339.0
8.4;2249.0;0.0;0.0;5.0;1339.0
8.3;2249.0;0.0;0.0;5.0;1339.0
8.4;2249.0;0.0;0.0;5.0;1357.0
8.4;2249.0;0.0;0.0;8.0;1361.0
8.4;2249.0;0.0;0.0;2.0;1387.0
8.4;2249.0;0.0;0.0;3.0;1387.0
8.3;2258.9;19.4;1.5;0.0;1387.0
8.4;2273.6;28.4;2.2;8.0;1378.0
8.3;2288.0;28.4;2.2;0.0;1378.0
8.4;2302.7;28.6;2.2;1.0;1373.0
8.3;2317.3;29.8;2.3;5.0;1380.0
8.3;2330.9;24.8;1.9;12.0;1380.0
8.4;2345.0;27.6;2.2;6.0;1368.0
8.3;2360.0;30.6;2.4;4.0;1368.0
8.4;2374.1;27.3;2.1;2.0;1368.0
8.3;2388.3;29.9;2.3;0.0;1368.0
8.3;2403.0;27.9;2.2;0.0;1368.0
8.3;2417.9;29.1;2.3;5.0;1368.0
8.3;2432.0;29.9;2.3;1.0;1368.0
8.4;2446.8;27.6;2.2;1.0;1368.0
8.3;2460.8;29.1;2.3;5.0;1372.0
8.4;2475.7;29.7;2.3;0.0;1372.0
8.4;2490.4;30.8;2.4;0.0;1372.0
8.3;2504.8;29.1;2.3;1.0;1372.0
8.4;2519.5;30.2;2.4;3.0;1364.0
8.4;2534.6;29.4;2.3;7.0;1364.0
8.4;2548.3;26.6;2.1;1.0;1364.0
8.3;2562.7;25.5;2.0;0.0;1364.0
6.9;2576.6;26.6;2.1;2.0;1364.0
8.3;2590.7;26.5;2.1;2.0;1360.0
8.3;2604.7;25.7;2.0;0.0;1360.0
7.2;2618.7;27.3;2.1;1.0;1360.0
8.3;2632.8;26.2;2.0;1.0;1360.0
8.3;2646.4;25.4;2.0;1.0;1360.0
8.4;2646.4;0.0;0.0;0.0;1360.0
8.3;2646.4;0.0;0.0;3.0;1360.0
8.4;2646.4;0.0;0.0;1.0;1360.0
8.3;2646.4;0.0;0.0;1.0;1360.0
8.4;2646.4;0.0;0.0;0.0;1360.0
8.4;2646.4;0.0;0.0;1.0;1360.0
8.4;2646.4;0.0;0.0;1.0;1360.0
8.4;2646.4;0.0;0.0;1.0;1360.0
8.3;2657.8;23.3;1.8;3.0;1360.0
8.4;2672.2;29.1;2.3;0.0;1360.0
8.3;2686.1;27.5;2.1;0.0;1360.0
8.4;2700.1;27.7;2.2;1.0;1360.0
8.3;2714.1;27.3;2.1;1.0;1360.0
8.3;2728.3;28.0;2.2;6.0;1360.0
8.4;2742.5;27.3;2.1;0.0;1360.0
8.3;2756.4;27.8;2.2;0.0;1360.0
8.3;2770.4;25.2;2.0;0.0;1360.0
8.3;2784.4;26.9;2.1;0.0;1360.0
8.3;2798.6;27.2;2.1;0.0;1360.0
8.4;2812.9;29.9;2.3;0.0;1360.0
8.3;2826.8;27.7;2.2;0.0;1371.0
8.4;2841.2;24.9;1.9;0.0;1371.0
8.3;2855.3;25.1;2.0;0.0;1371.0
8.4;2869.6;27.9;2.2;0.0;1371.0
8.4;2884.0;28.9;2.3;0.0;1371.0
8.3;2897.9;27.3;2.1;0.0;1371.0
8.4;2912.5;25.7;2.0;12.0;1379.0
8.4;2926.5;24.1;1.9;17.0;1371.0
8.4;2939.7;25.1;2.0;1.0;1371.0
8.3;2954.1;26.2;2.0;0.0;1371.0
8.3;2968.1;28.5;2.2;1.0;1371.0
6.9;2982.5;28.1;2.2;1.0;1371.0
8.3;2996.4;26.5;2.1;0.0;1371.0
8.4;3010.7;27.4;2.1;0.0;1371.0
8.3;3025.0;27.1;2.1;1.0;1371.0
6.9;3039.0;27.7;2.2;1.0;1371.0
8.4;3053.4;28.2;2.2;1.0;1371.0
8.3;3067.4;25.4;2.0;0.0;1371.0
8.4;3081.7;27.6;2.2;0.0;1371.0
8.3;3095.9;28.1;2.2;1.0;1371.0
8.4;3109.9;28.0;2.2;0.0;1371.0
8.4;3124.3;27.2;2.1;0.0;1371.0
8.4;3138.1;25.9;2.0;0.0;1371.0
8.4;3138.1;0.0;0.0;0.0;1371.0
8.3;3138.1;0.0;0.0;0.0;1371.0
8.4;3138.1;0.0;0.0;0.0;1371.0
8.3;3138.1;0.0;0.0;0.0;1371.0
8.4;3138.1;0.0;0.0;0.0;1371.0
8.3;3138.1;0.0;0.0;0.0;1371.0
8.3;3138.1;0.0;0.0;0.0;1371.0
8.4;3138.1;0.0;0.0;0.0;1371.0
8.3;3138.1;0.0;0.0;0.0;1371.0
8.3;3138.1;0.0;0.0;0.0;1371.0
8.3;3148.8;20.4;1.6;0.0;1371.0
8.3;3163.0;27.4;2.1;0.0;1371.0
7.1;3177.8;29.7;2.3;0.0;1371.0
9.6;3188.5;755.4;0.9;0.0;1371.0
8.4;3206.8;812.4;6.6;0.0;1371.0
8.3;3247.7;717.2;30.6;0.0;1371.0
8.3;3292.4;692.2;27.3;0.0;1371.0
9.4;3298.4;1120.1;2.0;0.0;1371.0
7.2;3353.2;385.5;44.9;0.0;1371.0
8.4;3395.8;477.4;27.8;0.0;1371.0
8.4;3405.3;639.1;32.4;0.0;1371.0
8.3;3441.9;875.1;21.2;0.0;1371.0
8.3;3461.9;730.5;19.6;0.0;1371.0
8.4;3522.4;286.7;48.0;0.0;1371.0
8.3;3530.1;802.9;21.1;0.0;1371.0
8.4;3550.3;848.7;17.9;0.0;1371.0
7.2;3599.8;300.6;48.4;0.0;1371.0
8.3;3618.1;972.1;13.5;0.0;1371.0
8.3;3672.7;309.8;38.5;0.0;1371.0
8.3;3695.3;617.1;30.3;0.0;1371.0
8.3;3728.9;808.4;12.6;0.0;1371.0
8.4;3757.3;432.5;43.1;0.0;1371.0
8.3;3788.6;243.2;33.4;0.0;1371.0
8.4;3816.2;616.8;23.5;0.0;1371.0
8.4;3852.9;764.0;15.2;0.0;1371.0
8.4;3881.9;211.7;35.4;3.0;1371.0
8.4;3907.9;335.6;36.3;8.0;1371.0
8.4;3931.7;4.8;27.2;5.0;1371.0
7.2;3961.4;3.7;28.4;4.0;1371.0
2.1;3987.9;3.8;31.4;4.0;1371.0
7.2;4015.7;2.5;30.3;3.0;1371.0
3.6;4044.9;2.5;27.4;2.0;1371.0
0.0;4074.1;2.0;22.9;0.0;1371.0
8.3;4109.0;2.7;42.8;4.0;1371.0
5.2;4128.7;1.5;24.7;2.0;1371.0
8.4;4174.5;2.0;41.5;3.0;1371.0
8.3;4231.5;3.0;44.7;4.0;1371.0
6.0;4238.7;2.5;22.1;3.0;1371.0
6.2;4259.7;3.8;36.4;5.0;1371.0
5.9;4294.6;4.2;35.4;7.0;1371.0
6.0;4323.2;3.0;25.6;3.0;1371.0
8.3;4386.8;2.5;29.5;1.0;1371.0
2.1;4383.6;4.0;39.7;3.0;1371.0
6.2;4414.4;3.0;26.5;4.0;1371.0
2.4;4441.8;3.0;32.2;2.0;1371.0
8.4;4463.1;4.0;29.1;5.0;1371.0
1.2;4490.3;2.3;30.6;2.0;1371.0
8.3;4519.2;13.4;22.7;0.0;1371.0
8.4;4573.6;5.8;49.0;3.0;1371.0
8.4;4584.4;7.7;24.1;3.0;1371.0
7.1;4612.0;7.8;39.0;2.0;1371.0
8.4;4659.3;9.4;32.2;1.0;1371.0
8.4;4662.9;15.9;24.0;2.0;1371.0
9.5;4702.2;9.5;42.2;4.0;1371.0
8.4;4715.6;10.0;18.0;1.0;1371.0
8.3;4738.0;11.6;24.4;3.0;1371.0
8.3;4781.3;9.1;28.4;3.0;1371.0
8.4;4834.0;7.6;37.7;4.0;1371.0
8.3;4831.0;11.5;27.7;2.0;1371.0
8.4;4859.8;9.2;30.2;3.0;1371.0
8.3;4887.5;6.7;35.8;5.0;1371.0
8.4;4906.2;11.8;24.0;2.0;1371.0
9.6;4945.5;6.1;42.2;5.0;1371.0
