119.7;447545344;13
179.7;515645440;870
109.8;616964096;929
109.8;654843904;1201
109.8;706224128;1227
119.8;714670080;1243
119.8;739311616;1380
99.9;839843840;994
99.9;942604288;1014
109.9;1043529728;1018
99.9;1043529728;1559
109.8;1043529728;1511
99.8;1043529728;1546
99.8;1043529728;1543
99.8;1043529728;1530
99.8;1043529728;1541
109.8;1043529728;1547
99.8;1043529728;1538
99.8;1043529728;1521
99.8;1043529728;1541
109.8;1043529728;1540
99.8;1043529728;1524
99.8;1043529728;1545
89.9;1043529728;1538
99.8;1043529728;1543
109.8;1043529728;1488
99.8;1043529728;1498
99.8;1043529728;1497
99.8;1043529728;1481
109.9;1043529728;1545
99.8;1043529728;1540
99.8;1043529728;1545
99.8;1043529728;1524
109.8;1043529728;1543
99.8;1096351744;911
109.8;1096613888;8
99.8;1096613888;0
99.8;1096613888;0
109.8;1096744960;1
219.7;1096876032;1
710.0;1102725120;3
778.9;1104662528;3
787.9;1131450368;3
768.9;1325568000;4
757.2;1426362368;3
789.6;1431474176;2
789.0;1431474176;2
802.2;1428881408;2
787.2;1428881408;2
792.4;1428881408;2
787.8;1428881408;2
778.9;1739390976;2
798.5;2098135040;0
798.7;2139684864;2
768.2;2139684864;0
708.8;2139684864;0
711.9;2139684864;3
329.4;2139684864;0
299.4;2139684864;0
209.5;2139684864;3
0.0;2139684864;0
99.8;2152398848;6
99.8;2152398848;3
99.8;2152398848;0
99.8;2152398848;0
129.8;2152529920;0
229.6;2152792064;0
778.8;2153054208;1
760.5;2153054208;0
758.8;2153054208;0
797.0;2153054208;0
704.3;2153054208;0
688.9;2153054208;0
702.9;2153054208;0
698.9;2153054208;0
688.8;2153054208;0
698.6;2153054208;0
698.6;2153054208;0
698.7;2153054208;0
678.7;2153054208;2
698.4;2153054208;0
698.7;2153054208;0
608.6;2153054208;0
379.2;2153054208;1
299.4;2153054208;0
79.8;2153185280;1
0.0;2153185280;0
109.6;2153418752;5
99.8;2153549824;3
99.8;2153549824;0
99.8;2153549824;0
139.8;2153549824;0
339.3;2154205184;0
798.8;2154205184;1
798.7;2154205184;0
796.3;2154205184;0
798.7;2154205184;0
728.7;2154205184;0
599.0;2154205184;2
624.2;2154205184;0
708.6;2154205184;0
698.5;2154205184;0
698.7;2154336256;0
698.6;2154336256;0
698.6;2154336256;0
578.7;2154336256;0
498.9;2154336256;0
498.9;2154336256;0
498.9;2154336256;0
419.1;2154336256;0
399.2;2154336256;0
169.6;2154336256;0
0.0;2154336256;0
39.9;2154438656;4
99.7;2154438656;3
99.8;2154438656;0
99.8;2154438656;0
99.8;2154438656;0
179.7;2154569728;0
549.1;2155225088;2
798.1;2155225088;0
808.2;2155225088;0
798.7;2155225088;0
801.2;2155225088;0
735.1;2155225088;0
637.8;2155225088;1
698.7;2155225088;0
688.6;2155225088;0
698.7;2155225088;0
698.5;2155225088;0
698.5;2155225088;0
688.7;2155225088;0
698.4;2155225088;0
618.2;2155225088;0
608.7;2155225088;0
479.1;2155225088;0
299.2;2155225088;0
0.0;2155225088;0
39.9;2156265472;6
99.8;2156265472;3
99.9;2156265472;0
99.8;2156265472;0
119.8;2156265472;0
219.5;2156396544;0
716.3;2156920832;1
703.3;2156920832;0
698.6;2157051904;2
738.6;2160984064;0
804.3;2160984064;0
808.7;2163736576;0
722.4;2163736576;1
792.4;2163736576;0
803.8;2163736576;0
801.9;2163736576;0
788.3;2163736576;0
800.5;2163736576;0
772.8;2163736576;0
757.9;2163867648;0
598.8;2163867648;2
369.3;2163867648;0
199.6;2163867648;0
139.8;2163867648;0
99.8;2163867648;0
89.8;2163998720;1
0.0;2163998720;0
39.9;2164129792;4
99.6;2164260864;2
99.8;2164260864;0
99.9;2164260864;0
99.9;2164260864;0
169.7;2164391936;0
320.5;2164654080;0
767.5;2164654080;1
702.9;2164654080;0
698.4;2164654080;1
698.6;2164654080;0
698.6;2164654080;0
698.8;2164654080;0
708.5;2164654080;0
698.4;2164654080;0
698.7;2164654080;0
618.5;2164654080;1
598.9;2164654080;2
598.6;2164654080;0
608.6;2164654080;2
598.5;2164654080;0
598.9;2164654080;0
528.9;2164654080;1
349.3;2164654080;0
299.4;2164654080;0
10.0;2164654080;0
0.0;2164654080;0
109.8;2165047296;6
109.8;2165047296;0
99.9;2165047296;0
99.8;2165047296;0
189.7;2165178368;0
519.8;2165702656;1
698.9;2165702656;0
714.3;2165702656;0
688.4;2165702656;2
698.7;2165702656;0
648.8;2165702656;0
598.8;2165702656;0
677.4;2165702656;0
698.3;2165702656;0
698.5;2165702656;0
698.7;2165702656;0
708.6;2165702656;0
708.7;2165702656;0
698.5;2165702656;2
708.6;2165702656;0
578.9;2165702656;0
379.1;2165702656;0
239.6;2165702656;0
199.6;2165702656;2
39.9;2165702656;1
0.0;2165702656;0
109.8;2166095872;6
99.8;2166095872;0
99.8;2166095872;0
109.8;2166095872;0
199.6;2166226944;0
653.9;2166620160;0
758.9;2166620160;0
799.8;2166620160;0
808.8;2166620160;0
810.2;2166620160;0
788.5;2166620160;0
805.1;2166620160;0
801.4;2166620160;0
810.6;2166620160;0
759.0;2166620160;0
699.0;2166620160;0
705.1;2166620160;0
688.8;2166620160;0
568.8;2166620160;0
489.1;2166620160;0
479.1;2166620160;0
399.2;2166620160;0
129.7;2166751232;1
0.0;2166751232;0
69.8;2167406592;8
109.8;2167537664;2
99.8;2167537664;0
99.8;2167537664;0
129.8;2167668736;0
229.6;2167930880;0
792.0;2168324096;0
705.1;2168324096;0
698.4;2168324096;2
708.6;2168324096;0
698.4;2172518400;0
688.3;2172518400;2
698.6;2172518400;0
698.6;2172518400;0
708.0;2172518400;0
701.9;2172518400;0
688.4;2172518400;0
638.8;2172518400;0
598.9;2172518400;0
598.8;2172518400;0
598.9;2172518400;1
439.4;2172518400;0
259.5;2172518400;0
99.8;2172518400;0
99.8;2172518400;0
99.8;2172518400;0
99.8;2172518400;0
99.8;2172518400;0
49.9;2172780544;1
0.0;2172780544;0
69.9;2172780544;4
99.8;2172911616;2
99.8;2172911616;0
99.8;2172911616;0
179.7;2173042688;0
259.6;2173173760;0
695.2;2173566976;0
704.7;2173566976;0
698.2;2173566976;0
698.7;2173566976;0
698.7;2173566976;0
676.0;2266365952;2
706.3;2564030464;0
698.5;2937978880;0
708.5;3296198656;0
698.5;3681681408;0
698.6;4083286016;0
698.6;4419747840;0
688.7;4419878912;2
698.2;4419878912;0
698.5;4419878912;0
698.7;4419878912;0
698.7;4419878912;0
637.1;4419878912;3
419.0;4419878912;1
79.8;4419878912;1
0.0;4419878912;0
229.5;3966119936;4
