109.9;446365696;8
189.7;509734912;814
119.8;611315712;933
99.9;650637312;1216
119.8;706605056;1227
109.8;714878976;1438
109.8;715010048;1501
99.9;715010048;1539
109.8;793522176;1088
89.9;895102976;1002
99.9;997076992;1007
99.9;1099182080;1009
99.8;1201418240;1009
99.8;1291333632;1074
109.9;1291333632;1527
99.9;1291333632;1529
99.9;1291333632;1544
109.8;1291333632;1544
89.9;1291333632;1534
99.8;1291333632;1527
109.8;1291333632;1540
99.8;1291333632;1536
99.9;1291333632;1542
99.9;1291333632;1540
99.8;1291333632;1523
99.8;1291333632;1533
99.8;1291333632;1545
109.8;1291333632;1550
99.8;1291333632;1536
99.9;1291333632;1532
109.8;1291333632;1551
99.8;1291333632;1533
99.8;1291333632;1550
99.8;1291333632;1545
99.8;1291333632;1525
119.8;1321218048;380
99.8;1321349120;8
99.9;1321349120;0
99.8;1321349120;0
159.7;1321480192;1
316.4;1322266624;1
800.4;1326616576;3
812.3;1326616576;1
777.1;1330941952;5
778.9;1434095616;2
788.4;1434095616;2
798.4;1434226688;1
804.6;1432887296;1
738.8;1432887296;2
788.3;1432887296;2
798.4;1640767488;2
798.4;1982603264;0
788.0;1983913984;2
802.5;1983913984;0
788.2;1983913984;2
682.0;1983913984;3
549.1;1983913984;0
489.2;1983913984;0
59.9;1983913984;5
0.0;1983913984;0
119.8;1994006528;7
99.8;1994006528;0
109.8;1994006528;0
99.9;1994006528;0
189.7;1994006528;1
586.2;1994399744;2
809.8;1994399744;0
797.4;1994399744;2
598.7;1994399744;0
598.8;1994399744;2
657.5;1994399744;0
708.0;1994399744;0
698.4;1994399744;0
698.6;1994399744;0
648.5;1994399744;0
618.7;1994399744;0
635.3;1994399744;0
319.4;1994530816;3
199.7;1994530816;0
129.8;1994530816;1
99.9;1994530816;0
59.9;1994530816;0
0.0;1994530816;0
69.4;1994776576;5
99.8;1995038720;2
99.8;1995038720;0
99.8;1995038720;0
159.7;1995169792;0
362.2;1995563008;0
754.3;1995563008;2
698.5;1995563008;0
688.4;1995563008;0
698.4;1995563008;0
688.5;1995563008;0
677.8;1995563008;0
694.0;1995563008;2
698.2;1995563008;0
688.7;1995563008;0
698.6;1995563008;0
698.7;1995563008;2
700.3;1995563008;0
698.7;1995563008;2
548.8;1995563008;0
399.3;1995563008;0
389.3;1995563008;0
299.4;1995563008;0
79.8;1995694080;1
0.0;1995694080;0
89.9;1995825152;6
99.8;1995825152;0
99.8;1995825152;0
99.8;1995825152;0
199.6;1996087296;0
651.4;1996742656;1
718.9;1996742656;0
728.6;1996742656;0
799.0;1996742656;0
800.8;1996742656;0
798.8;1996742656;0
808.3;1996742656;0
798.4;1996742656;0
791.7;1996742656;0
761.0;1996742656;0
804.2;1996742656;0
796.0;1996742656;0
798.7;1996742656;1
792.2;1996742656;0
569.0;1996742656;0
99.8;1996742656;0
99.8;1996742656;0
99.8;1996742656;0
99.8;1996742656;0
99.8;1996742656;0
59.9;1996742656;1
0.0;1996742656;0
79.8;1997504512;6
99.8;1997504512;4
99.8;1997504512;0
99.8;1997504512;0
99.8;1997504512;0
189.7;1997766656;0
434.4;1998290944;0
716.1;1998422016;0
698.4;1998422016;0
698.4;1998422016;0
698.2;2002485248;0
698.3;2002485248;0
698.1;2002485248;0
668.2;2002485248;0
608.4;2002485248;0
595.7;2002485248;0
698.4;2002485248;0
768.9;2002485248;0
787.8;2002485248;0
729.6;2002485248;1
662.0;2002485248;0
598.8;2002485248;0
299.4;2002485248;1
199.6;2002485248;0
199.7;2002485248;0
49.9;2002616320;1
0.0;2002616320;0
109.6;2002857984;6
99.8;2002857984;0
99.9;2002857984;0
99.8;2002857984;0
169.7;2002857984;0
471.7;2003382272;0
798.8;2003382272;1
803.4;2003382272;0
788.5;2003382272;0
767.6;2003382272;0
698.5;2003382272;0
708.6;2003382272;0
688.6;2003644416;1
698.4;2003644416;0
688.4;2003644416;0
698.5;2003644416;0
698.2;2003644416;0
658.5;2003644416;0
638.6;2003644416;0
598.9;2003644416;2
598.8;2003644416;0
369.3;2003644416;0
299.4;2003644416;2
10.0;2003906560;1
0.0;2003906560;0
119.8;2004025344;6
99.8;2004025344;0
99.8;2004025344;0
99.8;2004025344;0
189.7;2004156416;0
576.4;2004811776;1
798.6;2004811776;0
798.3;2004811776;0
804.9;2004811776;0
718.7;2004811776;0
697.5;2004811776;0
698.7;2004811776;0
698.7;2004811776;2
688.6;2004811776;2
708.5;2004811776;0
688.7;2004811776;0
708.7;2004811776;0
598.9;2004811776;0
628.6;2004811776;1
499.1;2004811776;2
399.2;2004811776;0
279.5;2004811776;0
199.6;2004811776;2
99.8;2004811776;1
0.0;2004811776;0
39.8;2004918272;4
99.6;2005049344;2
99.8;2005049344;0
99.8;2005049344;0
109.8;2005049344;0
199.7;2005049344;0
674.4;2005573632;0
802.3;2005573632;0
798.4;2005573632;0
808.5;2005573632;0
746.6;2005573632;0
667.8;2005573632;0
698.5;2005573632;0
708.6;2005573632;0
688.8;2005573632;2
688.6;2005573632;0
658.7;2005573632;0
598.9;2005573632;0
549.0;2005573632;0
479.2;2005573632;0
399.2;2005573632;0
339.2;2005573632;2
299.4;2005573632;0
219.6;2005573632;0
199.6;2005573632;2
29.9;2005573632;1
0.0;2005573632;0
119.7;2006867968;8
99.8;2006999040;2
99.8;2006999040;0
99.8;2006999040;0
149.7;2006999040;0
353.8;2007261184;0
798.7;2007261184;0
799.4;2007261184;0
788.6;2011455488;0
803.6;2011586560;0
809.0;2011586560;0
802.5;2011586560;0
796.2;2011586560;0
788.7;2011586560;0
772.4;2011586560;0
708.4;2011586560;0
688.3;2011586560;0
598.7;2011586560;2
598.7;2011586560;0
528.9;2011586560;2
478.9;2011586560;0
199.6;2011586560;0
199.6;2011586560;0
169.6;2011717632;0
0.0;2011717632;0
39.9;2011840512;4
99.8;2011840512;2
99.8;2011840512;0
99.9;2011840512;0
109.8;2011971584;0
199.6;2012102656;0
706.0;2012626944;0
736.9;2012626944;0
698.8;2012626944;0
698.1;2012626944;0
708.5;2104508416;0
708.3;2273198080;0
698.8;2273198080;0
698.6;2273329152;0
708.5;2273329152;0
698.6;2273329152;0
688.6;2277392384;0
698.8;2277392384;0
698.6;2277392384;0
628.1;2277392384;0
608.8;2277392384;0
598.8;2277392384;2
399.3;2277392384;0
289.4;2277392384;0
59.9;2277523456;0
0.0;2277523456;0
59.9;2277502976;4
99.8;2277502976;2
99.8;2277502976;0
99.8;2277502976;0
149.7;2277634048;0
374.6;2278289408;0
729.1;2278289408;0
706.3;2278289408;0
698.5;2278289408;0
698.7;2278289408;0
