109.8;447414272;12
189.7;514699264;862
119.8;614051840;912
99.8;653766656;1221
99.8;706064384;1248
119.8;714424320;1447
109.8;714424320;1469
99.8;714424320;1531
99.9;794902528;1076
99.9;897138688;1010
89.9;998719488;1004
99.9;1101086720;1011
99.9;1203060736;1008
99.9;1304903680;1005
109.8;1404256256;1031
99.8;1404387328;1498
99.8;1404387328;1530
109.8;1404387328;1519
99.8;1404387328;1522
99.8;1404387328;1530
99.8;1404387328;1528
99.8;1404387328;1505
99.8;1404387328;1525
109.8;1404387328;1529
99.8;1404387328;1528
99.8;1404387328;1528
109.8;1404387328;1518
99.8;1404387328;1547
99.8;1404387328;1547
99.8;1404387328;1544
109.8;1404387328;1544
99.8;1404387328;1519
99.8;1404387328;1547
99.8;1404387328;1540
109.8;1404387328;1537
99.8;1405173760;1095
109.8;1405435904;9
99.8;1405435904;0
99.8;1405435904;0
119.8;1405435904;1
209.6;1405435904;0
679.1;1411276800;3
798.5;1411407872;4
807.1;1411526656;1
787.6;1437347840;2
781.8;1452158976;2
788.7;1452158976;2
790.9;1448935424;2
801.4;1448935424;2
780.9;1448935424;1
789.3;1448935424;2
789.8;1448935424;2
778.5;1593769984;3
807.1;1705779200;0
798.8;1944199168;2
796.2;1991254016;2
798.5;1991254016;0
796.2;1991254016;2
499.3;1991254016;0
439.4;1991254016;3
359.4;1991254016;0
159.7;1991254016;2
0.0;1991254016;0
19.9;1991647232;4
328.9;2000035840;2
99.8;2000166912;2
99.9;2000166912;0
99.8;2000166912;0
169.7;2000297984;0
358.3;2000691200;1
808.7;2000691200;0
802.8;2000691200;0
795.4;2000691200;0
804.9;2000691200;0
778.8;2000691200;0
723.0;2000691200;1
638.9;2000691200;2
608.5;2000691200;0
588.7;2000691200;0
598.7;2000691200;0
588.3;2000691200;0
509.1;2000691200;0
489.0;2000691200;0
498.9;2000691200;0
399.3;2000691200;0
399.2;2000691200;0
229.6;2000691200;1
199.6;2000691200;0
199.6;2000691200;2
99.8;2000822272;1
0.0;2000822272;0
59.9;2001084416;4
99.8;2001084416;2
99.8;2001084416;0
99.8;2001084416;0
149.8;2001084416;0
322.0;2001870848;0
764.6;2001870848;1
704.6;2001870848;0
698.5;2001870848;0
698.7;2001870848;0
698.6;2001870848;0
688.8;2001870848;0
698.8;2001870848;0
688.8;2001870848;0
698.7;2001870848;0
710.5;2001870848;0
798.8;2001870848;0
804.6;2001870848;0
800.0;2001870848;0
788.8;2001870848;0
704.8;2001870848;0
655.4;2001870848;0
409.2;2001870848;0
229.4;2002001920;1
0.0;2002001920;0
59.8;2002120704;5
99.8;2002120704;2
99.8;2002120704;0
99.8;2002120704;0
139.7;2002382848;0
342.2;2002907136;1
771.7;2002907136;0
706.2;2002907136;0
698.6;2002907136;0
698.8;2002907136;0
698.7;2003038208;0
698.6;2003038208;0
692.8;2003038208;0
698.8;2003038208;0
701.9;2003038208;0
698.8;2003038208;0
698.3;2003038208;0
698.6;2003038208;0
698.6;2003038208;0
618.8;2003038208;0
499.3;2003038208;0
419.1;2003038208;0
299.5;2003038208;0
299.4;2003038208;0
179.6;2003038208;1
0.0;2003038208;0
59.9;2003824640;8
99.6;2003955712;2
99.8;2003955712;0
99.8;2003955712;0
139.8;2004086784;0
304.2;2004611072;0
756.8;2004611072;1
688.4;2004611072;0
658.4;2004611072;2
588.6;2008936448;0
652.7;2008936448;2
598.8;2008936448;0
751.6;2008936448;0
802.8;2008936448;0
798.7;2008936448;2
804.5;2008936448;0
801.0;2008936448;0
756.4;2008936448;0
688.4;2008936448;0
698.3;2008936448;0
698.5;2008936448;0
648.6;2008936448;0
608.8;2008936448;0
49.9;2008936448;1
0.0;2008936448;0
109.8;2009309184;6
99.9;2009309184;0
99.9;2009309184;0
99.8;2009309184;0
179.7;2009440256;0
555.5;2009702400;1
648.8;2009702400;0
678.9;2009702400;0
702.7;2009702400;2
708.6;2009702400;0
684.8;2009833472;0
598.7;2009833472;1
658.9;2009833472;0
796.1;2009833472;0
787.7;2009964544;0
796.9;2009964544;0
783.3;2009964544;0
696.0;2009964544;0
469.0;2009964544;0
199.6;2009964544;0
169.7;2009964544;1
109.8;2009964544;2
89.8;2009964544;1
0.0;2009964544;0
29.9;2009952256;4
99.6;2010083328;2
99.8;2010083328;0
99.8;2010083328;0
129.8;2010083328;0
239.5;2010214400;0
800.7;2010738688;2
808.7;2010738688;0
806.3;2010738688;0
806.3;2010738688;0
798.5;2010738688;2
807.5;2010738688;0
794.6;2010738688;0
798.4;2010738688;0
790.8;2010869760;0
677.5;2010869760;0
608.7;2010869760;0
698.4;2010869760;0
698.2;2010869760;2
618.6;2010869760;1
289.5;2010869760;0
279.5;2010869760;0
269.6;2010869760;0
99.9;2010869760;0
99.9;2010869760;0
99.9;2010869760;0
99.9;2010869760;0
89.9;2010869760;0
69.8;2010869760;0
0.0;2010869760;0
39.9;2011000832;4
99.8;2011131904;2
99.8;2011131904;0
99.9;2011131904;0
139.8;2011131904;0
259.7;2011656192;0
778.0;2011656192;0
696.5;2011656192;0
688.5;2011656192;2
698.7;2011656192;0
658.4;2011656192;2
598.7;2011656192;0
598.9;2011656192;0
638.4;2011656192;0
688.4;2011656192;0
698.3;2011656192;0
698.2;2011656192;0
678.2;2011656192;0
598.6;2011656192;0
598.6;2011656192;0
598.6;2011656192;0
598.9;2011656192;0
349.1;2011656192;0
299.4;2011656192;0
49.9;2011787264;1
0.0;2011787264;0
89.8;2012573696;8
99.8;2012704768;2
99.8;2012704768;0
109.8;2012704768;0
199.7;2012835840;0
608.1;2013360128;0
789.7;2013360128;0
789.4;2013360128;0
797.4;2017816576;0
792.4;2017816576;2
798.3;2017816576;0
802.2;2017816576;0
802.9;2017816576;0
598.8;2017816576;0
666.9;2017816576;0
708.6;2017816576;2
628.8;2017816576;1
588.9;2017816576;0
588.7;2017816576;0
498.9;2017816576;0
489.0;2017816576;2
439.2;2017816576;0
99.8;2017816576;0
99.8;2017816576;0
99.8;2017816576;0
79.8;2018078720;0
0.0;2018078720;0
59.8;2018078720;4
99.6;2018078720;2
99.8;2018078720;0
99.8;2018078720;0
109.8;2018078720;0
199.6;2018209792;0
662.7;2018603008;1
711.4;2018603008;0
698.7;2018603008;0
698.2;2018603008;0
698.1;2018603008;0
688.3;2204725248;0
697.4;2279174144;0
698.7;2279174144;0
648.9;2279174144;0
598.7;2279174144;0
598.9;2283368448;0
538.8;2283368448;0
598.7;2283368448;0
588.8;2283368448;0
529.1;2283368448;0
409.1;2283368448;0
289.0;2283368448;0
199.6;2283368448;0
199.6;2283368448;0
199.6;2283368448;0
