129.8;448593920;15
189.7;508502016;790
119.8;608247808;914
109.8;646258688;1202
99.8;707076096;1212
129.8;715866112;1446
109.8;715866112;1500
109.8;715866112;1535
99.9;715866112;1525
109.8;715866112;1494
99.8;715866112;1538
99.9;786513920;1154
109.8;889143296;1012
99.9;991510528;1011
109.8;1093877760;1012
89.9;1196638208;1014
99.9;1298219008;1004
109.8;1372012544;1160
99.9;1372012544;1503
99.9;1372012544;1537
99.8;1372012544;1533
89.9;1372012544;1540
99.8;1372012544;1540
99.8;1372012544;1526
99.8;1372012544;1540
89.9;1372012544;1534
89.9;1372012544;1540
99.8;1372012544;1535
99.9;1372012544;1525
99.8;1372012544;1545
99.8;1372012544;1541
99.8;1372012544;1547
99.8;1372012544;1545
99.8;1372012544;1532
109.8;1372143616;1525
109.8;1402159104;905
99.8;1402159104;8
99.9;1402159104;0
99.8;1402159104;0
99.9;1402159104;1
99.8;1402159104;0
149.7;1402933248;2
99.8;1402933248;0
99.8;1402933248;0
99.8;1402933248;0
99.8;1402933248;0
99.9;1403195392;2
99.8;1403195392;0
99.8;1401499648;0
99.8;1401499648;0
99.8;1401499648;0
109.8;1428500480;2
99.9;1428500480;0
99.8;1428500480;0
99.8;1428500480;0
99.8;1428500480;0
99.8;1428500480;2
99.9;1428500480;0
99.8;1428500480;0
99.8;1428500480;0
109.8;1428500480;2
99.8;1428500480;0
99.8;1428500480;0
99.8;1428500480;0
99.8;1428500480;0
109.8;1428500480;2
99.8;1428500480;0
99.8;1428500480;0
99.8;1428500480;0
109.8;1428500480;2
99.8;1428500480;0
99.8;1428500480;0
99.8;1428500480;0
99.8;1428500480;0
109.8;1428500480;1
99.8;1428500480;0
99.8;1428500480;2
99.8;1428500480;0
99.8;1428500480;0
99.8;1428500480;0
109.8;1428500480;2
99.8;1428500480;0
99.8;1428500480;0
99.8;1428500480;0
109.8;1428500480;0
99.8;1428500480;0
99.9;1464807424;2
99.9;1543057408;0
109.8;1634021376;0
99.8;1702965248;0
89.9;1774137344;0
109.8;1862610944;0
89.8;1950691328;0
109.8;2035494912;0
99.8;2109419520;0
99.9;2149396480;0
99.9;2225942528;0
109.8;2315202560;0
99.9;2407477248;0
99.8;2488479744;0
99.9;2488479744;0
99.8;2488479744;0
99.8;2488479744;0
99.8;2488610816;2
99.8;2488610816;0
99.9;2488610816;0
99.8;2488610816;0
99.8;2488610816;0
99.8;2488610816;0
99.8;2488610816;0
99.8;2488610816;0
109.8;2488610816;0
99.8;2488610816;0
99.8;2488610816;0
119.8;2489692160;1
109.8;2490540032;1
99.8;2490540032;0
99.8;2490540032;0
109.8;2490540032;0
99.9;2490540032;0
99.8;2490540032;0
99.9;2490540032;0
99.8;2490540032;0
99.8;2490540032;0
99.8;2490540032;0
195.4;2502860800;4
138.9;2507317248;2
99.8;2507317248;0
99.9;2507317248;0
99.8;2507317248;0
99.8;2507317248;0
99.8;2507448320;0
99.8;2507448320;0
99.9;2507448320;0
99.9;2507448320;0
109.8;2507448320;0
99.9;2507448320;0
99.8;2507448320;0
99.8;2507448320;0
99.8;2507448320;0
99.8;2507448320;0
99.9;2507448320;0
99.9;2507448320;0
99.8;2507448320;0
99.9;2507448320;0
99.8;2507448320;0
99.9;2507448320;0
99.9;2507448320;0
99.8;2507448320;0
99.9;2507448320;0
99.8;2507448320;0
99.8;2507448320;0
99.8;2507448320;0
99.8;2507448320;0
99.8;2507448320;0
99.8;2507448320;0
109.8;2507448320;0
99.8;2507448320;0
99.9;2507448320;0
99.9;2507448320;0
99.8;2507448320;0
99.8;2507448320;0
99.8;2507448320;0
99.8;2507448320;0
99.9;2507448320;0
99.8;2507448320;0
99.8;2507448320;0
99.8;2507448320;0
99.8;2507448320;0
99.8;2507448320;0
99.9;2507448320;0
99.8;2507448320;0
99.8;2507448320;0
99.8;2507448320;0
99.9;2507448320;0
99.8;2507448320;0
99.8;2507448320;0
99.8;2507448320;0
99.9;2507448320;0
99.8;2507448320;0
99.8;2507448320;0
99.8;2507448320;0
99.8;2507448320;0
99.8;2507448320;0
99.8;2507448320;0
99.9;2507448320;0
99.8;2507448320;0
99.9;2507448320;0
109.8;2507448320;0
99.9;2507448320;0
99.8;2507448320;0
99.8;2507448320;0
109.8;2507448320;0
99.8;2507448320;0
99.8;2507448320;0
99.8;2507448320;0
99.9;2507448320;0
99.8;2507448320;0
99.9;2507448320;0
99.8;2507448320;0
99.8;2507448320;0
99.8;2507448320;0
99.9;2507448320;0
99.9;2507448320;0
99.9;2507448320;0
99.9;2507448320;0
99.9;2507448320;0
99.9;2507448320;0
99.8;2507448320;0
99.8;2507448320;0
119.7;2507448320;5
109.8;2507579392;0
99.8;2507579392;0
99.8;2507579392;0
99.8;2507579392;0
109.8;2507579392;1
99.8;2507579392;0
99.8;2507579392;0
99.9;2507579392;0
99.8;2507579392;0
99.8;2507579392;0
99.8;2507579392;0
99.8;2507579392;0
99.9;2507579392;0
99.8;2507579392;0
99.8;2507579392;0
99.8;2507579392;0
99.9;2507579392;0
99.8;2507579392;0
99.8;2507579392;0
99.8;2507579392;0
99.8;2507579392;0
109.8;2507579392;0
99.8;2507579392;0
99.9;2507579392;0
99.8;2507579392;0
99.8;2507579392;0
99.8;2507579392;0
99.9;2507579392;0
99.8;2507579392;0
99.8;2507579392;0
99.8;2507579392;0
99.8;2507579392;0
99.8;2507579392;0
99.8;2507579392;0
109.8;2507579392;0
99.8;2507579392;0
99.8;2507579392;0
99.8;2507579392;0
99.8;2507579392;0
99.8;2507579392;0
99.8;2507579392;0
99.8;2507579392;0
109.8;2507579392;0
99.8;2507579392;0
99.8;2507579392;0
99.8;2507579392;0
99.8;2507579392;0
99.8;2507579392;0
99.8;2507579392;0
99.8;2507579392;0
109.8;2507579392;0
99.8;2507579392;0
99.8;2507579392;0
99.8;2507579392;0
99.8;2507579392;0
99.8;2507579392;0
99.9;2507579392;0
99.8;2507579392;0
99.8;2507579392;0
99.8;2507579392;0
99.8;2507579392;0
99.8;2507579392;0
99.9;2507579392;0
99.9;2507579392;0
109.8;2507579392;0
99.8;2507579392;0
99.8;2507579392;0
99.8;2507579392;0
99.8;2507579392;0
99.9;2507579392;0
99.9;2507579392;0
99.8;2507579392;0
99.9;2507579392;0
99.8;2507579392;0
99.9;2507579392;0
99.8;2507579392;0
99.9;2507579392;0
99.8;2507579392;0
99.8;2507579392;0
99.8;2507579392;0
99.8;2507579392;0
99.8;2507579392;0
99.8;2507579392;0
99.9;2507579392;0
99.9;2507579392;0
119.8;2507579392;3
99.8;2507579392;2
99.8;2507579392;0
99.8;2507579392;0
