139.4;449904640;21
169.5;520290304;906
109.8;621346816;928
109.8;662241280;1233
109.9;709689344;1260
119.8;714690560;1491
119.8;714690560;1509
99.9;714690560;1543
99.8;714690560;1527
99.8;714690560;1506
99.8;714690560;1547
89.9;805654528;1054
109.8;908808192;1018
99.9;1011568640;1015
99.9;1114460160;1016
99.9;1216696320;1010
99.9;1319194624;1012
89.9;1404522496;1106
109.8;1404522496;1504
99.8;1404522496;1553
99.8;1404522496;1546
89.9;1404522496;1542
89.9;1404522496;1550
99.8;1404653568;1526
109.8;1404653568;1537
99.9;1404653568;1547
99.8;1404653568;1540
99.9;1404653568;1553
99.9;1404653568;1536
99.8;1404653568;1535
109.8;1404653568;1547
99.8;1404653568;1552
99.8;1404653568;1551
99.9;1404653568;1547
99.8;1404653568;1526
109.7;1434669056;637
109.8;1434669056;8
99.8;1434669056;0
99.9;1434669056;0
99.8;1434669056;0
99.8;1434669056;2
189.7;1438613504;3
99.8;1438613504;0
99.9;1438613504;0
99.8;1438613504;0
99.8;1438613504;0
99.8;1438613504;0
99.8;1438744576;2
99.8;1435742208;0
99.8;1435742208;0
99.9;1435742208;0
99.8;1435742208;0
99.9;1435742208;0
119.8;1450684416;2
99.8;1450684416;0
99.8;1450684416;0
99.8;1450684416;0
99.8;1450684416;0
99.8;1450684416;2
99.8;1450684416;0
99.8;1450684416;0
99.8;1450684416;0
99.8;1450684416;0
109.8;1450684416;2
99.8;1450684416;0
99.8;1450684416;0
99.8;1450684416;0
99.8;1450684416;0
99.8;1450684416;2
99.8;1450684416;0
99.8;1450684416;0
99.8;1450684416;0
99.8;1450684416;0
109.8;1450684416;2
99.8;1450684416;0
99.8;1450815488;0
109.8;1450815488;0
99.8;1450815488;1
99.8;1450815488;0
99.8;1450815488;0
99.8;1450815488;0
99.9;1450815488;2
99.9;1450815488;0
99.8;1450815488;0
99.9;1450815488;0
99.8;1450815488;0
99.8;1450815488;0
119.8;1450815488;2
99.8;1450815488;0
99.9;1450815488;0
99.8;1450815488;0
109.8;1470214144;2
99.8;1553707008;0
99.9;1628811264;0
99.9;1719119872;0
109.8;1803923456;0
99.9;1898295296;0
89.9;1917169664;0
109.8;2002366464;0
99.9;2084810752;0
99.9;2177871872;0
99.8;2266214400;0
109.8;2309074944;0
99.9;2361634816;0
99.9;2451943424;0
99.9;2543169536;0
99.8;2635444224;0
99.8;2723393536;0
99.8;2772021248;0
109.8;2834673664;0
99.8;2834673664;0
99.8;2834673664;0
99.8;2834804736;2
109.8;2834804736;0
99.8;2834804736;0
99.9;2834804736;0
99.8;2834804736;0
99.9;2834804736;0
109.8;2834804736;1
99.9;2834804736;0
99.8;2834804736;0
119.8;2836115456;1
99.8;2836115456;0
99.8;2836115456;0
99.9;2836115456;0
99.8;2836115456;0
99.9;2836115456;0
99.8;2836115456;0
99.8;2836115456;2
109.8;2836639744;5
128.7;2824138752;2
99.8;2824138752;0
99.8;2824138752;0
99.8;2824138752;0
99.9;2824138752;0
99.8;2824138752;0
99.8;2824138752;0
99.8;2824138752;0
99.8;2824138752;0
99.9;2824138752;0
99.8;2824138752;0
99.8;2824138752;0
99.8;2824138752;0
99.8;2824138752;0
99.8;2824138752;0
99.8;2824138752;0
99.8;2824138752;0
99.9;2824138752;0
99.8;2824138752;0
99.8;2824138752;0
99.9;2824138752;2
99.8;2824138752;0
99.8;2824138752;0
99.8;2824138752;0
99.8;2824138752;0
99.8;2824138752;0
99.8;2824138752;0
99.8;2824138752;0
99.8;2824138752;0
99.8;2824138752;0
99.8;2824138752;0
99.8;2824138752;0
99.8;2824138752;0
99.8;2824138752;0
99.8;2824138752;0
99.8;2824138752;0
99.8;2824138752;0
99.8;2824138752;0
99.8;2824138752;0
109.8;2824138752;0
99.8;2824138752;0
99.8;2824138752;0
99.8;2824138752;0
99.8;2824138752;0
99.8;2824138752;0
99.8;2824138752;0
99.8;2824138752;0
99.8;2824138752;0
99.8;2824138752;0
99.8;2824138752;0
99.8;2824138752;0
99.8;2824138752;0
99.8;2824138752;0
99.8;2824138752;0
99.8;2824138752;0
99.8;2824138752;0
99.9;2824138752;0
99.9;2824138752;0
99.8;2824138752;0
99.8;2824138752;0
99.8;2824138752;0
99.8;2824138752;0
99.8;2824138752;0
99.8;2824138752;0
99.8;2824138752;0
99.8;2824138752;0
99.8;2824138752;0
99.8;2824138752;0
99.8;2824138752;0
99.8;2824138752;0
99.8;2824138752;0
99.8;2824138752;0
99.8;2824138752;0
99.9;2824138752;0
99.8;2824138752;0
99.8;2824138752;0
99.9;2824138752;0
99.8;2824138752;0
99.9;2824138752;0
99.9;2824138752;0
99.9;2824138752;0
99.8;2824138752;0
99.9;2824138752;0
99.9;2824138752;0
99.9;2824138752;0
99.9;2824138752;0
139.8;2824118272;5
99.8;2824118272;0
99.9;2824118272;0
99.8;2824118272;0
99.8;2824118272;0
99.8;2824118272;1
99.8;2824118272;0
99.8;2824118272;0
99.8;2824118272;0
99.8;2824118272;0
99.9;2824118272;0
99.8;2824118272;0
99.9;2824118272;0
99.9;2824118272;0
99.8;2824118272;0
99.8;2824118272;0
99.8;2824118272;0
99.8;2824118272;0
99.9;2824118272;0
99.9;2824118272;0
99.8;2824118272;0
99.9;2824118272;0
99.9;2824118272;0
99.8;2824118272;0
99.9;2824118272;0
99.8;2824118272;0
99.8;2824118272;0
99.8;2824118272;0
99.8;2824118272;0
99.8;2824118272;0
99.8;2824118272;0
99.8;2824118272;0
99.8;2824118272;0
99.8;2824118272;0
99.8;2824118272;0
99.8;2824118272;0
99.8;2824118272;0
99.8;2824118272;0
99.8;2824118272;0
99.8;2824118272;0
99.8;2824118272;0
99.8;2824118272;0
99.8;2824118272;0
99.8;2824118272;0
99.8;2824118272;0
99.8;2824118272;0
99.9;2824118272;0
99.8;2824118272;0
99.8;2824118272;0
99.8;2824118272;0
99.8;2824118272;0
99.8;2824118272;0
99.8;2824118272;0
109.8;2824118272;0
99.9;2824118272;0
99.8;2824118272;0
99.8;2824118272;0
99.9;2824118272;0
99.8;2824118272;0
99.8;2824118272;0
99.9;2824118272;0
109.8;2824118272;0
99.8;2824118272;0
99.8;2824118272;0
99.8;2824118272;0
99.8;2824118272;0
99.8;2824118272;0
99.8;2824118272;0
99.8;2824118272;0
99.9;2824118272;0
99.8;2824118272;0
99.9;2824118272;0
99.9;2824118272;0
99.9;2824118272;0
99.9;2824118272;0
99.8;2824118272;0
99.8;2824118272;0
99.8;2824118272;0
99.8;2824118272;0
99.8;2824118272;0
99.8;2824118272;0
99.8;2824118272;0
99.8;2824118272;0
99.8;2824118272;0
