0.0;10502144;0
0.0;10502144;0
0.0;10502144;0
0.0;10502144;0
66.5;11694080;0
100.3;12038144;0
100.3;13340672;0
33.2;12558336;0
84.0;13770752;0
99.4;14041088;0
100.3;16166912;0
99.7;14684160;0
100.8;16707584;0
99.4;17113088;0
100.8;17403904;0
99.7;17809408;0
83.1;18219008;0
99.4;18485248;0
100.8;18755584;0
99.7;19234816;0
100.3;19505152;0
100.3;19910656;0
113.6;20217856;0
99.7;20619264;0
99.7;20889600;0
84.0;21254144;0
99.4;21524480;0
100.3;21929984;0
99.7;22188032;0
99.7;22593536;0
99.7;22863872;0
86.0;23281664;0
99.7;23552000;0
99.7;23957504;0
100.8;24256512;0
99.4;24662016;0
100.3;25079808;0
99.7;25354240;0
100.8;25624576;0
116.4;25251840;176
200.7;25448448;819
200.7;25718784;812
166.2;24903680;748
33.2;25595904;0
100.3;25595904;0
100.3;26001408;0
42.6;26120192;0
86.0;25554944;0
99.7;25690112;0
99.7;25960448;0
16.6;26083328;0
116.4;25587712;0
100.3;25858048;0
99.4;26116096;0
100.3;25407488;0
99.7;25534464;0
99.7;31944704;0
56.8;36077568;114
28.7;36073472;0
28.7;36069376;0
42.6;36069376;0
33.6;36048896;0
49.9;36048896;0
33.2;36253696;0
33.2;36524032;0
49.9;36667392;0
33.6;37072896;0
49.9;37203968;0
33.2;37609472;0
33.6;37691392;0
71.7;37830656;0
42.6;38031360;0
57.3;38166528;0
28.4;32735232;0
33.6;34770944;0
99.7;32874496;0
99.7;34975744;0
100.8;35246080;0
28.4;36065280;0
86.0;36077568;0
99.4;37564416;0
100.8;37818368;0
99.7;37916672;0
99.7;37916672;0
100.3;38256640;0
99.4;38256640;0
100.3;38256640;0
83.1;38539264;0
100.8;38539264;0
99.7;38535168;0
100.3;38780928;0
100.3;38780928;0
99.7;38772736;0
116.4;39174144;0
99.7;39174144;0
100.8;39170048;0
28.4;39284736;0
99.7;39325696;0
100.3;39325696;0
85.2;38592512;0
28.7;39473152;0
99.7;39473152;0
100.8;39473152;0
66.5;39587840;0
33.2;39743488;0
86.0;39743488;0
99.7;39743488;0
49.9;39727104;0
66.5;39899136;0
99.7;39899136;0
100.8;39899136;0
99.7;39899136;0
99.7;39899136;0
114.7;39899136;0
99.4;39899136;0
100.3;39899136;0
71.0;39882752;0
57.3;39899136;0
99.7;39899136;0
99.7;39899136;0
84.0;39899136;0
99.7;39899136;0
99.7;39899136;0
33.2;39882752;0
83.1;39895040;0
100.8;39895040;0
99.7;40034304;0
99.7;40034304;0
100.3;40034304;0
99.4;39161856;0
99.7;39161856;0
99.7;39161856;0
117.6;35557376;0
66.5;37801984;0
99.7;37801984;0
100.8;37801984;0
66.5;38031360;0
100.3;38031360;0
99.4;38031360;0
14.3;38019072;0
33.6;37249024;0
83.1;38150144;0
99.7;38150144;0
84.0;38137856;0
33.2;38162432;0
66.5;38170624;0
99.7;38170624;0
99.7;38170624;0
43.0;38207488;0
71.0;38219776;0
100.3;38219776;0
100.3;38219776;0
14.2;38207488;0
66.5;38223872;0
99.7;38223872;0
99.7;38223872;0
100.8;38207488;0
66.5;38219776;0
99.7;38219776;0
100.8;38219776;0
33.2;38207488;0
85.2;38227968;0
100.3;38227968;0
113.6;37347328;0
100.8;38227968;0
100.3;38227968;0
83.1;38494208;0
33.6;38490112;0
100.3;38490112;0
99.7;38490112;0
49.9;38477824;0
85.2;38490112;0
100.3;38490112;0
100.3;38490112;0
14.2;38477824;0
71.7;36597760;0
117.6;36868096;0
99.7;36868096;0
133.0;38043648;0
99.7;38043648;0
99.7;38043648;0
50.4;38055936;0
71.0;38187008;0
100.3;38187008;0
100.3;38187008;0
85.2;38203392;0
100.3;38203392;0
99.4;38187008;0
100.3;38354944;0
100.3;38354944;0
113.6;38354944;0
28.7;38518784;0
100.8;38518784;0
99.7;38518784;0
99.7;38518784;0
99.7;38518784;0
99.7;38518784;0
16.8;38502400;0
100.3;38518784;0
99.4;38518784;0
114.7;38514688;0
28.7;38551552;0
66.5;38539264;0
43.0;38567936;0
71.0;38584320;0
100.3;38584320;0
100.8;38584320;0
99.4;38584320;0
100.3;38584320;0
100.3;38584320;0
99.4;38584320;0
99.7;38584320;0
113.6;38580224;0
99.7;38580224;0
100.8;38580224;0
85.2;37982208;0
99.7;37982208;0
100.8;37982208;0
83.1;36405248;0
83.1;38473728;0
99.7;38473728;0
99.7;38473728;0
0.0;38563840;0
100.3;38563840;0
99.4;38563840;0
57.3;38547456;0
57.3;38711296;0
56.8;38813696;0
100.3;38813696;0
99.4;38813696;0
28.7;38801408;0
100.8;38871040;0
99.7;38871040;0
85.2;38858752;0
57.3;38871040;0
43.0;38875136;0
66.5;38875136;0
99.7;38875136;0
99.7;38875136;0
16.6;38858752;0
33.6;38862848;0
33.6;38875136;0
16.6;38875136;0
99.7;38875136;0
100.8;38875136;0
49.9;38862848;0
85.2;38879232;0
99.7;38879232;0
99.7;38879232;0
0.0;38862848;0
100.3;38879232;0
100.3;38879232;0
66.5;38862848;0
49.9;38862848;0
86.0;38879232;0
100.3;38879232;0
99.7;38879232;0
0.0;38862848;0
43.0;38879232;0
99.7;38879232;0
99.7;38879232;0
57.3;38862848;0
33.6;38264832;0
99.7;37036032;0
33.2;39952384;0
33.2;39882752;0
100.3;40226816;0
100.3;40226816;0
66.5;40214528;0
33.2;40353792;0
49.9;40390656;0
66.5;40394752;0
33.6;40415232;0
100.8;40460288;0
99.7;40460288;0
83.1;40448000;0
50.4;40460288;0
99.7;40460288;0
99.4;40460288;0
43.0;40448000;0
33.2;40448000;0
16.6;40296448;0
71.0;40460288;0
99.4;40460288;0
100.3;40460288;0
43.0;40448000;0
83.1;40464384;0
99.7;40464384;0
100.8;40464384;0
14.3;40464384;0
99.7;40464384;0
99.7;40464384;0
57.3;40448000;0
16.6;40448000;0
83.1;40460288;0
100.8;40460288;0
42.6;40448000;0
33.2;40448000;0
16.6;34926592;0
43.0;38764544;0
