0.0;10510336;0
0.0;10510336;0
0.0;10510336;0
0.0;10510336;0
0.0;10510336;0
67.2;12566528;0
99.4;12066816;0
100.3;13352960;0
49.9;12660736;0
16.8;13619200;0
0.0;13619200;0
33.2;15446016;0
0.0;15446016;0
33.2;16400384;0
14.3;16683008;0
28.4;17346560;0
33.2;17428480;0
0.0;17428480;0
42.6;18460672;0
100.8;18866176;0
99.7;20328448;0
33.2;19468288;0
42.6;21291008;0
0.0;21291008;0
28.7;22241280;0
0.0;22241280;0
84.0;22532096;0
99.7;22937600;0
99.7;22757376;107
113.6;23322624;797
100.3;24797184;807
99.7;27361280;818
16.6;23875584;26
33.6;25546752;0
66.5;22867968;0
33.2;23015424;0
0.0;21856256;0
83.1;31604736;114
0.0;31571968;0
33.2;31711232;0
0.0;31711232;0
71.7;33746944;0
99.4;33738752;0
99.7;34140160;0
16.6;34123776;0
50.4;34148352;0
33.2;31723520;0
99.7;34013184;0
100.8;34652160;0
99.4;34639872;0
28.7;35631104;0
99.4;35631104;0
100.3;36556800;0
83.1;36540416;0
33.2;36548608;0
50.4;32489472;0
42.6;34828288;0
100.3;34828288;0
99.4;35971072;0
33.6;36093952;0
83.1;36110336;0
99.7;36110336;0
100.8;36241408;0
14.2;36229120;0
99.7;36270080;0
99.4;36265984;0
86.0;36249600;0
16.6;36265984;0
99.4;36265984;0
100.8;36265984;0
66.5;36470784;0
49.9;36663296;0
66.5;36687872;0
100.3;36687872;0
100.3;36679680;0
33.2;36663296;0
84.0;36683776;0
99.7;36687872;0
99.7;36683776;0
0.0;36306944;0
57.3;36835328;0
28.7;36970496;0
99.4;36970496;0
100.3;36966400;0
71.7;37089280;0
33.2;36229120;0
99.7;36229120;0
99.7;36360192;0
57.3;36478976;0
85.2;35491840;0
84.0;37531648;0
99.7;37531648;0
99.7;37662720;0
28.4;37785600;0
99.7;37941248;0
100.8;37941248;0
99.4;38076416;0
28.7;38080512;0
100.3;38195200;0
99.7;38195200;0
83.1;37904384;0
33.2;38793216;0
100.3;38793216;0
99.4;38789120;0
67.2;38907904;0
49.9;39243776;0
99.4;39243776;0
100.3;39374848;0
33.2;39354368;0
114.7;39735296;0
99.7;39743488;0
99.7;39739392;0
33.6;39772160;0
33.2;39768064;0
99.7;39768064;0
99.7;39768064;0
71.7;39747584;0
43.0;40034304;0
99.4;40034304;0
100.8;40034304;0
33.2;40013824;0
49.9;40030208;0
33.2;40026112;0
116.4;40042496;0
100.8;40042496;0
99.7;40042496;0
16.6;40042496;0
100.3;40042496;0
99.4;40042496;0
83.1;40026112;0
33.2;40038400;0
100.8;40038400;0
99.7;40038400;0
49.9;40026112;0
28.7;40026112;0
50.4;40026112;0
99.7;40050688;0
99.7;40050688;0
99.4;40034304;0
14.3;40046592;0
33.6;39350272;0
66.5;46350336;0
100.3;36417536;0
100.3;36417536;0
56.8;35651584;0
28.7;37695488;0
49.9;37851136;0
83.1;38027264;0
100.8;38027264;0
99.7;38027264;0
33.2;38023168;0
33.6;38035456;0
100.3;38035456;0
99.4;38035456;0
66.5;38019072;0
33.2;38019072;0
67.2;38039552;0
99.7;38039552;0
99.7;38039552;0
16.8;38027264;0
33.2;38027264;0
99.4;38043648;0
99.7;38043648;0
83.1;38027264;0
33.6;38043648;0
33.2;38043648;0
99.4;38043648;0
100.3;38043648;0
49.9;38027264;0
83.1;38043648;0
99.7;38043648;0
99.7;38043648;0
28.7;38043648;0
43.0;38039552;0
99.4;38039552;0
100.3;38039552;0
71.7;38027264;0
71.0;38043648;0
100.3;38043648;0
99.4;38043648;0
28.7;38027264;0
67.2;38027264;0
16.6;37158912;0
99.4;37445632;0
100.3;37445632;0
71.7;37433344;0
85.2;37220352;0
100.3;37220352;0
99.7;37220352;0
67.2;38453248;0
66.5;38555648;0
99.7;38555648;0
100.8;38555648;0
16.6;38539264;0
71.0;38633472;0
99.7;38633472;0
99.7;38633472;0
66.5;38617088;0
67.2;38674432;0
49.9;38780928;0
99.7;38780928;0
100.8;38780928;0
33.2;38764544;0
28.4;38801408;0
33.2;38813696;0
100.3;38813696;0
99.4;38813696;0
57.3;38801408;0
71.7;38813696;0
99.4;38813696;0
100.3;38813696;0
16.8;38801408;0
33.2;38801408;0
33.2;38813696;0
66.5;38817792;0
28.7;38801408;0
71.0;38817792;0
100.3;38817792;0
100.3;38817792;0
28.4;38801408;0
113.6;38813696;0
100.3;38813696;0
86.0;38801408;0
33.2;38817792;0
99.7;38817792;0
100.3;38817792;0
42.6;38801408;0
83.1;37933056;0
100.8;37933056;0
99.7;37933056;0
0.0;40386560;0
114.7;37380096;0
100.3;37380096;0
113.6;38551552;0
100.3;38551552;0
99.4;38551552;0
33.2;38539264;0
100.3;38567936;0
100.3;38567936;0
99.4;38567936;0
14.3;38744064;0
100.8;38744064;0
99.7;38744064;0
49.9;38727680;0
28.7;38727680;0
66.5;38879232;0
83.1;38891520;0
100.8;38891520;0
99.7;38891520;0
0.0;38981632;0
100.3;38981632;0
100.3;38981632;0
49.9;38969344;0
16.6;38969344;0
33.2;39047168;0
66.5;39063552;0
100.8;39063552;0
100.3;39063552;0
14.2;39059456;0
99.4;39059456;0
100.3;39059456;0
57.3;39047168;0
33.2;39174144;0
66.5;39186432;0
99.7;39186432;0
99.7;39186432;0
16.8;38305792;0
33.6;39297024;0
67.2;39292928;0
42.6;39292928;0
99.7;39292928;0
100.8;39292928;0
16.6;39317504;0
33.2;38739968;0
71.0;41701376;0
99.7;37269504;0
99.7;37269504;0
99.7;38502400;0
50.4;38522880;0
100.3;38522880;0
99.4;38522880;0
28.7;38506496;0
100.8;38580224;0
99.7;38580224;0
99.7;38563840;0
49.9;38580224;0
99.4;38580224;0
100.3;38580224;0
33.6;38563840;0
134.4;38608896;0
99.7;38608896;0
99.4;38608896;0
28.7;38658048;0
100.8;38658048;0
99.7;38658048;0
66.5;38645760;0
100.3;38731776;0
99.4;38731776;0
116.4;38731776;0
100.8;38731776;0
