0.0;10502144;0
0.0;10502144;0
0.0;10502144;0
0.0;10502144;0
0.0;10502144;0
57.3;11694080;0
100.3;12038144;0
99.7;13320192;0
16.6;13447168;0
83.1;14565376;0
100.3;14557184;0
99.7;16310272;0
100.8;14696448;0
99.7;16982016;0
100.3;17235968;0
0.0;17350656;0
84.0;17682432;0
99.7;17952768;0
83.1;18206720;0
28.7;18358272;0
99.4;18628608;0
99.7;19042304;0
99.7;19283968;0
100.3;19689472;0
99.4;19959808;0
84.0;20979712;0
99.7;20971520;0
99.7;21237760;0
99.4;21323776;0
100.8;21729280;0
99.7;21999616;0
114.7;22491136;0
100.3;22761472;0
99.7;23150592;0
99.7;23506944;0
100.3;23912448;0
100.3;24215552;0
99.7;24522752;0
113.6;25055232;0
99.7;25440256;0
99.7;25845760;0
134.4;25395200;321
198.9;25591808;789
200.7;25948160;853
133.0;26034176;592
16.6;26038272;0
28.4;26009600;0
14.3;26050560;0
49.9;23605248;0
49.9;35725312;114
33.6;35786752;0
83.1;35815424;0
99.7;35815424;0
99.4;35807232;0
57.3;35794944;0
57.3;35823616;0
99.4;35819520;0
100.8;35811328;0
16.6;35794944;0
33.2;35864576;0
49.9;35930112;0
33.2;36216832;0
100.8;36216832;0
99.7;36212736;0
83.1;36405248;0
33.6;36552704;0
42.6;36757504;0
43.0;36892672;0
99.7;36892672;0
100.3;36888576;0
43.0;36945920;0
99.4;37027840;0
100.8;37027840;0
99.7;37097472;0
0.0;37089280;0
33.2;37498880;0
42.6;37769216;0
43.0;37769216;0
100.3;37769216;0
99.4;37765120;0
67.2;37752832;0
66.5;37752832;0
49.9;37752832;0
83.1;36888576;0
99.7;36884480;0
100.3;36880384;0
14.2;36868096;0
86.0;35446784;0
67.2;38211584;0
99.7;38211584;0
99.7;38211584;0
66.5;38326272;0
66.5;38752256;0
100.3;38752256;0
99.4;38748160;0
43.0;38866944;0
28.7;39419904;0
56.8;39526400;0
100.3;39657472;0
99.7;39653376;0
0.0;38912000;0
43.0;40935424;0
56.8;40951808;0
33.2;41086976;0
57.3;41091072;0
99.4;41091072;0
86.0;41091072;0
42.6;41074688;0
28.7;41070592;0
57.3;41103360;0
42.6;41103360;0
99.7;41119744;0
100.3;41119744;0
99.4;41103360;0
43.0;41119744;0
16.6;41119744;0
33.6;41115648;0
33.2;41115648;0
99.7;41115648;0
100.8;41115648;0
33.2;41103360;0
83.1;40255488;0
99.7;40255488;0
99.7;40255488;0
0.0;40419328;0
57.3;37666816;0
42.6;37720064;0
100.3;37720064;0
100.3;37720064;0
56.8;37707776;0
66.5;37863424;0
33.2;37863424;0
67.2;37965824;0
99.7;37965824;0
100.3;37965824;0
28.7;37949440;0
99.7;37969920;0
99.7;37969920;0
99.7;37957632;0
16.6;37978112;0
33.6;37974016;0
33.2;37974016;0
99.7;37974016;0
100.3;37974016;0
42.6;37961728;0
99.7;37974016;0
99.7;37974016;0
99.7;37974016;0
0.0;37961728;0
33.2;37974016;0
56.8;37974016;0
33.2;37974016;0
100.8;37974016;0
99.7;37974016;0
43.0;37961728;0
49.9;37961728;0
33.2;37961728;0
33.6;37961728;0
100.3;37978112;0
99.4;37978112;0
86.0;37961728;0
28.7;37388288;0
85.2;35835904;0
33.2;37941248;0
99.7;37941248;0
100.8;37941248;0
49.9;37924864;0
14.2;39055360;0
33.2;39231488;0
43.0;39424000;0
50.4;39546880;0
28.4;39559168;0
57.3;39555072;0
99.7;39555072;0
99.7;39555072;0
33.6;39542784;0
83.1;39563264;0
99.7;39563264;0
100.8;39563264;0
16.6;39579648;0
56.8;39575552;0
99.7;39575552;0
99.7;39575552;0
66.5;39563264;0
57.3;39575552;0
14.2;39575552;0
43.0;39575552;0
43.0;39575552;0
116.4;39591936;0
99.7;39591936;0
99.7;39575552;0
16.6;39591936;0
50.4;38993920;0
100.3;46444544;0
99.4;37289984;0
100.3;37289984;0
43.0;37277696;0
83.1;38486016;0
99.7;38486016;0
99.7;38486016;0
0.0;38641664;0
50.4;38731776;0
100.8;38731776;0
99.7;38731776;0
66.5;38719488;0
86.0;38785024;0
100.3;38785024;0
99.4;38785024;0
14.3;38772736;0
16.6;38875136;0
99.7;38875136;0
100.8;38875136;0
99.7;38883328;0
99.7;38883328;0
100.8;38883328;0
33.2;38866944;0
71.0;38879232;0
100.3;38879232;0
99.4;38879232;0
14.3;37998592;0
33.6;38879232;0
100.3;38879232;0
99.4;38879232;0
43.0;38866944;0
14.3;38866944;0
50.4;38871040;0
100.3;38883328;0
99.4;38883328;0
66.5;38871040;0
43.0;38883328;0
99.4;38883328;0
100.3;38883328;0
28.7;38871040;0
66.5;38871040;0
42.6;38801408;0
33.2;38887424;0
33.6;38285312;0
100.3;38285312;0
99.4;38285312;0
43.0;38273024;0
149.6;37339136;0
99.4;37339136;0
100.3;37339136;0
28.7;38420480;0
33.2;38608896;0
99.7;38608896;0
100.3;38608896;0
50.4;38592512;0
66.5;38694912;0
99.7;38694912;0
99.7;38694912;0
33.2;37941248;0
99.7;38862848;0
100.3;38862848;0
71.7;38850560;0
71.0;38875136;0
100.3;38875136;0
100.8;38875136;0
16.6;38858752;0
56.8;39002112;0
42.6;39002112;0
99.7;39002112;0
99.7;39002112;0
42.6;38989824;0
71.7;39006208;0
100.3;39006208;0
99.7;39006208;0
0.0;38662144;0
100.3;39002112;0
100.3;38973440;0
99.7;38977536;0
99.7;38977536;0
99.7;38977536;0
28.4;38961152;0
99.7;38977536;0
100.8;38977536;0
99.7;38961152;0
16.6;38973440;0
99.7;38973440;0
100.8;38973440;0
43.0;38961152;0
71.0;38973440;0
99.7;38973440;0
99.7;38973440;0
99.7;38973440;0
100.8;38973440;0
57.3;38977536;0
99.4;38977536;0
99.7;38977536;0
100.8;38977536;0
99.7;38977536;0
66.5;38961152;0
114.7;38973440;0
99.4;38973440;0
86.0;38961152;0
43.0;38977536;0
99.7;38977536;0
99.7;38977536;0
100.3;38977536;0
100.3;38977536;0
