0.0;10522624;0
0.0;10522624;0
0.0;10522624;0
0.0;10522624;0
0.0;10522624;0
71.0;11763712;0
99.7;12189696;0
99.7;13369344;0
16.8;12582912;0
85.2;13758464;0
100.8;14028800;0
99.7;16269312;0
100.3;14708736;0
99.4;16998400;0
100.8;17371136;0
99.7;17702912;0
100.3;17973248;0
99.7;18350080;0
99.7;18620416;0
99.7;19034112;0
86.0;19333120;0
99.7;19738624;0
99.7;20008960;0
100.8;21008384;0
99.4;21139456;0
100.3;21270528;0
116.4;21352448;0
100.8;21757952;0
99.4;22028288;0
100.3;22523904;0
99.7;22794240;0
99.7;23199744;0
99.7;23388160;0
100.3;23793664;0
86.0;22646784;0
99.7;24424448;0
100.8;24829952;0
85.2;25088000;0
99.7;25477120;0
100.8;25743360;0
113.6;25309184;294
201.6;25505792;813
199.5;25911296;799
143.3;24936448;649
42.6;25554944;0
100.8;25554944;0
99.7;25886720;0
49.9;26005504;0
100.8;25579520;0
99.4;25714688;0
100.3;26099712;0
16.6;26083328;0
114.7;25608192;0
99.7;25878528;0
99.7;25505792;0
86.0;25505792;0
99.4;25608192;0
83.1;23592960;0
66.5;33427456;0
50.4;35332096;114
99.7;35323904;0
100.3;35606528;0
71.7;35983360;0
49.9;36024320;0
99.7;36024320;0
99.7;36016128;0
71.7;35995648;0
71.0;36024320;0
100.8;36020224;0
99.7;36081664;0
49.9;36130816;0
49.9;36343808;0
99.7;36417536;0
100.8;36413440;0
83.1;36470784;0
43.0;36876288;0
100.3;36876288;0
99.7;36864000;0
116.4;36929536;0
99.7;36925440;0
100.8;36917248;0
83.1;36917248;0
100.3;36917248;0
100.3;37101568;0
116.4;37187584;0
99.7;37236736;0
99.7;37576704;0
16.8;37761024;0
99.4;37875712;0
100.3;37871616;0
99.7;38031360;0
16.6;38117376;0
99.7;38117376;0
99.7;38113280;0
100.8;38137856;0
14.2;38137856;0
57.3;38166528;0
100.3;38162432;0
99.7;38162432;0
83.1;37388288;0
99.7;37384192;0
100.8;37384192;0
127.8;36904960;0
100.3;36904960;0
86.0;35368960;0
99.4;37257216;0
99.7;37257216;0
99.7;37994496;0
100.8;37994496;0
99.7;38129664;0
133.0;38354944;0
100.3;38354944;0
99.4;38354944;0
86.0;38391808;0
99.4;38391808;0
100.3;38526976;0
99.7;38453248;0
99.7;38457344;0
100.8;38723584;0
99.7;39067648;0
100.3;39067648;0
99.4;39497728;0
100.3;39497728;0
99.7;39497728;0
116.4;39546880;0
100.8;39546880;0
99.7;39546880;0
66.5;39788544;0
66.5;40013824;0
100.3;40013824;0
100.3;40022016;0
85.2;40026112;0
100.3;40026112;0
100.3;40022016;0
33.2;40136704;0
100.3;40153088;0
99.4;40153088;0
100.3;40148992;0
100.3;40148992;0
99.4;40148992;0
100.3;40153088;0
99.7;40153088;0
99.7;40153088;0
33.2;40181760;0
33.2;40181760;0
114.7;40194048;0
100.3;40194048;0
83.1;39325696;0
100.8;39325696;0
99.7;39325696;0
149.6;35811328;0
16.6;37982208;0
66.5;38223872;0
100.8;38223872;0
99.7;38223872;0
33.2;38211584;0
84.0;38236160;0
99.7;38236160;0
99.7;38236160;0
0.0;38264832;0
99.4;38264832;0
100.3;38264832;0
71.7;38248448;0
42.6;38277120;0
100.3;38277120;0
100.3;38277120;0
28.4;38260736;0
116.4;38330368;0
99.7;38330368;0
100.3;38330368;0
28.7;38342656;0
99.7;38342656;0
99.7;38342656;0
67.2;38326272;0
49.9;38330368;0
28.7;38330368;0
56.8;38346752;0
100.3;38346752;0
100.3;38346752;0
28.4;38330368;0
33.2;38330368;0
100.3;38342656;0
100.3;38342656;0
71.0;38330368;0
43.0;38342656;0
99.4;38342656;0
100.3;38342656;0
43.0;38330368;0
83.1;38346752;0
99.7;38346752;0
100.8;38346752;0
0.0;38871040;0
99.4;38871040;0
100.3;38871040;0
71.0;38854656;0
43.0;38944768;0
86.0;38944768;0
99.7;38944768;0
43.0;38928384;0
117.6;39034880;0
99.7;39034880;0
85.2;39018496;0
28.7;39030784;0
99.4;39030784;0
100.3;39030784;0
57.3;39018496;0
42.6;38146048;0
133.0;37396480;0
100.8;37396480;0
99.7;37396480;0
0.0;37384192;0
49.9;39702528;0
43.0;39759872;0
56.8;39833600;0
100.3;39833600;0
100.3;39833600;0
42.6;39817216;0
83.1;39878656;0
100.3;39878656;0
100.3;39878656;0
14.2;39895040;0
66.5;39936000;0
100.3;39936000;0
99.4;39936000;0
100.3;39940096;0
100.3;39940096;0
99.4;39940096;0
0.0;39923712;0
71.7;39936000;0
33.6;39936000;0
99.7;39936000;0
99.7;39936000;0
66.5;39923712;0
83.1;39936000;0
100.3;39936000;0
99.7;39936000;0
14.2;39923712;0
99.7;39936000;0
100.8;39936000;0
86.0;39923712;0
42.6;39936000;0
43.0;39940096;0
99.4;39940096;0
100.3;39940096;0
16.8;39923712;0
43.0;39923712;0
49.9;39936000;0
42.6;39063552;0
100.3;39063552;0
100.3;39063552;0
49.9;39051264;0
99.7;37212160;0
99.7;37212160;0
99.7;37212160;0
14.3;37199872;0
67.2;38473728;0
100.3;38473728;0
99.7;38473728;0
49.9;38457344;0
28.7;38469632;0
86.0;38481920;0
100.3;38481920;0
85.2;38469632;0
43.0;38490112;0
33.2;38494208;0
99.7;38494208;0
100.3;38494208;0
43.0;38481920;0
16.6;38600704;0
33.2;38612992;0
42.6;38572032;0
99.7;38592512;0
100.8;38592512;0
49.9;38580224;0
66.5;38592512;0
49.9;38592512;0
99.4;38592512;0
99.7;38592512;0
50.4;38580224;0
33.2;38580224;0
99.7;38596608;0
99.7;38596608;0
100.8;38580224;0
43.0;38580224;0
42.6;37982208;0
83.1;36569088;0
33.2;38674432;0
33.2;38764544;0
86.0;38834176;0
100.8;38834176;0
99.7;38821888;0
16.6;38854656;0
66.5;38912000;0
100.8;38912000;0
100.3;38912000;0
28.4;38985728;0
49.9;38993920;0
49.9;39112704;0
99.7;39112704;0
99.7;39112704;0
