0.0;10518528;0
0.0;10518528;0
0.0;10518528;0
0.0;10518528;0
0.0;10518528;0
42.6;11616256;0
100.8;11976704;0
99.7;13336576;0
83.1;13475840;0
99.7;14172160;0
100.3;14364672;0
116.4;14684160;0
99.7;14954496;0
100.3;17121280;0
99.4;15626240;0
99.7;17825792;0
83.1;18083840;0
86.0;18493440;0
99.4;18763776;0
84.0;19316736;0
99.7;19447808;0
100.3;19853312;0
99.4;20262912;0
100.8;20459520;0
99.7;20865024;0
86.0;21118976;0
57.3;21245952;0
99.4;21520384;0
99.7;21925888;0
33.2;22999040;0
57.3;23191552;0
99.4;23597056;0
100.8;24002560;0
116.4;24231936;0
99.7;24637440;0
99.4;24907776;0
86.0;25210880;0
99.7;25616384;0
99.7;25137152;89
201.6;25489408;801
198.9;25759744;783
182.8;25964544;791
16.6;25559040;91
67.2;25534464;0
99.7;25534464;0
100.3;25935872;0
71.7;25554944;0
99.7;25690112;0
99.7;25960448;0
43.0;26079232;0
100.8;25427968;0
99.4;25427968;0
100.8;25423872;0
83.1;35897344;114
16.6;35893248;0
49.9;35893248;0
99.7;35917824;0
100.8;35913728;0
85.2;35893248;0
43.0;35917824;0
43.0;35917824;0
99.4;35917824;0
100.3;35905536;0
66.5;36028416;0
33.6;36028416;0
49.9;36302848;0
57.3;36319232;0
100.3;36315136;0
99.4;36585472;0
99.7;36610048;0
99.7;36610048;0
100.8;36614144;0
113.6;36622336;0
100.3;36618240;0
99.7;36716544;0
33.2;36741120;0
99.7;36741120;0
99.7;36868096;0
67.2;37392384;0
42.6;37416960;0
100.3;37416960;0
100.3;37404672;0
49.9;36384768;0
33.2;37462016;0
49.9;37597184;0
84.0;37617664;0
99.7;37613568;0
100.3;37613568;0
0.0;37597184;0
99.4;37617664;0
100.3;37613568;0
99.4;36876288;0
100.8;36876288;0
99.7;36868096;0
116.4;44093440;0
114.7;36118528;0
99.4;36225024;0
57.3;34918400;0
28.4;37978112;0
33.6;38334464;0
100.3;38416384;0
99.4;38416384;0
100.3;38424576;0
0.0;38223872;0
99.4;38559744;0
100.3;38580224;0
83.1;38879232;0
100.8;38879232;0
99.7;38903808;0
83.1;39096320;0
100.3;39096320;0
99.4;39096320;0
71.7;39079936;0
33.2;39251968;0
66.5;39391232;0
86.0;39407616;0
99.4;39407616;0
100.3;39669760;0
16.6;39669760;0
16.6;39763968;0
28.7;40108032;0
33.2;40235008;0
33.6;40235008;0
99.7;40235008;0
99.7;40235008;0
50.4;40226816;0
49.9;40218624;0
49.9;34181120;0
182.8;37023744;0
100.3;37023744;0
100.3;37023744;0
42.6;35942400;0
99.7;37646336;0
100.3;37777408;0
99.4;37867520;0
100.3;37867520;0
99.4;37863424;0
100.8;37888000;0
99.7;37888000;0
99.7;37883904;0
33.6;37879808;0
33.2;38703104;0
14.2;39251968;0
99.7;39284736;0
99.7;39284736;0
116.4;39288832;0
100.3;39288832;0
99.4;39288832;0
71.7;37584896;0
43.0;37953536;0
42.6;37949440;0
66.5;38670336;0
33.2;39194624;0
43.0;39399424;0
33.6;39473152;0
99.7;39493632;0
99.7;39493632;0
117.6;36868096;0
33.2;37527552;0
28.4;37347328;0
83.1;37629952;0
16.6;38248448;0
67.2;39534592;0
16.6;40222720;0
42.6;40230912;0
28.7;40386560;0
100.3;40505344;0
99.4;40505344;0
114.7;38027264;0
99.7;38027264;0
100.3;38166528;0
67.2;39546880;0
56.8;40022016;0
14.3;40271872;0
84.0;40304640;0
99.7;40304640;0
99.7;40304640;0
0.0;36487168;0
99.7;38510592;0
100.8;38772736;0
66.5;39026688;0
33.2;39231488;0
67.2;39305216;0
99.7;39313408;0
99.7;39313408;0
33.2;39297024;0
83.1;39481344;0
100.8;39481344;0
99.7;39493632;0
99.7;39649280;0
100.8;39649280;0
83.1;39669760;0
49.9;39817216;0
16.6;39763968;0
116.4;37568512;0
67.2;40296448;0
83.1;40087552;0
99.7;40087552;0
100.8;40087552;0
33.2;40230912;0
56.8;40226816;0
99.7;40587264;0
99.7;40587264;0
66.5;36573184;0
33.6;38719488;0
99.7;38719488;0
99.7;39116800;0
100.8;39604224;0
99.7;39600128;0
99.7;39747584;0
116.4;39948288;0
99.7;39948288;0
84.0;40550400;0
99.7;40574976;0
99.7;40701952;0
100.8;40861696;0
99.7;40861696;0
99.7;40857600;0
83.1;40976384;0
33.2;41062400;0
100.8;41078784;0
99.7;41078784;0
99.7;41074688;0
0.0;41000960;0
100.8;41078784;0
99.7;41078784;0
66.5;36200448;0
28.7;38625280;0
56.8;39972864;0
83.1;40013824;0
100.3;40013824;0
100.3;39993344;0
16.6;39518208;0
100.3;39518208;0
100.8;39518208;0
156.2;44593152;0
99.7;38989824;0
99.4;38989824;0
33.2;36458496;0
100.3;38481920;0
100.3;38612992;0
85.2;38809600;0
100.3;38940672;0
100.8;38940672;0
83.1;39215104;0
66.5;39682048;0
49.9;40087552;0
66.5;40402944;0
33.6;40665088;0
99.7;40677376;0
99.4;40677376;0
86.0;39800832;0
28.7;41664512;0
16.6;42250240;0
28.4;42242048;0
71.7;42258432;0
99.4;42258432;0
100.3;42258432;0
100.3;37920768;0
99.7;37920768;0
99.7;37908480;0
16.8;39198720;0
100.8;39198720;0
99.7;39198720;0
83.1;39211008;0
16.6;39272448;0
33.2;38682624;0
49.9;39333888;0
43.0;41885696;0
100.8;42110976;0
100.3;42110976;0
99.4;42369024;0
99.7;42340352;0
100.8;42340352;0
33.2;42381312;0
49.9;42467328;0
99.7;42524672;0
99.7;42524672;0
83.1;42512384;0
57.3;42528768;0
100.3;42528768;0
99.7;42528768;0
33.2;37801984;0
57.3;39878656;0
100.3;40103936;0
100.3;40103936;0
83.1;40091648;0
66.5;40177664;0
99.7;40177664;0
99.7;40308736;0
33.6;40431616;0
83.1;40501248;0
99.4;40501248;0
100.3;40636416;0
14.3;40640512;0
57.3;40673280;0
42.6;40685568;0
100.3;40685568;0
99.4;40685568;0
33.2;40673280;0
