0.0;10510336;0
0.0;10510336;0
0.0;10510336;0
0.0;10510336;0
0.0;10510336;0
49.9;11616256;0
100.3;12025856;0
100.3;13303808;0
83.1;13447168;0
99.7;14004224;0
100.3;14405632;0
49.9;15405056;0
83.1;14671872;0
100.8;16891904;0
99.4;17305600;0
99.7;17514496;0
99.7;17920000;0
100.8;17170432;0
99.4;18526208;0
100.8;18796544;0
83.1;19279872;0
100.3;19550208;0
99.4;19955712;0
100.3;20291584;0
99.7;20623360;0
100.3;20897792;0
114.7;21180416;0
99.7;21573632;0
99.7;21979136;0
83.1;22253568;0
100.3;22523904;0
99.7;22929408;0
100.8;23216128;0
99.7;23621632;0
99.7;23891968;0
113.6;24276992;0
100.3;24547328;0
99.7;24952832;0
99.7;25227264;0
100.3;25632768;0
99.7;24182784;68
199.5;25477120;802
182.8;25747456;795
172.0;26017792;789
56.8;25579520;101
100.8;25579520;0
99.7;25911296;0
116.4;25550848;0
99.4;25550848;0
100.8;25952256;0
83.1;25567232;0
99.7;25702400;0
100.3;25972736;0
99.4;25337856;0
99.7;25333760;0
99.7;25321472;0
151.2;35188736;114
99.4;35319808;0
100.3;35725312;0
14.3;35713024;0
99.4;35758080;0
100.3;35749888;0
99.7;35872768;0
100.8;35872768;0
99.7;35864576;0
116.4;35872768;0
100.3;35868672;0
99.4;35864576;0
66.5;36020224;0
83.1;36044800;0
100.8;36040704;0
99.4;36130816;0
86.0;36175872;0
99.7;36171776;0
99.7;36163584;0
99.7;36163584;0
100.3;36159488;0
86.0;35524608;0
99.4;36425728;0
100.8;36421632;0
83.1;36724736;0
99.7;36724736;0
99.7;36720640;0
114.7;36728832;0
100.3;36728832;0
99.7;36724736;0
50.4;36929536;0
66.5;37064704;0
14.3;37130240;0
42.6;37199872;0
71.7;37285888;0
99.7;37281792;0
99.7;37281792;0
100.8;37285888;0
99.7;37281792;0
116.4;37416960;0
99.4;37416960;0
100.3;37412864;0
71.7;37470208;0
33.2;36675584;0
100.3;36675584;0
99.7;36667392;0
83.1;35332096;0
49.9;37761024;0
33.2;38215680;0
43.0;37732352;0
83.1;38334464;0
100.3;38469632;0
100.3;38612992;0
28.4;38764544;0
43.0;38916096;0
99.7;38916096;0
99.7;38916096;0
57.3;38899712;0
33.2;39133184;0
66.5;39149568;0
100.3;39149568;0
99.4;39149568;0
28.7;39133184;0
85.2;39333888;0
100.3;39333888;0
86.0;39313408;0
14.2;39456768;0
100.3;39456768;0
100.3;39456768;0
56.8;39436288;0
33.2;39444480;0
42.6;39460864;0
100.3;39460864;0
100.3;39460864;0
113.6;39460864;0
100.3;39460864;0
100.3;39460864;0
14.2;39456768;0
43.0;39460864;0
33.2;39464960;0
99.7;39464960;0
100.8;39464960;0
49.9;39444480;0
33.2;39456768;0
100.8;39473152;0
99.7;39473152;0
99.7;39473152;0
0.0;39456768;0
33.2;41451520;0
117.6;36319232;0
99.7;36319232;0
83.1;36438016;0
33.6;36311040;0
99.7;36311040;0
99.7;36311040;0
49.9;36294656;0
66.5;37371904;0
100.8;37371904;0
99.7;37371904;0
16.6;37359616;0
100.3;37502976;0
100.3;37502976;0
113.6;37535744;0
99.7;37535744;0
99.7;37535744;0
67.2;37523456;0
49.9;37539840;0
99.7;37539840;0
100.8;37539840;0
33.2;37523456;0
16.6;37601280;0
114.7;37621760;0
99.4;37621760;0
86.0;37605376;0
43.0;37621760;0
99.4;37621760;0
100.3;37621760;0
57.3;37605376;0
42.6;37605376;0
57.3;37605376;0
83.1;37617664;0
99.7;37617664;0
100.8;37617664;0
0.0;37621760;0
99.7;37621760;0
100.8;37621760;0
66.5;37605376;0
66.5;37605376;0
33.2;37605376;0
83.1;37617664;0
100.8;37617664;0
99.7;37617664;0
16.6;37605376;0
99.7;37617664;0
100.8;37617664;0
99.7;37617664;0
99.7;37617664;0
99.7;37617664;0
66.5;37605376;0
67.2;37023744;0
83.1;37023744;0
99.7;37023744;0
16.8;37007360;0
116.4;37289984;0
33.2;39235584;0
42.6;39260160;0
99.7;39260160;0
99.4;39260160;0
57.3;39247872;0
67.2;39346176;0
99.7;39346176;0
99.7;39346176;0
0.0;39333888;0
100.3;39403520;0
99.4;39403520;0
71.7;39391232;0
66.5;39493632;0
99.7;39493632;0
100.8;39493632;0
33.2;39477248;0
85.2;39505920;0
100.3;39505920;0
86.0;39510016;0
99.4;39510016;0
100.3;39510016;0
85.2;39493632;0
66.5;39510016;0
100.8;39510016;0
99.7;39510016;0
33.2;39493632;0
28.7;39493632;0
33.6;38629376;0
99.7;39510016;0
99.7;39510016;0
83.1;39493632;0
33.2;39510016;0
100.8;39510016;0
99.7;39510016;0
28.4;39493632;0
83.1;39510016;0
100.8;39510016;0
99.7;39493632;0
33.2;39510016;0
100.3;39510016;0
99.4;39510016;0
57.3;39493632;0
67.2;39493632;0
66.5;39526400;0
99.7;39526400;0
100.8;39526400;0
0.0;39510016;0
71.0;38895616;0
116.4;37277696;0
100.3;37277696;0
56.8;37261312;0
71.7;39321600;0
100.8;39321600;0
99.7;39321600;0
16.6;39305216;0
99.7;39510016;0
100.8;39510016;0
83.1;39497728;0
33.2;39518208;0
43.0;39505920;0
28.4;39514112;0
99.7;39534592;0
100.8;39534592;0
100.3;39534592;0
14.2;39567360;0
33.2;39567360;0
33.6;39563264;0
66.5;39567360;0
99.7;39567360;0
100.3;39567360;0
28.4;39550976;0
113.6;39563264;0
100.3;39538688;0
86.0;39526400;0
28.4;39542784;0
99.7;39542784;0
100.8;39542784;0
49.9;39526400;0
33.2;39526400;0
42.6;39526400;0
56.8;39542784;0
100.3;39542784;0
99.4;39542784;0
49.9;39526400;0
71.7;39538688;0
100.3;39538688;0
99.7;39538688;0
16.6;38658048;0
100.3;39538688;0
100.8;39538688;0
83.1;38924288;0
83.1;37158912;0
99.7;37158912;0
99.7;37158912;0
33.6;37146624;0
33.6;38379520;0
100.3;38481920;0
99.7;38481920;0
83.1;38551552;0
100.8;38551552;0
