47.2;91.6;40.4;0.0
44.0;107.0;96.6;0.0
84.0;131.4;82.6;0.0
58.6;147.8;37.0;0.0
5.0;155.9;15.9;0.0
0.0;155.9;0.0;0.0
0.0;155.9;0.1;0.0
0.0;155.9;0.0;0.0
0.0;155.9;0.0;0.0
0.0;155.9;1.1;0.0
0.0;155.9;0.0;0.0
0.0;155.9;0.7;0.0
0.0;155.9;0.0;0.0
0.0;155.9;0.0;0.0
4.8;155.9;0.4;0.0
0.0;155.9;0.0;0.0
0.0;155.9;0.8;0.0
0.0;155.9;0.0;0.0
6.4;159.9;1.5;0.0
0.0;159.9;0.0;0.0
0.0;159.9;0.0;0.0
0.0;159.9;0.1;0.0
0.0;159.9;0.0;0.0
0.0;159.9;1.2;0.0
0.0;159.9;0.0;0.0
0.0;159.9;0.7;0.0
0.0;159.9;0.0;0.0
0.0;159.9;0.5;0.0
0.0;159.9;0.0;0.0
0.0;159.9;0.7;0.0
0.0;159.9;0.0;0.0
37.7;160.5;0.8;0.0
24.9;160.6;1.1;0.0
0.0;160.6;0.0;0.0
0.0;160.6;0.2;0.0
0.0;160.6;0.0;0.0
4.8;160.6;2.5;0.0
0.0;160.6;0.0;0.0
0.0;160.6;1.4;0.0
0.0;160.6;0.0;0.0
0.0;160.6;1.1;0.0
0.0;160.6;0.0;0.0
0.0;160.6;1.4;0.0
0.0;160.6;0.0;0.0
14.9;161.5;1.6;0.0
52.9;174.7;14.0;4.0
50.0;244.1;280.4;0.0
50.0;244.6;297.2;0.0
50.0;275.8;139.7;0.0
48.6;275.8;0.6;196.0
51.2;275.8;0.4;128.0
51.5;245.5;0.5;80.0
