0.0;10510336;0
0.0;10510336;0
0.0;10510336;0
0.0;10510336;0
56.8;12681216;0
100.3;12685312;0
99.7;12750848;0
100.8;12767232;0
85.2;12800000;0
100.8;12832768;0
83.1;12890112;0
99.7;10899456;0
71.0;13058048;0
100.3;13086720;0
83.1;13213696;0
83.1;11190272;0
86.0;13324288;0
99.7;11300864;0
99.7;13332480;0
66.5;12718080;0
100.3;13389824;0
85.2;13471744;0
100.8;13471744;0
83.1;13463552;0
100.3;13463552;0
85.2;13524992;0
100.8;13524992;0
83.1;13668352;173
99.7;13668352;0
86.0;13619200;0
99.7;13619200;0
99.7;13631488;0
99.7;13631488;0
100.3;13692928;0
99.4;13692928;0
84.0;13701120;0
99.7;13701120;0
83.1;13635584;0
99.4;13635584;0
84.0;13881344;0
99.7;13881344;0
99.7;13828096;0
100.3;11808768;0
99.4;13828096;0
99.7;11808768;0
99.7;13869056;0
117.6;15876096;0
99.4;13869056;0
86.0;13619200;0
99.7;13619200;0
83.1;13828096;0
99.4;13828096;0
86.0;13856768;0
99.7;13856768;0
83.1;13623296;0
100.8;13623296;0
99.4;13762560;0
100.3;13762560;0
83.1;13803520;0
100.8;13803520;0
83.1;13717504;0
99.7;13717504;0
86.0;13778944;0
99.4;13778944;0
99.7;13586432;0
99.7;13586432;0
84.0;13729792;0
99.7;11710464;0
86.0;13758464;0
86.0;11739136;0
99.4;13737984;0
99.7;14462976;0
99.7;13754368;0
84.0;13742080;0
99.4;13742080;0
86.0;13615104;0
99.7;13615104;0
83.1;13762560;0
99.7;13762560;0
99.7;13783040;0
100.3;13783040;0
85.2;13778944;0
100.3;13778944;0
99.7;13729792;0
99.7;13729792;0
99.7;13778944;0
99.7;13778944;0
100.3;13639680;0
99.4;13639680;0
84.0;13787136;0
99.7;11763712;0
99.7;13729792;0
83.1;15732736;0
99.7;13733888;0
100.3;13770752;0
99.4;13770752;0
84.0;13762560;0
99.7;13762560;0
83.1;13754368;0
99.7;13754368;0
83.1;13733888;0
100.3;13733888;0
99.4;13725696;0
100.3;13725696;0
86.0;13729792;0
99.4;13729792;0
83.1;13729792;0
99.7;13729792;0
100.8;13778944;0
99.7;13778944;0
99.7;13737984;0
71.7;15769600;0
99.4;13778944;0
100.3;13729792;0
99.7;13729792;0
67.2;13758464;0
99.7;13758464;0
99.7;13737984;0
100.8;13737984;0
83.1;13733888;0
100.3;13733888;0
85.2;13783040;0
100.3;13783040;0
86.0;13778944;0
99.4;13778944;0
100.8;13729792;0
99.7;11706368;0
116.4;13729792;0
83.1;11710464;0
99.7;13766656;0
100.8;13733888;0
99.7;13733888;0
99.7;13733888;0
100.8;13733888;0
83.1;13774848;0
99.7;13774848;0
85.2;13733888;0
100.3;13733888;0
100.3;13733888;0
99.4;13733888;0
86.0;13729792;0
100.3;11706368;0
85.2;13783040;0
99.7;13783040;0
99.7;13778944;0
84.0;13733888;0
99.7;13733888;0
99.7;13770752;0
100.8;13770752;0
113.6;13742080;0
100.3;13742080;0
99.4;13729792;0
100.3;13729792;0
86.0;13729792;0
99.4;13729792;0
100.3;13746176;0
100.3;13746176;0
85.2;13635584;0
100.3;13635584;0
85.2;13737984;0
100.3;13737984;0
100.3;13737984;0
113.6;15532032;0
100.3;13664256;0
100.3;13733888;0
99.4;13733888;0
100.3;13758464;0
99.4;13758464;0
86.0;13762560;0
100.3;13762560;0
99.4;13737984;0
100.3;13737984;0
100.3;13762560;0
99.4;13762560;0
100.3;13762560;0
99.4;13762560;0
100.3;13742080;0
100.3;13737984;0
99.4;13737984;0
100.3;13783040;0
100.3;13783040;0
99.4;13742080;0
100.3;13742080;0
99.7;13737984;0
100.3;13737984;0
83.1;13864960;0
99.7;13864960;0
86.0;13737984;0
99.7;13737984;0
99.7;13762560;0
99.7;13762560;0
99.7;13783040;0
100.8;15564800;0
99.7;13778944;0
99.7;13729792;0
100.8;13729792;0
99.7;13742080;0
99.7;13742080;0
99.7;13783040;0
83.1;13783040;0
117.6;13758464;0
99.7;13758464;0
99.7;13737984;0
100.8;13737984;0
86.0;13750272;0
85.2;11726848;0
100.3;13746176;0
99.4;13774848;0
100.3;13774848;0
100.3;13770752;0
99.7;15728640;0
99.7;13737984;0
99.7;13819904;0
100.8;13819904;0
99.7;13737984;0
99.7;13737984;0
100.8;13602816;0
99.7;13602816;0
99.7;13778944;0
100.3;13778944;0
83.1;13733888;0
100.3;13733888;0
86.0;13635584;0
99.4;11616256;0
100.3;13787136;0
100.3;13787136;0
99.4;13787136;0
100.3;13766656;0
99.4;13766656;0
100.3;13787136;0
100.3;13787136;0
113.6;13680640;0
100.3;13680640;0
129.0;13828096;0
99.4;13828096;0
100.3;14069760;0
99.7;14069760;0
133.0;13824000;0
117.6;16109568;0
99.7;14090240;0
66.5;13987840;0
100.8;13987840;0
83.1;13807616;0
99.4;13807616;0
100.3;13959168;0
99.4;13959168;0
100.3;14016512;0
100.8;14016512;0
149.6;14020608;0
99.7;14286848;0
100.8;14020608;0
99.7;13950976;0
99.7;13950976;0
99.7;13959168;0
99.7;13959168;0
143.3;13824000;0
100.3;13824000;0
156.2;13983744;0
100.3;13983744;0
172.0;15839232;0
113.6;13828096;0
149.6;13860864;0
99.7;15024128;0
166.2;14008320;0
117.6;16007168;0
199.5;13983744;0
133.0;16007168;0
100.8;13987840;0
149.6;16056320;0
133.0;14045184;0
166.2;16097280;0
99.7;14077952;0
157.7;14114816;0
100.3;14110720;0
170.5;13922304;0
99.7;16011264;0
201.6;16011264;0
116.4;16060416;0
182.8;14045184;0
133.0;16076800;0
116.4;13770752;0
129.0;13983744;0
100.3;13983744;0
85.2;11964416;0
0.0;11964416;0
100.3;13824000;0
114.7;15040512;0
71.0;11964416;0
14.3;14012416;0
99.7;14012416;0
113.6;13828096;0
99.7;13860864;0
67.2;13996032;0
99.7;13996032;0
99.7;13828096;0
100.3;13828096;0
100.3;13983744;0
99.7;13975552;0
83.1;13996032;0
83.1;13979648;0
