0.0;10534912;0
0.0;10534912;0
0.0;10534912;0
0.0;10534912;0
33.2;12660736;0
99.7;12709888;0
57.3;12738560;0
99.4;12771328;0
67.2;12816384;0
99.7;12840960;0
86.0;12861440;0
99.7;12869632;0
67.2;13012992;0
99.4;13045760;0
67.2;13115392;0
99.7;13115392;0
66.5;13144064;0
99.4;11186176;0
67.2;13209600;0
83.1;11186176;0
86.0;13275136;0
71.7;11251712;0
83.1;13336576;0
83.1;11317248;0
86.0;13324288;0
71.7;11431936;0
99.7;13582336;0
84.0;11415552;173
99.7;13611008;0
49.9;13713408;0
99.4;13590528;0
50.4;13500416;0
99.7;13500416;0
71.7;13578240;0
100.3;13578240;0
71.0;13586432;0
99.7;13586432;0
66.5;13623296;0
100.3;13623296;0
71.0;13828096;0
100.8;13828096;0
66.5;13631488;0
99.7;13631488;0
71.0;13623296;0
100.3;13623296;0
49.9;13705216;0
99.7;13705216;0
71.7;13840384;0
99.4;13840384;0
66.5;13623296;0
99.7;11599872;0
71.7;13631488;0
85.2;11612160;0
100.8;13819904;0
83.1;11796480;0
86.0;13840384;0
71.0;11816960;0
100.8;13836288;0
66.5;11816960;0
99.7;13545472;0
67.2;13611008;0
99.4;13611008;0
71.7;13606912;0
99.7;13606912;0
50.4;13803520;0
99.7;13803520;0
57.3;13811712;0
100.3;13811712;0
49.9;13500416;0
99.7;13500416;0
49.9;13520896;0
100.8;13520896;0
71.0;13541376;0
86.0;11517952;0
66.5;13680640;0
83.1;11657216;0
83.1;13496320;0
71.7;11472896;0
86.0;13541376;0
71.0;11517952;0
100.8;13516800;0
83.1;11497472;0
99.7;13541376;0
56.8;13160448;0
100.3;13520896;0
71.7;13520896;0
99.7;13520896;0
67.2;13541376;0
99.7;13541376;0
66.5;13537280;0
99.4;13537280;0
57.3;13537280;0
100.3;13537280;0
42.6;13516800;0
100.3;13516800;0
86.0;13516800;0
99.7;13516800;0
66.5;13520896;0
99.7;11497472;0
71.7;13537280;0
71.0;11517952;0
84.0;13676544;0
66.5;11653120;0
99.7;13676544;0
49.9;12312576;0
99.7;13672448;0
57.3;13537280;0
99.4;13537280;0
57.3;13516800;0
100.3;13516800;0
85.2;13541376;0
100.3;13541376;0
85.2;13537280;0
100.8;13537280;0
49.9;13537280;0
99.7;13537280;0
67.2;13660160;0
99.7;11636736;0
71.7;13631488;0
85.2;11608064;0
71.7;13660160;0
71.7;11636736;0
99.7;13500416;0
67.2;11476992;0
100.3;13537280;0
85.2;13516800;0
100.3;13516800;0
56.8;13516800;0
100.8;13516800;0
49.9;13664256;0
99.7;13664256;0
50.4;13492224;0
99.7;13492224;0
66.5;13516800;0
85.2;11493376;0
71.7;13541376;0
71.7;11517952;0
85.2;13537280;0
84.0;11517952;0
99.7;13537280;0
66.5;11517952;0
99.7;13656064;0
49.9;13656064;0
100.3;13656064;0
66.5;13496320;0
99.7;13496320;0
50.4;13516800;0
99.7;13516800;0
49.9;13541376;0
99.7;12701696;0
66.5;13541376;0
84.0;11517952;0
83.1;13516800;0
86.0;11497472;0
86.0;13541376;0
56.8;11517952;0
100.3;13537280;0
71.0;15216640;0
100.3;13516800;0
86.0;13541376;0
99.4;13541376;0
71.7;13660160;0
100.3;13660160;0
66.5;13635584;0
99.7;11616256;0
83.1;13676544;0
83.1;11657216;0
86.0;13680640;0
71.0;11657216;0
86.0;13639680;0
57.3;11616256;0
99.7;13496320;0
66.5;13520896;0
99.7;13520896;0
66.5;13537280;0
100.8;13537280;0
49.9;13541376;0
99.7;13541376;0
71.7;13664256;0
99.4;11640832;0
71.7;13656064;0
85.2;11636736;0
71.7;13656064;0
71.7;11636736;0
85.2;13639680;0
57.3;13692928;0
100.3;13660160;0
56.8;13635584;0
100.3;13635584;0
56.8;13660160;0
100.3;13660160;0
57.3;13656064;0
99.4;13656064;0
57.3;13676544;0
86.0;11657216;0
71.0;13656064;0
71.7;11636736;0
85.2;13680640;0
57.3;11657216;0
117.6;13635584;0
66.5;13656064;0
99.7;13656064;0
67.2;13635584;0
99.7;13635584;0
66.5;13676544;0
99.7;13676544;0
49.9;13672448;0
100.8;13672448;0
66.5;13680640;0
83.1;11657216;0
84.0;13660160;0
66.5;11636736;0
99.7;13537280;0
49.9;13225984;0
99.4;13660160;0
71.7;13676544;0
100.8;13676544;0
83.1;13684736;0
99.7;13684736;0
67.2;13627392;0
99.7;13627392;0
83.1;13656064;0
83.1;11636736;0
83.1;13496320;0
67.2;11472896;0
99.7;13520896;0
56.8;13004800;0
99.7;13635584;0
67.2;13496320;0
99.7;13496320;0
66.5;13660160;0
99.7;13660160;0
66.5;13660160;0
100.3;13660160;0
71.7;13627392;0
71.0;11608064;0
84.0;13676544;0
71.7;11657216;0
113.6;13635584;0
57.3;12472320;0
99.4;13635584;0
57.3;13680640;0
100.8;13680640;0
66.5;13676544;0
99.7;13676544;0
50.4;13635584;0
86.0;11612160;0
71.0;13533184;0
86.0;11509760;0
85.2;13541376;0
71.7;11517952;0
100.8;13635584;0
49.9;13496320;0
99.7;13496320;0
67.2;13537280;0
100.3;13537280;0
83.1;13537280;0
99.7;13537280;0
83.1;13520896;0
83.1;11497472;0
84.0;13639680;0
66.5;11620352;0
99.4;13660160;0
57.3;13680640;0
100.3;13680640;0
56.8;13492224;0
100.3;13492224;0
71.0;13520896;0
99.7;13520896;0
84.0;13537280;0
86.0;11517952;0
85.2;13541376;0
71.7;11517952;0
100.8;13496320;0
33.2;13647872;0
99.7;13647872;0
33.2;13672448;0
85.2;11653120;0
49.9;13627392;0
71.7;11603968;0
71.7;13631488;0
33.2;11612160;0
99.4;13537280;0
14.3;12591104;0
100.3;13676544;0
28.7;13492224;0
83.1;11468800;0
49.9;13656064;0
83.1;11632640;0
71.0;13496320;0
43.0;11472896;0
84.0;13656064;0
28.7;11636736;0
99.7;13533184;0
28.4;13635584;0
86.0;11452416;0
99.4;13500416;0
14.3;13635584;0
100.8;11616256;0
33.2;13504512;0
