47.1;114.9;158.6;0.0
67.6;155.3;93.4;0.0
0.0;156.7;1.9;0.0
0.0;156.7;0.0;0.0
5.0;156.7;0.1;0.0
0.0;156.7;0.0;0.0
0.0;156.7;1.2;0.0
0.0;156.7;0.7;0.0
0.0;156.7;0.0;0.0
0.0;156.7;0.5;0.0
0.0;156.7;0.0;0.0
0.0;156.7;0.6;0.0
0.0;156.7;0.0;0.0
35.2;160.2;0.4;0.0
0.0;160.6;2.3;0.0
48.2;160.9;4.0;0.0
49.2;160.9;0.1;0.0
4.8;160.9;3.0;0.0
24.9;161.8;3.9;0.0
0.0;161.8;0.1;0.0
0.0;161.8;0.0;0.0
0.0;161.8;1.3;0.0
0.0;161.8;0.0;0.0
0.0;161.8;0.7;0.0
0.0;161.8;0.0;0.0
0.0;161.8;0.4;0.0
0.0;161.8;0.0;0.0
4.8;161.8;0.7;0.0
0.0;161.8;0.0;0.0
38.5;167.8;15.6;4.0
47.0;184.6;38.5;0.0
52.1;216.2;1032.5;0.0
49.9;216.5;1095.1;0.0
49.8;247.3;255.7;0.0
47.5;247.3;379.6;0.0
53.0;247.3;484.2;0.0
49.9;247.3;313.2;0.0
48.6;247.3;403.0;0.0
50.0;247.3;437.2;0.0
49.6;247.6;315.2;0.0
49.4;247.6;551.4;0.0
53.1;247.6;430.0;0.0
47.4;247.6;508.8;0.0
49.7;279.1;54.1;132.0
49.8;279.1;0.8;256.0
50.0;279.1;0.4;128.0
54.0;187.7;0.3;48.0
