47.8;116.3;158.9;0.0
69.8;154.9;93.4;0.0
4.8;156.3;1.9;0.0
0.0;156.3;0.0;0.0
0.0;156.3;0.1;0.0
0.0;156.3;0.0;0.0
0.0;156.3;1.2;0.0
0.0;156.3;0.0;0.0
0.0;156.3;0.7;0.0
0.0;156.3;0.0;0.0
0.0;156.3;0.6;0.0
0.0;156.3;0.1;0.0
0.0;156.3;0.7;0.0
0.0;157.2;0.3;0.0
9.8;159.9;0.1;0.0
44.4;159.9;2.4;0.0
44.2;160.6;4.0;0.0
50.5;160.6;0.0;0.0
49.7;160.6;0.0;0.0
49.7;160.6;0.0;0.0
49.9;160.6;0.0;0.0
51.1;160.6;0.7;0.0
0.0;160.6;2.4;0.0
28.9;161.5;3.9;0.0
0.0;161.5;0.1;0.0
0.0;161.5;0.0;0.0
0.0;161.5;1.3;0.0
0.0;161.5;0.0;0.0
0.0;161.5;0.7;0.0
0.0;161.5;0.0;0.0
0.0;161.5;0.7;0.0
0.0;161.5;0.0;0.0
0.0;161.5;0.8;0.0
0.0;161.5;0.0;0.0
14.4;162.0;0.3;0.0
45.0;180.1;18.0;4.0
50.3;246.9;4197.4;0.0
48.9;278.4;2009.1;0.0
51.7;278.6;1.9;544.0
47.1;183.4;0.0;0.0
