47.9;100.7;68.2;0.0
49.4;116.8;92.8;0.0
71.0;154.7;90.9;0.0
0.0;156.2;2.0;0.0
0.0;156.2;0.0;0.0
0.0;156.2;0.1;0.0
0.0;156.2;0.0;0.0
5.0;156.2;1.3;0.0
0.0;156.2;0.0;0.0
0.0;156.2;0.7;0.0
0.0;156.2;0.0;0.0
0.0;156.2;0.6;0.0
0.0;156.2;0.0;0.0
0.0;156.2;0.9;0.0
0.0;156.2;0.0;0.0
18.6;159.0;0.2;0.0
29.9;159.6;0.5;0.0
19.9;160.4;5.7;0.0
47.9;160.4;0.0;0.0
52.7;160.4;0.0;0.0
49.8;160.4;0.0;0.0
49.7;160.4;0.0;0.0
52.6;160.4;0.0;0.0
48.8;160.4;0.0;0.0
14.9;160.4;3.0;0.0
24.2;161.3;4.1;0.0
0.0;161.3;0.1;0.0
0.0;161.3;0.0;0.0
0.0;161.3;1.3;0.0
0.0;161.3;0.0;0.0
0.0;161.3;0.0;0.0
0.0;161.3;0.7;0.0
0.0;161.3;0.0;0.0
0.0;161.3;0.5;0.0
0.0;161.3;0.0;0.0
5.0;161.3;0.6;0.0
0.0;161.3;0.0;0.0
29.9;163.6;8.3;4.0
49.5;246.8;3078.3;0.0
49.4;278.2;3139.9;0.0
51.1;278.7;0.8;260.0
48.9;278.7;1.1;268.0
53.0;186.5;0.0;0.0
