219.7;215269376;669
99.8;311345152;953
119.8;355516416;1187
99.9;388546560;1353
99.8;481476608;1015
129.8;481787904;1532
99.9;485720064;1499
89.9;485720064;1537
99.9;485720064;1519
89.9;485720064;1541
109.8;486113280;1469
99.8;486375424;9
428.7;488570880;3
801.7;577261568;4
707.3;593776640;5
598.9;597053440;6
598.9;599543808;4
608.7;882921472;0
568.7;883265536;4
259.4;888246272;7
259.5;889032704;1
698.4;889163776;2
648.5;889163776;0
508.9;889163776;1
419.1;889163776;0
498.6;889163776;0
448.9;889556992;6
118.4;889819136;2
548.8;890212352;1
608.7;890212352;0
598.8;890212352;0
608.9;890212352;0
668.8;890212352;1
568.7;890474496;5
99.5;890736640;2
582.0;891260928;2
599.1;978685952;3
605.7;1269665792;0
579.1;1269665792;2
509.1;1269665792;0
499.0;1269665792;1
299.5;969281536;10
208.6;969936896;1
558.8;969936896;1
479.1;969936896;2
369.3;974000128;4
658.6;974000128;0
499.2;974000128;0
489.1;974000128;0
129.8;974524416;7
426.7;975179776;1
658.7;975179776;0
459.1;975179776;0
469.1;975179776;1
479.0;975179776;0
459.4;975179776;1
269.4;975310848;6
158.7;976097280;1
668.9;976097280;1
613.1;976097280;0
618.3;976097280;2
707.7;976097280;0
698.2;976097280;0
349.4;976097280;6
236.2;977014784;1
667.5;977014784;1
598.8;977014784;0
588.8;977014784;0
598.5;977014784;0
598.9;977014784;0
288.9;977276928;10
149.2;977932288;0
628.2;977932288;0
539.0;977932288;2
488.9;982126592;0
713.0;982126592;0
715.4;982126592;2
268.2;982388736;9
227.4;982781952;0
693.8;982781952;0
599.0;982781952;2
628.7;982781952;2
698.6;982781952;2
608.8;982781952;2
199.6;983044096;6
289.6;983961600;0
546.4;983961600;0
399.1;983961600;0
399.2;983961600;2
399.3;983961600;0
389.2;983961600;0
319.5;983961600;3
139.7;984223744;7
158.4;985141248;1
598.7;985141248;0
559.0;985141248;0
588.9;985141248;0
604.7;985141248;0
597.0;985141248;0
337.0;985534464;9
109.8;985665536;0
561.7;986058752;1
586.2;986189824;2
598.8;990384128;2
608.6;990384128;0
499.0;990384128;2
458.8;990646272;6
99.8;990777344;4
444.6;991432704;1
519.3;991432704;0
648.8;991432704;0
678.7;991432704;2
698.3;991563776;0
548.7;991563776;6
99.2;991563776;2
465.2;992481280;1
688.8;992481280;0
617.7;992481280;0
598.9;992481280;0
688.8;992481280;2
468.9;992481280;4
109.7;992874496;2
548.8;993529856;0
631.1;993529856;0
694.3;993529856;0
658.4;993529856;0
698.1;993529856;2
388.6;993660928;10
109.8;993792000;0
606.0;994185216;0
598.4;994316288;0
608.4;998510592;0
598.4;998510592;0
598.5;998641664;0
329.0;998772736;5
107.0;998903808;2
579.0;999297024;0
628.7;999297024;0
488.9;999297024;0
509.0;999297024;0
499.1;999297024;0
449.1;999297024;0
119.5;999428096;6
423.2;1000345600;0
698.6;1000345600;0
598.7;1000345600;0
598.6;1000345600;0
588.3;1000345600;0
538.8;1000345600;0
159.8;1000476672;6
289.4;1001394176;0
688.7;1001394176;0
648.6;1001394176;0
660.4;1001394176;0
780.1;1001394176;0
668.4;1001394176;0
109.8;1001656320;10
377.7;1002311680;0
528.7;1002311680;0
498.8;1002311680;2
489.1;1006505984;0
498.7;1006505984;0
508.7;1006505984;2
299.2;1006637056;7
129.3;1006768128;0
618.9;1007292416;0
628.9;1007292416;2
598.8;1007292416;0
498.7;1007292416;0
458.8;1007292416;2
498.6;1007292416;2
119.0;1007423488;6
432.1;1008340992;1
508.7;1008340992;2
608.3;1008340992;0
598.2;1008340992;0
655.1;1008340992;2
578.4;1008340992;0
129.7;1008472064;7
359.0;1008996352;1
693.5;1008996352;0
698.1;1008996352;0
678.4;1008996352;0
698.1;1008996352;0
548.3;1008996352;0
106.6;1009127424;9
369.1;1010044928;0
588.6;1010044928;0
598.4;1010044928;0
608.4;1014370304;0
608.3;1014370304;0
478.7;1014370304;0
229.5;1014501376;8
149.8;1015156736;0
598.8;1015156736;1
528.5;1015156736;2
478.7;1015156736;0
598.8;1015156736;0
598.9;1015156736;2
529.1;1015156736;4
97.9;1015287808;2
496.5;1015943168;1
693.0;1015943168;0
698.0;1015943168;0
707.8;1016074240;0
588.4;1016074240;0
408.9;1016467456;6
99.8;1016598528;0
543.8;1016860672;1
596.1;1016860672;0
606.7;1016860672;0
688.6;1016860672;2
658.1;1200361472;0
438.7;1200361472;0
149.7;1204031488;10
292.0;1017782272;2
638.5;1017782272;0
638.1;1017913344;2
558.5;1022107648;0
767.7;1022107648;2
673.2;1022107648;0
119.3;1022238720;7
383.5;1018597376;1
575.1;1018597376;0
598.4;1018597376;0
598.3;1018728448;2
698.2;1018728448;0
518.8;1018728448;0
199.6;1018990592;8
268.6;1019514880;1
628.3;1019514880;0
588.6;1019514880;0
638.7;1019514880;0
608.2;1019645952;0
598.9;1019645952;0
266.4;1019777024;6
209.5;1020301312;0
618.2;1020301312;0
628.3;1020301312;2
508.6;1020301312;0
658.1;1020301312;0
698.1;1020301312;0
267.5;1020432384;9
218.3;1021349888;0
618.1;1021349888;0
598.5;1021349888;0
598.1;1025413120;2
597.8;1025413120;0
528.8;1025413120;2
289.2;1025675264;6
198.4;1022173184;0
548.4;1022173184;0
498.6;1022173184;0
498.6;1022304256;2
549.3;1022304256;2
592.8;1022304256;0
369.3;1022435328;6
158.5;1022828544;0
678.5;1022828544;0
698.5;1022959616;0
678.0;1022959616;2
697.7;1022959616;0
608.4;1022959616;2
219.5;1023090688;6
268.6;1023877120;0
618.1;1024008192;0
658.0;1024008192;2
598.8;1024008192;0
638.6;1024008192;2
696.3;1024008192;2
158.9;1024139264;9
349.4;1025056768;0
635.9;1025056768;0
618.5;1025056768;2
588.7;1029251072;0
588.8;1029251072;0
588.7;1029251072;0
188.3;1029382144;6
345.7;1025880064;0
650.6;1025880064;0
644.3;1025880064;0
658.9;1025880064;0
438.7;1025880064;0
399.1;1025880064;0
279.5;1026011136;6
119.8;1026011136;0
658.0;1026404352;0
678.6;1026535424;2
578.6;1026535424;0
696.9;1026535424;2
737.6;1026535424;0
329.3;1026797568;6
119.6;1027059712;0
627.9;1027452928;1
640.7;1027452928;0
608.4;1027452928;0
678.1;1027452928;0
585.7;1027452928;0
269.3;1027715072;9
238.1;1028370432;1
