189.7;232243200;812
99.9;330416128;969
109.8;355713024;1276
99.9;404602880;1236
109.8;482127872;985
99.8;481918976;1501
109.8;485851136;1480
99.8;485851136;1544
99.9;485851136;1520
109.8;485851136;1545
99.8;486244352;1381
109.8;486375424;8
497.3;491831296;4
766.8;545435648;3
688.7;593276928;4
688.6;596553728;4
659.0;669822976;4
673.2;807579648;2
519.0;811118592;7
99.8;811249664;3
569.6;811905024;4
698.7;811905024;0
606.8;811905024;2
663.0;811905024;0
695.2;811905024;0
618.8;812027904;5
109.4;812027904;2
425.7;812945408;1
659.1;812945408;0
688.5;812945408;0
648.6;812945408;1
698.4;812945408;0
548.6;813076480;5
99.7;813207552;2
519.3;813993984;2
592.8;813993984;0
678.8;813993984;2
539.1;813993984;1
635.2;813993984;1
565.9;813993984;1
119.8;814510080;11
379.5;815034368;1
698.9;815296512;2
698.3;819621888;2
678.8;1137340416;0
618.8;1470394368;0
588.7;1714843648;0
475.2;1729392640;3
119.7;940105728;3
457.4;940892160;2
609.1;940892160;0
503.6;940892160;0
505.2;940892160;2
695.8;940892160;0
638.8;940892160;5
99.7;941023232;2
544.2;941940736;0
648.3;941940736;0
498.9;941940736;2
527.2;941940736;0
668.1;941940736;0
518.8;941940736;6
99.1;942071808;3
519.1;942858240;1
569.0;942858240;0
698.8;942858240;0
699.0;942858240;0
794.9;942858240;0
428.4;942989312;8
99.3;943120384;2
548.6;943513600;0
697.0;943775744;0
627.0;947838976;0
508.9;947838976;2
538.8;947838976;0
389.0;947970048;4
99.9;943878144;2
517.4;944795648;0
618.6;944795648;0
638.9;944795648;0
648.6;944795648;0
698.6;944795648;0
519.0;944795648;4
99.7;945057792;2
523.0;945582080;1
682.7;945582080;2
588.6;945582080;0
688.3;945582080;0
628.5;945582080;2
409.3;945713152;6
109.8;945713152;0
601.5;946368512;1
638.2;946368512;0
608.6;946368512;0
678.6;946368512;0
708.4;946368512;0
279.4;946499584;10
157.3;947154944;1
618.9;947154944;0
672.6;947154944;2
588.6;951480320;0
698.4;951611392;0
428.9;951611392;0
369.2;951873536;6
155.4;952528896;2
662.0;952528896;0
708.2;952528896;0
695.7;952528896;0
698.4;952528896;0
558.7;952528896;0
199.6;952659968;6
159.8;953446400;0
761.9;953446400;0
748.2;953446400;2
648.4;953446400;2
699.9;953446400;0
566.9;953446400;0
239.5;953708544;7
245.7;954494976;0
598.9;954494976;0
499.1;954494976;0
479.2;954494976;2
499.0;954494976;0
409.2;954494976;0
579.0;954494976;0
149.6;954888192;9
329.5;955412480;0
668.7;955412480;0
598.5;959606784;2
688.6;959606784;0
698.7;959606784;0
658.4;959606784;0
109.1;960000000;7
369.5;960655360;0
698.7;960655360;0
399.0;960655360;0
478.6;960655360;2
628.5;960655360;0
594.6;960655360;0
259.5;960655360;7
227.6;961572864;0
687.5;961572864;0
688.7;961572864;0
638.8;961572864;0
688.5;961572864;0
688.7;961572864;0
257.9;961703936;7
239.5;962490368;0
599.5;962621440;0
596.7;962621440;2
588.4;962621440;0
598.5;962621440;2
548.6;962621440;0
259.5;962752512;9
109.8;962883584;0
584.4;963538944;0
598.6;963538944;0
598.3;967602176;0
778.3;967602176;0
803.6;967602176;0
308.9;967864320;6
139.8;968650752;1
661.8;968650752;1
618.2;968650752;2
526.6;968650752;0
618.3;968650752;0
678.1;968650752;0
119.8;968912896;6
555.2;969568256;0
598.4;969568256;0
528.7;969568256;0
498.7;969568256;0
508.8;969568256;2
468.8;969568256;5
99.7;969699328;2
474.8;970223616;0
558.5;970223616;2
409.1;970223616;0
544.7;970223616;2
682.0;970223616;0
588.5;970223616;2
159.3;970354688;10
349.4;971272192;1
578.8;971272192;0
598.4;975597568;0
498.7;975728640;0
568.8;975728640;0
638.8;975728640;2
308.7;975859712;7
282.3;976646144;1
703.4;976646144;1
628.6;976646144;0
498.7;976646144;0
498.8;976646144;0
498.7;976646144;0
408.7;976777216;4
99.1;977039360;2
517.5;977432576;1
499.0;977432576;0
399.3;977432576;0
498.7;977432576;0
499.0;977432576;0
618.7;977432576;0
319.3;977825792;6
209.0;978481152;1
773.1;978481152;0
736.0;978612224;2
677.6;978612224;2
698.5;978612224;2
618.4;978612224;2
149.6;979005440;10
384.9;979922944;2
577.6;979922944;2
687.8;983986176;2
608.1;983986176;0
598.3;984117248;0
568.4;984117248;2
118.7;984379392;7
138.8;985034752;2
438.9;985034752;0
409.0;985034752;0
398.9;985034752;0
398.9;985034752;0
398.9;985034752;0
398.9;985034752;0
209.5;985165824;7
273.1;986214400;1
656.7;986214400;0
496.3;986214400;0
508.6;986214400;0
508.9;986214400;0
498.7;986214400;0
373.3;986345472;6
119.8;986476544;0
626.0;987000832;0
598.8;987000832;0
598.7;987000832;0
606.7;987000832;1
588.8;987000832;2
388.7;987131904;3
99.8;987262976;7
430.4;987656192;0
600.3;987656192;0
479.2;987918336;0
396.1;992112640;0
497.7;992112640;0
528.7;992112640;2
409.1;992374784;9
109.8;992374784;0
549.0;993030144;0
588.2;993030144;0
597.8;993030144;0
716.7;993030144;0
688.3;993030144;0
478.9;993030144;6
116.2;993161216;0
539.1;993816576;0
561.4;993816576;2
623.7;993816576;0
618.3;993816576;0
608.2;993816576;0
448.9;993816576;0
159.6;993947648;6
369.5;994734080;0
687.9;994734080;0
626.1;994734080;2
586.9;994734080;0
538.6;994734080;2
349.0;994734080;2
228.9;994996224;9
207.2;995782656;0
631.1;995782656;0
506.9;995782656;0
499.0;999976960;0
687.0;999976960;2
768.1;999976960;0
379.2;1000239104;6
149.8;1001025536;0
566.9;1001025536;0
659.0;1001025536;0
513.8;1001025536;2
622.8;1001025536;0
670.4;1001025536;0
289.1;1001156608;6
109.8;1001418752;0
609.0;1001680896;0
637.6;1001680896;0
598.2;1001680896;2
663.7;1001680896;0
598.7;1001680896;0
439.0;1001811968;6
99.9;1002074112;3
469.0;1002729472;0
698.0;1002729472;0
698.1;1002729472;0
678.0;1002729472;0
458.6;1002729472;0
389.0;1002860544;3
99.7;1002991616;7
409.2;1003778048;0
