0.0;10489856;0
0.0;10489856;0
0.0;10489856;0
0.0;10489856;0
66.5;14614528;0
100.3;14667776;0
116.4;18845696;0
99.7;14843904;0
71.0;18874368;0
100.3;18919424;0
116.4;27017216;0
99.7;18993152;0
114.7;27062272;0
99.7;27078656;0
66.5;23056384;0
83.1;27299840;0
100.3;27299840;0
99.4;27299840;0
67.2;23273472;0
99.7;27357184;0
100.3;27357184;0
99.7;27357184;0
33.6;23334912;0
116.4;27504640;0
100.3;27504640;0
100.3;27557888;0
49.9;23535616;0
133.0;27643904;0
83.1;27643904;0
100.8;27643904;0
56.8;21295104;0
100.3;27721728;0
99.7;27721728;0
83.1;23699456;0
66.5;27791360;0
100.3;27791360;0
99.7;27852800;0
83.1;23830528;0
99.4;28540928;0
100.3;28577792;0
49.9;24551424;0
84.0;28712960;0
99.4;28712960;0
100.3;28712960;0
28.7;24690688;0
113.6;28160000;0
99.7;28160000;0
99.7;28160000;0
57.3;24227840;301
116.4;28209152;0
100.3;28270592;0
86.0;24031232;0
33.2;28266496;0
99.7;28266496;0
100.3;28266496;0
86.0;24240128;0
66.5;28213248;0
100.8;28213248;0
99.7;28274688;0
71.7;24248320;0
85.2;28356608;0
100.3;28356608;0
99.7;28356608;0
49.9;24334336;0
134.4;42979328;0
99.4;42979328;0
100.3;42979328;0
16.6;38674432;0
243.7;69853184;0
199.5;102694912;0
199.5;130043904;0
201.6;151048192;0
198.9;179691520;0
100.3;205758464;0
213.1;234348544;0
200.7;250232832;0
199.5;277008384;0
198.9;303616000;0
201.6;326131712;0
149.6;356212736;0
199.5;375427072;0
199.5;395997184;0
229.4;396537856;264
200.7;392515584;754
198.9;397541376;722
201.6;397541376;767
149.6;397504512;308
99.7;397504512;0
49.9;393478144;0
100.3;397549568;0
100.3;393523200;0
116.4;397557760;0
16.8;390365184;0
99.7;397553664;0
49.9;391995392;0
99.7;397553664;0
99.7;397553664;0
100.8;397553664;0
99.4;397553664;0
71.7;397557760;0
99.7;397557760;0
116.4;397557760;0
99.7;397557760;0
99.7;397557760;0
100.8;397557760;0
85.2;393531392;0
100.8;397557760;0
99.7;397557760;0
116.4;397557760;0
99.7;397557760;0
99.7;397557760;0
100.3;397557760;0
56.8;397565952;0
100.3;397565952;0
129.0;397561856;0
99.7;397561856;0
99.7;397561856;0
99.7;397561856;0
100.3;397561856;0
85.2;397565952;0
71.7;393539584;0
86.0;397565952;0
99.7;397565952;0
99.7;397565952;0
99.7;397565952;0
67.2;393756672;0
129.0;397598720;0
99.4;397598720;0
100.8;397598720;0
83.1;397598720;0
83.1;397643776;0
99.7;397643776;0
133.0;409624576;0
86.0;408297472;0
156.2;420556800;0
200.7;459264000;0
199.5;487460864;0
199.5;511909888;0
199.5;534392832;0
199.5;561909760;0
201.6;588034048;0
199.5;610463744;0
182.8;630353920;0
184.8;656232448;0
199.5;681590784;0
199.5;705617920;0
184.7;725692416;0
149.6;756006912;0
186.4;774729728;0
198.9;774729728;0
200.7;774729728;0
186.4;530694144;0
85.2;395931648;0
86.0;401084416;0
99.7;401084416;0
67.2;397058048;0
133.0;401158144;0
99.7;401158144;0
100.8;401158144;0
99.7;401158144;0
83.1;401199104;0
99.7;401199104;0
99.7;401199104;0
100.8;397172736;0
66.5;401326080;0
99.7;401326080;0
86.0;397299712;0
85.2;401457152;0
100.3;401457152;0
99.4;401457152;0
100.3;401457152;0
71.7;400785408;0
113.6;401596416;0
100.3;401596416;0
71.7;401645568;0
99.4;401645568;0
99.7;401645568;0
99.7;401645568;0
84.0;401711104;0
99.7;401711104;0
99.7;401711104;0
100.8;401711104;0
66.5;397684736;0
116.4;401776640;0
99.7;401776640;0
16.6;393871360;0
114.7;401903616;0
100.8;397881344;0
56.8;401936384;0
99.7;401936384;0
100.8;401936384;0
83.1;397910016;0
83.1;401977344;0
99.7;401977344;0
99.4;401977344;0
100.3;401977344;0
57.3;396607488;0
99.4;401977344;0
99.7;401977344;0
84.0;401973248;0
99.7;401973248;0
99.7;397950976;0
83.1;402038784;0
99.4;402038784;0
84.0;398016512;0
149.6;416858112;0
99.4;416858112;0
100.3;416858112;0
100.3;416858112;0
99.4;406806528;0
198.9;452333568;0
157.7;483606528;0
198.9;507092992;0
182.8;522620928;0
201.6;557854720;0
199.5;585486336;0
199.5;609435648;0
201.6;630042624;0
199.5;658247680;0
116.4;678879232;0
215.0;707469312;0
184.7;726118400;0
172.0;749572096;0
200.7;774475776;0
184.7;774668288;0
199.5;774668288;0
151.2;537214976;0
133.0;397963264;0
99.4;403116032;0
99.7;403116032;0
99.4;403116032;0
71.7;399888384;0
100.8;403390464;0
99.7;403390464;0
99.7;403390464;0
100.8;403390464;0
99.7;403431424;0
99.7;403431424;0
49.9;399405056;0
99.4;403427328;0
100.3;403427328;0
100.3;403427328;0
99.7;403427328;0
83.1;403427328;0
100.8;403427328;0
99.7;403427328;0
83.1;403443712;0
100.3;403443712;0
83.1;399421440;0
116.4;403464192;0
100.8;403464192;0
49.9;397914112;0
99.7;403484672;0
99.7;403484672;0
100.3;403484672;0
100.3;403484672;0
99.4;403521536;0
57.3;399499264;0
116.4;403570688;0
99.7;403570688;0
100.8;403570688;0
99.7;403570688;0
83.1;403628032;0
100.8;403628032;0
100.3;403628032;0
99.4;403628032;0
86.0;399605760;0
85.2;403693568;0
100.3;403693568;0
100.8;403693568;0
99.7;403693568;0
83.1;401956864;0
100.8;403701760;0
66.5;403730432;0
99.7;403730432;0
71.7;399704064;0
113.6;418410496;0
100.3;418410496;0
100.3;418410496;0
56.8;414384128;0
241.5;444014592;0
133.0;473829376;0
218.4;500559872;0
182.8;520327168;0
142.0;550727680;0
200.7;574824448;0
184.7;594825216;0
199.5;618278912;0
201.6;645574656;0
199.5;674406400;0
198.9;701804544;0
200.7;729120768;0
117.6;750112768;0
199.5;775974912;0
184.7;775974912;0
182.8;775974912;0
166.2;496996352;0
85.2;397881344;0
100.3;403116032;0
100.8;403116032;0
