8.3;55.3;23.1;1.8;0.0;1026.0
8.3;101.1;122.8;11.2;0.0;1026.0
8.4;140.1;148.5;7.8;0.0;1026.0
8.4;253.6;124.9;6.6;1.0;1189.0
8.4;622.9;34.7;1.9;0.0;1215.0
8.4;652.7;91.0;6.2;0.0;1215.0
8.3;667.5;198.5;3.8;0.0;1215.0
8.4;667.5;253.5;0.5;0.0;1215.0
8.3;667.5;254.1;0.5;0.0;1215.0
8.3;667.5;255.3;0.5;0.0;1215.0
8.3;667.5;255.3;0.5;0.0;1215.0
8.3;673.1;99.6;0.4;0.0;1215.0
8.4;684.6;0.0;0.0;0.0;1215.0
8.3;696.0;0.8;0.0;0.0;1215.0
8.3;708.3;0.0;0.0;0.0;1215.0
8.3;721.0;0.0;0.0;0.0;1215.0
8.3;731.9;0.0;0.0;0.0;1215.0
8.4;743.9;0.0;0.0;0.0;1215.0
8.3;756.0;0.0;0.0;0.0;1215.0
8.4;767.7;0.0;0.0;0.0;1215.0
8.4;799.3;0.0;0.0;0.0;1215.0
8.4;806.7;0.6;2.6;0.0;1215.0
8.4;796.5;0.3;2.8;0.0;1215.0
8.3;801.4;0.0;0.0;0.0;1215.0
8.4;947.5;1.5;0.0;0.0;1215.0
21.3;1616.0;3.8;302.4;78.0;7996.0
8.4;2144.0;12.1;444.0;0.0;7996.0
8.3;3200.1;9.7;348.0;1.0;7996.0
8.3;3300.2;5.8;218.8;0.0;7996.0
8.4;3275.2;0.0;0.0;0.0;7996.0
8.3;3278.9;0.0;0.0;0.0;7996.0
8.4;3290.7;0.0;0.0;0.0;7996.0
8.3;3296.7;0.0;0.0;0.0;7996.0
8.3;3298.2;0.0;0.0;0.0;7996.0
8.4;3299.5;0.0;0.0;0.0;7996.0
8.3;3300.4;0.1;8.4;0.0;7996.0
8.4;3314.5;0.0;0.0;0.0;7996.0
8.3;3318.1;0.0;0.0;0.0;7996.0
8.4;3364.6;0.6;6.8;0.0;7996.0
8.4;3372.8;3.6;272.9;0.0;7996.0
8.3;3372.8;9.4;446.1;0.0;7996.0
8.4;3372.8;9.3;446.1;0.0;7996.0
7.1;3364.8;3.4;74.4;0.0;7996.0
8.4;3365.9;0.0;0.0;0.0;7996.0
8.3;3300.8;0.4;3.5;0.0;7996.0
8.3;3343.6;0.0;0.0;0.0;7996.0
8.3;3346.2;0.0;0.0;0.0;7996.0
8.3;3351.6;0.0;0.0;0.0;7996.0
8.4;3367.5;0.0;0.0;0.0;7996.0
8.3;3393.5;0.1;0.0;2.0;8030.0
8.3;3478.6;0.7;0.3;9.0;8030.0
8.3;3486.8;0.0;0.0;0.0;8030.0
8.3;3487.3;0.0;0.0;0.0;8030.0
8.4;3490.0;0.0;0.0;0.0;8030.0
8.3;3511.2;0.0;0.0;0.0;8030.0
12.6;3511.5;0.0;0.0;99.0;8030.0
8.4;3511.5;1.2;0.0;97.0;8030.0
15.5;3511.5;0.6;0.0;99.0;8030.0
11.2;3511.5;1.2;0.0;99.0;8030.0
9.7;3511.5;1.2;0.0;99.0;8030.0
14.3;3511.6;0.6;0.0;99.0;8030.0
11.8;3511.6;1.2;0.0;97.0;8030.0
12.5;3511.6;0.6;0.0;99.0;8030.0
11.1;3511.6;1.2;0.0;99.0;8030.0
9.5;3511.6;1.2;0.0;97.0;8030.0
15.5;3511.6;0.6;0.0;99.0;8030.0
10.7;3511.6;1.2;0.0;97.0;8030.0
10.8;3511.6;1.2;0.0;97.0;8030.0
15.2;3511.6;0.6;0.0;99.0;8030.0
9.5;3511.6;1.2;0.0;97.0;8030.0
13.1;3511.6;0.6;0.0;97.0;8030.0
15.2;3511.6;1.2;0.0;97.0;8030.0
9.8;3511.6;1.2;0.0;97.0;8030.0
15.5;3511.6;0.6;0.0;97.0;8030.0
11.9;3511.6;1.2;0.0;97.0;8030.0
9.4;3511.6;1.2;0.0;97.0;8030.0
15.2;3511.6;0.6;0.0;97.0;8030.0
9.6;3511.6;1.2;0.0;97.0;8030.0
13.0;3511.6;0.6;0.0;97.0;8030.0
12.5;3511.6;1.2;0.0;97.0;8030.0
11.1;3511.6;1.2;0.0;97.0;8030.0
15.2;3511.6;0.7;0.3;99.0;8030.0
9.6;3511.6;1.2;0.0;97.0;8030.0
10.4;3511.6;1.2;0.0;97.0;8030.0
14.3;3511.6;0.6;0.0;99.0;8030.0
9.7;3511.6;1.2;0.0;97.0;8030.0
12.5;3511.6;0.6;0.0;99.0;8030.0
13.1;3511.6;1.2;0.0;99.0;8030.0
9.5;3511.6;1.2;0.0;99.0;8030.0
16.8;3511.6;0.6;0.0;99.0;8030.0
11.1;3511.6;1.2;0.0;99.0;8030.0
9.8;3511.6;1.2;0.0;99.0;8030.0
14.3;3511.6;0.6;0.0;99.0;8030.0
10.8;3511.6;1.2;0.0;97.0;8030.0
12.6;3511.6;0.6;0.0;99.0;8030.0
12.5;3511.6;1.2;0.0;99.0;8030.0
9.4;3511.6;1.2;0.0;97.0;8030.0
15.4;3511.6;0.6;0.0;99.0;8030.0
11.1;3511.6;1.2;0.0;97.0;8030.0
9.5;3511.6;1.2;0.0;97.0;8030.0
13.0;3511.6;0.6;0.0;99.0;8019.0
8.4;3511.6;1.2;0.0;97.0;8019.0
13.0;3511.6;0.6;0.0;97.0;8019.0
11.1;3511.6;1.2;0.0;97.0;8019.0
9.6;3511.6;1.2;0.0;97.0;8019.0
15.4;3511.6;0.6;0.0;97.0;8019.0
9.6;3511.6;1.2;0.0;97.0;8019.0
11.1;3511.6;0.6;0.0;97.0;8019.0
14.0;3511.6;1.2;0.0;97.0;8019.0
11.9;3511.6;1.2;0.0;97.0;8019.0
13.1;3511.6;0.6;0.0;99.0;8019.0
11.2;3511.6;1.2;0.0;97.0;8019.0
8.3;3511.6;1.2;0.0;97.0;8019.0
16.7;3511.6;0.6;0.0;99.0;8019.0
10.7;3511.6;1.2;0.0;97.0;8019.0
10.8;3511.6;0.6;0.0;99.0;8019.0
13.8;3511.6;1.6;0.3;99.0;8019.0
9.7;3511.6;1.2;0.0;97.0;8019.0
14.3;3511.6;0.6;0.0;99.0;8019.0
11.8;3511.6;1.2;0.0;99.0;8019.0
9.7;3511.6;1.2;0.0;99.0;8019.0
16.6;3511.6;0.6;0.0;99.0;8019.0
9.5;3511.6;1.2;0.0;99.0;8019.0
11.5;3511.6;0.6;0.0;99.0;8019.0
13.0;3511.6;1.2;0.0;99.0;8019.0
9.8;3511.6;1.2;0.0;97.0;8019.0
13.0;3511.6;0.6;0.0;99.0;8019.0
10.8;3511.6;1.2;0.0;99.0;8019.0
9.6;3511.6;1.2;0.0;97.0;8019.0
15.2;3511.6;0.6;0.0;99.0;8019.0
9.8;3511.6;1.2;0.0;97.0;8019.0
11.1;3511.6;0.6;0.0;97.0;8019.0
11.9;3511.6;1.2;0.0;97.0;8019.0
9.5;3511.6;1.2;0.0;97.0;8019.0
15.2;3511.6;0.6;0.0;97.0;8019.0
11.1;3511.6;1.2;0.0;97.0;8019.0
10.7;3511.6;1.2;0.0;97.0;8019.0
14.3;3511.6;0.6;0.0;97.0;8019.0
9.7;3511.6;1.2;0.0;97.0;8019.0
11.9;3511.6;0.6;0.0;97.0;8019.0
11.9;3511.6;1.2;0.0;97.0;8019.0
10.7;3511.6;1.2;0.0;97.0;8019.0
14.3;3511.6;0.6;0.0;99.0;8019.0
11.1;3511.6;1.2;0.0;97.0;8019.0
9.8;3511.6;1.2;0.0;97.0;8019.0
14.3;3511.6;0.6;0.0;99.0;8019.0
9.6;3511.6;1.2;0.0;97.0;8019.0
12.6;3511.6;0.6;0.0;99.0;8019.0
12.5;3511.6;1.2;0.0;99.0;8019.0
9.6;3511.6;1.2;0.0;99.0;8019.0
15.4;3511.6;0.6;0.0;99.0;8019.0
10.8;3511.6;1.3;0.3;99.0;8019.0
9.7;3511.6;1.2;0.0;97.0;8019.0
14.2;3511.6;0.6;0.0;99.0;8019.0
9.6;3511.6;1.2;0.0;97.0;8019.0
13.0;3511.6;0.6;0.0;97.0;8019.0
12.5;3511.6;1.2;0.0;99.0;8019.0
9.7;3511.6;1.2;0.0;97.0;8019.0
15.4;3511.6;0.6;0.0;97.0;8019.0
9.6;3511.6;1.2;0.0;97.0;8019.0
10.7;3511.6;0.6;0.0;97.0;8019.0
15.4;3511.6;1.2;0.0;97.0;8019.0
9.6;3511.6;1.2;0.0;97.0;8019.0
11.9;3511.6;0.6;0.0;97.0;8019.0
11.9;3511.6;1.2;0.0;97.0;8019.0
8.3;3511.6;1.2;0.0;97.0;8019.0
16.8;3511.6;0.6;0.0;97.0;8019.0
9.5;3511.6;1.2;0.0;97.0;8019.0
10.8;3511.6;0.6;0.0;97.0;8019.0
13.0;3511.6;1.2;0.0;97.0;8019.0
9.7;3511.6;1.2;0.0;97.0;8019.0
13.0;3511.6;0.6;0.0;99.0;8019.0
11.8;3511.6;1.2;0.0;97.0;8019.0
9.6;3511.6;1.2;0.0;97.0;8019.0
16.6;3511.6;0.6;0.0;99.0;8019.0
11.1;3511.6;1.2;0.0;97.0;8019.0
10.8;3511.6;0.6;0.0;99.0;8019.0
13.0;3511.6;1.5;0.0;99.0;8019.0
9.8;3511.6;1.2;0.0;97.0;8019.0
13.0;3511.6;0.6;0.0;99.0;8019.0
11.9;3511.6;1.2;0.0;99.0;8019.0
9.6;3511.6;1.2;0.0;99.0;8019.0
14.3;3511.6;0.6;0.0;99.0;8019.0
9.8;3511.6;1.2;0.0;97.0;8019.0
11.1;3511.6;0.6;0.0;98.0;8019.0
13.1;3511.6;1.2;0.0;99.0;8019.0
10.7;3511.6;1.3;0.3;97.0;8019.0
13.8;3511.6;0.6;0.0;97.0;8019.0
12.5;3511.6;1.2;0.0;97.0;8019.0
9.5;3511.6;1.2;0.0;97.0;8019.0
15.5;3511.6;0.6;0.0;97.0;8019.0
9.5;3511.6;1.2;0.0;97.0;8019.0
11.1;3511.6;0.6;0.0;97.0;8019.0
13.8;3511.6;1.2;0.0;97.0;8019.0
9.5;3511.6;1.2;0.0;97.0;8019.0
14.3;3511.6;0.6;0.0;97.0;8019.0
15.2;3511.6;1.2;0.0;97.0;8019.0
8.4;3511.6;1.2;0.0;97.0;8019.0
15.5;3511.6;0.6;0.0;97.0;8019.0
9.6;3511.6;1.2;0.0;97.0;8019.0
11.9;3511.6;0.6;0.0;97.0;8019.0
13.8;3511.6;1.2;0.0;97.0;8019.0
9.6;3511.6;1.2;0.0;97.0;8019.0
14.2;3511.6;0.6;0.0;99.0;8019.0
10.8;3511.6;1.2;0.0;97.0;8019.0
9.7;3511.6;1.2;0.0;97.0;8019.0
16.6;3511.6;0.6;0.0;99.0;8019.0
9.7;3511.6;1.2;0.0;97.0;8019.0
11.8;3511.6;0.6;0.0;99.0;8019.0
11.9;3511.6;1.2;0.0;99.0;8019.0
9.7;3511.6;1.2;0.0;99.0;8019.0
15.2;3511.6;0.6;0.0;99.0;8019.0
10.8;3511.6;1.2;0.0;99.0;8019.0
9.5;3511.6;1.2;0.0;99.0;8019.0
16.8;3511.6;0.6;0.0;99.0;8019.0
11.1;3511.6;1.2;0.0;97.0;8019.0
13.1;3511.6;0.6;0.0;99.0;8019.0
11.9;3511.6;1.2;0.0;99.0;8019.0
9.6;3511.6;1.2;0.0;97.0;8019.0
15.4;3511.6;0.6;0.0;99.0;8019.0
11.8;3511.6;1.2;0.0;97.0;8019.0
9.6;3511.6;1.2;0.0;97.0;8019.0
14.2;3511.6;0.7;0.3;98.0;8019.0
9.7;3511.6;1.2;0.0;97.0;8019.0
12.5;3511.6;0.6;0.0;97.0;8019.0
13.0;3511.6;1.2;0.0;97.0;8019.0
9.6;3511.6;1.2;0.0;97.0;8019.0
15.4;3511.6;0.6;0.0;97.0;8019.0
11.1;3511.6;1.2;0.0;97.0;8019.0
10.8;3511.6;1.2;0.0;97.0;8019.0
14.2;3511.6;0.6;0.0;97.0;8019.0
10.4;3511.6;1.2;0.0;97.0;8019.0
12.5;3511.6;0.6;0.0;97.0;8019.0
12.6;3511.6;1.2;0.0;97.0;8019.0
9.6;3511.6;1.2;0.0;97.0;8019.0
14.6;3511.6;0.6;0.0;99.0;8019.0
9.8;3511.6;1.2;0.0;97.0;8019.0
9.7;3511.6;0.6;0.0;99.0;8019.0
14.3;3511.6;1.5;0.0;99.0;8019.0
9.6;3511.6;1.2;0.0;97.0;8019.0
13.1;3511.6;0.6;0.0;99.0;8019.0
11.1;3511.6;1.2;0.0;99.0;8019.0
9.7;3511.6;1.2;0.0;99.0;8019.0
15.5;3511.6;0.6;0.0;99.0;8019.0
9.5;3511.6;1.2;0.0;99.0;8019.0
11.1;3511.6;0.6;0.0;99.0;8019.0
15.2;3511.6;1.2;0.0;99.0;8019.0
9.6;3511.6;1.2;0.0;97.0;8019.0
13.1;3511.6;0.6;0.0;99.0;8019.0
11.8;3511.6;1.2;0.0;99.0;8019.0
8.4;3511.6;1.2;0.0;97.0;8019.0
16.6;3511.6;0.6;0.0;99.0;8019.0
9.6;3511.6;1.2;0.0;97.0;8019.0
10.8;3511.6;0.6;0.0;97.0;8019.0
13.8;3511.6;1.2;0.0;99.0;8019.0
9.6;3511.6;1.2;0.0;97.0;8019.0
14.2;3511.6;0.6;0.0;97.0;8019.0
11.9;3511.6;1.3;0.3;97.0;8019.0
8.3;3511.6;1.2;0.0;97.0;8019.0
16.6;3511.6;0.6;0.0;97.0;8019.0
9.7;3511.6;1.2;0.0;97.0;8019.0
11.8;3511.6;0.6;0.0;97.0;8019.0
13.1;3511.6;1.2;0.0;97.0;8019.0
9.7;3511.6;1.2;0.0;97.0;8019.0
13.8;3511.6;0.6;0.0;99.0;8019.0
11.9;3511.6;1.2;0.0;97.0;8019.0
8.3;3511.6;1.2;0.0;97.0;8019.0
15.5;3511.6;0.6;0.0;99.0;8019.0
9.7;3511.6;1.2;0.0;97.0;8019.0
11.2;3511.6;0.6;0.0;99.0;8019.0
13.1;3511.6;1.2;0.0;99.0;8019.0
10.8;3511.6;1.2;0.0;97.0;8019.0
14.0;3511.6;0.6;0.0;99.0;8019.0
12.5;3511.6;1.2;0.0;99.0;8019.0
9.6;3511.6;1.2;0.0;99.0;8019.0
15.4;3511.6;0.6;0.0;99.0;8019.0
9.6;3511.6;1.2;0.0;99.0;8019.0
11.1;3511.6;0.6;0.0;99.0;8019.0
13.0;3511.6;1.2;0.0;99.0;8019.0
9.6;3511.6;1.2;0.0;97.0;8019.0
14.2;3511.6;0.6;0.0;99.0;8019.0
11.1;3511.6;1.2;0.0;97.0;8019.0
8.3;3511.6;1.2;0.0;97.0;8019.0
16.6;3511.6;0.6;0.0;99.0;8019.0
9.6;3511.6;1.2;0.0;97.0;8019.0
11.8;3511.6;0.6;0.0;97.0;8019.0
12.6;3511.6;1.2;0.0;97.0;8019.0
12.5;3511.6;1.2;0.0;97.0;8019.0
14.3;3511.6;0.6;0.0;97.0;8019.0
10.8;3511.6;1.2;0.0;97.0;8019.0
9.7;3511.6;1.2;0.0;97.0;8019.0
18.2;3511.6;0.6;0.0;97.0;8019.0
9.5;3511.6;1.3;0.3;97.0;8019.0
11.9;3511.6;0.6;0.0;97.0;8019.0
11.8;3511.6;1.2;0.0;97.0;8019.0
9.7;3511.6;1.2;0.0;97.0;8019.0
15.5;3511.6;0.6;0.0;99.0;8019.0
10.7;3511.6;1.2;0.0;97.0;8019.0
9.6;3511.6;1.2;0.0;99.0;8019.0
15.4;3511.6;0.9;0.0;99.0;8019.0
