7.2;54.2;21.3;2.2;0.0;1032.0
8.4;88.9;99.6;8.9;0.0;1032.0
8.3;132.7;143.7;9.3;0.0;1032.0
5.6;167.0;138.1;7.5;0.0;1154.0
8.3;618.6;23.7;0.4;3.0;1206.0
7.2;645.1;88.8;6.5;0.0;1206.0
8.4;668.5;159.6;5.0;0.0;1206.0
8.3;668.5;243.0;0.4;0.0;1206.0
8.4;668.5;243.3;0.4;0.0;1206.0
8.3;668.5;242.7;0.4;0.0;1206.0
8.4;668.5;243.3;0.4;0.0;1206.0
8.3;671.5;218.6;0.6;0.0;1206.0
8.3;679.7;0.4;0.0;0.0;1206.0
8.4;690.1;0.0;0.0;0.0;1206.0
7.1;701.3;0.8;0.0;0.0;1206.0
8.4;715.1;0.0;0.0;0.0;1206.0
8.3;725.7;0.0;0.0;0.0;1206.0
8.3;738.2;0.0;0.0;0.0;1206.0
8.3;750.1;0.0;0.0;0.0;1206.0
8.3;761.7;0.0;0.0;0.0;1206.0
8.4;770.5;0.0;0.0;0.0;1206.0
8.3;817.7;0.0;0.0;0.0;1206.0
8.4;825.2;0.6;2.6;0.0;1206.0
8.3;796.1;0.3;2.8;0.0;1206.0
8.3;807.0;1.5;0.0;0.0;1206.0
8.4;921.8;0.0;0.0;0.0;2550.0
8.3;1664.1;6.9;436.4;83.0;7987.0
8.3;2162.2;13.7;466.0;0.0;7987.0
8.3;3218.3;8.2;323.8;0.0;7987.0
8.3;3296.9;2.6;87.0;0.0;7987.0
8.3;3283.8;0.0;0.0;0.0;7987.0
8.3;3328.3;0.0;0.0;0.0;7987.0
8.4;3298.4;0.0;0.0;0.0;7987.0
8.3;3299.4;0.0;0.0;0.0;7987.0
8.3;3300.6;0.0;0.0;0.0;7987.0
8.3;3302.1;0.0;0.0;0.0;7987.0
8.3;3304.5;0.1;8.4;0.0;7987.0
8.4;3321.3;0.0;0.0;0.0;7987.0
8.3;3320.1;0.3;3.3;0.0;7987.0
10.8;3366.7;0.3;3.5;59.0;7987.0
8.4;3374.7;6.4;403.6;0.0;7987.0
8.4;3374.7;9.3;450.7;0.0;7987.0
2.8;3374.7;8.2;385.3;0.0;7987.0
8.3;3369.8;1.8;0.1;0.0;7987.0
8.4;3314.6;0.1;3.5;0.0;7987.0
8.3;3333.6;0.3;0.0;0.0;7987.0
8.3;3344.7;0.0;0.0;0.0;7987.0
8.3;3346.8;0.0;0.0;0.0;7987.0
8.3;3348.2;0.0;0.0;0.0;7987.0
8.4;3366.7;0.0;0.0;0.0;7997.0
10.7;3408.6;0.2;0.3;77.0;8021.0
8.3;3480.3;0.6;0.0;0.0;8021.0
8.3;3485.8;0.0;0.0;0.0;8021.0
8.3;3488.1;0.0;0.0;0.0;8021.0
8.4;3501.7;0.0;0.0;0.0;8021.0
8.3;3510.5;0.0;0.0;0.0;8021.0
11.2;3510.6;0.6;0.0;97.0;8021.0
8.4;3510.6;0.6;0.0;99.0;8021.0
9.6;3510.6;1.2;0.0;99.0;8021.0
9.6;3510.6;1.2;0.0;99.0;8021.0
8.3;3510.6;0.6;0.0;99.0;8021.0
9.6;3510.6;1.2;0.0;99.0;8021.0
8.3;3510.6;0.6;0.0;98.0;8021.0
8.4;3510.6;1.2;0.0;99.0;8021.0
9.7;3510.6;1.2;0.0;97.0;8021.0
8.3;3510.6;0.6;0.0;99.0;8021.0
9.6;3510.6;1.2;0.0;99.0;8021.0
9.5;3510.6;1.2;0.0;97.0;8021.0
8.4;3510.6;0.6;0.0;99.0;8021.0
11.1;3510.7;1.2;0.0;97.0;8021.0
8.3;3510.7;0.6;0.0;97.0;8021.0
8.4;3510.7;1.2;0.0;99.0;8021.0
9.5;3510.7;1.2;0.0;97.0;8021.0
8.4;3510.7;0.6;0.0;97.0;8021.0
11.1;3510.7;1.2;0.0;97.0;8021.0
9.6;3510.7;1.2;0.0;97.0;8021.0
8.4;3510.7;0.6;0.0;97.0;8021.0
9.7;3510.7;1.2;0.0;97.0;8021.0
8.4;3510.7;0.6;0.0;97.0;8021.0
8.3;3510.7;1.2;0.0;97.0;8021.0
9.6;3510.7;1.2;0.0;97.0;8021.0
8.3;3510.7;0.6;0.0;99.0;8021.0
9.7;3510.7;1.3;0.3;97.0;8021.0
9.7;3510.7;1.2;0.0;97.0;8021.0
8.3;3510.7;0.6;0.0;99.0;8021.0
9.6;3510.7;1.2;0.0;97.0;8021.0
8.3;3510.7;0.6;0.0;99.0;8021.0
8.3;3510.7;1.2;0.0;99.0;8021.0
10.8;3510.7;1.2;0.0;97.0;8021.0
8.3;3510.7;0.6;0.0;99.0;8021.0
9.6;3510.7;1.2;0.0;99.0;8021.0
8.3;3510.7;1.2;0.0;99.0;8021.0
8.4;3510.7;0.6;0.0;99.0;8021.0
9.6;3510.7;1.2;0.0;99.0;8021.0
8.4;3510.7;0.6;0.0;99.0;8021.0
8.4;3510.7;1.2;0.0;99.0;8021.0
9.7;3510.7;1.2;0.0;97.0;8021.0
8.4;3510.7;0.6;0.0;99.0;8021.0
9.5;3510.7;1.2;0.0;97.0;8021.0
9.6;3510.7;1.2;0.0;97.0;8021.0
8.3;3510.7;0.6;0.0;99.0;8021.0
9.7;3510.7;1.2;0.0;97.0;8021.0
8.4;3510.7;0.6;0.0;97.0;8021.0
8.3;3510.7;1.2;0.0;97.0;8021.0
11.1;3510.7;1.2;0.0;97.0;8021.0
8.3;3510.7;0.6;0.0;97.0;8021.0
10.7;3510.7;1.2;0.0;97.0;8021.0
8.4;3510.7;1.2;0.0;97.0;8021.0
8.3;3510.7;0.6;0.0;97.0;8021.0
9.8;3510.7;1.2;0.0;97.0;8021.0
8.3;3510.7;0.6;0.0;97.0;8021.0
8.4;3510.7;1.2;0.0;97.0;8021.0
9.6;3510.7;1.2;0.0;97.0;8021.0
8.3;3510.7;0.6;0.0;99.0;8021.0
9.8;3510.7;1.2;0.0;97.0;8021.0
8.3;3510.7;0.6;0.0;97.0;8021.0
9.6;3510.7;1.2;0.0;99.0;8021.0
14.2;3510.7;1.6;0.3;97.0;8021.0
8.3;3510.7;0.6;0.0;99.0;8021.0
8.3;3510.7;1.2;0.0;99.0;8021.0
9.5;3510.7;1.2;0.0;99.0;8021.0
8.4;3510.7;0.6;0.0;99.0;8021.0
12.5;3510.7;1.2;0.0;99.0;8021.0
8.3;3510.7;0.6;0.0;99.0;8021.0
8.4;3510.7;1.2;0.0;99.0;8021.0
9.5;3510.7;1.2;0.0;97.0;8021.0
8.4;3510.7;0.6;0.0;99.0;8021.0
8.3;3510.7;1.2;0.0;99.0;8021.0
11.9;3510.7;1.2;0.0;97.0;8021.0
8.4;3510.7;0.6;0.0;99.0;8021.0
9.6;3510.7;1.2;0.0;97.0;8021.0
8.4;3510.7;0.6;0.0;97.0;8021.0
8.3;3510.7;1.2;0.0;99.0;8021.0
10.8;3510.7;1.2;0.0;97.0;8021.0
8.3;3510.7;0.6;0.0;97.0;8021.0
8.3;3510.7;1.2;0.0;97.0;8021.0
9.7;3510.7;1.2;0.0;97.0;8021.0
8.3;3510.7;0.6;0.0;97.0;8021.0
10.8;3510.6;1.2;0.0;97.0;8021.0
8.3;3510.6;1.2;0.0;97.0;8021.0
8.3;3510.6;0.6;0.0;97.0;8021.0
9.7;3510.6;1.2;0.0;97.0;8021.0
8.3;3510.6;0.6;0.0;97.0;8021.0
9.6;3510.6;1.2;0.0;97.0;8021.0
11.1;3510.6;1.2;0.0;97.0;8021.0
8.4;3510.6;0.6;0.0;97.0;8021.0
9.6;3510.6;1.2;0.0;97.0;8021.0
9.4;3510.6;0.6;0.0;99.0;8021.0
8.4;3510.6;1.2;0.0;97.0;8021.0
11.1;3510.6;1.2;0.0;97.0;8021.0
8.4;3510.6;0.6;0.0;99.0;8021.0
9.5;3510.6;1.2;0.0;99.0;8021.0
9.6;3510.6;1.3;0.3;99.0;8021.0
8.3;3510.6;0.6;0.0;99.0;8021.0
9.7;3510.6;1.2;0.0;99.0;8021.0
8.3;3510.6;0.6;0.0;99.0;8021.0
8.3;3510.6;1.2;0.0;99.0;8021.0
9.6;3510.6;1.2;0.0;97.0;8021.0
8.3;3510.6;0.6;0.0;99.0;8021.0
9.7;3510.6;1.2;0.0;99.0;8021.0
13.1;3510.6;1.2;0.0;97.0;8021.0
8.3;3510.6;0.6;0.0;99.0;8021.0
9.8;3510.6;1.2;0.0;97.0;8021.0
8.3;3510.6;0.6;0.0;97.0;8021.0
8.4;3510.6;1.2;0.0;99.0;8021.0
10.8;3510.6;1.2;0.0;97.0;8021.0
8.4;3510.6;0.6;0.0;97.0;8021.0
9.8;3510.6;1.2;0.0;97.0;8021.0
8.3;3510.6;1.2;0.0;97.0;8021.0
8.4;3510.6;0.6;0.0;97.0;8021.0
10.7;3510.6;1.2;0.0;97.0;8021.0
8.3;3510.6;0.6;0.0;97.0;8021.0
8.3;3510.6;1.2;0.0;97.0;8029.0
9.5;3510.6;1.2;0.0;97.0;8029.0
8.4;3510.6;0.6;0.0;97.0;8029.0
10.7;3510.6;1.2;0.0;97.0;8029.0
8.3;3510.6;0.6;0.0;97.0;8029.0
8.4;3510.6;1.2;0.0;97.0;8029.0
9.5;3510.6;1.5;0.0;97.0;8029.0
8.3;3510.6;0.6;0.0;99.0;8029.0
8.3;3510.6;1.2;0.0;97.0;8029.0
9.8;3510.6;1.2;0.0;97.0;8029.0
8.4;3510.6;0.6;0.0;99.0;8029.0
9.6;3510.6;1.2;0.0;97.0;8029.0
8.4;3510.6;0.6;0.0;99.0;8029.0
8.3;3510.6;1.2;0.0;99.0;8029.0
10.8;3510.6;1.2;0.0;97.0;8029.0
8.3;3510.6;0.7;0.3;99.0;8029.0
8.4;3510.6;1.2;0.0;99.0;8029.0
9.7;3510.6;1.2;0.0;97.0;8029.0
8.3;3510.6;0.6;0.0;99.0;8029.0
9.6;3510.6;1.2;0.0;97.0;8029.0
8.3;3510.6;0.6;0.0;97.0;8029.0
8.4;3510.6;1.2;0.0;99.0;8029.0
9.7;3510.6;1.2;0.0;97.0;8029.0
8.4;3510.6;0.6;0.0;97.0;8029.0
9.6;3510.6;1.2;0.0;97.0;8029.0
9.5;3510.6;1.2;0.0;97.0;8029.0
8.4;3510.6;0.6;0.0;97.0;8029.0
9.7;3510.6;1.2;0.0;97.0;8029.0
8.4;3510.6;0.6;0.0;97.0;8029.0
8.4;3510.6;1.2;0.0;97.0;8029.0
12.5;3510.6;1.2;0.0;97.0;8029.0
8.4;3507.1;0.6;0.0;98.0;8029.0
9.5;3491.9;1.2;0.0;97.0;8029.0
9.6;3491.9;1.2;0.0;97.0;8029.0
8.3;3491.9;0.6;0.0;99.0;8029.0
9.7;3491.9;1.2;0.0;97.0;8029.0
8.3;3491.9;0.6;0.0;99.0;8029.0
8.3;3491.9;1.2;0.0;99.0;8029.0
10.8;3491.9;1.2;0.0;97.0;8029.0
8.3;3491.9;0.6;0.0;99.0;8029.0
9.7;3491.9;1.2;0.0;99.0;8029.0
7.2;3491.9;1.2;0.0;99.0;8029.0
8.3;3491.9;0.6;0.0;99.0;8029.0
9.6;3491.9;1.2;0.0;99.0;8029.0
8.3;3491.9;0.6;0.0;99.0;8029.0
8.4;3491.9;1.2;0.0;99.0;8029.0
9.6;3491.9;1.2;0.0;97.0;8029.0
8.4;3491.9;0.6;0.0;99.0;8029.0
11.2;3491.9;1.2;0.0;99.0;8029.0
8.3;3491.9;1.2;0.0;97.0;8029.0
8.4;3491.9;0.6;0.0;99.0;8029.0
10.7;3491.9;1.3;0.3;97.0;8029.0
8.4;3491.9;0.6;0.0;97.0;8029.0
8.3;3491.9;1.2;0.0;97.0;8029.0
9.7;3491.9;1.2;0.0;97.0;8029.0
8.4;3491.9;0.6;0.0;97.0;8029.0
10.7;3491.9;1.2;0.0;97.0;8029.0
8.3;3491.9;1.2;0.0;97.0;8029.0
8.3;3491.9;0.6;0.0;97.0;8029.0
9.7;3491.9;1.2;0.0;97.0;8029.0
8.4;3491.9;0.6;0.0;97.0;8029.0
8.3;3491.9;1.2;0.0;97.0;8029.0
11.2;3491.9;1.2;0.0;97.0;8029.0
8.3;3491.9;0.6;0.0;97.0;8029.0
9.6;3491.9;1.2;0.0;97.0;8029.0
8.4;3491.9;0.6;0.0;97.0;8029.0
8.3;3491.9;1.2;0.0;97.0;8029.0
11.2;3491.9;1.5;0.0;97.0;8029.0
8.3;3491.9;0.6;0.0;99.0;8029.0
8.4;3491.9;1.2;0.0;98.0;8029.0
9.5;3491.9;1.2;0.0;97.0;8029.0
8.3;3492.0;0.6;0.0;99.0;8029.0
9.6;3492.0;1.2;0.0;99.0;8029.0
8.3;3492.0;0.6;0.0;99.0;8029.0
8.4;3492.0;1.2;0.0;99.0;8029.0
9.7;3492.0;1.2;0.0;97.0;8029.0
8.3;3492.0;0.6;0.0;99.0;8029.0
8.4;3492.0;1.2;0.0;99.0;8029.0
10.7;3492.0;1.2;0.0;97.0;8029.0
8.4;3492.0;0.6;0.0;99.0;8029.0
9.7;3492.0;1.2;0.0;97.0;8029.0
8.4;3492.0;0.6;0.0;97.0;8029.0
8.4;3492.0;1.2;0.0;99.0;8029.0
9.6;3492.0;1.2;0.0;97.0;8029.0
8.4;3492.0;0.6;0.0;97.0;8029.0
8.3;3492.0;1.2;0.0;97.0;8029.0
9.6;3492.0;1.3;0.3;97.0;8029.0
8.3;3492.0;0.6;0.0;97.0;8017.0
9.7;3492.0;1.2;0.0;97.0;8017.0
8.3;3492.0;0.6;0.0;97.0;8017.0
8.3;3492.0;1.2;0.0;97.0;8017.0
9.5;3492.0;1.2;0.0;97.0;8017.0
8.3;3492.0;0.6;0.0;97.0;8017.0
8.3;3492.0;1.2;0.0;97.0;8017.0
9.7;3492.0;1.2;0.0;97.0;8017.0
8.3;3492.0;0.6;0.0;98.0;8017.0
13.1;3492.0;1.2;0.0;97.0;8017.0
8.3;3492.0;0.6;0.0;97.0;8017.0
8.4;3492.0;1.2;0.0;97.0;8017.0
9.5;3492.0;1.2;0.0;97.0;8017.0
8.4;3492.0;0.6;0.0;99.0;8017.0
9.6;3492.0;1.2;0.0;97.0;8017.0
6.9;3492.0;1.2;0.0;99.0;8017.0
8.4;3492.0;0.6;0.0;99.0;8017.0
9.5;3492.0;1.2;0.0;97.0;8017.0
8.4;3492.0;0.6;0.0;99.0;8017.0
8.3;3492.0;1.2;0.0;99.0;8017.0
9.6;3492.0;1.2;0.0;98.0;8017.0
8.4;3492.0;0.6;0.0;99.0;8017.0
9.5;3492.0;1.2;0.0;99.0;8017.0
8.4;3492.0;1.2;0.0;97.0;8017.0
8.3;3492.0;0.6;0.0;99.0;8017.0
9.7;3492.0;1.2;0.0;97.0;8017.0
8.4;3492.0;0.6;0.0;97.0;8017.0
8.3;3492.0;1.2;0.0;99.0;8017.0
9.8;3492.0;1.2;0.0;97.0;8017.0
8.3;3492.0;0.6;0.0;97.0;8017.0
10.8;3492.0;1.2;0.0;97.0;8017.0
9.6;3492.0;1.2;0.0;97.0;8017.0
8.4;3492.0;0.6;0.0;97.0;8017.0
9.8;3492.0;1.2;0.0;97.0;8017.0
8.3;3492.0;0.7;0.3;97.0;8017.0
8.4;3492.0;1.2;0.0;97.0;8017.0
9.5;3492.0;1.2;0.0;97.0;8017.0
8.3;3492.0;0.6;0.0;97.0;8017.0
9.7;3492.0;1.2;0.0;97.0;8017.0
8.3;3492.0;1.2;0.0;97.0;8017.0
8.4;3492.0;0.6;0.0;97.0;8017.0
