7.2;11.2;1.2;0.0;476.0


8.4;132.4;7.2;0.0;476.0


8.4;100.6;8.8;0.0;476.0


0.0;61.8;6.1;1.0;476.0


0.0;0.3;0.0;0.0;476.0


8.4;27.8;1.1;0.0;476.0


8.3;0.3;0.0;6.0;650.0


8.4;0.0;0.0;7.0;792.0


8.3;0.0;0.0;5.0;935.0


8.4;0.2;0.0;6.0;1049.0


8.4;0.0;0.0;7.0;1223.0


8.3;70.2;67.7;3.0;1351.0


8.3;84.8;353.6;40.0;1905.0


20.1;0.0;0.0;71.0;1905.0


0.0;0.1;0.0;0.0;1905.0


0.0;0.3;0.0;0.0;1905.0


0.0;14.6;0.2;0.0;1905.0


0.0;0.3;0.0;1.0;1905.0


8.3;15.0;0.7;42.0;1983.0


8.3;0.0;0.0;40.0;2081.0


8.4;0.0;0.0;30.0;2179.0


8.3;0.0;0.0;32.0;2275.0


8.4;0.0;0.0;44.0;4743.0


50.2;0.0;0.0;30.0;4743.0


8.4;0.0;0.0;55.0;4743.0


8.3;0.0;0.0;54.0;4743.0


8.3;0.0;0.0;54.0;4743.0


8.3;0.0;0.0;54.0;4743.0


8.3;0.0;0.0;54.0;4743.0


8.4;0.0;0.0;55.0;4743.0


8.3;0.0;0.0;54.0;4743.0


8.4;0.0;0.0;54.0;4743.0


8.4;0.0;0.0;54.0;4743.0


8.3;0.0;0.0;55.0;4743.0


8.4;0.0;0.0;55.0;4743.0


8.3;0.0;0.0;54.0;4743.0


0.0;10.6;0.8;0.0;4743.0


0.0;0.3;0.0;0.0;4743.0


0.0;13.1;0.2;0.0;4743.0


0.0;0.3;0.0;0.0;4743.0


8.3;14.4;0.7;11.0;4765.0


8.4;0.0;0.0;43.0;4765.0


8.3;0.0;0.0;43.0;4765.0


8.4;0.0;0.0;43.0;4765.0


49.7;0.0;0.0;51.0;4765.0


8.3;0.0;0.0;55.0;4765.0


8.4;0.0;0.0;55.0;4765.0


8.3;0.0;0.0;54.0;4765.0


8.4;0.0;0.0;53.0;4765.0


8.3;0.0;0.0;55.0;4765.0


8.4;0.0;0.0;54.0;4765.0


8.3;0.0;0.0;55.0;4765.0


8.3;0.0;0.0;54.0;4765.0


8.4;0.0;0.0;55.0;4765.0


8.4;0.0;0.0;55.0;4765.0


8.3;0.0;0.0;54.0;4765.0


8.4;0.0;0.0;54.0;4765.0


0.0;10.6;0.8;0.0;4765.0


0.0;0.3;0.0;0.0;4765.0


0.0;15.0;0.2;0.0;4765.0


0.0;0.3;0.0;0.0;4765.0


8.3;16.2;0.7;43.0;4765.0


8.3;0.0;0.0;43.0;4765.0


8.3;0.0;0.0;43.0;4765.0


43.8;0.0;0.0;32.0;4765.0


8.3;0.0;0.0;53.0;4765.0


8.3;0.0;0.0;54.0;4765.0


8.4;0.0;0.0;54.0;4765.0


8.4;0.0;0.0;54.0;4765.0


8.3;0.0;0.0;54.0;4765.0


8.4;0.0;0.0;54.0;4765.0


8.3;0.0;0.0;54.0;4765.0


8.4;0.0;0.0;54.0;4765.0


8.4;0.0;0.0;54.0;4765.0


8.3;0.0;0.0;53.0;4765.0


8.4;0.0;0.0;54.0;4765.0


8.3;0.0;0.0;54.0;4765.0


6.0;10.6;0.8;37.0;4765.0


0.0;0.3;0.0;1.0;4765.0


0.0;13.9;0.2;0.0;4765.0


1.2;0.3;0.0;0.0;4765.0


4.2;16.0;0.7;7.0;4765.0


8.4;0.0;0.0;43.0;4765.0


8.3;0.0;0.0;43.0;4765.0


8.3;0.0;0.0;44.0;4765.0


49.7;0.0;0.0;34.0;4765.0


8.3;0.0;0.0;55.0;4765.0


8.4;0.0;0.0;55.0;4765.0


8.3;0.0;0.0;55.0;4765.0


8.4;0.0;0.0;54.0;4765.0


8.4;0.0;0.0;53.0;4765.0


8.4;0.0;0.0;53.0;4765.0


8.4;0.0;0.0;54.0;4765.0


8.3;0.0;0.0;54.0;4765.0


8.4;0.0;0.0;54.0;4765.0


8.3;0.0;0.0;55.0;4765.0


8.3;0.0;0.0;54.0;4765.0


8.3;0.0;0.0;36.0;4765.0


5.9;10.6;0.8;4.0;4765.0


0.0;0.3;0.0;0.0;4765.0


0.0;14.5;0.2;0.0;4765.0


0.0;0.3;0.0;0.0;4765.0


5.5;14.4;0.4;0.0;4765.0


8.3;1.0;0.3;44.0;4765.0


8.4;0.0;0.0;43.0;4765.0


8.3;0.0;0.0;44.0;4765.0


50.2;0.0;0.0;44.0;4765.0


8.3;0.0;0.0;55.0;4765.0


8.4;0.0;0.0;54.0;4765.0


8.4;0.0;0.0;54.0;4765.0


8.3;0.0;0.0;54.0;4765.0


8.4;0.0;0.0;54.0;4765.0


8.3;0.0;0.0;54.0;4765.0


8.4;0.0;0.0;54.0;4765.0


8.3;0.0;0.0;54.0;4765.0


8.4;0.0;0.0;54.0;4765.0


8.4;0.0;0.0;54.0;4765.0


8.3;0.0;0.0;54.0;4765.0


8.3;0.0;0.0;54.0;4765.0


0.0;10.6;0.8;0.0;4765.0


0.0;0.3;0.0;0.0;4765.0


0.0;14.7;0.2;0.0;4765.0


0.0;0.3;0.0;0.0;4765.0


8.4;16.3;0.7;0.0;4765.0


8.3;0.0;0.0;44.0;4765.0


8.4;0.0;0.0;43.0;4765.0


8.4;0.0;0.0;44.0;4765.0


50.2;0.0;0.0;48.0;4765.0


8.4;0.0;0.0;55.0;4765.0


8.4;0.0;0.0;55.0;4765.0


8.3;0.0;0.0;54.0;4765.0


8.3;0.0;0.0;54.0;4765.0


8.3;0.0;0.0;54.0;4765.0


8.3;0.0;0.0;54.0;4765.0


8.4;0.0;0.0;54.0;4765.0


8.3;0.0;0.0;54.0;4765.0


8.4;0.0;0.0;55.0;4765.0


8.3;0.0;0.0;54.0;4765.0


8.4;0.0;0.0;55.0;4765.0


8.4;0.0;0.0;26.0;4765.0


0.0;10.6;0.8;0.0;4765.0


0.0;0.3;0.0;0.0;4765.0


0.0;13.7;0.2;0.0;4765.0


0.0;0.3;0.0;0.0;4765.0


8.3;15.9;0.7;30.0;4765.0


8.3;0.0;0.0;44.0;4765.0


8.3;0.0;0.0;43.0;4765.0


37.9;0.0;0.0;58.0;4765.0


8.3;0.0;0.0;54.0;4765.0


8.3;0.0;0.0;54.0;4765.0


8.3;0.0;0.0;54.0;4765.0


8.4;0.0;0.0;54.0;4765.0


8.3;0.0;0.0;54.0;4765.0


8.4;0.0;0.0;55.0;4765.0


8.3;0.0;0.0;54.0;4765.0


8.4;0.0;0.0;54.0;4765.0


8.3;0.0;0.0;55.0;4765.0


8.3;0.0;0.0;53.0;4765.0


8.4;0.0;0.0;54.0;4765.0


8.3;0.0;0.0;54.0;4765.0


4.8;10.6;0.8;20.0;4765.0


0.0;0.3;0.0;0.0;4765.0


0.0;13.7;0.2;0.0;4765.0


0.0;0.3;0.0;0.0;4765.0


4.8;16.1;0.7;0.0;4765.0


8.4;0.0;0.0;43.0;4765.0


8.3;0.0;0.0;44.0;4765.0


8.3;0.0;0.0;36.0;4765.0


49.7;0.0;0.0;32.0;4765.0


8.3;0.0;0.0;55.0;4765.0


8.4;0.0;0.0;54.0;4765.0


8.3;0.0;0.0;54.0;4765.0


8.4;0.0;0.0;53.0;4765.0


8.3;0.0;0.0;54.0;4765.0


8.4;0.0;0.0;54.0;4765.0


8.4;0.0;0.0;55.0;4765.0


8.4;0.0;0.0;54.0;4765.0


8.4;0.0;0.0;55.0;4765.0


8.3;0.0;0.0;54.0;4765.0


8.4;0.0;0.0;55.0;4765.0


8.3;0.0;0.0;55.0;4765.0


0.0;10.6;0.8;3.0;4765.0


0.0;0.3;0.0;0.0;4765.0


0.0;12.7;0.2;0.0;4765.0


0.0;0.3;0.0;0.0;4765.0


8.3;16.5;0.7;18.0;4765.0


8.3;0.0;0.0;44.0;4765.0


8.4;0.0;0.0;43.0;4765.0


8.3;0.0;0.0;44.0;4765.0


49.7;0.0;0.0;52.0;4765.0


8.4;0.0;0.0;55.0;4765.0


8.3;0.0;0.0;54.0;4765.0


8.4;0.0;0.0;54.0;4765.0


8.3;0.0;0.0;54.0;4765.0


8.4;0.0;0.0;55.0;4765.0


8.3;0.0;0.0;55.0;4765.0


8.3;0.0;0.0;55.0;4765.0


8.3;0.0;0.0;54.0;4765.0


8.3;0.0;0.0;54.0;4765.0


8.3;0.0;0.0;54.0;4765.0


8.4;0.0;0.0;55.0;4765.0


8.3;0.0;0.0;36.0;4765.0


0.0;10.6;0.8;0.0;4765.0


0.0;0.3;0.0;0.0;4765.0


0.0;12.4;0.2;0.0;4765.0


0.0;0.3;0.0;0.0;4765.0


8.3;16.0;0.7;43.0;4765.0


8.4;0.0;0.0;43.0;4765.0


8.4;0.0;0.0;42.0;4765.0


26.3;0.0;0.0;43.0;4765.0


24.0;0.0;0.0;49.0;4765.0


8.4;0.0;0.0;54.0;4765.0


8.3;0.0;0.0;51.0;4765.0


8.3;0.0;0.0;50.0;4765.0


8.4;0.0;0.0;53.0;4765.0


8.3;0.0;0.0;54.0;4765.0


8.3;0.0;0.0;53.0;4765.0


8.3;0.0;0.0;53.0;4765.0


8.3;0.0;0.0;52.0;4765.0


8.3;0.0;0.0;54.0;4765.0


8.3;0.0;0.0;53.0;4765.0


8.4;0.0;0.0;54.0;4765.0


8.4;0.0;0.0;54.0;4765.0


0.0;10.6;0.8;0.0;4765.0


0.0;0.3;0.0;0.0;4765.0


0.0;14.6;0.2;3.0;4765.0


8.4;16.3;0.7;31.0;4765.0


8.4;0.0;0.0;44.0;4765.0


8.4;0.0;0.0;44.0;4765.0


8.4;0.0;0.0;44.0;4765.0


50.2;0.0;0.0;55.0;4765.0


8.4;0.0;0.0;55.0;4765.0


8.4;0.0;0.0;54.0;4765.0


8.3;0.0;0.0;55.0;4765.0


8.3;0.0;0.0;55.0;4765.0


8.3;0.0;0.0;54.0;4765.0


8.3;0.0;0.0;55.0;4765.0


8.4;0.0;0.0;55.0;4765.0


8.3;0.0;0.0;55.0;4765.0


8.4;0.0;0.0;55.0;4765.0


8.3;0.0;0.0;54.0;4765.0


8.3;0.0;0.0;55.0;4765.0


8.4;0.0;0.0;54.0;4765.0


0.0;10.6;0.8;1.0;4765.0


0.0;0.3;0.0;0.0;4765.0


0.0;13.7;0.2;0.0;4765.0


0.0;0.3;0.0;0.0;4765.0


8.4;16.4;0.7;0.0;4765.0


8.3;0.0;0.0;44.0;4765.0


8.4;0.0;0.0;44.0;4765.0


8.3;0.0;0.0;43.0;4765.0


50.0;0.0;0.0;50.0;4765.0


8.4;0.0;0.0;55.0;4765.0


8.3;0.0;0.0;55.0;4765.0


8.3;0.0;0.0;55.0;4765.0


8.4;0.0;0.0;55.0;4765.0


8.3;0.0;0.0;55.0;4765.0


8.4;0.0;0.0;55.0;4765.0


8.3;0.0;0.0;55.0;4765.0


8.4;0.0;0.0;55.0;4765.0


8.4;0.0;0.0;55.0;4765.0


8.3;0.0;0.0;55.0;4765.0


8.4;0.0;0.0;55.0;4765.0


8.3;0.0;0.0;14.0;4765.0


0.0;10.9;0.8;0.0;4765.0


0.0;14.4;0.2;0.0;4765.0


0.0;0.3;0.0;0.0;4765.0


4.8;15.0;0.4;0.0;4765.0


8.3;1.0;0.3;43.0;4765.0


8.3;0.0;0.0;43.0;4765.0


8.3;0.0;0.0;43.0;4765.0


49.7;0.0;0.0;40.0;4765.0


8.3;0.0;0.0;55.0;4765.0


8.3;0.0;0.0;55.0;4765.0


8.4;0.0;0.0;54.0;4765.0


8.3;0.0;0.0;55.0;4765.0


8.3;0.0;0.0;54.0;4765.0


8.4;0.0;0.0;53.0;4765.0


8.3;0.0;0.0;55.0;4765.0


8.4;0.0;0.0;55.0;4765.0


8.4;0.0;0.0;55.0;4765.0


8.4;0.0;0.0;54.0;4765.0


8.3;0.0;0.0;55.0;4765.0


8.3;0.0;0.0;55.0;4765.0


0.0;10.6;0.8;1.0;4765.0


0.0;0.3;0.0;0.0;4765.0


0.0;15.2;0.2;0.0;4765.0


0.0;0.3;0.0;0.0;4765.0


8.4;16.1;0.7;2.0;4765.0


8.4;0.0;0.0;44.0;4765.0


8.3;0.0;0.0;44.0;4765.0


8.4;0.0;0.0;44.0;4765.0


49.7;0.0;0.0;46.0;4765.0


8.4;0.0;0.0;54.0;4765.0


8.4;0.0;0.0;55.0;4765.0


8.4;0.0;0.0;54.0;4765.0


8.4;0.0;0.0;52.0;4765.0


8.3;0.0;0.0;55.0;4765.0


8.3;0.0;0.0;55.0;4765.0


8.3;0.0;0.0;55.0;4765.0


