10.7;15.6;1.8;0.0;476.0


8.4;109.4;6.5;0.0;476.0


7.2;89.2;5.4;1.0;476.0


8.4;98.3;10.7;0.0;476.0


0.0;9.1;0.7;1.0;476.0


0.0;0.3;0.0;0.0;476.0


8.4;27.9;1.1;1.0;503.0


8.4;0.1;0.0;6.0;708.0


8.4;0.0;0.0;7.0;838.0


8.3;0.0;0.0;6.0;977.0


8.3;0.2;0.0;4.0;1083.0


8.3;62.1;40.7;13.0;1249.0


8.3;8.1;26.9;1.0;1685.0


36.0;84.8;353.6;63.0;1871.0


0.0;0.1;0.0;28.0;1871.0


0.0;0.3;0.0;0.0;1871.0


0.0;14.4;0.2;0.0;1871.0


0.0;0.3;0.0;0.0;1871.0


8.4;15.3;0.7;27.0;1893.0


8.3;0.0;0.0;33.0;1993.0


8.4;0.0;0.0;36.0;2093.0


8.4;0.0;0.0;34.0;2189.0


8.3;0.0;0.0;32.0;2285.0


34.6;0.0;0.0;67.0;4705.0


44.8;0.0;0.0;47.0;4705.0


8.4;0.0;0.0;55.0;4705.0


8.3;0.0;0.0;55.0;4705.0


8.4;0.0;0.0;55.0;4705.0


8.4;0.0;0.0;55.0;4705.0


8.3;0.0;0.0;54.0;4705.0


8.3;0.0;0.0;55.0;4705.0


8.3;0.0;0.0;55.0;4705.0


8.3;0.0;0.0;54.0;4705.0


8.3;0.0;0.0;55.0;4705.0


8.3;0.0;0.0;55.0;4705.0


8.4;0.0;0.0;55.0;4705.0


8.3;0.0;0.0;54.0;4705.0


0.0;10.6;0.8;0.0;4705.0


0.0;0.3;0.0;0.0;4705.0


0.0;13.5;0.2;0.0;4705.0


0.0;0.3;0.0;0.0;4721.0


8.3;16.0;0.7;30.0;4727.0


8.4;0.0;0.0;44.0;4727.0


8.3;0.0;0.0;44.0;4727.0


36.0;0.0;0.0;58.0;4727.0


8.3;0.0;0.0;56.0;4727.0


8.3;0.0;0.0;55.0;4727.0


8.3;0.0;0.0;55.0;4727.0


8.3;0.0;0.0;55.0;4727.0


8.3;0.0;0.0;55.0;4727.0


8.3;0.0;0.0;56.0;4727.0


8.3;0.0;0.0;55.0;4727.0


8.4;0.0;0.0;55.0;4727.0


8.3;0.0;0.0;54.0;4727.0


8.4;0.0;0.0;55.0;4727.0


8.3;0.0;0.0;56.0;4727.0


8.4;0.0;0.0;55.0;4727.0


4.2;10.6;0.8;8.0;4727.0


0.0;0.3;0.0;1.0;4727.0


1.2;14.0;0.2;0.0;4727.0


0.0;0.3;0.0;0.0;4727.0


4.2;15.4;0.4;0.0;4727.0


8.3;1.0;0.3;44.0;4727.0


8.4;0.0;0.0;41.0;4727.0


8.4;0.0;0.0;44.0;4727.0


49.7;0.0;0.0;41.0;4727.0


8.3;0.0;0.0;55.0;4727.0


8.3;0.0;0.0;55.0;4727.0


8.3;0.0;0.0;54.0;4727.0


8.3;0.0;0.0;54.0;4727.0


8.3;0.0;0.0;55.0;4727.0


8.4;0.0;0.0;55.0;4727.0


8.4;0.0;0.0;55.0;4727.0


8.4;0.0;0.0;55.0;4727.0


8.4;0.0;0.0;55.0;4727.0


8.4;0.0;0.0;55.0;4727.0


8.4;0.0;0.0;55.0;4727.0


8.3;0.0;0.0;56.0;4727.0


0.0;10.6;0.8;1.0;4727.0


0.0;0.3;0.0;0.0;4727.0


0.0;14.8;0.2;0.0;4727.0


0.0;0.3;0.0;0.0;4727.0


8.3;16.7;0.7;39.0;4727.0


8.4;0.0;0.0;44.0;4727.0


8.3;0.0;0.0;44.0;4727.0


8.3;0.0;0.0;44.0;4727.0


38.5;0.0;0.0;50.0;4727.0


8.3;0.0;0.0;55.0;4727.0


8.4;0.0;0.0;55.0;4727.0


8.3;0.0;0.0;55.0;4727.0


8.4;0.0;0.0;54.0;4727.0


8.3;0.0;0.0;55.0;4727.0


8.3;0.0;0.0;55.0;4727.0


8.4;0.0;0.0;55.0;4727.0


8.4;0.0;0.0;56.0;4727.0


8.3;0.0;0.0;55.0;4727.0


8.3;0.0;0.0;55.0;4727.0


8.3;0.0;0.0;50.0;4727.0


8.3;0.0;0.0;55.0;4727.0


0.0;10.6;0.8;0.0;4727.0


0.0;0.3;0.0;0.0;4727.0


0.0;13.9;0.2;0.0;4727.0


0.0;0.3;0.0;0.0;4727.0


8.3;16.3;0.7;44.0;4727.0


8.3;0.0;0.0;44.0;4727.0


8.4;0.0;0.0;44.0;4727.0


42.9;0.0;0.0;44.0;4727.0


8.4;0.0;0.0;52.0;4727.0


8.4;0.0;0.0;55.0;4727.0


8.4;0.0;0.0;54.0;4727.0


8.4;0.0;0.0;55.0;4727.0


8.4;0.0;0.0;55.0;4727.0


8.4;0.0;0.0;55.0;4727.0


8.3;0.0;0.0;55.0;4727.0


8.3;0.0;0.0;55.0;4727.0


8.3;0.0;0.0;54.0;4727.0


8.4;0.0;0.0;54.0;4727.0


8.4;0.0;0.0;55.0;4727.0


8.3;0.0;0.0;55.0;4727.0


6.0;10.6;0.8;51.0;4727.0


0.0;0.3;0.0;0.0;4727.0


1.2;15.1;0.2;0.0;4727.0


0.0;0.3;0.0;0.0;4727.0


4.7;13.7;0.4;0.0;4727.0


8.4;1.0;0.3;44.0;4727.0


8.3;0.0;0.0;43.0;4727.0


8.4;0.0;0.0;44.0;4727.0


50.2;0.0;0.0;36.0;4727.0


8.3;0.0;0.0;55.0;4727.0


8.4;0.0;0.0;55.0;4727.0


8.3;0.0;0.0;55.0;4727.0


8.3;0.0;0.0;54.0;4727.0


8.3;0.0;0.0;55.0;4727.0


8.3;0.0;0.0;54.0;4727.0


8.4;0.0;0.0;54.0;4727.0


8.3;0.0;0.0;55.0;4727.0


8.3;0.0;0.0;55.0;4727.0


8.3;0.0;0.0;55.0;4727.0


8.3;0.0;0.0;55.0;4727.0


8.3;0.0;0.0;54.0;4727.0


0.0;10.6;0.8;0.0;4727.0


0.0;0.3;0.0;0.0;4727.0


0.0;14.2;0.2;0.0;4727.0


0.0;0.3;0.0;0.0;4727.0


8.4;16.2;0.7;5.0;4727.0


8.3;0.0;0.0;44.0;4727.0


8.4;0.0;0.0;44.0;4727.0


8.4;0.0;0.0;44.0;4727.0


50.0;0.0;0.0;46.0;4727.0


8.3;0.0;0.0;55.0;4727.0


8.3;0.0;0.0;55.0;4727.0


8.3;0.0;0.0;54.0;4727.0


8.3;0.0;0.0;55.0;4727.0


8.4;0.0;0.0;55.0;4727.0


8.3;0.0;0.0;55.0;4727.0


8.4;0.0;0.0;55.0;4727.0


8.4;0.0;0.0;54.0;4727.0


8.3;0.0;0.0;55.0;4727.0


8.4;0.0;0.0;54.0;4727.0


8.3;0.0;0.0;55.0;4727.0


8.4;0.0;0.0;55.0;4727.0


0.0;10.6;0.8;0.0;4727.0


0.0;0.3;0.0;0.0;4727.0


0.0;14.2;0.2;0.0;4727.0


0.0;0.3;0.0;0.0;4727.0


8.4;15.9;0.7;37.0;4727.0


8.3;0.0;0.0;44.0;4727.0


8.4;0.0;0.0;44.0;4727.0


8.3;0.0;0.0;44.0;4727.0


42.9;0.0;0.0;51.0;4727.0


8.4;0.0;0.0;55.0;4727.0


8.3;0.0;0.0;55.0;4727.0


8.3;0.0;0.0;55.0;4727.0


8.3;0.0;0.0;55.0;4727.0


8.3;0.0;0.0;55.0;4727.0


8.3;0.0;0.0;55.0;4727.0


8.3;0.0;0.0;55.0;4727.0


8.4;0.0;0.0;55.0;4727.0


8.3;0.0;0.0;55.0;4727.0


8.3;0.0;0.0;55.0;4727.0


8.4;0.0;0.0;43.0;4727.0


8.3;0.0;0.0;53.0;4727.0


0.0;10.6;0.8;0.0;4727.0


0.0;0.3;0.0;0.0;4727.0


0.0;13.8;0.2;0.0;4727.0


0.0;0.3;0.0;0.0;4727.0


8.3;16.6;0.7;44.0;4727.0


8.3;0.0;0.0;44.0;4727.0


8.3;0.0;0.0;44.0;4727.0


44.2;0.0;0.0;51.0;4727.0


8.3;0.0;0.0;51.0;4727.0


8.3;0.0;0.0;54.0;4727.0


8.3;0.0;0.0;55.0;4727.0


8.3;0.0;0.0;55.0;4727.0


8.4;0.0;0.0;55.0;4727.0


8.3;0.0;0.0;55.0;4727.0


8.4;0.0;0.0;55.0;4727.0


8.4;0.0;0.0;55.0;4727.0


8.4;0.0;0.0;55.0;4727.0


8.4;0.0;0.0;54.0;4727.0


8.4;0.0;0.0;55.0;4727.0


8.4;0.0;0.0;55.0;4727.0


4.7;10.6;0.8;1.0;4727.0


0.0;0.3;0.0;0.0;4727.0


0.0;14.8;0.2;0.0;4727.0


0.0;0.3;0.0;0.0;4727.0


4.8;14.8;0.4;0.0;4727.0


8.3;1.0;0.3;44.0;4727.0


8.4;0.0;0.0;44.0;4727.0


8.3;0.0;0.0;44.0;4727.0


50.0;0.0;0.0;44.0;4727.0


8.3;0.0;0.0;55.0;4727.0


8.3;0.0;0.0;54.0;4727.0


8.4;0.0;0.0;54.0;4727.0


8.4;0.0;0.0;55.0;4727.0


8.4;0.0;0.0;55.0;4727.0


8.4;0.0;0.0;55.0;4727.0


8.3;0.0;0.0;55.0;4727.0


8.4;0.0;0.0;55.0;4727.0


8.3;0.0;0.0;55.0;4727.0


8.3;0.0;0.0;53.0;4727.0


8.3;0.0;0.0;55.0;4727.0


8.3;0.0;0.0;54.0;4727.0


0.0;10.6;0.8;1.0;4727.0


0.0;0.3;0.0;0.0;4727.0


0.0;13.8;0.2;0.0;4727.0


0.0;0.3;0.0;0.0;4727.0


8.3;16.2;0.7;0.0;4727.0


8.3;0.0;0.0;44.0;4727.0


8.3;0.0;0.0;44.0;4727.0


8.4;0.0;0.0;43.0;4727.0


49.7;0.0;0.0;48.0;4727.0


8.4;0.0;0.0;55.0;4727.0


8.3;0.0;0.0;55.0;4727.0


8.3;0.0;0.0;55.0;4727.0


8.4;0.0;0.0;54.0;4727.0


8.4;0.0;0.0;53.0;4727.0


8.4;0.0;0.0;55.0;4727.0


8.3;0.0;0.0;55.0;4727.0


8.3;0.0;0.0;55.0;4727.0


8.3;0.0;0.0;55.0;4727.0


8.3;0.0;0.0;55.0;4727.0


8.4;0.0;0.0;55.0;4727.0


8.3;0.0;0.0;55.0;4727.0


0.0;10.6;0.8;1.0;4727.0


0.0;0.3;0.0;0.0;4727.0


0.0;15.3;0.2;0.0;4727.0


0.0;0.3;0.0;0.0;4727.0


8.3;17.2;0.7;29.0;4727.0


8.4;0.0;0.0;44.0;4727.0


8.4;0.0;0.0;44.0;4727.0


8.4;0.0;0.0;59.0;4727.0


50.2;0.0;0.0;48.0;4727.0


8.3;0.0;0.0;55.0;4727.0


8.4;0.0;0.0;54.0;4727.0


8.3;0.0;0.0;55.0;4727.0


8.4;0.0;0.0;54.0;4727.0


8.3;0.0;0.0;55.0;4727.0


8.3;0.0;0.0;55.0;4727.0


8.4;0.0;0.0;54.0;4727.0


8.3;0.0;0.0;54.0;4727.0


8.4;0.0;0.0;53.0;4727.0


8.3;0.0;0.0;55.0;4727.0


8.3;0.0;0.0;55.0;4727.0


8.3;0.0;0.0;54.0;4727.0


0.0;10.6;0.8;0.0;4727.0


0.0;0.3;0.0;0.0;4727.0


0.0;14.5;0.2;0.0;4727.0


0.0;0.3;0.0;0.0;4727.0


8.4;16.3;0.7;20.0;4727.0


8.3;0.0;0.0;44.0;4727.0


8.4;0.0;0.0;44.0;4727.0


8.4;0.0;0.0;50.0;4727.0


44.2;0.0;0.0;53.0;4727.0


8.3;0.0;0.0;55.0;4727.0


8.3;0.0;0.0;55.0;4727.0


8.3;0.0;0.0;55.0;4727.0


8.3;0.0;0.0;55.0;4727.0


8.4;0.0;0.0;55.0;4727.0


8.3;0.0;0.0;54.0;4727.0


8.4;0.0;0.0;55.0;4727.0


8.4;0.0;0.0;55.0;4727.0


8.3;0.0;0.0;55.0;4727.0


8.4;0.0;0.0;40.0;4727.0


8.3;0.0;0.0;55.0;4727.0


8.4;0.0;0.0;56.0;4727.0


0.0;10.6;0.8;0.0;4727.0


0.0;0.3;0.0;0.0;4727.0


0.0;14.1;0.2;0.0;4727.0


0.0;0.3;0.0;0.0;4727.0


8.4;16.0;0.7;43.0;4727.0


8.3;0.0;0.0;44.0;4727.0


8.4;0.0;0.0;44.0;4727.0


8.3;0.0;0.0;44.0;4727.0


43.8;0.0;0.0;51.0;4727.0


8.4;0.0;0.0;55.0;4727.0


8.3;0.0;0.0;55.0;4727.0


8.3;0.0;0.0;55.0;4727.0


8.3;0.0;0.0;54.0;4727.0


8.3;0.0;0.0;55.0;4727.0


