159.7;240590848;877
109.8;337584128;959
99.8;355016704;1343
109.8;415047680;1202
119.8;481091584;1139
99.8;485023744;1514
99.8;485023744;1497
99.8;485023744;1524
99.8;485023744;1503
99.8;485023744;1515
99.8;485548032;1154
109.8;485679104;8
559.2;491778048;3
752.9;506224640;4
695.9;590766080;4
687.6;594567168;4
608.7;594567168;2
549.1;866672640;2
479.0;897343488;2
259.6;902717440;7
119.8;902848512;0
618.9;903241728;1
628.9;903241728;0
598.9;903241728;0
690.2;903241728;1
697.0;903241728;0
289.5;903348224;7
242.3;903872512;1
669.0;904003584;0
656.1;904003584;2
568.7;904003584;0
688.6;904003584;0
518.2;904003584;2
239.5;904630272;7
219.5;905154560;1
493.2;905285632;1
593.6;1031245824;0
579.0;1296273408;0
489.1;1296273408;0
563.1;1296273408;0
568.6;1296273408;0
229.5;949035008;10
312.4;949559296;1
604.5;949559296;1
628.7;953884672;3
488.9;953884672;1
648.6;953884672;1
539.1;953884672;0
459.2;954146816;7
109.8;950120448;0
617.7;950382592;1
588.7;950382592;0
598.5;950382592;0
568.7;950382592;0
608.7;950382592;0
495.6;950382592;4
99.9;950513664;2
528.5;951169024;2
626.2;951169024;2
593.2;951169024;0
578.7;951169024;1
498.8;951169024;0
439.1;951169024;0
169.7;951300096;8
638.8;952086528;1
499.1;952217600;0
488.9;952217600;0
498.9;952217600;0
399.2;952348672;6
99.8;952348672;4
445.5;953266176;0
618.6;953266176;0
638.5;957329408;0
598.9;957329408;2
678.5;957329408;2
568.8;957329408;0
116.0;953319424;6
482.2;954236928;0
594.8;954236928;0
598.7;954236928;0
659.3;954236928;2
618.6;954236928;0
578.9;954236928;4
99.2;954368000;2
531.1;954892288;1
684.3;954892288;2
595.1;954892288;0
588.6;954892288;0
468.9;954892288;0
349.4;954892288;2
109.8;955285504;7
228.1;955547648;1
668.7;955547648;0
578.7;955547648;2
469.0;955547648;0
459.1;955547648;0
379.3;955547648;2
449.2;955547648;2
178.4;955809792;9
258.6;956858368;1
598.8;956858368;0
618.3;956858368;0
598.5;961183744;0
698.5;961183744;0
688.6;961183744;2
247.6;961314816;7
299.5;962101248;1
682.2;962101248;1
638.6;962101248;0
598.6;962101248;0
658.4;962101248;0
638.5;962232320;0
138.4;962232320;6
399.4;963149824;1
548.9;963149824;0
438.9;963149824;0
578.5;963149824;2
409.3;963149824;2
658.2;963149824;0
309.3;963280896;6
177.5;963805184;1
609.0;963936256;0
636.6;963936256;0
608.4;963936256;0
678.4;963936256;0
688.4;963936256;0
289.4;964067328;9
227.9;964722688;0
608.6;964722688;0
658.4;964722688;0
508.8;968785920;0
409.0;968785920;0
299.4;968785920;0
489.1;968785920;0
179.6;968916992;6
299.3;969834496;0
608.4;969834496;0
618.5;969834496;0
608.6;969834496;0
658.2;969834496;0
698.5;969834496;0
159.0;969965568;6
338.4;970883072;0
599.0;970883072;0
588.6;970883072;0
498.9;970883072;0
498.9;970883072;0
606.1;970883072;0
449.1;970883072;6
108.4;971014144;0
