159.7;241102848;889
109.8;338358272;960
109.8;355004416;1346
99.8;415035392;1194
129.8;481390592;1149
109.8;485322752;1503
99.8;485322752;1464
99.8;485322752;1539
99.8;485322752;1521
99.8;485322752;1541
99.8;485715968;1133
109.8;485847040;3
600.2;492326912;3
728.7;546062336;3
688.5;596131840;4
668.6;599277568;4
589.0;606355456;4
608.8;868368384;0
586.1;869023744;3
209.7;873611264;7
286.7;874528768;1
658.5;874528768;0
558.9;874528768;1
498.9;874528768;1
568.9;874528768;0
598.7;874528768;1
489.0;874659840;5
99.9;874659840;2
563.6;875577344;3
797.6;875577344;1
758.1;875577344;0
678.6;875577344;2
737.1;875577344;0
773.4;875577344;0
376.4;875819008;7
187.8;876343296;1
700.8;876474368;1
678.5;876474368;0
489.0;876474368;3
644.2;876474368;0
697.2;876474368;0
604.1;876474368;1
178.7;876736512;11
339.3;877391872;1
629.1;877391872;1
616.5;877522944;2
615.9;881586176;1
578.7;1194455040;0
598.7;1464594432;0
608.9;1807216640;0
479.1;2112745472;1
328.5;1686925312;6
297.2;924110848;1
638.7;941936640;0
598.8;944164864;0
638.5;944164864;1
698.7;944164864;0
558.6;944164864;0
489.0;944164864;0
129.8;944558080;6
418.9;945344512;0
698.5;945344512;0
698.3;945344512;0
698.5;945475584;1
678.6;945475584;0
528.9;945475584;0
349.4;945606656;9
117.3;945737728;0
609.0;946262016;0
598.3;946262016;0
509.1;946262016;0
499.0;946262016;2
529.0;946262016;0
678.3;946262016;0
329.4;947048448;10
109.8;947048448;0
657.9;947703808;0
790.1;947965952;2
698.9;952160256;0
698.8;952160256;0
688.5;952160256;2
673.9;952160256;0
149.7;952291328;6
376.3;952815616;0
689.0;952946688;0
695.6;952946688;2
608.8;952946688;0
698.6;952946688;0
667.5;952946688;0
398.9;953077760;6
128.5;953733120;0
637.9;953733120;0
598.7;953733120;0
589.2;953733120;0
548.7;953733120;1
598.7;953733120;0
598.7;953733120;0
309.3;953995264;6
185.5;954650624;2
688.7;954650624;0
649.1;954650624;0
535.4;954650624;0
658.5;954650624;0
668.7;954650624;0
558.9;954650624;2
239.5;954912768;10
277.7;955699200;1
608.5;955699200;0
688.4;955699200;2
688.4;959762432;0
688.7;959762432;0
698.4;959762432;2
528.7;959762432;6
98.8;959893504;2
526.8;960811008;3
549.2;960811008;0
490.1;960811008;0
499.0;960811008;2
624.5;960811008;0
806.4;960811008;2
369.3;960942080;6
148.9;961728512;0
634.9;961728512;0
630.8;961728512;0
588.5;961728512;0
668.9;961728512;0
698.8;961728512;0
588.9;961728512;2
129.8;961990656;6
345.6;962777088;1
713.1;962777088;0
619.0;962777088;0
548.7;962777088;0
608.8;962777088;0
687.1;962777088;0
469.0;962777088;0
129.8;963039232;9
369.5;963694592;0
618.5;963694592;0
518.8;963694592;0
488.9;967888896;0
731.2;967888896;0
787.1;967888896;0
418.9;968019968;4
99.8;968019968;2
560.3;968937472;0
588.4;968937472;0
548.9;968937472;0
635.8;968937472;0
748.5;968937472;2
