7.2;38.7;18.9;1.5;0.0;884.0
6.0;100.6;111.0;9.5;0.0;884.0
8.4;141.3;148.8;8.8;0.0;884.0
8.4;171.1;130.1;7.2;0.0;884.0
8.3;200.9;99.6;6.8;0.0;884.0
8.4;224.9;134.7;4.6;0.0;884.0
8.3;236.6;0.1;0.0;0.0;897.0
8.3;627.2;61.1;33.0;5.0;3811.0
8.3;1047.4;0.8;32.9;57.0;7839.0
0.0;991.9;2.9;0.0;0.0;7839.0
0.0;991.9;0.0;0.0;0.0;7839.0
0.0;991.9;0.0;0.0;0.0;7839.0
0.0;991.9;0.0;0.0;0.0;7839.0
0.0;991.9;0.0;0.0;0.0;7839.0
0.0;991.9;0.0;0.0;0.0;7839.0
0.0;991.9;0.0;0.0;0.0;7839.0
0.0;991.9;0.0;0.0;0.0;7839.0
0.0;991.9;0.0;0.0;0.0;7839.0
3.6;1028.0;0.3;36.1;0.0;7839.0
0.0;1147.4;1.6;117.4;0.0;7839.0
8.4;1302.4;0.1;0.0;0.0;7839.0
8.3;1305.4;0.0;0.0;0.0;7839.0
8.4;1314.4;0.0;0.0;0.0;7839.0
8.3;1324.7;0.3;0.0;0.0;7839.0
8.3;1399.9;0.0;0.0;0.0;7839.0
8.3;1381.5;0.3;0.0;0.0;7839.0
8.4;1388.4;0.9;3.1;0.0;7839.0
8.4;1432.5;0.0;0.0;0.0;7839.0
8.4;1434.4;0.0;0.0;0.0;7839.0
8.3;1439.2;0.0;0.0;0.0;7839.0
8.3;1454.4;0.0;0.0;0.0;7839.0
8.3;1500.4;0.1;0.0;7.0;7947.0
9.4;1927.9;3.4;0.0;5.0;8009.0
10.7;1928.7;17.0;0.3;95.0;8009.0
11.2;1928.8;0.0;0.0;96.0;8009.0
8.3;1928.8;0.0;0.0;95.0;8009.0
8.4;1928.9;0.0;0.0;99.0;8009.0
8.4;1928.9;0.0;0.0;96.0;8009.0
8.3;1928.9;0.0;0.0;96.0;8009.0
8.4;1928.9;0.0;0.0;96.0;8009.0
9.7;1929.0;0.0;0.0;97.0;8009.0
15.5;1929.0;0.0;0.0;96.0;8009.0
9.5;1929.0;0.0;0.0;95.0;8009.0
8.3;1929.0;0.0;0.0;99.0;8009.0
8.3;1929.0;0.0;0.0;95.0;8009.0
8.3;1929.0;0.0;0.0;96.0;8009.0
9.6;1929.0;0.0;0.0;96.0;8009.0
13.8;1929.0;0.0;0.0;96.0;8009.0
8.4;1928.5;18.4;0.3;95.0;8009.0
8.3;1980.5;6.2;0.1;62.0;8009.0
34.3;2131.4;5.4;0.1;6.0;8009.0
86.0;2974.0;0.0;0.0;0.0;8009.0
8.4;2974.9;3.6;2.8;0.0;8009.0
8.4;2975.6;1.2;6.8;0.0;8009.0
8.4;2975.8;1.3;4.5;0.0;8009.0
8.3;2977.3;1.2;6.8;0.0;8009.0
8.3;2978.4;1.0;4.5;0.0;8009.0
8.3;2978.0;1.3;4.5;0.0;8009.0
8.3;2978.1;1.1;2.3;0.0;8009.0
8.4;3114.0;7.3;34.1;0.0;8009.0
8.3;2981.6;0.6;1.5;0.0;8009.0
7.2;2985.1;0.3;1.6;81.0;8009.0
8.3;2985.1;0.0;0.0;96.0;8009.0
8.3;2985.1;0.0;0.0;96.0;8009.0
8.4;2985.1;0.0;0.0;96.0;8009.0
9.7;2985.1;0.0;0.0;96.0;8009.0
8.4;2985.1;0.0;0.0;96.0;8009.0
9.6;2985.1;0.0;0.0;99.0;8009.0
8.4;2985.1;0.0;0.0;96.0;8009.0
8.4;2985.2;0.0;0.0;96.0;8009.0
9.7;2985.2;0.0;0.0;96.0;8009.0
8.4;2985.2;0.0;0.0;96.0;8009.0
8.4;2985.2;0.0;0.0;96.0;8009.0
8.3;2985.2;0.0;0.0;96.0;8009.0
8.3;2985.2;0.0;0.0;99.0;8009.0
8.3;2985.2;0.0;0.0;96.0;8009.0
8.4;2987.8;0.0;0.0;98.0;8009.0
66.7;2993.0;0.0;0.0;49.0;8009.0
91.1;2993.0;0.0;0.0;0.0;8009.0
100.3;2993.0;0.0;0.0;0.0;8009.0
8.3;2988.3;17.9;66.5;2.0;8009.0
8.4;2990.2;0.6;1.6;0.0;8009.0
9.4;2997.3;0.3;1.7;96.0;8009.0
9.8;2997.3;0.0;0.0;96.0;8009.0
9.7;2997.3;0.0;0.0;96.0;8009.0
14.3;2997.3;0.0;0.0;96.0;8009.0
9.6;2997.3;0.0;0.0;96.0;8009.0
8.3;2997.3;0.0;0.0;96.0;8009.0
8.4;2997.3;0.0;0.0;97.0;8009.0
8.3;2997.3;0.0;0.0;97.0;8009.0
10.8;2997.3;0.0;0.0;99.0;8009.0
8.4;2997.3;0.0;0.0;96.0;8009.0
9.7;2997.3;0.0;0.0;99.0;8009.0
13.8;2997.3;0.0;0.0;96.0;8009.0
9.4;2997.3;0.0;0.0;96.0;8009.0
8.4;2997.3;0.0;0.0;96.0;8009.0
8.3;2997.3;0.0;0.0;97.0;8009.0
8.3;2996.8;0.0;0.0;23.0;8009.0
59.2;3009.9;0.0;0.0;36.0;8009.0
96.9;3009.9;0.0;0.0;0.0;8009.0
99.4;3009.9;0.0;0.0;0.0;8009.0
98.2;3009.9;0.0;0.0;0.0;8009.0
8.4;3052.8;17.9;66.9;2.0;8009.0
8.3;3007.9;0.6;1.7;0.0;8009.0
13.1;3015.3;0.3;1.8;90.0;8009.0
9.8;3015.3;0.0;0.0;96.0;8009.0
9.7;3015.3;0.0;0.0;99.0;8009.0
8.4;3015.3;0.0;0.0;96.0;8009.0
8.3;3015.3;0.0;0.0;96.0;8009.0
8.4;3015.3;0.0;0.0;96.0;8009.0
12.5;3015.3;0.0;0.0;96.0;8009.0
8.3;3015.3;0.0;0.0;96.0;8009.0
10.7;3015.3;0.0;0.0;96.0;8009.0
8.3;3015.3;0.0;0.0;99.0;8009.0
8.3;3015.3;0.0;0.0;96.0;8009.0
9.5;3015.3;0.0;0.0;96.0;8009.0
10.7;3015.3;0.0;0.0;96.0;8009.0
9.6;3015.3;0.0;0.0;96.0;8009.0
11.1;3015.3;0.0;0.0;96.0;8009.0
8.4;3014.8;0.0;0.0;96.0;8009.0
8.4;3025.7;0.0;0.0;0.0;8009.0
100.0;3025.7;0.0;0.0;0.0;8009.0
100.0;3025.7;0.0;0.0;0.0;8009.0
99.4;3025.7;0.0;0.0;0.0;8009.0
97.1;3025.7;0.0;0.0;0.0;8009.0
8.3;3052.9;17.8;67.3;2.0;8009.0
8.4;3022.3;0.7;1.7;0.0;8009.0
8.3;3030.4;0.3;1.8;0.0;8009.0
8.4;3030.6;0.0;0.0;97.0;8009.0
8.3;3030.6;0.0;0.0;96.0;8009.0
9.6;3030.6;0.0;0.0;96.0;8009.0
8.4;3030.6;0.0;0.0;99.0;8009.0
8.3;3030.6;0.0;0.0;96.0;8009.0
8.4;3030.6;0.0;0.0;97.0;8009.0
8.3;3030.6;0.0;0.0;96.0;8009.0
8.4;3030.6;0.0;0.0;96.0;8009.0
11.1;3030.6;0.0;0.0;96.0;8009.0
8.3;3030.6;0.0;0.0;96.0;8009.0
9.6;3030.6;0.0;0.0;96.0;8009.0
8.3;3030.6;0.0;0.0;97.0;8009.0
8.3;3030.6;0.0;0.0;99.0;8009.0
8.3;3030.6;0.0;0.0;96.0;8009.0
8.3;3030.1;0.0;0.0;96.0;8009.0
8.4;3041.8;0.0;0.0;0.0;8009.0
99.4;3042.5;0.0;0.0;0.0;8009.0
98.0;3042.5;0.0;0.0;0.0;8009.0
99.4;3042.5;0.0;0.0;0.0;8009.0
96.9;3042.5;0.0;0.0;0.0;8009.0
100.3;3042.5;0.0;0.0;0.0;8009.0
98.0;3042.5;0.0;0.0;0.0;8009.0
8.3;3037.5;17.9;67.6;1.0;8009.0
8.3;3039.2;0.6;1.8;0.0;8009.0
8.4;3048.0;0.3;1.9;96.0;8009.0
8.3;3048.0;0.0;0.0;97.0;8009.0
8.4;3048.0;0.0;0.0;96.0;8009.0
8.3;3048.0;0.0;0.0;96.0;8009.0
9.6;3048.0;0.0;0.0;96.0;8009.0
8.4;3048.0;0.0;0.0;97.0;8009.0
8.3;3048.0;0.0;0.0;96.0;8009.0
8.4;3048.0;0.0;0.0;96.0;8009.0
8.3;3048.0;0.0;0.0;99.0;8009.0
9.6;3048.0;0.0;0.0;96.0;8009.0
11.1;3048.0;0.0;0.0;96.0;8009.0
9.6;3048.0;0.0;0.0;96.0;8009.0
9.6;3048.0;0.0;0.0;96.0;8009.0
8.4;3048.0;0.0;0.0;96.0;8009.0
8.4;3048.0;0.0;0.0;97.0;8009.0
8.3;3047.6;0.0;0.0;98.0;8009.0
8.3;3061.7;0.0;0.0;0.0;8009.0
97.9;3061.8;0.0;0.0;0.0;8009.0
100.3;3061.8;0.0;0.0;0.0;8009.0
98.4;3061.8;0.0;0.0;0.0;8009.0
95.9;3061.8;0.0;0.0;0.0;8009.0
99.1;3061.8;0.0;0.0;0.0;8009.0
94.2;3061.8;0.0;0.0;0.0;8009.0
8.3;3058.2;17.9;68.0;0.0;8009.0
8.3;3058.6;0.6;1.8;0.0;8009.0
8.4;3064.1;0.3;2.0;91.0;8009.0
8.3;3064.1;0.0;0.0;96.0;8009.0
8.4;3068.6;0.0;0.0;97.0;8009.0
9.7;3064.1;0.0;0.0;97.0;8009.0
8.4;3064.1;0.0;0.0;96.0;8009.0
8.4;3064.1;0.0;0.0;96.0;8009.0
9.7;3064.1;0.0;0.0;99.0;8009.0
9.8;3064.1;0.0;0.0;96.0;8009.0
8.3;3064.1;0.0;0.0;96.0;8009.0
8.4;3064.1;0.0;0.0;96.0;8009.0
9.7;3064.1;0.0;0.0;96.0;8009.0
8.3;3064.1;0.0;0.0;96.0;8009.0
13.8;3064.1;0.0;0.0;96.0;8009.0
9.6;3064.1;0.0;0.0;99.0;8009.0
8.4;3064.1;0.0;0.0;96.0;8009.0
8.3;3066.7;0.0;0.0;98.0;8009.0
8.3;3077.4;0.0;0.0;0.0;8009.0
95.6;3079.7;0.0;0.0;0.0;8009.0
100.0;3079.7;0.0;0.0;0.0;8009.0
99.1;3079.7;0.0;0.0;0.0;8009.0
98.4;3079.7;0.0;0.0;0.0;8009.0
99.4;3079.7;0.0;0.0;0.0;8009.0
99.0;3079.7;0.0;0.0;0.0;8009.0
100.3;3079.7;0.0;0.0;0.0;8009.0
98.4;3079.7;0.0;0.0;0.0;8009.0
19.4;3073.7;3.0;2.7;2.0;8009.0
8.4;3074.4;14.9;65.6;0.0;8009.0
8.4;3078.0;0.6;1.9;0.0;8009.0
8.3;3083.3;0.3;2.0;97.0;8009.0
9.7;3083.3;0.0;0.0;96.0;8009.0
9.5;3083.3;0.0;0.0;98.0;8009.0
10.7;3083.3;0.0;0.0;96.0;8009.0
8.4;3083.3;0.0;0.0;96.0;8009.0
8.3;3083.3;0.0;0.0;96.0;8009.0
9.6;3083.3;0.0;0.0;96.0;8009.0
9.6;3083.3;0.0;0.0;96.0;8009.0
8.4;3083.3;0.0;0.0;96.0;8009.0
9.7;3083.3;0.0;0.0;99.0;8009.0
8.4;3083.3;0.0;0.0;96.0;8009.0
8.4;3083.3;0.0;0.0;96.0;8009.0
8.3;3083.3;0.0;0.0;96.0;8009.0
11.1;3083.3;0.0;0.0;96.0;8009.0
8.3;3083.3;0.0;0.0;96.0;8009.0
8.3;3095.4;0.0;0.0;65.0;8009.0
8.4;3102.8;0.0;0.0;0.0;8009.0
99.0;3103.6;0.0;0.0;0.0;8009.0
95.6;3103.6;0.0;0.0;0.0;8009.0
99.4;3103.6;0.0;0.0;0.0;8009.0
99.4;3103.6;0.0;0.0;0.0;8009.0
100.3;3103.6;0.0;0.0;0.0;8009.0
100.3;3103.6;0.0;0.0;0.0;8009.0
100.3;3103.6;0.0;0.0;0.0;8009.0
100.3;3103.6;0.0;0.0;0.0;8009.0
97.9;3103.6;0.0;0.0;0.0;8009.0
8.4;3097.6;17.9;68.8;0.0;8009.0
6.9;3101.9;0.6;2.0;0.0;8009.0
8.4;3105.6;0.3;2.1;23.0;8009.0
15.5;3105.6;0.0;0.0;96.0;8009.0
9.6;3105.6;0.0;0.0;95.0;8009.0
9.8;3105.6;0.0;0.0;99.0;8009.0
10.8;3105.6;0.0;0.0;96.0;8009.0
8.4;3105.6;0.0;0.0;99.0;8009.0
8.3;3105.6;0.0;0.0;95.0;8009.0
8.3;3105.6;0.0;0.0;96.0;8009.0
8.3;3105.6;0.0;0.0;96.0;8009.0
9.6;3105.6;0.0;0.0;96.0;8009.0
9.5;3105.6;0.0;0.0;96.0;8009.0
11.1;3105.6;0.0;0.0;96.0;8009.0
8.3;3105.6;0.0;0.0;99.0;8009.0
8.4;3105.6;0.0;0.0;96.0;8009.0
11.8;3105.6;0.0;0.0;96.0;8009.0
9.6;3105.1;0.0;0.0;96.0;8009.0
8.3;3119.2;0.0;0.0;0.0;8009.0
8.4;3127.7;0.0;0.0;0.0;8009.0
100.3;3127.7;0.0;0.0;0.0;8009.0
99.4;3127.7;0.0;0.0;0.0;8009.0
98.4;3127.7;0.0;0.0;0.0;8009.0
100.3;3127.7;0.0;0.0;0.0;8009.0
100.3;3127.7;0.0;0.0;0.0;8009.0
100.3;3127.7;0.0;0.0;0.0;8009.0
99.0;3127.7;0.0;0.0;0.0;8009.0
99.1;3127.7;0.0;0.0;0.0;8009.0
100.3;3127.7;0.0;0.0;0.0;8009.0
100.0;3127.7;0.0;0.0;0.0;8009.0
65.1;3127.7;0.0;0.0;0.0;8009.0
8.3;3123.7;17.9;69.2;0.0;8009.0
8.4;3124.0;0.6;2.1;0.0;8009.0
9.6;3128.7;0.3;2.2;99.0;8009.0
8.4;3128.7;0.0;0.0;96.0;8009.0
8.4;3133.3;0.0;0.0;96.0;8009.0
9.7;3128.7;0.0;0.0;95.0;8009.0
11.9;3128.7;0.0;0.0;97.0;8009.0
9.5;3128.7;0.0;0.0;96.0;8009.0
9.5;3128.7;0.0;0.0;96.0;8009.0
8.3;3128.8;0.0;0.0;98.0;8009.0
8.3;3128.8;0.0;0.0;96.0;8009.0
8.4;3128.8;0.0;0.0;98.0;8009.0
8.3;3128.8;0.0;0.0;95.0;8009.0
8.3;3128.8;0.0;0.0;96.0;8009.0
8.3;3128.8;0.0;0.0;96.0;8009.0
8.3;3128.8;0.0;0.0;96.0;8009.0
8.4;3128.8;0.0;0.0;96.0;8009.0
8.3;3131.3;0.0;0.0;80.0;8009.0
8.4;3145.0;0.0;0.0;0.0;8009.0
34.3;3154.5;0.0;0.0;17.0;8009.0
100.3;3154.5;0.0;0.0;0.0;8009.0
97.9;3154.5;0.0;0.0;0.0;8009.0
94.7;3154.5;0.0;0.0;0.0;8009.0
100.3;3154.6;0.0;0.0;0.0;8009.0
97.1;3154.6;0.0;0.0;0.0;8009.0
99.1;3154.6;0.0;0.0;0.0;8009.0
98.0;3154.6;0.0;0.0;0.0;8009.0
100.8;3154.6;0.0;0.0;0.0;8009.0
100.3;3154.6;0.0;0.0;0.0;8009.0
93.8;3154.6;0.0;0.0;0.0;8009.0
99.7;3154.6;0.0;0.0;0.0;8009.0
7.1;3241.7;17.9;69.5;4.0;8009.0
8.3;3151.1;0.0;0.0;0.0;8009.0
8.3;3151.2;0.9;4.4;1.0;8009.0
11.8;3155.8;0.0;0.0;99.0;8009.0
9.7;3155.8;0.0;0.0;95.0;8009.0
8.3;3155.8;0.0;0.0;99.0;8009.0
8.4;3155.8;0.0;0.0;95.0;8009.0
