8.3;55.5;17.1;1.2;1.0;899.0
7.2;99.4;105.2;8.9;0.0;899.0
7.1;139.6;139.3;8.8;0.0;899.0
7.2;171.3;138.5;7.4;0.0;899.0
8.4;197.9;87.8;5.9;0.0;899.0
7.1;223.0;148.0;5.4;0.0;899.0
8.4;236.6;1.6;0.1;0.0;905.0
8.3;588.9;61.1;33.0;5.0;2482.0
8.4;957.4;0.6;0.0;96.0;7855.0
0.0;991.3;3.1;32.9;0.0;7855.0
0.0;991.3;0.0;0.0;0.0;7855.0
0.0;991.3;0.0;0.0;0.0;7855.0
0.0;991.3;0.0;0.0;0.0;7855.0
0.0;991.3;0.0;0.0;0.0;7855.0
0.0;991.3;0.0;0.0;0.0;7855.0
0.0;991.3;0.0;0.0;0.0;7855.0
0.0;991.3;0.0;0.0;0.0;7855.0
0.0;991.3;0.0;0.0;0.0;7855.0
1.2;1056.2;0.2;36.1;0.0;7855.0
0.0;1146.8;1.7;117.4;0.0;7855.0
8.4;1301.7;0.1;0.0;0.0;7855.0
8.3;1304.8;0.0;0.0;0.0;7855.0
8.3;1314.8;0.0;0.0;0.0;7855.0
8.3;1325.1;0.3;0.0;0.0;7855.0
8.3;1398.4;0.0;0.0;0.0;7855.0
8.4;1373.2;0.3;0.0;0.0;7855.0
8.3;1402.9;0.6;1.5;0.0;7855.0
8.4;1431.9;0.3;1.6;0.0;7855.0
8.4;1437.5;0.0;0.0;0.0;7855.0
8.4;1435.8;0.0;0.0;0.0;7855.0
8.4;1455.9;0.0;0.0;0.0;7855.0
8.3;1429.4;0.1;0.0;1.0;7921.0
8.4;1845.0;0.1;0.0;9.0;8024.0
8.3;1928.5;19.9;0.3;94.0;8024.0
8.3;1929.1;2.0;0.0;96.0;8024.0
9.5;1929.1;0.0;0.0;96.0;8024.0
9.5;1929.1;0.0;0.0;96.0;8024.0
9.5;1929.1;0.0;0.0;96.0;8024.0
8.3;1929.2;0.0;0.0;95.0;8024.0
9.5;1929.2;0.0;0.0;99.0;8024.0
6.9;1929.2;0.0;0.0;95.0;8024.0
8.3;1929.2;0.0;0.0;96.0;8024.0
8.4;1929.2;0.0;0.0;96.0;8024.0
8.3;1929.3;0.0;0.0;97.0;8024.0
9.7;1929.3;0.0;0.0;95.0;8024.0
10.8;1929.3;0.0;0.0;96.0;8024.0
9.6;1929.3;0.0;0.0;98.0;8024.0
8.4;1929.4;0.0;0.0;96.0;8024.0
15.2;1928.9;15.2;0.2;88.0;8024.0
8.4;1981.3;5.6;0.1;12.0;8024.0
8.3;1984.5;9.6;0.1;0.0;8024.0
100.0;2974.6;0.0;0.0;0.0;8024.0
8.3;2976.0;2.8;0.5;0.0;8024.0
8.4;2978.0;1.5;4.5;0.0;8024.0
9.6;2979.0;1.0;6.8;0.0;8024.0
11.5;2979.8;1.3;4.5;0.0;8024.0
8.4;2980.2;1.2;6.8;0.0;8024.0
8.3;2980.5;1.0;4.5;0.0;8024.0
8.3;2982.9;1.3;4.5;0.0;8024.0
8.3;2981.7;1.2;0.1;0.0;8024.0
8.3;2982.1;6.7;34.0;0.0;8024.0
8.4;2988.5;0.9;3.2;10.0;8024.0
8.3;2988.5;0.0;0.0;96.0;8024.0
15.2;2988.5;0.0;0.0;96.0;8024.0
9.6;2988.5;0.0;0.0;99.0;8024.0
8.3;2988.5;0.0;0.0;96.0;8024.0
8.4;2988.5;0.0;0.0;96.0;8024.0
8.3;2988.5;0.0;0.0;96.0;8024.0
9.6;2988.5;0.0;0.0;96.0;8024.0
8.3;2988.5;0.0;0.0;99.0;8024.0
6.9;2988.5;0.0;0.0;95.0;8024.0
8.3;2988.5;0.0;0.0;99.0;8024.0
10.8;2988.5;0.0;0.0;96.0;8024.0
9.6;2988.5;0.0;0.0;96.0;8024.0
8.3;2988.5;0.0;0.0;96.0;8024.0
8.4;2988.5;0.0;0.0;96.0;8024.0
11.9;2988.5;0.0;0.0;96.0;8024.0
8.3;2993.2;0.0;0.0;68.0;8024.0
99.0;2994.6;0.0;0.0;35.0;8024.0
99.1;2994.7;0.0;0.0;0.0;8024.0
39.4;2989.9;3.2;3.1;2.0;8024.0
8.4;2990.6;14.7;63.4;0.0;8024.0
9.5;2999.7;0.9;3.3;11.0;8024.0
8.3;2999.7;0.0;0.0;96.0;8024.0
9.5;2999.7;0.0;0.0;96.0;8024.0
8.4;2999.7;0.0;0.0;95.0;8024.0
8.4;2999.7;0.0;0.0;95.0;8024.0
9.5;2999.7;0.0;0.0;99.0;8024.0
8.4;2999.7;0.0;0.0;95.0;8024.0
8.3;2999.7;0.0;0.0;96.0;8024.0
8.3;2999.7;0.0;0.0;96.0;8024.0
8.4;2999.7;0.0;0.0;97.0;8024.0
13.0;2999.7;0.0;0.0;96.0;8024.0
8.4;2999.7;0.0;0.0;96.0;8024.0
9.6;2999.7;0.0;0.0;99.0;8024.0
8.4;2999.7;0.0;0.0;96.0;8024.0
8.4;2999.7;0.0;0.0;96.0;8024.0
8.3;2999.2;0.0;0.0;96.0;8024.0
8.4;3011.8;0.0;0.0;0.0;8024.0
98.2;3012.4;0.0;0.0;0.0;8024.0
100.3;3012.4;0.0;0.0;0.0;8024.0
99.1;3012.4;0.0;0.0;0.0;8024.0
30.8;3006.9;6.7;19.3;0.0;8024.0
8.3;3008.3;11.2;47.6;0.0;8024.0
8.4;3019.6;0.9;3.4;0.0;8024.0
8.3;3015.5;0.0;0.0;96.0;8024.0
8.4;3015.3;0.0;0.0;95.0;8024.0
9.6;3015.3;0.0;0.0;96.0;8024.0
9.6;3015.3;0.0;0.0;96.0;8024.0
8.4;3015.3;0.0;0.0;96.0;8024.0
8.3;3015.3;0.0;0.0;99.0;8024.0
8.4;3015.3;0.0;0.0;96.0;8024.0
9.5;3015.3;0.0;0.0;96.0;8024.0
10.8;3015.3;0.0;0.0;96.0;8024.0
8.3;3015.3;0.0;0.0;97.0;8024.0
9.7;3015.3;0.0;0.0;96.0;8024.0
8.4;3015.3;0.0;0.0;96.0;8024.0
8.3;3015.3;0.0;0.0;99.0;8024.0
8.4;3015.3;0.0;0.0;95.0;8024.0
9.7;3014.8;0.0;0.0;96.0;8024.0
8.3;3026.8;0.0;0.0;0.0;8024.0
98.2;3027.3;0.0;0.0;46.0;8024.0
99.4;3027.3;0.0;0.0;0.0;8024.0
97.1;3027.3;0.0;0.0;0.0;8024.0
100.3;3027.3;0.0;0.0;0.0;8024.0
100.0;3027.3;0.0;0.0;0.0;8024.0
8.4;3023.7;17.9;67.2;0.0;8024.0
8.3;3026.6;0.6;1.7;0.0;8024.0
8.3;3031.9;0.3;1.8;99.0;8024.0
8.4;3031.9;0.0;0.0;96.0;8024.0
9.5;3031.9;0.0;0.0;96.0;8024.0
9.6;3031.9;0.0;0.0;96.0;8024.0
8.3;3031.9;0.0;0.0;96.0;8024.0
8.3;3031.9;0.0;0.0;95.0;8024.0
8.4;3031.9;0.0;0.0;96.0;8024.0
9.5;3031.9;0.0;0.0;98.0;8024.0
8.4;3031.9;0.0;0.0;96.0;8024.0
12.5;3031.9;0.0;0.0;99.0;8024.0
9.6;3031.9;0.0;0.0;96.0;8024.0
8.4;3031.9;0.0;0.0;99.0;8024.0
8.4;3031.9;0.0;0.0;96.0;8024.0
8.4;3031.9;0.0;0.0;96.0;8024.0
8.3;3031.9;0.0;0.0;96.0;8024.0
8.4;3031.4;0.0;0.0;84.0;8024.0
8.3;3043.6;0.0;0.0;11.0;8024.0
98.2;3043.6;0.0;0.0;0.0;8024.0
98.0;3043.6;0.0;0.0;0.0;8024.0
100.3;3043.6;0.0;0.0;0.0;8024.0
100.0;3043.6;0.0;0.0;0.0;8024.0
90.0;3043.6;0.0;0.0;0.0;8024.0
8.4;3037.9;11.0;33.5;2.0;8024.0
8.4;3040.2;6.9;34.1;0.0;8024.0
8.4;3047.6;0.9;3.7;9.0;8024.0
8.3;3047.6;0.0;0.0;96.0;8024.0
8.3;3047.6;0.0;0.0;96.0;8024.0
9.7;3047.6;0.0;0.0;95.0;8024.0
9.5;3047.6;0.0;0.0;96.0;8024.0
8.4;3047.6;0.0;0.0;99.0;8024.0
8.3;3047.6;0.0;0.0;96.0;8024.0
8.4;3047.6;0.0;0.0;96.0;8024.0
8.4;3047.6;0.0;0.0;96.0;8024.0
8.3;3047.6;0.0;0.0;97.0;8024.0
8.4;3047.6;0.0;0.0;95.0;8024.0
13.8;3047.6;0.0;0.0;96.0;8024.0
12.6;3047.6;0.0;0.0;96.0;8024.0
11.9;3047.6;0.0;0.0;96.0;8024.0
8.4;3047.6;0.0;0.0;99.0;8024.0
8.4;3047.2;0.0;0.0;96.0;8024.0
8.3;3059.2;0.0;0.0;0.0;8024.0
70.5;3060.9;0.0;0.0;51.0;8024.0
96.8;3060.9;0.0;0.0;0.0;8024.0
97.1;3060.9;0.0;0.0;0.0;8024.0
99.4;3060.9;0.0;0.0;0.0;8024.0
100.8;3060.9;0.0;0.0;0.0;8024.0
97.9;3060.9;0.0;0.0;0.0;8024.0
100.0;3060.9;0.0;0.0;0.0;8024.0
46.6;3063.1;0.0;0.0;4.0;8024.0
8.4;3057.3;17.9;68.0;0.0;8024.0
8.3;3061.9;0.6;1.8;0.0;8024.0
9.6;3066.2;0.3;2.0;100.0;8024.0
9.6;3066.2;0.0;0.0;96.0;8024.0
9.6;3066.2;0.0;0.0;95.0;8024.0
10.8;3066.2;0.0;0.0;99.0;8024.0
8.3;3066.2;0.0;0.0;95.0;8024.0
8.3;3066.2;0.0;0.0;96.0;8024.0
8.3;3066.2;0.0;0.0;96.0;8024.0
9.5;3066.2;0.0;0.0;96.0;8024.0
8.4;3066.2;0.0;0.0;96.0;8024.0
8.3;3066.2;0.0;0.0;96.0;8024.0
8.4;3066.2;0.0;0.0;96.0;8024.0
8.3;3066.2;0.0;0.0;96.0;8024.0
8.3;3066.2;0.0;0.0;99.0;8024.0
8.4;3066.2;0.0;0.0;96.0;8024.0
11.2;3066.2;0.0;0.0;99.0;8024.0
9.7;3065.7;0.0;0.0;96.0;8024.0
8.3;3075.7;0.0;0.0;0.0;8024.0
100.3;3079.1;0.0;0.0;54.0;8024.0
98.0;3079.1;0.0;0.0;0.0;8024.0
98.2;3079.1;0.0;0.0;0.0;8024.0
99.1;3079.1;0.0;0.0;0.0;8024.0
100.0;3079.1;0.0;0.0;0.0;8024.0
99.0;3079.1;0.0;0.0;0.0;8024.0
100.3;3079.1;0.0;0.0;0.0;8024.0
99.1;3079.1;0.0;0.0;0.0;8024.0
73.4;3079.1;0.0;0.0;0.0;8024.0
8.4;3075.5;17.9;68.4;0.0;8024.0
8.3;3077.6;0.6;1.9;0.0;8024.0
8.4;3082.3;0.3;2.0;80.0;8024.0
8.3;3082.3;0.0;0.0;96.0;8024.0
8.4;3082.3;0.0;0.0;96.0;8024.0
9.6;3082.3;0.0;0.0;96.0;8024.0
10.8;3082.3;0.0;0.0;99.0;8024.0
11.1;3082.3;0.0;0.0;96.0;8024.0
10.7;3082.3;0.0;0.0;97.0;8024.0
8.4;3082.3;0.0;0.0;96.0;8024.0
9.5;3082.3;0.0;0.0;96.0;8024.0
9.7;3082.3;0.0;0.0;96.0;8024.0
9.6;3082.3;0.0;0.0;97.0;8024.0
11.8;3082.3;0.0;0.0;96.0;8024.0
8.3;3082.3;0.0;0.0;96.0;8024.0
8.3;3082.3;0.0;0.0;99.0;8024.0
8.3;3082.3;0.0;0.0;96.0;8024.0
8.4;3084.9;0.0;0.0;97.0;8024.0
8.3;3103.2;0.0;0.0;0.0;8024.0
98.2;3105.0;0.0;0.0;0.0;8024.0
99.1;3105.0;0.0;0.0;0.0;8024.0
100.3;3105.0;0.0;0.0;0.0;8024.0
100.0;3105.0;0.0;0.0;0.0;8024.0
95.6;3105.0;0.0;0.0;0.0;8024.0
100.3;3105.0;0.0;0.0;0.0;8024.0
98.2;3105.0;0.0;0.0;0.0;8024.0
96.9;3105.0;0.0;0.0;0.0;8024.0
98.2;3105.0;0.0;0.0;0.0;8024.0
8.3;3099.0;17.9;68.7;2.0;8024.0
8.3;3103.3;0.6;2.0;0.0;8024.0
8.3;3106.2;0.3;2.1;0.0;8024.0
8.3;3106.2;0.0;0.0;96.0;8024.0
9.7;3106.2;0.0;0.0;96.0;8024.0
8.3;3106.2;0.0;0.0;96.0;8024.0
8.3;3106.2;0.0;0.0;96.0;8024.0
8.4;3106.2;0.0;0.0;96.0;8024.0
8.3;3106.2;0.0;0.0;99.0;8024.0
8.4;3106.2;0.0;0.0;96.0;8024.0
8.3;3106.2;0.0;0.0;96.0;8024.0
8.4;3106.2;0.0;0.0;96.0;8024.0
9.6;3106.2;0.0;0.0;96.0;8024.0
9.7;3106.2;0.0;0.0;96.0;8024.0
8.4;3106.2;0.0;0.0;96.0;8024.0
8.3;3106.2;0.0;0.0;99.0;8024.0
8.4;3106.2;0.0;0.0;96.0;8024.0
9.7;3105.8;0.0;0.0;96.0;8024.0
8.4;3120.8;0.0;0.0;0.0;8024.0
8.4;3129.8;0.0;0.0;4.0;8024.0
100.0;3129.8;0.0;0.0;0.0;8024.0
92.7;3129.8;0.0;0.0;0.0;8024.0
100.3;3129.8;0.0;0.0;0.0;8024.0
99.4;3129.8;0.0;0.0;0.0;8024.0
100.0;3129.8;0.0;0.0;0.0;8024.0
100.0;3129.8;0.0;0.0;0.0;8024.0
96.8;3129.8;0.0;0.0;0.0;8024.0
99.4;3129.8;0.0;0.0;0.0;8024.0
100.3;3129.8;0.0;0.0;0.0;8024.0
100.0;3129.8;0.0;0.0;0.0;8024.0
63.0;3133.0;0.0;0.0;1.0;8024.0
8.4;3125.8;17.9;69.0;0.0;8024.0
8.4;3126.0;0.6;2.1;0.0;8024.0
14.2;3130.8;0.3;2.2;47.0;8024.0
8.4;3130.8;0.0;0.0;98.0;8024.0
8.3;3130.8;0.0;0.0;95.0;8024.0
8.3;3130.8;0.0;0.0;95.0;8024.0
8.4;3130.8;0.0;0.0;95.0;8024.0
9.5;3130.8;0.0;0.0;96.0;8024.0
10.8;3130.8;0.0;0.0;96.0;8024.0
9.7;3130.8;0.0;0.0;96.0;8024.0
8.4;3130.8;0.0;0.0;99.0;8024.0
10.8;3130.8;0.0;0.0;96.0;8024.0
10.4;3130.8;0.0;0.0;97.0;8024.0
9.7;3130.8;0.0;0.0;96.0;8024.0
9.7;3130.8;0.0;0.0;96.0;8024.0
9.5;3130.8;0.0;0.0;96.0;8024.0
8.3;3130.8;0.0;0.0;96.0;8024.0
8.3;3133.4;0.0;0.0;95.0;8024.0
8.3;3146.0;0.0;0.0;0.0;8024.0
8.3;3155.5;0.0;0.0;58.0;8024.0
97.9;3155.5;0.0;0.0;0.0;8024.0
100.0;3155.5;0.0;0.0;0.0;8024.0
97.0;3155.5;0.0;0.0;0.0;8024.0
99.4;3155.5;0.0;0.0;0.0;8024.0
99.4;3155.5;0.0;0.0;0.0;8024.0
99.0;3155.6;0.0;0.0;0.0;8024.0
98.0;3155.6;0.0;0.0;0.0;8024.0
100.3;3155.6;0.0;0.0;0.0;8024.0
99.1;3155.6;0.0;0.0;0.0;8024.0
8.4;3150.0;17.9;69.4;4.0;8024.0
8.3;3153.9;0.6;2.1;1.0;8024.0
8.3;3156.7;0.3;2.3;1.0;8024.0
9.7;3156.7;0.0;0.0;96.0;8024.0
8.3;3156.7;0.0;0.0;96.0;8024.0
8.4;3156.7;0.0;0.0;97.0;8024.0
8.3;3156.7;0.0;0.0;96.0;8024.0
