8.3;1.2;0.1;0.0;655.0


6.9;128.4;7.6;0.0;663.0


8.3;93.6;7.4;0.0;665.0


5.9;83.8;8.3;4.0;664.0


0.0;0.3;0.0;2.0;680.0


4.8;24.7;1.0;1.0;682.0


8.3;2.3;0.2;4.0;835.0


8.4;0.0;0.0;4.0;963.0


8.4;0.0;0.0;4.0;1091.0


8.3;0.0;0.0;13.0;1211.0


8.4;0.2;0.0;4.0;1313.0


8.4;70.2;67.7;13.0;1467.0


8.4;16.2;65.4;12.0;1885.0


50.0;68.6;288.2;64.0;2065.0


0.0;0.1;0.0;0.0;2065.0


0.0;0.3;0.0;0.0;2065.0


12.5;862.5;37.7;0.0;2065.0


8.4;628.8;27.8;1.0;2053.0


8.3;0.0;0.0;0.0;2053.0


8.4;0.0;0.0;0.0;2053.0


8.3;0.0;0.0;7.0;2053.0


8.3;0.0;0.0;0.0;2054.0


8.4;0.0;0.0;0.0;2054.0


8.3;0.0;0.0;0.0;2070.0


8.4;0.0;0.0;0.0;2070.0


8.3;0.0;0.0;0.0;2070.0


8.4;0.0;0.0;0.0;2070.0


8.3;0.0;0.0;0.0;2076.0


8.3;0.0;0.0;0.0;2069.0


8.4;0.0;0.0;0.0;2069.0


8.3;0.0;0.0;0.0;2069.0


8.3;0.0;0.0;0.0;2070.0


8.3;0.0;0.0;0.0;2070.0


8.4;0.0;0.0;0.0;2060.0


8.4;0.0;0.0;0.0;2060.0


8.3;0.0;0.0;1.0;2057.0


8.4;0.0;0.0;0.0;2057.0


8.3;0.0;0.0;0.0;2056.0


0.0;0.1;0.0;2.0;2057.0


0.0;0.3;0.0;16.0;2073.0


5.9;1179.6;51.6;0.0;2073.0


8.4;312.3;13.9;2.0;2073.0


8.3;0.0;0.0;1.0;2073.0


8.4;0.0;0.0;2.0;2073.0


8.4;0.0;0.0;2.0;2076.0


8.3;0.0;0.0;0.0;2076.0


8.4;0.0;0.0;0.0;2076.0


8.4;0.0;0.0;0.0;2076.0


8.4;0.0;0.0;2.0;2071.0


8.3;0.0;0.0;33.0;2067.0


8.4;0.0;0.0;59.0;2060.0


8.3;0.0;0.0;0.0;2060.0


8.3;0.0;0.0;0.0;2060.0


8.4;0.0;0.0;0.0;2062.0


8.3;0.0;0.0;0.0;2062.0


8.4;0.0;0.0;0.0;2061.0


8.3;0.0;0.0;0.0;2072.0


8.3;0.0;0.0;0.0;2072.0


8.4;0.0;0.0;0.0;2072.0


8.3;0.0;0.0;0.0;2070.0


8.4;0.0;0.0;0.0;2070.0


8.4;1.0;0.3;0.0;2070.0


8.4;0.0;0.0;0.0;2070.0


8.4;0.0;0.0;0.0;2070.0


8.3;0.0;0.0;0.0;2068.0


8.4;0.0;0.0;0.0;2068.0


8.3;0.0;0.0;0.0;2068.0


8.3;0.0;0.0;0.0;2068.0


8.3;0.0;0.0;0.0;2068.0


8.3;0.0;0.0;0.0;2068.0


8.4;0.0;0.0;0.0;2068.0


8.3;0.0;0.0;0.0;2097.0


8.3;0.2;0.0;52.0;2614.0


8.3;0.0;0.0;40.0;3393.0


8.3;0.0;0.0;51.0;4148.0


8.3;0.0;0.0;37.0;4901.0


8.3;0.0;0.0;41.0;5652.0


8.4;0.0;0.0;45.0;6552.0


14.3;0.0;0.0;34.0;6956.0


50.0;0.0;0.0;32.0;7372.0


8.3;0.0;0.0;53.0;7372.0


8.3;0.0;0.0;54.0;7372.0


8.3;0.0;0.0;53.0;7372.0


8.4;0.0;0.0;53.0;7372.0


8.3;0.0;0.0;53.0;7372.0


8.3;0.0;0.0;53.0;7372.0


8.3;0.0;0.0;53.0;7372.0


8.3;0.0;0.0;53.0;7372.0


8.3;0.0;0.0;54.0;7372.0


8.3;0.0;0.0;54.0;7372.0


8.4;0.0;0.0;54.0;7372.0


8.3;0.0;0.0;53.0;7379.0


0.0;10.6;0.8;0.0;7379.0


0.0;0.3;0.0;0.0;7379.0


8.3;861.4;37.6;0.0;7379.0


8.4;630.8;27.9;0.0;7379.0


8.4;0.0;0.0;0.0;7379.0


8.4;0.0;0.0;0.0;7379.0


8.3;0.0;0.0;0.0;7379.0


8.3;0.0;0.0;0.0;7379.0


8.3;0.0;0.0;0.0;7379.0


8.3;0.0;0.0;0.0;7372.0


8.4;0.0;0.0;0.0;7372.0


8.3;0.0;0.0;0.0;7372.0


8.4;0.0;0.0;0.0;7372.0


8.3;0.0;0.0;0.0;7372.0


8.3;0.0;0.0;0.0;7372.0


8.4;0.0;0.0;0.0;7372.0


8.3;0.0;0.0;0.0;7372.0


8.4;0.0;0.0;0.0;7372.0


8.4;0.0;0.0;0.0;7372.0


8.4;0.0;0.0;0.0;7372.0


8.4;0.0;0.0;0.0;7372.0


8.3;0.0;0.0;0.0;7372.0


8.4;0.0;0.0;0.0;7372.0


8.3;0.0;0.0;0.0;7372.0


0.0;0.1;0.0;0.0;7372.0


0.0;0.3;0.0;0.0;7372.0


11.1;865.2;37.7;0.0;7372.0


8.3;628.2;27.8;0.0;7372.0


8.3;0.0;0.0;0.0;7372.0


8.3;0.0;0.0;0.0;7372.0


8.3;0.0;0.0;0.0;7372.0


8.3;0.0;0.0;0.0;7372.0


8.3;0.0;0.0;0.0;7372.0


8.3;0.0;0.0;0.0;7372.0


8.4;0.0;0.0;0.0;7372.0


8.3;0.0;0.0;0.0;7372.0


8.3;0.0;0.0;0.0;7372.0


8.4;0.0;0.0;0.0;7372.0


8.3;0.0;0.0;0.0;7372.0


8.4;0.0;0.0;0.0;7372.0


8.4;0.0;0.0;0.0;7372.0


8.4;0.0;0.0;0.0;7372.0


8.3;0.0;0.0;0.0;7372.0


8.3;0.0;0.0;0.0;7372.0


8.3;0.0;0.0;0.0;7372.0


8.3;0.0;0.0;0.0;7372.0


8.4;0.0;0.0;0.0;7372.0


8.3;0.0;0.0;0.0;7372.0


8.4;1.0;0.3;0.0;7372.0


8.4;0.0;0.0;0.0;7372.0


8.3;0.0;0.0;0.0;7372.0


8.4;0.0;0.0;0.0;7372.0


8.3;0.0;0.0;0.0;7372.0


8.4;0.0;0.0;0.0;7372.0


8.4;0.0;0.0;0.0;7372.0


8.4;0.0;0.0;0.0;7372.0


8.4;0.0;0.0;0.0;7372.0


8.3;0.0;0.0;0.0;7372.0


8.4;0.0;0.0;58.0;7374.0


8.3;0.0;0.0;56.0;7374.0


8.4;0.0;0.0;56.0;7374.0


8.3;0.0;0.0;56.0;7376.0


50.2;0.0;0.0;39.0;7592.0


8.4;0.0;0.0;54.0;7592.0


8.3;0.0;0.0;54.0;7593.0


8.4;0.0;0.0;54.0;7593.0


8.3;0.0;0.0;52.0;7593.0


8.3;0.0;0.0;54.0;7593.0


8.3;0.0;0.0;53.0;7593.0


8.3;0.0;0.0;54.0;7593.0


8.4;0.0;0.0;54.0;7593.0


8.3;0.0;0.0;53.0;7593.0


8.3;0.0;0.0;55.0;7593.0


8.4;0.0;0.0;54.0;7593.0


8.3;0.0;0.0;54.0;7593.0


0.0;10.6;0.8;0.0;7593.0


0.0;0.3;0.0;0.0;7593.0


14.3;517.7;22.5;0.0;7593.0


8.3;973.1;42.7;0.0;7593.0


8.3;1.0;0.3;0.0;7593.0


8.3;0.0;0.0;1.0;7593.0


8.4;0.0;0.0;1.0;7593.0


8.4;0.0;0.0;1.0;7593.0


8.3;0.0;0.0;1.0;7593.0


8.4;0.0;0.0;1.0;7593.0


8.4;0.0;0.0;0.0;7593.0


8.3;0.0;0.0;0.0;7593.0


8.4;0.0;0.0;0.0;7593.0


8.3;0.0;0.0;0.0;7593.0


8.4;0.0;0.0;0.0;7593.0


8.4;0.0;0.0;0.0;7593.0


8.3;0.0;0.0;0.0;7593.0


8.4;0.0;0.0;0.0;7593.0


8.3;0.0;0.0;0.0;7593.0


8.4;0.0;0.0;0.0;7593.0


8.3;0.0;0.0;1.0;7593.0


8.4;0.0;0.0;1.0;7593.0


8.3;0.0;0.0;1.0;7593.0


8.3;0.0;0.0;0.0;7593.0


0.0;0.1;0.0;1.0;7593.0


0.0;0.3;0.0;2.0;7593.0


6.9;844.1;36.9;3.0;7593.0


8.3;647.8;28.7;0.0;7593.0


8.3;0.0;0.0;2.0;7593.0


8.3;0.0;0.0;0.0;7593.0


8.3;0.0;0.0;4.0;7593.0


8.4;0.0;0.0;0.0;7593.0


8.4;0.0;0.0;1.0;7593.0


8.3;0.0;0.0;2.0;7593.0


8.4;0.0;0.0;0.0;7593.0


8.3;0.0;0.0;0.0;7593.0


8.4;0.0;0.0;0.0;7593.0


8.4;0.0;0.0;1.0;7593.0


8.4;0.0;0.0;3.0;7593.0


8.3;0.0;0.0;2.0;7593.0


8.3;0.0;0.0;2.0;7593.0


8.3;0.0;0.0;2.0;7593.0


8.3;0.0;0.0;5.0;7593.0


8.3;0.0;0.0;6.0;7593.0


8.3;0.0;0.0;5.0;7592.0


8.4;0.0;0.0;7.0;7592.0


8.3;0.0;0.0;6.0;7592.0


8.3;0.0;0.0;5.0;7592.0


8.4;1.0;0.3;3.0;7592.0


8.3;0.0;0.0;2.0;7592.0


8.4;0.0;0.0;0.0;7592.0


8.4;0.0;0.0;1.0;7592.0


8.3;0.0;0.0;0.0;7592.0


8.4;0.0;0.0;0.0;7592.0


8.3;0.0;0.0;1.0;7592.0


8.3;0.0;0.0;2.0;7592.0


8.3;0.0;0.0;1.0;7592.0


8.4;0.0;0.0;0.0;7592.0


8.3;0.0;0.0;100.0;7592.0


8.4;0.0;0.0;41.0;7592.0


8.4;0.0;0.0;56.0;7592.0


8.3;0.0;0.0;55.0;7592.0


8.3;0.0;0.0;58.0;7592.0


49.7;0.0;0.0;42.0;7592.0


8.3;0.0;0.0;53.0;7592.0


8.3;0.0;0.0;53.0;7592.0


8.3;0.0;0.0;54.0;7592.0


8.4;0.0;0.0;54.0;7592.0


8.4;0.0;0.0;53.0;7592.0


8.3;0.0;0.0;54.0;7592.0


8.4;0.0;0.0;53.0;7592.0


8.3;0.0;0.0;54.0;7592.0


8.4;0.0;0.0;55.0;7592.0


8.3;0.0;0.0;55.0;7592.0


8.3;0.0;0.0;53.0;7592.0


8.3;0.0;0.0;54.0;7592.0


0.0;10.6;0.8;1.0;7592.0


0.0;0.3;0.0;1.0;7599.0


8.3;853.7;37.3;0.0;7599.0


8.4;638.2;28.3;1.0;7599.0


8.3;0.0;0.0;0.0;7599.0


8.4;0.0;0.0;0.0;7599.0


8.4;0.0;0.0;0.0;7599.0


8.3;0.0;0.0;0.0;7599.0


8.4;0.0;0.0;0.0;7599.0


8.3;0.0;0.0;0.0;7599.0


8.4;0.0;0.0;0.0;7599.0


8.4;0.0;0.0;0.0;7599.0


8.3;0.0;0.0;0.0;7599.0


8.4;0.0;0.0;1.0;7596.0


8.3;0.0;0.0;0.0;7596.0


8.4;0.0;0.0;0.0;7596.0


8.3;0.0;0.0;0.0;7596.0


8.4;0.0;0.0;1.0;7596.0


8.3;0.0;0.0;0.0;7596.0


8.3;0.0;0.0;0.0;7596.0


8.4;0.0;0.0;0.0;7596.0


8.3;0.0;0.0;0.0;7596.0


8.4;0.0;0.0;1.0;7596.0


8.4;0.0;0.0;0.0;7596.0


0.0;0.1;0.0;0.0;7596.0


0.0;0.3;0.0;0.0;7596.0


9.7;1191.7;52.1;0.0;7596.0


8.4;300.8;13.4;0.0;7592.0


8.4;0.0;0.0;0.0;7592.0


8.3;0.0;0.0;0.0;7592.0


8.4;0.0;0.0;0.0;7592.0


8.3;0.0;0.0;0.0;7592.0


8.4;0.0;0.0;0.0;7592.0


8.3;0.0;0.0;0.0;7592.0


8.4;0.0;0.0;0.0;7592.0


8.3;0.0;0.0;0.0;7592.0


8.3;0.0;0.0;0.0;7592.0


8.3;0.0;0.0;0.0;7592.0


8.3;0.0;0.0;0.0;7592.0


8.3;0.0;0.0;0.0;7592.0


8.3;0.0;0.0;0.0;7592.0


8.4;0.0;0.0;0.0;7592.0


8.4;0.0;0.0;0.0;7593.0


8.3;0.0;0.0;0.0;7593.0


8.4;0.0;0.0;1.0;7591.0


8.3;0.0;0.0;2.0;7591.0


8.4;0.0;0.0;0.0;7591.0


8.4;1.0;0.3;0.0;7591.0


8.3;0.0;0.0;0.0;7591.0


8.4;0.0;0.0;0.0;7591.0


8.3;0.0;0.0;0.0;7591.0


8.4;0.0;0.0;0.0;7591.0


8.3;0.0;0.0;0.0;7591.0


8.4;0.0;0.0;0.0;7591.0


8.4;0.0;0.0;0.0;7591.0


8.3;0.0;0.0;0.0;7591.0


8.3;0.0;0.0;0.0;7591.0


