0.0;10502144;0
0.0;10502144;0
0.0;10502144;0
43.0;12238848;0
143.3;14299136;0
133.0;16015360;0
172.0;17670144;0
198.9;19369984;0
199.5;21078016;0
199.5;24354816;0
157.7;25964544;0
199.5;26046464;0
184.8;27840512;0
216.1;29626368;0
186.4;29638656;0
182.8;31248384;0
201.6;31350784;0
184.7;31334400;0
172.0;33054720;0
182.8;33157120;0
182.8;36487168;0
198.9;36593664;0
201.6;38277120;0
199.5;38277120;0
166.2;38330368;0
186.4;39956480;0
149.6;39956480;0
216.1;43311104;0
199.5;43364352;0
201.6;43446272;0
184.7;43462656;0
151.2;44773376;0
199.5;46813184;0
186.4;48615424;0
198.9;48480256;0
184.8;50364416;0
166.2;52068352;0
199.5;51994624;0
200.7;53739520;0
184.7;53854208;114
199.5;55525376;388
149.6;56877056;0
172.0;58671104;0
198.9;58671104;0
201.6;58732544;0
182.8;58720256;0
157.7;60469248;0
170.5;62111744;0
201.6;62099456;0
182.8;63696896;0
133.0;63680512;0
117.6;65388544;0
184.7;66588672;0
186.4;70017024;0
199.5;70017024;0
184.8;71725056;0
198.9;71725056;0
157.7;74235904;0
216.1;86728704;0
299.2;120504320;0
282.6;145518592;0
215.0;172752896;0
225.0;196583424;0
299.2;211537920;0
199.5;237998080;0
201.6;262062080;0
269.9;267550720;422
301.0;267554816;803
216.1;267522048;207
200.7;267522048;0
143.3;268673024;0
198.9;271859712;0
184.8;273469440;0
199.5;273469440;0
216.1;276684800;0
199.5;276684800;0
172.0;278302720;0
199.5;278302720;0
199.5;278302720;0
184.8;279912448;0
184.7;279896064;0
198.9;281518080;0
218.4;283127808;0
199.5;283127808;0
199.5;283127808;0
156.2;284758016;0
186.4;284741632;0
129.0;287973376;0
199.5;287973376;0
201.6;287973376;0
198.9;287973376;0
200.7;287973376;0
184.7;291192832;0
201.6;291192832;0
182.8;292806656;0
199.5;292806656;0
134.4;292790272;0
199.5;294416384;0
100.3;294383616;0
213.1;297627648;0
201.6;296017920;0
200.7;299237376;0
199.5;299237376;0
117.6;300847104;0
199.5;300847104;0
129.0;304119808;0
198.9;304119808;0
184.8;305729536;0
199.5;305729536;0
166.2;308948992;0
200.7;308948992;0
198.9;310558720;0
200.7;310558720;0
166.2;310546432;0
168.0;312168448;0
149.6;312152064;0
182.8;313765888;0
218.4;315392000;0
133.0;315371520;0
199.5;317517824;0
113.6;317517824;0
200.7;320737280;0
186.4;322355200;0
198.9;322355200;0
201.6;322338816;0
149.6;323960832;0
199.5;323948544;0
170.5;333721600;0
200.7;333721600;0
172.0;333709312;0
255.7;353259520;0
272.4;383606784;0
272.4;408047616;0
249.3;431013888;0
282.6;451670016;0
298.3;477237248;0
172.0;503644160;0
286.7;522211328;0
243.7;336297984;0
184.7;336297984;0
199.5;336281600;0
151.2;340856832;0
199.5;340856832;0
182.8;342515712;0
199.5;342528000;0
186.4;342511616;0
186.4;344248320;0
142.0;344231936;0
200.7;345972736;0
186.4;347598848;0
199.5;347660288;0
200.7;347660288;0
216.1;349421568;0
184.8;351117312;0
216.1;352829440;0
182.8;352829440;0
201.6;352829440;0
184.7;352817152;0
157.7;354459648;0
156.2;356179968;0
200.7;356179968;0
186.4;357945344;0
142.0;357928960;0
186.4;359559168;0
157.7;359534592;0
213.1;362786816;0
186.4;364552192;0
198.9;364552192;0
215.0;366170112;0
157.7;367779840;0
198.9;367779840;0
168.0;369389568;0
199.5;369377280;0
149.6;371056640;0
199.5;371056640;0
149.6;371044352;0
168.0;372649984;0
182.8;374337536;0
198.9;374337536;0
200.7;375975936;0
114.7;376807424;0
199.5;379305984;0
166.2;380710912;0
198.9;380710912;0
172.0;382357504;0
157.7;383975424;0
199.5;383979520;0
199.5;383979520;0
151.2;383959040;0
182.8;387219456;0
199.5;387219456;0
216.1;388833280;0
199.5;388816896;0
151.2;390053888;0
199.5;392179712;0
99.7;400588800;0
201.6;403562496;0
199.5;403562496;0
198.9;403562496;0
272.4;413536256;0
269.9;445997056;0
301.0;466804736;0
229.4;489385984;0
282.6;511565824;0
299.2;530612224;0
218.4;555192320;0
286.7;578691072;0
298.3;588369920;0
232.7;401965056;0
182.8;401952768;0
133.0;406437888;0
201.6;406437888;0
182.8;408084480;0
199.5;408084480;0
184.8;408068096;0
182.8;409681920;0
182.8;411357184;0
200.7;411357184;0
198.9;411357184;0
157.7;413057024;0
143.3;414760960;0
142.0;416374784;0
200.7;416374784;0
186.4;418025472;0
170.5;418013184;0
129.0;421363712;0
199.5;421363712;0
199.5;422985728;0
117.6;422969344;0
216.1;424595456;0
213.1;424038400;0
129.0;427892736;0
200.7;427892736;0
199.5;429506560;0
182.8;431112192;0
200.7;431112192;0
198.9;431112192;0
200.7;431112192;0
157.7;432799744;0
184.7;434487296;0
200.7;434487296;0
218.4;436101120;0
199.5;436101120;0
182.8;439365632;0
199.5;439365632;0
213.1;440983552;0
200.7;440983552;0
172.0;440971264;0
170.5;442593280;0
149.6;442568704;0
218.4;445870080;0
199.5;445870080;0
199.5;447492096;0
200.7;447492096;0
142.0;449159168;0
200.7;449159168;0
129.0;452407296;0
198.9;454111232;0
186.4;454098944;0
168.0;455720960;0
199.5;455720960;0
149.6;457318400;0
232.7;467091456;0
213.1;467099648;0
301.0;492679168;0
218.4;524300288;0
299.2;551604224;0
298.3;572567552;0
243.7;602218496;0
302.4;625639424;0
299.2;647307264;0
282.6;651567104;0
229.4;464814080;0
127.8;467501056;0
133.0;469258240;0
201.6;470941696;0
200.7;470941696;0
199.5;470908928;0
133.0;474300416;0
201.6;474300416;0
200.7;475947008;0
184.7;477720576;0
199.5;477720576;0
216.1;479404032;0
213.1;481181696;0
200.7;481181696;0
184.8;482852864;0
199.5;482852864;0
182.8;484560896;0
201.6;484560896;0
216.1;486330368;0
198.9;486330368;0
200.7;488026112;0
199.5;488026112;0
99.7;489795584;0
201.6;489795584;0
83.1;493092864;0
198.9;493092864;0
186.4;494800896;0
201.6;494800896;0
