0.0;10506240;0
0.0;10506240;0
0.0;10506240;0
0.0;10506240;0
49.9;12251136;0
149.6;14045184;0
172.0;15753216;0
166.2;17420288;0
166.2;20738048;0
143.3;22429696;0
199.5;22507520;0
166.2;22454272;0
143.3;25919488;0
198.9;25989120;0
199.5;26038272;0
199.5;26013696;0
201.6;26079232;0
85.2;26087424;0
157.7;29347840;0
199.5;29368320;0
199.5;29417472;0
198.9;29425664;0
201.6;29487104;0
116.4;32190464;0
216.1;32841728;0
186.4;34533376;0
184.7;33640448;0
199.5;36274176;0
199.5;36339712;0
84.0;40579072;0
198.9;39739392;0
200.7;39792640;0
133.0;42143744;0
232.7;43831296;0
198.9;43831296;0
200.7;43212800;0
199.5;43216896;0
182.8;43315200;0
117.6;47427584;0
198.9;47427584;0
199.5;47427584;0
199.5;47427584;0
184.8;47419392;0
156.3;50970624;0
200.7;50970624;0
166.2;50958336;0
166.2;52584448;0
198.9;54194176;0
201.6;54198272;0
199.5;54243328;305
199.5;56360960;197
218.4;56827904;0
198.9;56827904;0
199.5;56954880;0
182.8;55910400;0
168.0;60723200;0
198.9;60723200;0
157.7;61689856;0
199.5;61747200;0
199.5;61804544;0
99.7;65806336;0
199.5;65806336;0
200.7;64966656;0
198.9;65036288;0
201.6;65036288;0
216.1;68833280;0
200.7;68833280;0
170.5;68829184;0
151.2;69844992;0
199.5;69844992;0
166.2;72527872;0
200.7;72531968;0
198.9;72531968;0
199.5;74137600;0
199.5;74137600;0
86.0;74108928;0
298.3;107216896;0
301.0;139821056;0
302.4;163676160;0
299.2;188895232;0
258.0;205357056;0
213.1;229122048;0
301.0;249380864;0
301.0;267980800;0
198.9;265412608;656
286.7;268632064;668
215.0;268595200;108
149.6;270237696;0
199.5;270237696;0
166.2;271851520;0
134.4;273457152;0
182.8;273428480;0
100.3;276676608;0
200.7;276676608;0
170.5;276660224;0
182.8;278286336;0
199.5;278286336;0
151.2;279883776;0
182.8;281505792;0
200.7;281505792;0
200.7;281505792;0
166.2;281489408;0
199.5;281505792;0
199.5;284745728;0
201.6;284745728;0
199.5;284745728;0
166.2;284729344;0
134.4;287973376;0
198.9;287973376;0
186.4;287956992;0
166.2;289579008;0
201.6;289579008;0
182.8;291184640;0
199.5;291184640;0
200.7;291184640;0
170.5;292798464;0
199.5;292798464;0
166.2;294391808;0
218.4;296017920;0
99.7;296263680;0
199.5;299245568;0
201.6;299245568;0
149.6;300851200;0
199.5;300851200;0
184.7;302460928;0
172.0;302460928;0
200.7;302460928;0
184.7;304070656;0
201.6;304070656;0
116.4;304046080;0
149.6;307294208;0
198.9;307294208;0
157.7;307277824;0
172.0;308903936;0
184.7;308891648;0
143.3;310501376;0
86.0;312094720;0
199.5;315342848;0
200.7;315342848;0
198.9;315342848;0
200.7;315342848;0
129.0;315314176;0
83.1;318558208;0
201.6;318558208;0
199.5;318558208;0
199.5;318558208;0
198.9;318558208;0
114.7;318533632;0
114.7;321785856;0
198.9;321785856;0
200.7;321785856;0
200.7;321785856;0
166.2;321753088;0
249.3;333156352;0
199.5;333156352;0
134.4;330448896;0
301.0;368369664;0
269.9;399372288;0
301.0;423395328;0
301.0;443097088;0
266.0;471310336;0
266.0;498024448;0
282.6;520470528;0
266.0;361869312;0
168.0;334323712;0
182.8;337174528;0
199.5;337158144;0
134.4;338604032;0
199.5;340901888;0
199.5;340901888;0
166.2;344240128;0
199.5;344256512;0
201.6;344317952;0
199.5;344375296;0
182.8;344363008;0
168.0;347754496;0
199.5;347754496;0
199.5;347754496;0
199.5;347754496;0
200.7;347754496;0
28.7;347721728;0
216.1;351068160;0
199.5;351068160;0
200.7;351068160;0
200.7;351068160;0
149.6;354328576;0
199.5;354328576;0
199.5;354328576;0
134.4;355938304;0
199.5;355938304;0
199.5;357691392;0
201.6;357691392;0
149.6;357679104;0
182.8;359309312;0
182.8;359297024;0
133.0;361033728;0
201.6;362676224;0
182.8;364507136;0
199.5;364507136;0
201.6;364507136;0
149.6;366133248;0
199.5;367792128;0
199.5;367792128;0
182.8;367779840;0
168.0;369393664;0
199.5;371015680;0
199.5;371015680;0
201.6;371015680;0
116.4;370393088;0
166.2;374333440;0
199.5;374333440;0
199.5;374333440;0
201.6;374333440;0
83.1;377561088;0
199.5;377561088;0
201.6;377561088;0
199.5;377561088;0
166.2;377548800;0
182.8;380805120;0
199.5;380805120;0
151.2;380792832;0
199.5;382414848;0
170.5;384057344;0
200.7;384057344;0
200.7;384057344;0
127.8;385662976;0
157.7;387293184;0
198.9;387293184;0
200.7;387293184;0
200.7;387293184;0
198.9;388960256;0
186.4;390565888;0
200.7;390565888;0
198.9;390565888;0
157.7;390303744;0
113.6;393781248;0
200.7;393781248;0
143.3;399073280;0
301.0;435728384;0
298.3;463630336;0
287.5;490029056;0
282.6;506245120;0
186.4;536408064;0
258.0;562540544;0
299.2;580231168;0
282.6;583720960;0
216.1;397352960;0
199.5;397352960;0
134.4;400109568;0
200.7;400109568;0
170.5;401838080;0
200.7;401842176;0
200.7;401903616;0
156.2;401887232;0
157.7;403587072;0
184.7;405217280;0
199.5;405217280;0
184.8;405217280;0
149.6;405204992;0
113.6;408588288;0
200.7;408588288;0
200.7;408588288;0
170.5;408571904;0
114.7;410218496;0
182.8;411852800;0
199.5;411852800;0
201.6;411852800;0
133.0;411836416;0
149.6;413663232;0
201.6;415363072;0
114.7;419028992;0
198.9;419028992;0
200.7;419090432;0
198.9;419041280;0
200.7;419074048;0
172.0;422367232;0
199.5;422428672;0
182.8;424095744;0
201.6;424095744;0
182.8;424083456;0
213.1;425709568;0
143.3;425709568;0
198.9;428929024;0
199.5;428929024;0
201.6;428929024;0
199.5;428929024;0
149.6;432181248;0
201.6;432181248;0
200.7;432181248;0
198.9;432181248;0
186.4;432156672;0
170.5;435458048;0
199.5;435458048;0
201.6;435458048;0
199.5;435458048;0
184.7;438689792;0
200.7;438689792;0
200.7;438689792;0
199.5;438689792;0
199.5;438689792;0
