0.0;10534912;0
0.0;10534912;0
0.0;10534912;0
50.4;12283904;0
149.6;14110720;0
199.5;15781888;0
156.2;19030016;0
151.2;20725760;0
166.2;20746240;0
157.7;22466560;0
199.5;22503424;0
199.5;22634496;0
199.5;24330240;0
200.7;24330240;0
149.6;24313856;0
166.2;26120192;0
200.7;28000256;0
149.6;27987968;0
216.1;29700096;0
199.5;29839360;0
200.7;29069312;0
198.9;31522816;0
201.6;31481856;0
116.4;33128448;0
200.7;33140736;0
182.8;34783232;0
201.6;34844672;0
184.7;34828288;0
143.3;38072320;0
199.5;38240256;0
199.5;38387712;0
199.5;40120320;0
200.7;40120320;0
172.0;40132608;0
149.6;41803776;0
201.6;41840640;0
127.8;41828352;0
100.3;41877504;0
184.7;45252608;0
201.6;45252608;0
199.5;45252608;0
199.5;45264896;0
200.7;45248512;0
113.6;46960640;0
199.5;48693248;0
182.8;48693248;0
201.6;50442240;0
198.9;50462720;0
186.4;50470912;0
133.0;52105216;0
116.4;53710848;0
198.9;53710848;0
200.7;53846016;123
133.0;57192448;379
199.5;57204736;0
201.6;57204736;0
198.9;57262080;0
200.7;57262080;0
166.2;57303040;0
151.2;60592128;0
198.9;60637184;0
200.7;60637184;0
166.2;62066688;0
199.5;62058496;0
166.2;63676416;0
143.3;63664128;0
166.2;66920448;0
199.5;66953216;0
201.6;66936832;0
182.8;68628480;0
172.0;68616192;0
184.7;70303744;0
201.6;70303744;0
166.2;69537792;0
199.5;73277440;0
201.6;73277440;0
199.5;73277440;0
200.7;73277440;0
184.7;83066880;0
184.8;89595904;0
299.2;123645952;0
299.2;150736896;0
301.0;174342144;0
241.5;195035136;0
266.0;219283456;0
249.3;244035584;0
302.4;263073792;0
249.3;264568832;466
258.0;268849152;653
243.7;268812288;313
199.5;268812288;0
199.5;268812288;0
71.0;268787712;0
215.0;272035840;0
200.7;272035840;0
198.9;272035840;0
201.6;272035840;0
149.6;275304448;0
199.5;275304448;0
199.5;275304448;0
172.0;276955136;0
186.4;276942848;0
142.0;278568960;0
168.0;280178688;0
149.6;280162304;0
182.8;281784320;0
184.7;281784320;0
186.4;283860992;0
200.7;283860992;0
127.8;283848704;0
184.8;285536256;0
182.8;285523968;0
199.5;287182848;0
199.5;287182848;0
100.3;290394112;0
200.7;290394112;0
199.5;290394112;0
201.6;290394112;0
199.5;290394112;0
149.6;293613568;0
199.5;293613568;0
199.5;293613568;0
168.0;295227392;0
199.5;295227392;0
143.3;295215104;0
186.4;296841216;0
170.5;298446848;0
200.7;298446848;0
184.7;298434560;0
200.7;300048384;0
200.7;301670400;0
198.9;301670400;0
200.7;303284224;0
116.4;304893952;0
199.5;304893952;0
199.5;304893952;0
199.5;306503680;0
201.6;308109312;0
199.5;308109312;0
199.5;308109312;0
134.4;308092928;0
216.1;311328768;0
199.5;311324672;0
182.8;311308288;0
199.5;312934400;0
218.4;314544128;0
166.2;316153856;0
199.5;316153856;0
201.6;316153856;0
184.7;316141568;0
143.3;317767680;0
198.9;319377408;0
184.7;319377408;0
149.6;319361024;0
201.6;322605056;0
199.5;322605056;0
216.1;324210688;0
201.6;324210688;0
149.6;333971456;0
182.8;341417984;0
299.2;374185984;0
299.2;402309120;0
301.0;426377216;0
258.0;447315968;0
269.9;475836416;0
266.0;500264960;0
302.4;519065600;0
99.4;332869632;0
186.4;337367040;0
200.7;337367040;0
184.7;337350656;0
215.0;339021824;0
129.0;340643840;0
116.4;342413312;0
199.5;342425600;0
199.5;342425600;0
184.8;344055808;0
199.5;344055808;0
182.8;345882624;0
201.6;345870336;0
99.7;347549696;0
149.6;349224960;0
182.8;350883840;0
199.5;350883840;0
201.6;350883840;0
133.0;350683136;0
199.5;354136064;0
201.6;354136064;0
166.2;355315712;0
199.5;355315712;0
166.2;355299328;0
149.6;357154816;0
134.4;357142528;0
166.2;358772736;0
199.5;358772736;0
184.8;358748160;0
199.5;362045440;0
199.5;362045440;0
199.5;362045440;0
198.9;362045440;0
114.7;363905024;0
201.6;365445120;0
186.4;367054848;0
198.9;367054848;0
200.7;367054848;0
186.4;368689152;0
142.0;368676864;0
200.7;370302976;0
198.9;370302976;0
86.0;369426432;0
201.6;373530624;0
199.5;375140352;0
199.5;375140352;0
201.6;375140352;0
172.0;378363904;0
198.9;378363904;0
200.7;378363904;0
198.9;378363904;0
129.0;378335232;0
218.4;381681664;0
199.5;381681664;0
182.8;381669376;0
201.6;383299584;0
182.8;383283200;0
116.4;385036288;0
199.5;386666496;0
199.5;386666496;0
200.7;388341760;0
172.0;389971968;0
198.9;389971968;0
200.7;389971968;0
186.4;391573504;0
199.5;393195520;0
199.5;393195520;0
199.5;393195520;0
182.8;402960384;0
235.2;406249472;0
301.0;438247424;0
298.3;466206720;0
301.0;492253184;0
229.4;513495040;0
286.7;544051200;0
298.3;569528320;0
299.2;583745536;0
249.3;397148160;0
182.8;399900672;0
129.0;401661952;0
200.7;401661952;0
198.9;401661952;0
172.0;405037056;0
200.7;405049344;0
199.5;405049344;0
199.5;405049344;0
133.0;405020672;0
198.9;408403968;0
200.7;408403968;0
201.6;408403968;0
199.5;408391680;0
83.1;411754496;0
201.6;411754496;0
200.7;411815936;0
198.9;411815936;0
149.6;411787264;0
232.7;415191040;0
198.9;415191040;0
200.7;415191040;0
201.6;415191040;0
216.1;416890880;0
133.0;418549760;0
201.6;418549760;0
200.7;418549760;0
170.5;418537472;0
182.8;420241408;0
216.1;421908480;0
199.5;421908480;0
100.8;423112704;0
200.7;425201664;0
198.9;425201664;0
129.0;426807296;0
172.0;426790912;0
149.6;428478464;0
199.5;428478464;0
116.4;430071808;0
149.6;431685632;0
186.4;433348608;0
143.3;431738880;0
182.8;436617216;0
199.5;436617216;0
201.6;436617216;0
200.7;436617216;0
170.5;438235136;0
133.0;438218752;0
182.8;441589760;0
199.5;441589760;0
129.0;441573376;0
201.6;443248640;0
116.4;444870656;0
199.5;444870656;0
201.6;444854272;0
166.2;446529536;0
