8.4;4.4;0.4;0.0;457.0


8.3;129.0;7.6;0.0;457.0


7.0;94.0;7.5;0.0;457.0


6.0;84.8;8.3;1.0;457.0


0.0;0.3;0.0;0.0;457.0


4.2;26.0;1.0;0.0;457.0


8.3;2.3;0.2;1.0;604.0


8.3;0.0;0.0;6.0;732.0


8.3;0.0;0.0;5.0;858.0


8.3;0.0;0.0;9.0;992.0


8.3;0.2;0.0;4.0;1096.0


8.4;70.2;67.7;11.0;1246.0


8.4;45.8;162.0;18.0;1666.0


49.7;39.0;191.6;42.0;1978.0


0.0;0.1;0.0;0.0;1978.0


0.0;0.3;0.0;0.0;1978.0


0.0;13.8;0.2;0.0;1978.0


0.0;0.3;0.0;0.0;1978.0


8.3;16.1;0.7;38.0;1978.0


26.3;0.0;0.0;47.0;2706.0


8.3;0.0;0.0;47.0;2706.0


8.4;0.0;0.0;47.0;2706.0


8.3;0.0;0.0;47.0;2706.0


8.4;0.0;0.0;48.0;2706.0


8.3;0.0;0.0;42.0;2706.0


8.3;0.0;0.0;48.0;2706.0


8.4;0.0;0.0;47.0;2706.0


8.3;0.0;0.0;47.0;2706.0


8.4;0.0;0.0;48.0;2706.0


8.3;0.0;0.0;49.0;2706.0


8.3;0.0;0.0;49.0;2708.0


8.3;0.0;0.0;48.0;2708.0


0.0;4.2;0.3;1.0;2708.0


0.0;0.3;0.0;0.0;2708.0


0.0;14.1;0.2;0.0;2708.0


0.0;0.3;0.0;0.0;2708.0


8.4;17.3;0.7;39.0;2712.0


30.5;0.0;0.0;46.0;2712.0


8.4;0.0;0.0;48.0;2712.0


8.3;0.0;0.0;48.0;2712.0


8.3;0.0;0.0;48.0;2712.0


8.3;0.0;0.0;48.0;2712.0


8.3;0.0;0.0;48.0;2712.0


8.3;0.0;0.0;46.0;2712.0


8.3;0.0;0.0;48.0;2712.0


8.3;0.0;0.0;48.0;2712.0


8.3;0.0;0.0;48.0;2712.0


8.4;0.0;0.0;48.0;2712.0


8.4;0.0;0.0;48.0;2712.0


8.3;0.0;0.0;48.0;2712.0


0.0;4.1;0.3;1.0;2712.0


0.0;0.3;0.0;0.0;2712.0


0.0;14.6;0.2;0.0;2712.0


0.0;0.3;0.0;0.0;2712.0


8.3;16.7;0.7;0.0;2712.0


8.4;0.0;0.0;43.0;3476.0


37.9;0.0;0.0;47.0;3476.0


8.4;0.0;0.0;47.0;3476.0


8.3;0.0;0.0;47.0;3476.0


8.4;0.0;0.0;35.0;3476.0


8.3;0.0;0.0;48.0;3476.0


8.3;0.0;0.0;48.0;3476.0


8.4;0.0;0.0;48.0;3476.0


8.3;0.0;0.0;49.0;3476.0


8.3;0.0;0.0;48.0;3476.0


8.4;0.0;0.0;48.0;3476.0


8.3;0.0;0.0;48.0;3476.0


8.4;0.0;0.0;48.0;3478.0


2.8;0.0;0.0;1.0;3478.0


0.0;4.4;0.3;1.0;3478.0


0.0;0.3;0.0;0.0;3478.0


0.0;14.9;0.2;1.0;3478.0


0.0;0.3;0.0;0.0;3482.0


8.3;17.1;0.7;43.0;3482.0


50.2;0.0;0.0;42.0;3482.0


8.3;0.0;0.0;47.0;3482.0


8.3;0.0;0.0;47.0;3482.0


8.3;0.0;0.0;46.0;3482.0


8.3;0.0;0.0;47.0;3482.0


8.3;0.0;0.0;48.0;3482.0


8.3;0.0;0.0;48.0;3482.0


8.3;0.0;0.0;47.0;3482.0


8.3;0.0;0.0;48.0;3482.0


8.3;0.0;0.0;48.0;3482.0


8.4;0.0;0.0;48.0;3482.0


8.3;0.0;0.0;48.0;3482.0


8.4;0.0;0.0;48.0;3482.0


0.0;4.2;0.3;1.0;3482.0


0.0;0.3;0.0;0.0;3482.0


0.0;14.6;0.2;0.0;3482.0


0.0;0.3;0.0;0.0;3482.0


8.4;16.9;0.7;5.0;3482.0


8.3;0.0;0.0;45.0;3482.0


8.4;0.0;0.0;48.0;3482.0


8.3;0.0;0.0;48.0;3482.0


8.4;0.0;0.0;48.0;3482.0


8.3;0.0;0.0;47.0;3482.0


8.3;0.0;0.0;47.0;3482.0


8.3;0.0;0.0;47.0;3482.0


8.3;0.0;0.0;48.0;3482.0


8.3;0.0;0.0;48.0;3482.0


8.4;0.0;0.0;48.0;3482.0


8.3;0.0;0.0;48.0;3482.0


9.6;0.0;0.0;48.0;3482.0


8.3;0.0;0.0;48.0;3482.0


0.0;0.0;0.0;0.0;3482.0


0.0;4.7;0.3;0.0;3482.0


0.0;15.5;0.2;0.0;3482.0


0.0;0.3;0.0;0.0;3482.0


3.6;14.2;0.4;0.0;3482.0


8.4;1.0;0.3;38.0;3482.0


49.7;0.0;0.0;42.0;3482.0


8.3;0.0;0.0;48.0;3482.0


8.3;0.0;0.0;47.0;3482.0


8.3;0.0;0.0;46.0;3482.0


8.3;0.0;0.0;47.0;3482.0


8.3;0.0;0.0;47.0;3482.0


8.3;0.0;0.0;48.0;3482.0


8.4;0.0;0.0;47.0;3482.0


8.3;0.0;0.0;46.0;3482.0


8.4;0.0;0.0;47.0;3482.0


8.3;0.0;0.0;47.0;3482.0


8.4;0.0;0.0;47.0;3482.0


3.1;0.0;0.0;28.0;3482.0


0.0;4.1;0.3;1.0;3482.0


0.0;0.3;0.0;0.0;3482.0


0.0;14.7;0.2;0.0;3482.0


0.0;0.3;0.0;0.0;3482.0


8.3;16.7;0.7;43.0;3482.0


49.9;0.0;0.0;42.0;3482.0


8.3;0.0;0.0;46.0;3482.0


8.4;0.0;0.0;40.0;3482.0


8.4;0.0;0.0;46.0;3482.0


8.3;0.0;0.0;47.0;3482.0


8.3;0.0;0.0;47.0;3482.0


8.3;0.0;0.0;47.0;3482.0


9.5;0.0;0.0;47.0;3482.0


8.4;0.0;0.0;47.0;3482.0


8.3;0.0;0.0;47.0;3482.0


8.4;0.0;0.0;47.0;3482.0


9.6;0.0;0.0;47.0;3482.0


8.4;0.0;0.0;36.0;3482.0


0.0;4.0;0.3;0.0;3482.0


0.0;0.3;0.0;0.0;3482.0


0.0;14.5;0.2;0.0;3482.0


0.0;0.3;0.0;0.0;3482.0


8.4;16.8;0.7;43.0;3482.0


43.8;0.0;0.0;44.0;3482.0


8.3;0.0;0.0;47.0;3482.0


8.4;0.0;0.0;46.0;3482.0


8.3;0.0;0.0;46.0;3482.0


8.4;0.0;0.0;46.0;3482.0


8.3;0.0;0.0;47.0;3482.0


8.3;0.0;0.0;47.0;3482.0


8.4;0.0;0.0;47.0;3482.0


8.3;0.0;0.0;34.0;3482.0


8.4;0.0;0.0;47.0;3482.0


8.3;0.0;0.0;47.0;3482.0


8.4;0.0;0.0;47.0;3482.0


8.3;0.0;0.0;46.0;3482.0


0.0;4.0;0.3;0.0;3482.0


0.0;0.3;0.0;0.0;3482.0


1.2;15.0;0.2;0.0;3482.0


0.0;0.3;0.0;1.0;3482.0


4.2;15.2;0.4;0.0;3482.0


8.3;1.0;0.3;44.0;3482.0


38.2;0.0;0.0;47.0;3482.0


8.3;0.0;0.0;46.0;3482.0


8.3;0.0;0.0;47.0;3482.0


8.3;0.0;0.0;47.0;3482.0


8.3;0.0;0.0;48.0;3482.0


8.3;0.0;0.0;48.0;3482.0


8.3;0.0;0.0;47.0;3482.0


8.4;0.0;0.0;48.0;3482.0


8.3;0.0;0.0;48.0;3482.0


8.4;0.0;0.0;48.0;3482.0


8.4;0.0;0.0;48.0;3482.0


8.3;0.0;0.0;48.0;3482.0


1.4;0.0;0.0;0.0;3482.0


0.0;4.1;0.3;0.0;3482.0


0.0;0.3;0.0;0.0;3482.0


0.0;14.9;0.2;0.0;3482.0


0.0;0.3;0.0;0.0;3482.0


8.3;16.8;0.7;43.0;3482.0


50.2;0.0;0.0;40.0;3482.0


8.4;0.0;0.0;48.0;3482.0


8.3;0.0;0.0;47.0;3482.0


8.4;0.0;0.0;47.0;3482.0


8.4;0.0;0.0;47.0;3482.0


8.3;0.0;0.0;48.0;3482.0


8.4;0.0;0.0;48.0;3482.0


8.3;0.0;0.0;47.0;3482.0


8.4;0.0;0.0;48.0;3482.0


8.4;0.0;0.0;47.0;3482.0


8.4;0.0;0.0;48.0;3482.0


8.4;0.0;0.0;48.0;3482.0


8.3;0.0;0.0;47.0;3482.0


0.0;4.2;0.3;0.0;3482.0


0.0;0.3;0.0;0.0;3482.0


0.0;14.2;0.2;0.0;3482.0


0.0;0.3;0.0;1.0;3482.0


8.3;16.7;0.7;28.0;3482.0


38.2;0.0;0.0;42.0;3482.0


8.3;0.0;0.0;47.0;3482.0


8.3;0.0;0.0;43.0;3482.0


8.3;0.0;0.0;47.0;3482.0


8.3;0.0;0.0;48.0;3482.0


8.3;0.0;0.0;47.0;3482.0


8.3;0.0;0.0;45.0;3482.0


8.4;0.0;0.0;48.0;3482.0


8.4;0.0;0.0;48.0;3482.0


8.3;0.0;0.0;47.0;3482.0


8.4;0.0;0.0;48.0;3482.0


8.3;0.0;0.0;47.0;3482.0


7.0;0.0;0.0;48.0;3482.0


0.0;4.1;0.3;0.0;3482.0


0.0;0.3;0.0;0.0;3482.0


0.0;13.9;0.2;0.0;3482.0


0.0;0.3;0.0;0.0;3482.0


8.3;15.7;0.7;13.0;3482.0


8.3;0.0;0.0;42.0;3482.0


8.3;0.0;0.0;46.0;3482.0


8.3;0.0;0.0;47.0;3482.0


8.4;0.0;0.0;47.0;3482.0


8.4;0.0;0.0;48.0;3482.0


8.3;0.0;0.0;47.0;3482.0


8.4;0.0;0.0;48.0;3482.0


8.3;0.0;0.0;48.0;3482.0


8.4;0.0;0.0;48.0;3482.0


8.3;0.0;0.0;48.0;3482.0


8.3;0.0;0.0;47.0;3482.0


8.4;0.0;0.0;48.0;3482.0


8.3;0.0;0.0;48.0;3482.0


0.0;0.0;0.0;0.0;3482.0


0.0;4.4;0.3;0.0;3482.0


0.0;13.9;0.2;0.0;3482.0


0.0;0.3;0.0;0.0;3482.0


3.6;15.5;0.4;5.0;3482.0


8.4;1.0;0.3;35.0;3482.0


49.7;0.0;0.0;44.0;3482.0


8.3;0.0;0.0;47.0;3482.0


8.4;0.0;0.0;47.0;3482.0


8.3;0.0;0.0;47.0;3482.0


9.6;0.0;0.0;47.0;3482.0


8.3;0.0;0.0;48.0;3482.0


8.4;0.0;0.0;47.0;3482.0


8.4;0.0;0.0;48.0;3482.0


8.3;0.0;0.0;47.0;3482.0


8.4;0.0;0.0;48.0;3482.0


8.4;0.0;0.0;48.0;3482.0


8.4;0.0;0.0;47.0;3482.0


4.2;0.0;0.0;18.0;3482.0


0.0;4.1;0.3;0.0;3482.0


0.0;0.3;0.0;0.0;3482.0


0.0;14.7;0.2;0.0;3482.0


0.0;0.3;0.0;0.0;3482.0


8.3;15.8;0.7;41.0;3482.0


42.9;0.0;0.0;45.0;3482.0


8.3;0.0;0.0;47.0;3482.0


8.3;0.0;0.0;46.0;3482.0


8.4;0.0;0.0;47.0;3482.0


8.3;0.0;0.0;46.0;3482.0


8.4;0.0;0.0;46.0;3482.0


8.3;0.0;0.0;47.0;3482.0


8.4;0.0;0.0;47.0;3482.0


8.4;0.0;0.0;48.0;3482.0


8.3;0.0;0.0;47.0;3482.0


8.4;0.0;0.0;47.0;3482.0


8.3;0.0;0.0;48.0;3482.0


8.4;0.0;0.0;46.0;3482.0


1.4;4.0;0.3;1.0;3482.0


0.0;0.3;0.0;0.0;3482.0


0.0;15.3;0.2;0.0;3482.0


0.0;0.3;0.0;0.0;3482.0


8.3;15.2;0.7;0.0;3482.0


8.3;0.0;0.0;43.0;3482.0


8.3;0.0;0.0;48.0;3482.0


8.4;0.0;0.0;48.0;3482.0


8.3;0.0;0.0;48.0;3482.0


8.4;0.0;0.0;48.0;3482.0


8.3;0.0;0.0;48.0;3482.0


8.4;0.0;0.0;49.0;3482.0


8.4;0.0;0.0;49.0;3482.0


8.4;0.0;0.0;48.0;3482.0


8.4;0.0;0.0;48.0;3482.0


8.3;0.0;0.0;49.0;3482.0


8.4;0.0;0.0;48.0;3482.0


8.3;0.0;0.0;48.0;3482.0


0.0;4.2;0.3;0.0;3482.0


1.2;0.3;0.0;0.0;3482.0


1.2;14.7;0.2;1.0;3482.0


0.0;0.3;0.0;0.0;3482.0


4.2;15.2;0.4;0.0;3482.0


8.3;1.0;0.3;44.0;3482.0


39.6;0.0;0.0;43.0;3482.0


8.3;0.0;0.0;48.0;3482.0


8.4;0.0;0.0;47.0;3482.0


8.3;0.0;0.0;48.0;3482.0


9.6;0.0;0.0;47.0;3482.0


8.3;0.0;0.0;48.0;3482.0


