8.3;6.8;0.5;0.0;457.0


8.3;121.8;7.2;0.0;457.0


8.3;93.4;7.4;0.0;457.0


5.9;85.0;8.4;0.0;457.0


0.0;1.1;0.1;0.0;457.0


4.2;26.1;1.0;0.0;457.0


8.3;2.3;0.2;2.0;594.0


8.4;0.0;0.0;5.0;728.0


8.3;0.0;0.0;6.0;874.0


8.4;0.0;0.0;7.0;994.0


8.4;0.2;0.0;4.0;1096.0


8.4;70.2;67.7;11.0;1246.0


8.3;45.9;178.0;16.0;1666.0


50.0;38.9;175.6;68.0;1858.0


0.0;0.1;0.0;0.0;1858.0


0.0;0.3;0.0;1.0;1858.0


0.0;14.3;0.2;1.0;1858.0


0.0;0.3;0.0;0.0;1858.0


8.3;16.1;0.7;43.0;1860.0


20.3;0.0;0.0;48.0;2538.0


8.3;0.0;0.0;48.0;2538.0


8.3;0.0;0.0;47.0;2538.0


8.4;0.0;0.0;47.0;2538.0


8.3;0.0;0.0;48.0;2538.0


8.4;0.0;0.0;48.0;2538.0


8.4;0.0;0.0;48.0;2538.0


8.4;0.0;0.0;48.0;2538.0


8.4;0.0;0.0;48.0;2538.0


8.3;0.0;0.0;49.0;2538.0


8.4;0.0;0.0;47.0;2538.0


8.3;0.0;0.0;48.0;2540.0


8.3;0.0;0.0;45.0;2540.0


0.0;3.9;0.3;0.0;2540.0


0.0;0.3;0.0;0.0;2540.0


0.0;14.4;0.2;1.0;2540.0


0.0;0.3;0.0;0.0;2544.0


8.3;16.7;0.7;43.0;2546.0


42.9;0.0;0.0;40.0;3296.0


8.3;0.0;0.0;48.0;3296.0


8.3;0.0;0.0;48.0;3296.0


8.3;0.0;0.0;48.0;3296.0


8.4;0.0;0.0;48.0;3296.0


8.3;0.0;0.0;48.0;3296.0


8.4;0.0;0.0;49.0;3296.0


8.4;0.0;0.0;48.0;3296.0


8.3;0.0;0.0;49.0;3296.0


8.4;0.0;0.0;48.0;3296.0


8.4;0.0;0.0;49.0;3296.0


8.4;0.0;0.0;49.0;3298.0


8.3;0.0;0.0;48.0;3298.0


0.0;4.3;0.3;0.0;3298.0


0.0;0.3;0.0;0.0;3298.0


0.0;12.8;0.2;0.0;3298.0


0.0;0.3;0.0;0.0;3298.0


8.3;16.6;0.7;5.0;3304.0


8.4;0.0;0.0;46.0;3304.0


8.4;0.0;0.0;45.0;3304.0


8.3;0.0;0.0;49.0;3304.0


8.4;0.0;0.0;47.0;3304.0


8.3;0.0;0.0;49.0;3304.0


8.4;0.0;0.0;49.0;3304.0


8.4;0.0;0.0;48.0;3304.0


8.4;0.0;0.0;49.0;3304.0


8.4;0.0;0.0;49.0;3304.0


8.3;0.0;0.0;49.0;3304.0


8.4;0.0;0.0;49.0;3304.0


8.3;0.0;0.0;49.0;3304.0


8.4;0.0;0.0;48.0;3304.0


0.0;4.1;0.3;0.0;3304.0


0.0;0.3;0.0;0.0;3304.0


0.0;15.1;0.2;0.0;3304.0


0.0;0.3;0.0;0.0;3304.0


8.3;15.0;0.7;19.0;3304.0


8.3;0.0;0.0;43.0;3304.0


8.3;0.0;0.0;48.0;3304.0


8.3;0.0;0.0;48.0;3304.0


8.3;0.0;0.0;48.0;3304.0


8.4;0.0;0.0;49.0;3304.0


8.4;0.0;0.0;48.0;3304.0


8.3;0.0;0.0;48.0;3304.0


8.4;0.0;0.0;49.0;3304.0


8.3;0.0;0.0;48.0;3304.0


8.4;0.0;0.0;49.0;3304.0


8.4;0.0;0.0;48.0;3304.0


8.4;0.0;0.0;48.0;3304.0


8.3;0.0;0.0;49.0;3304.0


1.4;4.0;0.3;0.0;3304.0


0.0;0.3;0.0;0.0;3304.0


0.0;14.0;0.2;0.0;3304.0


0.0;0.3;0.0;0.0;3304.0


8.3;15.9;0.7;33.0;3304.0


8.4;0.0;0.0;43.0;3304.0


8.4;0.0;0.0;49.0;3304.0


8.3;0.0;0.0;48.0;3304.0


8.4;0.0;0.0;47.0;3304.0


8.3;0.0;0.0;48.0;3304.0


8.4;0.0;0.0;49.0;3304.0


8.4;0.0;0.0;49.0;3304.0


8.3;0.0;0.0;49.0;3304.0


8.4;0.0;0.0;48.0;3304.0


8.3;0.0;0.0;48.0;3304.0


8.4;0.0;0.0;49.0;3304.0


8.3;0.0;0.0;49.0;3304.0


8.4;0.0;0.0;48.0;3304.0


0.0;4.3;0.3;0.0;3304.0


0.0;0.3;0.0;0.0;3304.0


0.0;13.8;0.2;0.0;3304.0


0.0;0.3;0.0;0.0;3304.0


8.3;15.8;0.7;6.0;3304.0


8.3;0.0;0.0;44.0;3304.0


8.3;0.0;0.0;46.0;3304.0


8.4;0.0;0.0;48.0;3304.0


8.3;0.0;0.0;49.0;3304.0


8.4;0.0;0.0;48.0;3304.0


8.4;0.0;0.0;49.0;3304.0


8.3;0.0;0.0;47.0;3304.0


8.4;0.0;0.0;49.0;3304.0


8.3;0.0;0.0;49.0;3304.0


8.4;0.0;0.0;49.0;3304.0


8.3;0.0;0.0;49.0;3304.0


8.3;0.0;0.0;49.0;3304.0


8.3;0.0;0.0;49.0;3304.0


0.0;4.3;0.3;1.0;3304.0


0.0;0.3;0.0;0.0;3304.0


1.4;14.4;0.2;0.0;3304.0


0.0;0.3;0.0;0.0;3304.0


4.2;15.8;0.4;0.0;3304.0


8.3;1.0;0.3;43.0;3304.0


39.6;0.0;0.0;44.0;3304.0


8.3;0.0;0.0;39.0;3304.0


8.4;0.0;0.0;47.0;3304.0


8.3;0.0;0.0;48.0;3304.0


8.4;0.0;0.0;48.0;3304.0


8.4;0.0;0.0;48.0;3304.0


8.3;0.0;0.0;48.0;3304.0


8.4;0.0;0.0;48.0;3304.0


8.3;0.0;0.0;49.0;3304.0


8.4;0.0;0.0;48.0;3304.0


8.3;0.0;0.0;48.0;3304.0


8.4;0.0;0.0;48.0;3304.0


2.4;0.0;0.0;9.0;3304.0


0.0;4.2;0.3;0.0;3304.0


0.0;0.3;0.0;0.0;3304.0


0.0;14.9;0.2;0.0;3304.0


0.0;0.3;0.0;0.0;3304.0


8.4;17.2;0.7;43.0;3304.0


50.0;0.0;0.0;43.0;3304.0


8.4;0.0;0.0;48.0;3304.0


8.3;0.0;0.0;48.0;3304.0


8.4;0.0;0.0;46.0;3304.0


8.4;0.0;0.0;48.0;3304.0


8.4;0.0;0.0;48.0;3304.0


8.4;0.0;0.0;48.0;3304.0


8.3;0.0;0.0;48.0;3304.0


8.4;0.0;0.0;48.0;3304.0


8.3;0.0;0.0;48.0;3304.0


9.7;0.0;0.0;48.0;3304.0


8.3;0.0;0.0;49.0;3304.0


5.9;0.0;0.0;15.0;3304.0


0.0;4.1;0.3;0.0;3304.0


0.0;0.3;0.0;0.0;3304.0


0.0;15.1;0.2;0.0;3304.0


0.0;0.3;0.0;0.0;3304.0


8.3;15.9;0.7;43.0;3304.0


50.2;0.0;0.0;39.0;3304.0


8.4;0.0;0.0;48.0;3304.0


8.3;0.0;0.0;47.0;3304.0


8.4;0.0;0.0;47.0;3304.0


8.3;0.0;0.0;47.0;3304.0


8.3;0.0;0.0;47.0;3304.0


8.3;0.0;0.0;47.0;3304.0


8.3;0.0;0.0;47.0;3304.0


8.3;0.0;0.0;47.0;3304.0


8.3;0.0;0.0;47.0;3304.0


8.3;0.0;0.0;48.0;3304.0


8.4;0.0;0.0;47.0;3304.0


6.2;0.0;0.0;31.0;3304.0


0.0;3.9;0.3;0.0;3304.0


0.0;0.3;0.0;0.0;3304.0


0.0;14.6;0.2;0.0;3304.0


0.0;0.3;0.0;0.0;3304.0


8.3;16.8;0.7;37.0;3304.0


22.4;0.0;0.0;40.0;3304.0


8.3;0.0;0.0;48.0;3304.0


8.4;0.0;0.0;47.0;3304.0


8.3;0.0;0.0;47.0;3304.0


8.3;0.0;0.0;47.0;3304.0


8.3;0.0;0.0;47.0;3304.0


8.4;0.0;0.0;48.0;3304.0


8.4;0.0;0.0;48.0;3304.0


8.3;0.0;0.0;48.0;3304.0


8.3;0.0;0.0;49.0;3304.0


8.3;0.0;0.0;48.0;3304.0


8.3;0.0;0.0;48.0;3304.0


8.4;0.0;0.0;47.0;3304.0


0.0;4.3;0.3;1.0;3304.0


0.0;0.3;0.0;0.0;3304.0


0.0;13.9;0.2;0.0;3304.0


0.0;0.3;0.0;0.0;3304.0


8.4;14.6;0.7;30.0;3304.0


8.4;0.0;0.0;43.0;4126.0


38.2;0.0;0.0;46.0;4126.0


9.5;0.0;0.0;47.0;4126.0


8.4;0.0;0.0;47.0;4126.0


8.3;0.0;0.0;48.0;4126.0


8.3;0.0;0.0;48.0;4126.0


8.4;0.0;0.0;48.0;4126.0


8.3;0.0;0.0;47.0;4126.0


8.3;0.0;0.0;45.0;4126.0


8.3;0.0;0.0;48.0;4126.0


8.3;0.0;0.0;48.0;4126.0


8.4;0.0;0.0;49.0;4128.0


8.3;0.0;0.0;48.0;4128.0


2.8;0.0;0.0;7.0;4128.0


0.0;4.7;0.3;0.0;4128.0


0.0;0.3;0.0;0.0;4128.0


0.0;14.9;0.2;0.0;4128.0


0.0;0.3;0.0;0.0;4134.0


8.4;15.9;0.7;43.0;4134.0


50.2;0.0;0.0;41.0;4134.0


8.4;0.0;0.0;48.0;4134.0


8.3;0.0;0.0;46.0;4134.0


8.3;0.0;0.0;47.0;4134.0


8.3;0.0;0.0;48.0;4134.0


8.4;0.0;0.0;47.0;4134.0


8.4;0.0;0.0;48.0;4134.0


8.3;0.0;0.0;47.0;4134.0


8.3;0.0;0.0;48.0;4134.0


8.3;0.0;0.0;48.0;4134.0


8.3;0.0;0.0;47.0;4134.0


8.4;0.0;0.0;48.0;4134.0


6.9;0.0;0.0;48.0;4134.0


0.0;4.1;0.3;0.0;4134.0


0.0;0.3;0.0;0.0;4134.0


0.0;12.7;0.2;0.0;4134.0


0.0;0.3;0.0;0.0;4134.0


8.4;16.2;0.7;19.0;4134.0


36.4;0.0;0.0;42.0;4134.0


8.3;0.0;0.0;48.0;4134.0


8.3;0.0;0.0;47.0;4134.0


8.3;0.0;0.0;48.0;4134.0


8.3;0.0;0.0;47.0;4134.0


8.4;0.0;0.0;48.0;4134.0


8.3;0.0;0.0;48.0;4134.0


8.4;0.0;0.0;48.0;4134.0


8.3;0.0;0.0;48.0;4134.0


8.3;0.0;0.0;48.0;4134.0


8.4;0.0;0.0;48.0;4134.0


8.3;0.0;0.0;37.0;4134.0


8.4;0.0;0.0;48.0;4134.0


0.0;4.1;0.3;0.0;4134.0


0.0;0.3;0.0;0.0;4134.0


0.0;15.0;0.2;0.0;4134.0


0.0;0.3;0.0;0.0;4134.0


8.4;16.6;0.7;7.0;4134.0


8.3;0.0;0.0;46.0;4134.0


8.3;0.0;0.0;46.0;4134.0


8.3;0.0;0.0;48.0;4134.0


8.3;0.0;0.0;47.0;4134.0


8.3;0.0;0.0;46.0;4134.0


8.3;0.0;0.0;48.0;4134.0


8.4;0.0;0.0;47.0;4134.0


8.3;0.0;0.0;48.0;4134.0


8.3;0.0;0.0;45.0;4134.0


8.3;0.0;0.0;48.0;4134.0


8.3;0.0;0.0;48.0;4134.0


8.4;0.0;0.0;48.0;4134.0


8.3;0.0;0.0;48.0;4134.0


1.2;4.1;0.3;1.0;4134.0


0.0;0.3;0.0;0.0;4134.0


0.0;14.7;0.2;0.0;4134.0


0.0;0.3;0.0;1.0;4134.0


4.8;15.8;0.4;0.0;4134.0


8.4;1.0;0.3;43.0;4134.0


37.9;0.0;0.0;44.0;4134.0


8.3;0.0;0.0;48.0;4134.0


8.3;0.0;0.0;47.0;4134.0


8.3;0.0;0.0;48.0;4134.0


8.4;0.0;0.0;48.0;4134.0


8.3;0.0;0.0;48.0;4134.0


8.4;0.0;0.0;48.0;4134.0


8.3;0.0;0.0;49.0;4134.0


8.3;0.0;0.0;49.0;4134.0


8.4;0.0;0.0;49.0;4134.0


8.3;0.0;0.0;49.0;4134.0


8.4;0.0;0.0;48.0;4134.0


0.0;0.0;0.0;0.0;4134.0


0.0;4.1;0.3;0.0;4134.0


0.0;0.3;0.0;0.0;4134.0


0.0;14.9;0.2;0.0;4134.0


0.0;0.3;0.0;0.0;4134.0


8.3;15.2;0.7;43.0;4134.0


50.0;0.0;0.0;43.0;4134.0


8.3;0.0;0.0;48.0;4134.0


8.3;0.0;0.0;49.0;4134.0


8.4;0.0;0.0;48.0;4134.0


8.3;0.0;0.0;49.0;4134.0


8.3;0.0;0.0;49.0;4134.0


8.3;0.0;0.0;49.0;4134.0


8.3;0.0;0.0;49.0;4134.0


