0.0;10506240;0
0.0;10506240;0
0.0;10506240;0
0.0;10506240;0
33.2;15097856;0
114.7;18694144;0
127.8;21757952;0
199.5;27152384;0
216.1;31375360;0
229.4;35328000;0
199.5;37683200;0
218.4;51400704;0
116.4;51392512;0
243.7;59494400;0
199.5;59527168;0
184.8;59580416;0
198.9;59621376;0
201.6;59625472;0
199.5;59666432;0
200.7;59719680;0
198.9;59756544;0
201.6;59789312;0
182.8;58974208;0
243.7;76005376;0
200.7;76005376;0
198.9;76009472;0
199.5;76054528;0
200.7;76075008;0
186.4;76206080;0
199.5;76230656;0
201.6;76238848;0
199.5;76259328;0
200.7;76267520;0
213.1;72560640;0
184.8;84291584;0
199.5;84303872;0
199.5;84434944;0
186.4;84480000;0
184.7;84463616;0
182.8;92606464;0
199.5;92606464;0
201.6;92626944;0
198.9;92626944;0
200.7;92729344;0
149.6;92721152;0
216.1;100970496;0
199.5;100970496;0
186.4;100970496;0
199.5;100970496;0
199.5;100970496;0
184.8;100970496;0
198.9;100970496;0
199.5;100970496;0
199.5;100970496;0
201.6;101011456;0
127.8;98701312;0
200.7;109281280;0
199.5;109281280;0
199.5;109281280;0
199.5;109162496;0
172.0;109150208;0
166.2;117473280;0
198.9;117473280;0
200.7;117477376;0
149.6;117547008;0
199.5;125575168;0
199.5;125575168;0
143.3;125562880;0
229.4;133668864;0
198.9;133668864;0
184.8;133668864;0
199.5;133668864;0
200.7;133668864;0
198.9;133828608;0
200.7;133861376;0
199.5;133861376;0
216.1;130400256;441
215.0;141930496;69
199.5;141987840;0
199.5;141996032;0
199.5;142012416;0
199.5;142012416;0
200.7;142061568;0
198.9;142127104;0
129.0;141991936;0
216.1;150122496;0
116.4;150110208;0
232.7;158093312;0
200.7;158093312;0
200.7;158093312;0
198.9;158093312;0
200.7;158093312;0
199.5;158154752;0
199.5;158220288;0
199.5;158220288;0
200.7;165441536;0
200.7;166178816;0
182.8;174059520;0
201.6;174067712;0
199.5;174067712;0
199.5;174067712;0
198.9;174067712;0
200.7;174202880;0
199.5;174202880;0
199.5;174202880;0
201.6;174260224;0
249.3;182292480;0
182.8;182022144;0
241.5;190255104;0
186.4;190255104;0
200.7;190255104;0
198.9;190390272;0
201.6;190390272;0
199.5;190398464;0
166.2;190017536;0
182.8;198287360;0
199.5;198287360;0
200.7;198287360;0
198.9;198287360;0
200.7;198287360;0
186.4;198291456;0
198.9;206344192;0
200.7;206385152;0
198.9;206389248;0
200.7;206389248;0
200.7;206389248;0
199.5;206389248;0
151.2;203280384;0
200.7;214597632;0
216.1;219439104;0
199.5;222588928;0
199.5;222588928;0
201.6;222601216;0
199.5;222613504;0
199.5;222629888;0
201.6;222650368;0
199.5;222650368;0
199.5;222650368;0
199.5;222650368;0
182.8;222633984;0
168.0;221954048;0
199.5;230510592;0
199.5;230510592;0
184.8;238526464;0
198.9;238526464;0
200.7;238526464;0
198.9;238526464;0
200.7;238526464;0
200.7;238530560;0
198.9;238530560;0
200.7;238530560;0
100.3;231194624;0
241.5;254664704;0
186.4;254664704;0
198.9;254730240;0
186.4;254730240;0
200.7;254730240;0
198.9;254730240;0
200.7;254730240;0
199.5;254730240;0
156.2;254849024;0
182.8;262860800;0
182.8;262852608;0
186.4;270852096;0
199.5;270856192;0
199.5;270856192;0
201.6;270856192;0
199.5;270856192;0
199.5;270856192;0
182.8;270856192;0
198.9;270856192;0
200.7;270860288;0
200.7;270860288;0
198.9;270860288;0
200.7;270925824;0
172.0;278695936;0
198.9;286814208;0
199.5;286822400;0
182.8;286822400;0
200.7;286826496;0
200.7;286826496;0
198.9;286826496;0
200.7;286826496;0
199.5;286826496;0
199.5;286814208;0
166.2;294375424;0
166.2;293834752;0
200.7;302526464;0
200.7;302526464;0
199.5;302587904;0
201.6;302587904;0
199.5;302723072;0
199.5;302723072;0
199.5;302788608;0
116.4;302772224;0
235.2;310800384;0
199.5;310800384;0
149.6;307605504;0
200.7;318820352;0
200.7;318820352;0
198.9;318824448;0
200.7;318824448;0
198.9;318824448;0
200.7;318824448;0
200.7;318824448;0
198.9;318824448;0
200.7;318824448;0
157.7;326250496;0
249.3;334827520;0
200.7;334827520;0
198.9;334827520;0
200.7;334827520;0
200.7;334827520;0
198.9;334827520;0
200.7;334827520;0
198.9;334827520;0
200.7;335089664;0
200.7;335089664;0
184.7;335089664;0
200.7;335089664;0
200.7;335089664;0
170.5;338673664;0
198.9;350904320;0
186.4;350904320;0
198.9;350904320;0
200.7;350904320;0
200.7;350904320;0
199.5;350904320;0
199.5;350904320;0
201.6;350904320;0
116.4;343687168;0
213.1;358883328;0
199.5;358883328;0
182.8;358928384;0
182.8;367005696;0
201.6;367005696;0
199.5;367009792;0
199.5;367009792;0
201.6;367071232;0
200.7;367071232;0
142.0;374898688;0
199.5;375009280;0
182.8;374992896;0
166.2;375033856;0
201.6;383164416;0
200.7;383164416;0
198.9;383164416;0
200.7;383164416;0
200.7;383164416;0
198.9;383164416;0
182.8;383164416;0
199.5;383217664;0
149.6;377450496;0
218.4;391000064;0
166.2;398245888;0
166.2;399036416;0
200.7;399036416;0
200.7;399036416;0
198.9;399036416;0
182.8;399036416;0
199.5;399036416;0
133.0;398327808;0
218.4;407068672;0
199.5;407085056;0
199.5;407085056;0
200.7;407093248;0
200.7;407109632;0
198.9;407117824;0
133.0;407109632;0
216.1;414998528;0
199.5;415019008;0
201.6;415031296;0
200.7;415006720;0
198.9;415006720;0
232.7;410935296;0
218.4;422907904;0
199.5;422907904;0
182.8;422907904;0
199.5;422907904;0
198.9;422912000;0
200.7;422912000;0
157.7;418385920;0
216.1;431087616;0
199.5;431087616;0
201.6;431087616;0
200.7;431091712;0
184.7;431091712;0
157.7;431079424;0
216.1;439242752;0
199.5;439259136;0
184.8;439259136;0
149.6;436817920;0
213.1;447029248;0
200.7;447033344;0
200.7;447111168;0
199.5;447111168;0
199.5;447111168;0
199.5;447111168;0
198.9;447160320;0
172.0;447148032;0
