0.0;10506240;0
0.0;10506240;0
0.0;10506240;0
0.0;10506240;0
0.0;10506240;0
33.6;22495232;0
113.6;18673664;0
143.3;34910208;0
166.2;27193344;0
235.2;42270720;0
198.9;35328000;0
218.4;42491904;0
149.6;43511808;0
215.0;49438720;0
198.9;59695104;0
201.6;59719680;0
199.5;59768832;0
199.5;59797504;0
200.7;59830272;0
199.5;59846656;0
199.5;59867136;0
200.7;59867136;0
199.5;59924480;0
166.2;59928576;0
100.3;59928576;0
99.4;59928576;0
99.7;52666368;0
249.3;76103680;0
200.7;76107776;0
198.9;76115968;0
201.6;76111872;0
199.5;76111872;0
200.7;76169216;0
198.9;76185600;0
200.7;76222464;0
149.6;70111232;0
216.1;84385792;0
201.6;84393984;0
198.9;84414464;0
200.7;84398080;0
199.5;84492288;0
201.6;84451328;0
198.9;84541440;0
184.8;92696576;0
199.5;92708864;0
186.4;92708864;0
198.9;92708864;0
201.6;92725248;0
199.5;92725248;0
200.7;92704768;0
200.7;92758016;0
170.5;92749824;0
216.1;100999168;0
199.5;100999168;0
143.3;100986880;0
198.9;109162496;0
201.6;109162496;0
182.8;109219840;0
199.5;109219840;0
199.5;109219840;0
200.7;109350912;0
200.7;109416448;0
199.5;109416448;0
218.4;108490752;0
199.5;117641216;0
182.8;117641216;0
199.5;117641216;0
200.7;126709760;0
200.7;126709760;0
182.8;126709760;0
201.6;126709760;0
199.5;126709760;0
200.7;126709760;0
199.5;126709760;0
201.6;126709760;0
182.8;126693376;0
229.4;134778880;0
186.4;134832128;182
269.9;142135296;328
200.7;142192640;0
199.5;142192640;0
201.6;142192640;0
199.5;142196736;0
172.0;142180352;0
172.0;150167552;0
199.5;150167552;0
199.5;150224896;0
199.5;150224896;0
200.7;150224896;0
198.9;150355968;0
218.4;158277632;0
199.5;158281728;0
166.2;158265344;0
216.1;167096320;0
200.7;167096320;0
200.7;167108608;0
199.5;167120896;0
201.6;167129088;0
133.0;159113216;0
216.1;175222784;0
199.5;175222784;0
199.5;175222784;0
200.7;175222784;0
198.9;175222784;0
218.4;182202368;0
199.5;182210560;0
199.5;182210560;0
199.5;182210560;0
199.5;182267904;0
201.6;182329344;0
198.9;182329344;0
200.7;182329344;0
133.0;182312960;0
182.8;190038016;0
232.7;199241728;0
199.5;199241728;0
200.7;199241728;0
198.9;199241728;0
201.6;199241728;0
199.5;199241728;0
199.5;199303168;0
199.5;199364608;0
182.8;199364608;0
200.7;199372800;0
198.9;199372800;0
200.7;199372800;0
200.7;199393280;0
199.5;207482880;0
199.5;207482880;0
232.7;215543808;0
201.6;215543808;0
199.5;215543808;0
116.4;223559680;0
218.4;223559680;0
198.9;223559680;0
200.7;223567872;0
198.9;223567872;0
200.7;223567872;0
200.7;223567872;0
198.9;223571968;0
201.6;223571968;0
199.5;223571968;0
199.5;223571968;0
199.5;223555584;0
216.1;231596032;0
201.6;231596032;0
198.9;231596032;0
200.7;231596032;0
143.3;224329728;0
227.3;239620096;0
199.5;239620096;0
199.5;239620096;0
201.6;239620096;0
182.8;239620096;0
199.5;239620096;0
201.6;239620096;0
199.5;239620096;0
199.5;239620096;0
199.5;238419968;0
200.7;247607296;0
201.6;247611392;0
198.9;247611392;0
200.7;247611392;0
157.7;241606656;0
168.0;255131648;0
199.5;255131648;0
199.5;255131648;0
182.8;255131648;0
199.5;255131648;0
201.6;255131648;0
199.5;255139840;0
182.8;255123456;0
235.2;263979008;0
184.7;263979008;0
186.4;263979008;0
198.9;263979008;0
200.7;263979008;0
200.7;263979008;0
170.5;263962624;0
172.0;270573568;0
200.7;270573568;0
184.7;278544384;0
199.5;278544384;0
198.9;278544384;0
200.7;278556672;0
186.4;278556672;0
56.8;278208512;0
272.4;295698432;0
199.5;295710720;0
199.5;295710720;0
199.5;295710720;0
182.8;295694336;0
229.4;303804416;0
172.0;297246720;0
213.1;311447552;0
200.7;311508992;0
199.5;311508992;0
198.9;311508992;0
157.7;311496704;0
184.7;319586304;0
200.7;319586304;0
200.7;319586304;0
198.9;319586304;0
200.7;319586304;0
200.7;319586304;0
170.5;311689216;0
215.0;321847296;0
199.5;335441920;0
199.5;335441920;0
201.6;335441920;0
199.5;335446016;0
199.5;335446016;0
201.6;335446016;0
199.5;335507456;0
216.1;343769088;0
199.5;343769088;0
199.5;343773184;0
184.8;345092096;0
229.4;351408128;0
198.9;351408128;0
200.7;351412224;0
200.7;351412224;0
198.9;351412224;0
200.7;351412224;0
198.9;351412224;0
200.7;351547392;0
201.6;351547392;0
199.5;351547392;0
216.1;359632896;0
201.6;359632896;0
199.5;359628800;0
199.5;359628800;0
166.2;367837184;0
199.5;367837184;0
201.6;367837184;0
157.7;375664640;0
198.9;375668736;0
200.7;375664640;0
200.7;375664640;0
198.9;375664640;0
186.4;375664640;0
149.6;371089408;0
216.1;383741952;0
201.6;383754240;0
199.5;383754240;0
199.5;383754240;0
200.7;383815680;0
200.7;383815680;0
199.5;383811584;0
16.6;383848448;0
266.0;400367616;0
199.5;400367616;0
199.5;400367616;0
201.6;400433152;0
182.8;399036416;0
213.1;408092672;0
200.7;408092672;0
200.7;408092672;0
170.5;408092672;0
200.7;408092672;0
198.9;408092672;0
199.5;408092672;0
201.6;408129536;0
149.6;406884352;0
249.3;416014336;0
201.6;416034816;0
199.5;416034816;0
184.7;416034816;0
157.7;413495296;0
216.1;432029696;0
199.5;432033792;0
168.0;432033792;0
200.7;432177152;0
156.2;432103424;0
200.7;440373248;0
201.6;440373248;0
199.5;440360960;0
216.1;448405504;0
199.5;448405504;0
198.9;448405504;0
200.7;448405504;0
200.7;448405504;0
198.9;448405504;0
200.7;448405504;0
200.7;448405504;0
199.5;448479232;0
199.5;448479232;0
199.5;448479232;0
199.5;448479232;0
134.4;448462848;0
229.4;455110656;0
127.8;451579904;0
199.5;464351232;0
186.4;464351232;0
215.0;472375296;0
198.9;472375296;0
200.7;472383488;0
172.0;470667264;0
182.8;479969280;0
199.5;479969280;0
