0.0;10510336;0
0.0;10510336;0
0.0;10510336;0
0.0;10510336;0
16.6;14110720;0
99.7;18690048;0
100.3;21917696;0
198.9;27025408;0
201.6;29786112;0
232.7;35098624;0
200.7;37138432;0
213.1;51212288;0
201.6;51228672;0
198.9;51249152;0
201.6;51286016;0
199.5;51306496;0
200.7;51331072;0
170.5;45023232;0
229.4;59703296;0
199.5;59666432;0
199.5;59777024;0
201.6;59777024;0
198.9;58789888;0
200.7;67637248;0
199.5;67682304;0
201.6;67715072;0
199.5;67751936;0
200.7;67772416;0
200.7;67788800;0
199.5;67788800;0
199.5;67870720;0
186.4;67870720;0
199.5;67936256;0
133.0;67907584;0
268.8;85176320;0
198.9;85176320;0
200.7;85176320;0
199.5;85176320;0
201.6;85176320;0
198.9;85176320;0
186.4;85176320;0
182.8;85192704;0
199.5;85192704;0
199.5;85192704;0
200.7;85192704;0
182.8;77713408;0
216.1;93274112;0
201.6;92471296;0
199.5;92479488;0
215.0;90685440;0
213.1;100626432;0
201.6;100626432;0
199.5;100610048;0
166.2;100614144;0
200.7;100745216;0
198.9;100880384;0
199.5;100880384;0
199.5;100876288;0
201.6;100880384;0
199.5;100876288;0
200.7;100876288;0
71.7;100847616;0
282.6;117231616;0
182.8;117051392;0
199.5;117055488;0
186.4;117055488;0
198.9;117190656;0
200.7;117190656;0
199.5;117190656;0
199.5;117190656;0
199.5;117329920;0
200.7;117329920;0
200.7;117329920;0
149.6;110526464;0
235.2;125505536;0
199.5;125505536;0
200.7;125571072;0
182.8;125554688;0
172.0;134803456;0
200.7;134811648;0
199.5;134811648;0
201.6;134811648;0
199.5;134811648;0
200.7;134811648;0
198.9;134811648;0
184.8;134811648;0
199.5;134811648;0
199.5;134811648;0
201.6;133742592;347
249.3;142696448;163
186.4;142696448;0
156.2;135577600;0
215.0;150568960;0
201.6;150573056;0
198.9;150585344;0
200.7;150597632;0
200.7;150597632;0
199.5;150609920;0
199.5;150654976;0
199.5;150654976;0
201.6;150654976;0
199.5;150654976;0
199.5;150654976;0
200.7;150700032;0
170.5;153841664;0
215.0;158801920;0
199.5;158801920;0
201.6;155111424;0
199.5;166600704;0
199.5;166600704;0
201.6;166625280;0
198.9;166625280;0
200.7;166625280;0
198.9;166625280;0
200.7;166625280;0
133.0;166612992;0
199.5;173764608;0
201.6;173764608;0
199.5;173764608;0
199.5;173907968;0
199.5;173924352;0
149.6;167415808;0
218.4;181985280;0
198.9;181985280;0
182.8;182046720;0
200.7;182108160;0
198.9;182108160;0
157.7;182095872;0
170.5;191246336;0
200.7;191246336;0
200.7;191246336;0
198.9;191246336;0
200.7;191246336;0
200.7;191246336;0
199.5;191246336;0
199.5;191246336;0
182.8;186003456;0
201.6;198340608;0
199.5;198340608;0
199.5;198340608;0
201.6;198340608;0
199.5;198340608;0
199.5;198340608;0
133.0;198324224;0
232.7;207261696;0
201.6;207261696;0
199.5;207261696;0
199.5;207261696;0
201.6;207269888;0
198.9;207269888;0
186.4;207269888;0
156.2;206495744;0
199.5;215355392;0
201.6;215363584;0
216.1;223141888;0
200.7;223141888;0
200.7;223141888;0
198.9;223141888;0
200.7;223141888;0
184.7;223141888;0
157.7;223125504;0
229.4;231243776;0
198.9;224276480;0
182.8;238264320;0
201.6;238268416;0
199.5;238268416;0
199.5;238268416;0
199.5;238268416;0
199.5;238268416;0
201.6;238268416;0
199.5;238268416;0
199.5;238252032;0
229.4;247164928;0
200.7;247164928;0
198.9;247164928;0
215.0;250658816;0
198.9;255315968;0
200.7;255315968;0
200.7;255315968;0
198.9;255315968;0
200.7;255315968;0
200.7;255315968;0
198.9;255315968;0
186.4;255299584;0
156.2;262365184;0
229.4;271020032;0
200.7;271020032;0
198.9;271020032;0
186.4;271020032;0
200.7;271020032;0
198.9;271020032;0
200.7;271020032;0
198.9;271077376;0
200.7;271077376;0
200.7;279138304;0
199.5;279138304;0
201.6;279138304;0
199.5;279142400;0
99.7;271183872;0
216.1;287281152;0
199.5;287281152;0
200.7;287281152;0
157.7;286064640;0
198.9;294858752;0
186.4;294862848;0
200.7;294862848;0
198.9;294862848;0
200.7;294862848;0
198.9;294862848;0
200.7;294866944;0
199.5;294862848;0
199.5;294850560;0
249.3;311918592;0
199.5;311918592;0
201.6;311918592;0
200.7;311918592;0
198.9;311934976;0
200.7;311934976;0
200.7;311934976;0
198.9;311955456;0
200.7;311971840;0
198.9;311988224;0
200.7;311988224;0
200.7;311988224;0
198.9;311992320;0
200.7;320077824;0
186.4;318468096;0
198.9;327458816;0
199.5;327467008;0
199.5;327475200;0
199.5;327483392;0
168.0;327491584;0
215.0;333778944;0
198.9;335798272;0
200.7;335814656;0
200.7;335814656;0
198.9;335814656;0
172.0;335802368;0
199.5;343842816;0
199.5;343842816;0
184.8;343842816;0
199.5;343842816;0
198.9;343842816;0
200.7;343842816;0
200.7;343842816;0
198.9;351866880;0
186.4;350732288;0
184.7;359636992;0
186.4;359636992;0
184.8;359636992;0
199.5;359636992;0
199.5;359636992;0
201.6;359636992;0
166.2;359653376;0
184.7;359653376;0
200.7;359653376;0
199.5;359714816;0
199.5;359714816;0
201.6;359714816;0
133.0;359686144;0
232.7;375603200;0
201.6;375603200;0
200.7;375603200;0
198.9;375603200;0
199.5;375603200;0
199.5;375603200;0
199.5;375603200;0
184.8;375603200;0
200.7;375603200;0
170.5;383709184;0
172.0;383709184;0
200.7;383709184;0
199.5;383696896;0
232.7;391651328;0
199.5;391651328;0
170.5;391651328;0
200.7;391651328;0
201.6;391651328;0
199.5;391651328;0
216.1;399880192;0
201.6;399880192;0
157.7;399863808;0
198.9;407896064;0
200.7;407896064;0
199.5;407896064;0
199.5;407896064;0
201.6;407916544;0
199.5;407916544;0
133.0;405159936;0
186.4;415096832;0
200.7;415096832;0
198.9;415096832;0
232.7;423202816;0
199.5;423202816;0
199.5;423202816;0
200.7;423202816;0
229.4;431730688;0
199.5;431734784;0
199.5;431734784;0
200.7;431742976;0
