8.3;62.0;15.5;1.1;0.0;922.0
6.9;103.7;125.8;11.0;0.0;922.0
8.3;142.0;146.3;7.7;0.0;922.0
8.3;171.1;138.1;7.1;0.0;925.0
8.3;202.5;91.4;6.8;0.0;925.0
8.4;223.0;119.1;4.0;0.0;925.0
8.3;233.9;0.0;0.0;0.0;925.0
8.4;467.9;61.1;33.4;5.0;1079.0
8.4;738.4;0.6;0.0;2.0;7880.0
9.6;990.3;0.7;33.4;4.0;7880.0
0.0;990.4;29.2;0.1;0.0;7880.0
0.0;990.4;46.4;0.0;0.0;7880.0
0.0;990.4;43.2;0.0;0.0;7880.0
0.0;990.4;44.8;0.0;0.0;7880.0
0.0;990.4;44.8;0.0;0.0;7880.0
0.0;990.4;46.4;0.0;0.0;7880.0
7.3;1152.6;3.7;0.0;4.0;7970.0
8.4;1456.2;0.0;0.0;6.0;8049.0
8.3;1522.6;124.3;1.9;61.0;8049.0
8.4;1522.7;209.5;3.1;62.0;8049.0
9.6;1522.7;228.5;2.9;61.0;8046.0
8.3;1522.7;247.4;3.3;61.0;8046.0
8.4;1522.7;219.1;2.8;43.0;8046.0
7.1;1522.7;228.1;2.8;62.0;8046.0
8.4;1522.7;243.9;3.3;62.0;8046.0
11.9;1522.7;240.7;3.2;52.0;8046.0
8.4;1522.7;253.3;3.0;61.0;8046.0
11.9;1522.7;258.1;3.1;63.0;8046.0
11.1;1522.7;243.8;2.9;62.0;8046.0
8.4;1522.7;225.5;2.7;62.0;8046.0
8.3;1522.7;253.4;3.1;62.0;8046.0
11.9;1522.7;249.2;3.0;64.0;8046.0
8.3;1522.7;244.7;3.0;61.0;8046.0
8.3;1522.7;228.4;2.8;43.0;8046.0
8.4;1522.7;257.2;3.4;61.0;8046.0
13.5;1522.7;256.1;3.0;60.0;8046.0
8.3;1522.7;228.0;3.0;51.0;8046.0
9.7;1522.7;220.7;2.6;60.0;8046.0
8.3;1522.7;247.5;3.0;61.0;8046.0
9.4;1522.7;260.2;3.3;61.0;8046.0
9.7;1522.7;215.1;2.6;43.0;8046.0
7.0;1522.7;247.1;3.2;60.0;8046.0
8.3;1522.7;245.4;3.0;61.0;8046.0
6.2;1522.7;225.9;2.6;41.0;8046.0
6.0;1522.7;233.7;2.8;59.0;8046.0
12.5;1522.7;249.2;3.0;62.0;8046.0
8.4;1522.7;201.6;2.3;62.0;8046.0
10.8;1522.7;230.3;2.8;44.0;8046.0
10.8;1522.7;234.8;2.8;61.0;8046.0
9.7;1522.7;215.3;2.5;61.0;8046.0
5.5;1522.7;227.8;2.7;52.0;8046.0
9.5;1544.7;91.3;6.3;53.0;8046.0
7.1;1544.7;254.8;3.5;63.0;8046.0
8.4;1544.7;257.2;3.3;62.0;8046.0
11.1;1544.7;257.0;3.3;60.0;8049.0
13.1;1544.7;260.8;3.2;61.0;8049.0
6.0;1544.7;197.8;2.4;58.0;8049.0
8.3;1544.7;239.1;2.9;59.0;8049.0
8.4;1544.7;229.4;2.9;52.0;8049.0
8.3;1544.7;239.3;3.0;62.0;8049.0
8.4;1544.7;241.1;3.1;61.0;8049.0
8.4;1544.7;254.8;3.1;62.0;8049.0
8.3;1544.7;216.9;2.6;61.0;8049.0
8.4;1544.7;270.9;3.6;61.0;8049.0
8.3;1544.7;242.5;3.1;60.0;8049.0
9.6;1544.7;253.8;3.1;62.0;8049.0
9.5;1544.7;259.0;3.4;39.0;8049.0
10.8;1544.7;219.4;2.6;61.0;8049.0
6.9;1544.7;228.7;2.8;62.0;8049.0
9.5;1544.9;224.8;2.7;45.0;8049.0
7.3;1544.9;244.2;3.0;51.0;8049.0
5.9;1544.9;233.7;2.8;61.0;8046.0
9.7;1544.9;239.6;2.9;60.0;8046.0
8.3;1544.9;250.2;3.2;61.0;8046.0
5.9;1544.9;222.7;2.7;38.0;8046.0
8.3;1544.9;233.3;3.0;60.0;8046.0
6.9;1544.9;243.4;3.1;61.0;8046.0
8.4;1544.9;232.0;2.9;45.0;8046.0
7.2;1544.9;216.4;2.7;61.0;8046.0
9.4;1544.9;235.5;3.1;59.0;8046.0
8.4;1545.0;191.4;2.5;55.0;8046.0
7.2;1545.0;221.8;3.0;59.0;8046.0
8.4;1545.0;247.2;3.3;58.0;8046.0
12.5;1545.0;230.9;3.0;59.0;8046.0
9.4;1545.0;250.8;3.2;59.0;8046.0
5.5;1545.0;223.9;2.7;36.0;8046.0
6.9;1545.0;230.0;2.9;59.0;8046.0
7.1;1545.0;262.4;3.5;61.0;8046.0
11.5;1545.0;221.7;2.7;56.0;8046.0
9.7;1545.0;229.4;3.0;59.0;8046.0
1.4;1545.0;212.6;2.6;37.0;8046.0
9.6;1545.0;263.1;3.4;59.0;8046.0
6.0;1545.0;208.8;2.6;31.0;8046.0
7.1;1545.0;230.5;2.8;60.0;8046.0
8.4;1545.0;244.1;2.9;57.0;8046.0
13.0;1545.0;216.8;2.5;58.0;8046.0
9.6;1545.0;212.0;2.5;59.0;8046.0
8.4;1545.0;208.0;2.3;58.0;8046.0
10.8;1545.1;235.0;3.1;59.0;8046.0
10.8;1545.1;223.3;2.8;58.0;8046.0
9.7;1545.1;217.7;2.8;47.0;8046.0
9.6;1545.1;211.9;2.7;57.0;8046.0
7.3;1545.1;225.1;3.1;60.0;8064.0
8.4;1545.1;184.6;2.3;61.0;8064.0
9.7;1545.1;201.0;2.6;62.0;8064.0
7.1;1545.1;160.3;2.2;52.0;8064.0
7.2;1545.1;223.4;3.1;58.0;8064.0
10.7;1545.1;220.5;2.7;57.0;8064.0
2.8;1545.1;201.8;2.6;48.0;8064.0
6.9;1545.1;189.1;2.5;49.0;8065.0
5.2;1545.1;181.3;2.4;35.0;8069.0
7.3;1545.1;188.8;2.3;65.0;8061.0
8.3;1545.1;218.0;2.6;34.0;8057.0
8.4;1545.1;166.9;2.2;54.0;8057.0
0.0;1545.1;80.3;0.6;3.0;8057.0
8.3;1569.8;80.5;11.0;65.0;8053.0
7.2;1569.8;243.4;3.3;62.0;8055.0
8.4;1569.8;185.4;2.7;61.0;8056.0
9.6;1569.8;206.4;2.8;61.0;8060.0
6.2;1569.8;240.7;3.1;39.0;8060.0
8.4;1569.8;195.7;2.6;42.0;8060.0
7.1;1569.8;196.8;2.5;41.0;8066.0
6.9;1569.8;179.7;2.4;61.0;8066.0
7.1;1569.8;251.4;3.2;58.0;8066.0
8.3;1569.8;234.4;2.9;60.0;8066.0
7.2;1569.8;245.4;3.1;52.0;8066.0
10.7;1569.8;249.8;3.2;60.0;8066.0
8.4;1569.8;211.7;2.6;57.0;8066.0
7.2;1569.8;237.9;2.9;61.0;8066.0
9.7;1569.8;252.2;3.2;62.0;8066.0
9.8;1569.8;254.8;3.2;62.0;8066.0
7.1;1569.8;250.2;3.1;47.0;8066.0
7.3;1569.8;229.5;2.9;60.0;8064.0
8.4;1569.8;236.2;3.0;60.0;8054.0
9.7;1569.8;250.8;3.2;61.0;8054.0
8.4;1569.8;233.4;2.9;61.0;8054.0
10.7;1569.8;243.2;3.2;61.0;8054.0
8.4;1569.8;252.1;3.2;60.0;8053.0
0.0;1569.8;217.2;2.6;36.0;8053.0
7.2;1569.8;269.7;3.6;61.0;8057.0
8.3;1569.8;240.0;3.1;60.0;8057.0
5.9;1569.8;214.3;2.5;47.0;8057.0
10.4;1569.8;243.9;2.9;58.0;8057.0
7.1;1569.8;236.6;3.0;56.0;8057.0
4.8;1569.8;198.8;2.4;48.0;8057.0
8.4;1569.8;235.1;3.0;54.0;8057.0
10.7;1569.8;244.2;3.2;59.0;8049.0
8.4;1569.8;229.5;2.8;62.0;8049.0
8.3;1569.8;238.8;2.8;60.0;8049.0
5.6;1569.8;225.7;2.8;57.0;8049.0
8.4;1569.8;252.3;3.2;60.0;8049.0
8.3;1569.8;217.1;2.5;37.0;8049.0
9.8;1569.8;241.8;3.1;60.0;8049.0
8.3;1569.8;245.8;3.1;59.0;8049.0
8.4;1569.8;217.3;2.7;59.0;8049.0
8.3;1569.8;258.0;3.2;59.0;8052.0
8.3;1569.8;192.0;2.4;61.0;8046.0
8.3;1569.8;244.4;3.2;63.0;8048.0
6.9;1569.8;205.7;2.5;44.0;8049.0
7.3;1569.8;247.8;3.1;59.0;8049.0
5.9;1569.8;206.0;2.6;32.0;8049.0
9.7;1569.8;240.4;2.9;56.0;8049.0
8.3;1569.8;220.4;2.8;37.0;8049.0
8.4;1569.8;245.8;3.2;58.0;8049.0
9.6;1569.8;232.0;2.9;57.0;8049.0
9.7;1569.8;211.4;2.7;58.0;8049.0
2.8;1569.8;213.6;2.8;49.0;8049.0
0.0;1569.8;124.4;1.4;0.0;8049.0
8.3;1573.1;129.5;10.2;63.0;8049.0
9.6;1573.1;249.3;3.3;61.0;8049.0
11.1;1573.1;257.8;3.3;61.0;8049.0
8.4;1573.1;263.9;3.5;61.0;8060.0
7.1;1573.1;213.3;2.7;39.0;8060.0
9.6;1573.1;244.4;3.0;58.0;8060.0
9.7;1573.1;245.2;3.1;61.0;8057.0
8.4;1573.1;215.0;2.8;61.0;8065.0
7.1;1573.1;235.1;3.1;64.0;8065.0
8.3;1573.1;238.3;2.9;61.0;8065.0
9.7;1573.1;244.9;3.2;60.0;8065.0
9.5;1573.1;235.5;2.9;39.0;8065.0
11.1;1573.1;245.0;3.1;60.0;8065.0
9.6;1573.1;252.7;3.2;60.0;8065.0
8.3;1573.1;255.0;3.2;63.0;8065.0
4.8;1573.1;241.1;2.9;39.0;8065.0
6.9;1573.1;228.9;2.9;61.0;8065.0
9.6;1573.1;250.1;3.1;61.0;8065.0
8.4;1573.1;248.0;3.1;60.0;8065.0
11.9;1573.1;239.9;3.0;50.0;8065.0
7.0;1573.1;243.7;3.0;63.0;8065.0
8.3;1573.1;250.9;3.2;61.0;8065.0
8.4;1573.1;255.4;3.3;60.0;8065.0
12.5;1573.1;228.6;2.7;59.0;8065.0
9.7;1573.1;238.3;2.9;61.0;8065.0
8.3;1573.1;254.7;3.1;62.0;8065.0
8.4;1573.1;220.1;2.7;60.0;8038.0
10.4;1573.1;223.1;3.1;59.0;8043.0
8.3;1573.1;218.7;2.8;61.0;8062.0
8.4;1573.1;218.7;2.7;60.0;8062.0
7.1;1573.1;214.7;2.8;62.0;8058.0
9.6;1573.1;248.9;3.1;60.0;8058.0
8.4;1573.1;205.2;2.5;59.0;8058.0
8.3;1573.1;250.1;3.1;61.0;8057.0
7.2;1573.1;219.2;2.7;50.0;8037.0
11.8;1573.1;234.0;2.9;56.0;8037.0
6.0;1573.1;231.6;2.8;52.0;8037.0
12.6;1573.1;203.0;2.5;58.0;8037.0
6.9;1573.1;241.7;2.9;60.0;8037.0
8.4;1573.1;226.7;2.9;59.0;8036.0
8.3;1573.1;229.7;2.7;57.0;8036.0
13.1;1573.1;204.1;2.3;34.0;8036.0
4.2;1574.6;42.7;7.1;38.0;8035.0
8.4;1574.8;273.7;3.7;62.0;8035.0
8.4;1574.8;246.3;3.3;60.0;8034.0
7.1;1574.8;259.4;3.4;62.0;8034.0
6.9;1574.8;256.4;3.3;61.0;8033.0
9.5;1574.8;250.8;3.3;61.0;8033.0
14.3;1574.8;241.6;3.1;57.0;8032.0
7.2;1574.8;241.9;3.2;62.0;8032.0
9.4;1574.8;241.3;3.2;62.0;8032.0
8.4;1574.8;252.9;3.3;62.0;8032.0
5.5;1574.8;249.4;3.3;61.0;8032.0
8.4;1574.8;263.8;3.5;63.0;8030.0
9.6;1574.8;253.5;3.3;56.0;8030.0
11.9;1574.8;232.6;3.0;61.0;8029.0
9.8;1574.8;251.5;3.3;60.0;8029.0
6.0;1574.8;259.5;3.2;61.0;8029.0
10.8;1574.8;231.9;3.0;52.0;8028.0
10.7;1574.8;234.5;2.9;63.0;8028.0
13.8;1574.8;244.9;3.1;61.0;8027.0
8.3;1574.8;246.9;3.0;60.0;8030.0
3.6;1574.8;214.7;2.5;39.0;8032.0
8.3;1574.8;257.0;3.2;60.0;8032.0
9.5;1574.8;245.3;3.1;62.0;8032.0
8.3;1574.8;221.1;2.7;43.0;8031.0
4.8;1574.8;243.2;3.1;61.0;8030.0
8.3;1574.8;254.4;3.2;57.0;8031.0
2.8;1574.8;214.8;2.6;38.0;8031.0
5.5;1574.8;248.1;3.2;59.0;8027.0
7.2;1574.8;239.8;3.1;63.0;8028.0
4.7;1574.8;213.9;2.6;43.0;8028.0
9.6;1574.8;239.1;3.0;59.0;8028.0
7.0;1574.8;234.9;2.9;60.0;8028.0
6.9;1574.8;199.2;2.3;49.0;8028.0
7.2;1574.8;249.3;3.1;59.0;8028.0
5.9;1574.8;228.1;3.0;36.0;8029.0
6.9;1574.8;210.8;2.4;61.0;8029.0
8.3;1574.8;247.6;3.3;56.0;8029.0
8.4;1574.8;222.8;2.8;59.0;8028.0
7.2;1574.8;233.0;3.0;55.0;8025.0
7.1;1574.8;212.0;2.5;57.0;8025.0
11.1;1574.8;243.9;2.9;60.0;8025.0
5.9;1574.8;245.5;3.1;58.0;8025.0
8.3;1574.8;214.1;2.7;57.0;8025.0
6.2;1574.8;225.5;2.8;40.0;8025.0
6.9;1574.8;203.0;2.5;56.0;8025.0
8.4;1574.8;256.2;3.4;56.0;8025.0
11.1;1574.8;201.6;2.6;59.0;8025.0
7.2;1574.8;247.4;3.1;58.0;8023.0
10.8;1574.8;214.2;2.7;55.0;8023.0
8.4;1574.8;251.2;3.2;57.0;8023.0
8.4;1574.8;207.5;2.7;56.0;8023.0
5.9;1574.8;220.1;3.0;30.0;8022.0
13.1;1574.8;220.6;2.9;57.0;8022.0
9.5;1574.8;229.8;3.1;35.0;8022.0
6.0;1574.8;221.0;2.9;58.0;8022.0
6.9;1574.8;209.3;2.7;56.0;8022.0
8.3;1574.8;240.9;3.0;57.0;8022.0
6.2;1574.8;220.2;2.7;57.0;8022.0
8.3;1574.8;229.7;2.9;58.0;8021.0
5.5;1574.8;184.3;2.1;58.0;8022.0
7.2;1574.8;231.2;2.8;55.0;8026.0
7.3;1574.8;216.3;2.5;56.0;8046.0
8.4;1574.8;221.9;3.0;55.0;8067.0
9.5;1574.8;202.8;2.6;56.0;8067.0
1.4;1574.8;201.7;2.5;35.0;8067.0
7.3;1574.8;234.0;2.9;54.0;8069.0
8.3;1574.8;142.1;1.9;44.0;8075.0
8.4;1574.8;191.8;2.5;55.0;8075.0
8.3;1574.8;185.9;2.3;54.0;8075.0
13.1;1574.8;239.7;3.3;55.0;8075.0
8.3;1574.8;201.7;2.6;58.0;8075.0
7.2;1574.8;200.2;2.6;44.0;8075.0
8.3;1574.8;219.8;3.0;53.0;8075.0
7.2;1574.8;225.0;2.9;54.0;8075.0
7.3;1574.8;208.9;2.6;51.0;8075.0
3.6;1574.8;206.4;2.4;31.0;8075.0
8.4;1574.8;211.0;2.7;56.0;8061.0
1.2;1574.8;202.8;2.3;28.0;8061.0
7.1;1574.8;197.0;2.3;46.0;8058.0
8.4;1574.8;191.2;2.3;60.0;8055.0
9.5;1574.8;229.2;2.6;39.0;8047.0
9.6;1574.8;197.8;2.2;54.0;8037.0
4.7;1574.8;190.6;1.9;34.0;8037.0
8.3;1574.8;203.2;2.1;53.0;8037.0
8.4;1574.8;190.8;1.9;52.0;8037.0
7.2;1574.8;220.7;2.3;62.0;8037.0
4.2;1574.8;174.5;1.8;33.0;8037.0
9.4;1574.8;209.6;2.1;54.0;8037.0
6.0;1574.8;158.7;1.6;40.0;8037.0
9.5;1574.8;208.8;2.0;54.0;8037.0
