7.2;56.6;18.6;1.2;0.0;922.0
7.2;103.7;127.4;11.1;0.0;922.0
6.9;141.7;144.7;7.7;0.0;922.0
8.4;172.8;148.7;7.7;0.0;922.0
6.9;204.7;93.4;6.6;0.0;922.0
8.3;224.3;106.5;3.5;0.0;922.0
8.4;240.6;50.8;0.7;0.0;928.0
8.3;554.0;10.3;32.8;5.0;1097.0
8.3;950.2;0.6;0.0;31.0;7877.0
1.2;989.8;0.7;33.4;0.0;7877.0
0.0;990.0;40.4;0.1;0.0;7877.0
0.0;990.0;46.4;0.0;0.0;7877.0
0.0;990.0;43.2;0.0;0.0;7877.0
0.0;990.0;44.8;0.0;0.0;7877.0
0.0;990.0;44.8;0.0;0.0;7877.0
8.3;993.0;35.5;0.0;0.0;7897.0
8.4;1240.4;0.2;0.0;5.0;8004.0
8.3;1523.8;11.0;0.1;43.0;8044.0
7.2;1524.1;170.9;2.7;60.0;8044.0
13.5;1524.1;256.8;3.5;62.0;8044.0
11.1;1524.1;227.6;3.1;62.0;8044.0
8.3;1524.1;253.6;3.2;62.0;8044.0
8.3;1524.1;222.9;2.7;62.0;8044.0
10.4;1524.1;263.1;3.3;62.0;8044.0
7.1;1524.1;237.2;2.9;61.0;8044.0
8.3;1524.1;254.9;3.1;63.0;8044.0
7.1;1524.1;260.0;3.2;63.0;8044.0
9.6;1524.1;248.0;2.9;54.0;8044.0
9.6;1524.1;215.1;2.5;60.0;8044.0
8.3;1524.1;247.7;2.9;62.0;8044.0
8.4;1524.1;248.8;3.0;60.0;8044.0
10.7;1524.1;252.9;2.9;63.0;8044.0
7.2;1524.1;209.2;2.4;61.0;8044.0
9.6;1524.1;259.8;3.2;61.0;8044.0
6.9;1524.1;242.6;2.9;61.0;8044.0
8.4;1524.1;261.0;3.3;61.0;8044.0
8.3;1524.1;211.1;2.5;61.0;8044.0
9.6;1524.1;246.3;3.1;60.0;8044.0
8.3;1524.1;249.0;3.0;61.0;8044.0
8.4;1524.1;220.7;2.4;61.0;8044.0
11.8;1524.1;242.7;2.8;60.0;8044.0
5.9;1524.1;228.3;2.7;59.0;8044.0
5.5;1524.1;223.0;2.6;61.0;8044.0
10.7;1524.1;252.6;3.1;62.0;8044.0
9.7;1524.1;230.6;2.7;59.0;8044.0
7.2;1524.1;216.4;2.5;61.0;8044.0
10.7;1524.1;245.4;2.9;63.0;8044.0
9.6;1524.1;247.4;2.8;59.0;8044.0
8.3;1524.1;205.9;2.3;62.0;8044.0
7.2;1524.1;243.7;2.9;60.0;8044.0
14.3;1524.1;228.1;2.9;42.0;8044.0
8.4;1524.1;250.6;3.1;60.0;8044.0
8.4;1524.1;237.2;3.0;57.0;8044.0
9.7;1524.1;221.7;2.7;60.0;8044.0
6.0;1524.1;240.1;3.0;60.0;8044.0
6.2;1524.1;228.1;2.6;38.0;8044.0
8.3;1524.1;231.1;2.8;59.0;8044.0
6.9;1524.1;232.3;2.6;62.0;8044.0
7.1;1524.1;222.4;2.6;60.0;8044.0
9.4;1524.1;244.4;2.8;59.0;8044.0
2.8;1524.1;197.8;2.1;36.0;8044.0
7.2;1524.1;237.8;2.7;59.0;8044.0
10.8;1524.1;235.4;3.0;58.0;8044.0
7.3;1524.1;221.8;2.7;59.0;8044.0
7.2;1524.1;236.2;3.0;57.0;8044.0
6.9;1524.1;218.2;2.6;60.0;8044.0
9.8;1524.1;242.3;3.1;59.0;8044.0
9.5;1524.1;229.9;2.7;57.0;8044.0
7.2;1524.1;229.0;2.8;56.0;8044.0
9.8;1524.1;215.8;2.6;37.0;8044.0
5.5;1524.1;223.0;2.8;37.0;8044.0
8.4;1524.1;238.0;3.1;58.0;8044.0
10.7;1524.1;236.3;3.0;57.0;8044.0
10.8;1524.1;217.3;2.7;57.0;8044.0
7.1;1524.1;227.0;2.7;34.0;8044.0
9.6;1524.1;235.9;2.9;60.0;8044.0
8.4;1524.1;206.5;2.5;56.0;8044.0
0.0;1524.1;99.4;1.0;0.0;8044.0
9.6;1562.4;98.7;10.7;63.0;8044.0
8.3;1562.4;262.7;3.5;62.0;8044.0
9.5;1562.4;248.6;3.3;61.0;8044.0
9.6;1562.4;253.6;3.3;60.0;8044.0
8.3;1562.4;248.9;3.1;60.0;8044.0
8.4;1562.4;261.2;3.2;61.0;8044.0
11.1;1562.4;213.2;2.6;60.0;8044.0
8.4;1562.4;247.1;3.0;60.0;8044.0
9.6;1562.4;245.4;3.0;61.0;8044.0
10.8;1562.5;258.0;3.0;63.0;8044.0
8.4;1562.5;239.0;2.9;62.0;8044.0
5.5;1562.5;225.8;2.6;42.0;8044.0
10.8;1562.5;249.2;3.0;62.0;8044.0
8.3;1562.5;250.5;3.0;60.0;8044.0
8.3;1562.5;239.9;2.8;62.0;8044.0
11.1;1562.5;244.6;2.8;61.0;8044.0
8.3;1562.5;238.3;2.9;61.0;8044.0
7.3;1562.5;251.2;3.2;61.0;8044.0
5.5;1562.5;242.0;3.1;60.0;8044.0
6.9;1562.5;229.4;2.8;53.0;8044.0
7.1;1562.5;259.2;3.4;59.0;8044.0
8.3;1562.6;246.7;3.3;61.0;8044.0
8.4;1562.6;240.5;3.2;47.0;8029.0
8.3;1562.6;194.1;2.5;48.0;8035.0
12.6;1562.6;225.1;3.0;61.0;8035.0
10.7;1562.6;229.8;2.9;59.0;8032.0
6.0;1562.6;193.5;2.3;44.0;8029.0
9.6;1562.6;252.9;3.0;59.0;8024.0
8.3;1562.6;231.1;3.0;61.0;8023.0
4.8;1562.6;202.8;2.5;40.0;8023.0
8.3;1562.6;244.0;3.1;60.0;8016.0
7.2;1562.6;238.0;3.1;62.0;8018.0
9.7;1562.6;208.7;2.8;58.0;8016.0
13.1;1562.6;258.2;3.5;60.0;8018.0
9.5;1562.6;219.2;2.8;58.0;8018.0
13.0;1562.6;223.6;2.9;59.0;8019.0
11.1;1562.6;250.2;3.3;46.0;8018.0
7.1;1562.6;215.6;2.8;60.0;8018.0
10.8;1562.6;221.8;2.8;55.0;8017.0
8.4;1562.6;199.0;2.4;61.0;8016.0
8.3;1562.6;237.7;2.9;60.0;8017.0
4.8;1562.6;219.0;2.6;35.0;8017.0
11.1;1562.6;209.1;2.4;61.0;8007.0
7.2;1562.6;219.4;2.6;59.0;8009.0
8.4;1562.6;205.8;2.2;59.0;8009.0
6.0;1562.6;237.3;2.7;56.0;8006.0
9.8;1562.6;198.4;2.3;37.0;8003.0
7.1;1562.6;219.7;2.9;59.0;8003.0
9.6;1562.6;243.5;3.2;41.0;8003.0
8.3;1562.6;228.1;2.9;61.0;8004.0
8.3;1562.6;233.1;3.1;60.0;8004.0
7.1;1562.6;219.7;2.8;59.0;8003.0
2.4;1562.6;195.3;2.6;34.0;8003.0
10.4;1562.6;255.2;3.4;58.0;8003.0
5.5;1562.6;211.5;2.6;40.0;8003.0
9.7;1562.6;240.4;2.9;58.0;8001.0
8.4;1562.6;218.8;2.6;57.0;8000.0
7.3;1562.6;251.8;3.5;58.0;7999.0
8.4;1562.6;204.4;2.6;56.0;7999.0
2.4;1562.6;216.4;2.8;52.0;8001.0
7.0;1562.6;230.1;3.0;54.0;8001.0
9.4;1562.6;219.9;2.8;56.0;8000.0
7.2;1562.6;215.3;2.7;54.0;7999.0
7.0;1562.6;200.4;2.5;54.0;7999.0
1.4;1562.6;206.8;2.5;45.0;7997.0
6.0;1562.6;233.3;2.9;54.0;8010.0
5.9;1562.6;182.3;2.0;30.0;8013.0
6.0;1562.6;203.2;2.4;56.0;8025.0
8.3;1562.6;184.7;2.4;30.0;8032.0
7.2;1562.6;140.4;1.6;53.0;8061.0
5.9;1562.6;178.9;2.2;45.0;8058.0
0.0;1562.6;121.5;1.2;15.0;8039.0
9.6;1562.7;200.4;2.4;50.0;8038.0
0.0;1562.7;106.5;1.3;3.0;8032.0
8.3;1562.7;157.2;1.9;49.0;8032.0
8.3;1562.7;178.2;2.2;47.0;8035.0
2.4;1562.7;141.8;1.5;19.0;8042.0
4.7;1562.7;167.5;1.9;28.0;8039.0
1.2;1562.7;124.9;1.3;16.0;8043.0
6.0;1562.7;195.0;2.3;54.0;8033.0
8.3;1562.7;154.8;1.7;61.0;8071.0
8.3;1562.7;188.3;2.0;44.0;8069.0
1.2;1562.7;144.8;1.3;54.0;8058.0
5.9;1562.7;200.7;2.2;38.0;8057.0
5.2;1562.7;122.7;1.3;46.0;8045.0
6.0;1562.7;166.1;1.6;22.0;8045.0
9.6;1562.7;181.2;1.8;59.0;8036.0
1.2;1562.7;133.2;1.5;26.0;8036.0
9.4;1562.7;196.1;2.7;51.0;8040.0
8.3;1562.7;173.5;2.2;54.0;8043.0
5.5;1562.7;204.0;2.5;19.0;8046.0
8.4;1562.7;184.7;2.3;52.0;8046.0
4.2;1562.7;162.2;1.8;40.0;8046.0
8.3;1562.7;188.2;2.2;51.0;8046.0
8.4;1562.7;171.9;2.0;50.0;8046.0
8.4;1562.7;206.9;2.4;46.0;8045.0
5.9;1562.7;151.2;1.6;62.0;8052.0
2.4;1562.7;207.4;2.3;45.0;8053.0
11.1;1562.7;188.7;2.0;63.0;8053.0
8.3;1562.7;135.7;1.3;54.0;8054.0
8.3;1562.7;191.9;2.0;48.0;8047.0
9.4;1562.7;148.9;1.5;51.0;8046.0
7.2;1562.7;214.6;2.2;49.0;8048.0
8.4;1562.7;163.2;1.6;57.0;8048.0
8.3;1562.7;182.7;1.9;48.0;8048.0
6.0;1562.7;152.1;1.3;49.0;8045.0
8.3;1562.7;185.4;1.6;42.0;8042.0
8.4;1562.7;142.2;1.3;57.0;8049.0
13.0;1562.7;156.3;1.4;44.0;8060.0
2.1;1562.7;148.6;1.4;33.0;8060.0
7.2;1562.7;182.2;1.6;48.0;8057.0
9.5;1562.7;164.4;1.6;50.0;8046.0
9.5;1562.7;132.5;1.2;51.0;8043.0
5.2;1562.7;192.9;1.6;41.0;8043.0
5.2;1562.7;154.4;1.2;45.0;8043.0
7.2;1562.7;162.6;1.4;47.0;8043.0
4.2;1562.7;155.3;1.2;27.0;8043.0
7.2;1562.7;190.4;1.6;55.0;8043.0
11.9;1562.7;141.1;1.1;33.0;8043.0
5.9;1562.7;174.1;1.5;57.0;8042.0
12.5;1562.7;163.5;1.3;53.0;8042.0
8.3;1562.7;146.1;1.2;50.0;8057.0
8.3;1562.7;118.4;1.2;53.0;8056.0
4.8;1562.6;121.5;0.9;39.0;8056.0
6.9;1562.6;118.2;0.7;26.0;8056.0
0.0;1562.6;53.6;0.1;1.0;8058.0
0.0;1562.6;46.4;0.0;2.0;8048.0
8.3;1599.4;31.0;16.6;1.0;8049.0
9.6;1599.6;210.3;2.9;62.0;8049.0
8.3;1599.6;207.2;2.7;58.0;8049.0
9.8;1599.6;218.1;2.7;61.0;8049.0
3.6;1599.6;219.4;2.7;35.0;8049.0
8.4;1599.6;217.0;2.9;47.0;8049.0
11.9;1599.6;244.8;3.1;63.0;8049.0
8.3;1599.6;240.8;3.1;62.0;8049.0
13.1;1599.6;227.6;2.8;55.0;8049.0
8.3;1599.6;229.4;2.7;61.0;8049.0
6.0;1599.6;214.4;2.4;39.0;8049.0
5.5;1599.6;238.8;2.9;59.0;8048.0
10.8;1599.6;257.3;3.1;58.0;8048.0
9.6;1599.6;232.7;2.8;60.0;8048.0
2.8;1599.6;223.7;2.6;44.0;8048.0
8.3;1599.6;246.8;2.9;60.0;8048.0
4.7;1599.6;250.3;3.0;59.0;8048.0
8.3;1599.6;251.7;3.1;62.0;8048.0
8.4;1599.6;212.9;2.5;52.0;8048.0
6.9;1599.6;246.9;3.0;62.0;8048.0
8.4;1599.6;261.5;3.2;61.0;8048.0
9.7;1600.5;143.4;4.5;56.0;8048.0
7.2;1600.5;261.8;3.6;60.0;8048.0
2.8;1600.5;231.0;2.9;41.0;8048.0
10.8;1600.5;263.6;3.4;61.0;8048.0
7.0;1600.5;233.0;3.1;54.0;8048.0
11.8;1600.5;255.3;3.3;63.0;8048.0
8.4;1600.5;259.0;3.5;60.0;8048.0
9.5;1600.5;268.9;3.5;62.0;8048.0
9.7;1600.5;241.5;3.2;58.0;8048.0
7.1;1600.5;229.3;2.9;39.0;8048.0
9.5;1600.5;235.9;3.1;61.0;8048.0
9.6;1600.5;259.6;3.2;60.0;8048.0
16.6;1600.5;249.6;3.1;61.0;8048.0
9.7;1600.5;247.6;3.2;61.0;8048.0
7.2;1600.5;224.6;2.7;42.0;8048.0
11.5;1600.5;262.0;3.2;60.0;8048.0
11.2;1600.5;234.0;2.9;59.0;8048.0
8.3;1600.5;246.5;3.0;58.0;8048.0
8.4;1600.5;212.9;2.5;40.0;8048.0
8.3;1600.5;235.8;2.8;49.0;8048.0
8.3;1600.5;240.9;3.0;61.0;8048.0
8.4;1600.5;246.1;3.0;60.0;8048.0
8.3;1600.5;215.9;2.6;61.0;8048.0
7.3;1600.5;259.4;3.1;61.0;8048.0
10.7;1600.5;235.9;2.9;60.0;8048.0
8.3;1600.5;217.6;2.5;61.0;8048.0
6.9;1600.5;240.6;2.9;59.0;8048.0
6.0;1600.5;226.0;2.7;45.0;8048.0
8.4;1600.5;234.8;2.8;59.0;8048.0
6.9;1600.5;243.3;2.9;59.0;8048.0
6.9;1600.5;214.6;2.6;49.0;8048.0
10.7;1600.5;236.5;3.0;56.0;8048.0
5.9;1600.5;222.5;2.8;37.0;8048.0
7.2;1600.5;233.4;3.1;60.0;8048.0
5.5;1600.5;248.6;3.0;51.0;8048.0
7.2;1600.5;227.3;2.8;58.0;8048.0
7.2;1600.5;241.4;3.2;58.0;8048.0
7.2;1600.5;215.4;2.9;58.0;8048.0
8.4;1600.5;235.3;3.0;57.0;8048.0
4.8;1600.5;235.8;2.9;37.0;8048.0
8.4;1600.5;192.1;2.4;59.0;8048.0
7.1;1600.5;251.6;3.3;57.0;8048.0
8.3;1600.5;213.1;2.7;58.0;8048.0
4.7;1600.5;252.5;3.3;58.0;8048.0
11.1;1600.5;210.3;2.7;59.0;8048.0
9.6;1600.5;239.6;3.1;58.0;8048.0
7.1;1600.5;190.1;2.3;56.0;8048.0
9.6;1600.5;252.6;3.3;35.0;8048.0
8.3;1600.5;189.2;2.2;55.0;8048.0
4.7;1600.5;235.9;2.9;61.0;8048.0
9.6;1600.5;201.7;2.3;56.0;8048.0
8.3;1600.5;245.0;2.9;58.0;8048.0
7.0;1600.5;208.7;2.6;56.0;8048.0
6.9;1600.5;237.3;3.0;59.0;8048.0
7.2;1600.5;207.7;2.5;57.0;8048.0
8.3;1600.5;242.5;3.0;56.0;8048.0
9.7;1600.5;205.0;2.6;58.0;8048.0
5.6;1600.5;228.3;2.9;55.0;8048.0
8.3;1600.5;218.4;2.6;57.0;8048.0
5.2;1600.5;218.6;2.5;38.0;8048.0
8.3;1600.5;233.6;3.0;56.0;8050.0
6.9;1600.5;205.5;2.5;59.0;8050.0
9.7;1600.5;238.7;2.9;58.0;8050.0
9.4;1600.5;202.3;2.4;62.0;8050.0
8.4;1600.5;223.6;2.6;31.0;8050.0
11.1;1600.5;197.7;2.4;57.0;8050.0
2.4;1600.5;221.0;2.8;35.0;8050.0
7.1;1600.5;212.7;2.8;55.0;8050.0
7.1;1600.5;210.7;2.6;51.0;8045.0
5.6;1600.5;220.0;2.8;57.0;8051.0
12.5;1600.5;193.6;2.5;59.0;8052.0
7.2;1600.5;200.4;2.5;56.0;8052.0
6.0;1600.5;227.0;2.6;58.0;8052.0
7.3;1600.5;227.8;2.7;57.0;8052.0
