6.0;34.3;22.3;1.9;1.0;929.0
8.3;105.1;141.5;11.8;0.0;929.0
8.3;144.1;139.1;7.5;0.0;929.0
8.3;175.3;156.5;8.4;0.0;929.0
7.1;204.5;83.4;5.9;0.0;935.0
8.4;225.7;105.9;3.5;4.0;902.0
8.3;268.2;56.7;27.7;0.0;909.0
8.4;541.5;4.4;5.7;4.0;1074.0
8.4;951.4;0.6;0.0;24.0;7856.0
1.2;990.8;0.7;33.4;0.0;7850.0
0.0;990.9;40.4;0.1;0.0;7850.0
0.0;990.9;46.4;0.0;0.0;7850.0
0.0;990.9;43.2;0.0;2.0;7858.0
0.0;990.9;44.8;0.0;4.0;7887.0
0.0;990.9;44.8;0.0;3.0;7887.0
3.6;992.7;43.5;0.0;3.0;7889.0
8.3;1168.0;0.2;0.0;3.0;7984.0
8.4;1458.0;0.0;0.0;8.0;8054.0
8.3;1523.3;133.0;2.1;60.0;8054.0
8.4;1523.4;223.3;3.2;62.0;8054.0
8.3;1523.4;242.1;3.3;60.0;8054.0
8.3;1523.4;256.6;3.2;63.0;8054.0
8.4;1523.4;226.5;2.8;63.0;8054.0
14.2;1523.4;265.1;3.3;63.0;8053.0
8.3;1523.4;322.2;3.9;62.0;8053.0
12.6;1523.5;243.6;3.0;61.0;8053.0
8.4;1523.5;258.1;3.1;62.0;8053.0
3.6;1523.5;215.1;2.5;34.0;8029.0
8.4;1523.5;249.1;3.2;63.0;8029.0
6.9;1523.5;219.4;2.8;62.0;8053.0
8.4;1523.5;253.5;3.3;61.0;8053.0
10.7;1523.5;254.7;3.3;60.0;8054.0
6.0;1523.6;236.3;3.0;52.0;8054.0
9.7;1523.6;227.7;3.0;63.0;8053.0
8.3;1523.6;245.1;3.1;61.0;8053.0
8.3;1523.6;253.0;3.2;60.0;8036.0
5.2;1523.6;231.0;2.8;38.0;8023.0
8.4;1523.6;214.6;2.8;64.0;8012.0
7.1;1523.6;217.9;2.9;64.0;8028.0
9.4;1523.6;233.1;2.9;61.0;8037.0
10.4;1523.6;214.2;2.8;61.0;8040.0
8.3;1523.6;236.7;3.0;63.0;8044.0
9.6;1523.6;246.4;3.1;60.0;8047.0
11.1;1523.6;204.4;2.4;63.0;8037.0
10.4;1523.6;245.6;3.2;61.0;8052.0
6.0;1523.6;219.5;2.7;37.0;8052.0
9.6;1523.6;220.1;2.8;57.0;8052.0
7.0;1523.6;227.0;2.7;61.0;8052.0
8.4;1523.6;227.8;2.7;58.0;8052.0
7.2;1523.6;225.9;2.7;61.0;8042.0
8.3;1523.6;238.3;3.1;62.0;8055.0
7.2;1523.6;207.4;2.6;36.0;8048.0
7.1;1523.6;236.1;3.0;61.0;8047.0
8.3;1523.6;246.8;3.2;44.0;8047.0
12.5;1523.6;211.8;2.6;60.0;8039.0
6.9;1523.6;243.7;3.1;58.0;8039.0
7.2;1523.6;230.5;2.8;60.0;8039.0
6.0;1523.6;239.8;3.1;59.0;8039.0
8.3;1523.6;224.1;2.7;59.0;8038.0
11.2;1523.6;249.5;3.0;62.0;8038.0
9.5;1523.6;223.6;2.8;56.0;8038.0
7.2;1523.6;239.6;3.1;58.0;8025.0
10.8;1523.6;220.7;2.7;59.0;8025.0
6.9;1523.6;247.8;3.1;57.0;8025.0
8.4;1523.6;234.1;2.8;60.0;8025.0
11.1;1523.6;228.5;2.9;57.0;8025.0
9.6;1523.6;217.2;2.7;57.0;8024.0
8.3;1523.6;232.0;3.1;61.0;8015.0
7.2;1523.6;206.4;2.7;52.0;8015.0
8.3;1523.7;238.2;3.1;58.0;8017.0
10.7;1523.7;195.7;2.4;56.0;8016.0
6.0;1523.7;222.6;2.8;53.0;8009.0
8.3;1523.7;223.0;2.7;57.0;8009.0
8.3;1523.7;240.5;3.2;60.0;8009.0
8.3;1523.7;208.0;2.6;56.0;8011.0
1.2;1523.7;190.5;2.4;33.0;8035.0
7.3;1523.7;222.7;2.9;55.0;8038.0
5.9;1523.7;202.5;2.6;57.0;8038.0
9.8;1523.7;228.0;3.0;58.0;8038.0
8.4;1523.7;210.1;2.7;58.0;8038.0
7.3;1523.7;247.5;3.4;54.0;8038.0
7.0;1523.7;207.5;2.6;55.0;8016.0
4.8;1523.7;214.9;2.9;58.0;8033.0
4.2;1523.7;211.1;2.9;58.0;8033.0
7.3;1523.7;215.5;2.7;57.0;8033.0
7.2;1523.7;233.0;3.1;56.0;8026.0
7.1;1523.7;199.0;2.6;59.0;8018.0
4.8;1523.7;155.1;2.0;53.0;8020.0
9.5;1523.7;222.7;2.8;55.0;8025.0
6.2;1523.7;200.7;2.5;53.0;8023.0
8.3;1523.7;215.3;2.8;55.0;8023.0
6.9;1523.7;225.5;2.9;58.0;8023.0
8.4;1523.7;219.4;2.8;58.0;8023.0
7.3;1523.7;232.2;2.8;57.0;8024.0
8.3;1523.7;200.9;2.4;52.0;8026.0
11.9;1523.7;198.3;2.3;43.0;8026.0
10.7;1523.7;204.0;2.4;63.0;8026.0
9.4;1523.7;186.3;2.2;52.0;8018.0
7.2;1523.7;201.6;2.5;45.0;8039.0
9.6;1523.7;172.3;2.4;56.0;8043.0
8.4;1523.7;145.0;1.8;56.0;8040.0
6.0;1523.7;203.5;2.6;52.0;8045.0
9.6;1523.7;171.6;2.2;54.0;8041.0
7.1;1523.7;200.8;2.4;59.0;8041.0
4.8;1523.7;206.6;2.5;28.0;8041.0
5.5;1523.7;206.8;2.4;57.0;8041.0
10.7;1523.7;196.9;2.2;56.0;8041.0
10.4;1523.7;228.8;2.5;55.0;8033.0
10.7;1523.7;189.3;2.0;53.0;8033.0
0.0;1523.7;179.7;1.9;42.0;8033.0
4.8;1523.7;224.9;2.4;53.0;8025.0
7.3;1523.7;180.5;2.1;61.0;8054.0
8.4;1523.8;180.8;2.5;44.0;8051.0
8.3;1523.8;163.0;2.2;58.0;8053.0
8.4;1523.8;169.2;2.2;58.0;8053.0
4.8;1523.8;194.7;2.4;35.0;8057.0
8.4;1523.8;215.0;2.9;57.0;8059.0
9.8;1523.8;182.5;2.2;53.0;8059.0
7.2;1523.8;206.0;2.4;49.0;8059.0
7.2;1523.8;182.1;2.3;28.0;8061.0
7.3;1523.8;217.4;2.9;56.0;8062.0
8.4;1523.8;200.3;2.4;45.0;8062.0
8.3;1523.8;195.6;2.5;56.0;8062.0
8.3;1523.8;205.7;2.6;51.0;8062.0
7.3;1523.8;201.2;2.5;47.0;8062.0
1.2;1523.8;207.1;2.5;32.0;8062.0
5.5;1523.8;219.1;2.8;48.0;8064.0
5.5;1523.8;196.0;2.3;51.0;8064.0
8.3;1523.8;207.3;2.4;52.0;8064.0
6.0;1523.8;196.5;2.2;60.0;8064.0
5.5;1523.8;211.2;2.4;34.0;8064.0
8.4;1523.8;212.5;2.4;49.0;8064.0
9.5;1523.8;201.7;2.2;52.0;8065.0
3.1;1523.8;175.7;1.9;39.0;8050.0
4.2;1523.8;189.3;2.2;59.0;8052.0
10.8;1523.8;195.9;2.3;58.0;8070.0
8.4;1523.8;191.6;2.4;44.0;8067.0
8.3;1523.8;187.7;2.3;47.0;8067.0
0.0;1523.7;92.0;0.8;0.0;8067.0
0.0;1523.7;44.8;0.0;0.0;8067.0
8.4;1609.7;33.8;18.5;0.0;8067.0
7.2;1598.0;228.7;3.1;60.0;8067.0
13.0;1598.0;231.5;3.0;61.0;8066.0
10.8;1598.0;266.8;3.4;61.0;8066.0
8.3;1598.0;255.8;3.2;62.0;8066.0
8.3;1598.0;245.7;3.1;62.0;8066.0
8.4;1598.0;259.5;3.4;61.0;8066.0
8.3;1598.0;259.1;3.4;62.0;8066.0
9.6;1598.0;266.8;3.5;61.0;8066.0
5.5;1598.0;215.5;2.6;39.0;8066.0
11.9;1598.0;255.8;3.0;62.0;8066.0
7.3;1598.0;249.9;3.1;57.0;8065.0
8.4;1598.0;248.3;3.0;60.0;8065.0
4.2;1598.0;211.7;2.5;54.0;8065.0
7.1;1598.0;248.7;2.9;62.0;8065.0
9.6;1598.7;178.9;4.3;62.0;8056.0
8.3;1598.7;264.2;3.6;59.0;8056.0
9.7;1598.7;255.9;3.5;59.0;8056.0
9.7;1598.7;259.7;3.5;61.0;8056.0
8.3;1598.7;261.8;3.4;62.0;8056.0
9.4;1598.7;236.4;3.0;58.0;8056.0
8.3;1598.7;248.7;3.3;62.0;8063.0
6.9;1598.7;200.0;2.8;59.0;8044.0
7.2;1598.7;248.2;3.1;61.0;8044.0
10.4;1598.7;263.6;3.4;61.0;8044.0
7.0;1598.7;215.3;2.6;59.0;8044.0
8.3;1598.7;256.1;3.1;62.0;8044.0
8.4;1598.7;255.6;3.1;62.0;8044.0
11.5;1598.7;263.4;3.3;62.0;8052.0
14.6;1598.7;199.5;2.6;63.0;8029.0
8.4;1598.7;243.3;3.0;62.0;8029.0
9.7;1598.7;253.1;3.1;62.0;8029.0
7.2;1598.7;261.5;3.2;43.0;8029.0
11.8;1598.7;211.5;2.4;61.0;8028.0
6.9;1598.7;250.7;3.2;60.0;8028.0
9.7;1598.7;246.5;2.9;60.0;8028.0
9.6;1598.7;230.9;2.7;60.0;8028.0
7.2;1598.7;241.1;3.0;62.0;8028.0
10.7;1598.7;247.1;3.0;61.0;8028.0
6.9;1598.7;228.9;2.7;61.0;8028.0
8.3;1598.7;257.1;3.1;61.0;8028.0
10.7;1598.7;233.0;2.7;51.0;8028.0
7.2;1598.7;222.9;2.7;60.0;8028.0
9.7;1598.7;252.1;3.1;60.0;8028.0
6.0;1598.7;229.0;2.7;39.0;8028.0
6.9;1598.7;236.4;2.9;60.0;8028.0
10.8;1598.7;247.0;2.9;59.0;8028.0
8.4;1598.7;217.3;2.5;59.0;8028.0
8.4;1598.7;250.8;3.1;59.0;8030.0
5.6;1598.7;169.3;2.2;37.0;8000.0
9.5;1598.7;229.8;2.8;59.0;8000.0
14.3;1598.7;247.2;3.1;61.0;8000.0
10.7;1598.7;228.1;2.7;61.0;8000.0
6.9;1598.7;238.0;3.0;60.0;8000.0
6.0;1598.7;221.2;2.6;60.0;8000.0
10.4;1598.7;244.2;3.0;59.0;8001.0
8.4;1598.7;189.9;2.5;50.0;8001.0
6.9;1598.7;210.6;2.6;59.0;8001.0
2.8;1598.7;219.0;2.7;35.0;8001.0
10.8;1598.7;250.2;3.1;59.0;8001.0
9.4;1598.7;231.8;2.7;62.0;8001.0
9.6;1598.7;221.6;2.5;59.0;8001.0
11.1;1598.7;223.5;2.5;59.0;8001.0
3.6;1598.7;215.3;2.3;33.0;8001.0
10.4;1598.7;248.0;2.9;60.0;8001.0
5.5;1598.7;199.2;2.3;52.0;8001.0
0.0;1598.7;151.6;1.6;0.0;8001.0
7.2;1600.8;108.4;9.6;24.0;8001.0
8.3;1600.8;257.4;3.3;62.0;8001.0
8.3;1600.8;240.5;3.0;62.0;8001.0
2.8;1600.8;229.0;2.7;41.0;8001.0
12.5;1600.8;260.6;3.3;62.0;7998.0
8.4;1600.8;261.1;3.3;61.0;7998.0
9.6;1600.8;245.9;3.0;62.0;7998.0
9.7;1600.8;257.9;3.4;63.0;7976.0
9.7;1600.8;237.0;3.1;64.0;7976.0
8.3;1600.8;237.9;3.2;59.0;7981.0
10.4;1600.8;203.8;2.5;56.0;7981.0
9.6;1600.8;177.2;2.6;59.0;7981.0
11.8;1600.8;265.8;3.4;61.0;7981.0
9.6;1600.8;255.7;3.2;62.0;7981.0
6.2;1600.8;210.0;2.6;57.0;7981.0
9.4;1600.8;227.9;2.9;62.0;7983.0
8.4;1600.8;224.5;2.9;62.0;7983.0
9.6;1600.8;234.5;3.0;65.0;7983.0
8.4;1600.8;208.6;2.5;48.0;7983.0
8.3;1600.8;242.1;2.9;62.0;7983.0
5.5;1600.8;252.0;3.0;62.0;7983.0
5.9;1600.8;224.4;2.6;46.0;7983.0
6.9;1600.8;209.5;2.5;61.0;7983.0
7.3;1600.8;247.1;2.9;63.0;7984.0
9.5;1600.8;186.9;2.3;63.0;7984.0
8.4;1600.8;239.9;2.9;60.0;7984.0
9.7;1600.8;239.5;2.9;59.0;7984.0
9.5;1600.8;211.4;2.5;38.0;7992.0
10.4;1600.8;210.1;2.8;62.0;8006.0
9.5;1600.8;236.4;3.0;62.0;8006.0
5.6;1600.8;210.8;2.5;37.0;8006.0
8.3;1600.8;245.7;3.0;58.0;8006.0
8.4;1600.8;202.1;2.5;63.0;8006.0
4.8;1600.8;201.2;2.5;36.0;8007.0
8.4;1600.8;214.6;2.8;61.0;8007.0
8.4;1602.2;70.7;6.2;22.0;8010.0
9.4;1602.2;221.8;3.3;63.0;8010.0
8.3;1602.2;211.4;3.0;59.0;8013.0
11.8;1602.2;206.7;2.9;62.0;8026.0
9.7;1602.2;225.6;3.1;66.0;8025.0
7.2;1602.2;252.7;3.6;62.0;8010.0
3.6;1602.2;233.9;2.9;44.0;8010.0
11.1;1602.2;245.6;3.2;63.0;7994.0
9.7;1602.2;249.7;3.3;61.0;7994.0
9.5;1602.2;255.0;3.4;61.0;7994.0
9.4;1602.2;246.0;3.2;59.0;8050.0
8.3;1602.2;247.8;3.2;39.0;8049.0
8.4;1602.2;208.8;2.5;61.0;8050.0
8.3;1602.2;233.0;3.1;59.0;8049.0
8.4;1602.2;245.7;3.0;60.0;8053.0
8.4;1602.2;230.8;3.0;62.0;8053.0
9.7;1602.2;210.7;2.6;62.0;8053.0
7.2;1602.2;217.0;2.9;62.0;8053.0
9.6;1602.2;190.2;2.7;62.0;8045.0
7.3;1602.2;233.7;3.0;61.0;8063.0
10.7;1602.2;209.6;2.6;60.0;8029.0
9.7;1602.2;241.0;3.0;60.0;8028.0
11.8;1602.2;261.3;3.3;62.0;8028.0
7.3;1602.2;206.2;2.5;61.0;8046.0
8.4;1602.2;209.4;2.7;45.0;8055.0
10.7;1602.2;216.4;2.9;62.0;8037.0
7.2;1602.2;222.5;2.8;61.0;8035.0
9.5;1602.2;214.3;2.6;62.0;8023.0
8.3;1602.2;217.1;2.6;61.0;8020.0
4.8;1602.2;197.2;2.4;45.0;8041.0
8.3;1602.2;218.1;2.6;57.0;8025.0
9.8;1602.2;230.8;3.0;60.0;8025.0
11.9;1602.2;210.4;2.6;55.0;8025.0
8.3;1602.2;215.5;2.8;46.0;8025.0
9.6;1602.2;178.3;2.4;49.0;8025.0
9.6;1602.2;203.9;2.5;61.0;8025.0
10.8;1602.2;202.4;2.6;62.0;8025.0
2.4;1602.2;210.7;2.5;37.0;8024.0
8.4;1602.2;249.9;3.0;59.0;8019.0
6.9;1602.2;230.3;2.8;62.0;8019.0
9.7;1602.2;205.7;2.5;59.0;8015.0
7.3;1602.2;195.8;2.5;52.0;8015.0
8.3;1602.2;182.6;2.3;52.0;8015.0
6.9;1602.2;221.9;2.7;64.0;8021.0
1.4;1602.2;183.3;2.3;37.0;8016.0
8.3;1602.2;217.6;2.7;59.0;8022.0
4.2;1602.2;192.6;2.2;41.0;8022.0
6.9;1602.2;208.6;2.6;54.0;8047.0
6.0;1602.2;224.0;2.7;58.0;8047.0
11.1;1602.2;213.6;2.6;59.0;8047.0
13.1;1602.2;217.6;2.7;54.0;8048.0
8.3;1602.2;203.3;2.3;58.0;8046.0
11.9;1602.2;169.7;2.1;53.0;8045.0
7.0;1602.2;166.6;2.2;58.0;8045.0
9.6;1602.2;231.7;2.9;58.0;8045.0
4.8;1602.2;199.5;2.3;57.0;8045.0
8.3;1602.2;246.0;3.2;58.0;8044.0
9.7;1602.2;216.0;2.5;34.0;8044.0
