7.1;56.4;25.5;2.1;0.0;705.0
7.2;103.4;131.0;11.4;0.0;705.0
8.3;141.0;138.7;7.4;0.0;705.0
8.4;176.5;133.8;6.9;0.0;705.0
4.8;208.1;100.9;7.1;0.0;705.0
8.4;293.4;108.2;32.1;0.0;705.0
8.4;329.1;0.0;0.0;0.0;705.0
8.4;347.6;0.0;0.0;0.0;705.0
8.4;365.1;0.0;0.0;0.0;705.0
8.3;383.4;0.0;0.0;0.0;705.0
8.4;399.8;0.0;0.0;0.0;705.0
8.3;412.7;0.0;0.0;0.0;705.0
8.3;429.6;0.0;0.0;0.0;705.0
8.3;445.9;0.0;0.0;0.0;705.0
8.3;463.5;0.0;0.0;0.0;705.0
8.3;479.9;0.0;0.0;0.0;705.0
8.3;469.3;33.0;0.2;0.0;705.0
8.3;469.3;63.0;0.3;0.0;705.0
8.4;469.3;62.1;0.3;0.0;705.0
8.3;469.4;62.7;0.3;0.0;705.0
8.4;469.4;58.2;0.3;0.0;705.0
8.3;469.4;62.1;0.3;0.0;705.0
8.4;469.4;62.4;0.3;0.0;705.0
8.3;466.1;62.7;0.3;0.0;705.0
8.3;466.2;62.4;0.3;0.0;705.0
8.4;466.2;63.0;0.3;0.0;705.0
8.3;466.2;63.9;0.3;0.0;705.0
8.4;466.2;63.6;0.3;0.0;705.0
8.3;466.2;63.0;0.3;0.0;705.0
8.3;466.2;63.9;0.3;0.0;705.0
8.3;466.2;61.8;0.3;0.0;705.0
8.4;466.2;66.9;0.3;0.0;705.0
8.3;466.2;58.5;0.3;0.0;705.0
8.3;466.2;66.0;0.3;0.0;705.0
8.3;466.2;63.0;0.3;0.0;705.0
8.4;466.3;61.8;0.3;0.0;705.0
8.4;466.3;61.5;0.3;0.0;705.0
8.4;466.3;65.7;0.3;0.0;705.0
8.3;466.3;62.4;0.3;0.0;705.0
8.4;466.3;68.1;0.3;0.0;705.0
8.4;466.3;60.9;0.3;0.0;705.0
8.4;466.3;62.1;0.3;0.0;705.0
8.4;466.3;62.1;0.3;0.0;705.0
8.3;466.3;63.6;0.3;0.0;705.0
8.3;466.3;62.1;0.3;0.0;705.0
8.3;466.3;66.0;0.3;0.0;705.0
8.4;466.3;62.7;0.3;0.0;705.0
8.4;466.3;63.3;0.3;0.0;705.0
8.3;466.3;62.7;0.3;0.0;705.0
8.3;466.3;62.7;0.3;0.0;705.0
8.3;466.3;66.6;0.3;0.0;705.0
8.3;466.3;63.0;0.3;0.0;705.0
8.3;466.3;60.9;0.3;0.0;705.0
8.4;466.3;60.9;0.3;0.0;705.0
8.4;466.3;64.2;0.3;0.0;705.0
8.4;466.3;60.3;0.3;0.0;705.0
8.3;466.3;63.3;0.3;0.0;705.0
8.3;466.3;64.8;0.3;0.0;705.0
8.3;466.3;59.1;0.3;0.0;705.0
8.4;466.3;64.8;0.3;0.0;705.0
8.3;466.3;58.8;0.3;0.0;705.0
8.4;466.3;66.6;0.3;0.0;705.0
8.4;466.3;59.7;0.3;0.0;705.0
8.4;466.3;63.9;0.3;0.0;705.0
8.3;466.3;64.2;0.3;0.0;705.0
8.3;466.3;62.1;0.3;0.0;705.0
8.3;466.3;58.8;0.3;0.0;705.0
8.3;466.3;67.8;0.3;0.0;705.0
8.4;466.3;60.9;0.3;0.0;705.0
8.3;466.3;63.3;0.3;0.0;705.0
8.3;466.3;64.5;0.3;0.0;705.0
8.3;466.3;62.1;0.3;0.0;705.0
8.4;466.3;59.7;0.3;0.0;705.0
8.4;466.3;63.6;0.3;0.0;705.0
8.3;466.3;61.2;0.3;0.0;705.0
8.4;466.3;63.0;0.3;0.0;705.0
8.4;466.3;60.6;0.3;0.0;705.0
8.4;466.3;64.2;0.3;0.0;705.0
8.3;466.3;59.1;0.3;0.0;705.0
8.4;466.3;67.5;0.3;0.0;705.0
8.4;466.3;62.1;0.3;0.0;705.0
8.3;466.3;62.1;0.3;0.0;705.0
8.3;466.3;61.5;0.3;0.0;705.0
8.3;466.3;68.4;0.3;0.0;705.0
8.3;466.3;61.2;0.3;0.0;705.0
8.4;466.3;62.7;0.3;0.0;705.0
8.3;466.3;61.8;0.3;0.0;705.0
8.3;466.3;64.2;0.3;0.0;705.0
8.4;466.3;60.6;0.3;0.0;705.0
8.4;466.3;60.3;0.3;0.0;705.0
8.4;466.3;64.5;0.3;0.0;705.0
8.3;466.3;66.6;0.3;0.0;705.0
8.4;466.3;60.9;0.3;0.0;705.0
8.4;466.3;62.7;0.3;0.0;705.0
8.3;466.3;60.3;0.3;0.0;705.0
8.3;466.3;64.2;0.3;0.0;705.0
8.3;466.3;63.6;0.3;0.0;705.0
8.3;466.3;61.8;0.3;0.0;705.0
8.3;466.3;65.4;0.3;0.0;705.0
8.4;466.3;62.1;0.3;0.0;705.0
8.3;466.3;62.4;0.3;0.0;705.0
8.3;466.3;63.0;0.3;0.0;705.0
8.3;466.3;60.0;0.3;0.0;705.0
8.4;466.3;68.1;0.3;0.0;705.0
8.3;466.3;60.6;0.3;0.0;705.0
8.3;466.3;66.0;0.3;0.0;705.0
8.3;466.3;60.6;0.3;0.0;705.0
8.4;466.3;63.6;0.3;0.0;705.0
8.3;466.3;63.9;0.3;0.0;705.0
8.3;466.3;59.7;0.3;0.0;705.0
8.3;466.3;63.9;0.3;0.0;705.0
8.3;466.3;61.5;0.3;0.0;705.0
8.4;466.3;64.8;0.3;0.0;705.0
8.4;466.3;63.0;0.3;0.0;705.0
8.4;466.3;62.4;0.3;0.0;705.0
8.4;466.3;64.8;0.3;0.0;705.0
8.3;466.3;58.2;0.3;0.0;705.0
8.3;466.3;66.6;0.3;0.0;705.0
8.3;466.3;64.5;0.3;0.0;705.0
8.4;466.3;61.5;0.3;0.0;705.0
8.3;466.3;62.7;0.3;0.0;705.0
8.4;466.3;62.4;0.3;0.0;705.0
8.4;466.3;59.4;0.3;0.0;705.0
8.4;466.3;67.5;0.3;0.0;705.0
8.4;466.3;61.8;0.3;0.0;705.0
8.3;466.3;61.5;0.3;0.0;705.0
8.4;466.3;63.9;0.3;0.0;705.0
8.4;466.3;61.8;0.3;0.0;705.0
8.4;466.3;62.4;0.3;0.0;705.0
8.4;466.3;62.7;0.3;0.0;705.0
8.3;466.3;64.5;0.3;0.0;705.0
8.4;466.3;62.4;0.3;0.0;705.0
8.3;466.3;64.5;0.3;0.0;705.0
8.4;466.3;62.1;0.3;0.0;705.0
8.4;466.3;62.1;0.3;0.0;705.0
8.3;466.3;61.8;0.3;0.0;705.0
8.3;466.3;64.2;0.3;0.0;705.0
8.3;466.3;63.0;0.3;0.0;705.0
8.4;466.2;65.4;0.3;0.0;705.0
8.3;466.2;68.4;0.3;0.0;705.0
8.3;466.2;61.2;0.3;0.0;705.0
8.3;466.2;63.0;0.3;0.0;705.0
8.4;466.2;59.7;0.3;0.0;705.0
8.4;466.2;66.6;0.3;0.0;705.0
8.3;466.2;61.5;0.3;0.0;705.0
8.4;466.2;62.4;0.3;0.0;705.0
8.3;466.2;63.3;0.3;0.0;705.0
8.4;466.2;64.2;0.3;0.0;705.0
8.4;466.2;60.9;0.3;0.0;705.0
8.3;466.2;62.4;0.3;0.0;705.0
8.4;466.2;64.5;0.3;0.0;705.0
8.4;466.2;64.2;0.3;0.0;705.0
8.3;466.2;57.0;0.3;0.0;705.0
8.3;466.2;65.4;0.3;0.0;705.0
8.3;466.2;62.1;0.3;0.0;705.0
8.3;466.2;61.2;0.3;0.0;705.0
8.4;466.2;64.5;0.3;0.0;705.0
8.4;466.2;66.0;0.3;0.0;705.0
8.3;466.2;64.8;0.3;0.0;705.0
8.3;466.2;64.5;0.3;0.0;705.0
8.4;466.2;60.6;0.3;0.0;705.0
8.3;466.2;63.3;0.3;0.0;705.0
8.4;466.2;63.6;0.3;0.0;705.0
8.3;466.2;62.7;0.3;0.0;705.0
8.4;466.2;64.2;0.3;0.0;705.0
8.4;466.2;62.7;0.3;0.0;705.0
8.4;466.2;61.5;0.3;0.0;705.0
8.4;466.2;63.6;0.3;0.0;705.0
8.3;467.4;60.6;0.3;0.0;705.0
8.4;467.4;61.5;0.3;0.0;705.0
8.3;467.4;62.7;0.3;0.0;705.0
8.4;467.4;63.6;0.3;0.0;705.0
8.3;467.4;66.3;0.3;0.0;705.0
8.3;467.4;59.7;0.3;0.0;705.0
8.3;467.4;62.1;0.3;0.0;705.0
8.3;467.4;64.8;0.3;0.0;705.0
8.4;467.4;64.5;0.3;0.0;705.0
8.3;467.4;60.6;0.3;0.0;705.0
8.4;467.4;57.9;0.3;0.0;705.0
8.4;467.4;61.5;0.3;0.0;705.0
8.4;467.4;63.9;0.3;0.0;705.0
8.3;467.4;62.1;0.3;0.0;705.0
8.4;467.4;62.7;0.3;0.0;705.0
8.4;467.4;65.7;0.3;0.0;705.0
8.3;467.4;65.7;0.3;0.0;705.0
8.3;467.4;61.5;0.3;0.0;705.0
8.4;467.4;62.7;0.3;0.0;705.0
8.3;467.4;62.1;0.3;0.0;705.0
8.3;467.4;59.7;0.3;0.0;705.0
8.3;467.4;62.7;0.3;0.0;705.0
8.3;467.4;63.6;0.3;0.0;705.0
8.4;467.4;63.9;0.3;0.0;705.0
8.3;467.4;61.8;0.3;0.0;705.0
8.4;467.4;63.3;0.3;0.0;705.0
8.4;467.4;61.5;0.3;0.0;705.0
8.3;467.4;65.7;0.3;0.0;705.0
8.4;467.4;60.0;0.3;0.0;705.0
8.3;467.4;66.0;0.3;0.0;705.0
8.4;467.4;62.4;0.3;0.0;705.0
8.3;467.4;62.4;0.3;0.0;705.0
8.4;467.4;64.5;0.3;0.0;705.0
8.4;467.4;58.2;0.3;0.0;705.0
8.3;467.4;66.3;0.3;0.0;705.0
8.3;467.4;57.6;0.3;0.0;705.0
8.3;467.4;67.2;0.3;0.0;705.0
8.4;467.4;62.1;0.3;0.0;705.0
8.3;467.4;64.5;0.3;0.0;705.0
8.3;467.4;61.2;0.3;0.0;705.0
8.3;467.4;63.3;0.3;0.0;705.0
8.3;467.4;65.7;0.3;0.0;705.0
8.3;467.4;63.6;0.3;0.0;705.0
8.3;467.4;65.4;0.3;0.0;705.0
8.3;467.4;59.4;0.3;0.0;705.0
8.3;467.4;63.0;0.3;0.0;705.0
8.4;467.4;63.0;0.3;0.0;705.0
8.4;467.4;63.6;0.3;0.0;705.0
8.3;467.4;61.2;0.3;0.0;705.0
8.4;467.4;61.5;0.3;0.0;705.0
8.4;467.4;60.3;0.3;0.0;705.0
8.4;467.4;64.5;0.3;0.0;705.0
8.3;467.4;66.6;0.3;0.0;705.0
8.3;467.4;58.2;0.3;0.0;705.0
8.4;467.4;65.7;0.3;0.0;705.0
8.3;467.4;62.4;0.3;0.0;705.0
8.3;467.4;62.1;0.3;0.0;705.0
8.3;467.4;57.6;0.3;0.0;705.0
8.3;467.4;65.4;0.3;0.0;705.0
8.3;467.4;60.0;0.3;0.0;705.0
8.3;467.4;65.1;0.3;0.0;705.0
8.4;467.4;63.9;0.3;0.0;705.0
8.3;467.4;62.7;0.3;0.0;705.0
8.3;467.4;62.1;0.3;0.0;705.0
8.4;467.4;60.3;0.3;0.0;705.0
8.4;467.4;63.9;0.3;0.0;705.0
8.4;467.4;65.1;0.3;0.0;705.0
8.3;467.4;62.7;0.3;0.0;705.0
8.4;467.4;66.0;0.3;0.0;705.0
8.4;467.4;62.7;0.3;0.0;705.0
8.4;467.4;62.1;0.3;0.0;705.0
8.3;467.4;58.2;0.3;0.0;705.0
8.3;467.4;63.0;0.3;0.0;705.0
8.4;467.4;68.1;0.3;0.0;705.0
8.4;467.4;60.6;0.3;0.0;705.0
8.3;467.4;62.4;0.3;0.0;705.0
8.3;467.4;66.3;0.3;0.0;705.0
8.3;467.4;61.8;0.3;0.0;705.0
8.4;467.4;61.8;0.3;0.0;705.0
8.4;467.4;61.2;0.3;0.0;705.0
8.3;467.4;65.1;0.3;0.0;705.0
8.4;467.4;64.2;0.3;0.0;705.0
8.4;467.4;61.5;0.3;0.0;705.0
8.4;467.4;66.3;0.3;0.0;705.0
8.3;467.4;64.5;0.3;0.0;705.0
8.3;467.4;59.7;0.3;0.0;705.0
8.4;467.4;63.3;0.3;0.0;705.0
8.4;467.4;66.0;0.3;0.0;705.0
8.4;467.4;63.9;0.3;1.0;705.0
8.3;467.4;58.5;0.3;0.0;705.0
8.4;467.4;64.5;0.3;0.0;705.0
8.3;467.4;62.4;0.3;0.0;705.0
8.3;467.4;65.7;0.3;0.0;705.0
8.3;467.4;61.2;0.3;0.0;705.0
8.3;467.4;64.5;0.3;0.0;705.0
8.4;467.4;63.3;0.3;0.0;705.0
8.3;467.4;67.2;0.3;0.0;705.0
8.3;467.4;60.2;0.3;0.0;705.0
8.3;467.4;64.3;0.3;0.0;705.0
8.3;467.4;62.7;0.3;0.0;705.0
8.4;467.4;60.3;0.3;0.0;705.0
8.4;467.4;63.0;0.3;0.0;705.0
8.3;467.4;64.2;0.3;0.0;705.0
8.4;467.4;62.1;0.3;0.0;705.0
8.4;467.4;66.6;0.3;0.0;705.0
8.4;467.4;63.6;0.3;0.0;705.0
8.3;467.4;62.7;0.3;0.0;705.0
8.4;467.4;61.8;0.3;0.0;705.0
8.3;467.4;61.8;0.3;0.0;705.0
8.3;467.4;61.2;0.3;0.0;705.0
8.3;467.4;65.4;0.3;0.0;705.0
8.3;467.4;63.9;0.3;0.0;705.0
8.3;467.4;58.8;0.3;0.0;705.0
8.3;467.4;64.8;0.3;0.0;705.0
8.4;467.4;65.1;0.3;0.0;705.0
8.4;467.4;59.4;0.3;0.0;705.0
8.4;467.4;68.4;0.3;0.0;705.0
8.4;467.4;62.4;0.3;0.0;705.0
8.4;467.4;60.6;0.3;0.0;705.0
8.4;467.4;65.4;0.3;0.0;705.0
8.3;467.4;62.1;0.3;0.0;705.0
8.4;467.4;61.8;0.3;0.0;705.0
8.4;467.4;60.9;0.3;0.0;705.0
8.4;467.4;65.7;0.3;0.0;705.0
8.4;467.4;65.4;0.3;0.0;705.0
8.3;467.4;57.9;0.3;0.0;705.0
8.4;467.4;65.4;0.3;0.0;705.0
8.3;467.4;62.4;0.3;0.0;705.0
8.4;467.4;62.1;0.3;0.0;705.0
8.3;467.4;60.6;0.3;0.0;705.0
8.3;467.4;65.7;0.3;0.0;705.0
8.4;467.4;62.7;0.3;0.0;705.0
