44.9;99.4;62.3;0.0
50.0;108.4;76.2;0.0
84.9;133.8;68.7;0.0
55.0;139.8;6.5;0.0
50.0;157.1;39.0;0.0
10.0;159.5;2.0;0.0
0.0;159.5;0.0;0.0
0.0;159.5;0.1;0.0
0.0;159.5;0.0;0.0
0.0;159.5;1.3;0.0
0.0;159.5;0.0;0.0
0.0;159.5;0.7;0.0
0.0;159.5;0.0;0.0
15.0;159.5;0.4;0.0
50.0;160.3;0.0;0.0
49.6;160.3;1.3;0.0
15.0;160.7;0.0;0.0
0.0;160.7;0.0;0.0
0.0;160.7;0.1;0.0
0.0;160.7;0.0;0.0
0.0;160.7;1.2;0.0
0.0;160.7;0.0;0.0
0.0;160.7;0.7;0.0
0.0;160.7;0.0;0.0
32.1;167.2;15.0;4.0
50.0;182.8;38.5;0.0
50.0;218.3;917.8;0.0
49.9;244.6;259.5;0.0
52.1;244.6;311.6;0.0
50.0;244.9;314.2;0.0
49.8;244.9;299.4;0.0
50.0;244.9;335.4;0.0
45.0;276.1;250.7;0.0
55.0;276.1;0.6;196.0
47.0;276.1;0.6;192.0
49.9;245.7;0.5;68.0
54.5;181.3;0.0;0.0
