45.0;99.5;58.0;0.0
50.0;111.4;84.3;0.0
84.2;134.3;62.4;0.0
50.0;156.4;43.9;0.0
20.0;159.3;2.0;0.0
0.0;159.3;0.0;0.0
5.0;159.3;0.1;0.0
0.0;159.3;0.0;0.0
0.0;159.3;1.2;0.0
0.0;159.3;0.0;0.0
0.0;159.3;0.7;0.0
0.0;159.3;0.0;0.0
18.6;159.3;0.4;0.0
47.4;160.0;0.0;0.0
51.7;160.4;1.3;0.0
0.0;160.4;0.0;0.0
5.0;160.4;0.1;0.0
0.0;160.4;0.0;0.0
0.0;160.4;1.2;0.0
0.0;160.4;0.0;0.0
0.0;160.4;0.7;0.0
0.0;160.4;0.0;0.0
5.0;160.4;0.5;0.0
43.1;177.6;17.4;4.0
49.4;213.6;795.7;0.0
50.2;275.8;1929.0;0.0
43.5;275.8;0.6;196.0
32.2;275.8;0.8;256.0
