49.9;120.8;79.2;0.0
79.9;138.9;46.4;0.0
50.0;156.5;39.0;0.0
10.0;158.7;2.0;0.0
0.0;158.7;0.0;0.0
0.0;158.7;0.1;0.0
0.0;158.7;0.0;0.0
0.0;158.7;1.3;0.0
0.0;158.7;0.0;0.0
0.0;158.7;0.0;0.0
0.0;158.7;0.7;0.0
0.0;158.7;0.0;0.0
47.5;159.4;0.5;0.0
53.2;159.4;0.1;0.0
24.9;159.8;1.2;0.0
0.0;159.8;0.0;0.0
0.0;159.8;0.1;0.0
0.0;159.8;0.0;0.0
0.0;159.8;1.2;0.0
0.0;159.8;0.0;0.0
0.0;159.8;0.7;0.0
0.0;159.8;0.0;0.0
24.2;163.4;15.2;4.0
49.4;181.9;38.5;0.0
48.4;213.2;917.6;0.0
50.2;243.7;285.1;0.0
50.0;243.7;301.2;0.0
50.0;244.1;311.6;0.0
50.0;244.1;281.9;0.0
48.5;244.1;329.1;0.0
50.0;275.1;261.5;0.0
50.0;275.3;0.6;196.0
53.5;275.3;0.6;192.0
50.0;244.9;0.5;68.0
50.0;181.8;0.0;0.0
