0.0;10514432;0
0.0;10514432;0
0.0;10514432;0
0.0;10514432;0
0.0;10514432;0
0.0;10514432;0
0.0;10514432;0
0.0;10514432;0
0.0;10514432;0
0.0;10514432;0
0.0;10514432;0
0.0;10514432;0
0.0;10514432;0
0.0;10514432;0
0.0;10514432;0
0.0;10514432;0
0.0;10514432;0
0.0;10514432;0
0.0;10514432;0
0.0;10514432;0
0.0;10514432;0
0.0;10514432;0
0.0;10514432;0
0.0;10514432;0
0.0;10514432;0
0.0;10514432;0
0.0;10514432;0
0.0;10514432;0
0.0;10514432;0
0.0;10514432;0
0.0;10514432;0
0.0;10514432;0
0.0;10514432;0
0.0;10514432;0
0.0;10514432;0
0.0;10514432;0
0.0;10514432;0
57.3;20492288;114
0.0;20492288;0
0.0;20492288;0
0.0;20492288;0
0.0;20492288;0
0.0;20492288;0
0.0;20492288;0
0.0;20492288;0
0.0;20492288;0
0.0;20492288;0
0.0;20492288;0
0.0;20492288;0
0.0;20492288;0
0.0;20492288;0
0.0;20492288;0
0.0;20492288;0
0.0;20492288;0
0.0;20492288;0
0.0;20492288;0
0.0;20492288;0
0.0;20492288;0
0.0;20492288;0
0.0;20492288;0
0.0;20492288;0
0.0;20492288;0
0.0;20492288;0
0.0;20492288;0
0.0;20492288;0
0.0;20492288;0
0.0;20492288;0
0.0;20492288;0
0.0;20492288;0
0.0;20492288;0
0.0;20492288;0
0.0;20492288;0
0.0;20492288;0
0.0;20492288;0
0.0;20492288;0
42.6;20877312;0
0.0;20877312;0
0.0;20877312;0
0.0;20877312;0
0.0;20877312;0
0.0;20877312;0
0.0;20877312;0
0.0;20877312;0
0.0;20877312;0
0.0;20877312;0
0.0;20877312;0
0.0;20877312;0
0.0;20877312;0
0.0;20877312;0
0.0;20877312;0
0.0;20877312;0
0.0;20877312;0
0.0;20877312;0
0.0;20877312;0
0.0;20877312;0
0.0;20877312;0
0.0;20877312;0
0.0;20877312;0
0.0;20877312;0
0.0;20877312;0
0.0;20877312;0
0.0;20877312;0
0.0;20877312;0
0.0;20877312;0
0.0;20877312;0
0.0;20877312;0
0.0;20877312;0
0.0;20877312;0
0.0;20877312;0
0.0;20877312;0
0.0;20877312;0
16.6;25022464;0
0.0;21000192;0
0.0;21000192;0
0.0;21000192;0
0.0;21000192;0
0.0;21000192;0
0.0;21000192;0
0.0;21000192;0
0.0;21000192;0
0.0;21000192;0
0.0;21000192;0
0.0;21000192;0
0.0;21000192;0
0.0;21000192;0
0.0;21000192;0
0.0;21000192;0
0.0;21000192;0
0.0;21000192;0
0.0;21000192;0
0.0;21000192;0
0.0;21000192;0
0.0;21000192;0
0.0;21000192;0
0.0;21000192;0
0.0;21000192;0
0.0;21000192;0
0.0;21000192;0
0.0;21000192;0
0.0;21000192;0
0.0;21000192;0
0.0;21000192;0
0.0;21000192;0
0.0;21000192;0
0.0;21000192;0
0.0;21000192;0
0.0;21000192;0
0.0;21000192;0
49.9;21594112;0
0.0;21594112;0
0.0;21594112;0
0.0;21594112;0
0.0;21594112;0
0.0;21594112;0
0.0;21594112;0
0.0;21594112;0
0.0;21594112;0
0.0;21594112;0
0.0;21594112;0
0.0;21594112;0
0.0;21594112;0
0.0;21594112;0
0.0;21594112;0
0.0;21594112;0
0.0;21594112;0
0.0;21594112;0
0.0;21594112;0
0.0;21594112;0
0.0;21594112;0
0.0;21594112;0
0.0;21594112;0
0.0;21594112;0
0.0;21594112;0
0.0;21594112;0
0.0;21594112;0
0.0;21594112;0
0.0;21594112;0
0.0;21594112;0
0.0;21594112;0
0.0;21594112;0
0.0;21594112;0
0.0;21594112;0
0.0;21594112;0
16.6;26046464;0
0.0;21897216;0
0.0;21897216;0
0.0;21897216;0
0.0;21897216;0
0.0;21897216;0
0.0;21897216;0
0.0;21897216;0
0.0;21897216;0
0.0;21897216;0
0.0;21897216;0
0.0;21897216;0
0.0;21897216;0
0.0;21897216;0
0.0;21897216;0
0.0;21897216;0
0.0;21897216;0
0.0;21897216;0
0.0;21897216;0
0.0;21897216;0
0.0;21897216;0
0.0;21897216;0
0.0;21897216;0
0.0;21897216;0
0.0;21897216;0
0.0;21897216;0
0.0;21897216;0
0.0;21897216;0
0.0;21897216;0
0.0;21897216;0
0.0;21897216;0
0.0;21897216;0
0.0;21897216;0
0.0;21897216;0
0.0;21897216;0
0.0;21897216;0
0.0;23191552;0
16.6;21938176;0
0.0;21938176;0
0.0;21938176;0
0.0;21938176;0
0.0;21938176;0
0.0;21938176;0
0.0;21938176;0
0.0;21938176;0
0.0;21938176;0
0.0;21938176;0
0.0;21938176;0
0.0;21938176;0
0.0;21938176;0
0.0;21938176;0
0.0;21938176;0
0.0;21938176;0
0.0;21938176;0
0.0;21938176;0
0.0;21938176;0
0.0;21938176;0
0.0;21938176;0
0.0;21938176;0
0.0;21938176;0
0.0;21938176;0
0.0;21938176;0
0.0;21938176;0
0.0;21938176;0
0.0;21938176;0
0.0;21938176;0
0.0;21938176;0
0.0;21938176;0
0.0;21938176;0
0.0;21938176;0
0.0;21938176;0
28.4;23961600;0
0.0;22204416;0
0.0;22204416;0
0.0;22204416;0
0.0;22204416;0
0.0;22204416;0
0.0;22204416;0
0.0;22204416;0
0.0;22237184;0
0.0;22237184;0
0.0;22237184;0
0.0;22237184;0
0.0;22237184;0
0.0;22237184;0
0.0;22237184;0
0.0;22237184;0
0.0;22237184;0
0.0;22237184;0
0.0;22237184;0
0.0;22237184;0
0.0;22237184;0
0.0;22237184;0
0.0;22237184;0
0.0;22237184;0
0.0;22237184;0
0.0;22237184;0
0.0;22237184;0
0.0;22237184;0
0.0;22237184;0
0.0;22237184;0
0.0;22237184;0
0.0;22237184;0
0.0;22237184;0
0.0;22237184;0
0.0;22237184;0
33.2;22781952;0
0.0;22781952;0
0.0;22781952;0
0.0;22781952;0
0.0;22781952;0
0.0;22781952;0
0.0;22781952;0
0.0;22781952;0
0.0;22781952;0
0.0;22781952;0
0.0;22781952;0
