0.0;10534912;0
0.0;10534912;0
0.0;10534912;0
0.0;10534912;0
0.0;10534912;0
0.0;10534912;0
0.0;10534912;0
0.0;10534912;0
0.0;10534912;0
0.0;10534912;0
0.0;10534912;0
0.0;10534912;0
0.0;10534912;0
0.0;10534912;0
0.0;10534912;0
0.0;10534912;0
0.0;10534912;0
0.0;10534912;0
0.0;10534912;0
0.0;10534912;0
0.0;10534912;0
0.0;10534912;0
0.0;10534912;0
0.0;10534912;0
0.0;10534912;0
0.0;10534912;0
0.0;10534912;0
0.0;10534912;0
0.0;10534912;0
0.0;10534912;0
0.0;10534912;0
0.0;10534912;0
0.0;10534912;0
0.0;10534912;0
0.0;10534912;0
0.0;10534912;0
33.2;20504576;52
0.0;20475904;62
0.0;20475904;0
0.0;20475904;0
0.0;20475904;0
0.0;20475904;0
0.0;20475904;0
0.0;20475904;0
0.0;20475904;0
0.0;20475904;0
0.0;20475904;0
0.0;20475904;0
0.0;20475904;0
0.0;20475904;0
0.0;20475904;0
0.0;20475904;0
0.0;20475904;0
0.0;20475904;0
0.0;20475904;0
0.0;20475904;0
0.0;20475904;0
0.0;20475904;0
0.0;20475904;0
0.0;20475904;0
0.0;20475904;0
0.0;20475904;0
0.0;20475904;0
0.0;20475904;0
0.0;20475904;0
0.0;20475904;0
0.0;20475904;0
0.0;20475904;0
0.0;20475904;0
0.0;20475904;0
0.0;20475904;0
0.0;20475904;0
0.0;20475904;0
14.3;22126592;0
16.6;20889600;0
0.0;20889600;0
0.0;20889600;0
0.0;20889600;0
0.0;20889600;0
0.0;20889600;0
0.0;20889600;0
0.0;20889600;0
0.0;20889600;0
0.0;20889600;0
0.0;20889600;0
0.0;20889600;0
0.0;20889600;0
0.0;20889600;0
0.0;20889600;0
0.0;20889600;0
0.0;20889600;0
0.0;20889600;0
0.0;20889600;0
0.0;20889600;0
0.0;20889600;0
0.0;20889600;0
0.0;20889600;0
0.0;20889600;0
0.0;20889600;0
0.0;20889600;0
0.0;20889600;0
0.0;20889600;0
0.0;20889600;0
0.0;20889600;0
0.0;20889600;0
0.0;20889600;0
0.0;20889600;0
0.0;20889600;0
0.0;20889600;0
0.0;20889600;0
33.2;21016576;0
0.0;21016576;0
0.0;21016576;0
0.0;21016576;0
0.0;21016576;0
0.0;21016576;0
0.0;21016576;0
0.0;21016576;0
0.0;21016576;0
0.0;21016576;0
0.0;21016576;0
0.0;21016576;0
0.0;21016576;0
0.0;21016576;0
0.0;21016576;0
0.0;21016576;0
0.0;21016576;0
0.0;21016576;0
0.0;21016576;0
0.0;21016576;0
0.0;21016576;0
0.0;21016576;0
0.0;21016576;0
0.0;21016576;0
0.0;21016576;0
0.0;21016576;0
0.0;21016576;0
0.0;21016576;0
0.0;21016576;0
0.0;21016576;0
0.0;21016576;0
0.0;21016576;0
0.0;21016576;0
0.0;21016576;0
0.0;21016576;0
0.0;21016576;0
43.0;21307392;0
0.0;21307392;0
0.0;21307392;0
0.0;21307392;0
0.0;21307392;0
0.0;21307392;0
0.0;21307392;0
0.0;21307392;0
0.0;21307392;0
0.0;21307392;0
0.0;21307392;0
0.0;21307392;0
0.0;21307392;0
0.0;21307392;0
0.0;21307392;0
0.0;21307392;0
0.0;21307392;0
0.0;21307392;0
0.0;21307392;0
0.0;21307392;0
0.0;21307392;0
0.0;21307392;0
0.0;21307392;0
0.0;21307392;0
0.0;21307392;0
0.0;21307392;0
0.0;21307392;0
0.0;21307392;0
0.0;21307392;0
0.0;21307392;0
0.0;21307392;0
0.0;21307392;0
0.0;21307392;0
0.0;21307392;0
0.0;21307392;0
28.7;21901312;0
0.0;21901312;0
0.0;21901312;0
0.0;21901312;0
0.0;21901312;0
0.0;21901312;0
0.0;21901312;0
0.0;21901312;0
0.0;21901312;0
0.0;21901312;0
0.0;21901312;0
0.0;21901312;0
0.0;21901312;0
0.0;21901312;0
0.0;21901312;0
0.0;21901312;0
0.0;21901312;0
0.0;21901312;0
0.0;21901312;0
0.0;21901312;0
0.0;21901312;0
0.0;21901312;0
0.0;21901312;0
0.0;21901312;0
0.0;21901312;0
0.0;21901312;0
0.0;21901312;0
0.0;21901312;0
0.0;21901312;0
0.0;21901312;0
0.0;21901312;0
0.0;21901312;0
0.0;21901312;0
0.0;21901312;0
0.0;21901312;0
0.0;21901312;0
43.0;21897216;0
0.0;21897216;0
0.0;21897216;0
0.0;21897216;0
0.0;21897216;0
0.0;21897216;0
0.0;21897216;0
0.0;21897216;0
0.0;21897216;0
0.0;21897216;0
0.0;21897216;0
0.0;21897216;0
0.0;21897216;0
0.0;21897216;0
0.0;21897216;0
0.0;21897216;0
0.0;21897216;0
0.0;21897216;0
0.0;21897216;0
0.0;21897216;0
0.0;21897216;0
0.0;21897216;0
0.0;21897216;0
0.0;21897216;0
0.0;21897216;0
0.0;21897216;0
0.0;21897216;0
0.0;21897216;0
0.0;21897216;0
0.0;21897216;0
0.0;21897216;0
0.0;21897216;0
0.0;21897216;0
0.0;21897216;0
14.2;24633344;0
14.3;21946368;0
0.0;21946368;0
0.0;21946368;0
0.0;21946368;0
0.0;21946368;0
0.0;21946368;0
0.0;21946368;0
0.0;21946368;0
0.0;21938176;0
0.0;21938176;0
0.0;21938176;0
0.0;21938176;0
0.0;21938176;0
0.0;21938176;0
0.0;21938176;0
0.0;21938176;0
0.0;21938176;0
0.0;21938176;0
0.0;21938176;0
0.0;21938176;0
0.0;21938176;0
0.0;21938176;0
0.0;21938176;0
0.0;21938176;0
0.0;21938176;0
0.0;21938176;0
0.0;21938176;0
0.0;21938176;0
0.0;21938176;0
0.0;21938176;0
0.0;21938176;0
0.0;21938176;0
0.0;21938176;0
0.0;21938176;0
50.4;22757376;0
0.0;22757376;0
0.0;22757376;0
0.0;22757376;0
0.0;22757376;0
0.0;22757376;0
0.0;22757376;0
0.0;22757376;0
0.0;22757376;0
0.0;22757376;0
0.0;22757376;0
0.0;22757376;0
0.0;22757376;0
0.0;22757376;0
