0.0;10502144;0
0.0;10502144;0
0.0;10502144;0
0.0;10502144;0
0.0;10502144;0
0.0;10502144;0
0.0;10502144;0
0.0;10502144;0
0.0;10502144;0
0.0;10502144;0
0.0;10502144;0
0.0;10502144;0
0.0;10502144;0
0.0;10502144;0
0.0;10502144;0
0.0;10502144;0
0.0;10502144;0
0.0;10502144;0
0.0;10502144;0
0.0;10502144;0
0.0;10502144;0
0.0;10502144;0
0.0;10502144;0
0.0;10502144;0
0.0;10502144;0
0.0;10502144;0
0.0;10502144;0
0.0;10502144;0
0.0;10502144;0
0.0;10502144;0
0.0;10502144;0
0.0;10502144;0
0.0;10502144;0
0.0;10502144;0
0.0;10502144;0
0.0;10502144;0
0.0;10502144;0
57.3;20549632;88
0.0;20516864;26
0.0;20516864;0
0.0;20516864;0
0.0;20516864;0
0.0;20516864;0
0.0;20516864;0
0.0;20516864;0
0.0;20516864;0
0.0;20516864;0
0.0;20516864;0
0.0;20516864;0
0.0;20516864;0
0.0;20516864;0
0.0;20516864;0
0.0;20516864;0
0.0;20516864;0
0.0;20516864;0
0.0;20516864;0
0.0;20516864;0
0.0;20516864;0
0.0;20516864;0
0.0;20516864;0
0.0;20516864;0
0.0;20516864;0
0.0;20516864;0
0.0;20516864;0
0.0;20516864;0
0.0;20516864;0
0.0;20516864;0
0.0;20516864;0
0.0;20516864;0
0.0;20516864;0
0.0;20516864;0
0.0;20516864;0
0.0;20516864;0
0.0;20516864;0
43.0;20885504;0
0.0;20885504;0
0.0;20885504;0
0.0;20885504;0
0.0;20885504;0
0.0;20885504;0
0.0;20885504;0
0.0;20885504;0
0.0;20885504;0
0.0;20885504;0
0.0;20885504;0
0.0;20885504;0
0.0;20885504;0
0.0;20885504;0
0.0;20885504;0
0.0;20885504;0
0.0;20885504;0
0.0;20885504;0
0.0;20885504;0
0.0;20885504;0
0.0;20885504;0
0.0;20885504;0
0.0;20885504;0
0.0;20885504;0
0.0;20885504;0
0.0;20885504;0
0.0;20885504;0
0.0;20885504;0
0.0;20885504;0
0.0;20885504;0
0.0;20885504;0
0.0;20885504;0
0.0;20885504;0
0.0;20885504;0
0.0;20885504;0
0.0;20885504;0
14.2;27836416;0
14.3;21020672;0
0.0;21020672;0
0.0;21020672;0
0.0;21020672;0
0.0;21020672;0
0.0;21020672;0
0.0;21020672;0
0.0;21020672;0
0.0;21020672;0
0.0;21020672;0
0.0;21020672;0
0.0;21020672;0
0.0;21020672;0
0.0;21020672;0
0.0;21020672;0
0.0;21020672;0
0.0;21020672;0
0.0;21020672;0
0.0;21020672;0
0.0;21020672;0
0.0;21020672;0
0.0;21020672;0
0.0;21020672;0
0.0;21020672;0
0.0;21020672;0
0.0;21020672;0
0.0;21020672;0
0.0;21020672;0
0.0;21020672;0
0.0;21020672;0
0.0;21020672;0
0.0;21020672;0
0.0;21020672;0
0.0;21020672;0
0.0;21020672;0
0.0;21020672;0
33.2;21573632;0
0.0;21573632;0
0.0;21573632;0
0.0;21573632;0
0.0;21573632;0
0.0;21573632;0
0.0;21573632;0
0.0;21573632;0
0.0;21573632;0
0.0;21573632;0
0.0;21573632;0
0.0;21573632;0
0.0;21573632;0
0.0;21573632;0
0.0;21573632;0
0.0;21573632;0
0.0;21573632;0
0.0;21573632;0
0.0;21573632;0
0.0;21573632;0
0.0;21573632;0
0.0;21573632;0
0.0;21573632;0
0.0;21573632;0
0.0;21573632;0
0.0;21573632;0
0.0;21573632;0
0.0;21573632;0
0.0;21573632;0
0.0;21573632;0
0.0;21573632;0
0.0;21573632;0
0.0;21573632;0
0.0;21573632;0
0.0;21573632;0
49.9;21889024;0
0.0;21889024;0
0.0;21889024;0
0.0;21889024;0
0.0;21889024;0
0.0;21889024;0
0.0;21889024;0
0.0;21889024;0
0.0;21889024;0
0.0;21889024;0
0.0;21889024;0
0.0;21889024;0
0.0;21889024;0
0.0;21889024;0
0.0;21889024;0
0.0;21889024;0
0.0;21889024;0
0.0;21889024;0
0.0;21889024;0
0.0;21889024;0
0.0;21889024;0
0.0;21889024;0
0.0;21889024;0
0.0;21889024;0
0.0;21889024;0
0.0;21889024;0
0.0;21889024;0
0.0;21889024;0
0.0;21889024;0
0.0;21889024;0
0.0;21889024;0
0.0;21889024;0
0.0;21889024;0
0.0;21889024;0
0.0;21889024;0
16.8;28237824;0
0.0;22167552;0
0.0;22167552;0
0.0;22167552;0
0.0;22167552;0
0.0;22167552;0
0.0;22167552;0
0.0;22167552;0
0.0;22167552;0
0.0;22167552;0
0.0;22167552;0
0.0;22167552;0
0.0;22167552;0
0.0;22167552;0
0.0;22167552;0
0.0;22167552;0
0.0;22167552;0
0.0;22167552;0
0.0;22167552;0
0.0;22167552;0
0.0;22167552;0
0.0;22167552;0
0.0;22167552;0
0.0;22167552;0
0.0;22167552;0
0.0;22167552;0
0.0;22167552;0
0.0;22167552;0
0.0;22167552;0
0.0;22167552;0
0.0;22167552;0
0.0;22167552;0
0.0;22167552;0
0.0;22167552;0
0.0;22167552;0
0.0;22167552;0
49.9;21905408;0
0.0;21905408;0
0.0;21905408;0
0.0;21905408;0
0.0;21905408;0
0.0;21905408;0
0.0;21905408;0
0.0;21843968;0
0.0;21880832;0
0.0;21880832;0
0.0;21880832;0
0.0;21880832;0
0.0;21880832;0
0.0;21880832;0
0.0;21880832;0
0.0;21880832;0
0.0;21880832;0
0.0;21880832;0
0.0;21880832;0
0.0;21880832;0
0.0;21880832;0
0.0;21880832;0
0.0;21880832;0
0.0;21880832;0
0.0;21880832;0
0.0;21880832;0
0.0;21880832;0
0.0;21880832;0
0.0;21880832;0
0.0;21880832;0
0.0;21880832;0
0.0;21880832;0
0.0;21880832;0
0.0;21880832;0
0.0;23572480;0
14.3;22695936;0
0.0;22695936;0
0.0;22695936;0
0.0;22695936;0
0.0;22695936;0
0.0;22695936;0
0.0;22695936;0
0.0;22695936;0
0.0;22695936;0
0.0;22695936;0
0.0;22695936;0
0.0;22695936;0
