0.0;10522624;0
0.0;10522624;0
0.0;10522624;0
0.0;10522624;0
49.9;14671872;0
100.3;14798848;0
156.2;19111936;0
201.6;19169280;0
216.1;23289856;0
172.0;15265792;0
99.7;19386368;0
201.6;19386368;0
213.1;23535616;0
200.7;23535616;0
216.1;31596544;0
199.5;31625216;0
213.1;31752192;0
201.6;31752192;0
133.0;27729920;0
172.0;31645696;0
200.7;31653888;0
199.5;31678464;0
198.9;31690752;0
186.4;27709440;0
216.1;31936512;0
199.5;31936512;0
200.7;31936512;0
198.9;31903744;0
199.5;31817728;0
199.5;31952896;0
200.7;31989760;0
116.4;25145344;0
168.0;24735744;0
199.5;32153600;0
182.8;28233728;0
127.8;32370688;0
157.7;32276480;0
200.0;32415744;0
200.7;32436224;0
182.8;32436224;0
201.6;32399360;0
198.9;32399360;0
186.4;28442624;273
149.6;32608256;4
201.6;32612352;0
199.5;32616448;0
200.7;32616448;0
200.7;32616448;0
199.5;32616448;0
199.5;32669696;0
200.7;32669696;0
100.3;24580096;0
170.5;32694272;0
200.7;32710656;0
199.5;32710656;0
199.5;32727040;0
198.9;32776192;0
200.7;32792576;0
199.5;32792576;0
199.5;32808960;0
50.4;24756224;0
349.1;51511296;0
299.2;91742208;0
299.2;118583296;0
299.2;139792384;0
301.0;159346688;0
298.3;184709120;0
301.0;207224832;0
282.6;230711296;0
199.5;241799168;0
282.6;268115968;0
299.2;292057088;0
301.0;315916288;0
298.3;338800640;0
301.0;361533440;0
299.2;384090112;0
299.2;404598784;0
300.0;400334848;620
149.6;390967296;734
315.8;401481728;634
302.4;401481728;822
199.5;401448960;5
200.7;401448960;0
200.7;401448960;0
198.9;401448960;0
133.0;394661888;0
198.9;401448960;0
200.7;401448960;0
199.5;401448960;0
199.5;401448960;0
218.4;401453056;0
149.6;397430784;0
172.0;401481728;0
199.5;401481728;0
168.0;397455360;0
166.2;401481728;0
199.5;401481728;0
172.0;401481728;0
184.7;401485824;0
172.0;397459456;0
199.5;401481728;0
201.6;401481728;0
182.8;397455360;0
215.0;401477632;0
157.7;393461760;0
198.9;401481728;0
200.7;401481728;0
142.0;395853824;0
200.7;401481728;0
200.7;401481728;0
199.5;401481728;0
201.6;401481728;0
199.5;401481728;0
166.2;401481728;0
198.9;401481728;0
172.0;401477632;0
200.7;401477632;0
166.2;401477632;0
201.6;401477632;0
199.5;401477632;0
249.3;416174080;0
199.5;416174080;0
199.5;416174080;0
200.7;416174080;0
198.9;416174080;0
143.3;402780160;0
315.4;443023360;0
298.3;464134144;0
301.0;483262464;0
299.2;501268480;0
302.4;519856128;0
266.0;538517504;0
299.2;562462720;0
285.6;585089024;0
249.3;609607680;0
299.2;624435200;0
299.2;642867200;0
299.2;661078016;0
302.4;678731776;0
298.3;696283136;0
258.0;712638464;0
258.0;734765056;0
282.6;760512512;0
299.2;778801152;0
299.2;778801152;0
329.7;778846208;0
229.4;538238976;0
170.5;394555392;0
229.4;406118400;0
200.7;406118400;0
199.5;406118400;0
200.7;406118400;0
184.7;402096128;0
168.0;406167552;0
199.5;406167552;0
182.8;406282240;0
201.6;402255872;0
170.5;406417408;0
200.7;406417408;0
184.7;402391040;0
186.4;406466560;0
200.7;406466560;0
184.7;402419712;0
157.7;402423808;0
215.0;406450176;0
199.5;406450176;0
143.3;406454272;0
184.7;406585344;0
200.7;406585344;0
200.7;406585344;0
199.5;406585344;0
172.0;402563072;0
172.0;406614016;0
198.9;406614016;0
200.7;421294080;0
198.9;421294080;0
200.7;421294080;0
114.7;418234368;0
302.4;439189504;0
258.0;466386944;0
269.9;487874560;0
301.0;511623168;0
302.4;531267584;0
299.2;556429312;0
299.2;580763648;0
299.2;603594752;0
332.4;619638784;0
218.4;633942016;0
302.4;657760256;0
299.2;675008512;0
299.2;692051968;0
268.8;714551296;0
299.2;736780288;0
298.3;759439360;0
243.7;775618560;0
241.5;776220672;0
200.7;776220672;0
172.0;579710976;0
149.6;401252352;0
166.2;400195584;0
201.6;406581248;0
199.5;406581248;0
166.2;406634496;0
199.5;406630400;0
149.6;402604032;0
168.0;406646784;0
199.5;406646784;0
199.5;406646784;0
201.6;406646784;0
166.2;402620416;0
216.1;406773760;0
199.5;406773760;0
133.0;400982016;0
200.7;406917120;0
200.7;406917120;0
198.9;406917120;0
200.7;406917120;0
200.7;402952192;0
213.1;407064576;0
200.7;407064576;0
198.9;407064576;0
199.5;407064576;0
201.6;407064576;0
199.5;407064576;0
199.5;407064576;0
84.0;396984320;0
199.5;407171072;0
200.7;407171072;0
149.6;407212032;0
172.0;407261184;0
198.9;407261184;0
186.4;403238912;0
186.4;410202112;0
258.0;442032128;0
301.0;462639104;0
299.2;481861632;0
299.2;500326400;0
235.2;516513792;0
299.2;537542656;0
299.2;557420544;0
301.0;576983040;0
298.3;595005440;0
286.7;615505920;0
201.6;624705536;0
302.4;660357120;0
301.0;684789760;0
298.3;707846144;0
301.0;730750976;0
302.4;753008640;0
299.2;770498560;0
298.3;780058624;0
258.0;776032256;0
299.2;780107776;0
249.3;505794560;0
243.7;404516864;0
186.4;396464128;0
113.6;405938176;0
200.7;405938176;0
184.8;405938176;0
199.5;405938176;0
166.2;401915904;0
182.8;406069248;0
198.9;406069248;0
143.3;402042880;0
215.0;406204416;0
142.0;401104896;0
182.8;402313216;0
134.4;406351872;0
199.5;406351872;0
199.5;406355968;0
199.5;406355968;0
199.5;406360064;0
168.0;402354176;0
166.2;402530304;0
198.9;406663168;0
200.7;406675456;0
200.7;406675456;0
149.6;406720512;0
199.5;406720512;0
199.5;406720512;0
166.2;406769664;0
201.6;406769664;0
143.3;402702336;0
170.5;406806528;0
199.5;406806528;0
201.6;406806528;0
199.5;406806528;0
199.5;406806528;0
199.5;406589440;0
113.6;399441920;0
329.7;436420608;0
302.4;465305600;0
299.2;491274240;0
298.3;516882432;0
301.0;536088576;0
302.4;562720768;0
258.0;606396416;0
298.3;623435776;0
299.2;649138176;0
301.0;674189312;0
