0.0;10506240;0
0.0;10506240;0
0.0;10506240;0
0.0;10506240;0
0.0;10506240;0
0.0;11231232;0
100.3;14663680;0
99.7;16347136;0
200.7;18952192;0
215.0;21688320;0
184.7;20418560;0
215.0;23285760;0
199.5;23171072;0
218.4;31399936;0
198.9;31399936;0
201.6;31547392;0
199.5;31559680;0
200.7;31559680;0
166.2;31612928;0
201.6;31612928;0
182.8;31768576;0
200.7;31768576;0
199.5;31768576;0
199.5;31768576;0
198.9;31842304;0
200.7;31899648;0
216.1;31948800;0
199.5;32018432;0
200.7;32018432;0
184.7;32071680;0
133.0;28049408;0
213.1;32206848;0
200.7;32178176;0
99.7;28160000;0
216.1;32276480;0
201.6;32321536;0
198.9;32374784;0
200.7;32423936;0
133.0;33386496;0
201.6;33386496;0
184.7;29364224;0
157.7;33550336;0
199.5;33554432;0
199.5;29569024;277
156.2;32641024;0
200.7;32653312;0
199.5;32653312;0
199.5;32698368;0
168.0;24666112;0
170.5;33542144;0
200.7;33603584;0
199.5;33603584;0
201.6;33603584;0
199.5;33665024;0
129.0;29638656;0
199.5;33673216;0
133.0;28516352;0
232.7;47366144;0
200.7;47370240;0
182.8;47370240;0
199.5;47398912;0
201.6;47411200;0
184.7;34189312;0
287.5;79642624;0
299.2;99786752;0
266.0;121278464;0
282.6;139014144;0
282.6;155312128;0
302.4;173850624;0
269.9;189255680;0
301.0;211410944;0
272.4;229376000;0
298.3;247296000;0
301.0;261832704;0
284.1;277876736;0
302.4;295550976;0
266.0;312803328;0
282.6;339369984;0
272.4;361398272;0
215.0;377376768;0
266.0;402022400;0
282.6;400855040;327
299.2;400855040;726
286.7;396898304;665
258.0;402165760;648
249.3;402132992;449
201.6;402132992;0
166.2;402137088;0
199.5;402137088;0
198.9;402137088;0
157.7;398114816;0
166.2;402178048;0
149.6;398155776;0
201.6;402219008;0
199.5;402219008;0
200.7;402219008;0
198.9;402219008;0
114.7;393621504;0
229.4;402223104;0
198.9;402223104;0
201.6;402223104;0
199.5;402223104;0
199.5;402223104;0
170.5;397611008;0
200.7;402231296;0
186.4;402231296;0
198.9;402231296;0
201.6;402231296;0
199.5;402231296;0
199.5;402231296;0
199.5;402231296;0
200.7;402259968;0
149.6;398237696;0
182.8;402264064;0
201.6;402264064;0
199.5;402264064;0
186.4;402264064;0
156.2;398245888;0
215.0;402272256;0
200.7;402272256;0
198.9;402272256;0
201.6;402272256;0
199.5;402272256;0
199.5;402272256;0
182.8;402272256;0
166.2;398245888;0
184.8;404660224;0
199.5;416948224;0
199.5;416948224;0
201.6;416948224;0
199.5;412921856;0
301.0;435810304;0
298.3;464711680;0
301.0;491282432;0
258.0;510341120;0
284.1;533000192;0
301.0;558288896;0
301.0;583233536;0
298.3;606375936;0
243.7;618971136;0
282.6;646897664;0
299.2;671154176;0
235.2;695558144;0
299.2;718827520;0
298.3;742375424;0
299.2;761184256;0
302.4;778334208;0
266.0;774311936;0
332.4;778338304;0
232.7;498348032;0
243.7;403333120;0
198.9;403333120;0
200.7;403337216;0
200.7;403345408;0
156.2;399319040;0
186.4;404619264;0
200.7;404619264;0
198.9;404619264;0
200.7;404619264;0
198.9;404619264;0
143.3;400592896;0
215.0;404807680;0
156.2;400826368;0
199.5;404815872;0
201.6;404815872;0
199.5;404815872;0
199.5;404815872;0
149.6;405102592;0
199.5;405102592;0
201.6;405102592;0
199.5;405102592;0
199.5;405102592;0
151.2;401088512;0
182.8;405274624;0
133.0;401248256;0
215.0;405352448;0
198.9;405360640;0
200.7;405360640;0
200.7;405360640;0
198.9;405360640;0
200.7;405360640;0
200.7;405360640;0
198.9;405356544;0
200.7;405356544;0
199.5;405356544;0
151.2;401330176;0
229.4;405450752;0
149.6;397488128;0
200.7;405590016;0
200.7;405590016;0
199.5;405590016;0
186.4;401563648;0
156.2;405618688;0
200.7;405618688;0
186.4;420298752;0
198.9;420298752;0
200.7;420298752;0
315.4;435191808;0
298.3;463683584;0
301.0;488693760;0
298.3;512495616;0
243.7;530587648;0
301.0;556113920;0
258.0;574480384;0
298.3;594190336;0
282.6;614588416;0
285.6;628391936;0
301.0;647471104;0
284.1;660836352;0
286.7;688017408;0
284.1;711434240;0
299.2;727302144;0
302.4;750395392;0
299.2;772026368;0
299.2;778678272;0
302.4;778678272;0
301.0;778678272;0
184.7;451072000;0
172.0;407199744;0
166.2;403173376;0
166.2;403238912;0
201.6;407265280;0
199.5;407265280;0
199.5;407265280;0
201.6;407265280;0
182.8;399278080;0
116.4;402219008;0
200.7;407322624;0
198.9;407322624;0
200.7;407322624;0
200.7;407322624;0
198.9;407322624;0
129.0;403439616;0
186.4;407511040;0
198.9;407511040;0
200.7;407515136;0
198.9;407515136;0
199.5;407515136;0
151.2;399667200;0
166.2;407564288;0
199.5;407564288;0
201.6;407564288;0
199.5;407564288;0
199.5;407564288;0
199.5;403537920;0
142.0;403546112;0
215.0;407711744;0
200.7;407711744;0
198.9;407711744;0
200.7;407711744;0
218.4;407748608;0
182.8;407785472;0
199.5;407785472;0
199.5;407785472;0
200.7;407785472;0
200.7;407830528;0
241.5;415240192;0
186.4;422514688;0
199.5;422514688;0
199.5;422514688;0
201.6;422514688;0
166.2;418488320;0
266.0;439697408;0
315.8;469692416;0
302.4;495087616;0
299.2;520286208;0
298.3;539279360;0
301.0;564981760;0
299.2;589975552;0
299.2;613011456;0
285.6;631140352;0
315.8;651849728;0
298.3;668987392;0
299.2;686563328;0
352.8;704991232;0
301.0;723034112;0
312.5;737898496;0
299.2;764174336;0
249.3;776646656;0
298.3;780701696;0
301.0;780701696;0
218.4;506437632;0
133.0;400953344;0
198.9;401330176;0
182.8;406835200;0
201.6;406835200;0
199.5;406835200;0
199.5;406835200;0
172.0;402821120;0
184.7;406884352;0
172.0;402862080;0
218.4;407015424;0
199.5;407015424;0
199.5;407015424;0
201.6;407150592;0
215.0;407224320;0
198.9;407224320;0
199.5;407224320;0
199.5;407224320;0
199.5;407224320;0
