51.4;90.9;41.0;0.0
44.5;116.0;136.8;0.0
70.9;150.9;85.2;0.0
9.9;156.5;12.2;0.0
5.0;156.8;17.6;0.0
39.6;161.5;7.5;0.0
50.0;162.8;0.0;0.0
50.2;163.7;0.3;0.0
0.0;163.7;4.2;0.0
24.9;163.9;13.3;0.0
51.0;164.3;0.0;0.0
39.9;164.3;3.2;0.0
10.0;164.8;32.4;0.0
49.9;170.1;8.5;0.0
99.1;171.1;0.1;0.0
49.9;172.1;0.0;0.0
50.0;172.1;0.0;0.0
50.0;171.6;7.8;4.0
45.0;187.2;45.3;0.0
52.4;250.2;624.7;0.0
46.8;250.2;349.8;0.0
49.9;250.5;281.0;0.0
54.6;250.5;343.0;0.0
48.4;281.5;130.5;68.0
48.5;281.5;0.4;128.0
49.9;281.5;0.4;128.0
50.0;189.4;0.5;72.0
