37.1;101.4;72.6;0.0
59.7;118.0;89.3;0.0
76.2;140.9;53.4;0.0
24.7;156.2;38.9;0.0
4.9;156.2;16.0;0.0
24.9;161.8;10.6;0.0
51.8;163.1;0.0;0.0
50.0;163.1;0.0;0.0
49.6;163.1;0.0;0.0
50.0;163.1;0.0;0.0
49.9;163.1;0.0;0.0
50.0;163.1;0.0;0.0
50.0;163.1;0.0;0.0
49.6;163.1;0.0;0.0
49.2;163.1;0.0;0.0
49.5;164.2;0.0;0.0
4.8;164.2;2.2;0.0
0.0;164.2;0.0;0.0
0.0;164.2;5.8;0.0
41.6;164.3;8.1;0.0
40.7;164.3;0.0;0.0
54.0;164.3;0.0;0.0
45.0;164.8;5.0;0.0
29.9;168.4;34.6;0.0
96.7;171.6;5.0;0.0
59.1;172.6;0.0;0.0
48.2;172.6;0.0;0.0
52.4;172.6;0.0;0.0
50.8;187.8;53.0;4.0
47.5;250.7;622.5;0.0
50.1;282.2;1099.7;0.0
49.1;282.2;0.6;196.0
49.1;282.2;0.6;192.0
52.9;187.3;0.3;4.0
