42.9;101.1;73.1;0.0
49.9;114.1;85.8;0.0
89.9;138.6;55.2;0.0
39.6;156.1;40.1;0.0
0.0;156.1;2.2;0.0
5.0;156.4;18.6;0.0
40.0;160.7;6.0;0.0
50.0;162.5;0.0;0.0
50.0;162.7;0.0;0.0
50.0;162.7;0.0;0.0
50.0;162.7;0.0;0.0
50.0;162.7;0.0;0.0
52.0;162.7;0.0;0.0
50.0;162.7;0.0;0.0
49.5;162.7;0.0;0.0
50.0;162.7;0.0;0.0
44.7;163.7;0.3;0.0
0.0;163.7;8.6;0.0
29.3;163.8;8.1;0.0
48.8;163.8;0.0;0.0
50.2;164.2;0.0;0.0
45.0;164.2;3.9;0.0
4.9;166.0;33.1;0.0
101.0;170.5;6.5;0.0
69.8;172.0;0.0;0.0
49.6;172.0;0.0;0.0
50.0;172.0;0.0;0.0
48.4;185.5;16.5;4.0
50.0;282.1;1765.5;68.0
44.1;282.1;0.8;256.0
54.2;187.0;0.5;68.0
