44.9;100.2;65.4;0.0
49.6;114.8;93.2;0.0
84.8;138.9;55.2;0.0
45.0;156.6;40.1;0.0
0.0;156.6;9.1;0.0
5.0;157.3;16.0;0.0
48.9;161.9;0.1;0.0
50.0;163.2;0.0;0.0
51.0;163.2;0.0;0.0
49.7;163.2;0.0;0.0
49.2;163.2;0.0;0.0
47.7;163.2;0.0;0.0
52.1;163.2;0.0;0.0
49.9;163.2;0.0;0.0
48.1;163.2;0.0;0.0
50.0;164.8;0.0;0.0
10.0;164.8;0.4;0.0
5.0;164.8;17.1;0.0
29.4;164.8;0.1;0.0
50.0;164.8;0.0;0.0
49.4;164.8;0.0;0.0
50.0;164.8;0.0;0.0
49.6;164.8;0.0;0.0
43.4;165.4;1.1;0.0
0.0;165.4;0.0;0.0
0.0;165.4;0.0;0.0
0.0;165.4;0.0;0.0
0.0;165.4;0.0;0.0
0.0;165.4;0.0;0.0
0.0;165.4;0.0;0.0
0.0;165.4;0.0;0.0
0.0;165.4;0.0;0.0
0.0;165.4;0.0;0.0
0.0;165.4;0.0;0.0
0.0;165.4;0.0;0.0
0.0;165.4;0.0;0.0
0.0;165.4;0.0;0.0
0.0;165.4;0.0;0.0
0.0;165.4;0.0;0.0
0.0;165.4;0.0;0.0
0.0;165.4;0.0;0.0
0.0;165.4;0.0;0.0
0.0;165.4;0.0;0.0
0.0;165.4;0.0;0.0
0.0;165.4;0.0;0.0
0.0;165.4;0.0;0.0
0.0;165.4;0.0;0.0
0.0;165.4;0.0;0.0
0.0;165.4;0.0;0.0
0.0;165.4;0.0;0.0
0.0;165.4;0.0;0.0
0.0;165.4;0.0;0.0
0.0;165.4;0.0;0.0
0.0;165.4;0.0;0.0
0.0;165.4;0.0;0.0
0.0;165.4;0.0;0.0
0.0;165.4;0.0;0.0
0.0;165.4;0.0;0.0
0.0;165.4;0.0;0.0
0.0;165.4;0.0;0.0
0.0;165.4;0.0;0.0
0.0;165.4;0.0;0.0
0.0;165.4;0.0;0.0
0.0;165.4;0.0;0.0
0.0;165.4;0.0;0.0
0.0;165.4;0.0;0.0
0.0;165.4;0.0;0.0
0.0;165.4;0.0;0.0
0.0;165.4;0.0;0.0
0.0;165.4;0.0;0.0
0.0;165.4;0.0;0.0
0.0;165.4;0.0;0.0
0.0;165.4;0.0;0.0
5.0;165.4;7.8;0.0
0.0;165.9;20.4;0.0
0.0;165.9;1.8;0.0
46.2;168.8;13.3;0.0
58.5;173.2;7.9;0.0
44.9;187.8;50.7;4.0
48.5;250.6;609.9;0.0
50.0;250.6;313.7;0.0
49.0;250.9;312.7;0.0
50.8;250.9;360.9;0.0
52.2;281.9;126.4;68.0
45.0;282.1;0.4;128.0
50.0;282.1;0.6;192.0
54.5;189.8;0.3;4.0
