44.8;85.6;42.0;0.0
49.9;106.4;74.2;0.0
59.9;124.8;81.6;0.0
75.0;139.8;38.8;0.0
45.0;158.2;39.0;0.0
9.7;159.6;2.0;0.0
0.0;159.6;0.0;0.0
0.0;159.6;0.1;0.0
0.0;159.6;0.0;0.0
0.0;159.6;1.3;0.0
0.0;159.6;0.0;0.0
0.0;159.6;0.7;0.0
0.0;159.6;0.0;0.0
45.0;160.3;0.4;0.0
50.0;160.3;0.0;0.0
50.6;160.3;0.0;0.0
52.1;160.3;0.0;0.0
52.2;160.3;1.3;0.0
19.9;160.8;0.0;0.0
0.0;160.8;0.0;0.0
0.0;160.8;0.1;0.0
0.0;160.8;0.0;0.0
0.0;160.8;1.1;0.0
0.0;160.8;0.0;0.0
0.0;160.8;0.7;0.0
0.0;160.8;0.0;0.0
39.9;161.0;0.5;0.0
43.8;182.7;53.7;4.0
51.4;245.2;1845.3;0.0
50.0;276.9;3073.7;0.0
42.8;277.2;0.4;132.0
48.6;277.2;0.8;256.0
