50.0;86.8;41.8;0.0
52.9;106.5;72.2;0.0
59.3;125.8;87.0;0.0
73.3;140.0;33.5;0.0
44.2;159.3;40.7;0.0
0.0;159.3;0.0;0.0
0.0;159.3;0.0;0.0
0.0;159.3;0.1;0.0
0.0;159.3;0.0;0.0
0.0;159.3;1.2;0.0
0.0;159.3;0.0;0.0
0.0;159.3;0.7;0.0
0.0;159.3;0.0;0.0
19.9;160.0;0.5;0.0
52.2;160.0;0.0;0.0
50.0;160.0;0.0;0.0
48.7;160.0;0.0;0.0
49.9;160.0;1.1;0.0
24.9;160.4;0.2;0.0
0.0;160.4;0.0;0.0
0.0;160.4;0.1;0.0
0.0;160.4;0.0;0.0
0.0;160.4;1.3;0.0
0.0;160.4;0.0;0.0
0.0;160.4;0.7;0.0
0.0;160.4;0.0;0.0
14.9;160.4;0.5;0.0
45.0;179.4;51.7;4.0
55.0;214.2;57.1;0.0
49.9;214.4;1355.0;0.0
50.0;245.1;386.2;0.0
48.0;245.6;313.3;0.0
50.0;245.6;301.3;0.0
50.0;245.6;312.2;0.0
50.0;245.6;322.0;0.0
49.9;245.6;332.6;0.0
50.0;245.6;322.8;0.0
49.3;245.6;343.1;0.0
50.0;245.6;349.7;0.0
49.9;245.6;331.2;0.0
48.9;277.1;147.1;0.0
49.9;277.1;0.6;196.0
50.0;277.1;0.6;192.0
50.0;246.9;0.5;80.0
