49.9;86.3;40.7;0.0
49.9;105.1;69.3;0.0
54.0;123.3;80.7;0.0
75.0;139.9;43.2;0.0
50.0;159.0;40.7;0.0
0.0;159.0;0.0;0.0
0.0;159.0;0.0;0.0
0.0;159.0;0.1;0.0
0.0;159.0;0.0;0.0
0.0;159.0;0.0;0.0
0.0;159.0;1.2;0.0
0.0;159.0;0.0;0.0
0.0;159.0;0.7;0.0
0.0;159.0;0.0;0.0
19.4;159.7;0.5;0.0
53.2;159.7;0.0;0.0
49.8;159.7;0.0;0.0
49.8;159.7;0.0;0.0
50.0;159.7;1.1;0.0
24.9;160.1;0.2;0.0
0.0;160.1;0.0;0.0
0.0;160.1;0.1;0.0
0.0;160.1;0.0;0.0
0.0;160.1;1.2;0.0
0.0;160.1;0.0;0.0
0.0;160.1;0.7;0.0
0.0;160.1;0.0;0.0
24.9;161.1;5.8;4.0
45.0;182.3;47.8;0.0
53.6;214.2;525.1;0.0
45.7;244.9;1168.8;0.0
57.2;244.9;320.7;0.0
47.3;244.9;339.2;0.0
48.8;245.4;334.3;0.0
50.0;245.4;332.9;0.0
53.2;245.4;342.5;0.0
48.2;245.4;345.0;0.0
49.4;245.4;348.8;0.0
51.4;245.4;384.6;0.0
50.1;245.4;375.8;0.0
50.0;276.9;102.7;68.0
47.6;276.9;0.8;256.0
52.4;276.9;0.4;128.0
47.6;184.7;0.3;28.0
