8.4;4.4;0.4;0.0;626.0


8.3;129.0;7.6;0.0;626.0


8.4;95.4;7.8;0.0;626.0


0.0;81.4;7.9;0.0;626.0


0.0;0.3;0.0;0.0;626.0


8.4;28.6;1.1;0.0;626.0


8.3;0.3;0.0;7.0;806.0


8.4;0.0;0.0;5.0;946.0


8.3;0.0;0.0;5.0;1080.0


8.4;0.2;0.0;4.0;1202.0


8.3;0.0;0.0;4.0;1376.0


8.4;70.2;67.7;2.0;1628.0


7.3;84.8;353.6;19.0;2026.0


13.0;0.1;0.0;50.0;2026.0


0.0;0.3;0.0;0.0;2026.0


4.7;223.5;9.6;0.0;2026.0


8.3;1268.0;55.7;0.0;2026.0


8.4;1.0;0.3;0.0;2026.0


8.3;0.0;0.0;0.0;2026.0


8.4;0.0;0.0;0.0;2026.0


8.4;0.0;0.0;0.0;2026.0


8.4;0.0;0.0;0.0;2026.0


8.4;0.0;0.0;0.0;2026.0


8.4;0.0;0.0;0.0;2026.0


8.4;0.0;0.0;0.0;2026.0


8.3;0.0;0.0;0.0;2026.0


8.4;0.0;0.0;0.0;2026.0


8.3;0.0;0.0;0.0;2026.0


8.3;0.0;0.0;0.0;2026.0


8.4;0.0;0.0;0.0;2026.0


8.3;0.0;0.0;0.0;2026.0


8.3;0.0;0.0;0.0;2026.0


8.3;0.0;0.0;0.0;2026.0


8.3;0.0;0.0;0.0;2026.0


8.4;0.0;0.0;0.0;2026.0


8.3;0.0;0.0;0.0;2026.0


8.4;0.0;0.0;0.0;2026.0


0.0;0.1;0.0;0.0;2026.0


0.0;0.3;0.0;0.0;2026.0


11.5;577.3;25.1;0.0;2026.0


8.4;914.1;40.1;0.0;2026.0


8.4;1.0;0.3;0.0;2026.0


8.3;0.0;0.0;0.0;2026.0


8.3;0.0;0.0;0.0;2026.0


8.3;0.0;0.0;0.0;2026.0


8.3;0.0;0.0;0.0;2026.0


8.3;0.0;0.0;0.0;2026.0


8.4;0.0;0.0;0.0;2026.0


8.4;0.0;0.0;0.0;2026.0


8.3;0.0;0.0;0.0;2026.0


8.3;0.0;0.0;0.0;2026.0


8.3;0.0;0.0;0.0;2026.0


8.3;0.0;0.0;0.0;2026.0


8.4;0.0;0.0;0.0;2026.0


8.3;0.0;0.0;0.0;2026.0


8.4;0.0;0.0;0.0;2026.0


8.4;0.0;0.0;0.0;2026.0


8.4;0.0;0.0;0.0;2026.0


8.4;0.0;0.0;0.0;2026.0


8.4;0.0;0.0;0.0;2026.0


8.4;0.0;0.0;0.0;2026.0


8.3;1.0;0.3;0.0;2026.0


8.4;0.0;0.0;0.0;2026.0


8.3;0.0;0.0;0.0;2026.0


8.3;0.0;0.0;0.0;2026.0


8.4;0.0;0.0;0.0;2026.0


8.3;0.0;0.0;0.0;2026.0


8.4;0.0;0.0;0.0;2026.0


8.3;0.0;0.0;0.0;2026.0


8.4;0.0;0.0;0.0;2026.0


8.4;0.0;0.0;0.0;2026.0


8.3;0.0;0.0;17.0;2026.0


8.4;0.2;0.0;41.0;2112.0


8.3;0.0;0.0;31.0;2216.0


8.4;0.0;0.0;33.0;2314.0


8.3;0.0;0.0;39.0;2414.0


8.3;0.0;0.0;37.0;4860.0


50.2;0.0;0.0;48.0;4860.0


8.3;0.0;0.0;55.0;4860.0


8.3;0.0;0.0;54.0;4860.0


8.3;0.0;0.0;55.0;4860.0


8.4;0.0;0.0;54.0;4860.0


8.3;0.0;0.0;55.0;4860.0


8.4;0.0;0.0;54.0;4860.0


8.4;0.0;0.0;54.0;4860.0


8.3;0.0;0.0;55.0;4860.0


8.3;0.0;0.0;54.0;4860.0


8.3;0.0;0.0;55.0;4860.0


8.3;0.0;0.0;53.0;4860.0


8.3;0.0;0.0;54.0;4860.0


0.0;10.6;0.8;0.0;4860.0


0.0;0.3;0.0;0.0;4860.0


8.4;1161.9;50.8;0.0;4860.0


8.4;330.8;14.7;0.0;4860.0


8.4;0.0;0.0;0.0;4860.0


8.4;0.0;0.0;0.0;4860.0


8.4;0.0;0.0;0.0;4860.0


8.3;0.0;0.0;0.0;4860.0


8.3;0.0;0.0;0.0;4860.0


8.3;0.0;0.0;0.0;4860.0


8.3;0.0;0.0;0.0;4860.0


8.4;0.0;0.0;0.0;4860.0


8.3;0.0;0.0;0.0;4860.0


8.4;0.0;0.0;0.0;4860.0


8.3;0.0;0.0;0.0;4860.0


8.3;0.0;0.0;0.0;4860.0


8.4;0.0;0.0;0.0;4860.0


8.3;0.0;0.0;0.0;4860.0


8.4;0.0;0.0;0.0;4860.0


8.4;0.0;0.0;0.0;4860.0


8.4;0.0;0.0;0.0;4860.0


8.3;0.0;0.0;0.0;4860.0


8.3;0.0;0.0;0.0;4860.0


8.4;0.0;0.0;0.0;4860.0


0.0;0.1;0.0;0.0;4860.0


0.0;0.3;0.0;0.0;4860.0


11.1;1187.4;52.0;0.0;4860.0


8.3;304.3;13.6;0.0;4860.0


8.3;0.0;0.0;0.0;4860.0


8.3;0.0;0.0;0.0;4860.0


8.4;0.0;0.0;0.0;4860.0


8.3;0.0;0.0;0.0;4860.0


8.3;0.0;0.0;0.0;4860.0


8.3;0.0;0.0;0.0;4860.0


8.3;0.0;0.0;0.0;4860.0


8.4;0.0;0.0;0.0;4860.0


8.3;0.0;0.0;0.0;4860.0


8.4;0.0;0.0;0.0;4860.0


8.4;0.0;0.0;0.0;4860.0


8.4;0.0;0.0;0.0;4860.0


8.4;0.0;0.0;0.0;4860.0


8.4;0.0;0.0;0.0;4860.0


8.4;0.0;0.0;0.0;4860.0


8.3;0.0;0.0;0.0;4860.0


8.3;0.0;0.0;0.0;4860.0


8.3;0.0;0.0;0.0;4860.0


8.3;0.0;0.0;0.0;4860.0


8.4;1.0;0.3;0.0;4860.0


8.3;0.0;0.0;0.0;4860.0


8.4;0.0;0.0;0.0;4860.0


8.3;0.0;0.0;0.0;4860.0


8.3;0.0;0.0;0.0;4860.0


8.4;0.0;0.0;0.0;4860.0


8.3;0.0;0.0;0.0;4860.0


8.4;0.0;0.0;0.0;4860.0


8.4;0.0;0.0;0.0;4860.0


8.4;0.0;0.0;0.0;4860.0


8.4;0.0;0.0;0.0;4874.0


8.3;0.0;0.0;44.0;4882.0


8.4;0.0;0.0;43.0;4882.0


8.3;0.0;0.0;43.0;4882.0


39.6;0.0;0.0;46.0;4882.0


8.3;0.0;0.0;52.0;4882.0


8.3;0.0;0.0;55.0;4882.0


8.4;0.0;0.0;54.0;4882.0


8.3;0.0;0.0;54.0;4882.0


8.3;0.0;0.0;54.0;4882.0


8.3;0.0;0.0;54.0;4882.0


8.3;0.0;0.0;55.0;4882.0


8.3;0.0;0.0;54.0;4882.0


8.3;0.0;0.0;54.0;4882.0


8.4;0.0;0.0;54.0;4882.0


8.3;0.0;0.0;53.0;4882.0


8.4;0.0;0.0;55.0;4882.0


4.8;10.6;0.8;34.0;4882.0


0.0;0.3;0.0;0.0;4882.0


2.8;172.9;7.3;0.0;4882.0


10.8;1318.8;57.9;0.0;4882.0


8.4;1.0;0.3;0.0;4882.0


8.3;0.0;0.0;0.0;4882.0


8.3;0.0;0.0;0.0;4882.0


8.3;0.0;0.0;0.0;4882.0


8.3;0.0;0.0;0.0;4882.0


8.4;0.0;0.0;0.0;4882.0


8.3;0.0;0.0;0.0;4882.0


8.4;0.0;0.0;0.0;4882.0


8.4;0.0;0.0;0.0;4882.0


8.3;0.0;0.0;0.0;4882.0


8.4;0.0;0.0;0.0;4882.0


8.3;0.0;0.0;0.0;4882.0


8.4;0.0;0.0;0.0;4882.0


8.4;0.0;0.0;0.0;4882.0


8.4;0.0;0.0;0.0;4882.0


8.4;0.0;0.0;0.0;4882.0


8.3;0.0;0.0;0.0;4882.0


8.4;0.0;0.0;0.0;4882.0


8.3;0.0;0.0;0.0;4882.0


8.4;0.0;0.0;0.0;4882.0


0.0;0.1;0.0;1.0;4882.0


0.0;0.3;0.0;0.0;4882.0


9.6;518.5;22.6;0.0;4882.0


8.3;971.9;42.7;0.0;4882.0


8.3;1.0;0.3;0.0;4882.0


8.3;0.0;0.0;0.0;4882.0


8.3;0.0;0.0;0.0;4882.0


8.3;0.0;0.0;0.0;4882.0


8.3;0.0;0.0;0.0;4882.0


8.4;0.0;0.0;0.0;4882.0


8.4;0.0;0.0;0.0;4882.0


8.3;0.0;0.0;0.0;4882.0


8.4;0.0;0.0;0.0;4882.0


8.3;0.0;0.0;0.0;4882.0


8.4;0.0;0.0;0.0;4882.0


8.4;0.0;0.0;0.0;4882.0


8.4;0.0;0.0;0.0;4882.0


8.3;0.0;0.0;0.0;4882.0


8.3;0.0;0.0;0.0;4882.0


8.3;0.0;0.0;0.0;4882.0


8.3;0.0;0.0;0.0;4882.0


8.4;0.0;0.0;0.0;4882.0


8.3;0.0;0.0;0.0;4882.0


8.4;0.0;0.0;0.0;4882.0


8.4;1.0;0.3;0.0;4882.0


8.3;0.0;0.0;0.0;4882.0


8.4;0.0;0.0;0.0;4882.0


8.3;0.0;0.0;0.0;4882.0


8.4;0.0;0.0;0.0;4882.0


8.4;0.0;0.0;0.0;4882.0


8.4;0.0;0.0;0.0;4882.0


8.4;0.0;0.0;0.0;4882.0


8.4;0.0;0.0;0.0;4882.0


8.4;0.0;0.0;0.0;4882.0


8.3;0.0;0.0;70.0;4882.0


8.4;0.0;0.0;42.0;4882.0


8.3;0.0;0.0;43.0;4882.0


8.3;0.0;0.0;43.0;4882.0


44.2;0.0;0.0;47.0;4882.0


8.3;0.0;0.0;52.0;4882.0


8.3;0.0;0.0;54.0;4882.0


8.3;0.0;0.0;54.0;4882.0


8.3;0.0;0.0;54.0;4882.0


8.3;0.0;0.0;53.0;4882.0


8.3;0.0;0.0;54.0;4882.0


8.4;0.0;0.0;54.0;4882.0


8.4;0.0;0.0;54.0;4882.0


8.3;0.0;0.0;54.0;4882.0


8.4;0.0;0.0;54.0;4882.0


8.3;0.0;0.0;54.0;4882.0


8.4;0.0;0.0;55.0;4882.0


2.1;10.6;0.8;0.0;4882.0


0.0;0.3;0.0;0.0;4882.0


4.2;180.3;7.6;0.0;4882.0


8.3;1311.6;57.6;0.0;4882.0


8.3;1.0;0.3;0.0;4882.0


8.3;0.0;0.0;0.0;4882.0


8.3;0.0;0.0;0.0;4882.0


8.3;0.0;0.0;0.0;4882.0


8.4;0.0;0.0;0.0;4882.0


8.4;0.0;0.0;0.0;4882.0


8.3;0.0;0.0;0.0;4882.0


8.4;0.0;0.0;0.0;4882.0


8.3;0.0;0.0;0.0;4882.0


8.4;0.0;0.0;0.0;4882.0


8.4;0.0;0.0;0.0;4882.0


8.3;0.0;0.0;0.0;4882.0


8.4;0.0;0.0;0.0;4882.0


8.3;0.0;0.0;0.0;4882.0


8.4;0.0;0.0;0.0;4882.0


8.3;0.0;0.0;0.0;4882.0


8.4;0.0;0.0;0.0;4882.0


8.3;0.0;0.0;0.0;4882.0


8.3;0.0;0.0;0.0;4882.0


8.4;0.0;0.0;0.0;4882.0


0.0;0.1;0.0;0.0;4882.0


0.0;0.3;0.0;0.0;4882.0


7.2;518.6;22.5;0.0;4882.0


8.3;972.7;42.7;0.0;4882.0


8.4;1.0;0.3;0.0;4882.0


8.3;0.0;0.0;0.0;4882.0


8.4;0.0;0.0;0.0;4882.0


8.4;0.0;0.0;0.0;4882.0


8.3;0.0;0.0;0.0;4882.0


8.4;0.0;0.0;0.0;4882.0


8.3;0.0;0.0;0.0;4882.0


8.4;0.0;0.0;0.0;4882.0


8.3;0.0;0.0;0.0;4882.0


8.3;0.0;0.0;0.0;4882.0


8.3;0.0;0.0;0.0;4882.0


8.3;0.0;0.0;0.0;4882.0


8.3;0.0;0.0;0.0;4882.0


8.3;0.0;0.0;0.0;4882.0


8.3;0.0;0.0;0.0;4882.0


8.3;0.0;0.0;0.0;4882.0


8.4;0.0;0.0;0.0;4882.0


8.4;0.0;0.0;0.0;4882.0


8.3;0.0;0.0;0.0;4882.0


8.4;0.0;0.0;0.0;4882.0


8.3;1.0;0.3;0.0;4882.0


8.4;0.0;0.0;0.0;4882.0


8.4;0.0;0.0;0.0;4882.0


8.3;0.0;0.0;0.0;4882.0


8.4;0.0;0.0;0.0;4882.0


8.3;0.0;0.0;0.0;4882.0


8.4;0.0;0.0;0.0;4882.0


8.3;0.0;0.0;0.0;4882.0


8.4;0.0;0.0;0.0;4882.0


8.4;0.0;0.0;0.0;4882.0


8.3;0.0;0.0;49.0;4882.0


8.4;0.0;0.0;52.0;4882.0


8.3;0.0;0.0;44.0;4882.0


