8.3;3.0;0.3;0.0;626.0


8.3;126.0;7.3;0.0;626.0


8.3;95.0;7.7;0.0;626.0


1.0;81.8;8.0;0.0;626.0


0.0;0.3;0.0;0.0;626.0


8.4;28.3;1.1;0.0;626.0


6.9;0.3;0.0;7.0;808.0


8.4;0.0;0.0;5.0;952.0


8.4;0.0;0.0;6.0;1082.0


8.3;0.2;0.0;6.0;1210.0


8.4;0.0;0.0;4.0;1378.0


8.4;70.2;67.7;1.0;1836.0


8.4;84.8;353.6;32.0;2024.0


0.0;0.1;0.0;3.0;2024.0


0.0;0.3;0.0;0.0;2024.0


9.5;569.5;24.8;0.0;2024.0


8.4;921.6;40.5;0.0;2024.0


8.4;1.0;0.3;0.0;2024.0


8.3;0.0;0.0;0.0;2024.0


8.4;0.0;0.0;0.0;2024.0


8.4;0.0;0.0;0.0;2024.0


8.3;0.0;0.0;0.0;2024.0


8.4;0.0;0.0;0.0;2024.0


8.3;0.0;0.0;0.0;2024.0


8.4;0.0;0.0;0.0;2024.0


8.4;0.0;0.0;0.0;2024.0


8.4;0.0;0.0;0.0;2024.0


8.4;0.0;0.0;0.0;2024.0


8.3;0.0;0.0;0.0;2024.0


8.4;0.0;0.0;0.0;2024.0


8.3;0.0;0.0;0.0;2024.0


8.3;0.0;0.0;0.0;2024.0


8.3;0.0;0.0;0.0;2024.0


8.3;0.0;0.0;0.0;2024.0


8.4;0.0;0.0;0.0;2024.0


8.3;0.0;0.0;0.0;2024.0


8.3;0.0;0.0;0.0;2024.0


0.0;0.1;0.0;0.0;2024.0


0.0;0.3;0.0;0.0;2024.0


9.4;912.8;39.9;0.0;2024.0


8.3;577.4;25.6;0.0;2024.0


8.4;0.0;0.0;0.0;2024.0


8.3;0.0;0.0;0.0;2024.0


8.3;0.0;0.0;0.0;2024.0


8.4;0.0;0.0;0.0;2024.0


8.3;0.0;0.0;0.0;2024.0


8.4;0.0;0.0;0.0;2024.0


8.4;0.0;0.0;0.0;2024.0


8.4;0.0;0.0;0.0;2024.0


8.3;0.0;0.0;0.0;2024.0


8.3;0.0;0.0;0.0;2024.0


8.3;0.0;0.0;0.0;2024.0


8.3;0.0;0.0;0.0;2024.0


8.4;0.0;0.0;0.0;2024.0


8.3;0.0;0.0;0.0;2024.0


8.3;0.0;0.0;0.0;2024.0


8.4;0.0;0.0;0.0;2024.0


8.3;0.0;0.0;0.0;2024.0


8.4;0.0;0.0;0.0;2024.0


8.3;0.0;0.0;0.0;2024.0


8.4;1.0;0.3;0.0;2024.0


8.4;0.0;0.0;0.0;2024.0


8.4;0.0;0.0;0.0;2024.0


8.4;0.0;0.0;0.0;2024.0


8.3;0.0;0.0;0.0;2024.0


8.4;0.0;0.0;0.0;2024.0


8.3;0.0;0.0;0.0;2024.0


8.4;0.0;0.0;0.0;2024.0


8.3;0.0;0.0;0.0;2024.0


8.3;0.0;0.0;0.0;2024.0


8.4;0.0;0.0;0.0;2024.0


8.3;0.2;0.0;48.0;2062.0


8.3;0.0;0.0;30.0;2162.0


8.4;0.0;0.0;34.0;2264.0


8.4;0.0;0.0;36.0;2364.0


8.4;0.0;0.0;32.0;2458.0


50.2;0.0;0.0;35.0;4858.0


8.3;0.0;0.0;54.0;4858.0


8.4;0.0;0.0;54.0;4858.0


8.3;0.0;0.0;54.0;4858.0


8.4;0.0;0.0;55.0;4858.0


8.3;0.0;0.0;54.0;4858.0


8.3;0.0;0.0;54.0;4858.0


8.4;0.0;0.0;55.0;4858.0


8.3;0.0;0.0;54.0;4858.0


8.3;0.0;0.0;54.0;4858.0


8.3;0.0;0.0;54.0;4858.0


8.3;0.0;0.0;54.0;4858.0


8.3;0.0;0.0;55.0;4858.0


5.5;10.6;0.8;46.0;4858.0


0.0;0.3;0.0;0.0;4858.0


3.6;179.4;7.6;0.0;4858.0


9.4;1311.9;57.6;0.0;4858.0


8.4;1.0;0.3;0.0;4858.0


8.3;0.0;0.0;0.0;4858.0


8.4;0.0;0.0;0.0;4858.0


8.3;0.0;0.0;0.0;4858.0


8.4;0.0;0.0;0.0;4858.0


8.3;0.0;0.0;0.0;4858.0


8.3;0.0;0.0;0.0;4858.0


8.3;0.0;0.0;0.0;4858.0


8.3;0.0;0.0;0.0;4858.0


8.3;0.0;0.0;0.0;4858.0


8.3;0.0;0.0;0.0;4858.0


8.4;0.0;0.0;0.0;4858.0


8.4;0.0;0.0;0.0;4858.0


8.3;0.0;0.0;0.0;4858.0


8.4;0.0;0.0;0.0;4858.0


8.3;0.0;0.0;0.0;4858.0


8.4;0.0;0.0;0.0;4858.0


8.4;0.0;0.0;0.0;4858.0


8.3;0.0;0.0;0.0;4858.0


8.4;0.0;0.0;0.0;4858.0


1.4;0.1;0.0;0.0;4858.0


0.0;0.3;0.0;0.0;4858.0


7.1;522.2;22.7;0.0;4858.0


8.4;969.3;42.6;0.0;4858.0


8.3;1.0;0.3;0.0;4858.0


8.3;0.0;0.0;0.0;4858.0


8.4;0.0;0.0;0.0;4858.0


8.3;0.0;0.0;0.0;4858.0


8.3;0.0;0.0;0.0;4858.0


8.4;0.0;0.0;0.0;4858.0


8.3;0.0;0.0;0.0;4858.0


8.3;0.0;0.0;0.0;4858.0


8.3;0.0;0.0;0.0;4858.0


8.4;0.0;0.0;0.0;4858.0


8.4;0.0;0.0;0.0;4858.0


8.3;0.0;0.0;0.0;4858.0


8.4;0.0;0.0;0.0;4858.0


8.3;0.0;0.0;0.0;4858.0


8.4;0.0;0.0;0.0;4858.0


8.3;0.0;0.0;0.0;4858.0


8.4;0.0;0.0;0.0;4858.0


8.3;0.0;0.0;0.0;4858.0


8.3;0.0;0.0;0.0;4858.0


8.3;0.0;0.0;0.0;4858.0


8.3;1.0;0.3;0.0;4858.0


8.3;0.0;0.0;0.0;4858.0


8.3;0.0;0.0;0.0;4858.0


8.4;0.0;0.0;0.0;4858.0


8.4;0.0;0.0;0.0;4858.0


8.3;0.0;0.0;0.0;4858.0


8.4;0.0;0.0;0.0;4858.0


8.3;0.0;0.0;0.0;4858.0


8.4;0.0;0.0;0.0;4858.0


8.4;0.0;0.0;0.0;4858.0


8.4;0.0;0.0;34.0;4880.0


8.4;0.0;0.0;43.0;4880.0


8.3;0.0;0.0;43.0;4880.0


8.4;0.0;0.0;59.0;4880.0


49.7;0.0;0.0;46.0;4880.0


8.4;0.0;0.0;55.0;4880.0


8.3;0.0;0.0;55.0;4880.0


8.3;0.0;0.0;54.0;4880.0


8.4;0.0;0.0;54.0;4880.0


8.3;0.0;0.0;55.0;4880.0


8.3;0.0;0.0;55.0;4880.0


8.4;0.0;0.0;54.0;4880.0


8.3;0.0;0.0;55.0;4880.0


8.4;0.0;0.0;55.0;4880.0


8.3;0.0;0.0;55.0;4880.0


8.4;0.0;0.0;55.0;4880.0


8.4;0.0;0.0;55.0;4880.0


0.0;10.6;0.8;0.0;4880.0


0.0;0.3;0.0;0.0;4880.0


8.3;1203.2;52.6;0.0;4880.0


8.4;289.8;12.9;0.0;4880.0


8.3;0.0;0.0;0.0;4880.0


8.3;0.0;0.0;0.0;4880.0


8.3;0.0;0.0;0.0;4880.0


8.3;0.0;0.0;0.0;4880.0


8.3;0.0;0.0;0.0;4880.0


8.3;0.0;0.0;0.0;4880.0


8.3;0.0;0.0;0.0;4880.0


8.3;0.0;0.0;0.0;4880.0


8.3;0.0;0.0;0.0;4880.0


8.4;0.0;0.0;0.0;4880.0


8.3;0.0;0.0;0.0;4880.0


8.4;0.0;0.0;0.0;4880.0


8.3;0.0;0.0;0.0;4880.0


8.4;0.0;0.0;0.0;4880.0


8.4;0.0;0.0;0.0;4880.0


8.3;0.0;0.0;0.0;4880.0


8.4;0.0;0.0;0.0;4880.0


8.3;0.0;0.0;0.0;4880.0


8.4;0.0;0.0;0.0;4880.0


8.3;0.0;0.0;0.0;4880.0


0.0;0.4;0.0;0.0;4880.0


4.8;175.4;7.4;1.0;4880.0


8.3;1316.0;57.8;0.0;4880.0


8.4;1.0;0.3;0.0;4880.0


8.3;0.0;0.0;0.0;4880.0


8.3;0.0;0.0;0.0;4880.0


8.4;0.0;0.0;1.0;4880.0


8.3;0.0;0.0;0.0;4880.0


8.4;0.0;0.0;0.0;4880.0


8.3;0.0;0.0;0.0;4880.0


8.4;0.0;0.0;0.0;4880.0


8.4;0.0;0.0;0.0;4880.0


8.4;0.0;0.0;0.0;4880.0


8.4;0.0;0.0;0.0;4880.0


8.3;0.0;0.0;0.0;4880.0


8.4;0.0;0.0;0.0;4880.0


8.3;0.0;0.0;1.0;4880.0


8.3;0.0;0.0;0.0;4880.0


8.3;0.0;0.0;0.0;4880.0


8.3;0.0;0.0;0.0;4880.0


8.3;0.0;0.0;0.0;4880.0


8.3;0.0;0.0;1.0;4880.0


8.3;0.0;0.0;0.0;4880.0


8.3;1.0;0.3;0.0;4880.0


8.3;0.0;0.0;0.0;4880.0


8.4;0.0;0.0;0.0;4880.0


8.3;0.0;0.0;1.0;4880.0


8.4;0.0;0.0;0.0;4880.0


8.3;0.0;0.0;0.0;4880.0


8.3;0.0;0.0;0.0;4880.0


8.4;0.0;0.0;0.0;4880.0


8.3;0.0;0.0;1.0;4880.0


8.4;0.0;0.0;0.0;4880.0


8.3;0.0;0.0;33.0;4880.0


8.3;0.0;0.0;44.0;4880.0


8.3;0.0;0.0;43.0;4880.0


8.4;0.0;0.0;43.0;4880.0


8.4;0.0;0.0;55.0;4880.0


37.9;0.0;0.0;47.0;4880.0


8.3;0.0;0.0;55.0;4880.0


8.3;0.0;0.0;54.0;4880.0


8.3;0.0;0.0;54.0;4880.0


8.4;0.0;0.0;55.0;4880.0


8.3;0.0;0.0;54.0;4880.0


8.4;0.0;0.0;55.0;4880.0


8.3;0.0;0.0;55.0;4880.0


8.4;0.0;0.0;55.0;4880.0


8.4;0.0;0.0;54.0;4880.0


8.4;0.0;0.0;55.0;4880.0


8.4;0.0;0.0;45.0;4880.0


8.3;0.0;0.0;46.0;4880.0


0.0;10.6;0.8;0.0;4880.0


0.0;0.3;0.0;0.0;4880.0


8.4;1261.5;55.2;0.0;4880.0


8.3;231.2;10.4;0.0;4880.0


8.3;0.0;0.0;0.0;4880.0


8.3;0.0;0.0;0.0;4880.0


8.3;0.0;0.0;0.0;4880.0


8.3;0.0;0.0;0.0;4880.0


8.4;0.0;0.0;0.0;4880.0


8.3;0.0;0.0;0.0;4880.0


8.4;0.0;0.0;0.0;4880.0


8.3;0.0;0.0;0.0;4880.0


8.4;0.0;0.0;0.0;4880.0


8.3;0.0;0.0;0.0;4880.0


8.3;0.0;0.0;0.0;4880.0


8.4;0.0;0.0;0.0;4880.0


8.3;0.0;0.0;0.0;4880.0


8.4;0.0;0.0;0.0;4880.0


8.3;0.0;0.0;0.0;4880.0


8.3;0.0;0.0;0.0;4880.0


8.3;0.0;0.0;0.0;4880.0


8.4;0.0;0.0;0.0;4880.0


8.4;0.0;0.0;0.0;4880.0


5.9;0.1;0.0;0.0;4880.0


0.0;0.3;0.0;0.0;4880.0


7.1;229.4;9.8;0.0;4880.0


8.3;1261.9;55.4;0.0;4880.0


8.4;1.0;0.3;0.0;4880.0


8.3;0.0;0.0;0.0;4880.0


8.4;0.0;0.0;0.0;4880.0


8.4;0.0;0.0;0.0;4880.0


8.4;0.0;0.0;0.0;4880.0


8.4;0.0;0.0;0.0;4880.0


8.4;0.0;0.0;0.0;4880.0


8.4;0.0;0.0;0.0;4880.0


8.3;0.0;0.0;0.0;4880.0


8.4;0.0;0.0;0.0;4880.0


8.3;0.0;0.0;0.0;4880.0


8.3;0.0;0.0;0.0;4880.0


8.3;0.0;0.0;0.0;4880.0


8.3;0.0;0.0;0.0;4880.0


8.3;0.0;0.0;0.0;4880.0


8.3;0.0;0.0;0.0;4880.0


8.3;0.0;0.0;0.0;4880.0


8.4;0.0;0.0;0.0;4880.0


8.3;0.0;0.0;0.0;4880.0


8.4;0.0;0.0;0.0;4880.0


8.3;1.0;0.3;0.0;4880.0


8.4;0.0;0.0;0.0;4880.0


8.3;0.0;0.0;0.0;4880.0


8.4;0.0;0.0;0.0;4880.0


8.4;0.0;0.0;0.0;4880.0


8.3;0.0;0.0;0.0;4880.0


8.3;0.0;0.0;0.0;4880.0


8.3;0.0;0.0;0.0;4880.0


8.3;0.0;0.0;0.0;4880.0


8.3;0.0;0.0;0.0;4880.0


21.5;0.0;0.0;6.0;4880.0


8.4;0.0;0.0;34.0;4880.0


8.3;0.0;0.0;43.0;4880.0


8.3;0.0;0.0;44.0;4880.0


