7.1;14.8;1.5;0.0;626.0


8.3;130.2;7.1;0.0;626.0


8.4;109.6;9.7;0.0;626.0


0.0;51.2;5.0;0.0;626.0


0.0;0.3;0.0;0.0;626.0


8.3;28.4;1.1;0.0;626.0


8.3;0.1;0.0;7.0;832.0


8.3;0.0;0.0;7.0;972.0


8.3;0.0;0.0;5.0;1116.0


8.4;0.2;0.0;5.0;1228.0


8.3;7.5;16.3;5.0;1396.0


8.4;62.7;51.4;6.0;1836.0


22.2;84.8;353.6;61.0;2022.0


0.0;0.1;0.0;0.0;2022.0


0.0;0.3;0.0;0.0;2022.0


8.3;567.6;24.7;0.0;2022.0


8.4;924.0;40.6;0.0;2022.0


8.4;1.0;0.3;0.0;2022.0


8.4;0.0;0.0;0.0;2022.0


8.4;0.0;0.0;0.0;2022.0


8.3;0.0;0.0;0.0;2022.0


8.4;0.0;0.0;0.0;2022.0


8.3;0.0;0.0;0.0;2022.0


8.4;0.0;0.0;0.0;2022.0


8.3;0.0;0.0;0.0;2022.0


8.3;0.0;0.0;0.0;2022.0


8.4;0.0;0.0;0.0;2022.0


8.3;0.0;0.0;0.0;2022.0


8.3;0.0;0.0;0.0;2022.0


8.3;0.0;0.0;0.0;2022.0


8.3;0.0;0.0;0.0;2022.0


8.3;0.0;0.0;0.0;2022.0


8.3;0.0;0.0;0.0;2022.0


8.4;0.0;0.0;1.0;2022.0


8.3;0.0;0.0;1.0;2022.0


8.3;0.0;0.0;0.0;2022.0


8.4;0.0;0.0;0.0;2022.0


0.0;0.1;0.0;1.0;2022.0


0.0;0.3;0.0;1.0;2022.0


9.6;910.9;39.8;0.0;2022.0


8.4;581.3;25.8;0.0;2022.0


8.3;0.0;0.0;0.0;2022.0


8.3;0.0;0.0;1.0;2022.0


8.3;0.0;0.0;1.0;2022.0


8.3;0.0;0.0;0.0;2022.0


8.4;0.0;0.0;0.0;2022.0


8.3;0.0;0.0;0.0;2022.0


8.4;0.0;0.0;1.0;2022.0


8.4;0.0;0.0;1.0;2022.0


8.3;0.0;0.0;0.0;2022.0


8.4;0.0;0.0;0.0;2022.0


8.3;0.0;0.0;0.0;2022.0


8.4;0.0;0.0;1.0;2022.0


8.4;0.0;0.0;1.0;2022.0


8.4;0.0;0.0;0.0;2022.0


8.4;0.0;0.0;0.0;2022.0


8.3;0.0;0.0;1.0;2022.0


8.4;0.0;0.0;1.0;2022.0


8.3;0.0;0.0;1.0;2022.0


8.4;0.0;0.0;0.0;2022.0


8.3;1.0;0.3;1.0;2022.0


8.3;0.0;0.0;1.0;2022.0


8.4;0.0;0.0;1.0;2022.0


8.3;0.0;0.0;1.0;2022.0


8.3;0.0;0.0;0.0;2022.0


8.3;0.0;0.0;0.0;2022.0


8.3;0.0;0.0;1.0;2022.0


8.3;0.0;0.0;1.0;2022.0


8.3;0.0;0.0;1.0;2022.0


8.4;0.0;0.0;0.0;2022.0


8.4;0.0;0.0;1.0;2022.0


7.2;0.2;0.0;100.0;2036.0


8.4;0.0;0.0;38.0;2134.0


8.3;0.0;0.0;34.0;2232.0


8.4;0.0;0.0;33.0;2334.0


8.4;0.0;0.0;40.0;2430.0


23.9;0.0;0.0;37.0;4856.0


49.9;0.0;0.0;50.0;4856.0


8.3;0.0;0.0;55.0;4856.0


8.3;0.0;0.0;55.0;4856.0


8.3;0.0;0.0;54.0;4856.0


8.3;0.0;0.0;54.0;4856.0


8.3;0.0;0.0;54.0;4856.0


8.4;0.0;0.0;53.0;4856.0


8.4;0.0;0.0;54.0;4856.0


8.3;0.0;0.0;55.0;4856.0


8.4;0.0;0.0;54.0;4856.0


8.3;0.0;0.0;55.0;4856.0


8.4;0.0;0.0;54.0;4856.0


8.4;0.0;0.0;55.0;4856.0


0.0;10.6;0.8;0.0;4856.0


0.0;0.3;0.0;0.0;4856.0


8.3;1175.8;51.4;0.0;4856.0


8.4;317.2;14.1;0.0;4856.0


8.3;0.0;0.0;0.0;4856.0


8.4;0.0;0.0;0.0;4856.0


8.3;0.0;0.0;0.0;4856.0


8.3;0.0;0.0;0.0;4856.0


8.4;0.0;0.0;0.0;4856.0


8.3;0.0;0.0;0.0;4856.0


8.3;0.0;0.0;0.0;4856.0


8.4;0.0;0.0;0.0;4856.0


8.3;0.0;0.0;0.0;4856.0


8.3;0.0;0.0;0.0;4856.0


8.3;0.0;0.0;0.0;4856.0


8.4;0.0;0.0;0.0;4856.0


8.4;0.0;0.0;0.0;4856.0


8.3;0.0;0.0;0.0;4856.0


8.4;0.0;0.0;0.0;4856.0


8.3;0.0;0.0;0.0;4856.0


8.4;0.0;0.0;0.0;4856.0


8.3;0.0;0.0;0.0;4856.0


8.4;0.0;0.0;0.0;4856.0


8.3;0.0;0.0;0.0;4856.0


0.0;0.4;0.0;0.0;4856.0


7.3;230.3;9.9;0.0;4856.0


9.5;1260.6;55.4;0.0;4856.0


8.3;1.0;0.3;0.0;4856.0


8.3;0.0;0.0;0.0;4856.0


8.4;0.0;0.0;0.0;4856.0


8.4;0.0;0.0;0.0;4856.0


8.3;0.0;0.0;0.0;4856.0


8.4;0.0;0.0;0.0;4856.0


8.3;0.0;0.0;0.0;4856.0


8.4;0.0;0.0;0.0;4856.0


8.4;0.0;0.0;0.0;4856.0


8.3;0.0;0.0;0.0;4856.0


8.4;0.0;0.0;0.0;4856.0


8.3;0.0;0.0;0.0;4856.0


8.4;0.0;0.0;0.0;4856.0


8.3;0.0;0.0;0.0;4856.0


8.4;0.0;0.0;0.0;4856.0


8.3;0.0;0.0;0.0;4856.0


8.3;0.0;0.0;0.0;4856.0


8.4;0.0;0.0;0.0;4856.0


8.3;0.0;0.0;0.0;4856.0


8.3;0.0;0.0;0.0;4856.0


8.4;1.0;0.3;0.0;4856.0


8.3;0.0;0.0;0.0;4856.0


8.4;0.0;0.0;0.0;4856.0


8.3;0.0;0.0;0.0;4856.0


8.4;0.0;0.0;0.0;4856.0


8.4;0.0;0.0;0.0;4856.0


8.3;0.0;0.0;0.0;4856.0


8.4;0.0;0.0;0.0;4856.0


8.4;0.0;0.0;0.0;4856.0


8.4;0.0;0.0;0.0;4856.0


8.4;0.0;0.0;1.0;4872.0


8.3;0.0;0.0;45.0;4878.0


8.3;0.0;0.0;43.0;4878.0


8.3;0.0;0.0;44.0;4878.0


39.6;0.0;0.0;41.0;4878.0


8.3;0.0;0.0;53.0;4878.0


8.3;0.0;0.0;55.0;4878.0


8.3;0.0;0.0;54.0;4878.0


8.4;0.0;0.0;55.0;4878.0


8.4;0.0;0.0;54.0;4878.0


8.3;0.0;0.0;55.0;4878.0


8.4;0.0;0.0;55.0;4878.0


8.3;0.0;0.0;54.0;4878.0


8.4;0.0;0.0;55.0;4878.0


8.4;0.0;0.0;54.0;4878.0


8.3;0.0;0.0;55.0;4878.0


8.4;0.0;0.0;55.0;4878.0


1.2;10.6;0.8;19.0;4878.0


0.0;0.3;0.0;0.0;4878.0


11.1;515.3;22.4;0.0;4878.0


8.4;976.1;42.9;0.0;4878.0


8.4;1.0;0.3;0.0;4878.0


8.3;0.0;0.0;0.0;4878.0


8.4;0.0;0.0;0.0;4878.0


8.3;0.0;0.0;0.0;4878.0


8.3;0.0;0.0;0.0;4878.0


8.4;0.0;0.0;0.0;4878.0


8.3;0.0;0.0;0.0;4878.0


8.4;0.0;0.0;0.0;4878.0


8.3;0.0;0.0;0.0;4878.0


8.4;0.0;0.0;0.0;4878.0


8.4;0.0;0.0;0.0;4878.0


8.4;0.0;0.0;0.0;4878.0


8.4;0.0;0.0;0.0;4878.0


8.3;0.0;0.0;0.0;4878.0


8.4;0.0;0.0;0.0;4878.0


8.3;0.0;0.0;0.0;4878.0


8.3;0.0;0.0;0.0;4878.0


8.3;0.0;0.0;0.0;4878.0


8.3;0.0;0.0;0.0;4878.0


8.3;0.0;0.0;0.0;4878.0


0.0;0.1;0.0;0.0;4878.0


0.0;0.3;0.0;0.0;4878.0


12.5;854.5;37.3;0.0;4878.0


8.3;637.9;28.2;0.0;4878.0


8.4;0.0;0.0;0.0;4878.0


8.3;0.0;0.0;0.0;4878.0


8.4;0.0;0.0;0.0;4878.0


8.3;0.0;0.0;0.0;4878.0


8.4;0.0;0.0;0.0;4878.0


8.4;0.0;0.0;0.0;4878.0


8.3;0.0;0.0;0.0;4878.0


8.4;0.0;0.0;0.0;4878.0


8.3;0.0;0.0;0.0;4878.0


8.4;0.0;0.0;0.0;4878.0


8.3;0.0;0.0;0.0;4878.0


8.4;0.0;0.0;0.0;4878.0


8.4;0.0;0.0;0.0;4878.0


8.3;0.0;0.0;0.0;4878.0


8.3;0.0;0.0;0.0;4878.0


8.3;0.0;0.0;0.0;4878.0


8.3;0.0;0.0;0.0;4878.0


8.4;0.0;0.0;0.0;4878.0


8.3;0.0;0.0;0.0;4878.0


8.4;1.0;0.3;0.0;4878.0


8.3;0.0;0.0;0.0;4878.0


8.4;0.0;0.0;0.0;4878.0


8.4;0.0;0.0;0.0;4878.0


8.4;0.0;0.0;0.0;4878.0


8.4;0.0;0.0;0.0;4878.0


8.3;0.0;0.0;0.0;4878.0


8.4;0.0;0.0;0.0;4878.0


8.3;0.0;0.0;0.0;4878.0


8.3;0.0;0.0;0.0;4878.0


8.3;0.0;0.0;0.0;4878.0


8.4;0.0;0.0;44.0;4878.0


8.3;0.0;0.0;43.0;4878.0


8.4;0.0;0.0;43.0;4878.0


49.7;0.0;0.0;47.0;4878.0


8.4;0.0;0.0;55.0;4878.0


8.4;0.0;0.0;54.0;4878.0


8.4;0.0;0.0;55.0;4878.0


8.4;0.0;0.0;54.0;4878.0


8.3;0.0;0.0;55.0;4878.0


8.4;0.0;0.0;55.0;4878.0


8.3;0.0;0.0;54.0;4878.0


8.3;0.0;0.0;55.0;4878.0


8.3;0.0;0.0;55.0;4878.0


8.3;0.0;0.0;54.0;4878.0


8.3;0.0;0.0;54.0;4878.0


8.3;0.0;0.0;55.0;4878.0


6.9;10.6;0.8;13.0;4878.0


1.2;0.3;0.0;0.0;4878.0


5.2;223.0;9.5;0.0;4878.0


8.4;1269.6;55.8;0.0;4878.0


8.3;1.0;0.3;0.0;4878.0


8.4;0.0;0.0;0.0;4878.0


8.3;0.0;0.0;0.0;4878.0


8.4;0.0;0.0;0.0;4878.0


8.4;0.0;0.0;0.0;4878.0


8.3;0.0;0.0;0.0;4878.0


8.4;0.0;0.0;0.0;4878.0


8.3;0.0;0.0;0.0;4878.0


8.3;0.0;0.0;0.0;4878.0


8.3;0.0;0.0;0.0;4878.0


8.4;0.0;0.0;0.0;4878.0


8.4;0.0;0.0;0.0;4878.0


8.3;0.0;0.0;0.0;4878.0


8.3;0.0;0.0;0.0;4878.0


8.3;0.0;0.0;0.0;4878.0


8.3;0.0;0.0;0.0;4878.0


8.4;0.0;0.0;0.0;4878.0


8.3;0.0;0.0;0.0;4878.0


8.4;0.0;0.0;0.0;4878.0


8.3;0.0;0.0;1.0;4878.0


0.0;0.1;0.0;0.0;4878.0


0.0;0.3;0.0;0.0;4878.0


9.6;559.4;24.3;0.0;4878.0


8.4;931.7;40.9;0.0;4878.0


8.3;1.0;0.3;1.0;4878.0


8.4;0.0;0.0;1.0;4878.0


8.3;0.0;0.0;0.0;4878.0


8.3;0.0;0.0;0.0;4878.0


8.3;0.0;0.0;0.0;4878.0


8.3;0.0;0.0;1.0;4878.0


8.3;0.0;0.0;0.0;4878.0


8.3;0.0;0.0;0.0;4878.0


8.3;0.0;0.0;0.0;4878.0


8.4;0.0;0.0;1.0;4878.0


8.3;0.0;0.0;1.0;4878.0


8.4;0.0;0.0;0.0;4878.0


8.3;0.0;0.0;0.0;4878.0


8.4;0.0;0.0;0.0;4878.0


8.3;0.0;0.0;1.0;4878.0


8.4;0.0;0.0;1.0;4878.0


8.4;0.0;0.0;0.0;4878.0


8.3;0.0;0.0;0.0;4878.0


8.4;0.0;0.0;0.0;4878.0


8.3;0.0;0.0;1.0;4878.0


8.3;1.0;0.3;0.0;4878.0


8.3;0.0;0.0;0.0;4878.0


8.4;0.0;0.0;0.0;4878.0


8.4;0.0;0.0;0.0;4878.0


8.3;0.0;0.0;1.0;4878.0


8.3;0.0;0.0;0.0;4878.0


8.3;0.0;0.0;0.0;4878.0


8.3;0.0;0.0;0.0;4878.0


8.4;0.0;0.0;0.0;4878.0


8.3;0.0;0.0;1.0;4878.0


15.5;0.0;0.0;58.0;4878.0


8.4;0.0;0.0;43.0;4878.0


8.4;0.0;0.0;43.0;4878.0


8.4;0.0;0.0;43.0;4878.0


