7.1;56.5;23.5;1.8;0.0;848.0
8.3;100.5;118.4;10.7;0.0;848.0
7.2;140.3;150.3;8.1;0.0;848.0
8.3;176.0;131.2;6.9;0.0;848.0
8.3;202.0;76.0;6.2;0.0;848.0
8.3;226.4;162.3;5.2;0.0;848.0
8.3;226.4;243.0;0.4;0.0;848.0
8.4;226.4;258.3;0.5;0.0;848.0
8.3;226.4;241.5;0.4;0.0;848.0
8.4;226.4;261.9;0.5;0.0;848.0
8.4;230.2;190.7;0.6;1.0;848.0
8.4;239.2;0.4;0.0;0.0;848.0
8.4;248.7;0.0;0.0;0.0;848.0
5.5;261.1;0.8;0.0;1.0;848.0
8.3;273.9;0.0;0.0;0.0;848.0
8.4;285.0;0.0;0.0;0.0;848.0
8.3;295.7;0.0;0.0;0.0;848.0
8.3;307.8;0.0;0.0;0.0;848.0
8.3;320.3;0.0;0.0;0.0;848.0
8.3;329.3;0.0;0.0;0.0;848.0
8.3;375.8;0.0;0.0;0.0;848.0
8.4;382.4;0.6;2.6;0.0;848.0
8.3;347.7;0.3;2.8;0.0;848.0
8.4;359.2;0.0;0.0;4.0;975.0
8.4;832.4;1.8;0.0;4.0;1023.0
8.4;918.2;0.0;0.0;0.0;4031.0
8.4;1825.8;6.9;436.4;53.0;7803.0
8.4;2150.7;14.1;503.0;0.0;7803.0
8.4;3206.7;9.3;329.0;1.0;7803.0
8.3;3264.1;1.1;44.8;0.0;7803.0
8.4;3305.9;0.0;0.0;0.0;7803.0
8.3;3323.0;0.0;0.0;0.0;7803.0
8.3;3296.8;0.0;0.0;0.0;7803.0
8.4;3297.1;0.0;0.0;0.0;7803.0
8.3;3300.3;0.0;0.0;0.0;7803.0
8.3;3301.7;0.0;0.0;0.0;7803.0
8.3;3301.4;0.1;8.4;0.0;7803.0
8.3;3314.8;0.0;0.0;0.0;7803.0
8.4;3315.4;0.3;3.3;0.0;7803.0
8.3;3364.2;0.3;3.5;3.0;7803.0
8.4;3372.4;4.7;322.5;0.0;7803.0
8.3;3372.4;9.3;450.7;0.0;7803.0
7.2;3372.4;9.2;432.6;0.0;7803.0
8.4;3367.3;2.5;33.8;0.0;7803.0
8.3;3364.9;0.1;3.5;0.0;7803.0
8.4;3348.5;0.3;0.0;0.0;7803.0
8.3;3350.9;0.0;0.0;0.0;7803.0
8.3;3353.6;0.0;0.0;0.0;7803.0
8.3;3354.3;0.0;0.0;0.0;7803.0
8.3;3371.7;0.0;0.0;0.0;7803.0
8.3;3410.6;0.2;0.3;97.0;7837.0
8.4;3477.3;0.6;0.0;0.0;7837.0
8.4;3486.2;0.0;0.0;0.0;7837.0
8.3;3486.6;0.0;0.0;0.0;7837.0
8.3;3490.2;0.0;0.0;0.0;7837.0
8.3;3509.3;0.0;0.0;0.0;7837.0
11.8;3509.4;0.0;0.0;98.0;7837.0
12.6;3509.5;1.2;0.0;98.0;7837.0
9.7;3509.5;1.2;0.0;96.0;7837.0
14.3;3509.5;0.6;0.0;98.0;7837.0
9.6;3509.5;1.2;0.0;96.0;7837.0
10.8;3509.5;0.6;0.0;96.0;7837.0
14.0;3509.5;1.2;0.0;98.0;7837.0
9.7;3509.5;1.2;0.0;96.0;7837.0
14.3;3509.5;0.6;0.0;96.0;7837.0
9.6;3509.5;1.2;0.0;96.0;7837.0
9.7;3509.5;1.2;0.0;96.0;7837.0
15.4;3509.5;0.6;0.0;98.0;7837.0
9.5;3509.5;1.2;0.0;96.0;7837.0
13.1;3509.6;0.6;0.0;96.0;7837.0
11.8;3509.6;1.2;0.0;96.0;7837.0
9.7;3509.6;1.2;0.0;96.0;7837.0
15.5;3509.6;0.6;0.0;96.0;7837.0
9.6;3509.6;1.2;0.0;96.0;7837.0
11.9;3509.6;0.6;0.0;96.0;7837.0
13.0;3509.6;1.2;0.0;97.0;7837.0
9.8;3509.6;1.2;0.0;96.0;7837.0
15.5;3509.6;0.6;0.0;97.0;7837.0
10.8;3509.6;1.2;0.0;96.0;7837.0
11.2;3509.6;0.6;0.0;96.0;7837.0
13.8;3509.6;1.2;0.0;97.0;7837.0
9.6;3509.6;1.2;0.0;97.0;7837.0
14.2;3509.6;0.7;0.3;99.0;7837.0
11.9;3509.6;1.2;0.0;97.0;7837.0
9.7;3509.6;1.2;0.0;96.0;7837.0
15.2;3509.6;0.6;0.0;97.0;7837.0
11.9;3509.6;1.2;0.0;97.0;7837.0
13.0;3509.6;0.6;0.0;99.0;7837.0
11.1;3509.6;1.2;0.0;97.0;7837.0
13.8;3509.6;1.2;0.0;97.0;7837.0
16.6;3509.6;0.6;0.0;99.0;7837.0
9.6;3509.6;1.2;0.0;97.0;7837.0
10.7;3509.6;0.6;0.0;99.0;7837.0
14.0;3509.6;1.2;0.0;99.0;7837.0
9.7;3509.6;1.2;0.0;97.0;7837.0
14.3;3509.6;0.6;0.0;99.0;7837.0
9.6;3509.6;1.2;0.0;99.0;7837.0
9.7;3509.6;1.2;0.0;99.0;7837.0
15.4;3509.6;0.6;0.0;99.0;7837.0
9.7;3509.6;1.2;0.0;99.0;7837.0
13.1;3509.6;0.6;0.0;99.0;7837.0
11.9;3509.6;1.2;0.0;99.0;7837.0
8.3;3509.6;1.2;0.0;97.0;7837.0
16.6;3509.6;0.6;0.0;99.0;7837.0
11.8;3509.6;1.2;0.0;96.0;7837.0
10.8;3509.6;0.6;0.0;97.0;7837.0
15.2;3509.6;1.2;0.0;99.0;7837.0
12.5;3509.6;1.2;0.0;96.0;7837.0
15.5;3509.6;0.6;0.0;99.0;7837.0
10.7;3509.6;1.2;0.0;96.0;7837.0
10.8;3509.6;1.2;0.0;96.0;7837.0
15.2;3509.6;0.6;0.0;98.0;7837.0
9.8;3509.6;1.2;0.0;96.0;7837.0
13.1;3509.6;0.6;0.0;97.0;7837.0
10.7;3509.6;1.2;0.0;96.0;7837.0
9.7;3509.6;1.2;0.0;96.0;7837.0
16.6;3509.6;0.6;0.0;96.0;7837.0
9.6;3509.6;1.6;0.3;96.0;7837.0
11.8;3509.6;0.6;0.0;97.0;7837.0
11.9;3509.6;1.2;0.0;97.0;7837.0
9.7;3509.6;1.2;0.0;96.0;7837.0
15.2;3509.6;0.6;0.0;97.0;7837.0
11.8;3509.6;1.2;0.0;96.0;7837.0
10.4;3509.6;1.2;0.0;97.0;7837.0
13.8;3509.6;0.6;0.0;97.0;7837.0
11.1;3509.6;1.2;0.0;97.0;7837.0
14.2;3509.6;0.6;0.0;99.0;7837.0
11.9;3509.6;1.2;0.0;97.0;7837.0
8.3;3509.6;1.2;0.0;97.0;7837.0
16.8;3509.6;0.6;0.0;99.0;7837.0
9.7;3509.6;1.2;0.0;97.0;7837.0
11.5;3509.6;0.6;0.0;99.0;7837.0
11.9;3509.6;1.2;0.0;99.0;7837.0
9.7;3509.6;1.2;0.0;97.0;7837.0
15.4;3509.6;0.6;0.0;99.0;7837.0
9.5;3509.6;1.2;0.0;99.0;7837.0
11.8;3509.6;0.6;0.0;99.0;7837.0
12.5;3509.6;1.2;0.0;99.0;7837.0
9.7;3509.5;1.2;0.0;96.0;7837.0
13.8;3509.5;0.6;0.0;99.0;7837.0
10.7;3509.5;1.2;0.0;99.0;7837.0
9.6;3509.5;1.2;0.0;97.0;7837.0
16.6;3509.5;0.6;0.0;99.0;7837.0
9.7;3509.5;1.2;0.0;96.0;7837.0
13.1;3509.5;0.6;0.0;97.0;7837.0
11.8;3509.5;1.2;0.0;99.0;7837.0
8.4;3509.5;1.2;0.0;97.0;7837.0
15.4;3509.5;0.6;0.0;96.0;7837.0
9.6;3509.5;1.2;0.0;96.0;7837.0
10.8;3509.5;0.6;0.0;97.0;7837.0
