6.0;57.3;25.5;1.8;0.0;846.0
8.3;100.7;115.0;10.5;0.0;846.0
8.4;140.3;150.5;8.1;0.0;846.0
8.3;175.7;131.2;6.9;0.0;846.0
8.4;203.4;88.5;6.6;0.0;846.0
8.4;226.8;154.0;4.8;0.0;846.0
8.3;226.8;240.9;0.4;0.0;846.0
8.4;226.8;256.5;0.5;0.0;846.0
8.3;226.8;250.5;0.5;0.0;846.0
8.3;226.8;241.8;0.4;0.0;846.0
8.3;230.6;201.5;0.6;0.0;846.0
8.3;239.6;0.4;0.0;0.0;846.0
8.3;248.9;0.0;0.0;0.0;846.0
6.9;260.1;0.8;0.0;0.0;846.0
8.4;273.5;0.0;0.0;0.0;846.0
8.3;284.2;0.0;0.0;0.0;846.0
8.3;295.5;0.0;0.0;0.0;846.0
8.3;307.6;0.0;0.0;0.0;846.0
8.3;319.3;0.0;0.0;0.0;846.0
8.3;328.6;0.0;0.0;0.0;846.0
8.3;372.8;0.0;0.0;0.0;846.0
8.4;378.8;0.6;2.6;0.0;846.0
8.3;350.0;0.3;2.8;0.0;846.0
8.3;358.9;0.0;0.0;0.0;961.0
8.4;811.6;1.8;0.0;4.0;1021.0
8.3;916.4;0.0;0.0;0.0;3389.0
9.8;1620.6;6.9;436.4;58.0;7801.0
8.4;2142.9;13.5;462.8;0.0;7801.0
8.4;3198.9;8.2;322.5;1.0;7801.0
8.3;3263.3;2.8;91.5;0.0;7801.0
8.3;3274.1;0.0;0.0;0.0;7801.0
8.3;3326.6;0.0;0.0;0.0;7801.0
8.3;3294.7;0.0;0.0;0.0;7801.0
8.3;3297.9;0.0;0.0;0.0;7801.0
8.3;3299.0;0.0;0.0;0.0;7801.0
8.3;3299.6;0.0;0.0;0.0;7801.0
7.2;3299.0;0.1;8.4;0.0;7801.0
8.3;3317.6;0.0;0.0;0.0;7801.0
8.4;3321.0;0.0;0.0;0.0;7801.0
8.3;3364.8;0.6;6.8;0.0;7801.0
8.3;3373.0;3.1;238.4;0.0;7801.0
8.4;3373.0;9.5;470.6;0.0;7801.0
7.2;3373.0;9.5;442.6;0.0;7801.0
8.4;3368.1;3.6;88.0;0.0;7801.0
8.3;3370.8;0.0;0.0;0.0;7801.0
8.4;3305.6;0.4;3.5;0.0;7801.0
8.3;3342.4;0.0;0.0;0.0;7801.0
8.4;3347.2;0.0;0.0;0.0;7801.0
8.3;3349.9;0.0;0.0;0.0;7801.0
8.3;3366.2;0.0;0.0;0.0;7801.0
8.4;3396.6;0.1;0.0;2.0;7835.0
8.3;3479.4;0.7;0.3;4.0;7835.0
8.3;3485.9;0.0;0.0;0.0;7835.0
8.3;3485.7;0.0;0.0;0.0;7835.0
8.3;3488.0;0.0;0.0;0.0;7835.0
8.3;3509.0;0.0;0.0;0.0;7835.0
12.5;3509.3;0.0;0.0;90.0;7835.0
8.4;3509.3;1.2;0.0;97.0;7835.0
15.5;3509.3;0.6;0.0;99.0;7835.0
9.6;3509.3;1.2;0.0;97.0;7835.0
11.9;3509.3;0.6;0.0;99.0;7835.0
12.5;3509.3;1.2;0.0;99.0;7835.0
10.8;3509.3;1.2;0.0;98.0;7835.0
14.2;3509.3;0.6;0.0;99.0;7835.0
10.8;3509.3;1.2;0.0;99.0;7835.0
9.7;3509.3;1.2;0.0;99.0;7835.0
15.2;3509.4;0.6;0.0;99.0;7835.0
10.8;3509.4;1.2;0.0;96.0;7835.0
11.8;3509.4;0.6;0.0;98.0;7835.0
12.5;3509.4;1.2;0.0;99.0;7835.0
9.7;3509.4;1.2;0.0;96.0;7835.0
15.4;3509.4;0.6;0.0;99.0;7835.0
11.9;3509.4;1.2;0.0;96.0;7835.0
9.5;3509.4;0.6;0.0;96.0;7835.0
15.4;3509.4;1.2;0.0;98.0;7835.0
9.7;3509.4;1.2;0.0;96.0;7835.0
13.1;3509.4;0.6;0.0;96.0;7835.0
11.9;3509.4;1.2;0.0;96.0;7835.0
8.3;3509.4;1.2;0.0;96.0;7835.0
16.6;3509.4;0.6;0.0;96.0;7835.0
9.7;3509.4;1.2;0.0;96.0;7835.0
10.8;3509.4;0.6;0.0;96.0;7835.0
12.5;3509.4;1.3;0.3;97.0;7835.0
9.7;3509.4;1.2;0.0;96.0;7835.0
13.8;3509.4;0.6;0.0;96.0;7835.0
11.8;3509.4;1.2;0.0;97.0;7835.0
10.8;3509.4;1.2;0.0;97.0;7835.0
16.6;3509.4;0.6;0.0;97.0;7835.0
9.7;3509.4;1.2;0.0;97.0;7835.0
11.9;3509.4;0.6;0.0;99.0;7835.0
13.0;3509.4;1.2;0.0;99.0;7835.0
11.2;3509.4;1.2;0.0;97.0;7835.0
13.8;3509.4;0.6;0.0;99.0;7835.0
12.6;3509.4;1.2;0.0;99.0;7835.0
9.6;3509.4;1.2;0.0;99.0;7835.0
15.5;3509.4;0.6;0.0;99.0;7835.0
8.4;3509.4;1.2;0.0;99.0;7835.0
11.1;3509.4;0.6;0.0;99.0;7835.0
13.1;3509.4;1.2;0.0;99.0;7835.0
9.5;3509.4;1.2;0.0;96.0;7835.0
15.2;3509.4;0.6;0.0;99.0;7835.0
9.7;3509.4;1.2;0.0;99.0;7835.0
9.5;3509.4;1.2;0.0;97.0;7835.0
15.5;3509.4;0.6;0.0;99.0;7835.0
9.4;3509.4;1.2;0.0;96.0;7835.0
12.5;3509.4;0.6;0.0;96.0;7835.0
13.8;3509.4;1.2;0.0;98.0;7835.0
9.5;3509.4;1.2;0.0;97.0;7835.0
15.5;3509.4;0.6;0.0;97.0;7835.0
15.2;3509.4;1.2;0.0;96.0;7835.0
7.0;3509.4;1.2;0.0;97.0;7835.0
15.5;3509.4;0.6;0.0;97.0;7835.0
9.6;3509.4;1.2;0.0;96.0;7835.0
11.9;3509.4;0.6;0.0;97.0;7835.0
12.5;3509.4;1.2;0.0;97.0;7835.0
9.7;3509.4;1.2;0.0;96.0;7835.0
13.5;3509.4;0.6;0.0;97.0;7835.0
10.8;3509.4;1.6;0.3;96.0;7835.0
9.7;3509.4;1.2;0.0;97.0;7835.0
16.6;3509.4;0.6;0.0;99.0;7835.0
11.1;3509.4;1.2;0.0;97.0;7835.0
11.8;3509.4;0.6;0.0;99.0;7835.0
11.9;3509.4;1.2;0.0;99.0;7835.0
9.7;3509.4;1.2;0.0;97.0;7835.0
15.2;3509.4;0.6;0.0;99.0;7835.0
10.8;3509.4;1.2;0.0;99.0;7835.0
9.5;3509.4;1.2;0.0;99.0;7835.0
15.4;3509.4;0.6;0.0;99.0;7835.0
9.5;3509.4;1.2;0.0;97.0;7835.0
13.1;3509.4;0.6;0.0;99.0;7835.0
11.9;3509.4;1.2;0.0;99.0;7835.0
11.9;3509.4;1.2;0.0;97.0;7835.0
15.4;3509.4;0.6;0.0;99.0;7835.0
11.1;3509.4;1.2;0.0;96.0;7835.0
10.8;3509.4;1.2;0.0;97.0;7835.0
14.2;3509.4;0.6;0.0;99.0;7835.0
10.8;3509.4;1.2;0.0;97.0;7835.0
12.5;3509.4;0.6;0.0;97.0;7835.0
11.9;3509.4;1.2;0.0;96.0;7835.0
9.6;3509.4;1.2;0.0;97.0;7835.0
16.6;3509.4;0.6;0.0;97.0;7835.0
9.7;3509.4;1.2;0.0;97.0;7835.0
9.7;3509.4;0.6;0.0;97.0;7835.0
14.2;3509.4;1.2;0.0;97.0;7835.0
9.4;3509.4;1.2;0.0;97.0;7835.0
15.4;3509.4;0.6;0.0;97.0;7835.0
11.2;3509.4;1.2;0.0;97.0;7835.0
9.6;3509.4;1.2;0.0;97.0;7835.0
15.5;3509.4;0.6;0.0;97.0;7835.0
12.6;3509.4;1.2;0.0;97.0;7835.0
