0.0;10514432;0
0.0;10514432;0
0.0;10514432;0
0.0;10514432;0
0.0;10514432;0
0.0;10514432;0
0.0;10514432;0
0.0;10514432;0
0.0;10514432;0
0.0;10514432;0
0.0;10514432;0
0.0;10514432;0
0.0;10514432;0
0.0;10514432;0
0.0;10514432;0
0.0;10514432;0
0.0;10514432;0
0.0;10514432;0
0.0;10514432;0
0.0;10514432;0
0.0;10514432;0
0.0;10514432;0
0.0;10514432;0
0.0;10514432;0
0.0;10514432;0
0.0;10514432;0
0.0;10514432;0
0.0;10514432;0
0.0;10514432;0
0.0;10514432;0
0.0;10514432;0
0.0;10514432;0
0.0;10514432;0
0.0;10514432;0
0.0;10514432;0
0.0;10514432;0
0.0;10514432;0
33.2;27418624;0
116.4;60809216;0
100.3;97337344;0
99.4;128069632;0
100.3;153333760;0
99.7;184463360;0
99.7;213499904;0
99.7;230236160;0
100.3;259084288;0
100.3;290979840;0
99.7;320720896;0
100.8;349552640;0
99.7;376823808;0
166.2;377925632;432
198.9;377925632;779
186.4;377925632;746
182.8;377925632;741
99.7;377896960;118
100.3;377896960;0
99.7;377896960;0
99.7;377896960;0
99.7;377896960;0
100.8;377896960;0
99.4;377896960;0
100.3;377896960;0
99.7;377896960;0
99.7;377896960;0
99.7;377896960;0
100.3;377896960;0
100.3;377896960;0
99.7;377896960;0
100.8;377896960;0
99.7;377896960;0
99.7;377896960;0
99.4;377896960;0
100.3;377896960;0
99.7;377896960;0
99.7;377896960;0
100.3;377896960;0
156.2;399724544;0
200.7;430739456;0
199.5;463556608;0
201.6;488218624;0
199.5;510021632;0
200.7;540110848;0
200.7;569356288;0
199.5;591073280;0
199.5;611823616;0
199.5;640864256;0
200.7;668725248;0
170.5;691060736;0
200.7;717115392;0
199.5;743948288;0
199.5;744177664;0
199.5;744177664;0
199.5;744177664;0
200.7;744177664;0
198.9;744177664;0
201.6;744177664;0
199.5;744177664;0
199.5;744177664;0
198.9;744177664;0
200.7;744177664;0
200.7;744177664;0
199.5;744177664;0
184.8;744177664;0
182.8;744177664;0
199.5;744177664;0
198.9;744177664;0
200.7;744177664;0
200.7;744177664;0
199.5;744177664;0
201.6;744177664;0
198.9;744177664;0
200.7;744177664;0
199.5;744177664;0
201.6;744177664;0
199.5;744177664;0
249.3;758910976;0
302.4;801865728;0
284.1;834256896;0
301.0;859594752;0
298.3;882831360;0
301.0;913219584;0
272.4;942403584;0
298.3;962101248;0
302.4;988254208;0
299.2;1017913344;0
299.2;1047314432;0
286.7;1068752896;0
298.3;1095016448;0
301.0;1120620544;0
301.0;1110069248;0
284.1;1110069248;0
302.4;1110069248;0
299.2;1110069248;0
299.2;1110069248;0
299.2;1110069248;0
266.0;1110069248;0
286.7;1110069248;0
301.0;1110069248;0
298.3;1110069248;0
286.7;1110069248;0
301.0;1110069248;0
298.3;1110069248;0
301.0;1110069248;0
349.1;1110069248;0
302.4;1110069248;0
299.2;1110069248;0
282.6;1110069248;0
302.4;1110069248;0
299.2;1110069248;0
299.2;1110069248;0
298.3;1110069248;0
301.0;1110069248;0
300.0;1110069248;0
372.7;1125703680;0
397.7;1170190336;0
382.3;1197907968;0
372.7;1217744896;0
401.4;1244065792;0
397.7;1275990016;0
398.9;1304236032;0
401.4;1326198784;0
397.7;1353523200;0
372.7;1385123840;0
401.4;1415581696;0
401.4;1443966976;0
397.7;1473576960;0
397.7;1475952640;0
372.7;1475952640;0
401.4;1475952640;0
398.9;1475952640;0
398.9;1475952640;0
398.9;1475952640;0
398.9;1475952640;0
401.4;1475952640;0
401.4;1475952640;0
401.4;1475952640;0
369.3;1475952640;0
401.4;1475952640;0
403.2;1475952640;0
382.3;1475952640;0
398.9;1475952640;0
383.5;1475952640;0
398.9;1475952640;0
403.2;1475952640;0
401.4;1475952640;0
398.9;1475952640;0
397.7;1475952640;0
401.4;1475952640;0
362.5;1475952640;0
329.7;1475952640;0
355.1;1494368256;0
397.7;1530769408;0
362.5;1559691264;0
362.5;1582780416;0
400.0;1604325376;0
387.5;1631629312;0
376.8;1661329408;0
400.0;1685381120;0
400.0;1706065920;0
400.0;1734594560;0
398.9;1767759872;0
400.0;1792258048;0
387.5;1817665536;0
350.0;1840095232;0
400.0;1841713152;0
400.0;1841713152;0
400.0;1841713152;0
397.7;1841713152;0
400.0;1841713152;0
400.0;1841713152;0
387.0;1841713152;0
401.4;1841713152;0
400.0;1841713152;0
397.7;1841713152;0
400.0;1841713152;0
387.5;1841713152;0
401.4;1841713152;0
400.0;1841713152;0
397.7;1841713152;0
397.7;1841713152;0
397.7;1841713152;0
355.1;1841713152;0
326.7;1841713152;0
400.0;1859727360;0
400.0;1891557376;0
400.0;1920888832;0
350.0;1944887296;0
400.0;1953472512;0
387.5;1978736640;0
397.7;2000478208;0
390.6;2025492480;0
383.5;2044784640;0
400.0;2061758464;0
400.0;2088415232;0
387.0;2108911616;0
400.0;2131394560;0
401.8;2156040192;0
400.0;2179702784;0
401.4;2196869120;0
398.9;2206957568;0
400.0;2206957568;0
387.5;2206957568;0
400.0;2206957568;0
398.9;2206957568;0
400.0;2206957568;0
401.8;2206957568;0
400.0;2206957568;0
400.0;2206957568;0
400.0;2206957568;0
362.5;2206957568;0
401.4;2206957568;0
387.5;2206957568;0
387.0;2206957568;0
312.5;2209091584;0
400.0;2229243904;0
387.5;2255613952;0
400.0;2282696704;0
375.0;2301104128;0
400.0;2313437184;0
400.0;2325966848;0
387.5;2347610112;0
387.5;2366144512;0
400.0;2383982592;0
400.0;2406678528;0
387.5;2422353920;0
390.6;2439938048;0
400.0;2455056384;0
375.0;2477740032;0
390.6;2493108224;0
387.9;2514092032;0
398.9;2531794944;0
401.8;2547195904;0
400.0;2568110080;0
401.8;2583285760;0
400.0;2572120064;0
362.5;2572120064;0
398.9;2572120064;0
401.8;2572120064;0
400.0;2572120064;0
340.5;2572120064;0
376.8;2572120064;0
400.0;2572120064;0
337.5;2572120064;0
323.7;2572120064;0
372.7;2595991552;0
387.9;2594590720;0
390.6;2628165632;0
408.0;2647707648;0
378.2;2669785088;0
380.6;2679181312;0
387.5;2689183744;0
401.8;2712535040;0
387.9;2735403008;0
387.9;2752888832;0
401.8;2769326080;0
398.9;2789896192;0
398.1;2806652928;0
400.6;2831831040;0
398.1;2848604160;0
398.9;2869903360;0
