49.7;90.9;40.4;0.0
45.0;107.1;87.4;0.0
75.0;129.7;85.4;0.0
65.0;144.0;28.3;0.0
15.0;156.4;31.0;0.0
0.0;156.4;0.0;0.0
0.0;156.4;0.1;0.0
0.0;156.4;0.0;0.0
5.0;156.4;1.3;0.0
0.0;156.4;0.0;0.0
0.0;156.4;0.0;0.0
0.0;156.4;0.7;0.0
0.0;156.4;0.0;0.0
0.0;156.4;0.6;0.0
0.0;156.4;0.0;0.0
0.0;156.4;0.5;0.0
0.0;156.4;0.0;0.0
0.0;156.4;0.5;0.0
0.0;156.4;0.0;0.0
0.0;156.4;0.5;0.0
0.0;156.4;0.0;0.0
0.0;156.4;0.5;0.0
0.0;156.4;0.0;0.0
22.4;159.7;0.6;0.0
48.0;160.1;0.0;0.0
49.1;160.1;0.0;0.0
49.0;160.6;0.3;0.0
19.9;160.6;0.0;0.0
0.0;160.6;0.1;0.0
0.0;160.6;0.0;0.0
0.0;160.6;0.0;0.0
0.0;160.6;1.2;0.0
0.0;160.6;0.7;0.0
0.0;160.6;0.0;0.0
0.0;160.6;0.2;0.0
0.0;160.6;0.4;0.0
