50.0;85.2;42.9;0.0
52.4;116.8;145.8;0.0
67.2;155.3;93.3;0.0
5.0;156.8;1.9;0.0
0.0;156.8;0.0;0.0
0.0;156.8;0.1;0.0
0.0;156.8;0.0;0.0
0.0;156.8;1.3;0.0
0.0;156.8;0.0;0.0
0.0;156.8;0.7;0.0
0.0;156.8;0.0;0.0
0.0;156.8;0.6;0.0
0.0;156.8;0.0;0.0
0.0;156.8;0.6;0.0
0.0;156.8;0.6;0.0
0.0;156.8;0.0;0.0
0.0;156.8;0.7;0.0
0.0;156.8;0.0;0.0
0.0;156.8;0.5;0.0
0.0;156.8;0.0;0.0
0.0;158.9;0.6;0.0
49.9;160.4;0.0;0.0
47.3;160.6;0.0;0.0
52.8;161.3;0.3;0.0
24.9;161.3;0.0;0.0
0.0;161.3;0.0;0.0
5.0;161.3;0.1;0.0
0.0;161.3;0.0;0.0
0.0;161.3;1.3;0.0
0.0;161.3;0.0;0.0
0.0;161.3;0.7;0.0
0.0;161.3;0.0;0.0
0.0;161.3;0.6;0.0
0.0;161.3;0.0;0.0
