0.0;10522624;0
0.0;10522624;0
0.0;10522624;0
0.0;10522624;0
49.9;14651392;0
99.7;14708736;0
157.7;19136512;0
199.5;19197952;0
199.5;23289856;0
143.3;15253504;0
100.3;19349504;0
199.5;19419136;0
218.4;23425024;0
199.5;23486464;0
229.4;31506432;0
199.5;31514624;0
201.6;31567872;0
170.5;31522816;0
143.3;23502848;0
166.2;31547392;0
199.5;31580160;0
199.5;31592448;0
200.7;31649792;0
199.5;31649792;0
199.5;31776768;0
186.4;31911936;0
198.9;31862784;0
133.0;27885568;0
182.8;32034816;0
200.7;32047104;0
198.9;32059392;0
201.6;32059392;0
166.2;28143616;0
216.1;28180480;0
99.4;28180480;0
100.3;28180480;0
249.3;32337920;0
199.5;32337920;0
201.6;32337920;0
198.9;32337920;0
199.5;32337920;0
199.5;32378880;0
201.6;32399360;0
198.9;32419840;0
134.4;24391680;0
216.1;32645120;0
216.1;32751616;0
199.5;32751616;0
200.7;32751616;0
200.7;32804864;0
199.5;32804864;0
168.0;28811264;0
99.7;31977472;0
200.7;25722880;0
184.7;23150592;0
200.7;29184000;0
200.7;33300480;0
213.1;33591296;0
129.0;25878528;0
215.0;27516928;0
166.2;28606464;0
199.5;25948160;0
199.5;33980416;0
201.6;33984512;0
198.9;33984512;0
201.6;34000896;0
199.5;34017280;0
199.5;34082816;0
142.0;34258944;0
157.7;34205696;0
199.5;34258944;0
199.5;34258944;0
201.6;34258944;0
198.9;34258944;0
172.0;30494720;0
184.7;34611200;0
184.8;34734080;0
199.5;34734080;0
199.5;34734080;0
200.7;34734080;0
170.5;30715904;0
199.5;34799616;0
199.5;34934784;0
143.3;30912512;0
142.0;30978048;0
186.4;31031296;0
216.1;35135488;0
199.5;35139584;0
199.5;35192832;0
199.5;35196928;0
157.7;35266560;0
198.9;35278848;0
184.8;31305728;0
149.6;35401728;0
199.5;35401728;0
198.9;35401728;0
235.2;35516416;0
182.8;35516416;0
149.6;31502336;0
168.0;35602432;0
198.9;35606528;0
200.7;35606528;0
184.7;35606528;0
200.7;35606528;0
149.6;31580160;0
133.0;31703040;0
235.2;35741696;0
198.9;35741696;0
200.7;35741696;0
198.9;35741696;0
186.4;31731712;0
83.1;27865088;0
199.5;29765632;0
201.6;36163584;0
199.5;36163584;0
199.5;36163584;0
149.6;36265984;0
200.7;36278272;0
200.7;36278272;0
213.1;36335616;0
186.4;36339712;0
172.0;36483072;0
198.9;36483072;0
199.5;36483072;0
199.5;36491264;0
201.6;36495360;0
149.6;32473088;0
199.5;36634624;0
143.3;32608256;0
198.9;32718848;0
200.7;36872192;0
198.9;36872192;0
117.6;31686656;0
199.5;37072896;0
199.5;37072896;0
201.6;37072896;0
199.5;37072896;0
133.0;33177600;0
142.0;37343232;0
200.7;37273600;0
200.7;37457920;0
199.5;37457920;0
201.6;33431552;0
182.8;37556224;0
199.5;37568512;0
199.5;37691392;0
199.5;37822464;0
200.7;37822464;0
198.9;37822464;0
143.3;34000896;0
200.7;30801920;0
241.5;32739328;0
199.5;38019072;0
199.5;38023168;0
200.7;38031360;0
200.7;38031360;0
170.5;29982720;0
143.3;38154240;0
186.4;38092800;0
198.9;38092800;0
200.7;38154240;0
170.5;38154240;0
200.7;38154240;0
200.7;38289408;0
85.2;30240768;0
215.0;34484224;0
200.7;38580224;0
198.9;38588416;0
200.7;38592512;0
198.9;38592512;0
201.6;38592512;0
133.0;33091584;0
198.9;38801408;0
200.7;38805504;0
200.7;38805504;0
199.5;38805504;0
129.0;34779136;0
156.2;38944768;0
184.8;34922496;0
182.8;38948864;0
199.5;38948864;0
201.6;39010304;0
182.8;34988032;0
216.1;39092224;0
200.7;39157760;0
198.9;39157760;0
229.4;39227392;0
186.4;39362560;0
149.6;39370752;0
201.6;39370752;0
199.5;39374848;0
199.5;39436288;0
199.5;39436288;0
166.2;35418112;0
168.0;39514112;0
182.8;35491840;0
199.5;39530496;0
201.6;39530496;0
199.5;39723008;0
133.0;34553856;0
133.0;39940096;0
199.5;39940096;0
201.6;39940096;0
200.7;39940096;0
198.9;39940096;0
172.0;35913728;0
129.0;36044800;0
184.7;40017920;0
200.7;40022016;0
198.9;40022016;0
186.4;39632896;0
215.0;40026112;0
198.9;40026112;0
200.7;40026112;0
172.0;36139008;0
156.2;40161280;0
200.7;40165376;0
170.5;40177664;0
199.5;40316928;0
201.6;40316928;0
198.9;40316928;0
199.5;40316928;0
100.8;32264192;0
216.1;40292352;0
199.5;40562688;0
199.5;40562688;0
199.5;40562688;0
201.6;40562688;0
199.5;40562688;0
199.5;40562688;0
184.8;41377792;0
200.7;41377792;0
198.9;41377792;0
200.7;41377792;0
198.9;41369600;0
200.7;41369600;0
143.3;37347328;0
149.6;41353216;0
199.5;40902656;0
201.6;40902656;0
199.5;41041920;0
199.5;41041920;0
149.6;32993280;0
133.0;41160704;0
186.4;41160704;0
200.7;41160704;0
198.9;41160704;0
200.7;41299968;0
200.7;41828352;0
127.8;37801984;0
199.5;41828352;0
199.5;41828352;0
199.5;41820160;0
184.8;41820160;0
182.8;41820160;0
199.5;41820160;0
184.8;37793792;0
149.6;38211584;0
166.2;42254336;0
200.7;42254336;0
198.9;42250240;0
200.7;42250240;0
200.7;42246144;0
198.9;42246144;0
149.6;42258432;0
151.2;42254336;0
199.5;42254336;0
199.5;42250240;0
199.5;42250240;0
198.9;42250240;0
200.7;42246144;0
157.7;38223872;0
116.4;36220928;0
199.5;42459136;0
201.6;42500096;0
200.7;42500096;0
170.5;42500096;0
172.0;38477824;0
170.5;38617088;0
186.4;42987520;0
200.7;42987520;0
199.5;42987520;0
199.5;42987520;0
218.4;38821888;0
199.5;42987520;0
184.7;42995712;0
200.7;42995712;0
199.5;42991616;0
182.8;43323392;0
184.8;43323392;0
199.5;43319296;0
199.5;43319296;0
186.4;32550912;0
229.4;43315200;0
199.5;43315200;0
199.5;43315200;0
157.7;39284736;0
156.2;42934272;0
200.7;42934272;0
201.6;38912000;0
