8.3;28.9;22.3;2.6;1.0;904.0
8.3;90.4;86.5;8.2;0.0;904.0
7.1;130.8;145.0;9.3;0.0;904.0
6.0;165.6;109.8;7.9;1.0;904.0
8.3;190.2;135.6;6.2;0.0;904.0
7.3;211.5;109.0;4.3;0.0;904.0
8.4;228.5;48.8;1.7;0.0;904.0
8.3;487.4;61.1;33.4;7.0;1079.0
8.4;944.5;0.6;0.0;99.0;7860.0
0.0;983.4;3.1;33.3;0.0;7860.0
0.0;983.4;0.0;0.0;0.0;7860.0
0.0;983.4;0.0;0.0;0.0;7860.0
0.0;983.4;0.0;0.0;0.0;7860.0
0.0;983.4;0.0;0.0;0.0;7860.0
0.0;983.4;0.0;0.0;0.0;7860.0
0.0;983.4;0.0;0.0;0.0;7860.0
0.0;983.4;0.0;0.0;0.0;7860.0
0.0;983.4;0.0;0.0;0.0;7860.0
0.0;983.4;0.0;0.0;0.0;7860.0
2.8;1094.7;0.9;111.3;0.0;7860.0
0.0;1139.1;1.0;42.2;0.0;7860.0
8.3;1294.9;0.1;0.0;0.0;7860.0
8.3;1301.7;0.0;0.0;0.0;7860.0
8.3;1312.0;0.2;0.0;1.0;7860.0
8.3;1350.6;0.1;0.0;1.0;7860.0
8.4;1362.1;0.3;0.0;2.0;7860.0
8.3;1389.8;0.6;1.4;0.0;7860.0
19.1;1416.8;0.3;1.5;0.0;7860.0
8.4;1426.0;0.0;0.0;0.0;7860.0
8.3;1421.2;0.0;0.0;0.0;7860.0
8.4;1439.1;0.0;0.0;0.0;7860.0
8.3;1445.3;0.1;0.0;5.0;7940.0
8.3;1882.3;0.1;0.0;8.0;8027.0
8.4;1918.5;18.1;0.3;95.0;8027.0
8.4;1918.7;2.0;0.0;96.0;8027.0
9.6;1918.7;0.0;0.0;96.0;8027.0
8.3;1918.8;0.0;0.0;96.0;8027.0
8.4;1918.8;0.0;0.0;97.0;8027.0
8.3;1918.8;0.0;0.0;96.0;8027.0
8.4;1918.8;0.0;0.0;97.0;8027.0
14.2;1918.8;0.0;0.0;96.0;8027.0
8.3;1918.8;0.0;0.0;97.0;8027.0
8.4;1918.8;0.0;0.0;99.0;8027.0
10.7;1918.9;0.0;0.0;96.0;8027.0
8.4;1918.9;0.0;0.0;99.0;8027.0
8.3;1918.9;0.0;0.0;96.0;8027.0
11.8;1918.9;0.0;0.0;99.0;8027.0
9.6;1918.9;0.0;0.0;96.0;8027.0
8.3;1918.4;9.8;0.2;88.0;8027.0
8.3;1965.2;11.0;0.2;12.0;8027.0
8.3;1967.9;9.2;0.1;2.0;8027.0
97.0;2957.9;0.0;0.0;1.0;8027.0
8.4;2958.0;2.8;0.8;1.0;8027.0
8.4;2961.0;1.3;4.5;1.0;8027.0
8.3;2960.5;1.2;6.8;0.0;8027.0
8.3;2960.8;1.3;4.5;0.0;8027.0
8.4;2961.6;1.2;6.8;0.0;8027.0
8.3;2962.6;1.5;6.8;1.0;8027.0
8.3;2962.9;1.0;2.3;1.0;8027.0
8.3;3102.8;5.0;34.7;0.0;8027.0
8.3;2965.7;0.6;1.4;0.0;8027.0
8.4;2970.6;0.3;1.5;74.0;8027.0
8.3;2970.6;0.0;0.0;99.0;8027.0
8.3;2970.6;0.0;0.0;96.0;8027.0
8.4;2970.6;0.0;0.0;96.0;8027.0
9.5;2970.6;0.0;0.0;96.0;8027.0
9.6;2970.6;0.0;0.0;97.0;8027.0
8.3;2970.6;0.0;0.0;96.0;8027.0
8.3;2970.6;0.0;0.0;96.0;8027.0
8.4;2970.6;0.0;0.0;96.0;8027.0
8.4;2970.6;0.0;0.0;96.0;8027.0
10.8;2970.6;0.0;0.0;99.0;8027.0
9.4;2970.6;0.0;0.0;96.0;8027.0
8.4;2970.6;0.0;0.0;99.0;8027.0
9.5;2970.6;0.0;0.0;96.0;8027.0
8.4;2970.6;0.0;0.0;99.0;8027.0
10.4;2970.1;0.0;0.0;96.0;8027.0
32.0;2976.2;0.0;0.0;42.0;8027.0
99.4;2976.2;0.0;0.0;0.0;8027.0
94.4;2976.2;0.0;0.0;0.0;8027.0
11.8;3004.4;15.1;67.3;2.0;8027.0
8.3;2974.4;0.7;1.5;0.0;8027.0
9.5;2979.9;0.3;1.6;44.0;8027.0
8.4;2979.9;0.0;0.0;96.0;8027.0
11.8;2979.9;0.0;0.0;96.0;8027.0
8.3;2979.9;0.0;0.0;99.0;8027.0
8.4;2979.9;0.0;0.0;96.0;8027.0
10.8;2979.9;0.0;0.0;96.0;8027.0
8.4;2979.9;0.0;0.0;96.0;8027.0
10.4;2979.9;0.0;0.0;97.0;8027.0
8.3;2979.9;0.0;0.0;96.0;8027.0
8.3;2979.9;0.0;0.0;97.0;8027.0
10.8;2979.9;0.0;0.0;96.0;8027.0
9.5;2979.9;0.0;0.0;96.0;8027.0
8.3;2979.9;0.0;0.0;99.0;8027.0
8.4;2979.9;0.0;0.0;96.0;8027.0
8.3;2979.9;0.0;0.0;98.0;8027.0
7.2;2979.4;0.0;0.0;96.0;8027.0
8.3;2992.4;0.0;0.0;0.0;8027.0
99.4;2992.6;0.0;0.0;0.0;8027.0
98.0;2992.6;0.0;0.0;0.0;8027.0
100.3;2992.6;0.0;0.0;0.0;8027.0
75.3;2992.6;0.0;0.0;0.0;8027.0
8.3;2990.1;15.2;67.6;0.0;8027.0
8.4;2992.9;0.6;1.5;0.0;8027.0
8.3;2997.9;0.3;1.6;95.0;8027.0
8.4;2997.9;0.0;0.0;97.0;8027.0
9.4;2997.9;0.0;0.0;96.0;8027.0
7.1;2997.9;0.0;0.0;96.0;8027.0
8.4;2997.9;0.0;0.0;96.0;8027.0
8.3;2997.9;0.0;0.0;97.0;8027.0
8.3;2997.9;0.0;0.0;99.0;8027.0
8.3;2997.9;0.0;0.0;96.0;8027.0
8.4;2997.9;0.0;0.0;97.0;8027.0
8.4;2997.9;0.0;0.0;96.0;8027.0
11.9;2997.9;0.0;0.0;99.0;8027.0
9.4;2997.9;0.0;0.0;96.0;8027.0
13.0;2997.9;0.0;0.0;96.0;8027.0
8.4;2997.9;0.0;0.0;96.0;8027.0
8.3;2997.9;0.0;0.0;96.0;8027.0
8.3;2997.4;0.0;0.0;99.0;8027.0
29.2;3008.2;0.0;0.0;17.0;8027.0
98.0;3008.2;0.0;0.0;0.0;8027.0
87.6;3008.2;0.0;0.0;0.0;8027.0
99.1;3008.2;0.0;0.0;0.0;8027.0
100.3;3008.2;0.0;0.0;0.0;8027.0
30.8;3002.6;5.2;10.8;1.0;8027.0
8.3;3003.2;10.0;57.2;0.0;8027.0
8.4;3009.6;0.9;3.3;0.0;8027.0
8.3;3010.6;0.0;0.0;98.0;8027.0
9.5;3010.6;0.0;0.0;96.0;8027.0
10.8;3010.6;0.0;0.0;99.0;8027.0
8.3;3010.6;0.0;0.0;96.0;8027.0
9.4;3010.6;0.0;0.0;96.0;8027.0
8.4;3010.6;0.0;0.0;96.0;8027.0
8.4;3010.6;0.0;0.0;96.0;8027.0
7.2;3010.6;0.0;0.0;96.0;8027.0
9.4;3010.5;0.0;0.0;96.0;8027.0
9.4;3010.5;0.0;0.0;96.0;8027.0
8.3;3010.5;0.0;0.0;97.0;8027.0
8.4;3014.0;0.0;0.0;98.0;8027.0
8.3;3010.5;0.0;0.0;97.0;8027.0
9.4;3010.5;0.0;0.0;99.0;8027.0
9.6;3010.5;0.0;0.0;96.0;8027.0
8.3;3018.8;0.0;0.0;7.0;8027.0
47.8;3021.5;0.0;0.0;53.0;8027.0
99.1;3021.5;0.0;0.0;0.0;8027.0
98.0;3021.5;0.0;0.0;0.0;8027.0
96.8;3021.5;0.0;0.0;0.0;8027.0
95.6;3021.5;0.0;0.0;0.0;8027.0
97.1;3021.5;0.0;0.0;0.0;8027.0
99.1;3021.5;0.0;0.0;0.0;8027.0
8.3;3017.9;15.2;68.3;1.0;8027.0
8.4;3020.9;0.6;1.7;0.0;8027.0
8.3;3026.4;0.3;1.8;96.0;8027.0
8.3;3026.4;0.0;0.0;96.0;8027.0
8.4;3026.4;0.0;0.0;96.0;8027.0
8.4;3026.4;0.0;0.0;96.0;8027.0
11.9;3026.4;0.0;0.0;96.0;8027.0
8.3;3026.4;0.0;0.0;95.0;8027.0
8.3;3026.4;0.0;0.0;96.0;8027.0
9.5;3026.4;0.0;0.0;97.0;8027.0
8.4;3026.4;0.0;0.0;99.0;8027.0
8.3;3026.4;0.0;0.0;96.0;8027.0
9.4;3026.4;0.0;0.0;99.0;8027.0
8.4;3026.4;0.0;0.0;96.0;8027.0
9.5;3026.4;0.0;0.0;99.0;8027.0
8.4;3026.4;0.0;0.0;95.0;8027.0
9.4;3026.4;0.0;0.0;96.0;8027.0
8.3;3029.0;0.0;0.0;96.0;8027.0
8.4;3040.0;0.0;0.0;0.0;8027.0
95.9;3040.4;0.0;0.0;0.0;8027.0
95.6;3040.4;0.0;0.0;0.0;8027.0
99.1;3040.4;0.0;0.0;0.0;8027.0
100.3;3040.4;0.0;0.0;0.0;8027.0
99.4;3040.4;0.0;0.0;0.0;8027.0
100.3;3040.4;0.0;0.0;0.0;8027.0
98.0;3040.4;0.0;0.0;0.0;8027.0
16.7;3034.6;14.9;35.3;1.0;8027.0
8.3;3036.0;0.3;33.3;1.0;8027.0
8.4;3043.9;0.9;3.6;0.0;8027.0
11.5;3045.1;0.0;0.0;96.0;8027.0
8.3;3045.1;0.0;0.0;99.0;8027.0
9.6;3045.1;0.0;0.0;95.0;8027.0
8.3;3045.1;0.0;0.0;96.0;8027.0
8.3;3047.9;0.0;0.0;96.0;8027.0
8.4;3045.1;0.0;0.0;96.0;8027.0
8.3;3045.1;0.0;0.0;96.0;8027.0
9.6;3045.1;0.0;0.0;97.0;8027.0
9.4;3045.1;0.0;0.0;96.0;8027.0
10.4;3045.1;0.0;0.0;96.0;8027.0
8.4;3045.1;0.0;0.0;98.0;8027.0
8.4;3045.1;0.0;0.0;96.0;8027.0
8.4;3045.1;0.0;0.0;98.0;8027.0
9.4;3045.1;0.0;0.0;96.0;8027.0
8.4;3045.1;0.0;0.0;96.0;8027.0
8.3;3056.6;0.0;0.0;43.0;8027.0
8.4;3060.3;0.0;0.0;6.0;8027.0
100.3;3060.3;0.0;0.0;0.0;8027.0
98.2;3060.3;0.0;0.0;0.0;8027.0
93.2;3060.3;0.0;0.0;0.0;8027.0
99.4;3060.3;0.0;0.0;0.0;8027.0
99.4;3060.4;0.0;0.0;0.0;8027.0
92.3;3060.4;0.0;0.0;0.0;8027.0
98.2;3060.4;0.0;0.0;0.0;8027.0
95.6;3060.4;0.0;0.0;0.0;8027.0
88.5;3060.4;0.0;0.0;0.0;8027.0
8.4;3056.7;15.2;68.8;0.0;8027.0
8.4;3059.4;0.6;1.8;0.0;8027.0
8.4;3065.4;0.3;1.9;99.0;8027.0
8.4;3065.4;0.0;0.0;96.0;8027.0
8.3;3065.4;0.0;0.0;96.0;8027.0
13.0;3065.4;0.0;0.0;96.0;8027.0
7.2;3065.4;0.0;0.0;96.0;8027.0
8.3;3065.4;0.0;0.0;96.0;8027.0
8.3;3065.4;0.0;0.0;96.0;8027.0
8.4;3065.4;0.0;0.0;96.0;8027.0
8.3;3065.4;0.0;0.0;97.0;8027.0
8.4;3065.4;0.0;0.0;99.0;8027.0
10.7;3065.4;0.0;0.0;97.0;8027.0
10.4;3065.4;0.0;0.0;96.0;8027.0
8.4;3065.4;0.0;0.0;96.0;8027.0
8.3;3065.4;0.0;0.0;99.0;8027.0
9.6;3065.4;0.0;0.0;96.0;8027.0
8.3;3064.9;0.0;0.0;98.0;8027.0
8.4;3077.9;0.0;0.0;0.0;8027.0
100.3;3083.7;0.0;0.0;2.0;8027.0
92.0;3083.7;0.0;0.0;0.0;8027.0
100.3;3083.7;0.0;0.0;0.0;8027.0
93.8;3083.7;0.0;0.0;0.0;8027.0
98.2;3083.7;0.0;0.0;0.0;8027.0
99.1;3083.7;0.0;0.0;0.0;8027.0
97.1;3083.7;0.0;0.0;0.0;8027.0
100.3;3083.7;0.0;0.0;0.0;8027.0
99.4;3083.7;0.0;0.0;0.0;8027.0
99.4;3083.7;0.0;0.0;0.0;8027.0
94.4;3083.7;0.0;0.0;0.0;8027.0
8.3;3078.4;15.2;69.2;1.0;8027.0
8.4;3080.9;0.6;1.9;0.0;8027.0
8.3;3084.0;0.3;2.0;62.0;8027.0
9.6;3084.0;0.0;0.0;97.0;8027.0
11.5;3084.0;0.0;0.0;96.0;8027.0
9.5;3084.0;0.0;0.0;96.0;8027.0
8.4;3084.0;0.0;0.0;95.0;8027.0
8.3;3084.0;0.0;0.0;97.0;8027.0
8.3;3084.0;0.0;0.0;98.0;8027.0
9.4;3084.0;0.0;0.0;97.0;8027.0
8.4;3084.0;0.0;0.0;96.0;8027.0
8.4;3084.0;0.0;0.0;96.0;8027.0
13.1;3084.0;0.0;0.0;99.0;8027.0
8.3;3084.0;0.0;0.0;96.0;8027.0
10.7;3084.0;0.0;0.0;99.0;8027.0
8.4;3084.0;0.0;0.0;96.0;8027.0
9.5;3084.0;0.0;0.0;96.0;8027.0
9.4;3083.5;0.0;0.0;96.0;8027.0
8.3;3095.3;0.0;0.0;0.0;8027.0
8.3;3104.1;0.0;0.0;0.0;8027.0
100.3;3104.1;0.0;0.0;0.0;8027.0
99.1;3104.1;0.0;0.0;0.0;8027.0
97.9;3104.1;0.0;0.0;0.0;8027.0
99.1;3104.1;0.0;0.0;0.0;8027.0
100.3;3104.1;0.0;0.0;0.0;8027.0
100.3;3104.1;0.0;0.0;0.0;8027.0
99.0;3104.1;0.0;0.0;0.0;8027.0
98.2;3104.1;0.0;0.0;0.0;8027.0
96.8;3104.1;0.0;0.0;0.0;8027.0
96.8;3104.1;0.0;0.0;1.0;8027.0
100.3;3104.1;0.0;0.0;0.0;8027.0
72.0;3104.1;0.0;0.0;0.0;8027.0
8.4;3100.4;15.2;69.5;1.0;8027.0
8.4;3100.6;0.6;1.9;0.0;8027.0
8.3;3105.3;0.3;2.1;96.0;8027.0
8.4;3105.3;0.0;0.0;96.0;8027.0
8.3;3105.3;0.0;0.0;96.0;8027.0
8.4;3105.3;0.0;0.0;99.0;8027.0
9.5;3105.3;0.0;0.0;96.0;8027.0
8.3;3105.3;0.0;0.0;98.0;8027.0
11.9;3105.3;0.0;0.0;96.0;8027.0
7.1;3105.3;0.0;0.0;99.0;8027.0
9.6;3105.3;0.0;0.0;96.0;8027.0
8.3;3105.3;0.0;0.0;96.0;8027.0
8.3;3105.3;0.0;0.0;96.0;8027.0
8.4;3105.3;0.0;0.0;96.0;8027.0
11.8;3105.3;0.0;0.0;96.0;8027.0
9.6;3105.3;0.0;0.0;97.0;8027.0
8.3;3105.3;0.0;0.0;96.0;8027.0
11.9;3104.8;0.0;0.0;91.0;8027.0
8.4;3123.0;0.0;0.0;0.0;8027.0
8.4;3133.0;0.0;0.0;2.0;8027.0
95.9;3133.0;0.0;0.0;11.0;8027.0
99.0;3133.0;0.0;0.0;0.0;8027.0
99.4;3133.0;0.0;0.0;0.0;8027.0
92.0;3133.0;0.0;0.0;0.0;8027.0
95.6;3133.0;0.0;0.0;0.0;8027.0
100.3;3133.0;0.0;0.0;0.0;8027.0
98.0;3133.0;0.0;0.0;0.0;8027.0
10.8;3143.2;14.9;36.5;5.0;8027.0
8.3;3127.7;0.3;33.3;0.0;8027.0
8.4;3131.4;0.6;2.0;1.0;8027.0
8.3;3134.0;0.3;2.2;100.0;8027.0
