8.3;61.3;16.3;1.2;1.0;942.0
8.3;99.6;112.1;9.7;0.0;942.0
7.3;139.5;158.4;9.0;0.0;942.0
7.2;169.9;128.9;6.9;0.0;942.0
8.4;198.9;96.6;6.7;0.0;942.0
8.3;223.3;124.4;4.3;1.0;942.0
8.3;278.4;60.4;33.4;0.0;1074.0
7.1;786.4;1.3;0.0;9.0;7897.0
2.4;983.3;3.1;33.3;0.0;7897.0
0.0;983.3;0.0;0.0;0.0;7897.0
0.0;983.3;0.0;0.0;0.0;7897.0
0.0;983.3;0.0;0.0;0.0;7897.0
0.0;983.3;0.0;0.0;0.0;7897.0
0.0;983.3;0.0;0.0;0.0;7897.0
0.0;983.3;0.0;0.0;0.0;7897.0
0.0;983.3;0.0;0.0;0.0;7897.0
0.0;983.3;0.0;0.0;0.0;7897.0
0.0;983.3;0.0;0.0;0.0;7897.0
2.4;1138.9;1.9;153.5;0.0;7897.0
8.3;1293.1;0.0;0.0;0.0;7897.0
8.4;1296.4;0.1;0.0;0.0;7897.0
8.4;1305.7;0.0;0.0;0.0;7897.0
8.4;1316.8;0.3;0.0;1.0;7897.0
8.4;1387.5;0.0;0.0;0.0;7897.0
8.3;1370.9;0.3;0.0;0.0;7897.0
8.4;1406.9;0.9;2.9;0.0;7897.0
8.3;1417.1;0.0;0.0;0.0;7897.0
8.4;1419.3;0.0;0.0;1.0;7897.0
8.3;1436.3;0.0;0.0;0.0;7897.0
8.3;1410.6;0.0;0.0;2.0;7935.0
8.4;1704.5;0.2;0.0;14.0;8060.0
8.3;1918.1;1.7;0.0;98.0;8064.0
9.5;1919.6;19.4;0.3;94.0;8064.0
8.4;1919.7;0.0;0.0;96.0;8064.0
9.5;1919.8;0.0;0.0;96.0;8064.0
9.6;1919.8;0.0;0.0;95.0;8064.0
10.4;1919.9;0.0;0.0;96.0;8064.0
9.4;1919.9;0.0;0.0;96.0;8064.0
9.8;1919.9;0.0;0.0;96.0;8064.0
9.6;1919.9;0.0;0.0;99.0;8064.0
8.4;1919.9;0.0;0.0;96.0;8064.0
9.5;1919.9;0.0;0.0;97.0;8064.0
11.1;1919.9;0.0;0.0;97.0;8064.0
8.3;1919.9;0.0;0.0;96.0;8064.0
8.4;1919.9;0.0;0.0;96.0;8064.0
8.3;1919.9;0.0;0.0;98.0;8064.0
8.3;1919.5;4.4;0.1;92.0;8064.0
8.4;1968.1;16.0;0.2;0.0;8064.0
8.3;1970.7;9.2;0.1;0.0;8064.0
97.1;2960.9;0.0;0.0;0.0;8064.0
8.3;2959.9;2.8;0.7;0.0;8064.0
8.3;2962.4;1.5;6.8;0.0;8064.0
8.4;2962.7;1.3;4.5;0.0;8064.0
8.3;2963.8;1.2;6.8;0.0;8064.0
8.4;2964.5;1.5;6.8;0.0;8064.0
8.3;2965.7;1.3;4.5;0.0;8064.0
8.4;2966.4;1.5;2.3;0.0;8064.0
8.4;2968.1;4.2;34.7;1.0;8064.0
8.4;2973.1;0.9;3.0;0.0;8064.0
8.3;2973.1;0.0;0.0;96.0;8064.0
9.7;2973.1;0.0;0.0;96.0;8064.0
9.6;2973.1;0.0;0.0;96.0;8064.0
8.3;2973.1;0.0;0.0;96.0;8064.0
8.4;2973.1;0.0;0.0;96.0;8064.0
9.4;2973.1;0.0;0.0;96.0;8064.0
8.3;2973.1;0.0;0.0;97.0;8064.0
15.5;2973.1;0.0;0.0;99.0;8064.0
9.5;2973.1;0.0;0.0;96.0;8064.0
9.4;2973.1;0.0;0.0;97.0;8064.0
8.4;2973.1;0.0;0.0;96.0;8064.0
13.0;2973.1;0.0;0.0;96.0;8064.0
9.6;2973.1;0.0;0.0;96.0;8064.0
8.3;2973.1;0.0;0.0;96.0;8064.0
8.4;2972.6;0.0;0.0;62.0;8064.0
100.3;2978.2;0.0;0.0;52.0;8064.0
99.7;2978.2;0.0;0.0;0.0;8064.0
92.0;2978.2;0.0;0.0;0.0;8064.0
8.3;2974.6;15.2;67.1;1.0;8064.0
8.4;2977.2;0.6;1.5;0.0;8064.0
8.3;2982.9;0.3;1.6;98.0;8064.0
10.8;2982.9;0.0;0.0;96.0;8064.0
9.4;2982.9;0.0;0.0;96.0;8064.0
9.5;2982.9;0.0;0.0;95.0;8064.0
8.4;2982.9;0.0;0.0;96.0;8064.0
9.5;2982.9;0.0;0.0;96.0;8064.0
7.1;2982.9;0.0;0.0;96.0;8064.0
12.5;2982.9;0.0;0.0;96.0;8064.0
8.3;2982.9;0.0;0.0;96.0;8064.0
8.4;2982.9;0.0;0.0;96.0;8064.0
9.7;2982.9;0.0;0.0;96.0;8064.0
8.3;2982.9;0.0;0.0;99.0;8064.0
10.4;2982.9;0.0;0.0;96.0;8064.0
9.6;2982.9;0.0;0.0;96.0;8064.0
8.4;2982.4;0.0;0.0;96.0;8064.0
8.3;2993.7;0.0;0.0;0.0;8064.0
100.3;2993.8;0.0;0.0;0.0;8064.0
100.3;2993.8;0.0;0.0;0.0;8064.0
98.2;2993.8;0.0;0.0;0.0;8064.0
86.0;2993.8;0.0;0.0;1.0;8064.0
8.3;2990.4;15.2;67.4;0.0;8064.0
8.4;2995.2;0.6;1.5;0.0;8064.0
8.3;2999.3;0.3;1.6;95.0;8064.0
8.3;2999.3;0.0;0.0;95.0;8064.0
8.4;2999.3;0.0;0.0;96.0;8064.0
9.5;2999.3;0.0;0.0;96.0;8064.0
8.4;2999.3;0.0;0.0;99.0;8064.0
9.5;2999.3;0.0;0.0;96.0;8064.0
8.4;2999.3;0.0;0.0;96.0;8064.0
8.4;2999.3;0.0;0.0;99.0;8064.0
8.4;2999.3;0.0;0.0;96.0;8064.0
8.4;2999.3;0.0;0.0;96.0;8064.0
8.4;2999.3;0.0;0.0;98.0;8064.0
8.3;2999.3;0.0;0.0;96.0;8064.0
11.5;2999.3;0.0;0.0;96.0;8064.0
8.4;2999.3;0.0;0.0;95.0;8064.0
8.3;3001.9;0.0;0.0;71.0;8064.0
17.9;3008.8;0.0;0.0;52.0;8064.0
99.1;3008.8;0.0;0.0;0.0;8064.0
99.1;3008.8;0.0;0.0;0.0;8064.0
99.7;3008.8;0.0;0.0;0.0;8064.0
98.2;3008.8;0.0;0.0;0.0;8064.0
8.3;3036.6;15.1;67.6;1.0;8064.0
8.3;3006.9;0.7;1.6;0.0;8064.0
8.4;3013.4;0.3;1.7;60.0;8064.0
8.3;3013.4;0.0;0.0;96.0;8064.0
13.5;3013.4;0.0;0.0;96.0;8064.0
9.6;3013.4;0.0;0.0;96.0;8064.0
8.3;3013.4;0.0;0.0;96.0;8064.0
9.6;3013.4;0.0;0.0;96.0;8064.0
8.3;3013.4;0.0;0.0;96.0;8064.0
9.4;3013.4;0.0;0.0;96.0;8064.0
8.4;3013.4;0.0;0.0;96.0;8064.0
8.3;3013.4;0.0;0.0;96.0;8064.0
9.8;3013.4;0.0;0.0;99.0;8064.0
8.3;3013.4;0.0;0.0;96.0;8064.0
8.3;3013.4;0.0;0.0;97.0;8064.0
8.4;3013.4;0.0;0.0;99.0;8064.0
8.4;3013.4;0.0;0.0;96.0;8064.0
8.4;3022.5;0.0;0.0;0.0;8064.0
75.0;3025.2;0.0;0.0;46.0;8064.0
98.0;3025.2;0.0;0.0;0.0;8064.0
98.2;3025.2;0.0;0.0;0.0;8064.0
97.1;3025.2;0.0;0.0;0.0;8064.0
88.8;3025.2;0.0;0.0;0.0;8064.0
95.6;3025.2;0.0;0.0;0.0;8064.0
27.2;3019.6;7.3;21.9;3.0;8064.0
8.4;3020.2;7.9;45.9;0.0;8064.0
8.3;3028.1;0.9;3.4;0.0;8064.0
8.3;3028.7;0.0;0.0;96.0;8064.0
8.4;3028.7;0.0;0.0;97.0;8064.0
8.3;3028.7;0.0;0.0;96.0;8064.0
8.3;3028.7;0.0;0.0;96.0;8064.0
8.4;3028.7;0.0;0.0;96.0;8064.0
10.7;3028.7;0.0;0.0;96.0;8064.0
10.8;3028.7;0.0;0.0;96.0;8064.0
9.5;3028.7;0.0;0.0;96.0;8064.0
8.3;3028.7;0.0;0.0;96.0;8064.0
9.4;3028.7;0.0;0.0;96.0;8064.0
9.7;3028.7;0.0;0.0;99.0;8064.0
9.6;3028.7;0.0;0.0;96.0;8064.0
8.3;3028.7;0.0;0.0;96.0;8064.0
10.4;3028.7;0.0;0.0;99.0;8064.0
11.2;3028.3;0.0;0.0;96.0;8064.0
8.4;3040.9;0.0;0.0;0.0;8064.0
95.6;3041.3;0.0;0.0;24.0;8064.0
100.3;3041.3;0.0;0.0;0.0;8064.0
99.1;3041.3;0.0;0.0;0.0;8064.0
100.3;3041.3;0.0;0.0;0.0;8064.0
98.0;3041.3;0.0;0.0;0.0;8064.0
100.3;3041.3;0.0;0.0;0.0;8064.0
93.5;3041.3;0.0;0.0;0.0;8064.0
15.4;3035.6;5.2;10.9;2.0;8064.0
8.4;3037.7;10.0;57.2;0.0;8064.0
8.3;3045.5;0.9;3.6;0.0;8064.0
8.3;3045.5;0.0;0.0;96.0;8064.0
8.4;3045.5;0.0;0.0;96.0;8064.0
9.5;3045.5;0.0;0.0;97.0;8064.0
10.8;3045.5;0.0;0.0;96.0;8064.0
9.6;3045.5;0.0;0.0;96.0;8064.0
8.3;3045.5;0.0;0.0;99.0;8064.0
8.4;3045.5;0.0;0.0;96.0;8064.0
11.1;3045.5;0.0;0.0;97.0;8064.0
9.4;3045.5;0.0;0.0;96.0;8064.0
8.3;3045.5;0.0;0.0;96.0;8064.0
10.7;3045.5;0.0;0.0;96.0;8064.0
9.8;3045.5;0.0;0.0;96.0;8064.0
8.3;3045.5;0.0;0.0;96.0;8064.0
8.3;3045.5;0.0;0.0;96.0;8064.0
10.8;3045.0;0.0;0.0;31.0;8064.0
8.4;3060.8;0.0;0.0;0.0;8064.0
99.1;3060.8;0.0;0.0;0.0;8064.0
95.6;3060.8;0.0;0.0;0.0;8064.0
94.8;3060.8;0.0;0.0;0.0;8064.0
100.3;3060.8;0.0;0.0;0.0;8064.0
99.1;3060.8;0.0;0.0;0.0;8064.0
99.1;3060.8;0.0;0.0;0.0;8064.0
98.0;3060.8;0.0;0.0;0.0;8064.0
99.4;3060.8;0.0;0.0;0.0;8064.0
95.9;3060.8;0.0;0.0;0.0;8064.0
8.4;3055.1;15.2;68.3;0.0;8064.0
8.3;3059.0;0.6;1.8;0.0;8064.0
8.3;3065.6;0.3;1.9;36.0;8064.0
7.2;3065.6;0.0;0.0;99.0;8064.0
9.7;3065.6;0.0;0.0;96.0;8064.0
8.4;3065.6;0.0;0.0;96.0;8064.0
9.4;3065.6;0.0;0.0;96.0;8064.0
6.9;3065.6;0.0;0.0;96.0;8064.0
8.4;3065.6;0.0;0.0;96.0;8064.0
8.4;3065.6;0.0;0.0;96.0;8064.0
10.4;3065.6;0.0;0.0;96.0;8064.0
8.3;3065.6;0.0;0.0;99.0;8064.0
9.6;3065.6;0.0;0.0;96.0;8064.0
8.3;3065.6;0.0;0.0;96.0;8064.0
8.4;3065.6;0.0;0.0;97.0;8064.0
9.6;3065.6;0.0;0.0;96.0;8064.0
9.5;3065.6;0.0;0.0;96.0;8064.0
8.4;3076.9;0.0;0.0;12.0;8064.0
8.3;3083.5;0.0;0.0;19.0;8064.0
99.4;3083.5;0.0;0.0;0.0;8064.0
98.0;3083.5;0.0;0.0;0.0;8064.0
100.3;3083.5;0.0;0.0;0.0;8064.0
100.3;3083.5;0.0;0.0;0.0;8064.0
100.3;3083.5;0.0;0.0;0.0;8064.0
99.1;3083.5;0.0;0.0;0.0;8064.0
95.9;3083.5;0.0;0.0;0.0;8064.0
99.1;3083.5;0.0;0.0;0.0;8064.0
99.1;3083.5;0.0;0.0;0.0;8064.0
100.0;3083.5;0.0;0.0;0.0;8064.0
8.3;3078.3;15.2;68.6;0.0;8064.0
8.4;3082.1;0.6;1.9;0.0;8064.0
8.3;3085.1;0.3;2.0;42.0;8064.0
9.4;3085.1;0.0;0.0;99.0;8064.0
8.3;3085.1;0.0;0.0;95.0;8064.0
8.3;3085.1;0.0;0.0;97.0;8064.0
8.4;3085.1;0.0;0.0;98.0;8064.0
8.4;3085.1;0.0;0.0;96.0;8064.0
7.3;3085.1;0.0;0.0;96.0;8064.0
8.4;3085.1;0.0;0.0;99.0;8064.0
8.3;3085.1;0.0;0.0;96.0;8064.0
9.6;3085.1;0.0;0.0;96.0;8064.0
8.4;3085.1;0.0;0.0;96.0;8064.0
8.3;3085.1;0.0;0.0;96.0;8064.0
8.3;3085.1;0.0;0.0;96.0;8064.0
8.3;3085.1;0.0;0.0;96.0;8064.0
8.3;3085.1;0.0;0.0;96.0;8064.0
8.3;3096.7;0.0;0.0;4.0;8064.0
8.4;3106.2;0.0;0.0;0.0;8064.0
99.1;3106.2;0.0;0.0;57.0;8064.0
99.7;3106.2;0.0;0.0;0.0;8064.0
99.1;3106.2;0.0;0.0;0.0;8064.0
99.7;3106.2;0.0;0.0;0.0;8064.0
99.4;3106.3;0.0;0.0;0.0;8064.0
97.1;3106.3;0.0;0.0;0.0;8064.0
98.2;3106.3;0.0;0.0;0.0;8064.0
98.2;3106.3;0.0;0.0;0.0;8064.0
99.7;3106.3;0.0;0.0;0.0;8064.0
99.7;3106.3;0.0;0.0;0.0;8064.0
100.3;3106.3;0.0;0.0;0.0;8064.0
15.6;3100.2;8.2;27.4;1.0;8064.0
8.4;3101.2;7.0;41.4;0.0;8064.0
8.3;3102.8;0.9;4.0;0.0;8064.0
9.6;3107.4;0.0;0.0;99.0;8064.0
8.3;3107.4;0.0;0.0;96.0;8064.0
8.3;3107.4;0.0;0.0;96.0;8064.0
8.4;3107.4;0.0;0.0;96.0;8064.0
10.7;3107.4;0.0;0.0;96.0;8064.0
8.4;3107.4;0.0;0.0;96.0;8064.0
9.4;3107.4;0.0;0.0;96.0;8064.0
8.4;3107.4;0.0;0.0;96.0;8064.0
9.6;3107.4;0.0;0.0;99.0;8064.0
8.4;3107.4;0.0;0.0;96.0;8064.0
8.4;3107.4;0.0;0.0;96.0;8064.0
13.5;3107.4;0.0;0.0;99.0;8064.0
11.9;3107.4;0.0;0.0;96.0;8064.0
8.3;3107.4;0.0;0.0;96.0;8064.0
8.3;3107.0;0.0;0.0;99.0;8064.0
8.3;3121.1;0.0;0.0;0.0;8064.0
8.3;3131.8;0.0;0.0;0.0;8064.0
99.1;3131.8;0.0;0.0;0.0;8064.0
95.6;3131.8;0.0;0.0;0.0;8064.0
97.9;3131.8;0.0;0.0;0.0;8064.0
98.2;3131.8;0.0;0.0;0.0;8064.0
99.7;3131.8;0.0;0.0;0.0;8064.0
100.3;3131.8;0.0;0.0;0.0;8064.0
94.4;3131.8;0.0;0.0;0.0;8064.0
100.3;3131.8;0.0;0.0;0.0;8064.0
100.3;3131.8;0.0;0.0;0.0;8064.0
97.1;3131.8;0.0;0.0;0.0;8064.0
100.3;3131.8;0.0;0.0;0.0;8064.0
99.0;3131.8;0.0;0.0;0.0;8064.0
9.6;3172.6;15.2;69.0;2.0;8064.0
8.4;3127.8;0.0;0.0;0.0;8064.0
8.4;3128.3;0.9;4.2;0.0;8064.0
9.4;3132.9;0.0;0.0;96.0;8064.0
11.8;3132.9;0.0;0.0;95.0;8064.0
8.4;3098.7;0.0;0.0;96.0;8064.0
8.3;3098.8;0.0;0.0;96.0;8064.0
8.3;3099.0;0.0;0.0;96.0;8064.0
8.3;3099.1;0.0;0.0;96.0;8064.0
9.5;3099.2;0.0;0.0;96.0;8064.0
