10.7;5.4;0.5;0.0;342.0


8.4;128.6;7.6;0.0;342.0


8.3;93.6;7.4;0.0;342.0


1.2;83.6;8.3;0.0;342.0


0.0;0.3;0.0;0.0;342.0


4.2;25.9;1.0;0.0;342.0


8.3;2.3;0.2;5.0;499.0


8.4;0.0;0.0;5.0;689.0


8.3;0.0;0.0;6.0;819.0


8.4;0.2;0.0;4.0;931.0


8.3;1.0;0.3;8.0;1107.0


8.4;69.2;67.4;2.0;1551.0


8.3;84.8;353.6;38.0;1863.0


4.8;0.1;0.0;16.0;1863.0


0.0;0.3;0.0;0.0;1863.0


0.0;15.3;0.2;0.0;1863.0


1.2;0.3;0.0;0.0;1863.0


4.7;14.4;0.4;0.0;1863.0


8.3;1.2;0.3;36.0;1951.0


8.3;0.0;0.0;32.0;2051.0


8.4;0.0;0.0;42.0;2153.0


8.4;0.0;0.0;31.0;2255.0


5.9;0.0;0.0;40.0;4661.0


8.3;0.0;0.0;55.0;4661.0


8.3;0.0;0.0;54.0;4661.0


8.4;0.0;0.0;55.0;4661.0


8.3;0.0;0.0;53.0;4661.0


8.3;0.0;0.0;54.0;4661.0


8.4;0.0;0.0;53.0;4661.0


8.3;0.0;0.0;55.0;4661.0


8.4;0.0;0.0;55.0;4661.0


8.4;0.0;0.0;54.0;4661.0


8.3;0.0;0.0;55.0;4661.0


8.4;0.0;0.0;55.0;4661.0


8.3;0.0;0.0;55.0;4661.0


8.4;0.0;0.0;54.0;4661.0


0.0;10.6;0.8;0.0;4661.0


0.0;0.3;0.0;0.0;4661.0


0.0;13.6;0.2;0.0;4661.0


0.0;0.3;0.0;0.0;4661.0


8.3;16.7;0.7;44.0;4683.0


8.3;0.0;0.0;44.0;4683.0


8.3;0.0;0.0;43.0;4683.0


8.4;0.0;0.0;54.0;4683.0


8.3;0.0;0.0;55.0;4683.0


8.4;0.0;0.0;55.0;4683.0


8.3;0.0;0.0;55.0;4683.0


8.4;0.0;0.0;55.0;4683.0


8.3;0.0;0.0;53.0;4683.0


8.4;0.0;0.0;54.0;4683.0


8.4;0.0;0.0;55.0;4683.0


8.3;0.0;0.0;55.0;4683.0


8.4;0.0;0.0;55.0;4683.0


8.3;0.0;0.0;54.0;4683.0


8.3;0.0;0.0;55.0;4683.0


8.3;0.0;0.0;55.0;4683.0


7.1;10.6;0.8;32.0;4683.0


0.0;0.3;0.0;0.0;4683.0


0.0;14.8;0.2;0.0;4683.0


0.0;0.3;0.0;0.0;4683.0


3.6;15.3;0.4;0.0;4683.0


8.3;1.0;0.3;43.0;4683.0


8.4;0.0;0.0;43.0;4683.0


8.3;0.0;0.0;43.0;4683.0


8.4;0.0;0.0;33.0;4683.0


8.3;0.0;0.0;54.0;4683.0


8.4;0.0;0.0;53.0;4683.0


8.4;0.0;0.0;54.0;4683.0


8.3;0.0;0.0;54.0;4683.0


8.4;0.0;0.0;55.0;4683.0


8.3;0.0;0.0;55.0;4683.0


8.3;0.0;0.0;55.0;4683.0


8.3;0.0;0.0;54.0;4683.0


8.4;0.0;0.0;54.0;4683.0


8.4;0.0;0.0;55.0;4683.0


8.3;0.0;0.0;55.0;4683.0


8.4;0.0;0.0;53.0;4683.0


0.0;10.6;0.8;19.0;4683.0


0.0;0.3;0.0;0.0;4683.0


0.0;14.7;0.2;0.0;4683.0


0.0;0.3;0.0;0.0;4683.0


8.4;16.7;0.7;12.0;4683.0


8.4;0.0;0.0;43.0;4683.0


8.4;0.0;0.0;43.0;4683.0


8.4;0.0;0.0;50.0;4683.0


8.4;0.0;0.0;39.0;4683.0


8.4;0.0;0.0;55.0;4683.0


8.3;0.0;0.0;54.0;4683.0


8.4;0.0;0.0;54.0;4683.0


8.3;0.0;0.0;54.0;4683.0


8.3;0.0;0.0;54.0;4683.0


8.4;0.0;0.0;54.0;4683.0


8.3;0.0;0.0;54.0;4683.0


8.4;0.0;0.0;54.0;4683.0


8.3;0.0;0.0;54.0;4683.0


8.3;0.0;0.0;53.0;4683.0


8.4;0.0;0.0;55.0;4683.0


8.3;0.0;0.0;39.0;4683.0


0.0;10.6;0.8;0.0;4683.0


0.0;0.3;0.0;0.0;4683.0


0.0;12.6;0.2;0.0;4683.0


0.0;0.3;0.0;0.0;4683.0


6.9;15.6;0.7;7.0;4683.0


8.4;0.0;0.0;43.0;4683.0


8.3;0.0;0.0;43.0;4683.0


8.3;0.0;0.0;43.0;4683.0


8.3;0.0;0.0;53.0;4683.0


8.3;0.0;0.0;54.0;4683.0


8.3;0.0;0.0;54.0;4683.0


8.4;0.0;0.0;53.0;4683.0


8.4;0.0;0.0;54.0;4683.0


8.3;0.0;0.0;54.0;4683.0


8.3;0.0;0.0;54.0;4683.0


8.3;0.0;0.0;54.0;4683.0


8.3;0.0;0.0;54.0;4683.0


8.4;0.0;0.0;54.0;4683.0


8.3;0.0;0.0;54.0;4683.0


8.4;0.0;0.0;55.0;4683.0


8.4;0.0;0.0;55.0;4683.0


0.0;10.6;0.8;0.0;4683.0


0.0;0.3;0.0;0.0;4683.0


0.0;13.9;0.2;0.0;4683.0


0.0;0.3;0.0;0.0;4683.0


8.3;16.2;0.7;31.0;4683.0


8.3;0.0;0.0;43.0;4683.0


8.3;0.0;0.0;43.0;4683.0


8.3;0.0;0.0;43.0;4683.0


8.4;0.0;0.0;54.0;4683.0


8.3;0.0;0.0;55.0;4683.0


8.4;0.0;0.0;55.0;4683.0


8.3;0.0;0.0;55.0;4683.0


8.3;0.0;0.0;55.0;4683.0


8.4;0.0;0.0;55.0;4683.0


8.3;0.0;0.0;55.0;4683.0


8.4;0.0;0.0;55.0;4683.0


8.3;0.0;0.0;55.0;4683.0


8.4;0.0;0.0;54.0;4683.0


8.3;0.0;0.0;55.0;4683.0


8.3;0.0;0.0;55.0;4683.0


8.4;0.0;0.0;55.0;4683.0


0.0;10.6;0.8;0.0;4683.0


0.0;0.3;0.0;0.0;4683.0


0.0;14.3;0.2;0.0;4683.0


0.0;0.3;0.0;0.0;4683.0


8.3;16.1;0.7;39.0;4683.0


8.4;0.0;0.0;43.0;4683.0


8.4;0.0;0.0;43.0;4683.0


8.3;0.0;0.0;52.0;4683.0


8.3;0.0;0.0;53.0;4683.0


8.3;0.0;0.0;55.0;4683.0


8.3;0.0;0.0;55.0;4683.0


8.4;0.0;0.0;54.0;4683.0


8.3;0.0;0.0;55.0;4683.0


8.4;0.0;0.0;55.0;4683.0


8.4;0.0;0.0;55.0;4683.0


8.3;0.0;0.0;55.0;4683.0


8.4;0.0;0.0;53.0;4683.0


8.4;0.0;0.0;54.0;4683.0


8.4;0.0;0.0;55.0;4683.0


8.3;0.0;0.0;55.0;4683.0


8.4;10.6;0.8;9.0;4683.0


0.0;0.3;0.0;0.0;4683.0


0.0;15.1;0.2;0.0;4683.0


0.0;0.3;0.0;0.0;4683.0


4.7;14.7;0.4;0.0;4683.0


8.4;1.0;0.3;43.0;4683.0


8.3;0.0;0.0;43.0;4683.0


8.3;0.0;0.0;43.0;4683.0


8.4;0.0;0.0;37.0;4683.0


8.3;0.0;0.0;55.0;4683.0


8.4;0.0;0.0;54.0;4683.0


8.3;0.0;0.0;54.0;4683.0


8.4;0.0;0.0;55.0;4683.0


8.3;0.0;0.0;53.0;4683.0


8.3;0.0;0.0;55.0;4683.0


8.4;0.0;0.0;55.0;4683.0


8.3;0.0;0.0;55.0;4683.0


8.3;0.0;0.0;55.0;4683.0


8.3;0.0;0.0;55.0;4683.0


8.3;0.0;0.0;55.0;4683.0


8.3;0.0;0.0;55.0;4683.0


0.0;10.6;0.8;0.0;4683.0


0.0;0.3;0.0;0.0;4683.0


0.0;14.4;0.2;0.0;4683.0


0.0;0.3;0.0;0.0;4683.0


8.3;15.9;0.7;0.0;4683.0


8.3;0.0;0.0;43.0;4683.0


8.4;0.0;0.0;43.0;4683.0


8.3;0.0;0.0;43.0;4683.0


8.4;0.0;0.0;51.0;4683.0


8.4;0.0;0.0;55.0;4683.0


8.4;0.0;0.0;55.0;4683.0


8.4;0.0;0.0;54.0;4683.0


8.4;0.0;0.0;54.0;4683.0


8.4;0.0;0.0;55.0;4683.0


8.3;0.0;0.0;55.0;4683.0


8.3;0.0;0.0;55.0;4683.0


8.3;0.0;0.0;55.0;4683.0


8.3;0.0;0.0;55.0;4683.0


8.4;0.0;0.0;55.0;4683.0


8.3;0.0;0.0;55.0;4683.0


8.4;0.0;0.0;55.0;4683.0


0.0;10.6;0.8;0.0;4683.0


0.0;0.3;0.0;0.0;4683.0


0.0;14.9;0.2;0.0;4683.0


0.0;0.3;0.0;0.0;4683.0


8.4;17.3;0.7;32.0;4683.0


8.3;0.0;0.0;43.0;4683.0


8.4;0.0;0.0;43.0;4683.0


8.3;0.0;0.0;51.0;4683.0


8.3;0.0;0.0;52.0;4683.0


8.4;0.0;0.0;55.0;4683.0


8.3;0.0;0.0;55.0;4683.0


8.3;0.0;0.0;55.0;4683.0


8.3;0.0;0.0;54.0;4683.0


8.3;0.0;0.0;55.0;4683.0


8.3;0.0;0.0;55.0;4683.0


8.4;0.0;0.0;53.0;4683.0


8.3;0.0;0.0;54.0;4683.0


8.3;0.0;0.0;54.0;4683.0


8.3;0.0;0.0;55.0;4683.0


8.3;0.0;0.0;55.0;4683.0


8.3;0.0;0.0;53.0;4683.0


0.0;10.6;0.8;0.0;4683.0


0.0;0.3;0.0;0.0;4683.0


0.0;14.6;0.2;0.0;4683.0


0.0;0.3;0.0;0.0;4683.0


8.3;16.5;0.7;44.0;4683.0


8.4;0.0;0.0;44.0;4683.0


8.4;0.0;0.0;43.0;4683.0


8.4;0.0;0.0;41.0;4683.0


8.3;0.0;0.0;55.0;4683.0


8.3;0.0;0.0;55.0;4683.0


8.3;0.0;0.0;55.0;4683.0


8.3;0.0;0.0;54.0;4683.0


8.4;0.0;0.0;55.0;4683.0


8.3;0.0;0.0;54.0;4683.0


8.4;0.0;0.0;55.0;4683.0


8.3;0.0;0.0;55.0;4683.0


8.3;0.0;0.0;55.0;4683.0


8.4;0.0;0.0;55.0;4683.0


8.3;0.0;0.0;55.0;4683.0


8.4;0.0;0.0;55.0;4683.0


3.6;10.6;0.8;0.0;4683.0


0.0;0.3;0.0;0.0;4683.0


0.0;15.2;0.2;0.0;4683.0


0.0;0.3;0.0;0.0;4683.0


4.8;16.4;0.4;0.0;4683.0


8.3;1.0;0.3;43.0;4683.0


8.4;0.0;0.0;44.0;4683.0


8.3;0.0;0.0;43.0;4683.0


8.3;0.0;0.0;39.0;4683.0


8.4;0.0;0.0;55.0;4683.0


8.3;0.0;0.0;55.0;4683.0


8.3;0.0;0.0;55.0;4683.0


8.3;0.0;0.0;55.0;4683.0


8.3;0.0;0.0;55.0;4683.0


8.3;0.0;0.0;55.0;4683.0


8.3;0.0;0.0;54.0;4683.0


8.4;0.0;0.0;55.0;4683.0


8.3;0.0;0.0;55.0;4683.0


8.3;0.0;0.0;54.0;4683.0


8.4;0.0;0.0;55.0;4683.0


8.3;0.0;0.0;55.0;4683.0


0.0;10.6;0.8;0.0;4683.0


0.0;0.3;0.0;0.0;4683.0


0.0;14.0;0.2;0.0;4683.0


0.0;0.3;0.0;0.0;4683.0


8.3;15.0;0.7;7.0;4683.0


8.3;0.0;0.0;43.0;4683.0


8.3;0.0;0.0;43.0;4683.0


8.4;0.0;0.0;46.0;4683.0


8.3;0.0;0.0;55.0;4683.0


7.2;0.0;0.0;55.0;4683.0


8.4;0.0;0.0;55.0;4683.0


8.3;0.0;0.0;54.0;4683.0


8.4;0.0;0.0;54.0;4683.0


8.3;0.0;0.0;55.0;4683.0


7.2;0.0;0.0;55.0;4683.0


8.4;0.0;0.0;54.0;4683.0


8.3;0.0;0.0;54.0;4683.0


8.4;0.0;0.0;54.0;4683.0


8.3;0.0;0.0;54.0;4683.0


8.4;0.0;0.0;55.0;4683.0


8.3;0.0;0.0;54.0;4683.0


0.0;10.6;0.8;0.0;4683.0


0.0;0.3;0.0;0.0;4683.0


0.0;13.2;0.2;0.0;4683.0


0.0;0.3;0.0;0.0;4683.0


8.3;15.9;0.7;43.0;4683.0


8.3;0.0;0.0;43.0;4683.0


8.3;0.0;0.0;43.0;4683.0


8.3;0.0;0.0;39.0;4683.0


8.3;0.0;0.0;55.0;4683.0


8.3;0.0;0.0;54.0;4683.0


8.4;0.0;0.0;53.0;4683.0


8.4;0.0;0.0;54.0;4683.0


8.3;0.0;0.0;54.0;4683.0


8.4;0.0;0.0;54.0;4683.0


8.3;0.0;0.0;54.0;4683.0


