7.2;4.2;0.4;0.0;342.0


8.4;129.0;7.6;0.0;342.0


8.4;94.0;7.5;0.0;342.0


1.0;82.8;8.2;0.0;342.0


0.0;0.3;0.0;0.0;342.0


8.3;28.3;1.1;0.0;342.0


7.2;0.3;0.0;3.0;522.0


8.3;0.0;0.0;6.0;656.0


8.3;0.0;0.0;5.0;799.0


8.3;0.2;0.0;4.0;913.0


8.4;0.0;0.0;6.0;1091.0


8.3;70.2;67.7;3.0;1283.0


8.3;84.8;353.6;28.0;1875.0


8.3;0.0;0.0;71.0;1875.0


0.0;0.1;0.0;0.0;1875.0


0.0;0.3;0.0;0.0;1875.0


0.0;13.4;0.2;0.0;1875.0


0.0;0.3;0.0;0.0;1875.0


8.4;16.5;0.7;43.0;1939.0


8.3;0.0;0.0;35.0;2037.0


8.4;0.0;0.0;34.0;2135.0


8.4;0.0;0.0;30.0;2233.0


8.3;0.0;0.0;46.0;4671.0


8.4;0.0;0.0;35.0;4671.0


8.3;0.0;0.0;55.0;4671.0


8.3;0.0;0.0;54.0;4671.0


8.3;0.0;0.0;54.0;4671.0


8.4;0.0;0.0;55.0;4671.0


8.3;0.0;0.0;54.0;4671.0


8.3;0.0;0.0;55.0;4671.0


8.4;0.0;0.0;55.0;4671.0


8.3;0.0;0.0;55.0;4671.0


8.3;0.0;0.0;55.0;4671.0


8.4;0.0;0.0;53.0;4671.0


8.3;0.0;0.0;55.0;4671.0


8.4;0.0;0.0;55.0;4671.0


0.0;10.6;0.8;0.0;4671.0


0.0;0.3;0.0;0.0;4671.0


0.0;14.7;0.2;0.0;4671.0


0.0;0.3;0.0;0.0;4671.0


8.4;16.6;0.7;0.0;4693.0


8.3;0.0;0.0;43.0;4693.0


8.4;0.0;0.0;42.0;4693.0


8.3;0.0;0.0;41.0;4693.0


8.4;0.0;0.0;35.0;4693.0


8.3;0.0;0.0;55.0;4693.0


8.3;0.0;0.0;53.0;4693.0


8.3;0.0;0.0;54.0;4693.0


8.3;0.0;0.0;53.0;4693.0


8.3;0.0;0.0;54.0;4693.0


8.3;0.0;0.0;52.0;4693.0


8.4;0.0;0.0;52.0;4693.0


8.4;0.0;0.0;54.0;4693.0


8.3;0.0;0.0;54.0;4693.0


8.4;0.0;0.0;54.0;4693.0


8.3;0.0;0.0;51.0;4693.0


8.4;0.0;0.0;54.0;4693.0


0.0;10.6;0.8;21.0;4693.0


0.0;0.3;0.0;0.0;4693.0


0.0;13.3;0.2;0.0;4693.0


0.0;0.3;0.0;0.0;4693.0


8.4;16.0;0.7;10.0;4693.0


8.3;0.0;0.0;43.0;4693.0


8.4;0.0;0.0;43.0;4693.0


8.4;0.0;0.0;48.0;4693.0


8.3;0.0;0.0;27.0;4693.0


8.3;0.0;0.0;55.0;4693.0


8.3;0.0;0.0;54.0;4693.0


8.3;0.0;0.0;55.0;4693.0


8.4;0.0;0.0;54.0;4693.0


8.3;0.0;0.0;54.0;4693.0


8.4;0.0;0.0;55.0;4693.0


8.3;0.0;0.0;55.0;4693.0


8.4;0.0;0.0;55.0;4693.0


8.4;0.0;0.0;55.0;4693.0


8.4;0.0;0.0;54.0;4693.0


8.4;0.0;0.0;55.0;4693.0


8.3;0.0;0.0;55.0;4693.0


0.0;10.6;0.8;0.0;4693.0


0.0;0.3;0.0;0.0;4693.0


0.0;14.2;0.2;0.0;4693.0


0.0;0.3;0.0;0.0;4693.0


8.3;15.5;0.7;12.0;4693.0


8.3;0.0;0.0;43.0;4693.0


8.3;0.0;0.0;43.0;4693.0


8.3;0.0;0.0;49.0;4693.0


8.3;0.0;0.0;55.0;4693.0


8.3;0.0;0.0;55.0;4693.0


8.4;0.0;0.0;55.0;4693.0


8.3;0.0;0.0;53.0;4693.0


8.4;0.0;0.0;54.0;4693.0


8.3;0.0;0.0;54.0;4693.0


8.4;0.0;0.0;55.0;4693.0


8.4;0.0;0.0;55.0;4693.0


8.3;0.0;0.0;53.0;4693.0


8.4;0.0;0.0;55.0;4693.0


8.3;0.0;0.0;55.0;4693.0


8.4;0.0;0.0;55.0;4693.0


8.3;0.0;0.0;55.0;4693.0


0.0;10.6;0.8;0.0;4693.0


0.0;0.3;0.0;0.0;4693.0


0.0;14.9;0.2;0.0;4693.0


0.0;0.3;0.0;0.0;4693.0


8.3;15.6;0.7;28.0;4693.0


8.3;0.0;0.0;43.0;4693.0


8.4;0.0;0.0;43.0;4693.0


8.3;0.0;0.0;42.0;4693.0


8.4;0.0;0.0;54.0;4693.0


8.3;0.0;0.0;55.0;4693.0


8.4;0.0;0.0;54.0;4693.0


8.4;0.0;0.0;54.0;4693.0


8.4;0.0;0.0;53.0;4693.0


8.4;0.0;0.0;54.0;4693.0


8.3;0.0;0.0;55.0;4693.0


8.4;0.0;0.0;53.0;4693.0


8.3;0.0;0.0;53.0;4693.0


8.3;0.0;0.0;54.0;4693.0


8.3;0.0;0.0;54.0;4693.0


8.3;0.0;0.0;55.0;4693.0


8.3;0.0;0.0;54.0;4693.0


0.0;10.6;0.8;0.0;4693.0


0.0;0.3;0.0;0.0;4693.0


0.0;14.7;0.2;0.0;4693.0


0.0;0.3;0.0;0.0;4693.0


8.4;16.7;0.7;17.0;4693.0


8.3;0.0;0.0;43.0;4693.0


8.4;0.0;0.0;42.0;4693.0


8.3;0.0;0.0;47.0;4693.0


8.4;0.0;0.0;54.0;4693.0


8.4;0.0;0.0;55.0;4693.0


8.3;0.0;0.0;54.0;4693.0


8.4;0.0;0.0;53.0;4693.0


8.3;0.0;0.0;53.0;4693.0


8.3;0.0;0.0;53.0;4693.0


8.3;0.0;0.0;53.0;4693.0


8.4;0.0;0.0;54.0;4693.0


8.4;0.0;0.0;54.0;4693.0


8.3;0.0;0.0;54.0;4693.0


8.3;0.0;0.0;54.0;4693.0


8.3;0.0;0.0;54.0;4693.0


8.3;0.0;0.0;54.0;4693.0


0.0;10.6;0.8;0.0;4693.0


0.0;0.3;0.0;0.0;4693.0


0.0;13.9;0.2;0.0;4693.0


0.0;0.3;0.0;0.0;4693.0


8.4;16.0;0.7;34.0;4693.0


8.4;0.0;0.0;43.0;4693.0


8.4;0.0;0.0;43.0;4693.0


8.4;0.0;0.0;42.0;4693.0


8.3;0.0;0.0;53.0;4693.0


8.4;0.0;0.0;55.0;4693.0


8.3;0.0;0.0;53.0;4693.0


8.3;0.0;0.0;54.0;4693.0


8.4;0.0;0.0;53.0;4693.0


8.3;0.0;0.0;54.0;4693.0


8.3;0.0;0.0;54.0;4693.0


8.3;0.0;0.0;54.0;4693.0


8.3;0.0;0.0;54.0;4693.0


8.4;0.0;0.0;54.0;4693.0


8.3;0.0;0.0;54.0;4693.0


8.4;0.0;0.0;54.0;4693.0


8.3;0.0;0.0;53.0;4693.0


0.0;10.6;0.8;0.0;4693.0


0.0;0.3;0.0;0.0;4693.0


0.0;13.9;0.2;0.0;4693.0


0.0;0.3;0.0;0.0;4693.0


8.3;14.9;0.7;30.0;4693.0


8.3;0.0;0.0;43.0;4693.0


8.3;0.0;0.0;43.0;4693.0


8.3;0.0;0.0;57.0;4693.0


8.3;0.0;0.0;47.0;4693.0


8.4;0.0;0.0;55.0;4693.0


8.4;0.0;0.0;54.0;4693.0


8.3;0.0;0.0;54.0;4693.0


8.3;0.0;0.0;54.0;4693.0


8.3;0.0;0.0;54.0;4693.0


8.3;0.0;0.0;54.0;4693.0


8.4;0.0;0.0;54.0;4693.0


8.3;0.0;0.0;55.0;4693.0


8.4;0.0;0.0;54.0;4693.0


8.4;0.0;0.0;55.0;4693.0


8.4;0.0;0.0;55.0;4693.0


8.4;0.0;0.0;54.0;4693.0


0.0;10.6;0.8;0.0;4693.0


0.0;0.3;0.0;0.0;4693.0


0.0;14.3;0.2;0.0;4693.0


0.0;0.3;0.0;0.0;4693.0


8.3;14.7;0.7;29.0;4693.0


8.3;0.0;0.0;43.0;4693.0


8.4;0.0;0.0;43.0;4693.0


8.3;0.0;0.0;53.0;4693.0


8.4;0.0;0.0;56.0;4693.0


8.3;0.0;0.0;54.0;4693.0


8.3;0.0;0.0;54.0;4693.0


8.4;0.0;0.0;54.0;4693.0


8.3;0.0;0.0;54.0;4693.0


8.4;0.0;0.0;54.0;4693.0


8.3;0.0;0.0;54.0;4693.0


8.4;0.0;0.0;54.0;4693.0


8.3;0.0;0.0;54.0;4693.0


8.3;0.0;0.0;54.0;4693.0


8.4;0.0;0.0;55.0;4693.0


8.3;0.0;0.0;55.0;4693.0


8.3;10.6;0.8;27.0;4693.0


0.0;0.3;0.0;0.0;4693.0


0.0;13.6;0.2;0.0;4693.0


1.2;0.3;0.0;0.0;4693.0


4.2;17.3;0.7;0.0;4693.0


8.4;0.0;0.0;43.0;4693.0


8.3;0.0;0.0;43.0;4693.0


8.3;0.0;0.0;43.0;4693.0


8.3;0.0;0.0;23.0;4693.0


8.3;0.0;0.0;55.0;4693.0


8.4;0.0;0.0;55.0;4693.0


8.3;0.0;0.0;54.0;4693.0


8.4;0.0;0.0;54.0;4693.0


8.4;0.0;0.0;54.0;4693.0


8.4;0.0;0.0;54.0;4693.0


8.4;0.0;0.0;54.0;4693.0


8.4;0.0;0.0;54.0;4693.0


8.4;0.0;0.0;54.0;4693.0


8.3;0.0;0.0;54.0;4693.0


8.3;0.0;0.0;54.0;4693.0


8.3;0.0;0.0;54.0;4693.0


3.6;10.6;0.8;26.0;4693.0


0.0;0.3;0.0;0.0;4693.0


0.0;15.0;0.2;0.0;4693.0


0.0;0.3;0.0;0.0;4693.0


3.6;15.1;0.4;1.0;4693.0


8.3;1.0;0.3;43.0;4693.0


8.4;0.0;0.0;43.0;4693.0


8.3;0.0;0.0;43.0;4693.0


8.4;0.0;0.0;26.0;4693.0


8.4;0.0;0.0;55.0;4693.0


8.4;0.0;0.0;53.0;4693.0


8.4;0.0;0.0;54.0;4693.0


8.3;0.0;0.0;54.0;4693.0


8.4;0.0;0.0;54.0;4693.0


8.3;0.0;0.0;54.0;4693.0


8.4;0.0;0.0;54.0;4693.0


8.3;0.0;0.0;55.0;4693.0


8.3;0.0;0.0;53.0;4693.0


8.4;0.0;0.0;54.0;4693.0


8.3;0.0;0.0;54.0;4693.0


8.3;0.0;0.0;55.0;4693.0


0.0;10.6;0.8;0.0;4693.0


0.0;0.3;0.0;0.0;4693.0


0.0;13.2;0.2;0.0;4693.0


0.0;0.3;0.0;0.0;4693.0


8.4;17.0;0.7;7.0;4693.0


8.4;0.0;0.0;43.0;4693.0


8.3;0.0;0.0;43.0;4693.0


8.4;0.0;0.0;43.0;4693.0


8.3;0.0;0.0;23.0;4693.0


8.4;0.0;0.0;55.0;4693.0


8.3;0.0;0.0;54.0;4693.0


8.4;0.0;0.0;54.0;4693.0


8.3;0.0;0.0;53.0;4693.0


8.3;0.0;0.0;53.0;4693.0


8.3;0.0;0.0;54.0;4693.0


8.3;0.0;0.0;54.0;4693.0


8.3;0.0;0.0;54.0;4693.0


8.3;0.0;0.0;54.0;4693.0


8.4;0.0;0.0;54.0;4693.0


8.4;0.0;0.0;54.0;4693.0


8.3;0.0;0.0;54.0;4693.0


0.0;10.6;0.8;0.0;4693.0


0.0;0.3;0.0;0.0;4693.0


0.0;15.2;0.2;0.0;4693.0


0.0;0.3;0.0;0.0;4693.0


8.3;16.6;0.7;0.0;4693.0


8.4;0.0;0.0;43.0;4693.0


8.3;0.0;0.0;43.0;4693.0


8.4;0.0;0.0;43.0;4693.0


8.3;0.0;0.0;38.0;4693.0


8.4;0.0;0.0;54.0;4693.0


8.3;0.0;0.0;54.0;4693.0


8.3;0.0;0.0;54.0;4693.0


8.4;0.0;0.0;54.0;4693.0


8.3;0.0;0.0;54.0;4693.0


8.3;0.0;0.0;54.0;4693.0


8.3;0.0;0.0;54.0;4693.0


8.3;0.0;0.0;54.0;4693.0


8.3;0.0;0.0;55.0;4693.0


8.3;0.0;0.0;52.0;4693.0


8.4;0.0;0.0;55.0;4693.0


8.4;0.0;0.0;55.0;4693.0


0.0;10.6;0.8;0.0;4693.0


0.0;0.3;0.0;0.0;4693.0


0.0;14.8;0.2;0.0;4693.0


0.0;0.3;0.0;0.0;4693.0


8.3;15.5;0.7;7.0;4693.0


8.3;0.0;0.0;43.0;4693.0


8.3;0.0;0.0;43.0;4693.0


8.3;0.0;0.0;47.0;4693.0


8.3;0.0;0.0;26.0;4693.0


8.3;0.0;0.0;55.0;4693.0


8.3;0.0;0.0;54.0;4693.0


8.3;0.0;0.0;54.0;4693.0


8.4;0.0;0.0;54.0;4693.0


