8.4;0.4;0.0;0.0;342.0


8.3;128.2;7.6;0.0;342.0


5.9;93.4;7.4;0.0;342.0


3.1;83.8;8.3;0.0;342.0


0.0;0.3;0.0;0.0;342.0


4.2;26.7;1.0;0.0;342.0


8.3;2.3;0.2;6.0;487.0


8.4;0.0;0.0;5.0;627.0


8.4;0.0;0.0;7.0;761.0


8.3;0.0;0.0;5.0;889.0


8.4;0.2;0.0;5.0;1019.0


8.3;70.2;67.7;3.0;1147.0


8.4;81.9;352.3;18.0;1739.0


8.4;2.9;1.3;41.0;1739.0


0.0;0.4;0.0;0.0;1739.0


0.0;14.6;0.2;0.0;1739.0


0.0;0.3;0.0;0.0;1739.0


4.8;15.2;0.4;0.0;1739.0


8.3;1.2;0.3;37.0;1833.0


8.4;0.0;0.0;30.0;1931.0


8.4;0.0;0.0;41.0;2033.0


8.3;0.0;0.0;31.0;2133.0


8.3;0.0;0.0;37.0;4573.0


8.3;0.0;0.0;52.0;4573.0


8.3;0.0;0.0;55.0;4573.0


8.4;0.0;0.0;55.0;4573.0


8.3;0.0;0.0;54.0;4573.0


8.4;0.0;0.0;54.0;4573.0


8.3;0.0;0.0;55.0;4573.0


8.4;0.0;0.0;55.0;4573.0


8.4;0.0;0.0;55.0;4573.0


8.4;0.0;0.0;54.0;4573.0


8.4;0.0;0.0;55.0;4573.0


8.3;0.0;0.0;55.0;4573.0


8.4;0.0;0.0;55.0;4573.0


8.3;0.0;0.0;55.0;4573.0


0.0;10.6;0.8;0.0;4573.0


0.0;0.3;0.0;0.0;4573.0


0.0;14.3;0.2;0.0;4573.0


0.0;0.3;0.0;0.0;4573.0


8.3;16.1;0.7;30.0;4595.0


8.3;0.0;0.0;43.0;4595.0


8.4;0.0;0.0;43.0;4595.0


8.3;0.0;0.0;43.0;4595.0


8.4;0.0;0.0;51.0;4595.0


8.3;0.0;0.0;55.0;4595.0


8.4;0.0;0.0;55.0;4595.0


8.3;0.0;0.0;54.0;4595.0


8.4;0.0;0.0;54.0;4595.0


8.4;0.0;0.0;43.0;4595.0


8.3;0.0;0.0;55.0;4595.0


8.4;0.0;0.0;54.0;4595.0


8.3;0.0;0.0;55.0;4595.0


8.4;0.0;0.0;53.0;4595.0


8.3;0.0;0.0;55.0;4595.0


8.4;0.0;0.0;55.0;4595.0


8.3;0.0;0.0;54.0;4595.0


0.0;10.6;0.8;0.0;4595.0


0.0;0.3;0.0;0.0;4595.0


0.0;15.0;0.2;0.0;4595.0


0.0;0.3;0.0;0.0;4595.0


8.4;16.1;0.7;18.0;4595.0


8.3;0.0;0.0;42.0;4595.0


8.4;0.0;0.0;42.0;4595.0


8.4;0.0;0.0;48.0;4595.0


8.4;0.0;0.0;29.0;4595.0


8.4;0.0;0.0;53.0;4595.0


8.4;0.0;0.0;54.0;4595.0


8.4;0.0;0.0;53.0;4595.0


8.3;0.0;0.0;54.0;4595.0


8.4;0.0;0.0;53.0;4595.0


8.3;0.0;0.0;54.0;4595.0


8.3;0.0;0.0;54.0;4595.0


8.4;0.0;0.0;54.0;4595.0


8.3;0.0;0.0;55.0;4595.0


8.4;0.0;0.0;54.0;4595.0


8.3;0.0;0.0;55.0;4595.0


8.3;0.0;0.0;54.0;4595.0


0.0;10.6;0.8;0.0;4595.0


0.0;0.3;0.0;0.0;4595.0


0.0;13.0;0.2;0.0;4595.0


0.0;0.3;0.0;0.0;4595.0


8.4;16.6;0.7;35.0;4595.0


8.3;0.0;0.0;43.0;4595.0


8.3;0.0;0.0;43.0;4595.0


8.4;0.0;0.0;43.0;4595.0


8.4;0.0;0.0;54.0;4595.0


8.3;0.0;0.0;55.0;4595.0


8.3;0.0;0.0;55.0;4595.0


8.3;0.0;0.0;55.0;4595.0


8.3;0.0;0.0;54.0;4595.0


8.4;0.0;0.0;55.0;4595.0


8.3;0.0;0.0;53.0;4595.0


8.3;0.0;0.0;55.0;4595.0


8.3;0.0;0.0;54.0;4595.0


8.3;0.0;0.0;54.0;4595.0


8.3;0.0;0.0;55.0;4595.0


8.4;0.0;0.0;54.0;4595.0


8.3;0.0;0.0;55.0;4595.0


0.0;10.6;0.8;0.0;4595.0


0.0;0.3;0.0;0.0;4595.0


0.0;14.6;0.2;0.0;4595.0


0.0;0.3;0.0;0.0;4595.0


8.4;16.2;0.7;23.0;4595.0


8.4;0.0;0.0;43.0;4595.0


8.3;0.0;0.0;43.0;4595.0


8.3;0.0;0.0;48.0;4595.0


8.3;0.0;0.0;33.0;4595.0


8.3;0.0;0.0;55.0;4595.0


8.4;0.0;0.0;54.0;4595.0


8.3;0.0;0.0;53.0;4595.0


8.4;0.0;0.0;54.0;4595.0


8.3;0.0;0.0;54.0;4595.0


8.3;0.0;0.0;55.0;4595.0


8.4;0.0;0.0;55.0;4595.0


8.3;0.0;0.0;55.0;4595.0


8.4;0.0;0.0;55.0;4595.0


8.3;0.0;0.0;54.0;4595.0


8.4;0.0;0.0;55.0;4595.0


8.3;0.0;0.0;55.0;4595.0


0.0;10.6;0.8;0.0;4595.0


0.0;0.3;0.0;0.0;4595.0


0.0;13.1;0.2;0.0;4595.0


0.0;0.3;0.0;0.0;4595.0


8.3;16.4;0.7;8.0;4595.0


8.3;0.0;0.0;43.0;4595.0


8.3;0.0;0.0;43.0;4595.0


8.3;0.0;0.0;43.0;4595.0


8.3;0.0;0.0;52.0;4595.0


8.3;0.0;0.0;53.0;4595.0


8.4;0.0;0.0;53.0;4595.0


8.3;0.0;0.0;53.0;4595.0


8.3;0.0;0.0;54.0;4595.0


8.4;0.0;0.0;54.0;4595.0


8.3;0.0;0.0;54.0;4595.0


8.4;0.0;0.0;54.0;4595.0


8.4;0.0;0.0;54.0;4595.0


8.4;0.0;0.0;54.0;4595.0


8.4;0.0;0.0;55.0;4595.0


8.4;0.0;0.0;54.0;4595.0


8.4;0.0;0.0;54.0;4595.0


0.0;10.6;0.8;0.0;4595.0


0.0;0.3;0.0;0.0;4595.0


0.0;14.2;0.2;0.0;4595.0


0.0;0.3;0.0;0.0;4595.0


8.4;16.1;0.7;31.0;4595.0


8.3;0.0;0.0;43.0;4595.0


8.4;0.0;0.0;41.0;4595.0


8.3;0.0;0.0;53.0;4595.0


8.3;0.0;0.0;37.0;4595.0


8.4;0.0;0.0;55.0;4595.0


8.3;0.0;0.0;54.0;4595.0


8.4;0.0;0.0;52.0;4595.0


8.4;0.0;0.0;54.0;4595.0


8.4;0.0;0.0;53.0;4595.0


8.3;0.0;0.0;54.0;4595.0


8.3;0.0;0.0;53.0;4595.0


8.4;0.0;0.0;54.0;4595.0


8.3;0.0;0.0;53.0;4595.0


8.3;0.0;0.0;54.0;4595.0


8.3;0.0;0.0;54.0;4595.0


8.3;0.0;0.0;54.0;4595.0


0.0;10.6;0.8;0.0;4595.0


0.0;0.3;0.0;0.0;4595.0


0.0;13.3;0.2;0.0;4595.0


0.0;0.3;0.0;0.0;4595.0


8.3;15.3;0.7;25.0;4595.0


8.3;0.0;0.0;43.0;4595.0


8.3;0.0;0.0;43.0;4595.0


8.4;0.0;0.0;52.0;4595.0


8.3;0.0;0.0;53.0;4595.0


8.4;0.0;0.0;54.0;4595.0


8.4;0.0;0.0;54.0;4595.0


8.3;0.0;0.0;53.0;4595.0


8.4;0.0;0.0;52.0;4595.0


8.4;0.0;0.0;54.0;4595.0


8.4;0.0;0.0;52.0;4595.0


8.3;0.0;0.0;53.0;4595.0


8.3;0.0;0.0;53.0;4595.0


8.3;0.0;0.0;54.0;4595.0


8.4;0.0;0.0;53.0;4595.0


8.4;0.0;0.0;54.0;4595.0


8.3;0.0;0.0;54.0;4595.0


0.0;10.6;0.8;0.0;4595.0


0.0;0.3;0.0;0.0;4595.0


0.0;14.9;0.2;0.0;4595.0


0.0;0.3;0.0;0.0;4595.0


8.3;16.1;0.7;21.0;4595.0


8.4;0.0;0.0;43.0;4595.0


8.3;0.0;0.0;43.0;4595.0


8.4;0.0;0.0;43.0;4595.0


8.4;0.0;0.0;34.0;4595.0


8.3;0.0;0.0;54.0;4595.0


8.4;0.0;0.0;54.0;4595.0


8.3;0.0;0.0;54.0;4595.0


8.3;0.0;0.0;53.0;4595.0


8.3;0.0;0.0;52.0;4595.0


8.3;0.0;0.0;54.0;4595.0


8.4;0.0;0.0;54.0;4595.0


8.3;0.0;0.0;54.0;4595.0


8.3;0.0;0.0;55.0;4595.0


8.3;0.0;0.0;54.0;4595.0


8.3;0.0;0.0;53.0;4595.0


8.3;0.0;0.0;53.0;4595.0


0.0;10.6;0.8;0.0;4595.0


0.0;0.3;0.0;0.0;4595.0


0.0;14.9;0.2;0.0;4595.0


0.0;0.3;0.0;0.0;4595.0


8.4;16.0;0.7;7.0;4595.0


8.3;0.0;0.0;43.0;4595.0


8.4;0.0;0.0;43.0;4595.0


8.4;0.0;0.0;44.0;4595.0


8.3;0.0;0.0;18.0;4595.0


8.3;0.0;0.0;54.0;4595.0


8.3;0.0;0.0;53.0;4595.0


8.3;0.0;0.0;54.0;4595.0


8.3;0.0;0.0;54.0;4595.0


8.4;0.0;0.0;53.0;4595.0


8.3;0.0;0.0;54.0;4595.0


8.4;0.0;0.0;54.0;4595.0


8.4;0.0;0.0;54.0;4595.0


8.3;0.0;0.0;52.0;4595.0


8.4;0.0;0.0;54.0;4595.0


8.3;0.0;0.0;54.0;4595.0


8.4;0.0;0.0;52.0;4595.0


0.0;10.6;0.8;0.0;4595.0


0.0;0.3;0.0;0.0;4595.0


0.0;14.5;0.2;0.0;4595.0


0.0;0.3;0.0;0.0;4595.0


8.4;16.6;0.7;0.0;4595.0


8.3;0.0;0.0;43.0;4595.0


8.4;0.0;0.0;43.0;4595.0


8.3;0.0;0.0;43.0;4595.0


8.4;0.0;0.0;34.0;4595.0


8.4;0.0;0.0;55.0;4595.0


8.3;0.0;0.0;54.0;4595.0


8.3;0.0;0.0;54.0;4595.0


8.3;0.0;0.0;54.0;4595.0


8.3;0.0;0.0;54.0;4595.0


8.3;0.0;0.0;40.0;4595.0


8.3;0.0;0.0;54.0;4595.0


8.4;0.0;0.0;54.0;4595.0


8.4;0.0;0.0;54.0;4595.0


8.3;0.0;0.0;54.0;4595.0


8.4;0.0;0.0;54.0;4595.0


8.3;0.0;0.0;54.0;4595.0


0.0;10.6;0.8;0.0;4595.0


0.0;0.3;0.0;0.0;4595.0


0.0;12.7;0.2;0.0;4595.0


0.0;0.3;0.0;0.0;4595.0


8.3;16.8;0.7;9.0;4595.0


8.3;0.0;0.0;42.0;4595.0


8.3;0.0;0.0;43.0;4595.0


8.4;0.0;0.0;46.0;4595.0


8.3;0.0;0.0;24.0;4595.0


8.4;0.0;0.0;54.0;4595.0


8.4;0.0;0.0;53.0;4595.0


8.3;0.0;0.0;53.0;4595.0


8.4;0.0;0.0;53.0;4595.0


8.3;0.0;0.0;53.0;4595.0


8.4;0.0;0.0;54.0;4595.0


8.4;0.0;0.0;54.0;4595.0


8.3;0.0;0.0;53.0;4595.0


8.4;0.0;0.0;54.0;4595.0


8.3;0.0;0.0;54.0;4595.0


8.4;0.0;0.0;54.0;4595.0


8.3;0.0;0.0;53.0;4595.0


0.0;10.6;0.8;0.0;4595.0


0.0;0.3;0.0;0.0;4595.0


0.0;14.3;0.2;0.0;4595.0


0.0;0.3;0.0;0.0;4595.0


8.3;16.3;0.7;5.0;4595.0


8.3;0.0;0.0;43.0;4595.0


8.3;0.0;0.0;42.0;4595.0


8.3;0.0;0.0;43.0;4595.0


8.3;0.0;0.0;44.0;4595.0


8.3;0.0;0.0;55.0;4595.0


8.4;0.0;0.0;54.0;4595.0


8.4;0.0;0.0;54.0;4595.0


8.3;0.0;0.0;54.0;4595.0


8.4;0.0;0.0;54.0;4595.0


8.3;0.0;0.0;54.0;4595.0


8.4;0.0;0.0;53.0;4595.0


8.3;0.0;0.0;54.0;4595.0


8.4;0.0;0.0;54.0;4595.0


8.3;0.0;0.0;54.0;4595.0


8.3;0.0;0.0;54.0;4595.0


8.3;0.0;0.0;54.0;4595.0


0.0;10.6;0.8;0.0;4595.0


0.0;0.3;0.0;0.0;4595.0


0.0;14.1;0.2;0.0;4595.0


0.0;0.3;0.0;0.0;4595.0


8.4;15.3;0.7;16.0;4595.0


8.3;0.0;0.0;43.0;4595.0


8.4;0.0;0.0;43.0;4595.0


8.3;0.0;0.0;46.0;4595.0


8.4;0.0;0.0;32.0;4595.0


8.4;0.0;0.0;55.0;4595.0


8.3;0.0;0.0;54.0;4595.0


8.4;0.0;0.0;54.0;4595.0


