119.8;448069632;12
179.7;511442944;819
119.8;612761600;932
109.8;651689984;1212
99.8;707133440;1216
129.8;715739136;1449
109.8;715739136;1505
99.9;715739136;1539
99.9;797134848;1103
99.9;899764224;1013
109.8;1003180032;1022
89.9;1105940480;1014
99.9;1208176640;1010
99.8;1311199232;1018
99.8;1325748224;1477
99.8;1326010368;1524
109.8;1326010368;1550
99.8;1326010368;1550
89.8;1326010368;1531
89.8;1326010368;1551
89.8;1326010368;1522
99.8;1326010368;1548
99.8;1326010368;1546
109.8;1326010368;1552
99.8;1326010368;1547
99.8;1326010368;1507
99.8;1326010368;1529
109.8;1326010368;1530
99.8;1326010368;1510
99.8;1326010368;1530
99.8;1326010368;1529
99.8;1326010368;1549
99.8;1326010368;1540
109.8;1326010368;1549
99.9;1326010368;1540
99.8;1356156928;454
109.8;1356419072;8
99.8;1356419072;0
99.8;1356419072;0
149.7;1356550144;1
339.1;1356943360;2
780.9;1361600512;4
800.5;1361600512;1
782.5;1365794816;4
778.9;1435262976;0
778.5;1435656192;2
798.7;1435656192;3
789.3;1432772608;3
788.9;1468030976;2
739.6;1806589952;0
684.9;1894146048;0
598.6;1895194624;2
598.7;1895194624;0
598.7;1895325696;2
698.4;1895325696;0
688.6;1895325696;2
558.8;1895325696;2
499.0;1895325696;0
129.7;1895325696;0
99.9;1895325696;0
99.8;1895325696;0
99.8;1895325696;2
99.9;1895325696;0
109.8;1898078208;4
149.7;1903714304;4
99.8;1903714304;0
99.8;1903714304;0
119.8;1903714304;0
219.6;1903845376;0
728.4;1904500736;1
809.3;1904500736;2
788.9;1904500736;0
789.3;1904500736;0
798.0;1904500736;0
798.5;1904500736;0
796.7;1904500736;0
803.4;1904500736;0
698.8;1904500736;0
698.3;1904500736;0
708.5;1904500736;0
698.6;1904500736;0
608.7;1904500736;0
598.8;1904500736;0
598.7;1904500736;0
508.9;1904500736;0
499.1;1904500736;0
269.4;1904500736;1
209.6;1904631808;5
99.8;1904762880;2
99.8;1904762880;0
109.8;1904762880;0
139.8;1904893952;0
209.7;1905025024;0
567.6;1905418240;1
678.5;1905418240;0
688.7;1909481472;1
708.4;2317516800;0
708.7;2684518400;0
744.0;2870640640;0
793.0;2871164928;0
685.5;2871296000;0
807.3;2871296000;0
798.7;2871296000;0
798.6;2871296000;0
800.1;2871296000;0
744.2;2871296000;0
705.1;2871296000;0
688.5;2871296000;0
528.8;2871296000;0
407.2;2871296000;0
399.2;2871296000;0
289.3;2871296000;2
109.8;2871820288;5
99.8;2871820288;2
99.8;2871820288;0
99.8;2871820288;0
189.7;2872082432;0
645.8;2872475648;1
698.7;2872475648;0
708.7;2872475648;0
670.8;2872475648;0
698.4;2872475648;0
748.3;2872475648;0
802.6;2872475648;0
795.9;2872475648;0
791.0;2872475648;0
804.0;2872475648;0
798.5;2872475648;0
797.6;2872475648;2
796.0;2872475648;0
798.5;2872475648;0
802.3;2872475648;0
766.0;2872475648;0
419.1;2872475648;0
209.4;2873393152;8
99.8;2873655296;2
99.8;2873655296;0
99.9;2873655296;0
169.7;2873655296;0
323.8;2874048512;1
716.4;2874179584;0
708.5;2874179584;0
698.3;2874179584;0
698.3;2874310656;0
782.7;2874310656;0
802.5;2874310656;0
785.6;2878504960;0
797.1;2878504960;0
808.2;2878504960;0
793.5;2878504960;0
800.0;2878504960;0
798.2;2878504960;0
629.3;2878636032;2
563.7;2878636032;0
498.9;2878636032;0
469.1;2878636032;0
109.8;2878636032;1
99.8;2878636032;0
99.8;2878636032;0
99.8;2878636032;0
99.8;2878636032;0
109.8;2878767104;1
109.8;2878767104;6
99.9;2861793280;0
109.8;2861793280;0
129.7;2861924352;0
239.6;2862055424;0
661.2;2862710784;0
595.1;2862710784;0
598.6;2862710784;0
598.4;2862710784;0
598.7;2862710784;0
598.5;2862710784;0
772.3;2862710784;0
791.2;2862710784;0
800.6;2862710784;0
800.6;2862710784;0
792.9;2862710784;0
678.5;2862710784;1
706.5;2862710784;1
708.3;2862710784;0
588.4;2862710784;0
499.0;2862710784;0
339.3;2862710784;0
199.7;2862710784;0
219.5;2862972928;5
99.8;2862972928;2
99.8;2862972928;0
99.8;2862972928;0
149.8;2863104000;0
285.6;2863759360;1
797.9;2863759360;0
757.9;2863759360;0
708.4;2863759360;0
688.3;2863759360;0
698.4;2863759360;0
716.1;2863759360;0
713.7;2863759360;0
781.5;2863759360;0
810.2;2863759360;0
798.4;2863759360;0
796.9;2863759360;0
698.9;2863759360;0
694.8;2863759360;0
698.4;2863759360;0
668.4;2863759360;2
586.3;2863759360;1
379.2;2863890432;0
249.5;2864021504;4
99.7;2864152576;3
99.9;2864152576;0
99.8;2864152576;0
169.7;2864283648;0
422.5;2864939008;0
707.9;2864939008;0
698.6;2864939008;0
698.4;2864939008;0
738.6;2864939008;2
806.4;2864939008;0
799.5;2864939008;0
797.9;2864939008;0
797.5;2864939008;0
798.1;2864939008;0
795.7;2864939008;0
787.5;2864939008;2
740.9;2864939008;0
708.2;2864939008;0
698.4;2864939008;0
648.5;2864939008;0
488.8;2864939008;0
349.2;2865856512;7
99.8;2865856512;4
99.8;2865856512;0
99.8;2865856512;0
119.8;2865987584;0
239.6;2866249728;0
745.4;2866511872;1
698.5;2866511872;0
708.2;2866511872;0
696.6;2866511872;2
708.6;2866511872;0
768.1;2866511872;0
802.2;2866511872;0
772.0;2870968320;0
804.5;2870968320;0
804.5;2870968320;0
802.4;2870968320;0
806.2;2870968320;0
788.6;2870968320;0
759.4;2870968320;0
619.4;2870968320;1
508.5;2870968320;1
279.4;2870968320;1
179.7;2870968320;0
99.9;2870968320;3
99.8;2871099392;3
99.8;2871099392;0
99.8;2871099392;0
139.7;2871230464;0
295.9;2871492608;0
738.3;2871492608;0
708.0;2871492608;0
708.2;2871492608;0
688.9;2871492608;0
688.3;2871492608;0
794.4;2871492608;0
798.1;2871492608;0
788.8;2871492608;0
799.3;2871492608;0
771.1;2871492608;0
746.0;2871492608;0
708.2;2871492608;0
708.3;2871492608;0
708.3;2871492608;0
731.7;2871492608;2
678.3;2871492608;0
478.9;2871492608;1
149.8;2871885824;6
99.8;2871885824;0
99.8;2871885824;0
109.8;2871885824;0
219.6;2872016896;0
670.8;2872672256;1
696.8;2872672256;0
708.3;2872672256;0
708.4;2872672256;0
698.3;2872672256;0
750.0;2872672256;0
797.6;2872672256;0
794.4;2872672256;0
803.7;2872672256;0
797.1;2872672256;0
798.2;2872672256;0
761.4;2872672256;2
785.0;2872672256;0
598.5;2872672256;0
528.9;2872672256;0
503.7;2872672256;0
349.1;2872672256;0
299.3;2872672256;0
