109.8;445186048;2
209.7;499798016;708
119.8;599412736;915
119.8;637947904;1208
99.9;707678208;1139
119.8;716001280;1309
109.8;716001280;1445
109.8;716001280;1514
99.9;767643648;1254
99.8;870010880;1011
89.9;974475264;1032
89.9;1077104640;1013
99.9;1179996160;1016
99.8;1282494464;1012
99.8;1309102080;1406
99.8;1309233152;1519
99.8;1309233152;1540
109.8;1309233152;1546
99.8;1309233152;1539
99.8;1309233152;1551
109.8;1309233152;1509
99.8;1309233152;1547
99.9;1309233152;1541
99.8;1309233152;1551
99.8;1309233152;1545
109.8;1309233152;1527
99.8;1309233152;1541
89.9;1309233152;1552
89.9;1309233152;1543
89.9;1309233152;1549
99.8;1309233152;1526
89.8;1309233152;1550
89.9;1309233152;1544
89.9;1309233152;1541
99.8;1309233152;1508
109.8;1339379712;774
99.9;1339641856;8
99.8;1339641856;0
99.8;1339641856;0
129.8;1339641856;1
219.6;1339772928;1
762.3;1344626688;3
797.4;1345282048;2
797.1;1345806336;2
788.3;1434935296;2
793.0;1436114944;2
775.5;1436246016;2
798.6;1434996736;2
799.5;1434996736;2
786.1;1434996736;4
780.3;1503285248;2
798.5;1892175872;0
764.1;1982287872;2
688.3;1982812160;2
708.4;1982943232;0
628.5;1982943232;2
588.7;1982943232;0
598.6;1982943232;0
598.6;1982943232;2
239.5;1982943232;0
199.6;1982943232;0
169.5;1991987200;7
99.8;1991987200;2
99.8;1991987200;0
99.8;1991987200;0
209.7;1992118272;1
686.9;1992249344;2
801.8;1992249344;1
799.4;1992249344;0
795.6;1992249344;0
800.7;1992249344;0
798.5;1992249344;0
738.1;1992249344;0
809.8;1992249344;0
798.7;1992249344;0
797.5;1992249344;0
758.5;1992249344;0
718.0;1992249344;0
798.8;1992249344;0
706.5;1992249344;1
578.7;1992249344;0
459.1;1992249344;0
349.4;1992380416;1
259.5;1992380416;0
199.6;1992380416;0
129.8;1992896512;6
99.8;1992896512;0
99.9;1992896512;0
119.8;1993027584;0
219.6;1993027584;0
717.4;1993158656;1
744.3;1993158656;0
727.6;1993158656;0
800.2;1993158656;0
796.2;1993289728;0
795.9;1993289728;0
799.8;1993289728;0
788.8;1993420800;0
798.8;1993420800;0
802.1;1993420800;0
788.6;1993420800;0
788.8;1993420800;0
805.0;1993420800;0
728.7;1993420800;0
578.9;1993420800;0
499.0;1993420800;0
319.4;1993420800;0
299.5;1993420800;0
159.7;1993551872;7
99.8;1993551872;0
99.8;1993551872;0
119.8;1993682944;0
219.6;1993945088;0
702.9;1994207232;1
704.1;1994207232;0
698.4;1994207232;2
698.6;1994207232;0
698.6;1994207232;0
716.7;1994207232;0
802.4;1994207232;0
798.8;1994207232;0
806.4;1994207232;0
792.7;1994207232;0
786.4;1994207232;0
758.1;1994207232;0
801.7;1994207232;0
766.5;1994207232;0
795.4;1994207232;0
588.6;1994207232;0
109.8;1994207232;0
89.8;1994207232;0
99.8;1994207232;0
109.8;1994207232;0
99.8;1994207232;0
99.8;1994207232;0
109.8;1995120640;8
99.7;1995120640;3
99.8;1995120640;0
99.8;1995120640;0
199.6;1995382784;0
649.2;1995907072;2
711.2;1995907072;0
688.4;1995907072;2
705.0;1995907072;0
688.5;2000232448;0
718.2;2000232448;0
699.1;2000232448;0
785.8;2000232448;2
801.0;2000232448;0
798.0;2000232448;0
801.4;2000232448;0
808.6;2000232448;2
788.6;2000232448;0
810.4;2000232448;0
792.2;2000232448;2
598.6;2000232448;0
259.0;2000232448;0
199.7;2000232448;0
129.8;2000232448;0
99.8;2000232448;0
109.8;2000490496;5
99.8;2000621568;2
99.9;2000621568;0
99.8;2000621568;0
149.7;2000752640;0
390.0;2001276928;0
717.5;2001276928;0
718.2;2001276928;0
688.6;2001276928;0
698.6;2001276928;0
715.7;2001276928;0
802.8;2001276928;1
787.1;2001276928;0
803.8;2001276928;0
791.0;2001276928;2
800.8;2001276928;0
754.7;2001276928;0
658.8;2001276928;0
618.7;2001276928;0
628.2;2001276928;0
568.6;2001276928;0
469.0;2001276928;0
399.1;2001276928;0
258.5;2001403904;5
99.8;2001534976;2
99.9;2001534976;0
99.8;2001534976;0
179.7;2001534976;0
557.6;2002059264;1
658.9;2002059264;0
697.9;2002059264;0
698.5;2002059264;0
698.5;2002059264;0
698.3;2002059264;0
698.1;2002059264;0
698.4;2002059264;0
698.2;2002059264;0
698.5;2002059264;0
795.7;2002059264;0
798.3;2002059264;0
797.9;2002059264;0
777.6;2002190336;1
667.1;2002190336;0
746.9;2002190336;0
636.2;2002190336;0
538.7;2002452480;7
99.8;2002452480;3
99.8;2002452480;0
99.8;2002452480;0
139.8;2002583552;0
315.5;2003107840;0
770.3;2003107840;0
736.4;2003107840;0
801.6;2003107840;0
804.0;2003107840;0
799.6;2003107840;0
808.7;2003107840;0
791.4;2003107840;0
707.0;2003107840;0
688.3;2003107840;2
746.8;2003107840;0
797.7;2003107840;0
801.4;2003107840;0
775.7;2003107840;0
678.3;2003238912;0
597.8;2003238912;0
538.8;2003238912;0
249.5;2003238912;1
159.7;2003238912;0
99.8;2003238912;0
129.8;2004389888;10
99.8;2004389888;0
99.8;2004389888;0
99.9;2004389888;0
199.7;2004389888;0
591.6;2004783104;0
706.8;2004783104;0
688.6;2004783104;2
694.5;2008584192;0
718.3;2009108480;0
658.3;2009108480;0
788.4;2009108480;0
798.7;2009108480;0
796.6;2009108480;0
798.4;2009108480;2
804.1;2009108480;0
789.1;2009108480;0
798.4;2009108480;0
748.1;2009108480;0
628.6;2009108480;0
508.9;2009108480;0
289.4;2009108480;1
99.8;2009108480;0
109.8;2009108480;0
99.8;2009108480;0
99.8;2009108480;0
99.8;2009108480;0
119.7;2009362432;4
99.8;2009493504;2
99.8;2009493504;0
99.8;2009493504;0
189.7;2009755648;0
566.6;2010017792;0
706.9;2010017792;0
698.4;2010017792;0
688.8;2010017792;0
718.8;2010017792;0
799.4;2111991808;2
799.3;2274783232;0
808.6;2274783232;0
787.7;2274783232;0
798.3;2274914304;0
788.2;2279108608;0
738.1;2279108608;0
723.7;2279108608;0
707.3;2279108608;0
722.0;2279108608;0
794.2;2279108608;0
438.1;2279239680;1
299.5;2279239680;0
169.6;2279370752;5
99.8;2279501824;2
99.8;2279501824;0
99.8;2279501824;0
159.7;2279632896;0
339.4;2280157184;1
739.0;2280157184;0
696.5;2280157184;0
698.2;2280157184;0
688.1;2280157184;0
731.0;2280157184;0
803.5;2280157184;0
813.1;2280157184;0
797.2;2280157184;0
726.8;2280157184;0
698.1;2280157184;0
698.3;2280157184;0
788.3;2280157184;0
751.3;2280157184;0
688.6;2559209472;0
